Start Optimization 
9.451225 -0.430194 -0.076593 -0.077491 -0.361527 -0.116595 -0.475079 -0.496390 0.381694 0.385496 
10.451225 -0.430194 -0.076593 -0.077491 -0.361527 -0.116595 -0.475079 -0.496390 0.381694 0.385496 
9.451225 0.569806 -0.076593 -0.077491 -0.361527 -0.116595 -0.475079 -0.496390 0.381694 0.385496 
9.451225 -0.430194 0.923407 -0.077491 -0.361527 -0.116595 -0.475079 -0.496390 0.381694 0.385496 
9.451225 -0.430194 -0.076593 0.922509 -0.361527 -0.116595 -0.475079 -0.496390 0.381694 0.385496 
9.451225 -0.430194 -0.076593 -0.077491 0.638473 -0.116595 -0.475079 -0.496390 0.381694 0.385496 
9.451225 -0.430194 -0.076593 -0.077491 -0.361527 0.883405 -0.475079 -0.496390 0.381694 0.385496 
9.451225 -0.430194 -0.076593 -0.077491 -0.361527 -0.116595 0.524921 -0.496390 0.381694 0.385496 
9.451225 -0.430194 -0.076593 -0.077491 -0.361527 -0.116595 -0.475079 0.503610 0.381694 0.385496 
9.451225 -0.430194 -0.076593 -0.077491 -0.361527 -0.116595 -0.475079 -0.496390 1.381694 0.385496 
9.451225 -0.430194 -0.076593 -0.077491 -0.361527 -0.116595 -0.475079 -0.496390 1.381694 1.385496 
9.450901 -0.693605 -0.286075 -1.019085 -0.366861 -0.118395 -0.476617 -0.506258 1.382469 1.385644 
9.451203 0.065617 -0.090619 -0.140534 -0.361884 -0.116716 -0.475182 -0.497051 1.381746 1.385506 
9.201225 -0.430194 -0.076207 -0.077491 -0.361527 -0.116595 -0.475079 -0.496390 1.381694 1.385496 
9.201974 -0.427939 0.421103 -0.129230 -0.361820 -0.116694 -0.475164 -0.496932 1.381737 1.385504 
9.201225 -0.430194 -0.076207 -0.076075 -0.611523 -0.116595 -0.475079 -0.496390 1.381694 1.385496 
9.200904 -0.412483 -0.186989 0.409668 -0.353132 -0.117372 -0.475743 -0.500648 1.382028 1.385560 
9.201225 -0.430310 -0.076299 -0.077906 -0.361529 -0.366595 -0.475079 -0.496390 1.381694 1.385496 
9.200598 -0.547190 -0.345194 -0.482307 -0.355881 -0.113110 -0.476014 -0.502390 1.382165 1.385586 
9.201225 -0.430293 -0.076286 -0.077846 -0.361529 -0.116594 -0.725079 -0.496390 1.381694 1.385496 
9.200598 -0.547190 -0.345195 -0.482307 -0.355881 -0.113110 -0.473958 -0.502390 1.382165 1.385586 
9.201225 -0.430831 -0.076713 -0.079768 -0.361540 -0.116591 -0.475075 -0.746378 1.381694 1.385496 
9.200598 -0.547071 -0.345029 -0.481887 -0.355881 -0.113112 -0.473958 -0.474193 1.382165 1.385586 
9.201225 -0.430244 -0.076247 -0.077670 -0.361528 -0.116595 -0.475079 -0.496388 1.631694 1.385496 
9.200598 -0.547071 -0.345029 -0.481887 -0.355881 -0.113112 -0.473958 -0.474193 1.381253 1.385586 
9.200912 -0.488632 -0.210618 -0.279689 -0.358704 -0.114853 -0.474519 -0.485291 1.381474 1.385541 
9.201225 -0.430196 -0.076157 -0.077496 -0.361527 -0.116595 -0.475079 -0.496390 1.381694 1.510496 
9.201489 -0.460440 0.152977 -0.172412 -0.358682 -0.115375 -0.474828 -0.488382 1.381620 1.510409 
9.182213 -0.321540 -0.067761 -0.089401 -0.342569 -0.097604 -0.456083 -0.477550 1.362683 1.472443 
9.268613 -0.321805 -0.124191 -0.139077 -0.427522 -0.183411 -0.542433 -0.559366 1.449156 1.645542 
9.203687 -0.426145 -0.138279 0.030366 -0.358646 -0.117782 -0.477644 -0.488903 1.384398 1.515918 
9.194619 -0.430243 -0.076251 -0.077698 -0.354922 -0.175869 -0.468472 -0.489782 1.375087 1.497283 
9.184536 -0.457665 -0.162791 -0.156311 -0.343181 -0.165055 -0.458314 -0.473818 1.365099 1.477544 
9.254794 -0.427754 -0.076918 -0.079254 -0.349079 -0.177354 -0.462620 -0.483922 1.369236 1.485581 
9.277425 -0.374337 -0.102565 -0.111753 -0.383041 -0.210590 -0.497286 -0.516294 1.403959 1.555094 
9.254794 -0.427772 -0.076942 -0.079379 -0.338815 -0.177354 -0.452355 -0.488471 1.426274 1.465052 
9.254952 -0.428438 -0.083391 -0.079074 -0.333758 -0.177635 -0.447750 -0.600522 1.343738 1.455900 
9.254794 -0.427732 -0.076890 -0.079158 -0.352105 -0.177354 -0.406192 -0.483922 1.369236 1.512282 
9.254868 -0.427932 -0.079834 -0.077983 -0.463097 -0.177486 -0.445874 -0.483922 1.369314 1.437266 
9.258155 -0.464679 0.021541 -0.145367 -0.352490 -0.181712 -0.466714 -0.476189 1.372483 1.493783 
9.256949 -0.432195 -0.108124 -0.026512 -0.348345 -0.179498 -0.465341 -0.475114 1.371554 1.491139 
9.253586 -0.405232 -0.059627 -0.066687 -0.348185 -0.176371 -0.461428 -0.483825 1.368010 1.483081 
9.244472 -0.400811 -0.110851 -0.108013 -0.337731 -0.166770 -0.452501 -0.468252 1.358983 1.465547 
9.254863 -0.445657 -0.065836 -0.101067 -0.348209 -0.177593 -0.463081 -0.476487 1.369323 1.486625 
9.252600 -0.451082 -0.063733 -0.097783 -0.343660 -0.174282 -0.458494 -0.481821 1.363954 1.477438 
9.258426 -0.444474 -0.071089 -0.114048 -0.349750 -0.182974 -0.465577 -0.502998 1.369340 1.491720 
9.254893 -0.445723 -0.066092 -0.100179 -0.334021 -0.177606 -0.465216 -0.476315 1.369372 1.492742 
9.255721 -0.464823 -0.082548 -0.089304 -0.336318 -0.178324 -0.466492 -0.461949 1.371081 1.495039 
9.250636 -0.456953 -0.101653 -0.102007 -0.331135 -0.173003 -0.461763 -0.448694 1.366531 1.485634 
9.248953 -0.456327 -0.101186 -0.101701 -0.329461 -0.187770 -0.460080 -0.447042 1.364848 1.482265 
9.248485 -0.467070 -0.101021 -0.086993 -0.330814 -0.187839 -0.460598 -0.421714 1.365616 1.482893 
9.250191 -0.486101 -0.113310 -0.075436 -0.333813 -0.191902 -0.462866 -0.405050 1.366972 1.486984 
9.249493 -0.487436 -0.108633 -0.067297 -0.311306 -0.191668 -0.466197 -0.388274 1.366623 1.496305 
9.249859 -0.486146 -0.107813 -0.069145 -0.315164 -0.192222 -0.469362 -0.386683 1.353532 1.502563 
9.252890 -0.483176 -0.102272 -0.081378 -0.327999 -0.197306 -0.474570 -0.369441 1.366703 1.512036 
9.267863 -0.480862 -0.103025 -0.080686 -0.326952 -0.197815 -0.474301 -0.368406 1.365498 1.508938 
9.264812 -0.464526 -0.111925 -0.063256 -0.333448 -0.199533 -0.490203 -0.365803 1.368572 1.507164 
9.268360 -0.475864 -0.106010 -0.076576 -0.328745 -0.198510 -0.462961 -0.368737 1.366694 1.516638 
9.268742 -0.489320 -0.095197 -0.074617 -0.335978 -0.195212 -0.447939 -0.353390 1.358985 1.507110 
9.266113 -0.484923 -0.104714 -0.081525 -0.333228 -0.193504 -0.445449 -0.347669 1.356573 1.502171 
9.266844 -0.494099 -0.108640 -0.088420 -0.328209 -0.221229 -0.440525 -0.347661 1.353294 1.502349 
9.268300 -0.494986 -0.114225 -0.079143 -0.335619 -0.190323 -0.447646 -0.346477 1.357979 1.506402 
9.274335 -0.501709 -0.111148 -0.097781 -0.329403 -0.171359 -0.441863 -0.347836 1.357302 1.516604 
9.267761 -0.494928 -0.112376 -0.074143 -0.324578 -0.190227 -0.449979 -0.338212 1.357814 1.510843 
9.265074 -0.486799 -0.121166 -0.055266 -0.337272 -0.191664 -0.458861 -0.325192 1.356193 1.503400 
9.268143 -0.500118 -0.114767 -0.077070 -0.321808 -0.203940 -0.447776 -0.338168 1.356396 1.511274 
9.268157 -0.494883 -0.111708 -0.075605 -0.325405 -0.190913 -0.449726 -0.335779 1.364937 1.510199 
9.266911 -0.497875 -0.114163 -0.069938 -0.318341 -0.188918 -0.444859 -0.341957 1.368673 1.502087 
9.267520 -0.492538 -0.113146 -0.073605 -0.326357 -0.191228 -0.444112 -0.336005 1.365602 1.514205 
9.252587 -0.495835 -0.112021 -0.074746 -0.327223 -0.190710 -0.445374 -0.336609 1.366508 1.516181 
9.252355 -0.492406 -0.114890 -0.074823 -0.325581 -0.191927 -0.449221 -0.340327 1.368425 1.518304 
9.254563 -0.500723 -0.111355 -0.084464 -0.321661 -0.184033 -0.441903 -0.337324 1.366590 1.521959 
9.251177 -0.493241 -0.116899 -0.077341 -0.326474 -0.189984 -0.444508 -0.333350 1.365256 1.513396 
9.251373 -0.496465 -0.113868 -0.063351 -0.333935 -0.193274 -0.448862 -0.330167 1.366190 1.514281 
9.251250 -0.490993 -0.107146 -0.074959 -0.326401 -0.192780 -0.444341 -0.336425 1.365716 1.513876 
9.252566 -0.494707 -0.111711 -0.074683 -0.329101 -0.187725 -0.445586 -0.337572 1.366837 1.515575 
9.252782 -0.497225 -0.113382 -0.077130 -0.331844 -0.194273 -0.443831 -0.339905 1.366198 1.514149 
9.252708 -0.495985 -0.111837 -0.075131 -0.327219 -0.190929 -0.444971 -0.335780 1.370187 1.515402 
9.251924 -0.497524 -0.113171 -0.071696 -0.323845 -0.189924 -0.442666 -0.339154 1.370324 1.511482 
9.252998 -0.497309 -0.111077 -0.076039 -0.326656 -0.190846 -0.447771 -0.335621 1.369671 1.513514 
9.253081 -0.492213 -0.112973 -0.076114 -0.330281 -0.189423 -0.444754 -0.336426 1.374856 1.512160 
9.252440 -0.496249 -0.112694 -0.072145 -0.328796 -0.191402 -0.445387 -0.334179 1.370226 1.515528 
9.252484 -0.497275 -0.113830 -0.070337 -0.330051 -0.190369 -0.444050 -0.332505 1.370944 1.516906 
9.251643 -0.495635 -0.112108 -0.068324 -0.330499 -0.191371 -0.442890 -0.331084 1.370450 1.516726 
9.250629 -0.497535 -0.113813 -0.070539 -0.330218 -0.190261 -0.444285 -0.332690 1.371247 1.517112 
9.250697 -0.496692 -0.115898 -0.069328 -0.329741 -0.190822 -0.445959 -0.333835 1.371967 1.518999 
9.250979 -0.498151 -0.112726 -0.070120 -0.330858 -0.190438 -0.444368 -0.333682 1.371851 1.517510 
9.250830 -0.499286 -0.114164 -0.070889 -0.332961 -0.192316 -0.443255 -0.334297 1.370790 1.516739 
9.251053 -0.498488 -0.114019 -0.071766 -0.334067 -0.192312 -0.443792 -0.333682 1.371383 1.517050 
9.250979 -0.497692 -0.114929 -0.071150 -0.334678 -0.191254 -0.443150 -0.334623 1.373369 1.514467 
9.251115 -0.498993 -0.114032 -0.071962 -0.333380 -0.193438 -0.443692 -0.333044 1.372542 1.516911 
9.251202 -0.501486 -0.113876 -0.072102 -0.334282 -0.192801 -0.445570 -0.331591 1.372078 1.515525 
9.251244 -0.503538 -0.113745 -0.074613 -0.334616 -0.191549 -0.443947 -0.331115 1.372328 1.515867 
9.250830 -0.501146 -0.112637 -0.071839 -0.334537 -0.193011 -0.444738 -0.330835 1.371684 1.514870 
9.250606 -0.501644 -0.114988 -0.070152 -0.335670 -0.194656 -0.447523 -0.330847 1.371811 1.515717 
9.250399 -0.501135 -0.114253 -0.071672 -0.335037 -0.196192 -0.449573 -0.332219 1.370948 1.514131 
9.251049 -0.502246 -0.113903 -0.069724 -0.336301 -0.194838 -0.447594 -0.331829 1.372399 1.516105 
9.254224 -0.501380 -0.115409 -0.069575 -0.335658 -0.195124 -0.447423 -0.330141 1.371063 1.515169 
9.250874 -0.501532 -0.114677 -0.069921 -0.334695 -0.193614 -0.448600 -0.330672 1.372349 1.515968 
9.249396 -0.500822 -0.114022 -0.067907 -0.336550 -0.195793 -0.447739 -0.328646 1.371807 1.516148 
9.250524 -0.501388 -0.115554 -0.069693 -0.336133 -0.194239 -0.447409 -0.331176 1.372779 1.514388 
9.250477 -0.501968 -0.115028 -0.069601 -0.335148 -0.194730 -0.447330 -0.331114 1.371495 1.515517 
9.250644 -0.503014 -0.115798 -0.070916 -0.336176 -0.194368 -0.447700 -0.330552 1.371964 1.516181 
9.250345 -0.503927 -0.116213 -0.071134 -0.337103 -0.194449 -0.448009 -0.329465 1.372183 1.516876 
9.250184 -0.504826 -0.116570 -0.072273 -0.337648 -0.194918 -0.449005 -0.329278 1.372071 1.516855 
9.250944 -0.504040 -0.116253 -0.071156 -0.336795 -0.194930 -0.447882 -0.329141 1.372526 1.516749 
9.251602 -0.503983 -0.116680 -0.070775 -0.337885 -0.193761 -0.447952 -0.329184 1.371375 1.517126 
9.251614 -0.503720 -0.117250 -0.070543 -0.337873 -0.194074 -0.448204 -0.329532 1.371529 1.517572 
9.251624 -0.504443 -0.116784 -0.071289 -0.338108 -0.192911 -0.446726 -0.328663 1.371800 1.517901 
9.251305 -0.505833 -0.117053 -0.070253 -0.337702 -0.192816 -0.446421 -0.328401 1.371262 1.517794 
9.251191 -0.505992 -0.117694 -0.069792 -0.338434 -0.192268 -0.446359 -0.328332 1.372250 1.516638 
9.251022 -0.505688 -0.118162 -0.069960 -0.337983 -0.192021 -0.446491 -0.327838 1.372053 1.516493 
9.251558 -0.506380 -0.117116 -0.069429 -0.337948 -0.191271 -0.447405 -0.328215 1.372969 1.517096 
9.251303 -0.506201 -0.116914 -0.069106 -0.338336 -0.191520 -0.447529 -0.327567 1.373040 1.517334 
9.251627 -0.507126 -0.116247 -0.068192 -0.338900 -0.190740 -0.447043 -0.327056 1.372947 1.516956 
9.251790 -0.507738 -0.117029 -0.066935 -0.339339 -0.190494 -0.446861 -0.327199 1.373430 1.517782 
9.251023 -0.507063 -0.116227 -0.068235 -0.339235 -0.190288 -0.447226 -0.327367 1.372600 1.517081 
9.251072 -0.508336 -0.116403 -0.069185 -0.339892 -0.190503 -0.447954 -0.326891 1.372520 1.516942 
9.249910 -0.509249 -0.115627 -0.069477 -0.339582 -0.190634 -0.447791 -0.326668 1.373258 1.516487 
9.250981 -0.508479 -0.116424 -0.068689 -0.339689 -0.190863 -0.448431 -0.327061 1.372192 1.516564 
9.252018 -0.508036 -0.115912 -0.069542 -0.341052 -0.190133 -0.448716 -0.326704 1.372285 1.516389 
9.251236 -0.508510 -0.115840 -0.069212 -0.339986 -0.190870 -0.447876 -0.327284 1.372339 1.517435 
9.251221 -0.508585 -0.116698 -0.069431 -0.339269 -0.189890 -0.448073 -0.325733 1.371339 1.517202 
9.250907 -0.508325 -0.116711 -0.069282 -0.339725 -0.190388 -0.447857 -0.325251 1.371179 1.517254 
9.251057 -0.508700 -0.117482 -0.069683 -0.340117 -0.190520 -0.446787 -0.325723 1.370467 1.516332 
9.251207 -0.509171 -0.117501 -0.069028 -0.340423 -0.190203 -0.446581 -0.325604 1.370579 1.516455 
9.251207 -0.509495 -0.119051 -0.068682 -0.341146 -0.190144 -0.447027 -0.325290 1.370969 1.516913 
9.250129 -0.508907 -0.119098 -0.068245 -0.341685 -0.189073 -0.447063 -0.325833 1.370374 1.517072 
9.251725 -0.508872 -0.119251 -0.068314 -0.340967 -0.190169 -0.446825 -0.325405 1.370857 1.517060 
9.250633 -0.510426 -0.118951 -0.068482 -0.341431 -0.189881 -0.446828 -0.324244 1.371720 1.516065 
9.250360 -0.511989 -0.118547 -0.068556 -0.342183 -0.190246 -0.446737 -0.324017 1.371568 1.516656 
9.250772 -0.513014 -0.118843 -0.068916 -0.341362 -0.189036 -0.447192 -0.324123 1.371478 1.516552 
9.249972 -0.512178 -0.118848 -0.068456 -0.341738 -0.190438 -0.446224 -0.324376 1.371751 1.516745 
9.250852 -0.512267 -0.118759 -0.068898 -0.343119 -0.190260 -0.446382 -0.325085 1.371781 1.515586 
9.250271 -0.512163 -0.118680 -0.068136 -0.342011 -0.190592 -0.447070 -0.324056 1.371040 1.516230 
9.250042 -0.512311 -0.118121 -0.067484 -0.341980 -0.190805 -0.448131 -0.324659 1.372248 1.516323 
9.249983 -0.512302 -0.118946 -0.067554 -0.342249 -0.190898 -0.448451 -0.324537 1.372413 1.516521 
9.248970 -0.512437 -0.118827 -0.068733 -0.342354 -0.191553 -0.448910 -0.323977 1.372598 1.515916 
9.249337 -0.512162 -0.118921 -0.067428 -0.342553 -0.190371 -0.448516 -0.324774 1.372150 1.516564 
9.249172 -0.512489 -0.119246 -0.066207 -0.343459 -0.190219 -0.448111 -0.323813 1.372477 1.516353 
9.249516 -0.512079 -0.119015 -0.067512 -0.343150 -0.191003 -0.448956 -0.325580 1.371312 1.517771 
9.249418 -0.511327 -0.119204 -0.067347 -0.342326 -0.190260 -0.448674 -0.324902 1.372187 1.516323 
9.249226 -0.512115 -0.118874 -0.067352 -0.342303 -0.190340 -0.448616 -0.324510 1.372094 1.516827 
9.249514 -0.512870 -0.119086 -0.067619 -0.342424 -0.189866 -0.448769 -0.324903 1.372080 1.516528 
9.249128 -0.513223 -0.119411 -0.067541 -0.342052 -0.190031 -0.448305 -0.325288 1.372240 1.516642 
9.249458 -0.512905 -0.118945 -0.067461 -0.342419 -0.189915 -0.449030 -0.325054 1.372388 1.516556 
9.249565 -0.512860 -0.118825 -0.067911 -0.342671 -0.189536 -0.448749 -0.325015 1.372878 1.516998 
9.249369 -0.512843 -0.118762 -0.068289 -0.342588 -0.189669 -0.448891 -0.325030 1.372867 1.516907 
9.249610 -0.513438 -0.118821 -0.067630 -0.343261 -0.189362 -0.448694 -0.324630 1.372968 1.516983 
9.249920 -0.513707 -0.118759 -0.067552 -0.343667 -0.189462 -0.448826 -0.324960 1.372605 1.517568 
9.249908 -0.513609 -0.119178 -0.067577 -0.343764 -0.189498 -0.448993 -0.324915 1.372689 1.517633 
9.250269 -0.513754 -0.119527 -0.067265 -0.344040 -0.188848 -0.449053 -0.324783 1.372902 1.517496 
9.250022 -0.514250 -0.119991 -0.067002 -0.343977 -0.188802 -0.448588 -0.324971 1.373188 1.517646 
9.250604 -0.513838 -0.119561 -0.067358 -0.344037 -0.189090 -0.448974 -0.324817 1.373043 1.517343 
9.250515 -0.513931 -0.119556 -0.067119 -0.343651 -0.188828 -0.449251 -0.324112 1.372990 1.517933 
9.250455 -0.513952 -0.119412 -0.066957 -0.343648 -0.188887 -0.449508 -0.324260 1.373299 1.517962 
9.250563 -0.513525 -0.119608 -0.066715 -0.344282 -0.188860 -0.449068 -0.323718 1.373166 1.517986 
9.250524 -0.513957 -0.119633 -0.066788 -0.343557 -0.188967 -0.449341 -0.324126 1.372760 1.517751 
9.250425 -0.514349 -0.119667 -0.067660 -0.343993 -0.188462 -0.449630 -0.323915 1.373133 1.517820 
9.250702 -0.514121 -0.119904 -0.068073 -0.343890 -0.187828 -0.449784 -0.324140 1.373381 1.518043 
9.250580 -0.514486 -0.119627 -0.067621 -0.344194 -0.188512 -0.449693 -0.324082 1.372949 1.518111 
9.250711 -0.514857 -0.118927 -0.067607 -0.344233 -0.188065 -0.449391 -0.324019 1.372984 1.518005 
9.250524 -0.514425 -0.119558 -0.067869 -0.344027 -0.188642 -0.449458 -0.323997 1.372885 1.518344 
9.250287 -0.514677 -0.119779 -0.067687 -0.344690 -0.188624 -0.450360 -0.324186 1.373193 1.517939 
9.250465 -0.514920 -0.120215 -0.067474 -0.344505 -0.188466 -0.450767 -0.324127 1.372643 1.517629 
9.250601 -0.514625 -0.120008 -0.067550 -0.344596 -0.188500 -0.450937 -0.323981 1.372500 1.517565 
9.250597 -0.514775 -0.120641 -0.067124 -0.345093 -0.188303 -0.450551 -0.323707 1.372754 1.517687 
9.250924 -0.514925 -0.120658 -0.067169 -0.345011 -0.188486 -0.450614 -0.323573 1.372966 1.517674 
9.251198 -0.514850 -0.120831 -0.067415 -0.345335 -0.188693 -0.450292 -0.324059 1.372882 1.517138 
9.250921 -0.514660 -0.120846 -0.067007 -0.344889 -0.188700 -0.450699 -0.323725 1.373024 1.517783 
9.251048 -0.515390 -0.120138 -0.066938 -0.345254 -0.187980 -0.450682 -0.323484 1.373078 1.517431 
9.250981 -0.515979 -0.119889 -0.067305 -0.345559 -0.187665 -0.450675 -0.323044 1.372950 1.517372 
9.250844 -0.516080 -0.119765 -0.067096 -0.345595 -0.187991 -0.450588 -0.322938 1.372829 1.517274 
9.251196 -0.516148 -0.119533 -0.066751 -0.345689 -0.187218 -0.450981 -0.323209 1.373260 1.517271 
9.251622 -0.516395 -0.119552 -0.066609 -0.345469 -0.187387 -0.451403 -0.322834 1.373717 1.517566 
9.250982 -0.516070 -0.119607 -0.066803 -0.345629 -0.187201 -0.451090 -0.323083 1.373488 1.516963 
9.251225 -0.515977 -0.119417 -0.066577 -0.345138 -0.186794 -0.450614 -0.322784 1.373528 1.516689 
9.250839 -0.516354 -0.119794 -0.066736 -0.345547 -0.187173 -0.450903 -0.323231 1.373655 1.517039 
9.250705 -0.516114 -0.119288 -0.066913 -0.345791 -0.187270 -0.450559 -0.323256 1.374232 1.517303 
9.250951 -0.516270 -0.120039 -0.066604 -0.345852 -0.187147 -0.450766 -0.323073 1.373711 1.517018 
9.251447 -0.516490 -0.120190 -0.066626 -0.346194 -0.187197 -0.450745 -0.323385 1.373935 1.516411 
9.251308 -0.516488 -0.120551 -0.066113 -0.346653 -0.186715 -0.450974 -0.323298 1.374079 1.516277 
9.251221 -0.516265 -0.120183 -0.066146 -0.347107 -0.186692 -0.450664 -0.323325 1.374740 1.516421 
9.251004 -0.516484 -0.119899 -0.065584 -0.347286 -0.187241 -0.450522 -0.323115 1.374653 1.516184 
9.251264 -0.515978 -0.120291 -0.065937 -0.346961 -0.186828 -0.450682 -0.323552 1.374818 1.516446 
9.251216 -0.516508 -0.120371 -0.066719 -0.347527 -0.186393 -0.450469 -0.322877 1.374902 1.516414 
9.250905 -0.517173 -0.120214 -0.066851 -0.347421 -0.186003 -0.450462 -0.323204 1.375218 1.516452 
9.250699 -0.517052 -0.120202 -0.066921 -0.347533 -0.185919 -0.450247 -0.323396 1.374982 1.516315 
9.251199 -0.517254 -0.120002 -0.066816 -0.347920 -0.185671 -0.450054 -0.323498 1.374656 1.516811 
9.251081 -0.517284 -0.120061 -0.066944 -0.348146 -0.185877 -0.450317 -0.323648 1.374618 1.516942 
9.251294 -0.517065 -0.119421 -0.067059 -0.348071 -0.185266 -0.450455 -0.323267 1.374616 1.516480 
9.250946 -0.517165 -0.120081 -0.066608 -0.347962 -0.185463 -0.450151 -0.323340 1.374622 1.517002 
9.250646 -0.517085 -0.119776 -0.066987 -0.347594 -0.185625 -0.449896 -0.323051 1.374495 1.517544 
9.250847 -0.517150 -0.119857 -0.066447 -0.348185 -0.185624 -0.449992 -0.323285 1.374841 1.516982 
9.250692 -0.517658 -0.120172 -0.066059 -0.348409 -0.185632 -0.449967 -0.322856 1.374523 1.516690 
9.250719 -0.517626 -0.120384 -0.066320 -0.348605 -0.185515 -0.449840 -0.322698 1.374696 1.516703 
9.250707 -0.517402 -0.120893 -0.065780 -0.348796 -0.185113 -0.449795 -0.322894 1.375032 1.516737 
9.250730 -0.517541 -0.120189 -0.066352 -0.348755 -0.185254 -0.450061 -0.322550 1.374691 1.516527 
9.250512 -0.517484 -0.120114 -0.066389 -0.348756 -0.185061 -0.450009 -0.322217 1.374658 1.516695 
9.250430 -0.517650 -0.120078 -0.066427 -0.348738 -0.184972 -0.450017 -0.322304 1.374735 1.516710 
9.250357 -0.517462 -0.120197 -0.066470 -0.349041 -0.185191 -0.450292 -0.322255 1.374603 1.516828 
9.250258 -0.517403 -0.120190 -0.066507 -0.349097 -0.185151 -0.450184 -0.322353 1.374485 1.516758 
9.250505 -0.517476 -0.120112 -0.066601 -0.349439 -0.185030 -0.450147 -0.322235 1.374395 1.516714 
9.250444 -0.517463 -0.120009 -0.066539 -0.349526 -0.185131 -0.450074 -0.322211 1.374520 1.516670 
9.250343 -0.517392 -0.120135 -0.066721 -0.349524 -0.185128 -0.450213 -0.322045 1.374591 1.516320 
9.250372 -0.517353 -0.120008 -0.066900 -0.349468 -0.185193 -0.450216 -0.322063 1.374590 1.516359 
9.250329 -0.517238 -0.120339 -0.066456 -0.349661 -0.184886 -0.450252 -0.322104 1.374733 1.516306 
9.250261 -0.517256 -0.120463 -0.066057 -0.349762 -0.184739 -0.450354 -0.322075 1.374670 1.516198 
9.250246 -0.517301 -0.120849 -0.066068 -0.349864 -0.184767 -0.450128 -0.322037 1.374792 1.516290 
9.250150 -0.517224 -0.120421 -0.066073 -0.349752 -0.184648 -0.450324 -0.321915 1.374653 1.516292 
9.250185 -0.516902 -0.120360 -0.066060 -0.349809 -0.184403 -0.450435 -0.322037 1.374844 1.516343 
9.250070 -0.516764 -0.120364 -0.066165 -0.349798 -0.184294 -0.450650 -0.321879 1.374906 1.516014 
9.249932 -0.516674 -0.120111 -0.066016 -0.349975 -0.184450 -0.450571 -0.321824 1.375131 1.515918 
9.250012 -0.516512 -0.120141 -0.065980 -0.349966 -0.184551 -0.450557 -0.321747 1.375040 1.515923 
9.249990 -0.516878 -0.119953 -0.066097 -0.350202 -0.184134 -0.450647 -0.321830 1.375171 1.515862 
9.249728 -0.516862 -0.119879 -0.066177 -0.350287 -0.183942 -0.450527 -0.322071 1.375006 1.515745 
9.249529 -0.516994 -0.119853 -0.066243 -0.350446 -0.183883 -0.450869 -0.322164 1.375068 1.515878 
9.249496 -0.517183 -0.119703 -0.066204 -0.350293 -0.183555 -0.450889 -0.322212 1.375257 1.515787 
9.249438 -0.517242 -0.119986 -0.066310 -0.350512 -0.183420 -0.450743 -0.322181 1.375482 1.515751 
9.249476 -0.517238 -0.119847 -0.066747 -0.350495 -0.183465 -0.450671 -0.322208 1.375614 1.515787 
9.249549 -0.517199 -0.120011 -0.066292 -0.350534 -0.183448 -0.450795 -0.322357 1.375541 1.515675 
9.249537 -0.517543 -0.120118 -0.066211 -0.350659 -0.183533 -0.450801 -0.322365 1.375471 1.515403 
9.249576 -0.517303 -0.119986 -0.066241 -0.350552 -0.183484 -0.450689 -0.322451 1.375549 1.515828 
9.249613 -0.517079 -0.120120 -0.066088 -0.350793 -0.183138 -0.450842 -0.322363 1.375543 1.515661 
9.249343 -0.516941 -0.120194 -0.065841 -0.350829 -0.183174 -0.450818 -0.322422 1.375800 1.515575 
9.249499 -0.517050 -0.120158 -0.066139 -0.350763 -0.183074 -0.450784 -0.322489 1.375414 1.515631 
9.249597 -0.517101 -0.120533 -0.066114 -0.350570 -0.182942 -0.450931 -0.322493 1.375413 1.515729 
9.249566 -0.517068 -0.120113 -0.066098 -0.350642 -0.182975 -0.450655 -0.322470 1.375460 1.515544 
9.249656 -0.516837 -0.120347 -0.066097 -0.350864 -0.183254 -0.450552 -0.322401 1.375260 1.515580 
9.249547 -0.517087 -0.120089 -0.066394 -0.350989 -0.182785 -0.450861 -0.322575 1.375533 1.515578 
9.249630 -0.517083 -0.119854 -0.066324 -0.351077 -0.182537 -0.451121 -0.322685 1.375394 1.515524 
9.249423 -0.517191 -0.119819 -0.066374 -0.351169 -0.182305 -0.451075 -0.322373 1.375309 1.515633 
9.249432 -0.517033 -0.119762 -0.066408 -0.351109 -0.182268 -0.451059 -0.322381 1.375345 1.515787 
9.249494 -0.517266 -0.119726 -0.066317 -0.351258 -0.182200 -0.450896 -0.322596 1.375386 1.516049 
9.249405 -0.517376 -0.119649 -0.066382 -0.351131 -0.182230 -0.450971 -0.322632 1.375455 1.516072 
9.249692 -0.517087 -0.119800 -0.066460 -0.351567 -0.182070 -0.450769 -0.322586 1.375297 1.515981 
9.249815 -0.516977 -0.119681 -0.066178 -0.351644 -0.181983 -0.450851 -0.322575 1.374985 1.515993 
9.249710 -0.516925 -0.119538 -0.066137 -0.351734 -0.182045 -0.450781 -0.322590 1.375038 1.515932 
9.249727 -0.516848 -0.119935 -0.065973 -0.351743 -0.181756 -0.450938 -0.322636 1.375168 1.515964 
9.249977 -0.516887 -0.119872 -0.065868 -0.351857 -0.181816 -0.451067 -0.322391 1.375419 1.516022 
9.250048 -0.516906 -0.119817 -0.065833 -0.351747 -0.181700 -0.450949 -0.322378 1.375464 1.515931 
9.250096 -0.516779 -0.120148 -0.065647 -0.351780 -0.181734 -0.450723 -0.322242 1.375469 1.515995 
9.249938 -0.516965 -0.119795 -0.065863 -0.351783 -0.181587 -0.450932 -0.322223 1.375426 1.515985 
9.249951 -0.516980 -0.119740 -0.065972 -0.351903 -0.181226 -0.451190 -0.322296 1.375499 1.515948 
9.249866 -0.517244 -0.119665 -0.065776 -0.351849 -0.181103 -0.451269 -0.322463 1.375602 1.516181 
9.249952 -0.516811 -0.119666 -0.065957 -0.351814 -0.181198 -0.451216 -0.322281 1.375491 1.516073 
9.249936 -0.516997 -0.119691 -0.065709 -0.351861 -0.181191 -0.451428 -0.322200 1.375266 1.515741 
9.249950 -0.517027 -0.119855 -0.066046 -0.351738 -0.181238 -0.451278 -0.322248 1.375532 1.515951 
9.249677 -0.517006 -0.119769 -0.066149 -0.351790 -0.181204 -0.451348 -0.322224 1.375850 1.515764 
9.249744 -0.517193 -0.119640 -0.066515 -0.351901 -0.181049 -0.451428 -0.322201 1.375905 1.515719 
9.249802 -0.517015 -0.119765 -0.066084 -0.351848 -0.181237 -0.451394 -0.322094 1.375972 1.515797 
9.249731 -0.516910 -0.120122 -0.066000 -0.351975 -0.181000 -0.451339 -0.322107 1.376086 1.515784 
9.249966 -0.516858 -0.120098 -0.065925 -0.351807 -0.180910 -0.451248 -0.322331 1.376257 1.515561 
9.249761 -0.516859 -0.120165 -0.066026 -0.352051 -0.181087 -0.451487 -0.322240 1.376096 1.515802 
9.249525 -0.516923 -0.120391 -0.065887 -0.352008 -0.181166 -0.451138 -0.322064 1.376283 1.515758 
9.249648 -0.516904 -0.120141 -0.065767 -0.351985 -0.180844 -0.451585 -0.321985 1.375955 1.515539 
9.249700 -0.516734 -0.120085 -0.066008 -0.351915 -0.180915 -0.451361 -0.322082 1.376133 1.515892 
9.249756 -0.516847 -0.120140 -0.066052 -0.351990 -0.181029 -0.451320 -0.322065 1.376058 1.515727 
9.249763 -0.517005 -0.120142 -0.066130 -0.352057 -0.180848 -0.451349 -0.322106 1.376127 1.515803 
9.249881 -0.517071 -0.120074 -0.066137 -0.352109 -0.180864 -0.451405 -0.321986 1.376250 1.515838 
9.249862 -0.517047 -0.120012 -0.066108 -0.352193 -0.180855 -0.451367 -0.322008 1.376257 1.515823 
9.249984 -0.517089 -0.120051 -0.066093 -0.352293 -0.180749 -0.451306 -0.322024 1.376173 1.515916 
9.249961 -0.517198 -0.119938 -0.066232 -0.352347 -0.180652 -0.451293 -0.322069 1.376173 1.515923 
9.249981 -0.517091 -0.120076 -0.066129 -0.352295 -0.180800 -0.451234 -0.322047 1.376221 1.515964 
9.249920 -0.517120 -0.120176 -0.066052 -0.352402 -0.180644 -0.451305 -0.321989 1.376276 1.515871 
9.249976 -0.517024 -0.120227 -0.066178 -0.352479 -0.180644 -0.451266 -0.321899 1.376244 1.515760 
9.250034 -0.517054 -0.120230 -0.066159 -0.352456 -0.180643 -0.451240 -0.321952 1.376271 1.515686 
9.250014 -0.516875 -0.120203 -0.066188 -0.352431 -0.180503 -0.451269 -0.321928 1.376347 1.515802 
9.250031 -0.516858 -0.120226 -0.066213 -0.352476 -0.180533 -0.451344 -0.321994 1.376355 1.515813 
9.250022 -0.516810 -0.120244 -0.066129 -0.352540 -0.180349 -0.451231 -0.321870 1.376446 1.515799 
9.250123 -0.516659 -0.120217 -0.066186 -0.352617 -0.180287 -0.451171 -0.321785 1.376438 1.515756 
9.250016 -0.516578 -0.120305 -0.066181 -0.352625 -0.180176 -0.451095 -0.321878 1.376361 1.515720 
9.250187 -0.516693 -0.120278 -0.066199 -0.352598 -0.180249 -0.451173 -0.321776 1.376398 1.515805 
9.250181 -0.516685 -0.120374 -0.066251 -0.352550 -0.180135 -0.451227 -0.321673 1.376533 1.515779 
9.250233 -0.516635 -0.120456 -0.066284 -0.352667 -0.180111 -0.451366 -0.321752 1.376609 1.515804 
9.250238 -0.516625 -0.120532 -0.066355 -0.352697 -0.180169 -0.451233 -0.321778 1.376739 1.515899 
9.250245 -0.516581 -0.120510 -0.066213 -0.352638 -0.180161 -0.451373 -0.321731 1.376608 1.515803 
9.250234 -0.516722 -0.120364 -0.066391 -0.352733 -0.179954 -0.451391 -0.321777 1.376646 1.515825 
9.250261 -0.516771 -0.120305 -0.066441 -0.352796 -0.179762 -0.451452 -0.321780 1.376715 1.515861 
9.250273 -0.516844 -0.120230 -0.066518 -0.352846 -0.179581 -0.451454 -0.321779 1.376789 1.515908 
9.250303 -0.516828 -0.120193 -0.066439 -0.352856 -0.179463 -0.451628 -0.321758 1.376733 1.515853 
9.250369 -0.516795 -0.120168 -0.066407 -0.353003 -0.179483 -0.451673 -0.321901 1.376726 1.515941 
9.250424 -0.516828 -0.120176 -0.066382 -0.352988 -0.179475 -0.451645 -0.321951 1.376758 1.515867 
9.250363 -0.516885 -0.120243 -0.066206 -0.353003 -0.179446 -0.451636 -0.321922 1.376859 1.515937 
9.250345 -0.516884 -0.120227 -0.066212 -0.352917 -0.179448 -0.451670 -0.321984 1.376879 1.515974 
9.250466 -0.516709 -0.120217 -0.066166 -0.352965 -0.179392 -0.451581 -0.321872 1.376926 1.515970 
9.250308 -0.516845 -0.120286 -0.066204 -0.353009 -0.179389 -0.451599 -0.321968 1.376823 1.515919 
9.250253 -0.516819 -0.120182 -0.066225 -0.353070 -0.179484 -0.451692 -0.321934 1.376997 1.515836 
9.250277 -0.516811 -0.120275 -0.066271 -0.353074 -0.179480 -0.451737 -0.321928 1.377032 1.515839 
9.250280 -0.516890 -0.120284 -0.066243 -0.353215 -0.179367 -0.451837 -0.321915 1.377094 1.515763 
9.250280 -0.516920 -0.120337 -0.066148 -0.353342 -0.179352 -0.451968 -0.321905 1.377108 1.515647 
9.250266 -0.517024 -0.120355 -0.066181 -0.353502 -0.179277 -0.451962 -0.321910 1.377229 1.515615 
9.250215 -0.517173 -0.120387 -0.066233 -0.353649 -0.179256 -0.451945 -0.321937 1.377315 1.515589 
9.250293 -0.517108 -0.120399 -0.066224 -0.353792 -0.179198 -0.451853 -0.321839 1.377393 1.515560 
9.250365 -0.517053 -0.120365 -0.066199 -0.353897 -0.179198 -0.451893 -0.321994 1.377434 1.515665 
9.250427 -0.517060 -0.120349 -0.066236 -0.353881 -0.179201 -0.451874 -0.322042 1.377426 1.515585 
9.250451 -0.517106 -0.120390 -0.066108 -0.353807 -0.179145 -0.451828 -0.322083 1.377586 1.515562 
9.250393 -0.517063 -0.120431 -0.066108 -0.353816 -0.179090 -0.451793 -0.322130 1.377556 1.515540 
9.250362 -0.517014 -0.120305 -0.066174 -0.353813 -0.179174 -0.451886 -0.322080 1.377738 1.515494 
9.250387 -0.516994 -0.120400 -0.066225 -0.353796 -0.179186 -0.451916 -0.322076 1.377765 1.515509 
9.250443 -0.517042 -0.120353 -0.066277 -0.353812 -0.178991 -0.452003 -0.322039 1.377810 1.515514 
9.250466 -0.517045 -0.120393 -0.066171 -0.353896 -0.178968 -0.452160 -0.322016 1.377796 1.515399 
9.250427 -0.517130 -0.120413 -0.066202 -0.353954 -0.178981 -0.452149 -0.322038 1.377819 1.515390 
9.250464 -0.517242 -0.120379 -0.066287 -0.354035 -0.178843 -0.452158 -0.322018 1.377926 1.515395 
9.250524 -0.517297 -0.120500 -0.066407 -0.354095 -0.178805 -0.452183 -0.322003 1.378059 1.515407 
9.250486 -0.517434 -0.120459 -0.066468 -0.354026 -0.178725 -0.452301 -0.322087 1.378091 1.515434 
9.250485 -0.517387 -0.120465 -0.066459 -0.354076 -0.178696 -0.452300 -0.322178 1.378090 1.515466 
9.250368 -0.517373 -0.120537 -0.066500 -0.354076 -0.178538 -0.452233 -0.322166 1.378065 1.515374 
9.250249 -0.517372 -0.120565 -0.066439 -0.354126 -0.178495 -0.452272 -0.322068 1.378104 1.515528 
9.250204 -0.517320 -0.120517 -0.066504 -0.354150 -0.178523 -0.452310 -0.322055 1.378122 1.515506 
9.250284 -0.517427 -0.120577 -0.066532 -0.354234 -0.178421 -0.452283 -0.322020 1.377951 1.515588 
9.250260 -0.517374 -0.120585 -0.066385 -0.354168 -0.178485 -0.452350 -0.322057 1.378097 1.515470 
9.250222 -0.517445 -0.120565 -0.066308 -0.354291 -0.178370 -0.452334 -0.322048 1.378219 1.515413 
9.250283 -0.517387 -0.120540 -0.066259 -0.354294 -0.178181 -0.452376 -0.321993 1.378314 1.515402 
9.250228 -0.517433 -0.120592 -0.066179 -0.354393 -0.178048 -0.452404 -0.321987 1.378433 1.515347 
9.250239 -0.517376 -0.120666 -0.066125 -0.354389 -0.177871 -0.452488 -0.321952 1.378521 1.515331 
9.250155 -0.517397 -0.120563 -0.065978 -0.354430 -0.177745 -0.452490 -0.321952 1.378516 1.515282 
9.250180 -0.517292 -0.120608 -0.065894 -0.354551 -0.177745 -0.452380 -0.321858 1.378542 1.515234 
9.250135 -0.517440 -0.120570 -0.065994 -0.354383 -0.177744 -0.452478 -0.321864 1.378512 1.515234 
9.250199 -0.517535 -0.120498 -0.065940 -0.354468 -0.177700 -0.452603 -0.321950 1.378644 1.515314 
9.250260 -0.517597 -0.120477 -0.065991 -0.354470 -0.177601 -0.452601 -0.322065 1.378677 1.515156 
9.250274 -0.517667 -0.120485 -0.066085 -0.354590 -0.177483 -0.452626 -0.322032 1.378560 1.515198 
9.250235 -0.517617 -0.120445 -0.066131 -0.354625 -0.177507 -0.452685 -0.322016 1.378575 1.515160 
9.250135 -0.517640 -0.120380 -0.066247 -0.354640 -0.177386 -0.452662 -0.322065 1.378692 1.515165 
9.250061 -0.517716 -0.120417 -0.066253 -0.354696 -0.177329 -0.452813 -0.322143 1.378696 1.515057 
9.250145 -0.517697 -0.120276 -0.066294 -0.354672 -0.177215 -0.452928 -0.322155 1.378686 1.514996 
9.250118 -0.517752 -0.120212 -0.066309 -0.354652 -0.177268 -0.452918 -0.322193 1.378640 1.515006 
9.250192 -0.517695 -0.120291 -0.066285 -0.354851 -0.177182 -0.452891 -0.322111 1.378787 1.514893 
9.250291 -0.517706 -0.120401 -0.066444 -0.354853 -0.177220 -0.452953 -0.322121 1.378868 1.514897 
9.250210 -0.517647 -0.120287 -0.066270 -0.354896 -0.177186 -0.452898 -0.322199 1.378785 1.514939 
9.250159 -0.517502 -0.120356 -0.066298 -0.354933 -0.177088 -0.452843 -0.322243 1.378723 1.514835 
9.250084 -0.517411 -0.120389 -0.066230 -0.355046 -0.176983 -0.452926 -0.322198 1.378779 1.514897 
9.250060 -0.517325 -0.120388 -0.066126 -0.354985 -0.177000 -0.452941 -0.322262 1.378939 1.514813 
9.250041 -0.517369 -0.120385 -0.066149 -0.354968 -0.176928 -0.452890 -0.322296 1.378983 1.514842 
9.250130 -0.517414 -0.120484 -0.066019 -0.355001 -0.176789 -0.452872 -0.322343 1.378969 1.514838 
9.250188 -0.517355 -0.120469 -0.066016 -0.354978 -0.176781 -0.452818 -0.322293 1.378982 1.514879 
9.250050 -0.517380 -0.120428 -0.066030 -0.355136 -0.176671 -0.452795 -0.322412 1.379044 1.514853 
9.250010 -0.517317 -0.120341 -0.066059 -0.355092 -0.176496 -0.452868 -0.322491 1.379041 1.514892 
9.249863 -0.517258 -0.120401 -0.066047 -0.355084 -0.176403 -0.452821 -0.322574 1.379061 1.515003 
9.249915 -0.517238 -0.120446 -0.066107 -0.355109 -0.176421 -0.452851 -0.322625 1.379095 1.515029 
9.249908 -0.517244 -0.120458 -0.066204 -0.355150 -0.176265 -0.452885 -0.322560 1.379206 1.514949 
9.249929 -0.517313 -0.120370 -0.066220 -0.355219 -0.176155 -0.452954 -0.322546 1.379356 1.514994 
9.249961 -0.517342 -0.120292 -0.066305 -0.355267 -0.175999 -0.452950 -0.322590 1.379466 1.514930 
9.249957 -0.517238 -0.120257 -0.066280 -0.355381 -0.175907 -0.453061 -0.322568 1.379562 1.514870 
9.249968 -0.517255 -0.120227 -0.066370 -0.355528 -0.175781 -0.453117 -0.322502 1.379505 1.514914 
9.249865 -0.517200 -0.120110 -0.066514 -0.355530 -0.175847 -0.453147 -0.322460 1.379572 1.514917 
9.250022 -0.517194 -0.120209 -0.066367 -0.355512 -0.175766 -0.453059 -0.322456 1.379522 1.514955 
9.250045 -0.517291 -0.120286 -0.066322 -0.355532 -0.175601 -0.453212 -0.322493 1.379573 1.514891 
9.250055 -0.517351 -0.120360 -0.066275 -0.355698 -0.175576 -0.453130 -0.322470 1.379678 1.514848 
9.250180 -0.517330 -0.120382 -0.066290 -0.355808 -0.175585 -0.453173 -0.322623 1.379722 1.514906 
9.250112 -0.517329 -0.120319 -0.066164 -0.355886 -0.175448 -0.453127 -0.322704 1.379728 1.514945 
9.250236 -0.517399 -0.120199 -0.066082 -0.355959 -0.175449 -0.453149 -0.322668 1.379712 1.514840 
9.250245 -0.517375 -0.120200 -0.066132 -0.355949 -0.175410 -0.453101 -0.322709 1.379693 1.514765 
9.250278 -0.517310 -0.120324 -0.066051 -0.356092 -0.175333 -0.453141 -0.322686 1.379668 1.514708 
9.250353 -0.517452 -0.120409 -0.066043 -0.356178 -0.175209 -0.453090 -0.322697 1.379683 1.514736 
9.250360 -0.517475 -0.120408 -0.066066 -0.356305 -0.175095 -0.453125 -0.322692 1.379846 1.514697 
9.250381 -0.517504 -0.120432 -0.066048 -0.356410 -0.174989 -0.453145 -0.322708 1.380024 1.514645 
9.250406 -0.517540 -0.120461 -0.066028 -0.356513 -0.174880 -0.453162 -0.322725 1.380200 1.514596 
9.250457 -0.517640 -0.120513 -0.066035 -0.356636 -0.174741 -0.453149 -0.322730 1.380298 1.514592 
9.250502 -0.517685 -0.120588 -0.066003 -0.356774 -0.174610 -0.453159 -0.322733 1.380404 1.514554 
9.250522 -0.517753 -0.120574 -0.065967 -0.356746 -0.174576 -0.453134 -0.322797 1.380616 1.514514 
9.250426 -0.517813 -0.120528 -0.066050 -0.356900 -0.174553 -0.453210 -0.322825 1.380680 1.514464 
9.250447 -0.517750 -0.120447 -0.066127 -0.357030 -0.174476 -0.453178 -0.322755 1.380794 1.514498 
9.250472 -0.517743 -0.120401 -0.066175 -0.357000 -0.174317 -0.453343 -0.322758 1.380824 1.514500 
9.250356 -0.517793 -0.120401 -0.066151 -0.356959 -0.174243 -0.453313 -0.322590 1.380841 1.514419 
9.250431 -0.517824 -0.120365 -0.066149 -0.356970 -0.174281 -0.453336 -0.322552 1.380832 1.514361 
9.250363 -0.517785 -0.120553 -0.066301 -0.356937 -0.174284 -0.453358 -0.322532 1.380920 1.514422 
9.250364 -0.517767 -0.120401 -0.066203 -0.356944 -0.174208 -0.453264 -0.322631 1.380817 1.514345 
9.250267 -0.517833 -0.120362 -0.066130 -0.357089 -0.174088 -0.453332 -0.322602 1.380913 1.514460 
9.250212 -0.517854 -0.120471 -0.066247 -0.357158 -0.174023 -0.453387 -0.322555 1.381035 1.514495 
9.250147 -0.517694 -0.120487 -0.066161 -0.357215 -0.174026 -0.453468 -0.322555 1.381109 1.514413 
9.250002 -0.517642 -0.120350 -0.066208 -0.357221 -0.174009 -0.453522 -0.322556 1.381216 1.514437 
9.249945 -0.517563 -0.120354 -0.066254 -0.357333 -0.173973 -0.453580 -0.322482 1.381061 1.514475 
9.249999 -0.517504 -0.120334 -0.066256 -0.357330 -0.173944 -0.453529 -0.322434 1.381091 1.514514 
9.249949 -0.517461 -0.120402 -0.066145 -0.357368 -0.173776 -0.453588 -0.322427 1.381157 1.514526 
9.249854 -0.517431 -0.120473 -0.066043 -0.357510 -0.173724 -0.453523 -0.322411 1.381242 1.514528 
9.249929 -0.517365 -0.120483 -0.066041 -0.357603 -0.173679 -0.453611 -0.322563 1.381286 1.514606 
9.250001 -0.517395 -0.120435 -0.066003 -0.357691 -0.173586 -0.453725 -0.322481 1.381351 1.514508 
9.250001 -0.517341 -0.120434 -0.066078 -0.357706 -0.173436 -0.453682 -0.322540 1.381352 1.514355 
9.250020 -0.517281 -0.120460 -0.066065 -0.357738 -0.173275 -0.453782 -0.322504 1.381420 1.514247 
9.250037 -0.517258 -0.120447 -0.066077 -0.357920 -0.173239 -0.453762 -0.322491 1.381505 1.514119 
9.250054 -0.517228 -0.120317 -0.065936 -0.357966 -0.173141 -0.453755 -0.322528 1.381462 1.514038 
9.249986 -0.517224 -0.120242 -0.065973 -0.357961 -0.173131 -0.453773 -0.322529 1.381509 1.514063 
9.249969 -0.517343 -0.120210 -0.066056 -0.358032 -0.172966 -0.453771 -0.322512 1.381564 1.514100 
9.250060 -0.517339 -0.120141 -0.066171 -0.358100 -0.172904 -0.453871 -0.322620 1.381608 1.514142 
9.250101 -0.517424 -0.120135 -0.066130 -0.358018 -0.172893 -0.453825 -0.322687 1.381791 1.514099 
9.250044 -0.517477 -0.120162 -0.066119 -0.358032 -0.172911 -0.453879 -0.322741 1.381770 1.514063 
9.250058 -0.517516 -0.120060 -0.066240 -0.358045 -0.172774 -0.453845 -0.322604 1.381860 1.514030 
9.249957 -0.517469 -0.120120 -0.066230 -0.358122 -0.172647 -0.453799 -0.322670 1.381947 1.514115 
9.249966 -0.517522 -0.120110 -0.066126 -0.358209 -0.172660 -0.453906 -0.322582 1.382035 1.514222 
9.249967 -0.517537 -0.120092 -0.066138 -0.358292 -0.172717 -0.453847 -0.322592 1.382048 1.514204 
9.249929 -0.517638 -0.120045 -0.066113 -0.358196 -0.172585 -0.453860 -0.322636 1.382020 1.514392 
9.249981 -0.517507 -0.120054 -0.066051 -0.358233 -0.172612 -0.453901 -0.322601 1.382009 1.514179 
9.250090 -0.517558 -0.120214 -0.066035 -0.358312 -0.172501 -0.453899 -0.322589 1.382016 1.514158 
9.250105 -0.517498 -0.120316 -0.066009 -0.358403 -0.172382 -0.453969 -0.322595 1.382147 1.514144 
9.250163 -0.517576 -0.120335 -0.066049 -0.358460 -0.172266 -0.454054 -0.322488 1.382223 1.514059 
9.250089 -0.517611 -0.120446 -0.065962 -0.358473 -0.172187 -0.454010 -0.322353 1.382280 1.514002 
9.250145 -0.517556 -0.120419 -0.065974 -0.358461 -0.172169 -0.453957 -0.322298 1.382298 1.514038 
9.250056 -0.517552 -0.120477 -0.066021 -0.358606 -0.172115 -0.454099 -0.322285 1.382159 1.514033 
9.250089 -0.517567 -0.120476 -0.065955 -0.358623 -0.172170 -0.454151 -0.322249 1.382166 1.514077 
9.250131 -0.517565 -0.120550 -0.066104 -0.358651 -0.171969 -0.454152 -0.322331 1.382215 1.513932 
9.250133 -0.517531 -0.120707 -0.066115 -0.358693 -0.171820 -0.454136 -0.322367 1.382246 1.513848 
9.250183 -0.517667 -0.120710 -0.066174 -0.358663 -0.171764 -0.454128 -0.322256 1.382177 1.513731 
9.250173 -0.517685 -0.120708 -0.066160 -0.358592 -0.171698 -0.454163 -0.322263 1.382163 1.513790 
9.250159 -0.517815 -0.120661 -0.066206 -0.358708 -0.171594 -0.454117 -0.322302 1.382228 1.513867 
9.250143 -0.517793 -0.120511 -0.066142 -0.358745 -0.171459 -0.454166 -0.322324 1.382251 1.513772 
9.250085 -0.517808 -0.120458 -0.066264 -0.358748 -0.171356 -0.454269 -0.322301 1.382375 1.513738 
9.250184 -0.517839 -0.120389 -0.066328 -0.358784 -0.171228 -0.454306 -0.322435 1.382323 1.513716 
9.250137 -0.517896 -0.120414 -0.066300 -0.358798 -0.171260 -0.454368 -0.322482 1.382308 1.513690 
9.250253 -0.517943 -0.120437 -0.066188 -0.358864 -0.171221 -0.454475 -0.322407 1.382395 1.513717 
9.250302 -0.518020 -0.120424 -0.066130 -0.358755 -0.171228 -0.454407 -0.322478 1.382544 1.513656 
9.250284 -0.517994 -0.120512 -0.066115 -0.358771 -0.171166 -0.454383 -0.322490 1.382551 1.513624 
9.250238 -0.518043 -0.120569 -0.066000 -0.358850 -0.171005 -0.454402 -0.322438 1.382603 1.513598 
9.250233 -0.518080 -0.120702 -0.066075 -0.358882 -0.170917 -0.454495 -0.322402 1.382729 1.513606 
9.250191 -0.517962 -0.120705 -0.065994 -0.358949 -0.170900 -0.454529 -0.322513 1.382829 1.513700 
9.250197 -0.517976 -0.120696 -0.066017 -0.359042 -0.170937 -0.454486 -0.322516 1.382858 1.513664 
9.250232 -0.517886 -0.120751 -0.065923 -0.359103 -0.170886 -0.454565 -0.322495 1.382905 1.513511 
9.250282 -0.517902 -0.120718 -0.065955 -0.359121 -0.170823 -0.454583 -0.322562 1.382877 1.513500 
9.250380 -0.517979 -0.120827 -0.065893 -0.359215 -0.170736 -0.454550 -0.322639 1.382849 1.513565 
9.250441 -0.517928 -0.120805 -0.065906 -0.359211 -0.170701 -0.454503 -0.322584 1.382874 1.513594 
9.250354 -0.517915 -0.120765 -0.065966 -0.359253 -0.170512 -0.454440 -0.322634 1.382916 1.513562 
9.250377 -0.518006 -0.120627 -0.065942 -0.359292 -0.170404 -0.454488 -0.322645 1.383041 1.513571 
9.250339 -0.517983 -0.120559 -0.065985 -0.359434 -0.170315 -0.454587 -0.322581 1.382971 1.513636 
9.250359 -0.517974 -0.120474 -0.066079 -0.359511 -0.170162 -0.454628 -0.322649 1.383055 1.513641 
9.250351 -0.517956 -0.120307 -0.065991 -0.359573 -0.170064 -0.454563 -0.322704 1.383004 1.513620 
9.250367 -0.517998 -0.120298 -0.066032 -0.359636 -0.170100 -0.454518 -0.322678 1.383004 1.513565 
9.250369 -0.518059 -0.120304 -0.066037 -0.359502 -0.169896 -0.454608 -0.322618 1.382964 1.513568 
9.250380 -0.518012 -0.120336 -0.065986 -0.359530 -0.169879 -0.454645 -0.322599 1.382990 1.513494 
9.250289 -0.518002 -0.120370 -0.065934 -0.359627 -0.169779 -0.454658 -0.322529 1.383141 1.513505 
9.250436 -0.517916 -0.120335 -0.065916 -0.359659 -0.169732 -0.454659 -0.322406 1.383231 1.513554 
9.250335 -0.517832 -0.120213 -0.065979 -0.359597 -0.169766 -0.454707 -0.322328 1.383296 1.513481 
9.250457 -0.517983 -0.120295 -0.065877 -0.359663 -0.169769 -0.454723 -0.322414 1.383263 1.513559 
9.250438 -0.517851 -0.120421 -0.065900 -0.359798 -0.169592 -0.454722 -0.322417 1.383292 1.513524 
9.250401 -0.517802 -0.120441 -0.065755 -0.359918 -0.169469 -0.454706 -0.322353 1.383278 1.513499 
9.250443 -0.517793 -0.120505 -0.065734 -0.359891 -0.169375 -0.454645 -0.322431 1.383445 1.513421 
9.250435 -0.517779 -0.120706 -0.065754 -0.359909 -0.169376 -0.454711 -0.322341 1.383522 1.513424 
9.250426 -0.517758 -0.120511 -0.065699 -0.359824 -0.169340 -0.454687 -0.322458 1.383442 1.513484 
9.250439 -0.517857 -0.120474 -0.065852 -0.359987 -0.169220 -0.454625 -0.322434 1.383500 1.513481 
9.250420 -0.517811 -0.120455 -0.065910 -0.360151 -0.169201 -0.454583 -0.322511 1.383600 1.513573 
9.250495 -0.517820 -0.120439 -0.066022 -0.360253 -0.169035 -0.454610 -0.322546 1.383611 1.513542 
9.250460 -0.517902 -0.120414 -0.066027 -0.360328 -0.168888 -0.454498 -0.322479 1.383676 1.513591 
9.250433 -0.517935 -0.120580 -0.066126 -0.360358 -0.168887 -0.454576 -0.322400 1.383755 1.513626 
9.250434 -0.517993 -0.120639 -0.066105 -0.360375 -0.168885 -0.454556 -0.322465 1.383705 1.513642 
9.250238 -0.518020 -0.120612 -0.066155 -0.360393 -0.168846 -0.454598 -0.322534 1.383718 1.513550 
9.250255 -0.518076 -0.120582 -0.066098 -0.360424 -0.168855 -0.454668 -0.322535 1.383756 1.513549 
9.250306 -0.518210 -0.120514 -0.066226 -0.360384 -0.168873 -0.454668 -0.322602 1.383850 1.513601 
9.250257 -0.518108 -0.120560 -0.066133 -0.360486 -0.168911 -0.454652 -0.322491 1.383709 1.513520 
9.250203 -0.518043 -0.120553 -0.066087 -0.360451 -0.168764 -0.454781 -0.322517 1.383674 1.513710 
9.250192 -0.517993 -0.120552 -0.066086 -0.360521 -0.168802 -0.454761 -0.322564 1.383719 1.513748 
9.250212 -0.517939 -0.120638 -0.065981 -0.360596 -0.168659 -0.454809 -0.322587 1.383804 1.513706 
9.250116 -0.517937 -0.120717 -0.065811 -0.360580 -0.168640 -0.454800 -0.322550 1.383907 1.513757 
9.250115 -0.517926 -0.120796 -0.065853 -0.360570 -0.168684 -0.454867 -0.322537 1.383921 1.513758 
9.250165 -0.517832 -0.120671 -0.065693 -0.360573 -0.168602 -0.454878 -0.322684 1.383883 1.513694 
9.250121 -0.517998 -0.120774 -0.065797 -0.360595 -0.168639 -0.454779 -0.322616 1.383860 1.513777 
9.250163 -0.517993 -0.120690 -0.065879 -0.360611 -0.168496 -0.454798 -0.322575 1.384062 1.513807 
9.250184 -0.518028 -0.120681 -0.065888 -0.360796 -0.168381 -0.454790 -0.322493 1.384113 1.513781 
9.250094 -0.517951 -0.120728 -0.065976 -0.360840 -0.168223 -0.454704 -0.322494 1.384135 1.513751 
9.250254 -0.517881 -0.120783 -0.065966 -0.360863 -0.168152 -0.454616 -0.322418 1.384148 1.513832 
9.250111 -0.517940 -0.120739 -0.065980 -0.360866 -0.168281 -0.454645 -0.322526 1.384194 1.513702 
9.250120 -0.518062 -0.120743 -0.065967 -0.360780 -0.168106 -0.454706 -0.322419 1.384162 1.513600 
9.250053 -0.518142 -0.120664 -0.066016 -0.360894 -0.167970 -0.454733 -0.322380 1.384239 1.513619 
9.249940 -0.518108 -0.120660 -0.066118 -0.360813 -0.167825 -0.454664 -0.322417 1.384283 1.513631 
9.249959 -0.518079 -0.120596 -0.066054 -0.360817 -0.167785 -0.454651 -0.322471 1.384265 1.513609 
9.249982 -0.518013 -0.120645 -0.066055 -0.360886 -0.167676 -0.454806 -0.322541 1.384320 1.513549 
9.249988 -0.518136 -0.120743 -0.066034 -0.360958 -0.167602 -0.454778 -0.322674 1.384256 1.513574 
9.249939 -0.518133 -0.120784 -0.065947 -0.360949 -0.167597 -0.454773 -0.322655 1.384303 1.513598 
9.249878 -0.518110 -0.120785 -0.065898 -0.361090 -0.167449 -0.454821 -0.322660 1.384262 1.513516 
9.249887 -0.518160 -0.120742 -0.065845 -0.361157 -0.167287 -0.454928 -0.322735 1.384327 1.513499 
9.249910 -0.518205 -0.120745 -0.065775 -0.361167 -0.167115 -0.455031 -0.322798 1.384355 1.513414 
9.249834 -0.518152 -0.120704 -0.065798 -0.361241 -0.166980 -0.455072 -0.322916 1.384413 1.513492 
9.249848 -0.518168 -0.120685 -0.065797 -0.361374 -0.166975 -0.455020 -0.322995 1.384570 1.513407 
9.249997 -0.518117 -0.120721 -0.065783 -0.361435 -0.166858 -0.454957 -0.322930 1.384606 1.513487 
9.250034 -0.518071 -0.120683 -0.065713 -0.361442 -0.166889 -0.454952 -0.322982 1.384570 1.513489 
9.249986 -0.518181 -0.120729 -0.065807 -0.361595 -0.166775 -0.455067 -0.322923 1.384693 1.513539 
9.249935 -0.518293 -0.120609 -0.065795 -0.361657 -0.166639 -0.455003 -0.322901 1.384738 1.513566 
9.249919 -0.518187 -0.120486 -0.065811 -0.361648 -0.166600 -0.455081 -0.322796 1.384848 1.513522 
9.249963 -0.518188 -0.120446 -0.065894 -0.361668 -0.166592 -0.455090 -0.322816 1.384798 1.513491 
9.249963 -0.518270 -0.120458 -0.065832 -0.361594 -0.166542 -0.455123 -0.322861 1.385020 1.513609 
9.249872 -0.518276 -0.120496 -0.065816 -0.361703 -0.166381 -0.455122 -0.322851 1.385129 1.513608 
9.249792 -0.518281 -0.120511 -0.065772 -0.361828 -0.166227 -0.455130 -0.322852 1.385236 1.513619 
9.249753 -0.518301 -0.120479 -0.065694 -0.361947 -0.166095 -0.455162 -0.322884 1.385358 1.513666 
9.249702 -0.518323 -0.120480 -0.065723 -0.362063 -0.165923 -0.455177 -0.322902 1.385467 1.513667 
9.249664 -0.518349 -0.120461 -0.065725 -0.362181 -0.165759 -0.455202 -0.322932 1.385586 1.513686 
9.249658 -0.518371 -0.120397 -0.065583 -0.362272 -0.165693 -0.455246 -0.322978 1.385695 1.513766 
9.249543 -0.518355 -0.120410 -0.065625 -0.362386 -0.165665 -0.455185 -0.322934 1.385812 1.513872 
9.249522 -0.518449 -0.120469 -0.065558 -0.362451 -0.165548 -0.455209 -0.322851 1.385920 1.513800 
9.249440 -0.518462 -0.120500 -0.065529 -0.362424 -0.165374 -0.455304 -0.322802 1.385888 1.513887 
9.249262 -0.518528 -0.120470 -0.065527 -0.362428 -0.165396 -0.455384 -0.322885 1.385928 1.513804 
9.249241 -0.518558 -0.120405 -0.065511 -0.362392 -0.165362 -0.455305 -0.322877 1.385914 1.513795 
9.249237 -0.518445 -0.120564 -0.065473 -0.362465 -0.165267 -0.455393 -0.322949 1.386052 1.513752 
9.249211 -0.518351 -0.120498 -0.065451 -0.362605 -0.165189 -0.455471 -0.322872 1.386072 1.513668 
9.249193 -0.518411 -0.120588 -0.065409 -0.362781 -0.165102 -0.455464 -0.322938 1.386024 1.513657 
9.249208 -0.518456 -0.120614 -0.065428 -0.362873 -0.164972 -0.455557 -0.322952 1.386173 1.513649 
9.249228 -0.518504 -0.120635 -0.065455 -0.362963 -0.164842 -0.455649 -0.322969 1.386321 1.513641 
9.249241 -0.518552 -0.120667 -0.065470 -0.363063 -0.164711 -0.455739 -0.322986 1.386463 1.513633 
9.249265 -0.518593 -0.120676 -0.065505 -0.363131 -0.164586 -0.455837 -0.322995 1.386625 1.513626 
9.249266 -0.518652 -0.120737 -0.065497 -0.363277 -0.164454 -0.455901 -0.323033 1.386713 1.513615 
9.249249 -0.518602 -0.120707 -0.065478 -0.363405 -0.164345 -0.456004 -0.322973 1.386813 1.513556 
9.249225 -0.518530 -0.120776 -0.065427 -0.363448 -0.164219 -0.456050 -0.322996 1.386967 1.513507 
9.249275 -0.518622 -0.120709 -0.065516 -0.363444 -0.164179 -0.456161 -0.322953 1.387106 1.513542 
9.249253 -0.518624 -0.120764 -0.065709 -0.363459 -0.164100 -0.456159 -0.322900 1.387092 1.513446 
9.249305 -0.518657 -0.120774 -0.065670 -0.363419 -0.164083 -0.456196 -0.322899 1.387062 1.513373 
9.249371 -0.518612 -0.120663 -0.065730 -0.363456 -0.163988 -0.456298 -0.323027 1.387043 1.513374 
9.249310 -0.518639 -0.120641 -0.065736 -0.363465 -0.164041 -0.456311 -0.323077 1.387069 1.513314 
9.249529 -0.518603 -0.120642 -0.065751 -0.363551 -0.164047 -0.456205 -0.323028 1.387129 1.513304 
9.249507 -0.518636 -0.120580 -0.065734 -0.363535 -0.163987 -0.456135 -0.323022 1.387136 1.513290 
9.249538 -0.518750 -0.120543 -0.065727 -0.363635 -0.163903 -0.456229 -0.322927 1.387222 1.513248 
9.249552 -0.518649 -0.120431 -0.065743 -0.363552 -0.163911 -0.456286 -0.322810 1.387310 1.513180 
9.249527 -0.518717 -0.120601 -0.065699 -0.363622 -0.163853 -0.456227 -0.322963 1.387295 1.513235 
9.249581 -0.518796 -0.120679 -0.065726 -0.363553 -0.163761 -0.456234 -0.323035 1.387454 1.513234 
9.249564 -0.518732 -0.120760 -0.065645 -0.363649 -0.163626 -0.456230 -0.323061 1.387507 1.513129 
9.249559 -0.518598 -0.120717 -0.065618 -0.363590 -0.163575 -0.456276 -0.322987 1.387639 1.513040 
9.249588 -0.518595 -0.120684 -0.065410 -0.363623 -0.163577 -0.456307 -0.323043 1.387715 1.513097 
9.249590 -0.518557 -0.120630 -0.065458 -0.363661 -0.163544 -0.456333 -0.323101 1.387722 1.513136 
9.249484 -0.518514 -0.120682 -0.065496 -0.363773 -0.163514 -0.456265 -0.323058 1.387853 1.513210 
9.249440 -0.518497 -0.120599 -0.065470 -0.363711 -0.163425 -0.456079 -0.323111 1.387847 1.513189 
9.249494 -0.518470 -0.120622 -0.065463 -0.363698 -0.163369 -0.456070 -0.323061 1.387817 1.513252 
9.249273 -0.518503 -0.120626 -0.065450 -0.363663 -0.163300 -0.456183 -0.323128 1.387823 1.513216 
9.249266 -0.518433 -0.120686 -0.065449 -0.363625 -0.163338 -0.456173 -0.323181 1.387814 1.513233 
9.249283 -0.518518 -0.120593 -0.065479 -0.363800 -0.163140 -0.456216 -0.323115 1.387904 1.513140 
9.249304 -0.518588 -0.120546 -0.065544 -0.363851 -0.162998 -0.456256 -0.323110 1.388056 1.513127 
9.249282 -0.518590 -0.120460 -0.065573 -0.363991 -0.162860 -0.456294 -0.323059 1.388131 1.513078 
9.249319 -0.518546 -0.120554 -0.065609 -0.364062 -0.162723 -0.456310 -0.323152 1.388223 1.513007 
9.249328 -0.518634 -0.120652 -0.065488 -0.364107 -0.162635 -0.456291 -0.323111 1.388316 1.512922 
9.249335 -0.518765 -0.120699 -0.065533 -0.364241 -0.162555 -0.456265 -0.323209 1.388274 1.512968 
9.249309 -0.518801 -0.120781 -0.065691 -0.364223 -0.162503 -0.456226 -0.323121 1.388253 1.512854 
9.249291 -0.518794 -0.120738 -0.065677 -0.364188 -0.162459 -0.456135 -0.323149 1.388246 1.512841 
9.249401 -0.518833 -0.120688 -0.065653 -0.364165 -0.162343 -0.456230 -0.323224 1.388217 1.512725 
9.249376 -0.518805 -0.120731 -0.065658 -0.364227 -0.162187 -0.456253 -0.323297 1.388366 1.512720 
9.249352 -0.518804 -0.120687 -0.065643 -0.364367 -0.162034 -0.456267 -0.323291 1.388479 1.512688 
9.249345 -0.518810 -0.120739 -0.065689 -0.364494 -0.161919 -0.456365 -0.323268 1.388596 1.512649 
9.249306 -0.518890 -0.120766 -0.065628 -0.364557 -0.161767 -0.456392 -0.323253 1.388733 1.512627 
9.249269 -0.518961 -0.120775 -0.065618 -0.364659 -0.161601 -0.456424 -0.323278 1.388849 1.512629 
9.249254 -0.518982 -0.120796 -0.065683 -0.364801 -0.161464 -0.456499 -0.323302 1.388944 1.512624 
9.249213 -0.519056 -0.120785 -0.065647 -0.364879 -0.161433 -0.456491 -0.323360 1.389115 1.512519 
9.249272 -0.519089 -0.120818 -0.065589 -0.364946 -0.161277 -0.456466 -0.323325 1.389256 1.512524 
9.249215 -0.519096 -0.120872 -0.065490 -0.365028 -0.161107 -0.456483 -0.323319 1.389334 1.512484 
9.249170 -0.519115 -0.120826 -0.065465 -0.365028 -0.160948 -0.456536 -0.323275 1.389490 1.512485 
9.249196 -0.519234 -0.120777 -0.065407 -0.365107 -0.160811 -0.456595 -0.323204 1.389540 1.512429 
9.249090 -0.519282 -0.120822 -0.065476 -0.365155 -0.160739 -0.456482 -0.323085 1.389608 1.512420 
9.249067 -0.519269 -0.120794 -0.065432 -0.365217 -0.160788 -0.456491 -0.323056 1.389627 1.512483 
9.249055 -0.519332 -0.120873 -0.065366 -0.365238 -0.160683 -0.456570 -0.323089 1.389777 1.512542 
9.249051 -0.519322 -0.120817 -0.065304 -0.365307 -0.160518 -0.456558 -0.323160 1.389897 1.512575 
9.249079 -0.519250 -0.120843 -0.065247 -0.365372 -0.160417 -0.456630 -0.323122 1.390057 1.512524 
9.249066 -0.519282 -0.120827 -0.065061 -0.365282 -0.160368 -0.456569 -0.323091 1.390147 1.512508 
9.249130 -0.519221 -0.120865 -0.065244 -0.365355 -0.160367 -0.456624 -0.323073 1.390017 1.512588 
9.248964 -0.519241 -0.120832 -0.065273 -0.365442 -0.160282 -0.456774 -0.323153 1.390072 1.512555 
9.249008 -0.519294 -0.120767 -0.065379 -0.365494 -0.160213 -0.456856 -0.323172 1.390216 1.512620 
9.249043 -0.519344 -0.120818 -0.065409 -0.365663 -0.160113 -0.456908 -0.323242 1.390289 1.512645 
9.249013 -0.519271 -0.120882 -0.065481 -0.365728 -0.160050 -0.456932 -0.323349 1.390420 1.512728 
9.249006 -0.519246 -0.120778 -0.065470 -0.365926 -0.160032 -0.456971 -0.323321 1.390472 1.512788 
9.248990 -0.519276 -0.120763 -0.065588 -0.366009 -0.159869 -0.456933 -0.323296 1.390522 1.512707 
9.249089 -0.519268 -0.120706 -0.065616 -0.366070 -0.159750 -0.457045 -0.323408 1.390542 1.512657 
9.249089 -0.519352 -0.120784 -0.065684 -0.366176 -0.159687 -0.457171 -0.323360 1.390635 1.512656 
9.249048 -0.519495 -0.120738 -0.065737 -0.366233 -0.159602 -0.457141 -0.323458 1.390609 1.512760 
9.249039 -0.519385 -0.120761 -0.065666 -0.366182 -0.159730 -0.457170 -0.323405 1.390684 1.512591 
9.249104 -0.519367 -0.120781 -0.065522 -0.366137 -0.159563 -0.457143 -0.323319 1.390751 1.512673 
9.249269 -0.519372 -0.120804 -0.065511 -0.366194 -0.159566 -0.457047 -0.323305 1.390886 1.512648 
9.249252 -0.519295 -0.120904 -0.065398 -0.366308 -0.159456 -0.457029 -0.323310 1.390899 1.512576 
9.249249 -0.519195 -0.120876 -0.065353 -0.366323 -0.159321 -0.457061 -0.323245 1.391045 1.512536 
9.249313 -0.519276 -0.120815 -0.065257 -0.366366 -0.159262 -0.457084 -0.323121 1.391000 1.512423 
9.249311 -0.519298 -0.120857 -0.065303 -0.366304 -0.159214 -0.457052 -0.323126 1.390993 1.512368 
9.249388 -0.519301 -0.120981 -0.065176 -0.366249 -0.159147 -0.457135 -0.323158 1.391071 1.512340 
9.249279 -0.519283 -0.120909 -0.065293 -0.366285 -0.159272 -0.457038 -0.323044 1.391010 1.512363 
9.249252 -0.519370 -0.120836 -0.065294 -0.366391 -0.159061 -0.456930 -0.323130 1.391040 1.512414 
9.249270 -0.519263 -0.120747 -0.065205 -0.366344 -0.159013 -0.456778 -0.323173 1.391005 1.512376 
9.249303 -0.519338 -0.120859 -0.065314 -0.366385 -0.159020 -0.456931 -0.323086 1.390990 1.512478 
9.249258 -0.519344 -0.120828 -0.065401 -0.366551 -0.158965 -0.456934 -0.323157 1.391076 1.512311 
9.249093 -0.519327 -0.120797 -0.065408 -0.366578 -0.158838 -0.457027 -0.323170 1.391009 1.512279 
9.249090 -0.519384 -0.120674 -0.065520 -0.366614 -0.158714 -0.457050 -0.323164 1.391110 1.512249 
9.249072 -0.519492 -0.120704 -0.065565 -0.366757 -0.158653 -0.457010 -0.323253 1.391022 1.512191 
9.248997 -0.519404 -0.120769 -0.065664 -0.366768 -0.158640 -0.456984 -0.323390 1.391098 1.512274 
9.249046 -0.519409 -0.120796 -0.065605 -0.366760 -0.158590 -0.457032 -0.323441 1.391126 1.512271 
9.249030 -0.519375 -0.120910 -0.065534 -0.366835 -0.158472 -0.457059 -0.323413 1.391247 1.512205 
9.249057 -0.519253 -0.120880 -0.065443 -0.366862 -0.158345 -0.456998 -0.323480 1.391280 1.512112 
9.249056 -0.519210 -0.120825 -0.065347 -0.367036 -0.158351 -0.457072 -0.323491 1.391339 1.512188 
9.249093 -0.519144 -0.120902 -0.065332 -0.367101 -0.158275 -0.457210 -0.323535 1.391414 1.512083 
9.248989 -0.519227 -0.120897 -0.065210 -0.367088 -0.158274 -0.457201 -0.323615 1.391543 1.512023 
9.248915 -0.519217 -0.120888 -0.065194 -0.367065 -0.158221 -0.457248 -0.323606 1.391489 1.512043 
9.248964 -0.519224 -0.120966 -0.065124 -0.367104 -0.158040 -0.457221 -0.323589 1.391549 1.512129 
9.248833 -0.519105 -0.121016 -0.065174 -0.367205 -0.158008 -0.457154 -0.323544 1.391618 1.512104 
9.248834 -0.519160 -0.120952 -0.065219 -0.367240 -0.157961 -0.457154 -0.323517 1.391627 1.512068 
9.248836 -0.519245 -0.120990 -0.065152 -0.367370 -0.157937 -0.457120 -0.323479 1.391507 1.511959 
9.248845 -0.519144 -0.120939 -0.065173 -0.367209 -0.157973 -0.457167 -0.323418 1.391651 1.512044 
9.248845 -0.519189 -0.120796 -0.065297 -0.367300 -0.157828 -0.457184 -0.323568 1.391678 1.512037 
9.248811 -0.519324 -0.120788 -0.065419 -0.367371 -0.157786 -0.457287 -0.323542 1.391752 1.512078 
9.248810 -0.519370 -0.120819 -0.065532 -0.367259 -0.157664 -0.457235 -0.323560 1.391762 1.511962 
9.248754 -0.519375 -0.120775 -0.065360 -0.367355 -0.157797 -0.457261 -0.323576 1.391806 1.512063 
9.248732 -0.519431 -0.120642 -0.065416 -0.367376 -0.157758 -0.457128 -0.323536 1.391767 1.512176 
9.248834 -0.519387 -0.120804 -0.065356 -0.367386 -0.157797 -0.457212 -0.323579 1.391869 1.512068 
9.248857 -0.519388 -0.120701 -0.065454 -0.367432 -0.157941 -0.457206 -0.323620 1.391906 1.511955 
9.248768 -0.519325 -0.120831 -0.065379 -0.367435 -0.157782 -0.457178 -0.323558 1.391904 1.512057 
9.248792 -0.519285 -0.120787 -0.065360 -0.367538 -0.157623 -0.457239 -0.323646 1.391989 1.512073 
9.248780 -0.519338 -0.120837 -0.065412 -0.367654 -0.157514 -0.457324 -0.323689 1.392100 1.512142 
9.248806 -0.519326 -0.120763 -0.065365 -0.367676 -0.157420 -0.457393 -0.323542 1.392220 1.512107 
9.248829 -0.519211 -0.120729 -0.065370 -0.367640 -0.157332 -0.457429 -0.323600 1.392374 1.512192 
9.248861 -0.519175 -0.120716 -0.065307 -0.367771 -0.157162 -0.457449 -0.323633 1.392447 1.512171 
9.248799 -0.519091 -0.120781 -0.065306 -0.367894 -0.157058 -0.457415 -0.323582 1.392567 1.512167 
9.248826 -0.519069 -0.120668 -0.065371 -0.368021 -0.157046 -0.457463 -0.323644 1.392674 1.512080 
9.248679 -0.519084 -0.120632 -0.065281 -0.368029 -0.156987 -0.457569 -0.323718 1.392739 1.512018 
9.248607 -0.519138 -0.120474 -0.065299 -0.368086 -0.156886 -0.457494 -0.323719 1.392756 1.512103 
9.248588 -0.519042 -0.120398 -0.065299 -0.368212 -0.156830 -0.457629 -0.323703 1.392712 1.512172 
9.248576 -0.519027 -0.120403 -0.065371 -0.368171 -0.156763 -0.457640 -0.323700 1.392677 1.512129 
9.248599 -0.519076 -0.120346 -0.065384 -0.368227 -0.156592 -0.457650 -0.323749 1.392804 1.512081 
9.248496 -0.519068 -0.120321 -0.065477 -0.368290 -0.156517 -0.457641 -0.323719 1.392972 1.512054 
9.248494 -0.518961 -0.120205 -0.065414 -0.368303 -0.156421 -0.457559 -0.323745 1.393016 1.511945 
9.248457 -0.518944 -0.120243 -0.065462 -0.368383 -0.156361 -0.457503 -0.323946 1.393017 1.511963 
9.248419 -0.519051 -0.120241 -0.065455 -0.368537 -0.156300 -0.457476 -0.323924 1.392963 1.511839 
9.248416 -0.519133 -0.120106 -0.065507 -0.368568 -0.156202 -0.457517 -0.324031 1.393034 1.511783 
9.248339 -0.519066 -0.120260 -0.065390 -0.368499 -0.156275 -0.457513 -0.323940 1.392960 1.511837 
9.248318 -0.519056 -0.120354 -0.065326 -0.368527 -0.156087 -0.457451 -0.323900 1.392981 1.511900 
9.248352 -0.518987 -0.120503 -0.065275 -0.368565 -0.156028 -0.457534 -0.323924 1.393058 1.511797 
9.248248 -0.518908 -0.120577 -0.065356 -0.368523 -0.155896 -0.457519 -0.323898 1.392974 1.511738 
9.248238 -0.518857 -0.120542 -0.065349 -0.368585 -0.155886 -0.457585 -0.323886 1.392945 1.511780 
9.248130 -0.518808 -0.120611 -0.065225 -0.368695 -0.155820 -0.457525 -0.323882 1.393009 1.511814 
9.248276 -0.518811 -0.120499 -0.065286 -0.368567 -0.155870 -0.457551 -0.323909 1.392903 1.511740 
9.248286 -0.518965 -0.120666 -0.065330 -0.368596 -0.155812 -0.457673 -0.323923 1.392851 1.511861 
9.248284 -0.519016 -0.120652 -0.065310 -0.368632 -0.155807 -0.457681 -0.323843 1.392828 1.511803 
9.248302 -0.518995 -0.120646 -0.065293 -0.368529 -0.155728 -0.457771 -0.323701 1.392931 1.511855 
9.248271 -0.519038 -0.120589 -0.065294 -0.368529 -0.155673 -0.457803 -0.323756 1.392963 1.511828 
9.248366 -0.519055 -0.120564 -0.065417 -0.368643 -0.155551 -0.457778 -0.323749 1.393039 1.511816 
9.248342 -0.519102 -0.120541 -0.065532 -0.368730 -0.155472 -0.457893 -0.323764 1.393138 1.511737 
9.248278 -0.519200 -0.120418 -0.065623 -0.368760 -0.155382 -0.457842 -0.323726 1.393130 1.511834 
9.248375 -0.519151 -0.120523 -0.065502 -0.368762 -0.155537 -0.457904 -0.323770 1.393195 1.511778 
9.248487 -0.519073 -0.120474 -0.065450 -0.368761 -0.155365 -0.457933 -0.323813 1.393165 1.511642 
9.248520 -0.519177 -0.120561 -0.065459 -0.368678 -0.155321 -0.457834 -0.323839 1.393267 1.511541 
9.248534 -0.519226 -0.120628 -0.065438 -0.368693 -0.155278 -0.457872 -0.323857 1.393227 1.511585 
9.248432 -0.519169 -0.120683 -0.065324 -0.368807 -0.155203 -0.457816 -0.323849 1.393315 1.511599 
9.248441 -0.519130 -0.120688 -0.065328 -0.368742 -0.155171 -0.457850 -0.323835 1.393373 1.511656 
9.248465 -0.519074 -0.120739 -0.065376 -0.368781 -0.155141 -0.457836 -0.324049 1.393406 1.511694 
9.248530 -0.519044 -0.120776 -0.065425 -0.368826 -0.155138 -0.457799 -0.324000 1.393410 1.511712 
9.248501 -0.519081 -0.120868 -0.065303 -0.368825 -0.155037 -0.457964 -0.324055 1.393468 1.511637 
9.248512 -0.519178 -0.120806 -0.065299 -0.368867 -0.154843 -0.457932 -0.324064 1.393492 1.511710 
9.248575 -0.519222 -0.120805 -0.065178 -0.368855 -0.154686 -0.457855 -0.324089 1.393473 1.511796 
9.248453 -0.519197 -0.120860 -0.065283 -0.368826 -0.154533 -0.457841 -0.324069 1.393405 1.511774 
9.248375 -0.519337 -0.120882 -0.065352 -0.368897 -0.154479 -0.457866 -0.324065 1.393503 1.511876 
9.248345 -0.519288 -0.120791 -0.065362 -0.369021 -0.154415 -0.457990 -0.324056 1.393451 1.511976 
9.248294 -0.519235 -0.120776 -0.065325 -0.369061 -0.154407 -0.457945 -0.324042 1.393512 1.511957 
9.248285 -0.519270 -0.120673 -0.065395 -0.369109 -0.154273 -0.457943 -0.324048 1.393651 1.511899 
9.248210 -0.519294 -0.120711 -0.065394 -0.369205 -0.154138 -0.457985 -0.324038 1.393800 1.511882 
9.248129 -0.519329 -0.120692 -0.065398 -0.369287 -0.153984 -0.457956 -0.324035 1.393937 1.511917 
9.248084 -0.519382 -0.120685 -0.065437 -0.369379 -0.153824 -0.458031 -0.324034 1.394053 1.511927 
9.248016 -0.519430 -0.120639 -0.065458 -0.369455 -0.153661 -0.458003 -0.324036 1.394172 1.511982 
9.248014 -0.519492 -0.120631 -0.065525 -0.369536 -0.153522 -0.458145 -0.324041 1.394242 1.511977 
9.247935 -0.519381 -0.120665 -0.065523 -0.369537 -0.153355 -0.458120 -0.324025 1.394258 1.511872 
9.248028 -0.519359 -0.120652 -0.065356 -0.369591 -0.153257 -0.458115 -0.324037 1.394345 1.511826 
9.247995 -0.519446 -0.120655 -0.065329 -0.369753 -0.153242 -0.458046 -0.324071 1.394277 1.511712 
9.247930 -0.519478 -0.120617 -0.065279 -0.369707 -0.153246 -0.458083 -0.324114 1.394273 1.511693 
9.247901 -0.519539 -0.120577 -0.065221 -0.369694 -0.153221 -0.458095 -0.323896 1.394274 1.511655 
9.247904 -0.519409 -0.120558 -0.065270 -0.369767 -0.153277 -0.458114 -0.324103 1.394267 1.511711 
9.247904 -0.519451 -0.120641 -0.065206 -0.369766 -0.153146 -0.458064 -0.324156 1.394445 1.511610 
9.247914 -0.519443 -0.120571 -0.065136 -0.369801 -0.152943 -0.458002 -0.324203 1.394462 1.511642 
9.247989 -0.519439 -0.120572 -0.065126 -0.369845 -0.152804 -0.458150 -0.324238 1.394471 1.511544 
9.247933 -0.519422 -0.120727 -0.065009 -0.369910 -0.152735 -0.458208 -0.324241 1.394447 1.511618 
9.247975 -0.519363 -0.120593 -0.065113 -0.369806 -0.152792 -0.458118 -0.324231 1.394424 1.511485 
9.248093 -0.519466 -0.120492 -0.065028 -0.369895 -0.152715 -0.458144 -0.324302 1.394579 1.511468 
9.248047 -0.519493 -0.120435 -0.065095 -0.369950 -0.152551 -0.458158 -0.324347 1.394689 1.511400 
9.248002 -0.519520 -0.120387 -0.065147 -0.370012 -0.152380 -0.458176 -0.324394 1.394800 1.511337 
9.248008 -0.519551 -0.120322 -0.065146 -0.370077 -0.152220 -0.458188 -0.324453 1.394923 1.511262 
9.247986 -0.519619 -0.120390 -0.065107 -0.370185 -0.152098 -0.458305 -0.324483 1.394984 1.511321 
9.247965 -0.519769 -0.120387 -0.065115 -0.370108 -0.152012 -0.458359 -0.324623 1.394961 1.511309 
9.247989 -0.519703 -0.120401 -0.065146 -0.370093 -0.152021 -0.458370 -0.324698 1.394993 1.511353 
9.248002 -0.519699 -0.120363 -0.065137 -0.369990 -0.151923 -0.458468 -0.324594 1.395112 1.511410 
9.248065 -0.519726 -0.120432 -0.065177 -0.369981 -0.151896 -0.458419 -0.324573 1.395123 1.511409 
9.248135 -0.519760 -0.120391 -0.065265 -0.370129 -0.151764 -0.458475 -0.324569 1.395140 1.511439 
9.248123 -0.519809 -0.120472 -0.065311 -0.370189 -0.151803 -0.458566 -0.324579 1.395290 1.511328 
9.248045 -0.519874 -0.120509 -0.065281 -0.370265 -0.151734 -0.458476 -0.324601 1.395444 1.511392 
9.247992 -0.519836 -0.120622 -0.065225 -0.370321 -0.151568 -0.458472 -0.324623 1.395515 1.511337 
9.248013 -0.519832 -0.120712 -0.065107 -0.370394 -0.151432 -0.458470 -0.324659 1.395618 1.511296 
9.247928 -0.519818 -0.120849 -0.065089 -0.370458 -0.151280 -0.458480 -0.324666 1.395690 1.511285 
9.247944 -0.519917 -0.120867 -0.065003 -0.370542 -0.151263 -0.458425 -0.324695 1.395844 1.511366 
9.247946 -0.519901 -0.120790 -0.065014 -0.370544 -0.151165 -0.458312 -0.324734 1.395971 1.511250 
9.248014 -0.519939 -0.120850 -0.064984 -0.370606 -0.151157 -0.458389 -0.324762 1.396121 1.511123 
9.248122 -0.519950 -0.120801 -0.064976 -0.370749 -0.151005 -0.458416 -0.324782 1.396147 1.511127 
9.248284 -0.519996 -0.120913 -0.065000 -0.370721 -0.150919 -0.458323 -0.324754 1.396171 1.511120 
9.248274 -0.520067 -0.120902 -0.065001 -0.370670 -0.150883 -0.458353 -0.324821 1.396152 1.511118 
9.248306 -0.520050 -0.120839 -0.064904 -0.370639 -0.150745 -0.458439 -0.324782 1.396276 1.511139 
9.248360 -0.519934 -0.120858 -0.064913 -0.370657 -0.150723 -0.458457 -0.324960 1.396354 1.511198 
9.248369 -0.519917 -0.120869 -0.064813 -0.370662 -0.150723 -0.458432 -0.324984 1.396308 1.511166 
9.248353 -0.520009 -0.120815 -0.065028 -0.370754 -0.150626 -0.458505 -0.324965 1.396487 1.511207 
9.248376 -0.520080 -0.120848 -0.065141 -0.370739 -0.150542 -0.458511 -0.324947 1.396667 1.511223 
9.248362 -0.520146 -0.120776 -0.065154 -0.370904 -0.150430 -0.458556 -0.324990 1.396740 1.511192 
9.248312 -0.520055 -0.120929 -0.065123 -0.370747 -0.150487 -0.458503 -0.324955 1.396658 1.511218 
9.248403 -0.519971 -0.121010 -0.065084 -0.370598 -0.150539 -0.458451 -0.325025 1.396708 1.511254 
9.248295 -0.520109 -0.120933 -0.065062 -0.370780 -0.150514 -0.458454 -0.324970 1.396691 1.511268 
9.248274 -0.520163 -0.120893 -0.065061 -0.370940 -0.150386 -0.458489 -0.325031 1.396777 1.511242 
9.248270 -0.520120 -0.120900 -0.065073 -0.370746 -0.150492 -0.458374 -0.324955 1.396721 1.511207 
9.248295 -0.520218 -0.121025 -0.065122 -0.370699 -0.150533 -0.458481 -0.324814 1.396727 1.511312 
9.248343 -0.520109 -0.120925 -0.065079 -0.370786 -0.150450 -0.458403 -0.324956 1.396641 1.511322 
9.248201 -0.520039 -0.120835 -0.065131 -0.370715 -0.150471 -0.458406 -0.324954 1.396644 1.511457 
9.248334 -0.520177 -0.120920 -0.065076 -0.370727 -0.150425 -0.458426 -0.325023 1.396610 1.511319 
9.248436 -0.520013 -0.121008 -0.065041 -0.370648 -0.150506 -0.458346 -0.325015 1.396696 1.511359 
9.248336 -0.520122 -0.120960 -0.065166 -0.370817 -0.150492 -0.458368 -0.325001 1.396635 1.511323 
9.248307 -0.520102 -0.120941 -0.065018 -0.370758 -0.150566 -0.458351 -0.324905 1.396459 1.511284 
9.248328 -0.520166 -0.120977 -0.065069 -0.370778 -0.150498 -0.458444 -0.324912 1.396674 1.511360 
9.248377 -0.520140 -0.120945 -0.065198 -0.370680 -0.150363 -0.458346 -0.324816 1.396618 1.511298 
9.248340 -0.520121 -0.120901 -0.065069 -0.370841 -0.150383 -0.458416 -0.324973 1.396674 1.511311 
9.248362 -0.520094 -0.120937 -0.065081 -0.370768 -0.150444 -0.458400 -0.324972 1.396673 1.511332 
9.248355 -0.520082 -0.120951 -0.065050 -0.370742 -0.150501 -0.458372 -0.324955 1.396597 1.511319 
9.248318 -0.520094 -0.120910 -0.065069 -0.370792 -0.150466 -0.458412 -0.324977 1.396645 1.511344 
9.248310 -0.520097 -0.120904 -0.065128 -0.370735 -0.150432 -0.458388 -0.324916 1.396635 1.511355 
9.248369 -0.520119 -0.120892 -0.065087 -0.370783 -0.150472 -0.458406 -0.324953 1.396645 1.511324 
9.248387 -0.520141 -0.120841 -0.065084 -0.370834 -0.150420 -0.458418 -0.324961 1.396674 1.511310 
9.248362 -0.520141 -0.120919 -0.065077 -0.370799 -0.150468 -0.458417 -0.324925 1.396644 1.511323 
9.248365 -0.520141 -0.120900 -0.065094 -0.370744 -0.150534 -0.458431 -0.324955 1.396682 1.511368 
