Start Optimization 
13.269380 -0.527155 -0.075966 -0.084239 0.821877 -0.268030 -0.397357 -0.285509 0.971890 -0.920594 
14.269380 -0.527155 -0.075966 -0.084239 0.821877 -0.268030 -0.397357 -0.285509 0.971890 -0.920594 
13.269380 0.472845 -0.075966 -0.084239 0.821877 -0.268030 -0.397357 -0.285509 0.971890 -0.920594 
13.269380 -0.527155 0.924034 -0.084239 0.821877 -0.268030 -0.397357 -0.285509 0.971890 -0.920594 
13.269380 -0.527155 -0.075966 0.915761 0.821877 -0.268030 -0.397357 -0.285509 0.971890 -0.920594 
13.269380 -0.527155 -0.075966 -0.084239 1.821877 -0.268030 -0.397357 -0.285509 0.971890 -0.920594 
13.269380 -0.527155 -0.075966 -0.084239 0.821877 0.731970 -0.397357 -0.285509 0.971890 -0.920594 
13.269380 -0.527155 -0.075966 -0.084239 0.821877 -0.268030 0.602643 -0.285509 0.971890 -0.920594 
13.269380 -0.527155 -0.075966 -0.084239 0.821877 -0.268030 0.602643 0.714491 0.971890 -0.920594 
13.269380 -0.527155 -0.075966 -0.084239 0.821877 -0.268030 0.602643 -0.285509 1.971890 -0.920594 
13.269380 -0.527155 -0.075966 -0.084239 0.821877 -0.268030 0.602643 -0.285509 1.971890 0.079406 
13.268846 -0.755419 -0.386913 -0.985284 0.807724 -0.395238 0.602951 -0.436979 1.972118 0.079438 
13.269336 -0.546016 0.417828 -0.158690 0.820708 -0.278541 0.602668 -0.298025 1.971909 0.079409 
13.019381 -0.526570 -0.075966 -0.084239 0.821877 -0.268030 0.602643 -0.285509 1.971890 0.079406 
13.020542 -0.029980 -0.096074 -0.137669 0.821038 -0.275573 0.602661 -0.294491 1.971904 0.079408 
13.019381 -0.526570 -0.075966 -0.080313 0.571908 -0.268030 0.602643 -0.285509 1.971890 0.079406 
13.019415 -0.509423 -0.209262 0.390976 0.829851 -0.318034 0.602764 -0.345051 1.971980 0.079419 
13.019381 -0.526570 -0.075966 -0.084239 0.821877 -0.459473 0.602643 -0.124731 1.971890 0.079406 
13.019390 -0.521922 -0.112100 -0.069438 0.822248 0.052617 0.602676 0.096118 1.971914 0.079409 
13.019381 -0.526588 -0.075991 -0.084312 0.821876 -0.268040 0.852643 -0.285521 1.971890 0.079406 
13.019166 -0.615165 -0.401754 -0.451091 0.816782 -0.291727 0.601895 -0.314569 1.972007 0.079423 
13.019381 -0.526574 -0.075856 -0.084256 0.821877 -0.268032 0.602643 -0.285512 2.221890 0.079406 
13.019280 -0.565905 0.390873 -0.258912 0.819889 -0.260874 0.601957 -0.277944 2.221737 0.079425 
13.019381 -0.526577 -0.075870 -0.084267 0.821877 -0.268034 0.602643 -0.285514 2.221890 0.329406 
13.019168 -0.614350 -0.405799 -0.447578 0.816825 -0.291717 0.601906 -0.314544 2.222066 0.079313 
12.912876 -0.579249 -0.073429 -0.069345 0.928505 -0.220796 0.496259 -0.394682 2.115507 0.079406 
13.042426 -0.529689 -0.216640 0.389898 0.807372 -0.320708 0.624823 -0.313782 2.245144 0.079321 
13.030903 -0.528132 -0.146248 0.152821 0.814625 -0.294370 0.613733 -0.299647 2.233517 0.079364 
13.030408 -0.645990 -0.050648 -0.079055 0.810650 -0.271246 0.613946 -0.271757 2.233184 0.079406 
13.014472 -0.454106 0.158501 -0.130345 0.826828 -0.268923 0.597043 -0.295222 2.216765 0.079366 
13.031303 -0.531314 -0.080762 -0.102511 0.809655 -0.354683 0.614563 -0.370133 2.233823 0.079404 
13.012162 -0.532441 -0.231764 -0.276177 0.826842 -0.240970 0.594673 -0.265469 2.214818 0.079321 
13.015771 -0.529508 -0.153810 -0.180216 0.824359 -0.254501 0.598658 -0.275490 2.218354 0.079363 
13.075290 -0.526706 -0.075916 -0.084283 0.835845 -0.257350 0.588676 -0.294511 2.207923 0.079406 
13.020701 -0.510446 -0.147950 0.015698 0.819551 -0.278047 0.606617 -0.291217 2.226437 0.079357 
13.019380 -0.526562 -0.075776 -0.083992 0.803838 -0.226585 0.620684 -0.320325 2.239931 0.079406 
13.013128 -0.467947 0.030482 -0.106478 0.829831 -0.279998 0.594433 -0.281249 2.214455 0.079339 
13.019378 -0.526543 -0.075694 -0.083869 0.796367 -0.268031 0.551609 -0.285514 2.247403 0.079406 
13.013128 -0.467948 0.030479 -0.106485 0.830283 -0.279998 0.595339 -0.281248 2.214002 0.079339 
13.019376 -0.526515 -0.075527 -0.085010 0.866070 -0.268034 0.602638 -0.285522 2.266077 0.079406 
13.013127 -0.467946 0.030477 -0.106469 0.829315 -0.279999 0.595339 -0.281248 2.213034 0.079339 
13.016254 -0.497260 -0.022689 -0.095362 0.825596 -0.274015 0.598991 -0.283380 2.217462 0.079372 
13.032608 -0.520367 -0.077501 -0.087832 0.808613 -0.273683 0.615849 -0.271703 2.235104 0.079406 
13.027111 -0.515611 -0.106189 -0.141436 0.814032 -0.270011 0.609790 -0.265448 2.228913 0.079375 
13.032610 -0.520368 -0.077515 -0.087807 0.808612 -0.273685 0.615851 -0.271704 2.235106 0.048156 
13.031700 -0.497103 -0.107430 -0.040130 0.811248 -0.286746 0.614385 -0.268516 2.233358 0.079645 
13.035026 -0.548864 -0.071471 -0.081387 0.806663 -0.278732 0.618068 -0.265187 2.237109 0.079492 
13.031110 -0.519638 -0.076641 -0.085602 0.810147 -0.262855 0.614352 -0.261142 2.233603 0.079406 
13.032229 -0.510207 -0.048869 -0.087927 0.809482 -0.280774 0.615152 -0.270988 2.233949 0.079486 
13.018869 -0.520334 -0.077483 -0.087813 0.804351 -0.274402 0.620111 -0.271093 2.239366 0.079406 
13.024630 -0.522501 -0.074939 -0.084426 0.796057 -0.254959 0.628577 -0.289353 2.247665 0.079466 
13.018859 -0.520245 -0.077668 -0.087762 0.810745 -0.274450 0.632853 -0.271078 2.232974 0.079406 
13.018642 -0.512180 -0.091126 -0.062729 0.804779 -0.284001 0.619052 -0.269987 2.239388 0.079544 
13.018638 -0.512191 -0.091232 -0.062584 0.793735 -0.283997 0.619048 -0.269980 2.228335 0.079544 
13.015906 -0.508769 -0.117374 -0.072965 0.795638 -0.295138 0.615255 -0.265738 2.225881 0.079836 
13.012611 -0.490297 -0.110816 -0.071338 0.798307 -0.317585 0.610318 -0.260259 2.222241 0.080232 
13.015312 -0.472313 -0.125682 -0.064303 0.791006 -0.322441 0.613907 -0.276048 2.228227 0.080902 
13.019250 -0.491435 -0.110733 -0.072114 0.791717 -0.320998 0.616919 -0.252755 2.228815 0.080232 
13.016288 -0.514966 -0.108909 -0.065904 0.795498 -0.336258 0.612613 -0.243232 2.224844 0.080361 
13.012195 -0.511487 -0.110325 -0.061735 0.800001 -0.325249 0.607548 -0.216036 2.220201 0.080465 
13.016286 -0.515138 -0.108623 -0.066434 0.794632 -0.336054 0.612630 -0.243254 2.223994 0.095925 
13.015928 -0.518280 -0.103708 -0.078723 0.775175 -0.337435 0.612263 -0.242217 2.203905 0.093443 
13.005416 -0.518198 -0.103814 -0.078675 0.776037 -0.338015 0.623733 -0.241741 2.203045 0.093443 
13.022941 -0.517864 -0.104578 -0.079065 0.791006 -0.339497 0.637428 -0.241885 2.187085 0.093506 
13.004178 -0.518731 -0.112600 -0.090307 0.779759 -0.340768 0.622211 -0.240018 2.204805 0.093546 
13.005852 -0.525098 -0.078867 -0.094502 0.780495 -0.339833 0.624660 -0.241001 2.208643 0.093589 
13.007437 -0.522930 -0.121266 -0.069170 0.759696 -0.352562 0.625980 -0.245803 2.195673 0.094224 
13.003437 -0.516613 -0.106380 -0.076263 0.775560 -0.333362 0.621345 -0.228487 2.198349 0.093562 
13.003405 -0.513705 -0.102309 -0.078153 0.777893 -0.342575 0.621349 -0.241880 2.200967 0.093534 
12.997541 -0.517938 -0.104597 -0.076944 0.782181 -0.337166 0.615738 -0.249035 2.193563 0.093519 
13.003514 -0.512918 -0.102235 -0.078645 0.777325 -0.341909 0.621517 -0.242244 2.200694 0.101225 
13.004704 -0.501953 -0.105014 -0.080670 0.773667 -0.336201 0.623336 -0.246510 2.200440 0.090975 
13.003442 -0.511423 -0.107534 -0.070254 0.786320 -0.343030 0.621441 -0.242519 2.209697 0.094721 
13.003168 -0.515441 -0.096739 -0.082229 0.776248 -0.345172 0.621338 -0.241722 2.200065 0.093360 
13.003677 -0.517010 -0.099492 -0.081120 0.771570 -0.349677 0.621854 -0.242639 2.197572 0.093458 
13.003840 -0.518793 -0.098702 -0.079817 0.771323 -0.356559 0.622315 -0.243605 2.200128 0.094098 
13.003092 -0.520200 -0.098152 -0.078690 0.769423 -0.361745 0.621666 -0.238631 2.199125 0.094595 
13.001765 -0.518289 -0.098744 -0.079892 0.769283 -0.356055 0.620742 -0.243810 2.202062 0.093970 
13.005758 -0.515855 -0.098237 -0.081270 0.769111 -0.359953 0.624620 -0.248479 2.200747 0.093363 
13.003380 -0.519462 -0.098110 -0.080915 0.770408 -0.361730 0.622539 -0.253728 2.198415 0.093626 
13.003300 -0.516108 -0.098220 -0.081110 0.769150 -0.359769 0.627632 -0.248379 2.200637 0.093356 
13.009086 -0.520170 -0.096765 -0.079399 0.765956 -0.358242 0.626909 -0.249309 2.203365 0.093415 
13.005739 -0.516464 -0.098731 -0.081569 0.769472 -0.360199 0.624576 -0.248218 2.201052 0.089595 
13.006317 -0.518668 -0.102785 -0.087140 0.769912 -0.360937 0.625282 -0.247745 2.203223 0.091080 
13.005980 -0.516124 -0.101924 -0.079476 0.768934 -0.360271 0.624720 -0.248535 2.200776 0.089698 
13.006297 -0.513880 -0.097393 -0.078778 0.773684 -0.361483 0.625278 -0.248845 2.205939 0.089048 
13.006854 -0.513179 -0.097870 -0.082710 0.766012 -0.356915 0.625452 -0.248385 2.196790 0.087305 
13.005679 -0.516769 -0.098176 -0.081061 0.767963 -0.363100 0.624570 -0.246385 2.200325 0.089485 
13.004569 -0.518584 -0.097681 -0.080571 0.767852 -0.364438 0.623557 -0.248485 2.198609 0.089225 
13.006931 -0.517463 -0.098018 -0.080823 0.768616 -0.363118 0.625487 -0.246309 2.199688 0.089558 
13.005929 -0.518184 -0.097501 -0.080271 0.765331 -0.362187 0.624667 -0.246608 2.202392 0.089338 
13.005444 -0.519042 -0.097665 -0.080121 0.765487 -0.361311 0.624079 -0.245459 2.201833 0.089488 
13.004174 -0.515922 -0.097216 -0.079790 0.764943 -0.362881 0.623468 -0.245724 2.204311 0.088878 
13.005796 -0.519078 -0.098130 -0.080776 0.766036 -0.362885 0.624584 -0.246508 2.203450 0.089813 
13.005620 -0.518848 -0.099691 -0.083772 0.764134 -0.362969 0.624638 -0.246454 2.203098 0.089917 
13.006843 -0.518729 -0.099699 -0.083851 0.764117 -0.363062 0.623128 -0.246516 2.203146 0.089920 
13.003826 -0.520262 -0.099496 -0.083619 0.763722 -0.364139 0.623230 -0.248835 2.202213 0.089831 
13.003910 -0.520611 -0.099741 -0.083761 0.763980 -0.364206 0.623275 -0.248735 2.202332 0.087958 
13.005120 -0.522739 -0.099795 -0.084254 0.763808 -0.366769 0.624436 -0.249326 2.202961 0.088532 
13.005201 -0.523578 -0.097924 -0.086477 0.765056 -0.365780 0.624621 -0.250743 2.204181 0.088748 
13.005714 -0.523135 -0.100868 -0.083934 0.764085 -0.365849 0.624845 -0.250251 2.202685 0.088696 
13.004502 -0.521999 -0.102189 -0.082413 0.762802 -0.368576 0.624059 -0.248677 2.203566 0.088523 
13.004137 -0.524348 -0.102795 -0.081895 0.762503 -0.368236 0.623402 -0.246326 2.201941 0.088934 
13.004346 -0.521554 -0.102681 -0.082927 0.764258 -0.369202 0.623990 -0.248543 2.202849 0.088720 
13.005601 -0.521006 -0.101499 -0.081377 0.760979 -0.369495 0.625001 -0.249047 2.201144 0.087844 
13.005457 -0.520809 -0.102260 -0.082880 0.760046 -0.369417 0.624982 -0.249011 2.200952 0.087873 
13.005186 -0.521295 -0.102558 -0.081356 0.757232 -0.370217 0.624896 -0.249271 2.202910 0.087605 
13.004218 -0.520897 -0.102253 -0.082808 0.760089 -0.369301 0.626479 -0.248944 2.200885 0.087865 
13.003733 -0.519795 -0.103944 -0.082475 0.761066 -0.372366 0.626375 -0.248907 2.200208 0.088011 
13.003293 -0.521923 -0.104864 -0.081781 0.760740 -0.372681 0.625735 -0.246577 2.198474 0.088411 
13.003404 -0.522250 -0.105112 -0.081926 0.761004 -0.372730 0.625802 -0.246440 2.198608 0.086540 
13.005338 -0.521110 -0.105817 -0.081840 0.761234 -0.372810 0.627421 -0.243977 2.199556 0.086803 
13.004546 -0.518459 -0.107002 -0.080678 0.761202 -0.371845 0.626742 -0.242269 2.199119 0.086215 
13.005849 -0.521410 -0.107158 -0.081304 0.761386 -0.372122 0.627778 -0.244808 2.199357 0.086963 
13.006802 -0.522531 -0.104732 -0.083100 0.761551 -0.375216 0.628812 -0.243422 2.199859 0.087137 
13.007342 -0.521967 -0.104231 -0.082683 0.760738 -0.375335 0.629252 -0.243652 2.198547 0.086766 
13.007396 -0.519844 -0.103509 -0.082684 0.760586 -0.376689 0.629455 -0.240870 2.198065 0.086167 
13.009374 -0.518866 -0.105407 -0.081900 0.760819 -0.377538 0.631179 -0.239707 2.197042 0.086013 
13.009522 -0.519068 -0.105112 -0.082599 0.761940 -0.376707 0.631163 -0.239310 2.196019 0.086164 
13.009622 -0.520603 -0.105194 -0.080706 0.758321 -0.377092 0.631215 -0.237682 2.197434 0.085901 
13.009155 -0.518664 -0.106138 -0.083405 0.759884 -0.377417 0.631272 -0.239690 2.196871 0.086035 
13.007216 -0.518025 -0.105639 -0.083306 0.759820 -0.377175 0.634463 -0.240043 2.197509 0.085799 
13.009428 -0.518896 -0.106179 -0.083629 0.760087 -0.377214 0.631279 -0.239744 2.197190 0.084178 
13.010971 -0.516277 -0.105343 -0.083984 0.759006 -0.377813 0.630960 -0.240800 2.198542 0.086527 
13.011441 -0.517198 -0.104666 -0.084658 0.759137 -0.379062 0.631440 -0.240887 2.198554 0.086662 
13.009388 -0.514277 -0.106994 -0.082988 0.758405 -0.378767 0.629440 -0.241677 2.197909 0.086000 
13.008749 -0.514104 -0.108814 -0.083375 0.759809 -0.378898 0.628861 -0.240405 2.200558 0.086629 
13.009704 -0.514815 -0.107804 -0.082956 0.758830 -0.378433 0.629684 -0.243207 2.197984 0.086269 
13.009675 -0.514038 -0.106724 -0.081454 0.755254 -0.377418 0.629136 -0.241261 2.197135 0.085722 
13.009329 -0.513320 -0.106568 -0.083643 0.759413 -0.378312 0.629275 -0.241692 2.196891 0.085980 
13.009904 -0.514014 -0.107370 -0.082702 0.758536 -0.378970 0.629907 -0.241432 2.197748 0.085819 
13.009317 -0.513891 -0.106069 -0.082355 0.758849 -0.378755 0.629510 -0.242241 2.198735 0.084905 
13.009071 -0.514055 -0.107125 -0.083502 0.758089 -0.378674 0.630012 -0.241774 2.198053 0.085760 
13.008056 -0.513992 -0.106764 -0.082653 0.758398 -0.378781 0.630937 -0.241762 2.197874 0.086725 
13.008700 -0.514537 -0.107362 -0.083369 0.758310 -0.378439 0.630039 -0.241540 2.197763 0.085245 
13.008720 -0.514522 -0.106709 -0.084173 0.758041 -0.380258 0.629889 -0.242031 2.197576 0.085590 
13.008809 -0.514271 -0.107212 -0.083455 0.758172 -0.378749 0.629357 -0.241417 2.198394 0.086140 
13.008638 -0.513337 -0.107727 -0.084527 0.758799 -0.378781 0.630534 -0.241521 2.198943 0.085522 
13.008262 -0.512995 -0.107639 -0.084936 0.758160 -0.378483 0.630417 -0.241448 2.198902 0.085469 
13.008384 -0.513113 -0.107358 -0.085046 0.758164 -0.378433 0.630555 -0.241142 2.198957 0.085475 
13.008442 -0.513569 -0.107346 -0.085551 0.758223 -0.378051 0.630631 -0.241600 2.199116 0.085785 
13.008340 -0.512948 -0.107130 -0.085109 0.758441 -0.378318 0.630375 -0.241204 2.198794 0.085455 
13.008232 -0.513091 -0.107000 -0.084728 0.758022 -0.378524 0.630527 -0.241337 2.199593 0.084995 
13.008692 -0.513125 -0.107464 -0.085194 0.758121 -0.378428 0.630322 -0.241120 2.198978 0.085244 
13.008834 -0.512708 -0.107805 -0.084956 0.757827 -0.378771 0.630516 -0.240532 2.198953 0.085243 
13.008805 -0.513042 -0.107562 -0.085030 0.758150 -0.378030 0.630356 -0.241088 2.199103 0.085313 
13.008710 -0.513601 -0.107608 -0.085768 0.757820 -0.378783 0.630552 -0.241329 2.199125 0.085447 
13.008808 -0.513037 -0.107430 -0.085212 0.758089 -0.378382 0.630650 -0.241288 2.198797 0.085034 
13.008235 -0.513571 -0.107745 -0.085147 0.758227 -0.378271 0.630324 -0.240790 2.198741 0.084731 
13.008751 -0.513332 -0.107306 -0.084972 0.757877 -0.378397 0.630309 -0.241094 2.198778 0.085372 
13.008833 -0.512903 -0.107545 -0.085131 0.758066 -0.378652 0.629650 -0.241470 2.198811 0.084777 
13.008828 -0.513085 -0.107670 -0.085460 0.757968 -0.378859 0.629682 -0.241605 2.198912 0.084793 
13.008841 -0.512891 -0.107809 -0.085453 0.757866 -0.379171 0.629764 -0.241348 2.198899 0.084768 
13.009027 -0.513035 -0.107899 -0.085281 0.758146 -0.379419 0.629830 -0.241346 2.198928 0.084773 
13.008986 -0.513056 -0.107825 -0.085197 0.758081 -0.379452 0.629866 -0.241370 2.199097 0.084678 
13.008918 -0.512940 -0.107710 -0.085242 0.758149 -0.379838 0.629945 -0.241192 2.199170 0.084587 
13.008956 -0.512804 -0.107817 -0.085221 0.758128 -0.380177 0.630046 -0.240991 2.199344 0.084487 
13.008904 -0.512895 -0.107732 -0.085411 0.758196 -0.380559 0.630117 -0.241006 2.199494 0.084412 
13.008921 -0.512646 -0.107590 -0.085227 0.758372 -0.380698 0.629980 -0.240898 2.199503 0.084211 
13.008972 -0.512734 -0.107455 -0.085005 0.758131 -0.380926 0.629965 -0.240773 2.199321 0.084249 
13.008668 -0.512604 -0.107583 -0.084817 0.758151 -0.381074 0.630030 -0.240956 2.199267 0.084368 
13.008545 -0.512716 -0.107647 -0.084802 0.758182 -0.381060 0.629921 -0.240839 2.199284 0.084343 
13.008468 -0.512779 -0.107722 -0.084793 0.758191 -0.381034 0.630160 -0.240826 2.199070 0.083997 
13.008521 -0.512869 -0.107710 -0.084690 0.758337 -0.381029 0.630263 -0.240793 2.199093 0.084065 
13.008203 -0.512599 -0.107595 -0.084769 0.758062 -0.381101 0.630247 -0.240526 2.199090 0.084018 
13.008231 -0.512480 -0.107753 -0.084894 0.758170 -0.381283 0.630158 -0.240365 2.198786 0.084127 
13.008157 -0.512375 -0.107944 -0.084729 0.758038 -0.381569 0.629999 -0.240221 2.198757 0.084014 
13.008196 -0.512550 -0.107690 -0.085005 0.758211 -0.381453 0.630185 -0.240401 2.198848 0.084098 
13.007998 -0.512609 -0.107377 -0.085059 0.758308 -0.381450 0.630050 -0.240486 2.198604 0.084126 
13.008208 -0.512682 -0.107697 -0.084998 0.758053 -0.381479 0.630234 -0.240399 2.198778 0.084193 
13.008050 -0.512522 -0.107933 -0.085312 0.758246 -0.381386 0.630355 -0.240377 2.198983 0.084198 
13.008068 -0.512648 -0.107933 -0.085367 0.758260 -0.381325 0.630255 -0.240230 2.199013 0.084138 
13.008373 -0.512361 -0.107793 -0.085500 0.758165 -0.381443 0.630523 -0.240265 2.199009 0.084148 
13.008346 -0.512410 -0.107828 -0.085474 0.758198 -0.381430 0.630660 -0.240252 2.198909 0.083992 
13.008447 -0.512451 -0.107780 -0.085325 0.758428 -0.381539 0.630709 -0.240105 2.199110 0.084360 
13.008578 -0.512533 -0.107826 -0.085372 0.758515 -0.381487 0.630683 -0.240242 2.199074 0.084378 
13.008448 -0.512361 -0.107996 -0.085239 0.758324 -0.381883 0.630677 -0.240016 2.199269 0.084249 
13.008245 -0.512203 -0.107946 -0.085270 0.758284 -0.382253 0.630690 -0.239854 2.199324 0.084224 
13.008149 -0.512213 -0.107847 -0.085168 0.758138 -0.382319 0.630819 -0.239891 2.199710 0.084098 
13.008145 -0.512070 -0.107852 -0.085152 0.758284 -0.382258 0.630765 -0.239885 2.199766 0.084011 
13.008112 -0.512055 -0.108034 -0.085011 0.757872 -0.382426 0.630883 -0.239653 2.199691 0.084193 
13.008052 -0.512092 -0.108146 -0.085174 0.757894 -0.382372 0.630923 -0.239584 2.199766 0.084215 
13.008176 -0.512275 -0.107939 -0.084993 0.757849 -0.382488 0.630653 -0.239347 2.199728 0.084037 
13.007841 -0.512445 -0.108072 -0.084801 0.757912 -0.382507 0.630475 -0.239416 2.199721 0.084072 
13.008216 -0.512234 -0.107909 -0.085024 0.757822 -0.382496 0.630513 -0.239374 2.199824 0.084192 
13.008398 -0.512370 -0.107916 -0.085120 0.757813 -0.382851 0.630651 -0.239251 2.199759 0.083894 
13.008469 -0.512465 -0.107642 -0.085147 0.757895 -0.383024 0.630798 -0.238962 2.199774 0.083974 
13.008267 -0.512289 -0.107821 -0.085226 0.757738 -0.382889 0.630604 -0.239254 2.199697 0.083846 
13.008674 -0.512481 -0.108039 -0.085156 0.757568 -0.382782 0.630538 -0.239295 2.199789 0.083664 
13.008352 -0.512320 -0.107872 -0.085067 0.757802 -0.382858 0.630690 -0.239266 2.199959 0.083802 
13.008505 -0.512113 -0.108061 -0.085117 0.758081 -0.382893 0.630479 -0.239130 2.199710 0.083752 
13.008435 -0.512275 -0.107863 -0.084955 0.757749 -0.382851 0.630714 -0.239265 2.199658 0.083866 
13.008460 -0.512353 -0.108005 -0.085089 0.757755 -0.383205 0.630557 -0.239478 2.199819 0.084077 
13.008508 -0.512405 -0.107886 -0.085104 0.757868 -0.383182 0.630542 -0.239629 2.199790 0.084021 
13.008504 -0.512297 -0.108011 -0.085151 0.757750 -0.383188 0.630625 -0.239500 2.199828 0.084098 
13.008424 -0.512349 -0.108176 -0.085170 0.757747 -0.383217 0.630762 -0.239523 2.199788 0.084064 
13.008383 -0.512336 -0.108304 -0.085175 0.757685 -0.383103 0.630774 -0.239537 2.199818 0.084217 
13.008423 -0.512420 -0.108119 -0.085175 0.757694 -0.383226 0.630812 -0.239514 2.199798 0.084098 
13.008501 -0.512335 -0.108216 -0.085215 0.757816 -0.383348 0.630817 -0.239370 2.199774 0.084029 
13.008399 -0.512259 -0.108188 -0.085347 0.757730 -0.383428 0.630794 -0.239350 2.199703 0.083956 
13.008472 -0.512294 -0.108224 -0.085365 0.757675 -0.383410 0.630760 -0.239357 2.199674 0.083919 
13.008383 -0.512214 -0.108200 -0.085326 0.757692 -0.383469 0.630842 -0.239347 2.199891 0.083829 
13.008418 -0.512245 -0.108205 -0.085324 0.757710 -0.383515 0.630777 -0.239407 2.199709 0.083998 
13.008432 -0.512137 -0.108173 -0.085181 0.757665 -0.383533 0.630874 -0.239386 2.199594 0.083963 
13.008435 -0.512274 -0.108158 -0.085335 0.757766 -0.383534 0.630794 -0.239468 2.199685 0.083940 
13.008353 -0.512162 -0.108313 -0.085373 0.757719 -0.383581 0.630794 -0.239323 2.199718 0.084148 
13.008459 -0.512189 -0.108202 -0.085363 0.757690 -0.383497 0.630833 -0.239436 2.199769 0.083989 
13.008337 -0.512262 -0.108244 -0.085228 0.757664 -0.383594 0.630738 -0.239345 2.199844 0.083899 
13.008358 -0.512188 -0.108250 -0.085219 0.757710 -0.383579 0.630660 -0.239346 2.199846 0.083879 
13.008406 -0.512183 -0.108074 -0.085214 0.757661 -0.383621 0.630586 -0.239250 2.199878 0.083958 
13.008310 -0.512193 -0.108240 -0.085198 0.757663 -0.383537 0.630615 -0.239412 2.199838 0.083919 
13.008361 -0.512100 -0.108269 -0.085240 0.757801 -0.383626 0.630751 -0.239198 2.199891 0.083787 
13.008417 -0.512208 -0.108295 -0.085230 0.757674 -0.383591 0.630632 -0.239320 2.199819 0.083862 
13.008371 -0.512181 -0.108251 -0.085177 0.757711 -0.383574 0.630675 -0.239343 2.199833 0.083888 
13.008376 -0.512232 -0.108266 -0.085234 0.757759 -0.383564 0.630645 -0.239348 2.199907 0.083905 
13.008344 -0.512183 -0.108266 -0.085225 0.757721 -0.383600 0.630656 -0.239338 2.199830 0.083911 
13.008363 -0.512211 -0.108203 -0.085235 0.757732 -0.383609 0.630654 -0.239387 2.199832 0.083818 
13.008366 -0.512173 -0.108258 -0.085212 0.757696 -0.383608 0.630664 -0.239364 2.199872 0.083881 
13.008399 -0.512153 -0.108233 -0.085275 0.757705 -0.383541 0.630696 -0.239369 2.199839 0.083897 
13.008347 -0.512186 -0.108286 -0.085220 0.757721 -0.383570 0.630674 -0.239365 2.199840 0.083862 
13.008329 -0.512172 -0.108223 -0.085236 0.757680 -0.383553 0.630656 -0.239288 2.199885 0.083841 
