Start Optimization 
4.305921 -0.114895 -0.071324 -0.203331 -0.607360 0.548144 -0.351968 -0.433171 0.966002 -0.387193 
5.305921 -0.114895 -0.071324 -0.203331 -0.607360 0.548144 -0.351968 -0.433171 0.966002 -0.387193 
5.305921 0.885105 -0.071324 -0.203331 -0.607360 0.548144 -0.351968 -0.433171 0.966002 -0.387193 
5.305921 -0.114895 0.928676 -0.203331 -0.607360 0.548144 -0.351968 -0.433171 0.966002 -0.387193 
5.305921 -0.114895 -0.071324 0.796669 -0.607360 0.548144 -0.351968 -0.433171 0.966002 -0.387193 
5.305921 -0.114895 -0.071324 -0.203331 0.392640 0.548144 -0.351968 -0.433171 0.966002 -0.387193 
5.305921 -0.114895 -0.071324 -0.203331 -0.607360 1.548144 -0.351968 -0.433171 0.966002 -0.387193 
5.305921 -0.114895 -0.071324 -0.203331 -0.607360 0.548144 0.648032 -0.433171 0.966002 -0.387193 
5.305921 -0.114895 -0.071324 -0.203331 -0.607360 0.548144 -0.351968 0.566829 0.966002 -0.387193 
5.305921 -0.114895 -0.071324 -0.203331 -0.607360 0.548144 -0.351968 -0.433171 1.966002 -0.387193 
5.305921 -0.114895 -0.071324 -0.203331 -0.607360 0.548144 -0.351968 -0.433171 0.966002 0.612807 
5.306252 -0.431691 -0.223440 -1.136836 -0.678415 0.546466 -0.352681 -0.434844 0.962130 0.613026 
5.305947 0.379475 -0.083324 -0.276970 -0.612965 0.548012 -0.352024 -0.433303 0.965697 0.612824 
5.555920 -0.114895 -0.070780 -0.203331 -0.607360 0.548144 -0.351968 -0.433171 0.966002 0.612807 
5.554848 -0.112929 0.427882 -0.239714 -0.610129 0.548079 -0.351996 -0.433236 0.965851 0.612816 
5.555920 -0.114895 -0.070780 -0.184357 -0.856639 0.548144 -0.351968 -0.433171 0.966002 0.612807 
5.556259 -0.093899 -0.162649 0.283988 -0.547066 0.547445 -0.352265 -0.433867 0.964390 0.612898 
5.555921 -0.115017 -0.070839 -0.203692 -0.607387 0.298144 -0.351968 -0.433171 0.966002 0.612807 
5.556670 -0.264461 -0.310428 -0.615810 -0.600563 0.550264 -0.352456 -0.434317 0.963349 0.612957 
5.555920 -0.113413 -0.070816 -0.203552 -0.607377 0.548144 -0.601964 -0.433171 0.966002 0.612807 
5.556058 0.374130 -0.115849 -0.297211 -0.607911 0.548292 -0.348980 -0.433369 0.965544 0.612833 
5.555921 -0.115070 -0.070838 -0.203688 -0.607387 0.548145 -0.351969 -0.683171 0.966002 0.612807 
5.556653 -0.294585 -0.305086 -0.605526 -0.600592 0.550233 -0.352645 -0.401655 0.963405 0.612954 
5.555921 -0.115300 -0.070915 -0.204158 -0.607423 0.548145 -0.351970 -0.433169 0.716004 0.612807 
5.556653 -0.294583 -0.305092 -0.605524 -0.600591 0.550234 -0.352645 -0.401654 0.968537 0.612954 
5.556287 -0.204739 -0.187936 -0.404427 -0.603975 0.549189 -0.352306 -0.417412 0.967269 0.612880 
5.555920 -0.114715 -0.070785 -0.203363 -0.607362 0.548144 -0.351967 -0.433171 0.966002 0.737807 
5.556023 0.123966 -0.104173 -0.268991 -0.607331 0.548313 -0.350489 -0.429100 0.965956 0.612422 
5.556154 -0.116616 -0.139887 -0.102089 -0.585730 0.548522 -0.352059 -0.421843 0.965995 0.612769 
5.555778 -0.121384 0.049587 -0.184226 -0.585908 0.548820 -0.352042 -0.416768 0.966301 0.612735 
5.556014 -0.150293 -0.071616 -0.251844 -0.595691 0.548792 -0.352136 -0.420437 0.966541 0.612776 
5.555920 -0.114878 -0.070774 -0.201787 -0.627191 0.548144 -0.351968 -0.409069 0.966002 0.612807 
5.555952 -0.127649 -0.058984 -0.206979 -0.674471 0.548512 -0.352038 -0.445697 0.966248 0.612780 
5.555921 -0.114362 -0.070822 -0.201812 -0.627183 0.548144 -0.351965 -0.409061 0.997248 0.612806 
5.555983 -0.060744 -0.065421 -0.232341 -0.628769 0.548615 -0.351621 -0.405952 0.965006 0.612665 
5.587169 -0.114891 -0.070519 -0.201700 -0.627141 0.548144 -0.351968 -0.409033 0.966003 0.612807 
5.586711 -0.119643 -0.012095 -0.187906 -0.614566 0.548397 -0.352018 -0.398010 0.966123 0.612784 
5.586712 -0.119635 -0.012363 -0.187456 -0.614476 0.579642 -0.352018 -0.397964 0.966123 0.612784 
5.587128 -0.130571 -0.019042 -0.134509 -0.594345 0.581307 -0.352130 -0.374933 0.965990 0.612590 
5.586712 -0.119820 -0.012359 -0.187429 -0.614474 0.579642 -0.320769 -0.397964 0.966123 0.612784 
5.587008 -0.161858 -0.008551 -0.220472 -0.594009 0.581481 -0.352954 -0.373562 0.966605 0.612714 
5.586712 -0.119513 -0.012345 -0.187544 -0.614479 0.579644 -0.352017 -0.397961 0.966120 0.581535 
5.587195 -0.070868 0.003367 -0.205426 -0.597127 0.582629 -0.353073 -0.372259 0.964965 0.581553 
5.587488 -0.135105 0.025068 -0.182091 -0.657636 0.584588 -0.354406 -0.416403 0.965864 0.581091 
5.586786 -0.119536 -0.010042 -0.187956 -0.592622 0.580094 -0.352248 -0.420167 0.966065 0.581494 
5.587472 -0.119741 -0.012682 -0.187616 -0.614561 0.579642 -0.352018 -0.398034 0.950520 0.581535 
5.615456 -0.118367 -0.024045 -0.189796 -0.615699 0.579959 -0.352198 -0.398992 0.968206 0.581506 
5.611613 -0.115787 -0.030010 -0.201154 -0.620917 0.580093 -0.352171 -0.404549 0.968215 0.581544 
5.610596 -0.120985 -0.044001 -0.170519 -0.607060 0.580649 -0.352821 -0.389051 0.969582 0.581328 
5.610552 -0.112003 -0.043535 -0.162203 -0.613913 0.580560 -0.352774 -0.395914 0.969467 0.581341 
5.614317 -0.143595 -0.039565 -0.179216 -0.595598 0.581656 -0.353398 -0.374161 0.970913 0.581190 
5.608335 -0.157199 -0.053818 -0.201301 -0.590740 0.582595 -0.353842 -0.367928 0.972034 0.581125 
5.611576 -0.142520 -0.047218 -0.208476 -0.573489 0.583014 -0.353922 -0.349013 0.972072 0.581177 
5.611590 -0.142521 -0.046890 -0.208351 -0.569168 0.597387 -0.353922 -0.353341 0.972061 0.581177 
5.612998 -0.147219 -0.045771 -0.208096 -0.550642 0.570973 -0.354029 -0.365840 0.972310 0.581141 
5.611887 -0.142529 -0.047358 -0.208518 -0.573524 0.583013 -0.368179 -0.349042 0.965688 0.581177 
5.613914 -0.145237 -0.048355 -0.208188 -0.572485 0.583183 -0.355477 -0.347325 0.937428 0.581162 
5.613908 -0.145150 -0.048307 -0.208241 -0.572517 0.583182 -0.355476 -0.347356 0.937423 0.565537 
5.621321 -0.168438 -0.036891 -0.205216 -0.567461 0.585236 -0.356318 -0.332853 0.939325 0.581057 
5.618392 -0.177856 -0.053692 -0.191039 -0.556533 0.586483 -0.356753 -0.316303 0.940296 0.580911 
5.610181 -0.186255 -0.069101 -0.175521 -0.545793 0.587582 -0.357190 -0.300711 0.940979 0.580764 
5.618663 -0.207945 -0.067909 -0.168987 -0.537777 0.589703 -0.357982 -0.282918 0.942985 0.580631 
5.627141 -0.215776 -0.077343 -0.164774 -0.532135 0.590636 -0.353634 -0.272941 0.933792 0.603013 
5.605518 -0.227321 -0.062455 -0.163030 -0.528384 0.591235 -0.352274 -0.265086 0.929317 0.610299 
5.605079 -0.229157 -0.062945 -0.161973 -0.527233 0.591446 -0.382910 -0.262794 0.928422 0.615367 
5.608091 -0.219122 -0.056255 -0.159186 -0.521021 0.591376 -0.382825 -0.256224 0.928138 0.615407 
5.612460 -0.222366 -0.048333 -0.132128 -0.529580 0.590870 -0.382690 -0.264786 0.926925 0.617346 
5.607323 -0.216503 -0.056945 -0.159515 -0.532808 0.596527 -0.382746 -0.247822 0.928361 0.615473 
5.606905 -0.220329 -0.057340 -0.160453 -0.525791 0.564292 -0.382383 -0.247508 0.939204 0.619403 
5.606097 -0.219810 -0.056885 -0.160247 -0.524302 0.569683 -0.381817 -0.249313 0.952275 0.625507 
5.602883 -0.234348 -0.064414 -0.167836 -0.508680 0.567035 -0.382640 -0.229804 0.942095 0.613307 
5.616143 -0.246991 -0.047451 -0.185846 -0.507869 0.567394 -0.382940 -0.226981 0.941226 0.617686 
5.606064 -0.234740 -0.069907 -0.166681 -0.506999 0.567167 -0.380063 -0.227497 0.936586 0.625846 
5.583226 -0.224242 -0.085404 -0.168448 -0.497517 0.565548 -0.380860 -0.225519 0.934747 0.626861 
5.614622 -0.228960 -0.078260 -0.173476 -0.506716 0.567020 -0.381386 -0.228998 0.938812 0.622310 
5.610825 -0.242485 -0.080700 -0.140568 -0.502248 0.567029 -0.380148 -0.222193 0.940072 0.620131 
5.609377 -0.253041 -0.076868 -0.141619 -0.494850 0.566536 -0.380029 -0.215858 0.938565 0.624305 
5.608148 -0.261846 -0.074137 -0.143580 -0.486963 0.572247 -0.379572 -0.210995 0.942366 0.628851 
5.608700 -0.268693 -0.070641 -0.143811 -0.475638 0.566803 -0.379719 -0.215075 0.940145 0.631129 
5.608373 -0.271100 -0.069816 -0.143536 -0.475764 0.567007 -0.394386 -0.211949 0.938951 0.634463 
5.606860 -0.276127 -0.073167 -0.144937 -0.478868 0.566991 -0.394426 -0.215206 0.939141 0.634458 
5.605531 -0.280699 -0.072270 -0.146674 -0.479771 0.558320 -0.392360 -0.206757 0.946196 0.638486 
5.599841 -0.278772 -0.075992 -0.147449 -0.476977 0.557825 -0.392701 -0.205616 0.945608 0.637663 
5.599217 -0.286381 -0.074976 -0.149894 -0.474534 0.561133 -0.390571 -0.196918 0.937016 0.634849 
5.595817 -0.287554 -0.070601 -0.148823 -0.475344 0.561109 -0.391404 -0.197589 0.938935 0.630125 
5.591980 -0.287285 -0.070594 -0.143442 -0.476765 0.563003 -0.387826 -0.197753 0.933362 0.644852 
5.593231 -0.288828 -0.073450 -0.136845 -0.475854 0.562987 -0.387852 -0.196663 0.934295 0.643258 
5.592450 -0.294438 -0.076497 -0.131059 -0.467827 0.569513 -0.388012 -0.195075 0.940891 0.647288 
5.591818 -0.298633 -0.080997 -0.119700 -0.463402 0.563055 -0.389239 -0.194070 0.937676 0.648934 
5.592195 -0.294362 -0.076729 -0.130886 -0.469919 0.570587 -0.395008 -0.192847 0.940718 0.648475 
5.591211 -0.290856 -0.080369 -0.129579 -0.476006 0.577167 -0.382474 -0.188977 0.945086 0.646004 
5.592112 -0.300078 -0.078959 -0.132376 -0.471288 0.569832 -0.387890 -0.198104 0.940707 0.647277 
5.602357 -0.305492 -0.070618 -0.130977 -0.472835 0.573394 -0.386257 -0.194581 0.937898 0.647823 
5.600719 -0.305801 -0.071826 -0.131446 -0.470785 0.577320 -0.386375 -0.194230 0.932414 0.645225 
5.604951 -0.300424 -0.071267 -0.127472 -0.471838 0.583467 -0.388836 -0.205862 0.933394 0.645248 
5.595959 -0.307057 -0.066894 -0.128938 -0.472041 0.577751 -0.386448 -0.195026 0.933230 0.643462 
5.603976 -0.307901 -0.072630 -0.135386 -0.467469 0.577486 -0.389533 -0.193533 0.938903 0.633004 
5.598330 -0.307460 -0.068623 -0.143519 -0.466914 0.582341 -0.386285 -0.194924 0.934585 0.651079 
5.601860 -0.308656 -0.075302 -0.126750 -0.469153 0.574423 -0.386733 -0.193006 0.930348 0.644525 
5.603036 -0.307235 -0.075521 -0.127828 -0.472577 0.569997 -0.386754 -0.193126 0.926080 0.641903 
5.601974 -0.308654 -0.075230 -0.126819 -0.468201 0.573973 -0.383177 -0.194050 0.930482 0.643917 
5.602016 -0.308131 -0.078690 -0.124452 -0.471740 0.576883 -0.380815 -0.190339 0.931794 0.642856 
5.601630 -0.311448 -0.076250 -0.127967 -0.469739 0.574340 -0.383105 -0.195587 0.930501 0.644235 
5.601704 -0.313525 -0.074523 -0.130024 -0.464596 0.571553 -0.385106 -0.197775 0.928819 0.646151 
5.604255 -0.314869 -0.072433 -0.129695 -0.464988 0.572469 -0.384688 -0.196882 0.928130 0.646301 
5.600667 -0.316764 -0.079949 -0.129437 -0.461957 0.571925 -0.384159 -0.194787 0.928576 0.647792 
5.601263 -0.318931 -0.085954 -0.126727 -0.459204 0.573395 -0.384269 -0.195721 0.928198 0.649135 
5.599443 -0.316361 -0.079338 -0.128261 -0.462857 0.571959 -0.383393 -0.195022 0.927005 0.650607 
5.595821 -0.319870 -0.076873 -0.128844 -0.462099 0.570385 -0.383634 -0.191578 0.929283 0.645640 
5.596828 -0.320258 -0.076943 -0.127731 -0.462784 0.567939 -0.383644 -0.191518 0.931547 0.646765 
5.596737 -0.319050 -0.076753 -0.133841 -0.463521 0.567646 -0.382243 -0.188362 0.933052 0.649483 
5.597761 -0.320096 -0.078065 -0.128250 -0.463702 0.565726 -0.383610 -0.190784 0.929312 0.645518 
5.592645 -0.320392 -0.073626 -0.125214 -0.465520 0.566206 -0.382684 -0.192397 0.928768 0.649271 
5.598518 -0.320931 -0.079231 -0.127684 -0.461112 0.568668 -0.384199 -0.191365 0.932723 0.645471 
5.598585 -0.320905 -0.079173 -0.127730 -0.460662 0.568443 -0.382430 -0.191920 0.932801 0.645142 
5.598009 -0.322613 -0.081009 -0.124941 -0.460168 0.568539 -0.384567 -0.191902 0.932507 0.645144 
5.598347 -0.322106 -0.079341 -0.128415 -0.462006 0.568751 -0.384320 -0.192278 0.932982 0.645098 
5.598050 -0.320336 -0.077339 -0.128116 -0.460631 0.567902 -0.384869 -0.190768 0.934015 0.642709 
5.598879 -0.321612 -0.078534 -0.128135 -0.459927 0.568121 -0.384625 -0.191771 0.932225 0.645953 
5.600707 -0.322347 -0.077643 -0.127019 -0.461987 0.569896 -0.383441 -0.189790 0.932357 0.645290 
5.599383 -0.320164 -0.078915 -0.127098 -0.461385 0.568863 -0.384584 -0.192649 0.932480 0.645215 
5.599997 -0.319316 -0.079273 -0.130564 -0.461421 0.568964 -0.383961 -0.190916 0.933604 0.646444 
5.598405 -0.321379 -0.080170 -0.126308 -0.460369 0.568660 -0.384192 -0.190843 0.932756 0.645447 
5.598825 -0.320936 -0.079227 -0.127570 -0.461316 0.568080 -0.384185 -0.191336 0.933310 0.645808 
5.599115 -0.320106 -0.079196 -0.129238 -0.461219 0.569079 -0.384089 -0.191189 0.932891 0.645800 
5.598266 -0.320964 -0.078926 -0.127555 -0.460901 0.569213 -0.384202 -0.191550 0.933269 0.645797 
5.597442 -0.320615 -0.077793 -0.127585 -0.461747 0.568806 -0.383920 -0.191583 0.932643 0.646410 
5.598037 -0.320794 -0.078608 -0.127614 -0.460804 0.569033 -0.384414 -0.191258 0.933369 0.645032 
5.598830 -0.321067 -0.077920 -0.127879 -0.460760 0.569093 -0.384008 -0.192268 0.934594 0.645952 
5.598481 -0.320509 -0.079006 -0.128323 -0.460964 0.569424 -0.384190 -0.191340 0.933197 0.645874 
5.598498 -0.321189 -0.078774 -0.127527 -0.461070 0.569376 -0.384131 -0.191360 0.933178 0.645719 
5.598003 -0.321432 -0.079152 -0.127980 -0.461323 0.569209 -0.384337 -0.191964 0.933273 0.645541 
5.598207 -0.320787 -0.079055 -0.127410 -0.461178 0.569339 -0.384066 -0.191511 0.933491 0.645731 
5.598192 -0.321045 -0.079516 -0.126770 -0.460750 0.569355 -0.384074 -0.191225 0.933497 0.645736 
5.598196 -0.320797 -0.079080 -0.127463 -0.461065 0.569284 -0.383638 -0.191594 0.933400 0.645590 
5.598475 -0.320841 -0.078568 -0.127628 -0.461004 0.569223 -0.383549 -0.191955 0.934057 0.645671 
5.598458 -0.320662 -0.079157 -0.127359 -0.461041 0.569371 -0.383750 -0.191852 0.933286 0.645403 
5.597977 -0.320486 -0.078530 -0.127397 -0.461507 0.569140 -0.383582 -0.191838 0.932959 0.645762 
5.598303 -0.320570 -0.079120 -0.127847 -0.461097 0.569389 -0.383632 -0.191490 0.933364 0.645628 
5.598094 -0.320808 -0.079029 -0.127465 -0.460996 0.569484 -0.383642 -0.191637 0.933392 0.645585 
5.597972 -0.321041 -0.079147 -0.127678 -0.461214 0.569463 -0.383710 -0.191840 0.933395 0.645457 
5.598037 -0.320765 -0.078949 -0.127480 -0.460973 0.569439 -0.383695 -0.191564 0.933418 0.645394 
5.598084 -0.320942 -0.079261 -0.127151 -0.460779 0.569492 -0.383645 -0.191494 0.933405 0.645583 
5.598059 -0.321066 -0.079474 -0.126808 -0.460576 0.569490 -0.383645 -0.191358 0.933388 0.645593 
5.597996 -0.320889 -0.079288 -0.127108 -0.460855 0.569484 -0.383655 -0.191455 0.933208 0.645591 
5.598083 -0.321081 -0.079467 -0.126820 -0.460555 0.569492 -0.383642 -0.191368 0.933443 0.645591 
5.598084 -0.321012 -0.079364 -0.126985 -0.460667 0.569492 -0.383644 -0.191431 0.933424 0.645587 
5.598080 -0.321072 -0.079437 -0.126807 -0.460551 0.569526 -0.383627 -0.191395 0.933439 0.645635 
5.598025 -0.320954 -0.079396 -0.126992 -0.460627 0.569452 -0.383660 -0.191482 0.933446 0.645609 
5.598088 -0.321080 -0.079432 -0.126806 -0.460556 0.569532 -0.383625 -0.191388 0.933436 0.645631 
5.598065 -0.321033 -0.079292 -0.126918 -0.460685 0.569481 -0.383631 -0.191487 0.933428 0.645612 
5.598121 -0.320969 -0.079509 -0.127120 -0.460632 0.569514 -0.383669 -0.191321 0.933416 0.645538 
5.598106 -0.320924 -0.079541 -0.127084 -0.460702 0.569546 -0.383635 -0.191311 0.933471 0.645522 
5.598137 -0.321031 -0.079614 -0.126982 -0.460501 0.569556 -0.383662 -0.191247 0.933417 0.645571 
5.598157 -0.320893 -0.079465 -0.127104 -0.460594 0.569530 -0.383649 -0.191278 0.933411 0.645579 
5.598124 -0.321059 -0.079630 -0.126987 -0.460514 0.569551 -0.383669 -0.191262 0.933419 0.645557 
5.598055 -0.321002 -0.079490 -0.127147 -0.460639 0.569493 -0.383641 -0.191257 0.933444 0.645585 
5.598055 -0.321094 -0.079609 -0.127015 -0.460520 0.569528 -0.383639 -0.191194 0.933449 0.645607 
5.598052 -0.321005 -0.079496 -0.127160 -0.460610 0.569479 -0.383534 -0.191278 0.933421 0.645550 
5.598052 -0.321096 -0.079616 -0.127029 -0.460492 0.569514 -0.383530 -0.191216 0.933425 0.645571 
5.598083 -0.321024 -0.079542 -0.127173 -0.460628 0.569505 -0.383510 -0.191312 0.933407 0.645641 
5.598043 -0.321092 -0.079603 -0.127024 -0.460485 0.569507 -0.383537 -0.191205 0.933430 0.645543 
5.598003 -0.321011 -0.079483 -0.127172 -0.460576 0.569582 -0.383539 -0.191293 0.933417 0.645542 
5.598004 -0.321097 -0.079594 -0.127032 -0.460457 0.569587 -0.383541 -0.191216 0.933426 0.645537 
5.598029 -0.321006 -0.079444 -0.127234 -0.460587 0.569585 -0.383536 -0.191323 0.933470 0.645539 
5.598026 -0.321033 -0.079469 -0.127171 -0.460594 0.569598 -0.383532 -0.191272 0.933405 0.645533 
5.597997 -0.320995 -0.079449 -0.127205 -0.460644 0.569594 -0.383536 -0.191282 0.933346 0.645536 
5.598033 -0.321025 -0.079498 -0.127198 -0.460587 0.569603 -0.383537 -0.191250 0.933404 0.645523 
5.598034 -0.321061 -0.079542 -0.127139 -0.460539 0.569605 -0.383538 -0.191219 0.933407 0.645521 
5.598035 -0.321097 -0.079586 -0.127081 -0.460490 0.569607 -0.383539 -0.191188 0.933413 0.645520 
5.598036 -0.321134 -0.079629 -0.127022 -0.460441 0.569610 -0.383539 -0.191158 0.933419 0.645518 
5.598043 -0.321115 -0.079571 -0.127099 -0.460462 0.569595 -0.383552 -0.191194 0.933394 0.645526 
5.598067 -0.321095 -0.079608 -0.127175 -0.460457 0.569605 -0.383559 -0.191167 0.933417 0.645506 
5.598027 -0.321145 -0.079588 -0.127107 -0.460480 0.569588 -0.383561 -0.191211 0.933394 0.645509 
5.598013 -0.321085 -0.079597 -0.127104 -0.460481 0.569592 -0.383561 -0.191167 0.933314 0.645526 
5.598016 -0.321129 -0.079562 -0.127111 -0.460466 0.569586 -0.383541 -0.191168 0.933405 0.645545 
5.598086 -0.321151 -0.079531 -0.127106 -0.460509 0.569626 -0.383539 -0.191164 0.933370 0.645509 
5.598041 -0.321116 -0.079573 -0.127105 -0.460451 0.569589 -0.383508 -0.191203 0.933384 0.645512 
5.597999 -0.321099 -0.079538 -0.127129 -0.460458 0.569663 -0.383556 -0.191229 0.933391 0.645526 
5.598030 -0.321107 -0.079552 -0.127094 -0.460455 0.569584 -0.383562 -0.191180 0.933399 0.645489 
5.598037 -0.321070 -0.079516 -0.127125 -0.460503 0.569533 -0.383560 -0.191215 0.933403 0.645501 
5.598056 -0.321103 -0.079551 -0.127081 -0.460437 0.569581 -0.383582 -0.191193 0.933397 0.645515 
5.598057 -0.321137 -0.079594 -0.127022 -0.460387 0.569583 -0.383585 -0.191162 0.933401 0.645512 
