Start Optimization 
3.554273 -0.382541 -0.175939 -0.112488 -0.104241 0.570886 0.070736 0.225298 -0.705468 0.378464 
4.554273 -0.382541 -0.175939 -0.112488 -0.104241 0.570886 0.070736 0.225298 -0.705468 0.378464 
3.554273 0.617459 -0.175939 -0.112488 -0.104241 0.570886 0.070736 0.225298 -0.705468 0.378464 
3.554273 -0.382541 0.824061 -0.112488 -0.104241 0.570886 0.070736 0.225298 -0.705468 0.378464 
3.554273 -0.382541 -0.175939 0.887512 -0.104241 0.570886 0.070736 0.225298 -0.705468 0.378464 
3.554273 -0.382541 -0.175939 -0.112488 0.895759 0.570886 0.070736 0.225298 -0.705468 0.378464 
3.554273 -0.382541 -0.175939 -0.112488 -0.104241 1.570886 0.070736 0.225298 -0.705468 0.378464 
3.554273 -0.382541 -0.175939 -0.112488 -0.104241 1.570886 1.070736 0.225298 -0.705468 0.378464 
3.554273 -0.382541 -0.175939 -0.112488 -0.104241 1.570886 0.070736 1.225298 -0.705468 0.378464 
3.554273 -0.382541 -0.175939 -0.112488 -0.104241 1.570886 0.070736 0.225298 0.294532 0.378464 
3.554273 -0.382541 -0.175939 -0.112488 -0.104241 1.570886 0.070736 0.225298 -0.705468 1.378464 
3.553555 -0.599733 -0.378026 -1.064217 -0.182861 1.571067 0.070086 0.221560 -0.707028 0.376995 
3.554002 -0.464542 -0.252237 0.373897 -0.133924 1.570954 0.070491 0.223887 -0.706057 0.377910 
3.304274 -0.381715 -0.175939 -0.112488 -0.104241 1.570886 0.070736 0.225298 -0.705468 0.378464 
3.305829 0.116889 -0.199050 -0.084615 -0.113232 1.570907 0.070662 0.224871 -0.705646 0.378296 
3.304274 -0.381715 -0.085297 -0.112488 -0.337230 1.570886 0.070736 0.225298 -0.705468 0.378464 
3.304197 -0.375288 0.289012 -0.082801 0.077136 1.570908 0.070657 0.224843 -0.705658 0.378285 
3.303201 -0.487861 -0.345482 -0.566453 -0.166590 1.571047 0.070157 0.221964 -0.706859 0.377154 
3.303826 -0.441337 -0.256060 0.114732 -0.134154 1.570942 0.070534 0.224137 -0.705952 0.378008 
3.304275 -0.381551 -0.175947 -0.112479 -0.104244 1.695886 0.070736 0.225298 -0.705468 0.378464 
3.304993 -0.134889 -0.206528 -0.088154 -0.115658 1.695847 0.070658 0.224851 -0.705655 0.378288 
3.304275 -0.381546 -0.175624 -0.112458 -0.104118 1.695886 -0.054264 0.225298 -0.705468 0.378464 
3.304108 -0.373238 0.054113 -0.073888 -0.013770 1.696470 -0.053794 0.224400 -0.705843 0.378111 
3.304274 -0.381735 -0.175924 -0.113268 -0.104235 1.695886 -0.054265 0.100301 -0.705468 0.378464 
3.303333 -0.439946 -0.199725 -0.354240 -0.109756 1.698217 -0.055224 0.228010 -0.706909 0.377107 
3.304274 -0.381764 -0.175915 -0.111629 -0.104231 1.695886 -0.054264 0.225294 -0.830465 0.378464 
3.303525 -0.463790 -0.244682 0.111241 -0.128594 1.697403 -0.054977 0.224798 -0.687514 0.377597 
3.304282 -0.379400 -0.175888 -0.112247 -0.104221 1.695883 -0.054264 0.225294 -0.705470 0.253483 
3.304883 -0.135139 -0.204279 -0.084294 -0.114237 1.696174 -0.054569 0.225095 -0.698678 0.382975 
3.303766 -0.413900 -0.190089 -0.231563 -0.107738 1.697138 -0.054783 0.226691 -0.692599 0.378058 
3.241780 -0.381315 -0.174945 -0.112344 -0.103854 1.695886 -0.054261 0.225295 -0.705469 0.378463 
3.243127 -0.380558 -0.059086 -0.102522 -0.058168 1.696259 -0.054054 0.225073 -0.701577 0.378307 
3.241776 -0.381736 -0.197950 -0.111201 -0.045755 1.695886 -0.054262 0.225290 -0.705460 0.378459 
3.241061 -0.440767 -0.188192 -0.008729 -0.134886 1.697174 -0.054775 0.225317 -0.690864 0.377993 
3.241764 -0.323568 -0.179503 -0.092592 -0.115126 1.696304 -0.054468 0.225322 -0.699816 0.379638 
3.241778 -0.381396 -0.175002 -0.112790 -0.103869 1.727133 -0.054262 0.225299 -0.705472 0.378460 
3.240893 -0.393453 -0.180769 -0.161097 -0.136464 1.727711 -0.054938 0.226398 -0.687337 0.378641 
3.241778 -0.381397 -0.174924 -0.112778 -0.103838 1.727133 -0.085494 0.225299 -0.706524 0.378460 
3.241544 -0.382361 -0.175582 -0.116707 -0.113881 1.727482 -0.083455 0.225566 -0.768040 0.378584 
3.241777 -0.381709 -0.174928 -0.111943 -0.103856 1.727140 -0.085497 0.256536 -0.706434 0.378455 
3.241272 -0.414324 -0.182706 -0.064555 -0.124876 1.728422 -0.085876 0.255427 -0.696879 0.378241 
3.241278 -0.414856 -0.182034 -0.064557 -0.124611 1.728424 -0.085875 0.255427 -0.696859 0.409478 
3.241697 -0.421638 -0.121416 -0.055516 -0.115934 1.729291 -0.085919 0.255590 -0.691685 0.408483 
3.241284 -0.439664 -0.117447 -0.041311 -0.058660 1.731056 -0.086229 0.256199 -0.682762 0.408834 
3.241561 -0.446247 -0.121056 -0.074334 -0.119362 1.728958 -0.086000 0.255838 -0.689545 0.408083 
3.240716 -0.449289 -0.091187 -0.092029 -0.157594 1.731048 -0.087265 0.257871 -0.654657 0.409501 
3.241287 -0.454128 -0.109592 -0.076023 -0.129628 1.729702 -0.085148 0.256448 -0.715486 0.408414 
3.225941 -0.446230 -0.121008 -0.074312 -0.118969 1.728957 -0.086000 0.255838 -0.689521 0.408082 
3.226480 -0.459440 -0.116116 -0.074001 -0.095931 1.729968 -0.086546 0.256419 -0.673860 0.408345 
3.225931 -0.446060 -0.122559 -0.074886 -0.119129 1.744201 -0.085999 0.255851 -0.689681 0.411074 
3.225817 -0.446931 -0.132768 -0.077958 -0.121492 1.738065 -0.086126 0.256139 -0.687220 0.439583 
3.225816 -0.446967 -0.132822 -0.077897 -0.121518 1.738066 -0.101742 0.256137 -0.687740 0.439542 
3.225439 -0.460124 -0.152306 -0.064350 -0.133660 1.738712 -0.086166 0.255942 -0.679777 0.433966 
3.225395 -0.458272 -0.159104 -0.068980 -0.133921 1.738684 -0.086182 0.285912 -0.678859 0.431441 
3.225591 -0.459388 -0.162186 -0.067764 -0.125808 1.738101 -0.085900 0.253203 -0.687361 0.431286 
3.224917 -0.457461 -0.155345 -0.074322 -0.152698 1.740116 -0.086835 0.250591 -0.658231 0.432288 
3.224248 -0.472930 -0.148156 -0.067906 -0.176752 1.742506 -0.086858 0.251321 -0.653707 0.438506 
3.223912 -0.462588 -0.147590 -0.046370 -0.189837 1.744480 -0.087205 0.251462 -0.639569 0.444006 
3.208633 -0.472986 -0.148081 -0.067881 -0.176231 1.742512 -0.086861 0.251323 -0.653596 0.438507 
3.209220 -0.493246 -0.143609 -0.069056 -0.164658 1.743990 -0.087502 0.252001 -0.633543 0.440814 
3.209201 -0.493604 -0.144673 -0.069280 -0.165081 1.728996 -0.087534 0.252057 -0.632813 0.444971 
3.209068 -0.497956 -0.133164 -0.066835 -0.170697 1.736050 -0.087463 0.251802 -0.632248 0.413628 
3.209070 -0.497888 -0.133064 -0.066928 -0.170642 1.736048 -0.071847 0.251805 -0.631746 0.413682 
3.208737 -0.498561 -0.111395 -0.084972 -0.180947 1.737556 -0.072087 0.252219 -0.630458 0.422078 
3.209112 -0.498711 -0.130970 -0.065074 -0.169498 1.735983 -0.071804 0.236592 -0.633182 0.414588 
3.208689 -0.513697 -0.155852 -0.065134 -0.178350 1.736749 -0.071445 0.232236 -0.635071 0.409012 
3.216459 -0.506196 -0.127250 -0.060605 -0.168409 1.735997 -0.071483 0.239175 -0.642503 0.416930 
3.186496 -0.498961 -0.133128 -0.046296 -0.159566 1.735168 -0.071628 0.238428 -0.634875 0.413100 
3.190722 -0.494173 -0.138607 -0.046220 -0.147682 1.733704 -0.071654 0.237383 -0.633933 0.407811 
3.187853 -0.503011 -0.132013 -0.044868 -0.157862 1.735680 -0.071809 0.238602 -0.628933 0.414093 
3.192406 -0.496904 -0.133494 -0.034180 -0.164895 1.736114 -0.071875 0.238212 -0.624544 0.414873 
3.187861 -0.502831 -0.131468 -0.044769 -0.157657 1.743180 -0.071794 0.238574 -0.629298 0.412026 
3.177740 -0.509563 -0.127066 -0.049717 -0.159355 1.736436 -0.072011 0.237159 -0.622703 0.416782 
3.177955 -0.510964 -0.124283 -0.049009 -0.160806 1.734455 -0.071991 0.237205 -0.622696 0.410093 
3.180769 -0.521420 -0.119149 -0.044336 -0.158252 1.734900 -0.071731 0.239463 -0.629745 0.414231 
3.178430 -0.507014 -0.118332 -0.049100 -0.158074 1.734197 -0.072077 0.238027 -0.622186 0.411238 
3.177254 -0.513167 -0.131929 -0.051735 -0.150400 1.733491 -0.072120 0.234798 -0.617111 0.404927 
3.177970 -0.510916 -0.124235 -0.049038 -0.160795 1.734455 -0.064183 0.237206 -0.622437 0.410121 
3.177598 -0.509653 -0.128437 -0.040157 -0.167596 1.735072 -0.064336 0.234907 -0.612745 0.410140 
3.173565 -0.506842 -0.134400 -0.031731 -0.175097 1.735328 -0.064352 0.231977 -0.605854 0.409132 
3.178442 -0.510793 -0.127090 -0.038801 -0.166836 1.735063 -0.064282 0.227730 -0.614392 0.410896 
3.185192 -0.519760 -0.126088 -0.034608 -0.165845 1.736075 -0.064408 0.238873 -0.608532 0.413374 
3.189063 -0.518359 -0.126234 -0.039650 -0.168669 1.736284 -0.064543 0.238175 -0.605358 0.413160 
3.195781 -0.526417 -0.125217 -0.036678 -0.170455 1.736939 -0.064434 0.227530 -0.604631 0.415756 
3.195851 -0.526403 -0.125560 -0.036751 -0.170545 1.729429 -0.064452 0.227598 -0.604285 0.417850 
3.198321 -0.519746 -0.116107 -0.032992 -0.164662 1.729629 -0.064747 0.225389 -0.597355 0.419461 
3.190786 -0.529629 -0.122934 -0.039374 -0.171273 1.729800 -0.064145 0.227042 -0.601417 0.419227 
3.190296 -0.531804 -0.120937 -0.042281 -0.170919 1.729874 -0.049122 0.227282 -0.601005 0.420051 
3.191129 -0.528626 -0.118821 -0.038195 -0.176444 1.730100 -0.064236 0.228390 -0.604410 0.421226 
3.190147 -0.534864 -0.116986 -0.041120 -0.172226 1.726027 -0.065999 0.226903 -0.600399 0.406646 
3.192402 -0.530927 -0.120593 -0.043342 -0.167363 1.729980 -0.065443 0.227631 -0.605356 0.420857 
3.184343 -0.531447 -0.127575 -0.037266 -0.177303 1.731144 -0.065522 0.225301 -0.590362 0.422058 
3.181774 -0.535956 -0.124057 -0.036382 -0.181349 1.727733 -0.066786 0.224555 -0.585390 0.409844 
3.175108 -0.529100 -0.125057 -0.039300 -0.183379 1.726857 -0.066335 0.213415 -0.588293 0.407485 
3.182784 -0.540368 -0.123516 -0.032360 -0.180667 1.727920 -0.066665 0.220077 -0.586740 0.411140 
3.170322 -0.535253 -0.124610 -0.028596 -0.177559 1.727040 -0.066072 0.230110 -0.587174 0.408375 
3.182761 -0.532729 -0.119433 -0.034492 -0.178385 1.727831 -0.066856 0.223372 -0.581641 0.410510 
3.181855 -0.532229 -0.118766 -0.034432 -0.188289 1.728266 -0.066357 0.223195 -0.569639 0.410579 
3.177933 -0.536206 -0.116112 -0.041147 -0.190669 1.728551 -0.071205 0.222228 -0.558211 0.410745 
3.180732 -0.533904 -0.120710 -0.039545 -0.192854 1.716542 -0.072313 0.221690 -0.550699 0.410137 
3.184546 -0.530567 -0.126616 -0.036977 -0.196172 1.718845 -0.073852 0.220672 -0.540000 0.403596 
3.184059 -0.532791 -0.126937 -0.040504 -0.195047 1.716327 -0.060321 0.220022 -0.534213 0.402256 
3.184643 -0.534152 -0.123000 -0.040336 -0.196707 1.714463 -0.060572 0.220485 -0.535583 0.396346 
3.185843 -0.531109 -0.120093 -0.040650 -0.206826 1.708364 -0.058454 0.221506 -0.527324 0.399745 
3.189524 -0.524871 -0.113168 -0.040863 -0.199654 1.703984 -0.059057 0.219666 -0.519007 0.400107 
3.184863 -0.521559 -0.113735 -0.040971 -0.198822 1.703613 -0.058894 0.224673 -0.518690 0.398698 
3.183009 -0.530293 -0.112395 -0.030240 -0.200007 1.700674 -0.058323 0.216299 -0.513037 0.400628 
3.186341 -0.533768 -0.111961 -0.028806 -0.198905 1.701105 -0.058554 0.221886 -0.511783 0.401798 
3.183899 -0.532493 -0.117597 -0.036000 -0.204029 1.691129 -0.058726 0.214593 -0.505021 0.398711 
3.188130 -0.530440 -0.123636 -0.036257 -0.209026 1.680489 -0.055103 0.213065 -0.499742 0.396723 
3.185354 -0.534617 -0.122339 -0.044608 -0.213876 1.680897 -0.056599 0.211242 -0.488906 0.395777 
3.181139 -0.539361 -0.117634 -0.051207 -0.214085 1.671310 -0.056335 0.211069 -0.490614 0.402352 
3.185965 -0.535815 -0.118416 -0.044203 -0.215598 1.679221 -0.057765 0.211744 -0.490656 0.390012 
3.187354 -0.533014 -0.121537 -0.042100 -0.219232 1.679033 -0.071835 0.211315 -0.487718 0.390445 
3.189094 -0.530207 -0.118354 -0.042166 -0.214095 1.677617 -0.072445 0.210218 -0.484565 0.390156 
3.189222 -0.534207 -0.126052 -0.044600 -0.206929 1.679382 -0.074071 0.207367 -0.480138 0.381318 
3.193373 -0.533143 -0.117467 -0.041696 -0.214750 1.678561 -0.072556 0.204846 -0.485465 0.391604 
3.188694 -0.526033 -0.114996 -0.037969 -0.219118 1.681881 -0.070166 0.196395 -0.479542 0.388536 
3.194640 -0.517619 -0.115232 -0.048328 -0.221608 1.685866 -0.069818 0.195871 -0.481404 0.386370 
3.191926 -0.524953 -0.117800 -0.036710 -0.221346 1.676951 -0.067779 0.196850 -0.477456 0.387857 
3.193652 -0.527686 -0.109976 -0.033979 -0.220791 1.689551 -0.069683 0.201326 -0.470082 0.388386 
3.191573 -0.530420 -0.108329 -0.038731 -0.222656 1.687337 -0.070177 0.200601 -0.466451 0.389656 
3.187631 -0.530976 -0.100255 -0.042429 -0.223315 1.683321 -0.073642 0.195098 -0.457333 0.392382 
3.188056 -0.532438 -0.096846 -0.041965 -0.225752 1.681833 -0.075086 0.195721 -0.459380 0.386720 
3.183782 -0.533373 -0.108210 -0.043243 -0.232417 1.687945 -0.077915 0.194105 -0.454451 0.397661 
3.183343 -0.532196 -0.104643 -0.042360 -0.235927 1.687320 -0.075377 0.195614 -0.457246 0.401748 
3.179899 -0.538344 -0.111329 -0.047665 -0.230111 1.691920 -0.066507 0.191425 -0.450375 0.397628 
3.189117 -0.533844 -0.107614 -0.045732 -0.233478 1.689683 -0.077999 0.189748 -0.455906 0.398406 
3.183335 -0.523056 -0.109533 -0.052686 -0.232870 1.690194 -0.078810 0.199810 -0.452006 0.396254 
3.181289 -0.535359 -0.105836 -0.044953 -0.229688 1.692255 -0.080534 0.194790 -0.457249 0.398723 
3.188570 -0.538812 -0.112921 -0.043697 -0.229376 1.680154 -0.079997 0.200495 -0.450314 0.403744 
3.185753 -0.538498 -0.115089 -0.046526 -0.228894 1.675979 -0.080325 0.197939 -0.454302 0.404050 
3.188430 -0.532321 -0.116998 -0.032755 -0.226499 1.680444 -0.080679 0.197154 -0.444153 0.406518 
3.189028 -0.534681 -0.117871 -0.025313 -0.233395 1.677633 -0.082249 0.199631 -0.437718 0.397766 
3.186543 -0.531992 -0.112951 -0.035092 -0.226809 1.678523 -0.082454 0.194720 -0.439561 0.407776 
3.187569 -0.520632 -0.115159 -0.042510 -0.226347 1.680239 -0.082734 0.200166 -0.434984 0.408324 
3.184980 -0.522767 -0.119033 -0.043865 -0.229850 1.683107 -0.081611 0.199197 -0.432965 0.410804 
3.186497 -0.521740 -0.113374 -0.044234 -0.219044 1.679978 -0.070346 0.198724 -0.429824 0.408126 
3.180643 -0.522367 -0.112652 -0.042994 -0.216721 1.680729 -0.071633 0.202803 -0.430032 0.408039 
3.189297 -0.521725 -0.109571 -0.046757 -0.211030 1.686985 -0.074482 0.194442 -0.426011 0.415348 
3.189136 -0.520024 -0.106663 -0.045557 -0.213251 1.686371 -0.072057 0.195728 -0.428427 0.420782 
3.190191 -0.519612 -0.103307 -0.045239 -0.213081 1.685487 -0.073578 0.193813 -0.412262 0.414556 
3.185038 -0.514346 -0.104495 -0.048842 -0.209352 1.677175 -0.073828 0.185550 -0.408319 0.417485 
3.188374 -0.521322 -0.103205 -0.057959 -0.208003 1.670427 -0.074618 0.190898 -0.404933 0.420879 
3.182844 -0.514568 -0.100173 -0.053096 -0.211386 1.678914 -0.073575 0.183677 -0.409997 0.415066 
3.185488 -0.506119 -0.108894 -0.038932 -0.206392 1.681595 -0.070870 0.182006 -0.405371 0.416861 
3.185897 -0.508813 -0.106384 -0.052287 -0.209258 1.678842 -0.073374 0.188822 -0.407692 0.417079 
3.186123 -0.501962 -0.110334 -0.041329 -0.206286 1.682872 -0.070500 0.184358 -0.404875 0.416555 
3.188544 -0.506788 -0.102578 -0.050974 -0.205767 1.675987 -0.074456 0.189892 -0.409869 0.414564 
3.190954 -0.513285 -0.111472 -0.054067 -0.205444 1.672614 -0.072761 0.194050 -0.400560 0.423211 
3.191611 -0.508041 -0.107355 -0.053184 -0.212633 1.678173 -0.074150 0.185192 -0.408326 0.417193 
3.183102 -0.506279 -0.107075 -0.049177 -0.213389 1.677484 -0.087005 0.191340 -0.406503 0.419781 
3.180655 -0.505561 -0.109134 -0.048529 -0.217252 1.674060 -0.084285 0.193681 -0.406793 0.416579 
3.187728 -0.506943 -0.108454 -0.040678 -0.219255 1.664894 -0.089932 0.190585 -0.406875 0.415812 
3.180766 -0.507198 -0.112237 -0.049497 -0.215012 1.675129 -0.086579 0.192422 -0.404804 0.411029 
3.176812 -0.497986 -0.114621 -0.040308 -0.215691 1.680298 -0.080620 0.192404 -0.402929 0.418296 
3.179199 -0.506683 -0.113246 -0.048279 -0.215150 1.673028 -0.084569 0.192560 -0.412397 0.418149 
3.184841 -0.503249 -0.107462 -0.059081 -0.221050 1.674975 -0.088854 0.201552 -0.409404 0.415080 
3.180472 -0.508938 -0.111088 -0.049938 -0.215318 1.671475 -0.083011 0.196044 -0.402697 0.419643 
3.179627 -0.506796 -0.111032 -0.051577 -0.214695 1.669712 -0.083303 0.194273 -0.402013 0.419929 
3.175367 -0.511096 -0.107549 -0.052791 -0.216403 1.669510 -0.083270 0.191545 -0.401499 0.419564 
3.178065 -0.506289 -0.109587 -0.050613 -0.212706 1.669008 -0.084373 0.196142 -0.402334 0.419342 
3.180760 -0.506571 -0.107338 -0.051423 -0.209399 1.667841 -0.078991 0.195726 -0.403409 0.417020 
3.176908 -0.505734 -0.110248 -0.047975 -0.212008 1.669713 -0.083073 0.194767 -0.401100 0.419700 
3.177665 -0.501630 -0.111149 -0.051981 -0.213143 1.671479 -0.085167 0.200417 -0.399341 0.420181 
3.179386 -0.501430 -0.109438 -0.050826 -0.214226 1.670445 -0.085995 0.200324 -0.397201 0.419492 
3.181593 -0.500022 -0.112534 -0.047777 -0.213909 1.666275 -0.089709 0.201195 -0.398143 0.421033 
3.177065 -0.502410 -0.107552 -0.051658 -0.215500 1.670813 -0.086560 0.200167 -0.395603 0.419413 
3.176603 -0.502243 -0.107945 -0.051535 -0.216294 1.669929 -0.085634 0.200711 -0.395738 0.418507 
3.178049 -0.502150 -0.105317 -0.052680 -0.213859 1.671153 -0.084597 0.200371 -0.394612 0.418712 
3.177065 -0.502020 -0.106818 -0.051366 -0.216051 1.670480 -0.086028 0.200452 -0.396156 0.420811 
3.176536 -0.502098 -0.107673 -0.050214 -0.216867 1.668846 -0.088948 0.200567 -0.395769 0.421756 
3.176593 -0.502502 -0.108592 -0.050189 -0.216830 1.668818 -0.088228 0.200543 -0.394506 0.422585 
3.176415 -0.500637 -0.109193 -0.049017 -0.218690 1.670754 -0.088256 0.198932 -0.394076 0.422444 
3.176194 -0.502737 -0.108449 -0.048867 -0.216384 1.669523 -0.088178 0.201594 -0.394402 0.422450 
3.178246 -0.505033 -0.108825 -0.050752 -0.218818 1.669617 -0.088569 0.201241 -0.395249 0.422683 
3.176632 -0.501621 -0.108915 -0.051149 -0.216999 1.669279 -0.088624 0.201784 -0.394279 0.422740 
3.174140 -0.503219 -0.110009 -0.051319 -0.215892 1.668989 -0.088114 0.200012 -0.396283 0.423624 
3.177123 -0.502265 -0.106904 -0.051333 -0.215091 1.666473 -0.088291 0.200184 -0.393094 0.422918 
3.177365 -0.500243 -0.105734 -0.051811 -0.214908 1.665564 -0.088368 0.197894 -0.391286 0.423286 
3.179076 -0.500924 -0.104074 -0.053427 -0.215118 1.663983 -0.088721 0.196687 -0.389871 0.423898 
3.177904 -0.501177 -0.103636 -0.053654 -0.216122 1.663529 -0.088311 0.196992 -0.389368 0.423263 
3.177858 -0.499741 -0.104474 -0.053418 -0.216479 1.660660 -0.086779 0.197263 -0.389337 0.421978 
3.177687 -0.500855 -0.103021 -0.053465 -0.216558 1.663263 -0.087732 0.197251 -0.390077 0.424707 
3.174982 -0.501770 -0.103493 -0.055318 -0.214830 1.663659 -0.088863 0.195822 -0.389021 0.423579 
3.177614 -0.501231 -0.104053 -0.052993 -0.216500 1.662760 -0.089765 0.197119 -0.389168 0.423726 
3.177953 -0.501066 -0.101324 -0.052279 -0.215467 1.664798 -0.087424 0.198025 -0.387491 0.422494 
3.177969 -0.502731 -0.102435 -0.050796 -0.216255 1.665264 -0.085723 0.196102 -0.386362 0.423088 
3.178028 -0.500734 -0.102183 -0.052949 -0.215535 1.665068 -0.087189 0.198871 -0.386411 0.423199 
3.178539 -0.499358 -0.101508 -0.054338 -0.217803 1.667200 -0.087152 0.198761 -0.386273 0.422201 
3.178310 -0.502170 -0.102376 -0.053517 -0.215811 1.665123 -0.086960 0.199688 -0.386845 0.422628 
3.177750 -0.498823 -0.100690 -0.051878 -0.213718 1.664899 -0.086929 0.199675 -0.385520 0.425021 
3.178247 -0.498169 -0.101559 -0.051425 -0.211869 1.665097 -0.088343 0.199196 -0.383598 0.422961 
3.178255 -0.496463 -0.102181 -0.051750 -0.211758 1.662974 -0.086090 0.199202 -0.383545 0.421459 
3.178919 -0.498543 -0.100731 -0.052370 -0.211893 1.664338 -0.088495 0.198514 -0.382900 0.423267 
3.176091 -0.498714 -0.100671 -0.054151 -0.210421 1.665104 -0.088185 0.197430 -0.382767 0.423175 
3.177873 -0.498747 -0.100257 -0.051922 -0.212763 1.663758 -0.088890 0.198992 -0.382087 0.422929 
3.179115 -0.497145 -0.102406 -0.052084 -0.211649 1.663282 -0.091223 0.197735 -0.382654 0.424313 
3.179509 -0.497616 -0.103362 -0.050107 -0.211652 1.664015 -0.090397 0.195737 -0.380580 0.425055 
3.179221 -0.495945 -0.101920 -0.052401 -0.212559 1.664201 -0.091329 0.197243 -0.382527 0.424021 
3.180422 -0.494585 -0.101082 -0.053437 -0.212005 1.665251 -0.093335 0.198997 -0.382047 0.422817 
3.180338 -0.492568 -0.099157 -0.053298 -0.211756 1.665241 -0.093517 0.200226 -0.382633 0.425164 
3.180382 -0.494519 -0.100147 -0.052550 -0.211381 1.664990 -0.093742 0.198219 -0.382674 0.422092 
3.181146 -0.495263 -0.102153 -0.055050 -0.213953 1.665703 -0.094870 0.198790 -0.383117 0.421091 
3.181458 -0.493956 -0.101308 -0.052900 -0.212505 1.664262 -0.092699 0.199392 -0.382075 0.422352 
3.178725 -0.492971 -0.101744 -0.055013 -0.210296 1.664739 -0.092496 0.198525 -0.381029 0.421511 
3.179027 -0.493029 -0.101967 -0.054443 -0.209826 1.665669 -0.092562 0.198174 -0.379569 0.421476 
3.179542 -0.492983 -0.102241 -0.054646 -0.209343 1.665900 -0.092379 0.197958 -0.379978 0.421666 
3.178909 -0.493670 -0.102616 -0.054256 -0.208845 1.664815 -0.093413 0.198798 -0.379333 0.421743 
3.179356 -0.493275 -0.101527 -0.054913 -0.209822 1.665294 -0.092572 0.197863 -0.379230 0.421611 
3.179287 -0.494219 -0.100878 -0.055144 -0.209303 1.665716 -0.091641 0.198764 -0.379183 0.421048 
3.179463 -0.493684 -0.101939 -0.055108 -0.210081 1.665346 -0.092755 0.197613 -0.379289 0.420980 
3.179175 -0.492342 -0.101716 -0.055450 -0.210131 1.665395 -0.093717 0.197085 -0.378955 0.422310 
3.178634 -0.492800 -0.101824 -0.055390 -0.210103 1.665461 -0.093485 0.196612 -0.379046 0.422690 
3.179629 -0.491768 -0.102393 -0.054810 -0.210527 1.664288 -0.093015 0.196513 -0.378531 0.422481 
3.179334 -0.491476 -0.102138 -0.054723 -0.210002 1.664102 -0.093035 0.196131 -0.378609 0.421983 
3.179996 -0.491863 -0.101402 -0.053519 -0.210231 1.664103 -0.093805 0.195607 -0.379142 0.422154 
3.179121 -0.490857 -0.101561 -0.055773 -0.209536 1.664063 -0.092461 0.195987 -0.377441 0.422118 
3.178692 -0.490247 -0.100969 -0.057093 -0.209600 1.663160 -0.092041 0.196112 -0.377783 0.422311 
3.178429 -0.490372 -0.101219 -0.057637 -0.208474 1.662233 -0.092512 0.196560 -0.376959 0.422687 
3.179244 -0.490232 -0.101185 -0.057353 -0.209121 1.663342 -0.091861 0.195859 -0.378146 0.422517 
3.177923 -0.488987 -0.100649 -0.057471 -0.209967 1.663800 -0.091244 0.196116 -0.377369 0.422109 
3.178669 -0.490051 -0.101277 -0.057439 -0.209879 1.663233 -0.092652 0.195628 -0.377691 0.422281 
3.178982 -0.491173 -0.100643 -0.057753 -0.209969 1.662887 -0.091325 0.195884 -0.377350 0.421141 
3.179266 -0.489818 -0.100815 -0.057086 -0.209641 1.663102 -0.092319 0.196555 -0.377726 0.421944 
3.179413 -0.489317 -0.099638 -0.056479 -0.209581 1.663063 -0.092818 0.196215 -0.377745 0.423135 
3.179488 -0.489533 -0.101156 -0.056746 -0.209831 1.662544 -0.091979 0.196260 -0.377535 0.422013 
3.178489 -0.489323 -0.101016 -0.056571 -0.208864 1.662816 -0.092648 0.196396 -0.378750 0.421052 
3.178921 -0.490104 -0.100885 -0.056939 -0.210061 1.662860 -0.092177 0.196957 -0.378168 0.422281 
3.179529 -0.489160 -0.102096 -0.057581 -0.209612 1.663786 -0.092629 0.197446 -0.377776 0.422199 
3.179283 -0.490358 -0.100768 -0.057497 -0.209800 1.663114 -0.092046 0.196650 -0.377640 0.421333 
3.179459 -0.489721 -0.100754 -0.057057 -0.209896 1.663280 -0.092309 0.196414 -0.377979 0.421866 
3.179268 -0.489480 -0.100377 -0.056827 -0.209478 1.663169 -0.092677 0.196532 -0.377743 0.422592 
3.179324 -0.489283 -0.100387 -0.057201 -0.209470 1.662981 -0.092712 0.196592 -0.377860 0.422643 
3.179350 -0.489202 -0.101054 -0.056736 -0.209443 1.663621 -0.092833 0.196908 -0.377701 0.422765 
3.179507 -0.489699 -0.100473 -0.056773 -0.209424 1.663017 -0.092973 0.196525 -0.377831 0.422585 
3.179101 -0.489417 -0.100539 -0.056471 -0.209029 1.662878 -0.093131 0.196420 -0.378327 0.422190 
3.178845 -0.489824 -0.099814 -0.056215 -0.208827 1.662979 -0.093246 0.196357 -0.378347 0.421938 
3.179162 -0.489316 -0.100553 -0.056190 -0.209073 1.662593 -0.092991 0.196239 -0.378232 0.422210 
3.179222 -0.489404 -0.100510 -0.056426 -0.208928 1.662890 -0.093021 0.196551 -0.378375 0.422182 
3.179136 -0.489395 -0.100675 -0.056413 -0.208856 1.663238 -0.093210 0.196754 -0.378395 0.422189 
3.179233 -0.489310 -0.100451 -0.056431 -0.209017 1.662824 -0.093101 0.196677 -0.378319 0.422086 
3.179231 -0.489352 -0.100363 -0.056806 -0.208833 1.662725 -0.093016 0.196521 -0.378551 0.422223 
3.179303 -0.489350 -0.100472 -0.056458 -0.208824 1.662955 -0.093056 0.196450 -0.378264 0.422089 
3.179202 -0.489631 -0.100119 -0.056368 -0.208825 1.663005 -0.093049 0.196448 -0.378272 0.421970 
3.179391 -0.489270 -0.100398 -0.056418 -0.208923 1.663043 -0.093088 0.196383 -0.378382 0.422121 
3.179377 -0.489461 -0.100644 -0.056562 -0.208994 1.662989 -0.092888 0.196400 -0.378364 0.421758 
3.179428 -0.489463 -0.100519 -0.056435 -0.208801 1.662881 -0.093202 0.196447 -0.378302 0.422090 
3.179496 -0.489479 -0.100431 -0.056614 -0.209022 1.663025 -0.092957 0.196499 -0.378012 0.422286 
3.179374 -0.489252 -0.100465 -0.056210 -0.208857 1.662651 -0.092894 0.196264 -0.378174 0.422104 
3.179304 -0.489325 -0.100401 -0.056653 -0.208774 1.662881 -0.093057 0.196440 -0.378352 0.422108 
3.179259 -0.489349 -0.100549 -0.056470 -0.208783 1.663131 -0.093147 0.196552 -0.378274 0.422089 
3.179319 -0.489333 -0.100462 -0.056420 -0.208832 1.662886 -0.093020 0.196409 -0.378250 0.422092 
3.179328 -0.489305 -0.100499 -0.056428 -0.208831 1.662884 -0.093023 0.196411 -0.378249 0.422104 
3.179300 -0.489390 -0.100388 -0.056401 -0.208833 1.662890 -0.093016 0.196405 -0.378251 0.422068 
3.179299 -0.489320 -0.100467 -0.056403 -0.208811 1.662881 -0.093031 0.196405 -0.378275 0.422072 
3.179360 -0.489358 -0.100453 -0.056450 -0.208873 1.662896 -0.092998 0.196417 -0.378198 0.422132 
3.179311 -0.489322 -0.100446 -0.056409 -0.208814 1.662885 -0.093038 0.196415 -0.378239 0.422125 
3.179312 -0.489288 -0.100491 -0.056331 -0.208803 1.662882 -0.093032 0.196410 -0.378215 0.422126 
3.179336 -0.489318 -0.100437 -0.056405 -0.208792 1.662885 -0.093016 0.196441 -0.378252 0.422124 
3.179331 -0.489307 -0.100409 -0.056482 -0.208780 1.662845 -0.093019 0.196424 -0.378282 0.422134 
3.179332 -0.489338 -0.100450 -0.056406 -0.208773 1.662901 -0.093000 0.196416 -0.378262 0.422143 
3.179301 -0.489337 -0.100454 -0.056451 -0.208743 1.662961 -0.093011 0.196449 -0.378235 0.422120 
3.179357 -0.489318 -0.100434 -0.056405 -0.208772 1.662923 -0.093010 0.196392 -0.378263 0.422134 
3.179318 -0.489330 -0.100441 -0.056406 -0.208823 1.662942 -0.093004 0.196442 -0.378324 0.422174 
3.179342 -0.489358 -0.100457 -0.056407 -0.208769 1.662899 -0.093043 0.196417 -0.378265 0.422153 
3.179391 -0.489367 -0.100471 -0.056417 -0.208762 1.662903 -0.092976 0.196448 -0.378299 0.422098 
