Start Optimization 
7.276976 -0.091700 -0.054572 -0.260501 0.775281 -0.520211 0.186476 -0.261181 0.706436 0.160340 
8.276976 -0.091700 -0.054572 -0.260501 0.775281 -0.520211 0.186476 -0.261181 0.706436 0.160340 
7.276976 0.908300 -0.054572 -0.260501 0.775281 -0.520211 0.186476 -0.261181 0.706436 0.160340 
7.276976 -0.091700 0.945428 -0.260501 0.775281 -0.520211 0.186476 -0.261181 0.706436 0.160340 
7.276976 -0.091700 -0.054572 0.739499 0.775281 -0.520211 0.186476 -0.261181 0.706436 0.160340 
7.276976 -0.091700 -0.054572 -0.260501 1.775281 -0.520211 0.186476 -0.261181 0.706436 0.160340 
7.276976 -0.091700 -0.054572 -0.260501 0.775281 0.479789 0.186476 -0.261181 0.706436 0.160340 
7.276976 -0.091700 -0.054572 -0.260501 0.775281 -0.520211 1.186476 -0.261181 0.706436 0.160340 
7.276976 -0.091700 -0.054572 -0.260501 0.775281 -0.520211 1.186476 0.738819 0.706436 0.160340 
7.276976 -0.091700 -0.054572 -0.260501 0.775281 -0.520211 1.186476 -0.261181 1.706436 0.160340 
7.276976 -0.091700 -0.054572 -0.260501 0.775281 -0.520211 1.186476 -0.261181 1.706436 1.160340 
7.276826 -0.369536 -0.300685 -1.184298 0.762210 -0.612360 1.189216 -0.273978 1.706934 1.160720 
7.276966 0.404568 -0.070194 -0.319139 0.774451 -0.526060 1.186650 -0.261993 1.706468 1.160364 
7.026976 -0.091700 -0.054419 -0.260501 0.775281 -0.520211 1.186476 -0.261181 1.706436 1.160340 
7.277280 -0.088661 0.442476 -0.314387 0.774519 -0.525586 1.186636 -0.261927 1.706465 1.160362 
7.276976 -0.091700 -0.054572 -0.256964 0.525306 -0.520211 1.186476 -0.261181 1.706436 1.160340 
7.276907 -0.074226 -0.175765 0.223217 0.782316 -0.551119 1.187395 -0.265473 1.706603 1.160467 
7.276973 -0.096774 -0.059067 -0.277372 0.775042 -0.769549 1.186476 -0.261181 1.706436 1.160340 
7.276790 -0.201222 -0.372714 -0.623382 0.770454 -0.449264 1.187963 -0.268125 1.706706 1.160546 
7.276976 -0.091850 -0.054705 -0.261001 0.775274 -0.520172 1.436475 -0.261181 1.706436 1.160340 
7.276790 -0.201222 -0.372717 -0.623381 0.770454 -0.449263 1.185187 -0.268126 1.706706 1.160546 
7.276976 -0.092403 -0.055194 -0.262838 0.775248 -0.520027 1.186471 -0.511168 1.706436 1.160340 
7.276790 -0.201048 -0.372403 -0.622804 0.770462 -0.449339 1.185188 -0.234438 1.706706 1.160546 
7.276976 -0.091727 -0.054596 -0.260592 0.775280 -0.520204 1.186476 -0.261180 1.956436 1.160340 
7.276790 -0.201048 -0.372403 -0.622804 0.770462 -0.449339 1.185188 -0.234438 1.705806 1.160546 
7.276883 -0.146374 -0.213487 -0.441652 0.772872 -0.484775 1.185832 -0.247809 1.706121 1.160443 
7.276976 -0.091704 -0.054479 -0.260511 0.775281 -0.520212 1.186476 -0.261181 1.706436 1.285340 
7.277119 -0.126264 0.172108 -0.356473 0.774087 -0.496593 1.186212 -0.248875 1.706176 1.160155 
7.276947 -0.101532 -0.107248 -0.148111 0.776987 -0.512245 1.186547 -0.253726 1.706300 1.160382 
7.276967 0.032220 -0.070418 -0.262207 0.775297 -0.517366 1.186497 -0.258600 1.706389 1.160354 
7.277015 -0.090916 0.004778 -0.247982 0.775575 -0.507575 1.186411 -0.253013 1.706274 1.160291 
7.308226 -0.091700 -0.054591 -0.260501 0.775281 -0.520217 1.186476 -0.261181 1.706436 1.160340 
7.308220 -0.091565 -0.044541 -0.257065 0.775375 -0.581726 1.186451 -0.257996 1.706373 1.160330 
7.308226 -0.091718 -0.054643 -0.261002 0.806527 -0.520206 1.186476 -0.261180 1.706436 1.160340 
7.308225 -0.113041 -0.064921 -0.309449 0.773196 -0.501504 1.186018 -0.236825 1.705928 1.160328 
7.308226 -0.091699 -0.054590 -0.260496 0.775281 -0.520218 1.186476 -0.261819 1.675193 1.160340 
7.308230 -0.094681 -0.049358 -0.264693 0.774891 -0.517083 1.186380 -0.323153 1.707793 1.160332 
7.308226 -0.091088 -0.054646 -0.260455 0.775282 -0.520209 1.155232 -0.261169 1.706436 1.160340 
7.308225 -0.029021 -0.058307 -0.264995 0.774984 -0.516441 1.156440 -0.259129 1.706466 1.160341 
7.308226 -0.091088 -0.054676 -0.260441 0.775282 -0.520208 1.155232 -0.261168 1.706436 1.129090 
7.308217 -0.092504 -0.076161 -0.203038 0.775570 -0.509928 1.155310 -0.254940 1.706481 1.160427 
7.308205 -0.109103 -0.110755 -0.196351 0.773595 -0.478543 1.155002 -0.217520 1.706268 1.160598 
7.308209 -0.110094 -0.112278 -0.198830 0.773544 -0.455424 1.154980 -0.238316 1.706692 1.160598 
7.308190 -0.126423 -0.147690 -0.159698 0.770930 -0.472409 1.154647 -0.261914 1.708057 1.160859 
7.308219 -0.136307 -0.096138 -0.193821 0.773636 -0.453923 1.154446 -0.237176 1.706669 1.160586 
7.308255 -0.125295 -0.049560 -0.175698 0.773473 -0.426800 1.154602 -0.213697 1.706340 1.160587 
7.308255 -0.125149 -0.048728 -0.177298 0.742788 -0.427185 1.150627 -0.213923 1.706344 1.164558 
7.308260 -0.133452 -0.041797 -0.194626 0.754101 -0.424697 1.109687 -0.209439 1.706313 1.205285 
7.308260 -0.133418 -0.041586 -0.195207 0.754098 -0.424800 1.108592 -0.208864 1.737501 1.203875 
7.308264 -0.141043 -0.035398 -0.210583 0.753830 -0.422466 1.071618 -0.205432 1.702486 1.159809 
7.339510 -0.133452 -0.041815 -0.194630 0.754101 -0.424704 1.109689 -0.209439 1.706313 1.205285 
7.308205 -0.157620 -0.023093 -0.240658 0.753324 -0.418483 1.135417 -0.197946 1.706166 1.209757 
7.308172 -0.165836 -0.036556 -0.147155 0.754158 -0.429717 1.090382 -0.220555 1.706871 1.212686 
7.308228 -0.120342 -0.047044 -0.193181 0.754583 -0.403229 1.103286 -0.225753 1.706565 1.207883 
7.308257 -0.136979 -0.050758 -0.193015 0.753607 -0.417423 1.109623 -0.199659 1.706251 1.205328 
7.308204 -0.117942 -0.055938 -0.185920 0.754325 -0.429384 1.100564 -0.182410 1.705802 1.209015 
7.308255 -0.137413 -0.052490 -0.194634 0.738534 -0.418859 1.107662 -0.200850 1.706268 1.207279 
7.308227 -0.142602 -0.074591 -0.200063 0.759653 -0.430385 1.107995 -0.210614 1.706376 1.205474 
7.308159 -0.154508 -0.044060 -0.210029 0.753885 -0.410305 1.117889 -0.187042 1.706153 1.212857 
7.308129 -0.155619 -0.045322 -0.207003 0.750949 -0.409357 1.129295 -0.185418 1.706113 1.203375 
7.308100 -0.166545 -0.043906 -0.196019 0.750207 -0.408967 1.128134 -0.185306 1.706229 1.203550 
7.308086 -0.171004 -0.042067 -0.198450 0.749800 -0.407874 1.119612 -0.183456 1.705292 1.191858 
7.308100 -0.167206 -0.044461 -0.196744 0.750164 -0.403081 1.128342 -0.190311 1.706335 1.203465 
7.308016 -0.172367 -0.044323 -0.184032 0.748606 -0.407558 1.130752 -0.177943 1.706311 1.204416 
7.307936 -0.182184 -0.052283 -0.176701 0.749218 -0.411502 1.133773 -0.175601 1.706443 1.204709 
7.303512 -0.188314 -0.045900 -0.166740 0.747586 -0.413982 1.137842 -0.173707 1.702213 1.205127 
7.297946 -0.188318 -0.045885 -0.166837 0.747584 -0.413979 1.137649 -0.173579 1.707683 1.204880 
7.307865 -0.191150 -0.043130 -0.162535 0.746835 -0.414977 1.139055 -0.172280 1.717993 1.204517 
7.297947 -0.188151 -0.044936 -0.166238 0.755215 -0.413263 1.138221 -0.172983 1.707676 1.204320 
7.297572 -0.193819 -0.046835 -0.167154 0.748165 -0.410820 1.129561 -0.167227 1.707427 1.214708 
7.297360 -0.187713 -0.051518 -0.156899 0.748688 -0.412475 1.121200 -0.169711 1.707295 1.215484 
7.297580 -0.191064 -0.047810 -0.166535 0.748403 -0.411376 1.133799 -0.168139 1.707880 1.220430 
7.297033 -0.197189 -0.050283 -0.170393 0.746548 -0.404915 1.134962 -0.155610 1.706781 1.211863 
7.296781 -0.199941 -0.049429 -0.176873 0.747445 -0.416946 1.134781 -0.148690 1.706371 1.212264 
7.296758 -0.204639 -0.054724 -0.176408 0.748384 -0.418008 1.135945 -0.151394 1.706467 1.212131 
7.296117 -0.215736 -0.051364 -0.184837 0.747952 -0.412536 1.137996 -0.152741 1.706067 1.213525 
7.294505 -0.207620 -0.051577 -0.171362 0.747572 -0.419270 1.137941 -0.150500 1.704310 1.212305 
7.293200 -0.209677 -0.061529 -0.164734 0.747295 -0.419615 1.133589 -0.142168 1.703002 1.210077 
7.292639 -0.206561 -0.066608 -0.163219 0.747511 -0.420431 1.142489 -0.139709 1.703364 1.221028 
7.287061 -0.207985 -0.062946 -0.166807 0.745061 -0.419710 1.133481 -0.143482 1.700354 1.209417 
7.291752 -0.210734 -0.062006 -0.163194 0.737796 -0.421723 1.135676 -0.142298 1.714380 1.206942 
7.289200 -0.209682 -0.060878 -0.164394 0.752616 -0.419046 1.133674 -0.141524 1.706915 1.209722 
7.291951 -0.208003 -0.063123 -0.163174 0.756100 -0.421308 1.141893 -0.141631 1.704535 1.198028 
7.290020 -0.211261 -0.062144 -0.158440 0.754860 -0.427368 1.125181 -0.149019 1.707416 1.210760 
7.289023 -0.216012 -0.060578 -0.166781 0.752288 -0.415781 1.133339 -0.139512 1.706635 1.209340 
7.288926 -0.218498 -0.057434 -0.169259 0.751576 -0.414917 1.131672 -0.133659 1.706252 1.208723 
7.288986 -0.220075 -0.056711 -0.167447 0.750729 -0.407667 1.130731 -0.133576 1.706201 1.207970 
7.287911 -0.221501 -0.054972 -0.164939 0.750441 -0.408690 1.131411 -0.133800 1.705182 1.208240 
7.289445 -0.226846 -0.058130 -0.169518 0.751448 -0.407692 1.127998 -0.134357 1.706494 1.208000 
7.289234 -0.229072 -0.060105 -0.170531 0.751324 -0.406176 1.132845 -0.131647 1.706574 1.212236 
7.289212 -0.229269 -0.062492 -0.169025 0.751667 -0.406526 1.132942 -0.129934 1.705944 1.210320 
7.290309 -0.231052 -0.061574 -0.171042 0.752881 -0.405919 1.137507 -0.130166 1.704884 1.205040 
7.288722 -0.228785 -0.062571 -0.169676 0.753635 -0.406035 1.132428 -0.130082 1.702859 1.210980 
7.283053 -0.229312 -0.064317 -0.170999 0.748020 -0.406193 1.132841 -0.130113 1.704988 1.209096 
7.287214 -0.229218 -0.062169 -0.168835 0.754330 -0.406270 1.132987 -0.129629 1.707903 1.210146 
7.287916 -0.231073 -0.065625 -0.166134 0.754671 -0.405788 1.131094 -0.123823 1.708258 1.209838 
7.288428 -0.232123 -0.071738 -0.162286 0.755654 -0.405059 1.131681 -0.126092 1.708865 1.210211 
7.288969 -0.229533 -0.067400 -0.168761 0.755029 -0.405406 1.130505 -0.123610 1.709267 1.209637 
7.287517 -0.231746 -0.066558 -0.166499 0.755483 -0.413163 1.131820 -0.122057 1.707898 1.210605 
7.288360 -0.228036 -0.065517 -0.164641 0.753685 -0.405962 1.132488 -0.123014 1.708286 1.209784 
7.284213 -0.233866 -0.064826 -0.166337 0.758254 -0.403960 1.129903 -0.119375 1.707053 1.209776 
7.284286 -0.233914 -0.063757 -0.164511 0.758660 -0.405172 1.124107 -0.119469 1.706832 1.205165 
7.285095 -0.234778 -0.064960 -0.166804 0.758532 -0.403847 1.132058 -0.119080 1.706550 1.206888 
7.287786 -0.240307 -0.063465 -0.166880 0.756287 -0.403053 1.131342 -0.115662 1.707899 1.208030 
7.289853 -0.240051 -0.062224 -0.166209 0.759106 -0.403100 1.131499 -0.115986 1.708584 1.208650 
7.283809 -0.242324 -0.061425 -0.167442 0.756953 -0.403349 1.132602 -0.116941 1.713504 1.206804 
7.287686 -0.239548 -0.060495 -0.168977 0.755733 -0.403391 1.131286 -0.115602 1.706886 1.208036 
7.287608 -0.244009 -0.068812 -0.163757 0.758151 -0.402022 1.131208 -0.116618 1.706106 1.208551 
7.287655 -0.242305 -0.071601 -0.158606 0.757913 -0.400978 1.132526 -0.112197 1.707183 1.208078 
7.287894 -0.241911 -0.071204 -0.158523 0.757522 -0.397288 1.132142 -0.113070 1.707401 1.207688 
7.289192 -0.241834 -0.076488 -0.162949 0.759620 -0.400430 1.130608 -0.110448 1.709538 1.207622 
7.287832 -0.242122 -0.072171 -0.159490 0.757509 -0.400488 1.135437 -0.112406 1.707361 1.210344 
7.291729 -0.242296 -0.074619 -0.157394 0.754163 -0.402203 1.135376 -0.116567 1.709293 1.209845 
7.285908 -0.243139 -0.071955 -0.159162 0.758098 -0.400564 1.135982 -0.113132 1.710357 1.209879 
7.282482 -0.247900 -0.073999 -0.158578 0.761524 -0.399460 1.136873 -0.112528 1.707661 1.210731 
7.279019 -0.250822 -0.074358 -0.160537 0.756386 -0.399012 1.136812 -0.109456 1.707139 1.210246 
7.276868 -0.250280 -0.074719 -0.159354 0.755868 -0.398954 1.132548 -0.109511 1.707883 1.216211 
7.276846 -0.248648 -0.075799 -0.160709 0.756100 -0.399301 1.137047 -0.110839 1.706155 1.209468 
7.277596 -0.255690 -0.072007 -0.161852 0.757893 -0.398111 1.138333 -0.104733 1.707427 1.210759 
7.277708 -0.254844 -0.073446 -0.159221 0.757693 -0.397628 1.138991 -0.102626 1.708006 1.210509 
7.279567 -0.259551 -0.077284 -0.155609 0.755176 -0.397694 1.139734 -0.102939 1.708800 1.210375 
7.277723 -0.259550 -0.077827 -0.153594 0.754683 -0.397381 1.135842 -0.101801 1.709892 1.216316 
7.278861 -0.259706 -0.074818 -0.153469 0.754266 -0.397248 1.140598 -0.103964 1.707690 1.210522 
7.280053 -0.259530 -0.077856 -0.156079 0.754918 -0.390100 1.138864 -0.103552 1.709508 1.209445 
7.278577 -0.260156 -0.076677 -0.154670 0.755796 -0.398169 1.137344 -0.103064 1.709933 1.208131 
7.281196 -0.260216 -0.077200 -0.153914 0.755416 -0.398219 1.134452 -0.100126 1.704051 1.206876 
7.278342 -0.259686 -0.076098 -0.155702 0.752412 -0.398375 1.137000 -0.101987 1.710676 1.207623 
7.282448 -0.258569 -0.075667 -0.152377 0.752889 -0.399241 1.139031 -0.098758 1.714450 1.206243 
7.275676 -0.259491 -0.078090 -0.155031 0.752099 -0.398481 1.138200 -0.101227 1.710026 1.206549 
7.277982 -0.260940 -0.075440 -0.156163 0.752797 -0.398175 1.137345 -0.100919 1.710718 1.207763 
7.278255 -0.264270 -0.074912 -0.157795 0.752482 -0.398832 1.137393 -0.101696 1.710679 1.207624 
7.278385 -0.263647 -0.074293 -0.158683 0.752916 -0.398887 1.138088 -0.101886 1.710352 1.206431 
7.276852 -0.264717 -0.073781 -0.158388 0.753016 -0.398921 1.135737 -0.100376 1.711136 1.210168 
7.277775 -0.264256 -0.074885 -0.158018 0.752532 -0.397802 1.137864 -0.102386 1.712004 1.207749 
7.279244 -0.265222 -0.075468 -0.157577 0.752070 -0.395836 1.136253 -0.100855 1.709438 1.207061 
7.279795 -0.265091 -0.076647 -0.158449 0.752545 -0.396092 1.135949 -0.100202 1.710154 1.206934 
7.280760 -0.266581 -0.074826 -0.155184 0.751659 -0.396209 1.137414 -0.099449 1.710591 1.206953 
7.278556 -0.267935 -0.076550 -0.153895 0.751016 -0.396429 1.138700 -0.098404 1.710016 1.206325 
7.279282 -0.268696 -0.077329 -0.152101 0.747988 -0.397164 1.138271 -0.098969 1.710358 1.206344 
7.278851 -0.268921 -0.077144 -0.151506 0.748564 -0.397395 1.137100 -0.099225 1.710841 1.205279 
7.280132 -0.269886 -0.078438 -0.150155 0.749938 -0.397221 1.139037 -0.100240 1.709472 1.207488 
7.278690 -0.269015 -0.077150 -0.151942 0.748033 -0.397158 1.137371 -0.098372 1.710659 1.207775 
7.278217 -0.270200 -0.075229 -0.151122 0.747436 -0.397193 1.138549 -0.095693 1.710546 1.207200 
7.278876 -0.271241 -0.075971 -0.151355 0.747413 -0.397784 1.139122 -0.092441 1.711776 1.206594 
7.278462 -0.268484 -0.075895 -0.149192 0.747349 -0.397093 1.139484 -0.090964 1.711702 1.206591 
7.279145 -0.271680 -0.076220 -0.151343 0.747240 -0.395974 1.138778 -0.092324 1.711726 1.206381 
7.278180 -0.273725 -0.075199 -0.152040 0.746866 -0.395220 1.140187 -0.093290 1.713958 1.206481 
7.277808 -0.276667 -0.074364 -0.153589 0.746151 -0.395107 1.139794 -0.093106 1.712389 1.206035 
7.276653 -0.273689 -0.076217 -0.151863 0.746703 -0.395108 1.140601 -0.093149 1.713597 1.206248 
7.275970 -0.273230 -0.074627 -0.150441 0.746135 -0.393051 1.141923 -0.092312 1.715337 1.206265 
7.275493 -0.272499 -0.074449 -0.151530 0.745267 -0.393006 1.141072 -0.092049 1.715865 1.206359 
7.275490 -0.274309 -0.075543 -0.149879 0.747017 -0.392586 1.140747 -0.092140 1.716628 1.209204 
7.276368 -0.273577 -0.075057 -0.149585 0.744607 -0.393407 1.141753 -0.092635 1.715484 1.206306 
7.277588 -0.273035 -0.076194 -0.151111 0.743697 -0.392621 1.144254 -0.092871 1.715301 1.207744 
7.278038 -0.273461 -0.076851 -0.151290 0.743825 -0.392979 1.144396 -0.091480 1.716029 1.207163 
7.278642 -0.273471 -0.078280 -0.151679 0.743953 -0.391900 1.144809 -0.093667 1.718087 1.205637 
7.277496 -0.273736 -0.076309 -0.151523 0.743854 -0.394302 1.145144 -0.091889 1.716786 1.207379 
7.278510 -0.271307 -0.076982 -0.150438 0.742830 -0.395280 1.147150 -0.091391 1.717195 1.207879 
7.277444 -0.276528 -0.075534 -0.152799 0.742230 -0.393368 1.146343 -0.091756 1.716339 1.207128 
7.277363 -0.274220 -0.076900 -0.151280 0.744187 -0.394081 1.144728 -0.091872 1.717529 1.208885 
7.276613 -0.274210 -0.077436 -0.151217 0.744116 -0.394061 1.144912 -0.091816 1.717319 1.208768 
7.277146 -0.274416 -0.078313 -0.151951 0.744331 -0.395094 1.144378 -0.092307 1.716590 1.208869 
7.276421 -0.273888 -0.077393 -0.151661 0.743534 -0.394075 1.144478 -0.091721 1.717592 1.208819 
7.276032 -0.273322 -0.077107 -0.152792 0.744809 -0.393665 1.144713 -0.091412 1.717751 1.208937 
7.276267 -0.273900 -0.077039 -0.151552 0.743515 -0.394359 1.144352 -0.091147 1.717099 1.209170 
7.275955 -0.274186 -0.077156 -0.150641 0.743787 -0.394480 1.143364 -0.091892 1.718193 1.208076 
7.276581 -0.273091 -0.077612 -0.151299 0.743632 -0.394337 1.144574 -0.091679 1.717699 1.208934 
7.276514 -0.275280 -0.077243 -0.151923 0.742459 -0.393623 1.145115 -0.091765 1.717613 1.208898 
7.275997 -0.275889 -0.076742 -0.153216 0.743256 -0.392917 1.145323 -0.091589 1.717813 1.208809 
7.276830 -0.275508 -0.077712 -0.152153 0.742556 -0.393988 1.145074 -0.091230 1.717784 1.208635 
7.277155 -0.275964 -0.078232 -0.152631 0.742378 -0.394737 1.144490 -0.092286 1.716839 1.208878 
7.277389 -0.275874 -0.078511 -0.152607 0.742335 -0.394036 1.144053 -0.092138 1.716541 1.208745 
7.277602 -0.276783 -0.078247 -0.151354 0.741830 -0.394988 1.144927 -0.091813 1.716149 1.209115 
7.278372 -0.276226 -0.079040 -0.150867 0.740650 -0.395203 1.145598 -0.091945 1.716320 1.209448 
7.278231 -0.276274 -0.079055 -0.150427 0.740423 -0.395381 1.145050 -0.092146 1.716730 1.209068 
7.278616 -0.277792 -0.079167 -0.149738 0.739763 -0.395507 1.145492 -0.091823 1.716381 1.209102 
7.278434 -0.278388 -0.079089 -0.150247 0.739545 -0.396925 1.146055 -0.092612 1.716697 1.209358 
7.278168 -0.278315 -0.078673 -0.150266 0.738645 -0.397850 1.145521 -0.091689 1.716166 1.210052 
7.278178 -0.278546 -0.079527 -0.150067 0.739794 -0.396842 1.145891 -0.092592 1.716977 1.210040 
7.277077 -0.278557 -0.080632 -0.149511 0.740049 -0.397126 1.146513 -0.092678 1.716389 1.209606 
7.278614 -0.278560 -0.079886 -0.150158 0.740192 -0.397252 1.145784 -0.092132 1.717116 1.209802 
7.279052 -0.278825 -0.079109 -0.149132 0.740440 -0.396911 1.145998 -0.093411 1.717177 1.210921 
7.278820 -0.278712 -0.078748 -0.148871 0.740511 -0.396937 1.146487 -0.092999 1.717698 1.210892 
7.279416 -0.279767 -0.079665 -0.149878 0.740004 -0.396229 1.145871 -0.093811 1.718122 1.211375 
7.279496 -0.280247 -0.079627 -0.150146 0.739162 -0.396603 1.145053 -0.093442 1.718149 1.212735 
7.279687 -0.279278 -0.080131 -0.149653 0.739505 -0.396294 1.146188 -0.093894 1.718185 1.211474 
7.279094 -0.280173 -0.081382 -0.149468 0.739879 -0.395982 1.146605 -0.094701 1.718168 1.211451 
7.278954 -0.280206 -0.081389 -0.149037 0.739652 -0.396163 1.146057 -0.094907 1.718578 1.211061 
7.279809 -0.280647 -0.080991 -0.150535 0.739629 -0.396240 1.147592 -0.095432 1.717883 1.211187 
7.279687 -0.279696 -0.081139 -0.151664 0.740382 -0.396027 1.147620 -0.096143 1.718303 1.211741 
7.279440 -0.280545 -0.080602 -0.150409 0.739241 -0.395687 1.147647 -0.095785 1.717678 1.211305 
7.281107 -0.281214 -0.081436 -0.150697 0.739943 -0.395467 1.147874 -0.094673 1.717502 1.210892 
7.280163 -0.280749 -0.080690 -0.150013 0.739959 -0.396280 1.147780 -0.095710 1.718125 1.211602 
7.279717 -0.281141 -0.080421 -0.150017 0.739941 -0.396535 1.149059 -0.094919 1.719145 1.211752 
7.279978 -0.280802 -0.080841 -0.150190 0.739892 -0.397065 1.147848 -0.095603 1.717738 1.211326 
7.280584 -0.280653 -0.080334 -0.149093 0.740830 -0.396459 1.148381 -0.095996 1.717204 1.212360 
7.280735 -0.281058 -0.080413 -0.149249 0.740523 -0.396648 1.148134 -0.095963 1.717192 1.213097 
7.280871 -0.280812 -0.080644 -0.149135 0.740272 -0.396682 1.148288 -0.096004 1.717226 1.213145 
7.281140 -0.281512 -0.080196 -0.149019 0.740618 -0.396967 1.147850 -0.096377 1.717518 1.212977 
7.281299 -0.281322 -0.080267 -0.149553 0.741159 -0.397181 1.147751 -0.096692 1.717785 1.213269 
7.280952 -0.281706 -0.080535 -0.148933 0.740723 -0.396895 1.147898 -0.096533 1.717531 1.212976 
7.280811 -0.281705 -0.080704 -0.148423 0.740982 -0.397073 1.147320 -0.096134 1.717721 1.213110 
7.281265 -0.281836 -0.080706 -0.149015 0.740832 -0.396816 1.147939 -0.096302 1.717469 1.212872 
7.281020 -0.282287 -0.080328 -0.149167 0.740489 -0.396664 1.148121 -0.097035 1.717214 1.212922 
7.281437 -0.282096 -0.080699 -0.149003 0.739978 -0.396764 1.148457 -0.097464 1.717307 1.212973 
7.281492 -0.282099 -0.080607 -0.148919 0.740009 -0.396408 1.148519 -0.097457 1.717568 1.213116 
7.281283 -0.282452 -0.080571 -0.149040 0.739960 -0.397163 1.149142 -0.097257 1.717645 1.213007 
7.281204 -0.282534 -0.080668 -0.149284 0.739706 -0.397148 1.148961 -0.097183 1.717864 1.212932 
7.281253 -0.282300 -0.080465 -0.148986 0.740171 -0.397019 1.149408 -0.097588 1.717735 1.212193 
7.281409 -0.282509 -0.080377 -0.148765 0.740218 -0.397181 1.149188 -0.097681 1.717896 1.212142 
7.281630 -0.283012 -0.080271 -0.148196 0.740329 -0.397291 1.149281 -0.098151 1.717643 1.212127 
7.281734 -0.283701 -0.080310 -0.147993 0.740026 -0.397370 1.149086 -0.098589 1.717785 1.211848 
7.282027 -0.283995 -0.080322 -0.148240 0.740397 -0.397618 1.149023 -0.099270 1.717979 1.211969 
7.282555 -0.284318 -0.079807 -0.148221 0.740285 -0.397871 1.148960 -0.099734 1.717991 1.211874 
7.281713 -0.283848 -0.080157 -0.148151 0.740295 -0.397703 1.148976 -0.099486 1.718050 1.212074 
7.281999 -0.284314 -0.080940 -0.147867 0.740761 -0.397785 1.148938 -0.099574 1.718235 1.211908 
7.282132 -0.284132 -0.081137 -0.147869 0.740525 -0.397753 1.149177 -0.099760 1.718218 1.211898 
7.281636 -0.284747 -0.080928 -0.148203 0.740977 -0.397393 1.149162 -0.099889 1.717867 1.211720 
7.281479 -0.285283 -0.080968 -0.148367 0.740815 -0.397654 1.149580 -0.099708 1.717909 1.212276 
7.281405 -0.285251 -0.081059 -0.148489 0.740782 -0.398011 1.149531 -0.099684 1.717685 1.212113 
7.281259 -0.285506 -0.080947 -0.148913 0.740825 -0.397569 1.149722 -0.099713 1.718523 1.211884 
7.281481 -0.285396 -0.081106 -0.148481 0.740559 -0.397551 1.149251 -0.099752 1.717892 1.212361 
7.281453 -0.285390 -0.080965 -0.148572 0.741383 -0.397392 1.149647 -0.099952 1.717442 1.212753 
7.281192 -0.285222 -0.081199 -0.148564 0.741408 -0.397259 1.149680 -0.099694 1.717423 1.212787 
7.281320 -0.285943 -0.080755 -0.148069 0.741240 -0.397140 1.149840 -0.099936 1.717036 1.212537 
7.281526 -0.285757 -0.081104 -0.148089 0.740833 -0.396968 1.150411 -0.100389 1.716866 1.212527 
7.281367 -0.285837 -0.081316 -0.147873 0.740956 -0.397086 1.150349 -0.100631 1.717018 1.212547 
7.280764 -0.285556 -0.080808 -0.147825 0.740685 -0.397139 1.150341 -0.100989 1.717003 1.212765 
7.281532 -0.285685 -0.081324 -0.147588 0.740891 -0.397209 1.150271 -0.100543 1.716890 1.212787 
7.281275 -0.286452 -0.081598 -0.147635 0.741251 -0.397092 1.150567 -0.101028 1.717368 1.212420 
7.281139 -0.286811 -0.082015 -0.147756 0.741354 -0.397151 1.150154 -0.101487 1.716935 1.212233 
7.281230 -0.286762 -0.081992 -0.147692 0.741373 -0.396751 1.149963 -0.101591 1.717038 1.212302 
7.281277 -0.286450 -0.081947 -0.147325 0.741747 -0.396771 1.150040 -0.101810 1.717083 1.211580 
7.281364 -0.286843 -0.081934 -0.147661 0.741048 -0.396875 1.149798 -0.101638 1.717218 1.212137 
7.280886 -0.287042 -0.082505 -0.147513 0.740703 -0.396685 1.149790 -0.101315 1.717497 1.212108 
7.281484 -0.286673 -0.082135 -0.147743 0.740870 -0.396827 1.150048 -0.101861 1.717193 1.212164 
7.281470 -0.286944 -0.082065 -0.148070 0.741325 -0.397196 1.149526 -0.101830 1.717814 1.212457 
7.281036 -0.286737 -0.081762 -0.147574 0.740959 -0.396934 1.149776 -0.101877 1.717257 1.212245 
7.281112 -0.287518 -0.081352 -0.147623 0.740752 -0.396785 1.149990 -0.102064 1.717188 1.212372 
7.281416 -0.287683 -0.081469 -0.146928 0.740699 -0.397046 1.149882 -0.102131 1.717058 1.212855 
7.281617 -0.287938 -0.081175 -0.146890 0.740238 -0.397154 1.149489 -0.102064 1.716628 1.213294 
7.281355 -0.287824 -0.081666 -0.146949 0.740789 -0.397078 1.149690 -0.102376 1.716854 1.212688 
7.281513 -0.288213 -0.081521 -0.146322 0.741006 -0.397176 1.149799 -0.102742 1.717028 1.212327 
7.281079 -0.288675 -0.082051 -0.146047 0.740737 -0.397021 1.149819 -0.102555 1.717274 1.212388 
7.281612 -0.288170 -0.081516 -0.146301 0.741057 -0.396814 1.149594 -0.102866 1.717184 1.212432 
7.281636 -0.288491 -0.081634 -0.146646 0.741312 -0.397653 1.149697 -0.103025 1.717485 1.212676 
7.281462 -0.288586 -0.081500 -0.146596 0.741642 -0.397623 1.149582 -0.102814 1.717405 1.212747 
7.281713 -0.288590 -0.081844 -0.146602 0.741659 -0.397527 1.150248 -0.103470 1.717164 1.213065 
7.281381 -0.288423 -0.081704 -0.146513 0.741586 -0.397598 1.150210 -0.103692 1.717208 1.213162 
7.282068 -0.288292 -0.082345 -0.146260 0.742054 -0.397909 1.150026 -0.103598 1.717206 1.213028 
7.281577 -0.288463 -0.081931 -0.146755 0.741842 -0.397435 1.150416 -0.103481 1.717351 1.212805 
7.281667 -0.289222 -0.081371 -0.147031 0.741457 -0.397356 1.150345 -0.103696 1.717082 1.212977 
7.281826 -0.289252 -0.080909 -0.146910 0.741325 -0.397288 1.150859 -0.103391 1.717535 1.213316 
7.281823 -0.288940 -0.081170 -0.147281 0.741530 -0.397403 1.150314 -0.103702 1.716939 1.213026 
7.281287 -0.289387 -0.081780 -0.147510 0.741137 -0.397164 1.150338 -0.103429 1.717024 1.213390 
7.281620 -0.289229 -0.081382 -0.146957 0.741355 -0.397559 1.150569 -0.103511 1.716795 1.212866 
7.281121 -0.289444 -0.081043 -0.147120 0.741388 -0.397419 1.150406 -0.104059 1.717317 1.212438 
7.281673 -0.289192 -0.081307 -0.146862 0.741357 -0.396957 1.150335 -0.103699 1.716926 1.212874 
7.281758 -0.289172 -0.081441 -0.147053 0.741292 -0.397375 1.150396 -0.103798 1.717123 1.212940 
7.281861 -0.289589 -0.081412 -0.146863 0.741530 -0.397411 1.150255 -0.103829 1.717045 1.212958 
7.281978 -0.289654 -0.081629 -0.146923 0.741786 -0.397301 1.150452 -0.103800 1.717135 1.212749 
7.282038 -0.289678 -0.081610 -0.146958 0.741724 -0.397311 1.150340 -0.103653 1.717195 1.212639 
7.281966 -0.289691 -0.081825 -0.146547 0.741939 -0.397374 1.150403 -0.103937 1.717221 1.212731 
7.281882 -0.290047 -0.082065 -0.146630 0.741928 -0.397269 1.150428 -0.104012 1.717170 1.212875 
7.281973 -0.290269 -0.081923 -0.146508 0.741919 -0.397207 1.150694 -0.103968 1.717377 1.213038 
7.282160 -0.290589 -0.081870 -0.146501 0.742076 -0.397154 1.150838 -0.104156 1.717354 1.213154 
7.282200 -0.290736 -0.082021 -0.146560 0.742291 -0.396988 1.151146 -0.104185 1.717488 1.213190 
7.282197 -0.290919 -0.082047 -0.146435 0.742236 -0.397155 1.151417 -0.104078 1.717229 1.213118 
7.282401 -0.290893 -0.082196 -0.146456 0.741927 -0.397187 1.151544 -0.104304 1.717313 1.213065 
7.282317 -0.290938 -0.082173 -0.146537 0.741957 -0.397356 1.151557 -0.104357 1.717411 1.213026 
7.282203 -0.291016 -0.082035 -0.146374 0.741852 -0.396969 1.151581 -0.104469 1.717317 1.212801 
7.282099 -0.290922 -0.082007 -0.146363 0.741849 -0.396970 1.151659 -0.104578 1.717256 1.212934 
7.282123 -0.291316 -0.081936 -0.146232 0.741785 -0.396893 1.151775 -0.104702 1.717275 1.213077 
7.281965 -0.291461 -0.082115 -0.146173 0.741748 -0.396729 1.152078 -0.104610 1.717445 1.213090 
7.281995 -0.291555 -0.081934 -0.146534 0.741618 -0.396614 1.152215 -0.104523 1.717361 1.213135 
7.282035 -0.291392 -0.081961 -0.146094 0.741750 -0.396751 1.152165 -0.104561 1.717542 1.213090 
7.281984 -0.291577 -0.082300 -0.145871 0.741939 -0.396748 1.152112 -0.104841 1.717424 1.213006 
7.281828 -0.291688 -0.082430 -0.145502 0.741789 -0.396837 1.151984 -0.104888 1.717439 1.213017 
7.282079 -0.291527 -0.082364 -0.145906 0.741806 -0.396728 1.152115 -0.104968 1.717516 1.212996 
7.281931 -0.291603 -0.082288 -0.145880 0.742188 -0.396536 1.151917 -0.104933 1.717671 1.213146 
7.282024 -0.291552 -0.082320 -0.145804 0.742162 -0.396379 1.151902 -0.104873 1.717574 1.213198 
7.282110 -0.291653 -0.082490 -0.145903 0.742327 -0.396769 1.151979 -0.104855 1.717721 1.213423 
7.281826 -0.291495 -0.082264 -0.145873 0.742188 -0.396540 1.151991 -0.105037 1.717610 1.213274 
7.281841 -0.291371 -0.082483 -0.145889 0.742421 -0.396550 1.151963 -0.104945 1.717723 1.212864 
7.281986 -0.291950 -0.082147 -0.145928 0.742275 -0.396465 1.152043 -0.105171 1.717586 1.213119 
7.281837 -0.292273 -0.082092 -0.145684 0.742168 -0.396519 1.151938 -0.105316 1.717621 1.213152 
7.281731 -0.292522 -0.082109 -0.145599 0.742356 -0.396505 1.152012 -0.105578 1.717616 1.212932 
7.281790 -0.292847 -0.082218 -0.145536 0.742568 -0.396654 1.152112 -0.105756 1.717634 1.212998 
7.281573 -0.293135 -0.082433 -0.145745 0.742544 -0.396552 1.152123 -0.105810 1.717572 1.212994 
7.281616 -0.293272 -0.082374 -0.145801 0.742673 -0.396682 1.151862 -0.106071 1.717381 1.212923 
7.281572 -0.293608 -0.082239 -0.145735 0.742827 -0.396709 1.151977 -0.106293 1.717451 1.212826 
7.281571 -0.293947 -0.082160 -0.145602 0.742989 -0.396660 1.152084 -0.106521 1.717452 1.212740 
7.281562 -0.294293 -0.082112 -0.145510 0.743183 -0.396677 1.152086 -0.106664 1.717605 1.212579 
7.281470 -0.294590 -0.082031 -0.145410 0.743381 -0.396705 1.152169 -0.106918 1.717698 1.212507 
7.281433 -0.294914 -0.081981 -0.145269 0.743577 -0.396676 1.152241 -0.107152 1.717750 1.212419 
7.281387 -0.295276 -0.081872 -0.145161 0.743725 -0.396698 1.152301 -0.107368 1.717832 1.212374 
7.281351 -0.295638 -0.081776 -0.145041 0.743881 -0.396704 1.152362 -0.107585 1.717903 1.212320 
7.281345 -0.295779 -0.081884 -0.144860 0.744143 -0.396562 1.152445 -0.107802 1.717866 1.212147 
7.281106 -0.295901 -0.081762 -0.144802 0.744386 -0.396745 1.152544 -0.107669 1.717737 1.212039 
7.281070 -0.295907 -0.081829 -0.144703 0.744240 -0.396851 1.152562 -0.107708 1.717720 1.211943 
7.281056 -0.296015 -0.081798 -0.144811 0.744299 -0.396960 1.152719 -0.108047 1.717915 1.211797 
7.280870 -0.296071 -0.081863 -0.144665 0.744403 -0.397040 1.152433 -0.108264 1.718057 1.211891 
7.281067 -0.296077 -0.081969 -0.144832 0.744331 -0.397022 1.152798 -0.108001 1.717948 1.211904 
7.280749 -0.296122 -0.081826 -0.144856 0.744161 -0.396683 1.152816 -0.107994 1.718050 1.211737 
7.280804 -0.296090 -0.081804 -0.144763 0.744199 -0.396695 1.152825 -0.107893 1.718227 1.211679 
7.280689 -0.296030 -0.081663 -0.144619 0.744121 -0.396629 1.153088 -0.108143 1.718042 1.211943 
7.280719 -0.296314 -0.081498 -0.144462 0.744025 -0.396478 1.153271 -0.108323 1.718017 1.211862 
7.280716 -0.296535 -0.081351 -0.144303 0.743944 -0.396308 1.153491 -0.108536 1.717990 1.211750 
7.280605 -0.296437 -0.081270 -0.144140 0.743933 -0.396155 1.153798 -0.108781 1.717964 1.211678 
7.280547 -0.296639 -0.080969 -0.144118 0.743708 -0.396181 1.153966 -0.108893 1.718037 1.211752 
7.280394 -0.296786 -0.080981 -0.143861 0.743794 -0.396121 1.153753 -0.109127 1.718118 1.211850 
7.280349 -0.296912 -0.080781 -0.143947 0.744163 -0.395968 1.153814 -0.109105 1.718110 1.211949 
7.280468 -0.296873 -0.080800 -0.144032 0.744130 -0.395858 1.153787 -0.109199 1.718205 1.212016 
7.280358 -0.297047 -0.080741 -0.143618 0.744083 -0.395703 1.153788 -0.109068 1.717952 1.212033 
7.280346 -0.297308 -0.081010 -0.143512 0.744139 -0.395755 1.154016 -0.109135 1.718014 1.212177 
7.280576 -0.297427 -0.080962 -0.143283 0.744262 -0.395930 1.154058 -0.109373 1.717902 1.212183 
7.280439 -0.297668 -0.081072 -0.143333 0.744241 -0.395884 1.154056 -0.109654 1.717645 1.212181 
7.280362 -0.297991 -0.081161 -0.143133 0.744295 -0.395823 1.154118 -0.109869 1.717693 1.212036 
7.280224 -0.298258 -0.081254 -0.142900 0.744347 -0.395813 1.154204 -0.110136 1.717661 1.212092 
7.280306 -0.298561 -0.081223 -0.142923 0.744534 -0.395668 1.154440 -0.110158 1.717530 1.211998 
7.280400 -0.299005 -0.081260 -0.142923 0.744548 -0.395716 1.154280 -0.110111 1.717508 1.212019 
7.280459 -0.299062 -0.081577 -0.142824 0.744814 -0.395607 1.154191 -0.110133 1.717383 1.211897 
7.280308 -0.299014 -0.081261 -0.142860 0.744532 -0.395843 1.154322 -0.110000 1.717410 1.211935 
7.280559 -0.299244 -0.081313 -0.142891 0.744289 -0.395657 1.154493 -0.110265 1.717475 1.211908 
7.280533 -0.299465 -0.081301 -0.143084 0.744387 -0.395836 1.154646 -0.110498 1.717602 1.211785 
7.280519 -0.299710 -0.081024 -0.142999 0.744366 -0.395688 1.154630 -0.110694 1.717518 1.211622 
7.280261 -0.299948 -0.081107 -0.143101 0.744268 -0.395451 1.154753 -0.110623 1.717628 1.211623 
7.280306 -0.299955 -0.081084 -0.142978 0.744305 -0.395450 1.154783 -0.110557 1.717803 1.211557 
7.280497 -0.300218 -0.080989 -0.142823 0.744360 -0.395499 1.155037 -0.110625 1.717817 1.211718 
7.280825 -0.300425 -0.080855 -0.142947 0.744359 -0.395470 1.155184 -0.110518 1.717839 1.211576 
7.280518 -0.300348 -0.081019 -0.142816 0.744303 -0.395576 1.154869 -0.110592 1.717851 1.211762 
7.280506 -0.300466 -0.081047 -0.142544 0.744178 -0.395666 1.154975 -0.110907 1.717973 1.211797 
7.280400 -0.300625 -0.080987 -0.142420 0.744297 -0.395850 1.155058 -0.111212 1.718154 1.211845 
7.280342 -0.300761 -0.080763 -0.142088 0.744270 -0.395736 1.155004 -0.111409 1.718124 1.211860 
7.280407 -0.300905 -0.081068 -0.141901 0.744477 -0.395662 1.154989 -0.111550 1.718046 1.211753 
7.280252 -0.301031 -0.081100 -0.141669 0.744414 -0.395922 1.155141 -0.111486 1.717902 1.211599 
7.280122 -0.301149 -0.081142 -0.141719 0.744365 -0.395804 1.155202 -0.111449 1.717958 1.211600 
7.280092 -0.301328 -0.081291 -0.141524 0.744306 -0.395689 1.155314 -0.111688 1.718148 1.211748 
7.279911 -0.301535 -0.081198 -0.141532 0.744660 -0.395718 1.155313 -0.111791 1.718263 1.211813 
7.279859 -0.301684 -0.081204 -0.141723 0.744595 -0.395724 1.155331 -0.112086 1.717981 1.211890 
7.279729 -0.301771 -0.081216 -0.141787 0.744549 -0.395680 1.155229 -0.112401 1.718091 1.211600 
7.279702 -0.302093 -0.081294 -0.141775 0.744466 -0.395718 1.154896 -0.112414 1.718076 1.211691 
7.279862 -0.302222 -0.081226 -0.141814 0.744462 -0.395723 1.154972 -0.112394 1.718107 1.211626 
7.279807 -0.302514 -0.081210 -0.141799 0.744535 -0.395490 1.155057 -0.112649 1.717978 1.211594 
7.279773 -0.302751 -0.081458 -0.142012 0.744607 -0.395542 1.155195 -0.112863 1.718020 1.211600 
7.279633 -0.302937 -0.081182 -0.142078 0.744449 -0.395556 1.155278 -0.113087 1.718103 1.211720 
7.279559 -0.302997 -0.081197 -0.141960 0.744419 -0.395690 1.155352 -0.113056 1.718029 1.211643 
7.279731 -0.303036 -0.081185 -0.141752 0.744558 -0.395864 1.155300 -0.113371 1.717916 1.211625 
7.279709 -0.303211 -0.081099 -0.141757 0.744734 -0.395996 1.155246 -0.113524 1.717635 1.211411 
7.279851 -0.303270 -0.081263 -0.141584 0.744442 -0.395955 1.155306 -0.113727 1.717495 1.211331 
7.279890 -0.303459 -0.081381 -0.141228 0.744468 -0.395926 1.155373 -0.113895 1.717628 1.211238 
7.280009 -0.303651 -0.081482 -0.140965 0.744491 -0.395943 1.155538 -0.113955 1.717470 1.211464 
7.280032 -0.303469 -0.081463 -0.140872 0.744563 -0.395892 1.155911 -0.114137 1.717458 1.211339 
7.279858 -0.303398 -0.081528 -0.140830 0.744583 -0.395839 1.155852 -0.114209 1.717401 1.211398 
7.280187 -0.303589 -0.081593 -0.140644 0.744441 -0.396139 1.155937 -0.114327 1.717563 1.211256 
7.280120 -0.303651 -0.081419 -0.140648 0.744351 -0.396139 1.155961 -0.114412 1.717600 1.211317 
7.280220 -0.303572 -0.081162 -0.140321 0.744279 -0.396024 1.155859 -0.114327 1.717513 1.211244 
7.280246 -0.303610 -0.081401 -0.140686 0.744425 -0.396075 1.155875 -0.114547 1.717629 1.211381 
7.280261 -0.303941 -0.081432 -0.140773 0.744358 -0.395805 1.155992 -0.114703 1.717689 1.211343 
7.280181 -0.304211 -0.081282 -0.140780 0.744692 -0.395893 1.156028 -0.114814 1.717693 1.211288 
7.280159 -0.304310 -0.081276 -0.140727 0.744754 -0.395797 1.156174 -0.114791 1.718069 1.211510 
7.280217 -0.304360 -0.081296 -0.140691 0.744759 -0.395816 1.156249 -0.114770 1.717932 1.211674 
7.280267 -0.304600 -0.081193 -0.140934 0.744658 -0.395793 1.156416 -0.115024 1.717912 1.211743 
7.279971 -0.304660 -0.081320 -0.140835 0.744654 -0.395676 1.156365 -0.115313 1.717839 1.211869 
7.279950 -0.304945 -0.081348 -0.140911 0.744560 -0.395711 1.156027 -0.115232 1.717866 1.212007 
7.280057 -0.304711 -0.081370 -0.140698 0.744590 -0.395789 1.156369 -0.115399 1.717884 1.211822 
7.280124 -0.304914 -0.081210 -0.140431 0.744529 -0.395584 1.156430 -0.115604 1.717826 1.211796 
7.280227 -0.305163 -0.081449 -0.140335 0.744604 -0.395462 1.156560 -0.115845 1.717797 1.211740 
7.280008 -0.305425 -0.081501 -0.140213 0.744450 -0.395509 1.156808 -0.115793 1.717752 1.211630 
7.280010 -0.305662 -0.081530 -0.140027 0.744438 -0.395526 1.156964 -0.116139 1.717728 1.211665 
7.279991 -0.305922 -0.081480 -0.139873 0.744456 -0.395284 1.157111 -0.116375 1.717637 1.211672 
7.280062 -0.306005 -0.081640 -0.139748 0.744158 -0.395164 1.157244 -0.116623 1.717643 1.211732 
7.280082 -0.306069 -0.081656 -0.139744 0.744103 -0.395242 1.157180 -0.116815 1.717273 1.211515 
7.279981 -0.306198 -0.081635 -0.139732 0.744100 -0.395190 1.157151 -0.117084 1.717495 1.211222 
7.279925 -0.306398 -0.081736 -0.139409 0.744188 -0.395169 1.157189 -0.117325 1.717513 1.211111 
7.280170 -0.306675 -0.081610 -0.139496 0.744161 -0.395230 1.157395 -0.117454 1.717565 1.211002 
7.280168 -0.306758 -0.081597 -0.139660 0.744234 -0.395233 1.157742 -0.117725 1.717561 1.210930 
7.280157 -0.307142 -0.081603 -0.139862 0.744204 -0.395264 1.157754 -0.117935 1.717583 1.210989 
7.280163 -0.307333 -0.081302 -0.139873 0.744080 -0.395330 1.157908 -0.118194 1.717608 1.210972 
7.280213 -0.307651 -0.081333 -0.139987 0.744007 -0.395207 1.158135 -0.118229 1.717607 1.210754 
7.280513 -0.307666 -0.081305 -0.140080 0.744149 -0.395090 1.158060 -0.118540 1.717646 1.210789 
7.280610 -0.307709 -0.081449 -0.140137 0.744085 -0.395476 1.158126 -0.118699 1.717778 1.210735 
7.280553 -0.307839 -0.081273 -0.140206 0.744462 -0.395641 1.158108 -0.118653 1.717765 1.210631 
7.280576 -0.307711 -0.081436 -0.140136 0.744110 -0.395426 1.158149 -0.118673 1.718009 1.210765 
7.280700 -0.307862 -0.081464 -0.140044 0.744178 -0.395472 1.158396 -0.118648 1.717965 1.211113 
7.280799 -0.307786 -0.081324 -0.140441 0.744077 -0.395517 1.158469 -0.118532 1.717964 1.211235 
7.280574 -0.307773 -0.081521 -0.140103 0.744238 -0.395443 1.158509 -0.118752 1.717936 1.211123 
7.280440 -0.308010 -0.081619 -0.139839 0.744259 -0.395440 1.158460 -0.119030 1.717959 1.211189 
7.280495 -0.308019 -0.081616 -0.139448 0.744316 -0.395445 1.158635 -0.119224 1.717993 1.211087 
7.280526 -0.308138 -0.082009 -0.139275 0.744498 -0.395393 1.158604 -0.119257 1.718010 1.211073 
7.280481 -0.307888 -0.081987 -0.139089 0.744595 -0.395543 1.158393 -0.119331 1.718027 1.211312 
7.280379 -0.308147 -0.082037 -0.139201 0.744444 -0.395473 1.158649 -0.119117 1.717995 1.211056 
7.280515 -0.308457 -0.081973 -0.139207 0.744430 -0.395314 1.158744 -0.119572 1.718037 1.211050 
7.280439 -0.308434 -0.082045 -0.139278 0.744504 -0.395222 1.159101 -0.119852 1.718018 1.211005 
7.280338 -0.308506 -0.081913 -0.139146 0.744599 -0.394823 1.159099 -0.119817 1.717893 1.211056 
7.280340 -0.308432 -0.081987 -0.139123 0.744428 -0.394724 1.159091 -0.119831 1.717984 1.211080 
7.280204 -0.308560 -0.081817 -0.139169 0.744777 -0.394784 1.159056 -0.119842 1.718279 1.210905 
7.280123 -0.308516 -0.081835 -0.139178 0.744749 -0.394781 1.158946 -0.119925 1.718196 1.210750 
7.280387 -0.308879 -0.081721 -0.139069 0.744854 -0.394796 1.159211 -0.120016 1.718312 1.210755 
7.280380 -0.309287 -0.081717 -0.139223 0.744931 -0.394784 1.159263 -0.120207 1.718331 1.210794 
7.280372 -0.309451 -0.081601 -0.139023 0.745056 -0.394891 1.159286 -0.120540 1.718377 1.210927 
7.280155 -0.309743 -0.081561 -0.138823 0.745031 -0.395033 1.159488 -0.120573 1.718385 1.210891 
7.280136 -0.309805 -0.081144 -0.138932 0.744901 -0.395090 1.159598 -0.120700 1.718388 1.210898 
7.280094 -0.309711 -0.081195 -0.138991 0.744962 -0.395056 1.159772 -0.120785 1.718371 1.210878 
7.280142 -0.310025 -0.081209 -0.138831 0.745164 -0.395115 1.159877 -0.121019 1.718414 1.210875 
7.280175 -0.310341 -0.081241 -0.138658 0.745364 -0.395178 1.159986 -0.121239 1.718455 1.210869 
7.280272 -0.310583 -0.081183 -0.138587 0.745580 -0.395204 1.160127 -0.121545 1.718495 1.210871 
7.280180 -0.310902 -0.081244 -0.138491 0.745693 -0.395258 1.160411 -0.121606 1.718502 1.210748 
7.280196 -0.311297 -0.081136 -0.138292 0.745754 -0.395373 1.160395 -0.121715 1.718550 1.210752 
7.280186 -0.311500 -0.080849 -0.138378 0.745759 -0.395412 1.160661 -0.121886 1.718557 1.210675 
7.280191 -0.311584 -0.081014 -0.138253 0.745508 -0.395262 1.160754 -0.122124 1.718749 1.210707 
7.280035 -0.311589 -0.081065 -0.138233 0.745472 -0.395267 1.160587 -0.122377 1.718592 1.210402 
7.280062 -0.311563 -0.081113 -0.138300 0.745455 -0.395451 1.160581 -0.122397 1.718712 1.210355 
7.280190 -0.311657 -0.081209 -0.138190 0.745314 -0.395418 1.160698 -0.122494 1.718280 1.210529 
7.280086 -0.311745 -0.081260 -0.138343 0.745322 -0.395405 1.160647 -0.122521 1.718274 1.210635 
7.280067 -0.311756 -0.081346 -0.137916 0.745354 -0.395408 1.160851 -0.122788 1.718282 1.210620 
7.280131 -0.311993 -0.081553 -0.137732 0.745374 -0.395293 1.160973 -0.123056 1.718285 1.210593 
7.279927 -0.312192 -0.081655 -0.137464 0.745165 -0.395301 1.161119 -0.123155 1.718265 1.210597 
7.280018 -0.312209 -0.081573 -0.137297 0.745121 -0.395266 1.161015 -0.123541 1.718290 1.210776 
7.279961 -0.312022 -0.081744 -0.137333 0.745131 -0.395124 1.161305 -0.123793 1.718247 1.210774 
7.279966 -0.311935 -0.081908 -0.137273 0.745092 -0.395083 1.161189 -0.123744 1.718272 1.210816 
7.279923 -0.312228 -0.081673 -0.137215 0.745442 -0.395261 1.161437 -0.123932 1.718092 1.210761 
7.280223 -0.312304 -0.081552 -0.137085 0.745327 -0.395297 1.161605 -0.123989 1.717929 1.210565 
7.280247 -0.312323 -0.081499 -0.137038 0.745351 -0.395148 1.161659 -0.123897 1.717879 1.210694 
7.280365 -0.312398 -0.081580 -0.137091 0.745344 -0.395497 1.161840 -0.123978 1.718210 1.210748 
7.280341 -0.312335 -0.081513 -0.136972 0.745413 -0.395440 1.161851 -0.123964 1.718345 1.210648 
7.280343 -0.312770 -0.081521 -0.137306 0.745332 -0.395445 1.161931 -0.124176 1.718229 1.210751 
7.280259 -0.313067 -0.081363 -0.137501 0.745284 -0.395518 1.162075 -0.124384 1.718179 1.210826 
7.280390 -0.313424 -0.081604 -0.137562 0.745369 -0.395440 1.162062 -0.124519 1.718189 1.210822 
7.280434 -0.313343 -0.081741 -0.137765 0.745141 -0.395215 1.162238 -0.124679 1.718289 1.210798 
7.280506 -0.313357 -0.081531 -0.137593 0.745429 -0.395421 1.161963 -0.124644 1.718207 1.210896 
7.280499 -0.313440 -0.081570 -0.137892 0.745617 -0.395446 1.162159 -0.124360 1.718153 1.210685 
7.280552 -0.313460 -0.081531 -0.137507 0.745272 -0.395458 1.162094 -0.124499 1.718132 1.210725 
7.280374 -0.313643 -0.081544 -0.137675 0.745165 -0.395416 1.161799 -0.124388 1.718390 1.210894 
7.280360 -0.313395 -0.081647 -0.137592 0.745355 -0.395577 1.162007 -0.124608 1.718255 1.210678 
7.280278 -0.313541 -0.081506 -0.137393 0.745500 -0.395397 1.162115 -0.124755 1.718462 1.210533 
7.280117 -0.313591 -0.081481 -0.137411 0.745486 -0.395188 1.161925 -0.124874 1.718169 1.210361 
7.280053 -0.313677 -0.081370 -0.137481 0.745449 -0.395277 1.162009 -0.124963 1.718116 1.210425 
7.280024 -0.313906 -0.081523 -0.137247 0.745510 -0.395304 1.162139 -0.125246 1.718078 1.210488 
7.279910 -0.314044 -0.081567 -0.136957 0.745536 -0.395323 1.162308 -0.125544 1.718062 1.210536 
7.279933 -0.314340 -0.081683 -0.136914 0.745763 -0.395325 1.162493 -0.125760 1.718024 1.210498 
7.279911 -0.314748 -0.081777 -0.136809 0.745785 -0.395311 1.162497 -0.125963 1.718107 1.210549 
7.279883 -0.314992 -0.081981 -0.136754 0.745827 -0.395503 1.162514 -0.126258 1.718121 1.210466 
7.279842 -0.315315 -0.082116 -0.136653 0.745890 -0.395410 1.162550 -0.126473 1.717925 1.210541 
7.279890 -0.315477 -0.082338 -0.136400 0.746050 -0.395237 1.162517 -0.126588 1.718031 1.210416 
7.280102 -0.315449 -0.082202 -0.136432 0.746187 -0.395219 1.162381 -0.126910 1.718066 1.210591 
7.280126 -0.315498 -0.082115 -0.136319 0.746269 -0.395332 1.162305 -0.126828 1.718002 1.210575 
7.280409 -0.315568 -0.082117 -0.136380 0.745951 -0.395189 1.162541 -0.127002 1.717997 1.210434 
7.280511 -0.315550 -0.082237 -0.136341 0.745941 -0.395250 1.162595 -0.126936 1.718010 1.210582 
7.280385 -0.315855 -0.082082 -0.136439 0.745942 -0.395142 1.162736 -0.127328 1.718042 1.210481 
7.280377 -0.316026 -0.082160 -0.136510 0.745947 -0.395181 1.162900 -0.127730 1.717968 1.210435 
7.280481 -0.316379 -0.082214 -0.136771 0.745987 -0.395106 1.162909 -0.127886 1.717984 1.210418 
7.280390 -0.316583 -0.082188 -0.136672 0.745772 -0.395051 1.162935 -0.128226 1.718028 1.210523 
7.280372 -0.316707 -0.082092 -0.136634 0.745838 -0.394852 1.163221 -0.128494 1.717937 1.210601 
7.280379 -0.316812 -0.082014 -0.136632 0.745852 -0.394929 1.163453 -0.128783 1.718208 1.210540 
7.280365 -0.317098 -0.081852 -0.136450 0.745979 -0.395162 1.163470 -0.128838 1.718058 1.210557 
7.280294 -0.317068 -0.081633 -0.136714 0.745817 -0.395338 1.163597 -0.128887 1.717941 1.210718 
7.280401 -0.317152 -0.081870 -0.136419 0.745842 -0.395157 1.163579 -0.128754 1.718019 1.210436 
7.280059 -0.317341 -0.082102 -0.136347 0.745945 -0.395124 1.163693 -0.128748 1.718061 1.210411 
7.280266 -0.317394 -0.082360 -0.136240 0.745938 -0.395220 1.163844 -0.128720 1.718093 1.210695 
7.280279 -0.317320 -0.082468 -0.136260 0.745950 -0.395300 1.163840 -0.128843 1.717981 1.210609 
7.280344 -0.317575 -0.082611 -0.135979 0.746036 -0.395155 1.163881 -0.129027 1.718021 1.210542 
7.280280 -0.317896 -0.082735 -0.135820 0.746047 -0.395126 1.164073 -0.129248 1.717999 1.210604 
7.280266 -0.318113 -0.082846 -0.135712 0.746026 -0.395331 1.164129 -0.129412 1.718293 1.210514 
7.280122 -0.318074 -0.082857 -0.135313 0.745999 -0.395358 1.164314 -0.129546 1.718317 1.210565 
7.280170 -0.318035 -0.082813 -0.135356 0.746148 -0.395347 1.164474 -0.129542 1.718354 1.210512 
7.280220 -0.318404 -0.082987 -0.135324 0.746333 -0.395322 1.164629 -0.129631 1.718345 1.210470 
7.280184 -0.318593 -0.083089 -0.135107 0.746507 -0.395181 1.164861 -0.129697 1.718162 1.210521 
7.280208 -0.318660 -0.083295 -0.135259 0.746426 -0.394949 1.164997 -0.129901 1.718377 1.210503 
7.280449 -0.318792 -0.083219 -0.135226 0.746153 -0.394965 1.165182 -0.129852 1.718307 1.210304 
7.280614 -0.318756 -0.083270 -0.135205 0.746159 -0.395015 1.165193 -0.129862 1.718320 1.210463 
7.280521 -0.319031 -0.082983 -0.135285 0.746213 -0.394956 1.165159 -0.130175 1.718336 1.210217 
7.280464 -0.319137 -0.083049 -0.135473 0.746202 -0.395180 1.165291 -0.130459 1.718195 1.210091 
7.280369 -0.319480 -0.082856 -0.135612 0.746166 -0.395219 1.165461 -0.130487 1.718327 1.210163 
7.280486 -0.319747 -0.082823 -0.135614 0.746275 -0.395207 1.165436 -0.130704 1.718425 1.209876 
7.280452 -0.319801 -0.082628 -0.135535 0.746234 -0.395028 1.165615 -0.131033 1.718306 1.209833 
7.280778 -0.319899 -0.082601 -0.135534 0.746267 -0.395117 1.165688 -0.131282 1.718327 1.210047 
7.280913 -0.320023 -0.082553 -0.135833 0.746337 -0.394907 1.165623 -0.131272 1.718082 1.210054 
7.280732 -0.320022 -0.082686 -0.135454 0.746170 -0.395102 1.165583 -0.131309 1.718262 1.210103 
7.280718 -0.319998 -0.082544 -0.135454 0.745892 -0.395222 1.165460 -0.131574 1.718457 1.210060 
7.280801 -0.320024 -0.082442 -0.135388 0.745818 -0.395310 1.165481 -0.131484 1.718354 1.209992 
7.280565 -0.320095 -0.082414 -0.135250 0.746155 -0.395417 1.165404 -0.131743 1.718418 1.210141 
7.280537 -0.320264 -0.082560 -0.135001 0.746152 -0.395498 1.165687 -0.131921 1.718501 1.210117 
7.280625 -0.320380 -0.082433 -0.134686 0.746198 -0.395288 1.165685 -0.131892 1.718722 1.210194 
7.280760 -0.320181 -0.082607 -0.134420 0.746269 -0.395267 1.165609 -0.132098 1.718631 1.210060 
7.280557 -0.320283 -0.082366 -0.134652 0.746131 -0.395218 1.165772 -0.131933 1.718628 1.210305 
7.280606 -0.320526 -0.082565 -0.134508 0.746204 -0.395555 1.165810 -0.131895 1.718902 1.210414 
7.280584 -0.320895 -0.082515 -0.134482 0.746278 -0.395502 1.165960 -0.132141 1.718880 1.210332 
7.280270 -0.321103 -0.082510 -0.134330 0.746291 -0.395479 1.166071 -0.132187 1.718951 1.210101 
7.280359 -0.321054 -0.082333 -0.134391 0.746496 -0.395543 1.166369 -0.132305 1.719125 1.209984 
7.280298 -0.321041 -0.082457 -0.134443 0.746639 -0.395437 1.166390 -0.132296 1.719147 1.210052 
7.280406 -0.321180 -0.082455 -0.134320 0.746795 -0.395456 1.166563 -0.132042 1.718880 1.210005 
7.280366 -0.321043 -0.082568 -0.134470 0.746505 -0.395363 1.166505 -0.132265 1.719191 1.210003 
7.280422 -0.321414 -0.082603 -0.134490 0.746515 -0.395239 1.166625 -0.132509 1.719273 1.210004 
7.280437 -0.321768 -0.082693 -0.134443 0.746521 -0.395205 1.166802 -0.132704 1.719448 1.210048 
7.280373 -0.322122 -0.082736 -0.134407 0.746528 -0.395077 1.166957 -0.132889 1.719598 1.209958 
7.280372 -0.322469 -0.082833 -0.134348 0.746534 -0.395054 1.167142 -0.133070 1.719790 1.209998 
7.280271 -0.322806 -0.082870 -0.134303 0.746540 -0.394915 1.167297 -0.133234 1.719946 1.209871 
7.280314 -0.323103 -0.083001 -0.134225 0.746544 -0.394984 1.167487 -0.133384 1.720154 1.210009 
7.280267 -0.323437 -0.083099 -0.134145 0.746549 -0.394959 1.167682 -0.133539 1.720368 1.210013 
7.280313 -0.323725 -0.082973 -0.134168 0.746734 -0.394969 1.167592 -0.133809 1.720317 1.210150 
7.280260 -0.323824 -0.083190 -0.134396 0.746668 -0.395153 1.167768 -0.133993 1.720181 1.210078 
7.280354 -0.323794 -0.083299 -0.134303 0.746734 -0.395182 1.167689 -0.134056 1.720194 1.209961 
7.280378 -0.323670 -0.083365 -0.134021 0.746684 -0.395050 1.167853 -0.134327 1.720075 1.210028 
7.280659 -0.323716 -0.083566 -0.133835 0.746683 -0.394919 1.167932 -0.134552 1.720155 1.209980 
7.280471 -0.323782 -0.083547 -0.133717 0.746731 -0.394722 1.167922 -0.134713 1.720092 1.209643 
7.280282 -0.323629 -0.083771 -0.133780 0.746965 -0.394604 1.167877 -0.134829 1.720248 1.209775 
7.280423 -0.323802 -0.083587 -0.133714 0.746565 -0.394715 1.167775 -0.134773 1.720125 1.209680 
7.280417 -0.323976 -0.083782 -0.133530 0.746785 -0.394669 1.167880 -0.134528 1.719849 1.209727 
7.280388 -0.323852 -0.083548 -0.133603 0.746727 -0.394840 1.167987 -0.134707 1.720222 1.209645 
7.280463 -0.323698 -0.083494 -0.133349 0.746785 -0.395037 1.167968 -0.134969 1.720096 1.209525 
7.280353 -0.323846 -0.083676 -0.133710 0.746660 -0.394927 1.168089 -0.134746 1.720166 1.209584 
7.280403 -0.323565 -0.083631 -0.133445 0.746570 -0.394737 1.168063 -0.134485 1.720320 1.209490 
7.280323 -0.323825 -0.083488 -0.133562 0.746654 -0.394762 1.168116 -0.134767 1.720163 1.209764 
7.280396 -0.324179 -0.083378 -0.133623 0.746713 -0.394695 1.168226 -0.135026 1.720226 1.209736 
7.280190 -0.324435 -0.083105 -0.133758 0.746811 -0.394764 1.168242 -0.135160 1.720159 1.209703 
7.280342 -0.324662 -0.083066 -0.133698 0.746756 -0.394579 1.168451 -0.135332 1.720328 1.209564 
7.280613 -0.324833 -0.083040 -0.133768 0.746777 -0.394722 1.168544 -0.135456 1.720413 1.209842 
7.280660 -0.324954 -0.083042 -0.133682 0.746711 -0.394745 1.168544 -0.135352 1.720274 1.209825 
7.280558 -0.325150 -0.083309 -0.133560 0.746936 -0.394596 1.168541 -0.135495 1.720221 1.209915 
7.280475 -0.325284 -0.083407 -0.133521 0.746658 -0.394545 1.168278 -0.135709 1.720279 1.209977 
7.280495 -0.325225 -0.083381 -0.133377 0.746685 -0.394663 1.168282 -0.135833 1.720245 1.209920 
7.280682 -0.325189 -0.083385 -0.133400 0.746794 -0.394505 1.168208 -0.136110 1.719968 1.209848 
7.280818 -0.325298 -0.083300 -0.133260 0.747023 -0.394495 1.167912 -0.136050 1.720136 1.209753 
7.280709 -0.325234 -0.083509 -0.133509 0.746804 -0.394616 1.168198 -0.136117 1.719975 1.209718 
7.280599 -0.325294 -0.083494 -0.133084 0.746900 -0.394539 1.168345 -0.136387 1.719939 1.209847 
7.280692 -0.325501 -0.083448 -0.132778 0.746764 -0.394632 1.168417 -0.136395 1.719711 1.209763 
7.280443 -0.325602 -0.083346 -0.132782 0.746935 -0.394839 1.168314 -0.136518 1.719506 1.209890 
7.280588 -0.325641 -0.083365 -0.132811 0.746941 -0.394925 1.168340 -0.136551 1.719539 1.210051 
7.280615 -0.325460 -0.083658 -0.132546 0.747001 -0.395000 1.168261 -0.136587 1.719429 1.210193 
7.280552 -0.325674 -0.083386 -0.132814 0.746783 -0.394913 1.168207 -0.136655 1.719590 1.210074 
7.280604 -0.325764 -0.083166 -0.132760 0.746824 -0.394987 1.168413 -0.136982 1.719717 1.210015 
7.280573 -0.326145 -0.083227 -0.132785 0.746909 -0.394782 1.168547 -0.137091 1.719733 1.210107 
7.280375 -0.326279 -0.083226 -0.132659 0.746844 -0.394966 1.168680 -0.136926 1.720012 1.210175 
7.280310 -0.326230 -0.083282 -0.132741 0.746731 -0.394983 1.168826 -0.136956 1.719929 1.210208 
7.280372 -0.326374 -0.083521 -0.132897 0.746790 -0.395211 1.168810 -0.137022 1.719954 1.209942 
7.280442 -0.326468 -0.083473 -0.132791 0.746691 -0.395256 1.168822 -0.136968 1.719832 1.209894 
7.280517 -0.326791 -0.083264 -0.132949 0.746691 -0.395299 1.168986 -0.137141 1.719850 1.209926 
7.280323 -0.326490 -0.083463 -0.132756 0.746779 -0.395360 1.168762 -0.137029 1.719720 1.209966 
7.280401 -0.326540 -0.083679 -0.132455 0.746824 -0.395337 1.168928 -0.137277 1.719738 1.209994 
7.280174 -0.326604 -0.083693 -0.132265 0.746852 -0.395173 1.169039 -0.137431 1.719712 1.209708 
7.280132 -0.326772 -0.083921 -0.132130 0.746626 -0.395099 1.168899 -0.137662 1.719756 1.209791 
7.280114 -0.326883 -0.084018 -0.132158 0.746704 -0.394992 1.168927 -0.137550 1.719699 1.209841 
7.280212 -0.326897 -0.084194 -0.131870 0.746842 -0.395055 1.169187 -0.137697 1.719656 1.209823 
7.279996 -0.326940 -0.084015 -0.132101 0.746675 -0.395098 1.168974 -0.137454 1.719820 1.209878 
7.279860 -0.326931 -0.083971 -0.132175 0.746824 -0.395131 1.168739 -0.137662 1.719407 1.209889 
7.279813 -0.326868 -0.084027 -0.132231 0.746680 -0.395154 1.168854 -0.137633 1.719299 1.209890 
7.279973 -0.326980 -0.083942 -0.131950 0.746702 -0.395152 1.168536 -0.137437 1.719250 1.209691 
7.279803 -0.326786 -0.083955 -0.132069 0.746829 -0.395032 1.168711 -0.137627 1.719407 1.209999 
7.279898 -0.327182 -0.083644 -0.132177 0.746734 -0.395038 1.168875 -0.137769 1.719334 1.210010 
7.279823 -0.327420 -0.083550 -0.132477 0.746764 -0.394962 1.168905 -0.138001 1.719400 1.209900 
7.280061 -0.327527 -0.083552 -0.132662 0.746761 -0.395164 1.168838 -0.138038 1.719374 1.210198 
7.279820 -0.327496 -0.083679 -0.132371 0.746682 -0.394939 1.168881 -0.138130 1.719414 1.209934 
7.279888 -0.327599 -0.083736 -0.132185 0.746877 -0.395031 1.169163 -0.138346 1.719324 1.209867 
7.279997 -0.327903 -0.083745 -0.131969 0.746772 -0.395043 1.169128 -0.138447 1.719181 1.209657 
7.279748 -0.328117 -0.083748 -0.131850 0.746732 -0.395261 1.169251 -0.138382 1.719391 1.209719 
7.279729 -0.328222 -0.083844 -0.131873 0.746809 -0.395149 1.169279 -0.138268 1.719336 1.209774 
7.279662 -0.328188 -0.083749 -0.131635 0.746755 -0.395086 1.169362 -0.138723 1.719381 1.209861 
7.279880 -0.328357 -0.083841 -0.131664 0.746763 -0.395260 1.169382 -0.138929 1.719341 1.210141 
7.280135 -0.328396 -0.083900 -0.131626 0.746651 -0.395115 1.169612 -0.138940 1.719623 1.210107 
7.280096 -0.328374 -0.083904 -0.131680 0.746498 -0.395122 1.169743 -0.138929 1.719507 1.210126 
7.280070 -0.328419 -0.084250 -0.131636 0.746502 -0.395174 1.169866 -0.139234 1.719503 1.210069 
7.280172 -0.328286 -0.084385 -0.131250 0.746465 -0.395244 1.169924 -0.139170 1.719419 1.210219 
7.280104 -0.328408 -0.084179 -0.131630 0.746652 -0.395232 1.170013 -0.139236 1.719451 1.210013 
7.280066 -0.328670 -0.084060 -0.131871 0.746667 -0.395151 1.170099 -0.139517 1.719494 1.209978 
7.280087 -0.328937 -0.083980 -0.131935 0.746678 -0.395095 1.170274 -0.139863 1.719489 1.210028 
7.280194 -0.328974 -0.083895 -0.131786 0.746901 -0.395194 1.170602 -0.139982 1.719370 1.210027 
7.280106 -0.328862 -0.083887 -0.131982 0.747058 -0.395167 1.170817 -0.140175 1.719498 1.210260 
7.280145 -0.328740 -0.083791 -0.131969 0.746985 -0.395260 1.170779 -0.140293 1.719535 1.210201 
7.280400 -0.328633 -0.083817 -0.132081 0.747062 -0.395008 1.170727 -0.140434 1.719301 1.210157 
7.280532 -0.328686 -0.083859 -0.132173 0.747058 -0.395152 1.170696 -0.140406 1.719287 1.210235 
7.280340 -0.328836 -0.083730 -0.132093 0.747098 -0.394991 1.170962 -0.140678 1.719313 1.209893 
7.280300 -0.328910 -0.083939 -0.131832 0.747035 -0.394991 1.171055 -0.141002 1.719279 1.209931 
7.280238 -0.328965 -0.083941 -0.131701 0.746762 -0.394959 1.171318 -0.141179 1.719101 1.210015 
7.279987 -0.329036 -0.083913 -0.131661 0.746903 -0.395082 1.171183 -0.141391 1.718838 1.210044 
7.280014 -0.329200 -0.083923 -0.131368 0.746975 -0.395020 1.171218 -0.141717 1.718923 1.210083 
7.279943 -0.329148 -0.084205 -0.131187 0.747040 -0.395086 1.171382 -0.141956 1.718902 1.209924 
7.279814 -0.329293 -0.084344 -0.131338 0.746821 -0.394956 1.171207 -0.142175 1.719025 1.209906 
7.280058 -0.329522 -0.084446 -0.131458 0.746799 -0.395238 1.171224 -0.142277 1.718982 1.210002 
7.280117 -0.329469 -0.084378 -0.131382 0.746693 -0.395316 1.171124 -0.142300 1.718966 1.209880 
7.280067 -0.329827 -0.084592 -0.131306 0.746781 -0.395122 1.171161 -0.142066 1.718824 1.209883 
7.280185 -0.329468 -0.084459 -0.131514 0.746837 -0.395112 1.171198 -0.142347 1.718865 1.209980 
7.280242 -0.329430 -0.084669 -0.131359 0.746772 -0.395108 1.171052 -0.142450 1.718816 1.210338 
7.280157 -0.329482 -0.084404 -0.131503 0.746685 -0.395092 1.171337 -0.142370 1.718763 1.210022 
7.280172 -0.329774 -0.084286 -0.131626 0.746799 -0.395056 1.171469 -0.142652 1.718793 1.209917 
7.279963 -0.329866 -0.084300 -0.131889 0.746897 -0.395195 1.171439 -0.142775 1.718539 1.209829 
7.280160 -0.329716 -0.084448 -0.131566 0.746810 -0.395085 1.171574 -0.142720 1.718803 1.209819 
7.280350 -0.329869 -0.084531 -0.131748 0.746754 -0.394998 1.171814 -0.142809 1.719005 1.209674 
7.280504 -0.329908 -0.084395 -0.131572 0.747033 -0.395103 1.172071 -0.142830 1.718918 1.209657 
7.280353 -0.329913 -0.084267 -0.131385 0.747199 -0.394850 1.172219 -0.143007 1.718970 1.209527 
7.280448 -0.330078 -0.084354 -0.131179 0.747275 -0.394871 1.172265 -0.143341 1.718967 1.209708 
7.280596 -0.330111 -0.084195 -0.130987 0.747172 -0.395010 1.172187 -0.143554 1.718949 1.209441 
7.280574 -0.329967 -0.084122 -0.131054 0.747176 -0.395086 1.172222 -0.143649 1.719043 1.209503 
7.280350 -0.330192 -0.084098 -0.130901 0.747166 -0.395309 1.172339 -0.143594 1.719260 1.209514 
7.280379 -0.330198 -0.084145 -0.130921 0.747326 -0.395327 1.172209 -0.143590 1.719363 1.209465 
7.280383 -0.330277 -0.084104 -0.130626 0.747260 -0.395342 1.172645 -0.143806 1.719249 1.209589 
7.280381 -0.330472 -0.084195 -0.130736 0.747061 -0.395176 1.172723 -0.144044 1.719466 1.209538 
7.280199 -0.330641 -0.084193 -0.130971 0.747161 -0.395283 1.172772 -0.144260 1.719260 1.209444 
7.280242 -0.330934 -0.083880 -0.131061 0.747169 -0.395185 1.172765 -0.144376 1.719301 1.209584 
7.279978 -0.331063 -0.083945 -0.131003 0.747026 -0.395106 1.172680 -0.144706 1.719306 1.209625 
7.280113 -0.331299 -0.084106 -0.131151 0.746861 -0.395312 1.172761 -0.144892 1.719327 1.209699 
7.280009 -0.331470 -0.084075 -0.131292 0.746788 -0.395237 1.173021 -0.145069 1.719428 1.209461 
7.279997 -0.331595 -0.084075 -0.131118 0.746970 -0.395339 1.173215 -0.145325 1.719266 1.209601 
7.280055 -0.331820 -0.083957 -0.130943 0.747044 -0.395350 1.173353 -0.145577 1.719236 1.209826 
7.279866 -0.331842 -0.084160 -0.130741 0.747025 -0.395403 1.173385 -0.145895 1.719141 1.209903 
7.279654 -0.331992 -0.084090 -0.130753 0.747104 -0.395596 1.173368 -0.146115 1.718877 1.209971 
7.279693 -0.332097 -0.084242 -0.130751 0.747446 -0.395617 1.173232 -0.146304 1.719045 1.209920 
7.279528 -0.332147 -0.084438 -0.130897 0.747568 -0.395483 1.173402 -0.146249 1.719047 1.210210 
7.279521 -0.331990 -0.084366 -0.130974 0.747573 -0.395543 1.173430 -0.146346 1.719127 1.210270 
7.279736 -0.332103 -0.084529 -0.130942 0.747596 -0.395260 1.173398 -0.146498 1.718784 1.210190 
7.279847 -0.332160 -0.084636 -0.131018 0.747513 -0.395396 1.173414 -0.146505 1.718792 1.210222 
7.279737 -0.332147 -0.084651 -0.130603 0.747749 -0.395301 1.173597 -0.146679 1.718701 1.210146 
7.279666 -0.332315 -0.084755 -0.130317 0.747778 -0.395237 1.173710 -0.146983 1.718704 1.210103 
7.279675 -0.332358 -0.084874 -0.129933 0.747877 -0.395244 1.173643 -0.147160 1.718615 1.210252 
7.279554 -0.332208 -0.084903 -0.130322 0.747731 -0.395254 1.173651 -0.146988 1.718679 1.210018 
7.279659 -0.332478 -0.084716 -0.130346 0.747921 -0.395218 1.174037 -0.147111 1.718685 1.209848 
7.279537 -0.332518 -0.084534 -0.130400 0.747968 -0.394844 1.173931 -0.147266 1.718638 1.209768 
7.279754 -0.332459 -0.084797 -0.130341 0.748016 -0.395152 1.173994 -0.147096 1.718847 1.209804 
7.279749 -0.332390 -0.084715 -0.130194 0.747654 -0.395014 1.174316 -0.147044 1.718752 1.209834 
7.279666 -0.332412 -0.084812 -0.130268 0.747715 -0.394948 1.174402 -0.147018 1.718755 1.209980 
7.279645 -0.332151 -0.084691 -0.130346 0.747744 -0.395054 1.174514 -0.147319 1.718910 1.210079 
7.279497 -0.332144 -0.084607 -0.130254 0.747791 -0.395082 1.174527 -0.147226 1.719011 1.210067 
7.279610 -0.332472 -0.084731 -0.130452 0.747571 -0.395123 1.174582 -0.147525 1.719109 1.210075 
7.279719 -0.332699 -0.084689 -0.130651 0.747623 -0.395184 1.174880 -0.147707 1.719154 1.210015 
7.279514 -0.332640 -0.084972 -0.130742 0.747535 -0.395216 1.174956 -0.147867 1.719149 1.209762 
7.279514 -0.332766 -0.085111 -0.130418 0.747629 -0.395226 1.175010 -0.148145 1.719088 1.209834 
7.279499 -0.332926 -0.085295 -0.130210 0.747615 -0.395250 1.175068 -0.148495 1.719091 1.209926 
7.279336 -0.332953 -0.085591 -0.130264 0.747493 -0.395290 1.175146 -0.148770 1.719121 1.209778 
7.279563 -0.332901 -0.085384 -0.130183 0.747599 -0.395436 1.175124 -0.148414 1.719109 1.209964 
7.279561 -0.332964 -0.085235 -0.130138 0.747912 -0.395174 1.175322 -0.148620 1.718917 1.209784 
7.279252 -0.333072 -0.085101 -0.129927 0.748008 -0.395218 1.175400 -0.148570 1.719132 1.209727 
7.279178 -0.333082 -0.085003 -0.129912 0.747892 -0.395286 1.175439 -0.148587 1.718977 1.209743 
7.279395 -0.333041 -0.084878 -0.129704 0.747707 -0.395282 1.175417 -0.148654 1.719072 1.209454 
7.279172 -0.333059 -0.084940 -0.129959 0.747983 -0.395418 1.175310 -0.148683 1.718978 1.209708 
7.279166 -0.333414 -0.085044 -0.129903 0.748032 -0.395408 1.175131 -0.148556 1.718815 1.209563 
7.279109 -0.333274 -0.085117 -0.129778 0.748066 -0.395380 1.175052 -0.148524 1.718735 1.209549 
7.279192 -0.333719 -0.084837 -0.129985 0.748077 -0.395342 1.175243 -0.148801 1.718859 1.209683 
7.279121 -0.333890 -0.084609 -0.130296 0.748128 -0.395287 1.175400 -0.148820 1.718894 1.209530 
7.279275 -0.333705 -0.084690 -0.129957 0.748138 -0.395326 1.175205 -0.148662 1.718845 1.209758 
7.279310 -0.333895 -0.084958 -0.129885 0.748099 -0.395660 1.175448 -0.148894 1.718902 1.209806 
7.279248 -0.334058 -0.084984 -0.129915 0.747821 -0.395727 1.175266 -0.148978 1.719104 1.210014 
7.279300 -0.333883 -0.085045 -0.130028 0.748150 -0.395650 1.175437 -0.148879 1.718804 1.209942 
7.279694 -0.333894 -0.084978 -0.129918 0.747939 -0.395612 1.175420 -0.149093 1.718785 1.209719 
7.279731 -0.333870 -0.084985 -0.129965 0.748081 -0.395679 1.175293 -0.149161 1.718877 1.209681 
7.279819 -0.333993 -0.085187 -0.129860 0.748031 -0.395343 1.175552 -0.149046 1.719039 1.209754 
7.279813 -0.334163 -0.085243 -0.129826 0.748057 -0.395337 1.175459 -0.148981 1.718953 1.209681 
7.279725 -0.334277 -0.085263 -0.129533 0.748154 -0.395265 1.175524 -0.149301 1.718873 1.209747 
7.279705 -0.334323 -0.085538 -0.129235 0.748104 -0.395394 1.175660 -0.149432 1.718894 1.209620 
7.279647 -0.334353 -0.085262 -0.129673 0.748137 -0.395253 1.175610 -0.149393 1.718896 1.209642 
7.279713 -0.334653 -0.084962 -0.129722 0.748241 -0.395218 1.175785 -0.149473 1.718937 1.209674 
7.279574 -0.334725 -0.084791 -0.129772 0.748225 -0.394853 1.175713 -0.149637 1.718936 1.209545 
7.279743 -0.334571 -0.084955 -0.129718 0.748383 -0.395184 1.175875 -0.149431 1.718829 1.209580 
7.279686 -0.334793 -0.085107 -0.129969 0.748348 -0.395181 1.175856 -0.149610 1.718769 1.209942 
7.279890 -0.334639 -0.084974 -0.129763 0.748260 -0.395238 1.175698 -0.149594 1.718944 1.209617 
7.279715 -0.334657 -0.084958 -0.129800 0.748595 -0.395367 1.175551 -0.149643 1.719173 1.209598 
7.279790 -0.334598 -0.084921 -0.129811 0.748203 -0.395364 1.175661 -0.149665 1.718828 1.209555 
7.280023 -0.334796 -0.084625 -0.129603 0.748334 -0.395303 1.175690 -0.149576 1.718874 1.209798 
7.280026 -0.334657 -0.084559 -0.129625 0.748314 -0.395304 1.175805 -0.149668 1.718964 1.209869 
7.280007 -0.334820 -0.084665 -0.129519 0.748342 -0.395309 1.175719 -0.149642 1.718864 1.209791 
7.280020 -0.334971 -0.084699 -0.129463 0.748323 -0.395355 1.175846 -0.149703 1.718918 1.209706 
7.280026 -0.335092 -0.084774 -0.129318 0.748308 -0.395379 1.175930 -0.149791 1.718947 1.209661 
7.280023 -0.335186 -0.084857 -0.129162 0.748296 -0.395397 1.176009 -0.149894 1.718974 1.209628 
7.280058 -0.335376 -0.084862 -0.129144 0.748276 -0.395444 1.176102 -0.149891 1.719016 1.209534 
7.280080 -0.335536 -0.084899 -0.128999 0.748296 -0.395452 1.176031 -0.149868 1.718946 1.209519 
7.280087 -0.335495 -0.084861 -0.128943 0.748265 -0.395461 1.176009 -0.149831 1.718991 1.209458 
7.280105 -0.335635 -0.084887 -0.128981 0.748312 -0.395479 1.176190 -0.149996 1.718973 1.209592 
7.280125 -0.335721 -0.084891 -0.128882 0.748353 -0.395486 1.176268 -0.150126 1.718937 1.209719 
7.280185 -0.335898 -0.084808 -0.128929 0.748379 -0.395526 1.176368 -0.150144 1.718933 1.209774 
7.280371 -0.335955 -0.084882 -0.128955 0.748371 -0.395451 1.176422 -0.150201 1.718987 1.209796 
7.280359 -0.336013 -0.084900 -0.128975 0.748544 -0.395492 1.176394 -0.150265 1.719124 1.209797 
7.280296 -0.336074 -0.084816 -0.128994 0.748541 -0.395316 1.176379 -0.150363 1.719128 1.209736 
7.280311 -0.336047 -0.084812 -0.128976 0.748615 -0.395290 1.176437 -0.150331 1.719085 1.209700 
7.280363 -0.336127 -0.084808 -0.129017 0.748664 -0.395352 1.176530 -0.150496 1.719034 1.209637 
7.280364 -0.336259 -0.084837 -0.129039 0.748717 -0.395347 1.176698 -0.150592 1.719052 1.209645 
7.280421 -0.336260 -0.084747 -0.129114 0.748787 -0.395348 1.176826 -0.150717 1.719071 1.209721 
7.280485 -0.336339 -0.084674 -0.128974 0.748779 -0.395386 1.176906 -0.150764 1.719150 1.209631 
7.280549 -0.336527 -0.084688 -0.128943 0.748863 -0.395391 1.176954 -0.150845 1.719102 1.209607 
7.280602 -0.336669 -0.084684 -0.129037 0.748896 -0.395413 1.177045 -0.150860 1.719136 1.209478 
7.280607 -0.336705 -0.084787 -0.128931 0.748949 -0.395394 1.177113 -0.151028 1.719124 1.209468 
7.280580 -0.336754 -0.084869 -0.128821 0.749010 -0.395395 1.177186 -0.151195 1.719100 1.209460 
7.280569 -0.336831 -0.084947 -0.128737 0.749075 -0.395399 1.177276 -0.151358 1.719085 1.209424 
7.280540 -0.336906 -0.085016 -0.128645 0.749142 -0.395412 1.177363 -0.151520 1.719062 1.209396 
7.280661 -0.336948 -0.085142 -0.128635 0.749165 -0.395348 1.177426 -0.151632 1.719108 1.209331 
7.280585 -0.337062 -0.085236 -0.128680 0.749155 -0.395365 1.177543 -0.151628 1.719149 1.209211 
7.280618 -0.337036 -0.085223 -0.128728 0.749177 -0.395456 1.177478 -0.151729 1.719081 1.209045 
7.280609 -0.337051 -0.085278 -0.128677 0.749202 -0.395453 1.177542 -0.151602 1.719183 1.209238 
7.280524 -0.337084 -0.085194 -0.128709 0.749299 -0.395290 1.177472 -0.151669 1.719287 1.209183 
7.280533 -0.337046 -0.085194 -0.128683 0.749365 -0.395260 1.177510 -0.151616 1.719244 1.209145 
7.280559 -0.337075 -0.085111 -0.128818 0.749326 -0.395298 1.177631 -0.151772 1.719312 1.209229 
7.280571 -0.337050 -0.085064 -0.128753 0.749291 -0.395317 1.177658 -0.151769 1.719373 1.209189 
7.280670 -0.337248 -0.084990 -0.128693 0.749309 -0.395318 1.177678 -0.151789 1.719386 1.209172 
7.280669 -0.337312 -0.085035 -0.128606 0.749269 -0.395280 1.177761 -0.151949 1.719484 1.209141 
7.280711 -0.337379 -0.085076 -0.128563 0.749204 -0.395224 1.177840 -0.152078 1.719614 1.209088 
7.280693 -0.337460 -0.085092 -0.128488 0.749153 -0.395197 1.177929 -0.152227 1.719723 1.209049 
7.280683 -0.337545 -0.085106 -0.128417 0.749100 -0.395168 1.178017 -0.152372 1.719836 1.209007 
7.280671 -0.337630 -0.085120 -0.128345 0.749046 -0.395140 1.178105 -0.152517 1.719948 1.208965 
7.280826 -0.337663 -0.085168 -0.128401 0.748983 -0.395056 1.178123 -0.152522 1.720065 1.208902 
7.280875 -0.337862 -0.085064 -0.128359 0.748974 -0.395073 1.178162 -0.152541 1.720108 1.208870 
7.281000 -0.337853 -0.085019 -0.128244 0.748995 -0.395028 1.178122 -0.152680 1.720115 1.208946 
7.281062 -0.337880 -0.085123 -0.128210 0.749087 -0.395182 1.178160 -0.152680 1.720205 1.208983 
7.281051 -0.337891 -0.085133 -0.128184 0.749065 -0.395143 1.178197 -0.152627 1.720228 1.209067 
7.281126 -0.337907 -0.085188 -0.128139 0.748925 -0.395208 1.178289 -0.152644 1.720101 1.209060 
7.281146 -0.337878 -0.085153 -0.128168 0.748979 -0.395192 1.178380 -0.152653 1.720084 1.209055 
7.281165 -0.337923 -0.085228 -0.128023 0.749058 -0.395093 1.178433 -0.152625 1.720056 1.208955 
7.281158 -0.337979 -0.085281 -0.128076 0.749085 -0.395063 1.178425 -0.152663 1.720015 1.208989 
7.281187 -0.338092 -0.085314 -0.128128 0.749084 -0.395015 1.178534 -0.152817 1.720035 1.209051 
7.281276 -0.338224 -0.085334 -0.128196 0.749109 -0.394966 1.178621 -0.152927 1.720017 1.209131 
7.281255 -0.338366 -0.085443 -0.128155 0.749067 -0.394904 1.178636 -0.153061 1.720055 1.209149 
7.281169 -0.338490 -0.085475 -0.128101 0.749084 -0.394904 1.178693 -0.153212 1.720019 1.209220 
7.281189 -0.338510 -0.085624 -0.128126 0.749049 -0.394816 1.178742 -0.153358 1.720062 1.209257 
7.281125 -0.338673 -0.085681 -0.128212 0.749003 -0.394813 1.178835 -0.153340 1.720112 1.209190 
7.281086 -0.338706 -0.085584 -0.128237 0.748902 -0.394643 1.178819 -0.153384 1.720045 1.209156 
7.281156 -0.338668 -0.085688 -0.128221 0.748981 -0.394864 1.178830 -0.153389 1.720057 1.209117 
7.281116 -0.338740 -0.085647 -0.128255 0.749130 -0.394791 1.178761 -0.153443 1.720233 1.209123 
7.281099 -0.338745 -0.085642 -0.128315 0.749081 -0.394833 1.178699 -0.153459 1.720243 1.209174 
7.281202 -0.338832 -0.085628 -0.128137 0.749070 -0.394802 1.178865 -0.153490 1.720346 1.209119 
7.281273 -0.339001 -0.085738 -0.128043 0.749110 -0.394752 1.178890 -0.153481 1.720336 1.209115 
7.281143 -0.338994 -0.085824 -0.127909 0.749064 -0.394750 1.178906 -0.153506 1.720421 1.209031 
7.281088 -0.339021 -0.085796 -0.127888 0.749097 -0.394779 1.178943 -0.153556 1.720376 1.209076 
7.281111 -0.339072 -0.085797 -0.127893 0.749156 -0.394767 1.179158 -0.153627 1.720414 1.209088 
7.281110 -0.339188 -0.085698 -0.127845 0.749220 -0.394815 1.179316 -0.153595 1.720439 1.209055 
7.281189 -0.339167 -0.085690 -0.127740 0.749294 -0.394778 1.179433 -0.153724 1.720457 1.209121 
7.281192 -0.339280 -0.085736 -0.127788 0.749248 -0.394819 1.179548 -0.153837 1.720522 1.209213 
7.281157 -0.339373 -0.085795 -0.127864 0.749357 -0.394799 1.179652 -0.153959 1.720569 1.209229 
7.281042 -0.339308 -0.085782 -0.127849 0.749309 -0.394843 1.179770 -0.154054 1.720688 1.209210 
7.281007 -0.339375 -0.085703 -0.127864 0.749212 -0.394680 1.179823 -0.154137 1.720653 1.209187 
7.281067 -0.339391 -0.085723 -0.127876 0.749165 -0.394772 1.179859 -0.154263 1.720562 1.209049 
7.281033 -0.339423 -0.085803 -0.127806 0.749151 -0.394755 1.179869 -0.154243 1.720549 1.209029 
7.281018 -0.339462 -0.085832 -0.127842 0.749093 -0.394744 1.180068 -0.154339 1.720506 1.209064 
7.281102 -0.339524 -0.085875 -0.127867 0.749026 -0.394693 1.180204 -0.154414 1.720614 1.209009 
7.281050 -0.339633 -0.085855 -0.127841 0.748983 -0.394713 1.180309 -0.154586 1.720608 1.209047 
7.281015 -0.339688 -0.085835 -0.127793 0.748984 -0.394693 1.180447 -0.154767 1.720586 1.209063 
7.281048 -0.339814 -0.085817 -0.127748 0.748947 -0.394686 1.180444 -0.154902 1.720721 1.209018 
7.281029 -0.339814 -0.085918 -0.127798 0.748854 -0.394658 1.180414 -0.155078 1.720739 1.209088 
7.280951 -0.339972 -0.085884 -0.127825 0.748801 -0.394695 1.180521 -0.155176 1.720765 1.209056 
7.280992 -0.340015 -0.085811 -0.127714 0.748645 -0.394748 1.180597 -0.155229 1.720772 1.209107 
7.281108 -0.340189 -0.085826 -0.127723 0.748688 -0.394719 1.180613 -0.155269 1.720693 1.209175 
7.281144 -0.340175 -0.085859 -0.127723 0.748698 -0.394808 1.180611 -0.155297 1.720665 1.209124 
7.281129 -0.340203 -0.085914 -0.127699 0.748779 -0.394924 1.180699 -0.155324 1.720785 1.209234 
7.281029 -0.340281 -0.086036 -0.127538 0.748783 -0.394930 1.180674 -0.155322 1.720753 1.209205 
7.280991 -0.340288 -0.085974 -0.127529 0.748811 -0.394967 1.180605 -0.155354 1.720732 1.209238 
7.281045 -0.340354 -0.086082 -0.127509 0.748793 -0.394980 1.180820 -0.155458 1.720822 1.209142 
7.281063 -0.340446 -0.086138 -0.127492 0.748783 -0.395046 1.180953 -0.155578 1.720906 1.209082 
7.281019 -0.340446 -0.086052 -0.127423 0.748885 -0.395080 1.180988 -0.155757 1.720880 1.209082 
7.280970 -0.340403 -0.086104 -0.127441 0.748890 -0.395089 1.181174 -0.155781 1.720755 1.209119 
7.281012 -0.340479 -0.085993 -0.127403 0.748921 -0.395102 1.181025 -0.155687 1.720877 1.209039 
7.281158 -0.340378 -0.086091 -0.127291 0.748949 -0.395028 1.181045 -0.155805 1.720939 1.209059 
7.281061 -0.340514 -0.086079 -0.127458 0.748947 -0.395053 1.180974 -0.155761 1.720842 1.209099 
7.280913 -0.340383 -0.086120 -0.127508 0.749002 -0.395044 1.180984 -0.155775 1.720954 1.208973 
7.280982 -0.340467 -0.086040 -0.127415 0.748900 -0.395037 1.181016 -0.155742 1.720941 1.209160 
7.280950 -0.340533 -0.085977 -0.127415 0.748812 -0.394868 1.181043 -0.155812 1.720919 1.209071 
7.280898 -0.340566 -0.086035 -0.127336 0.748813 -0.394867 1.181017 -0.155798 1.720896 1.209062 
7.280885 -0.340655 -0.085922 -0.127443 0.748760 -0.394894 1.181071 -0.155985 1.720968 1.209053 
7.280788 -0.340665 -0.085785 -0.127451 0.748761 -0.394820 1.181017 -0.156122 1.720911 1.209082 
7.280739 -0.340782 -0.085781 -0.127534 0.748615 -0.394751 1.181048 -0.156198 1.720965 1.209051 
7.280821 -0.340683 -0.085761 -0.127434 0.748763 -0.394813 1.180928 -0.156113 1.720977 1.209062 
7.280864 -0.340641 -0.085784 -0.127336 0.748816 -0.394771 1.181133 -0.156262 1.720944 1.209054 
7.280838 -0.340722 -0.085650 -0.127279 0.748892 -0.394799 1.181252 -0.156222 1.720941 1.208962 
7.280862 -0.340633 -0.085597 -0.127208 0.748751 -0.394901 1.181250 -0.156259 1.720886 1.208870 
7.280772 -0.340663 -0.085668 -0.127301 0.748916 -0.394795 1.181257 -0.156228 1.720992 1.208907 
7.280901 -0.340774 -0.085704 -0.127345 0.748990 -0.394804 1.181227 -0.156309 1.720834 1.208835 
7.280955 -0.340737 -0.085651 -0.127423 0.748996 -0.394819 1.181251 -0.156318 1.720859 1.208850 
7.280885 -0.340824 -0.085718 -0.127285 0.749110 -0.394876 1.181316 -0.156461 1.720844 1.208884 
7.280881 -0.340862 -0.085728 -0.127214 0.749240 -0.394903 1.181423 -0.156611 1.720837 1.208922 
7.280857 -0.340913 -0.085805 -0.127097 0.749313 -0.394795 1.181442 -0.156653 1.720731 1.208841 
7.280934 -0.340975 -0.085955 -0.127065 0.749330 -0.394880 1.181544 -0.156613 1.720798 1.208794 
7.280899 -0.341021 -0.085963 -0.127110 0.749263 -0.394851 1.181594 -0.156652 1.720797 1.208787 
7.280903 -0.341162 -0.085935 -0.127077 0.749252 -0.394833 1.181533 -0.156785 1.720911 1.208731 
7.280786 -0.341318 -0.085954 -0.127104 0.749273 -0.394903 1.181563 -0.156897 1.720874 1.208727 
7.280783 -0.341308 -0.086101 -0.127126 0.749233 -0.394889 1.181510 -0.157061 1.720872 1.208805 
7.280850 -0.341354 -0.086077 -0.127096 0.749193 -0.394905 1.181506 -0.157060 1.720817 1.208847 
7.280829 -0.341292 -0.086035 -0.127017 0.749096 -0.395007 1.181549 -0.157161 1.720783 1.208728 
7.280772 -0.341295 -0.086041 -0.126940 0.749063 -0.395004 1.181556 -0.157135 1.720817 1.208779 
7.280872 -0.341392 -0.085978 -0.127083 0.749119 -0.395001 1.181647 -0.157304 1.720752 1.208635 
7.280865 -0.341513 -0.086002 -0.127162 0.749049 -0.395023 1.181584 -0.157328 1.720690 1.208479 
7.280888 -0.341524 -0.085927 -0.127293 0.749001 -0.395171 1.181590 -0.157364 1.720783 1.208528 
7.280821 -0.341491 -0.085929 -0.127186 0.749029 -0.394977 1.181542 -0.157355 1.720657 1.208501 
7.280901 -0.341548 -0.085967 -0.127113 0.749211 -0.395118 1.181530 -0.157431 1.720642 1.208429 
7.280873 -0.341525 -0.086009 -0.127190 0.749242 -0.395182 1.181665 -0.157445 1.720477 1.208425 
7.280875 -0.341515 -0.086083 -0.127200 0.749221 -0.395173 1.181637 -0.157525 1.720477 1.208464 
7.281039 -0.341479 -0.086079 -0.127227 0.749214 -0.395131 1.181705 -0.157636 1.720470 1.208356 
7.281024 -0.341608 -0.086077 -0.127167 0.749197 -0.395134 1.181829 -0.157781 1.720487 1.208312 
7.281009 -0.341731 -0.086077 -0.127102 0.749173 -0.395144 1.181952 -0.157929 1.720501 1.208263 
7.280961 -0.341874 -0.086077 -0.127034 0.749157 -0.395154 1.182070 -0.158059 1.720520 1.208239 
7.281002 -0.341986 -0.086071 -0.127009 0.749155 -0.395123 1.182200 -0.158211 1.720539 1.208180 
7.281054 -0.342103 -0.086045 -0.126997 0.749170 -0.395078 1.182338 -0.158339 1.720561 1.208116 
7.281040 -0.342213 -0.086074 -0.126936 0.749137 -0.395088 1.182443 -0.158510 1.720573 1.208082 
7.281019 -0.342323 -0.086106 -0.126871 0.749101 -0.395102 1.182545 -0.158680 1.720585 1.208053 
7.281056 -0.342439 -0.086097 -0.126844 0.749101 -0.395072 1.182677 -0.158828 1.720604 1.207995 
7.281085 -0.342555 -0.086096 -0.126812 0.749094 -0.395048 1.182805 -0.158983 1.720622 1.207941 
7.281115 -0.342670 -0.086094 -0.126780 0.749088 -0.395024 1.182934 -0.159138 1.720640 1.207886 
7.281136 -0.342785 -0.086099 -0.126741 0.749076 -0.395006 1.183058 -0.159298 1.720657 1.207835 
7.281250 -0.342859 -0.086033 -0.126787 0.749131 -0.394919 1.183180 -0.159350 1.720680 1.207758 
7.281251 -0.343009 -0.086146 -0.126901 0.749151 -0.394863 1.183119 -0.159412 1.720664 1.207773 
7.281297 -0.342893 -0.085988 -0.126765 0.749090 -0.394914 1.183159 -0.159352 1.720618 1.207813 
7.281190 -0.342827 -0.085880 -0.126814 0.749105 -0.394812 1.183143 -0.159482 1.720597 1.207849 
7.281286 -0.342887 -0.086025 -0.126699 0.749114 -0.394840 1.183156 -0.159334 1.720572 1.207789 
7.281354 -0.342868 -0.086043 -0.126722 0.749177 -0.394904 1.183249 -0.159396 1.720682 1.207983 
7.281332 -0.342848 -0.086071 -0.126770 0.749145 -0.394906 1.183325 -0.159374 1.720622 1.207996 
7.281359 -0.342875 -0.086059 -0.126712 0.749010 -0.394789 1.183270 -0.159364 1.720810 1.208008 
7.281418 -0.342802 -0.086083 -0.126734 0.749151 -0.394904 1.183226 -0.159448 1.720668 1.207960 
7.281373 -0.342989 -0.085984 -0.126635 0.749188 -0.394963 1.183384 -0.159494 1.720723 1.207957 
7.281421 -0.343111 -0.085895 -0.126572 0.749232 -0.395006 1.183523 -0.159558 1.720778 1.207940 
7.281427 -0.343254 -0.085786 -0.126522 0.749297 -0.395032 1.183651 -0.159559 1.720836 1.207947 
7.281595 -0.343260 -0.085742 -0.126526 0.749318 -0.395019 1.183752 -0.159663 1.720857 1.207863 
7.281554 -0.343315 -0.085767 -0.126482 0.749184 -0.395071 1.183890 -0.159758 1.720829 1.207808 
7.281543 -0.343318 -0.085764 -0.126475 0.749310 -0.395212 1.183903 -0.159825 1.720694 1.207776 
7.281504 -0.343241 -0.085686 -0.126452 0.749308 -0.395196 1.183919 -0.159848 1.720693 1.207783 
7.281621 -0.343250 -0.085772 -0.126358 0.749279 -0.395331 1.183939 -0.159694 1.720722 1.207747 
7.281504 -0.343290 -0.085790 -0.126522 0.749338 -0.395246 1.183923 -0.159831 1.720770 1.207737 
7.281560 -0.343315 -0.085704 -0.126626 0.749257 -0.395374 1.183882 -0.159882 1.720803 1.207834 
7.281515 -0.343258 -0.085833 -0.126536 0.749357 -0.395238 1.183989 -0.159830 1.720763 1.207819 
7.281524 -0.343308 -0.085890 -0.126407 0.749422 -0.395235 1.183977 -0.159992 1.720839 1.207845 
7.281540 -0.343413 -0.085915 -0.126372 0.749514 -0.395187 1.184094 -0.160131 1.720836 1.207790 
7.281591 -0.343371 -0.086037 -0.126365 0.749517 -0.395146 1.184104 -0.160306 1.720787 1.207716 
7.281476 -0.343479 -0.086121 -0.126293 0.749577 -0.395138 1.184158 -0.160430 1.720766 1.207718 
7.281558 -0.343506 -0.086126 -0.126287 0.749778 -0.395067 1.184128 -0.160499 1.720796 1.207715 
7.281578 -0.343486 -0.086127 -0.126248 0.749817 -0.395158 1.184144 -0.160484 1.720752 1.207694 
7.281638 -0.343552 -0.086161 -0.126190 0.749715 -0.394998 1.184245 -0.160544 1.720914 1.207670 
7.281706 -0.343638 -0.086105 -0.126258 0.749658 -0.395056 1.184284 -0.160705 1.720969 1.207724 
7.281673 -0.343566 -0.085959 -0.126232 0.749640 -0.395024 1.184361 -0.160857 1.720998 1.207740 
7.281761 -0.343643 -0.085905 -0.126143 0.749581 -0.394955 1.184339 -0.160887 1.720860 1.207820 
7.281751 -0.343678 -0.085866 -0.126120 0.749566 -0.394963 1.184272 -0.160900 1.720873 1.207740 
7.281803 -0.343785 -0.085814 -0.126200 0.749510 -0.394962 1.184352 -0.161053 1.720916 1.207706 
7.281852 -0.343835 -0.085803 -0.126189 0.749439 -0.394998 1.184330 -0.161231 1.721030 1.207763 
7.281912 -0.343899 -0.085774 -0.126145 0.749375 -0.394927 1.184456 -0.161332 1.721118 1.207685 
7.281902 -0.343902 -0.085662 -0.126149 0.749335 -0.394862 1.184552 -0.161502 1.721152 1.207640 
7.282024 -0.344063 -0.085679 -0.126121 0.749249 -0.394802 1.184591 -0.161568 1.721129 1.207631 
7.282076 -0.344058 -0.085716 -0.125976 0.749182 -0.394781 1.184578 -0.161653 1.721273 1.207667 
7.282046 -0.344195 -0.085594 -0.125957 0.749214 -0.394811 1.184641 -0.161587 1.721375 1.207730 
7.282219 -0.344135 -0.085491 -0.126029 0.749168 -0.394809 1.184636 -0.161534 1.721446 1.207711 
7.282091 -0.344203 -0.085596 -0.125944 0.749322 -0.394801 1.184631 -0.161616 1.721377 1.207723 
7.282126 -0.344225 -0.085592 -0.125863 0.749321 -0.394985 1.184736 -0.161656 1.721334 1.207670 
7.282109 -0.344254 -0.085562 -0.125845 0.749313 -0.394997 1.184663 -0.161655 1.721344 1.207587 
7.282096 -0.344348 -0.085687 -0.125913 0.749349 -0.394997 1.184843 -0.161723 1.721442 1.207609 
7.282067 -0.344468 -0.085748 -0.125868 0.749384 -0.394949 1.184997 -0.161751 1.721507 1.207530 
7.282040 -0.344620 -0.085799 -0.125921 0.749404 -0.395006 1.185046 -0.161887 1.721579 1.207553 
7.282164 -0.344648 -0.085800 -0.126019 0.749393 -0.395037 1.185132 -0.161888 1.721718 1.207476 
7.282204 -0.344749 -0.085961 -0.125997 0.749414 -0.395101 1.185099 -0.161769 1.721754 1.207501 
7.282160 -0.344605 -0.085814 -0.125951 0.749380 -0.395042 1.185116 -0.161916 1.721798 1.207497 
7.282020 -0.344565 -0.085829 -0.126023 0.749483 -0.395115 1.185195 -0.161916 1.721888 1.207447 
7.282066 -0.344543 -0.085857 -0.126015 0.749574 -0.395100 1.185173 -0.161957 1.721869 1.207427 
7.282064 -0.344499 -0.086008 -0.126053 0.749488 -0.395082 1.185211 -0.162073 1.721845 1.207327 
7.282077 -0.344468 -0.086038 -0.126081 0.749495 -0.395047 1.185269 -0.162069 1.721841 1.207414 
7.282025 -0.344557 -0.086025 -0.126132 0.749508 -0.394908 1.185129 -0.162090 1.721944 1.207302 
7.282056 -0.344534 -0.086007 -0.125987 0.749502 -0.395034 1.185284 -0.162059 1.721840 1.207293 
7.282143 -0.344600 -0.085998 -0.125998 0.749550 -0.395113 1.185354 -0.162232 1.721898 1.207263 
7.282223 -0.344675 -0.085988 -0.126007 0.749596 -0.395191 1.185421 -0.162408 1.721954 1.207241 
7.282311 -0.344744 -0.085980 -0.125989 0.749650 -0.395246 1.185524 -0.162565 1.722010 1.207188 
7.282384 -0.344749 -0.085980 -0.126001 0.749645 -0.395392 1.185512 -0.162704 1.722030 1.207075 
7.282301 -0.344863 -0.086006 -0.125923 0.749706 -0.395391 1.185552 -0.162853 1.721987 1.207135 
7.282188 -0.344959 -0.085974 -0.125959 0.749620 -0.395449 1.185675 -0.162875 1.722079 1.207150 
7.282234 -0.345089 -0.086136 -0.125936 0.749657 -0.395513 1.185667 -0.162802 1.722127 1.207173 
7.282222 -0.345119 -0.086129 -0.126012 0.749702 -0.395519 1.185692 -0.162782 1.722063 1.207141 
7.282314 -0.345267 -0.086080 -0.126010 0.749599 -0.395469 1.185724 -0.162844 1.721976 1.207176 
7.282321 -0.345391 -0.085939 -0.125982 0.749715 -0.395516 1.185757 -0.162891 1.721995 1.207241 
7.282287 -0.345507 -0.085940 -0.126054 0.749764 -0.395399 1.185735 -0.163018 1.722073 1.207205 
7.282302 -0.345538 -0.085963 -0.126095 0.749811 -0.395415 1.185882 -0.163152 1.722037 1.207320 
7.282278 -0.345631 -0.085950 -0.126009 0.749862 -0.395393 1.186050 -0.163236 1.721987 1.207274 
7.282235 -0.345741 -0.085933 -0.125941 0.749908 -0.395392 1.186200 -0.163343 1.721921 1.207260 
7.282193 -0.345850 -0.085919 -0.125883 0.749956 -0.395394 1.186350 -0.163457 1.721855 1.207260 
7.282179 -0.345918 -0.085928 -0.125898 0.750001 -0.395415 1.186493 -0.163599 1.721801 1.207351 
7.282276 -0.345967 -0.085888 -0.125878 0.750035 -0.395431 1.186661 -0.163664 1.721835 1.207247 
7.282273 -0.346028 -0.085856 -0.125832 0.750084 -0.395299 1.186832 -0.163612 1.721837 1.207277 
7.282381 -0.346017 -0.085881 -0.125741 0.750221 -0.395227 1.186818 -0.163681 1.721738 1.207258 
7.282419 -0.346060 -0.085954 -0.125574 0.750187 -0.395235 1.186828 -0.163734 1.721861 1.207319 
7.282416 -0.346009 -0.085880 -0.125551 0.750137 -0.395198 1.186824 -0.163782 1.721857 1.207327 
7.282315 -0.345913 -0.085871 -0.125485 0.750273 -0.395206 1.186906 -0.163848 1.721925 1.207288 
7.282296 -0.345936 -0.085912 -0.125528 0.750264 -0.395135 1.186886 -0.163898 1.721958 1.207252 
7.282313 -0.345900 -0.086023 -0.125459 0.750177 -0.395088 1.187015 -0.163952 1.721868 1.207194 
7.282255 -0.345968 -0.085995 -0.125411 0.750171 -0.395099 1.186993 -0.163959 1.721834 1.207149 
7.282354 -0.346075 -0.085925 -0.125378 0.750229 -0.395020 1.187068 -0.164080 1.721878 1.207167 
7.282471 -0.346164 -0.085849 -0.125322 0.750284 -0.394917 1.187130 -0.164159 1.721946 1.207138 
7.282450 -0.346247 -0.085843 -0.125317 0.750335 -0.394859 1.187170 -0.164294 1.721907 1.207296 
7.282522 -0.346274 -0.085840 -0.125347 0.750343 -0.394979 1.187153 -0.164488 1.721909 1.207274 
7.282464 -0.346356 -0.085786 -0.125417 0.750257 -0.395018 1.187300 -0.164510 1.722008 1.207303 
7.282465 -0.346362 -0.085697 -0.125561 0.750329 -0.394986 1.187381 -0.164524 1.721886 1.207250 
7.282420 -0.346342 -0.085729 -0.125542 0.750415 -0.395008 1.187421 -0.164531 1.721920 1.207228 
7.282493 -0.346502 -0.085856 -0.125587 0.750465 -0.395055 1.187447 -0.164461 1.721906 1.207238 
7.282432 -0.346320 -0.085778 -0.125500 0.750372 -0.394996 1.187489 -0.164550 1.721869 1.207204 
7.282489 -0.346307 -0.085675 -0.125401 0.750413 -0.395120 1.187567 -0.164494 1.721823 1.207288 
7.282430 -0.346374 -0.085648 -0.125354 0.750407 -0.395132 1.187544 -0.164500 1.721788 1.207243 
7.282442 -0.346343 -0.085695 -0.125364 0.750461 -0.395094 1.187733 -0.164637 1.721877 1.207311 
7.282459 -0.346323 -0.085684 -0.125387 0.750613 -0.395028 1.187807 -0.164735 1.721755 1.207277 
7.282316 -0.346289 -0.085763 -0.125439 0.750616 -0.395115 1.187875 -0.164810 1.721692 1.207362 
7.282357 -0.346281 -0.085763 -0.125456 0.750607 -0.395190 1.187855 -0.164873 1.721703 1.207310 
7.282341 -0.346273 -0.085759 -0.125430 0.750649 -0.395171 1.188047 -0.164901 1.721777 1.207194 
7.282360 -0.346260 -0.085842 -0.125272 0.750728 -0.395136 1.188107 -0.165009 1.721842 1.207182 
7.282413 -0.346333 -0.085790 -0.125270 0.750672 -0.395069 1.188261 -0.165141 1.721846 1.207186 
7.282479 -0.346410 -0.085760 -0.125264 0.750597 -0.395004 1.188415 -0.165261 1.721829 1.207189 
7.282537 -0.346463 -0.085770 -0.125188 0.750579 -0.394937 1.188562 -0.165405 1.721849 1.207185 
7.282564 -0.346511 -0.085727 -0.125174 0.750564 -0.394881 1.188750 -0.165515 1.721889 1.207141 
7.282600 -0.346558 -0.085701 -0.125138 0.750552 -0.394821 1.188930 -0.165639 1.721928 1.207107 
7.282672 -0.346605 -0.085757 -0.125019 0.750537 -0.394757 1.189014 -0.165788 1.721929 1.207138 
7.282659 -0.346566 -0.085841 -0.124956 0.750579 -0.394768 1.189164 -0.165743 1.721971 1.207001 
7.282624 -0.346477 -0.085798 -0.124914 0.750556 -0.394744 1.189148 -0.165770 1.721976 1.206989 
7.282727 -0.346658 -0.085808 -0.125037 0.750633 -0.394872 1.189198 -0.165866 1.722046 1.206944 
7.282832 -0.346668 -0.085798 -0.125123 0.750574 -0.394898 1.189249 -0.165913 1.721890 1.206858 
7.282860 -0.346660 -0.085747 -0.125075 0.750592 -0.394963 1.189286 -0.165882 1.721867 1.206901 
7.282795 -0.346686 -0.085808 -0.125106 0.750424 -0.395077 1.189347 -0.165912 1.721912 1.206947 
7.282919 -0.346594 -0.085774 -0.125122 0.750599 -0.394951 1.189307 -0.165876 1.721902 1.206947 
7.282857 -0.346812 -0.085706 -0.125161 0.750685 -0.394971 1.189398 -0.165957 1.721882 1.206909 
7.282968 -0.346967 -0.085626 -0.125179 0.750654 -0.394952 1.189441 -0.165946 1.721982 1.206853 
7.283038 -0.347130 -0.085646 -0.125222 0.750749 -0.395033 1.189470 -0.166032 1.722013 1.206822 
7.283019 -0.347136 -0.085490 -0.125261 0.750764 -0.395031 1.189554 -0.166171 1.722073 1.206764 
7.282965 -0.347152 -0.085421 -0.125414 0.750808 -0.395113 1.189539 -0.166051 1.722097 1.206697 
7.283011 -0.347114 -0.085533 -0.125228 0.750784 -0.395034 1.189628 -0.166146 1.722092 1.206696 
7.283042 -0.347230 -0.085544 -0.125170 0.750779 -0.394924 1.189780 -0.166213 1.722066 1.206732 
7.283077 -0.347304 -0.085450 -0.124984 0.750807 -0.394956 1.189799 -0.166226 1.721994 1.206689 
7.283000 -0.347357 -0.085443 -0.124876 0.750883 -0.394929 1.189800 -0.166228 1.722156 1.206767 
7.282949 -0.347388 -0.085460 -0.124867 0.750800 -0.394989 1.189818 -0.166240 1.722162 1.206773 
7.283086 -0.347389 -0.085444 -0.124781 0.750776 -0.395048 1.189953 -0.166293 1.722208 1.206850 
7.283149 -0.347485 -0.085470 -0.124660 0.750728 -0.394990 1.190007 -0.166422 1.722247 1.206784 
7.283083 -0.347485 -0.085505 -0.124590 0.750818 -0.395028 1.190109 -0.166554 1.722156 1.206844 
7.283034 -0.347422 -0.085426 -0.124470 0.750745 -0.394935 1.190230 -0.166564 1.722120 1.206894 
7.283064 -0.347491 -0.085423 -0.124638 0.750833 -0.395044 1.190143 -0.166590 1.722187 1.206805 
7.283097 -0.347675 -0.085422 -0.124635 0.750915 -0.395112 1.190258 -0.166582 1.722173 1.206808 
7.283094 -0.347646 -0.085486 -0.124566 0.750991 -0.395217 1.190363 -0.166554 1.722223 1.206671 
7.283104 -0.347655 -0.085424 -0.124502 0.751000 -0.395265 1.190305 -0.166548 1.722190 1.206659 
7.283144 -0.347783 -0.085499 -0.124595 0.751053 -0.395294 1.190439 -0.166682 1.722262 1.206734 
7.283163 -0.347930 -0.085465 -0.124582 0.751095 -0.395319 1.190595 -0.166758 1.722266 1.206797 
7.283175 -0.348087 -0.085415 -0.124570 0.751125 -0.395318 1.190749 -0.166803 1.722248 1.206867 
7.283228 -0.348192 -0.085447 -0.124598 0.751192 -0.395414 1.190809 -0.166949 1.722306 1.206913 
7.283223 -0.348216 -0.085539 -0.124635 0.751232 -0.395420 1.191002 -0.167007 1.722386 1.206898 
7.283254 -0.348321 -0.085525 -0.124569 0.751315 -0.395539 1.191126 -0.167083 1.722413 1.206879 
7.283274 -0.348463 -0.085483 -0.124578 0.751335 -0.395534 1.191259 -0.167178 1.722413 1.206978 
7.283312 -0.348600 -0.085416 -0.124504 0.751403 -0.395642 1.191340 -0.167257 1.722404 1.207001 
7.283284 -0.348657 -0.085412 -0.124462 0.751426 -0.395620 1.191568 -0.167247 1.722416 1.206986 
7.283301 -0.348718 -0.085460 -0.124487 0.751467 -0.395651 1.191733 -0.167375 1.722489 1.207022 
7.283318 -0.348782 -0.085502 -0.124497 0.751516 -0.395697 1.191900 -0.167497 1.722560 1.207047 
7.283310 -0.348842 -0.085477 -0.124394 0.751578 -0.395766 1.192079 -0.167487 1.722565 1.206983 
7.283304 -0.348966 -0.085403 -0.124367 0.751577 -0.395724 1.192244 -0.167526 1.722537 1.207065 
7.283347 -0.349101 -0.085352 -0.124307 0.751649 -0.395836 1.192322 -0.167622 1.722541 1.207092 
7.283340 -0.349127 -0.085402 -0.124313 0.751678 -0.395842 1.192526 -0.167713 1.722613 1.207100 
7.283372 -0.349176 -0.085445 -0.124286 0.751756 -0.395957 1.192645 -0.167832 1.722688 1.207078 
7.283395 -0.349276 -0.085439 -0.124331 0.751766 -0.395948 1.192758 -0.167975 1.722724 1.207189 
7.283438 -0.349378 -0.085617 -0.124290 0.751801 -0.395951 1.192837 -0.167916 1.722699 1.207239 
7.283532 -0.349388 -0.085641 -0.124379 0.751759 -0.395985 1.192936 -0.167960 1.722558 1.207150 
7.283602 -0.349358 -0.085623 -0.124375 0.751837 -0.395934 1.192938 -0.167956 1.722559 1.207155 
7.283506 -0.349486 -0.085668 -0.124410 0.751953 -0.395878 1.193009 -0.167995 1.722573 1.207067 
7.283452 -0.349486 -0.085666 -0.124508 0.752059 -0.395976 1.193130 -0.167920 1.722579 1.207144 
7.283554 -0.349531 -0.085646 -0.124449 0.751924 -0.395878 1.193010 -0.167949 1.722642 1.207039 
7.283516 -0.349556 -0.085739 -0.124287 0.751958 -0.395836 1.193158 -0.168083 1.722610 1.207034 
7.283525 -0.349587 -0.085882 -0.124231 0.751967 -0.395788 1.193272 -0.168202 1.722679 1.207001 
7.283540 -0.349655 -0.086001 -0.124145 0.751985 -0.395752 1.193389 -0.168320 1.722730 1.206969 
7.283484 -0.349624 -0.086022 -0.124177 0.751903 -0.395570 1.193492 -0.168273 1.722717 1.207008 
7.283493 -0.349624 -0.086095 -0.124143 0.751914 -0.395575 1.193478 -0.168191 1.722692 1.206982 
7.283423 -0.349486 -0.085973 -0.124152 0.751904 -0.395577 1.193571 -0.168293 1.722789 1.206859 
7.283564 -0.349603 -0.086021 -0.124212 0.751897 -0.395575 1.193530 -0.168287 1.722650 1.206979 
7.283604 -0.349526 -0.085997 -0.124104 0.751995 -0.395507 1.193495 -0.168257 1.722799 1.207110 
7.283512 -0.349612 -0.086020 -0.124128 0.751832 -0.395538 1.193429 -0.168303 1.722712 1.206983 
7.283483 -0.349571 -0.086059 -0.124158 0.751766 -0.395698 1.193575 -0.168267 1.722751 1.207117 
7.283436 -0.349574 -0.086039 -0.124145 0.751933 -0.395573 1.193482 -0.168314 1.722645 1.207039 
7.283472 -0.349641 -0.086115 -0.124348 0.751912 -0.395517 1.193481 -0.168346 1.722829 1.207020 
7.283462 -0.349787 -0.085913 -0.124170 0.751907 -0.395514 1.193615 -0.168281 1.722760 1.207022 
7.283423 -0.349780 -0.085751 -0.124290 0.751879 -0.395497 1.193571 -0.168168 1.722760 1.207063 
7.283475 -0.349817 -0.085886 -0.124169 0.751951 -0.395602 1.193569 -0.168300 1.722785 1.207007 
7.283517 -0.349895 -0.085964 -0.124104 0.751917 -0.395483 1.193755 -0.168398 1.722809 1.206988 
7.283569 -0.350023 -0.085957 -0.124075 0.751916 -0.395435 1.193911 -0.168493 1.722869 1.206962 
7.283531 -0.350073 -0.085878 -0.124116 0.751849 -0.395280 1.194030 -0.168438 1.722863 1.207003 
7.283496 -0.350045 -0.085839 -0.124121 0.751861 -0.395275 1.194029 -0.168528 1.722826 1.207045 
7.283408 -0.350143 -0.085926 -0.124039 0.751964 -0.395256 1.194126 -0.168600 1.722783 1.207063 
7.283385 -0.350254 -0.085949 -0.123909 0.751898 -0.395177 1.194079 -0.168726 1.722785 1.207035 
7.283342 -0.350279 -0.086003 -0.123845 0.751781 -0.395282 1.194178 -0.168769 1.722821 1.207148 
7.283407 -0.350301 -0.086013 -0.123834 0.751811 -0.395259 1.194151 -0.168758 1.722819 1.207236 
7.283324 -0.350209 -0.085980 -0.123702 0.751859 -0.395227 1.194256 -0.168830 1.722940 1.207151 
7.283388 -0.350245 -0.086007 -0.123612 0.751880 -0.395210 1.194390 -0.168951 1.722837 1.207114 
7.283361 -0.350289 -0.086130 -0.123672 0.751907 -0.395141 1.194448 -0.169108 1.722907 1.207120 
7.283312 -0.350437 -0.086119 -0.123659 0.751982 -0.395147 1.194516 -0.169254 1.722965 1.207126 
7.283236 -0.350554 -0.086164 -0.123624 0.752049 -0.395114 1.194587 -0.169412 1.722997 1.207143 
7.283132 -0.350646 -0.086246 -0.123624 0.752106 -0.395060 1.194626 -0.169557 1.723062 1.207174 
7.283124 -0.350800 -0.086125 -0.123567 0.752177 -0.395130 1.194683 -0.169625 1.723073 1.207164 
7.283202 -0.350919 -0.086165 -0.123653 0.752149 -0.395163 1.194746 -0.169723 1.722956 1.207127 
7.283156 -0.350833 -0.086106 -0.123623 0.752198 -0.395224 1.194691 -0.169870 1.722848 1.207183 
7.283137 -0.350829 -0.086040 -0.123655 0.752157 -0.395155 1.194729 -0.169875 1.722835 1.207217 
7.283063 -0.350901 -0.086060 -0.123545 0.752228 -0.395114 1.194839 -0.169827 1.722711 1.207223 
7.283080 -0.350982 -0.086044 -0.123407 0.752113 -0.395039 1.194749 -0.169891 1.722697 1.207172 
7.283125 -0.350924 -0.086074 -0.123530 0.752250 -0.395097 1.194818 -0.169819 1.722712 1.207317 
7.283019 -0.350898 -0.086095 -0.123493 0.752086 -0.395239 1.194935 -0.169837 1.722742 1.207311 
7.283123 -0.350851 -0.086062 -0.123506 0.752241 -0.395092 1.194902 -0.169865 1.722736 1.207199 
7.283089 -0.350952 -0.085974 -0.123503 0.752325 -0.395108 1.195042 -0.169961 1.722778 1.207148 
7.283106 -0.351035 -0.085830 -0.123487 0.752389 -0.395161 1.195178 -0.169998 1.722772 1.207078 
7.283015 -0.351099 -0.085880 -0.123511 0.752456 -0.395101 1.195291 -0.170138 1.722829 1.207061 
7.282980 -0.351106 -0.085933 -0.123512 0.752513 -0.395028 1.195449 -0.170276 1.722859 1.207017 
7.282858 -0.351241 -0.085915 -0.123555 0.752586 -0.395020 1.195527 -0.170379 1.722906 1.207006 
7.282868 -0.351276 -0.085857 -0.123536 0.752655 -0.395008 1.195711 -0.170479 1.722915 1.206932 
7.282824 -0.351397 -0.085745 -0.123544 0.752732 -0.395045 1.195835 -0.170548 1.722935 1.206881 
7.282778 -0.351502 -0.085662 -0.123553 0.752811 -0.395059 1.195981 -0.170639 1.722954 1.206825 
7.282681 -0.351656 -0.085573 -0.123589 0.752884 -0.395096 1.196057 -0.170702 1.722979 1.206801 
7.282605 -0.351802 -0.085467 -0.123614 0.752959 -0.395139 1.196147 -0.170761 1.723000 1.206767 
7.282465 -0.351935 -0.085472 -0.123669 0.753023 -0.395123 1.196208 -0.170859 1.723038 1.206765 
7.282423 -0.352056 -0.085358 -0.123677 0.753101 -0.395162 1.196331 -0.170926 1.723057 1.206714 
7.282380 -0.352183 -0.085234 -0.123686 0.753176 -0.395209 1.196444 -0.170983 1.723073 1.206665 
7.282392 -0.352288 -0.085056 -0.123678 0.753220 -0.395305 1.196499 -0.170958 1.723060 1.206621 
7.282311 -0.352446 -0.084935 -0.123711 0.753284 -0.395367 1.196552 -0.170986 1.723070 1.206598 
7.282307 -0.352550 -0.084792 -0.123701 0.753356 -0.395423 1.196673 -0.171031 1.723085 1.206540 
7.282257 -0.352677 -0.084681 -0.123711 0.753435 -0.395462 1.196787 -0.171100 1.723112 1.206495 
7.282175 -0.352833 -0.084565 -0.123743 0.753502 -0.395518 1.196851 -0.171137 1.723125 1.206469 
7.282172 -0.352921 -0.084452 -0.123727 0.753580 -0.395549 1.196996 -0.171214 1.723155 1.206408 
7.282212 -0.352970 -0.084334 -0.123691 0.753651 -0.395577 1.197152 -0.171283 1.723181 1.206337 
