Start Optimization 
17.331552 -0.789483 -0.252786 -0.031431 -0.591195 0.785835 -0.627775 -0.404331 0.244696 -0.271933 
18.331552 -0.789483 -0.252786 -0.031431 -0.591195 0.785835 -0.627775 -0.404331 0.244696 -0.271933 
17.331552 0.210517 -0.252786 -0.031431 -0.591195 0.785835 -0.627775 -0.404331 0.244696 -0.271933 
17.331552 -0.789483 0.747214 -0.031431 -0.591195 0.785835 -0.627775 -0.404331 0.244696 -0.271933 
17.331552 -0.789483 -0.252786 0.968569 -0.591195 0.785835 -0.627775 -0.404331 0.244696 -0.271933 
17.331552 -0.789483 -0.252786 -0.031431 0.408805 0.785835 -0.627775 -0.404331 0.244696 -0.271933 
17.331552 -0.789483 -0.252786 -0.031431 -0.591195 1.785835 -0.627775 -0.404331 0.244696 -0.271933 
17.331552 -0.789483 -0.252786 -0.031431 -0.591195 1.785835 0.372225 -0.404331 0.244696 -0.271933 
17.331552 -0.789483 -0.252786 -0.031431 -0.591195 1.785835 -0.627775 0.595669 0.244696 -0.271933 
17.331552 -0.789483 -0.252786 -0.031431 -0.591195 1.785835 -0.627775 -0.404331 1.244696 -0.271933 
17.331552 -0.789483 -0.252786 -0.031431 -0.591195 1.785835 -0.627775 -0.404331 0.244696 0.728067 
17.331457 -1.007808 -0.455965 -0.978492 -0.708137 1.786013 -0.628086 -0.425583 0.244398 0.728468 
17.331517 -0.870271 -0.327970 0.454250 -0.634468 1.785901 -0.627890 -0.412195 0.244586 0.728215 
17.081552 -0.789374 -0.252786 -0.031431 -0.591195 1.785835 -0.627775 -0.404331 0.244696 0.728067 
17.081762 -0.291085 -0.276283 -0.000330 -0.604719 1.785856 -0.627811 -0.406789 0.244662 0.728113 
17.081552 -0.789374 -0.128077 -0.031431 -0.807869 1.785835 -0.627775 -0.404331 0.244696 0.728067 
17.081547 -0.781437 0.178344 0.004586 -0.340678 1.785859 -0.627817 -0.407177 0.244656 0.728121 
17.081552 -0.789383 -0.252794 -0.031468 -0.591200 2.035835 -0.627775 -0.404331 0.244696 0.728067 
17.081438 -0.901702 -0.353814 -0.505946 -0.630271 2.036644 -0.628109 -0.427194 0.244376 0.728498 
17.081552 -0.789414 -0.252824 -0.031277 -0.591217 2.035835 -0.877775 -0.404331 0.244696 0.728067 
17.081466 -0.902545 -0.356112 0.442011 -0.639820 2.036402 -0.877552 -0.417333 0.244514 0.728312 
17.081552 -0.788670 -0.218743 -0.028429 -0.571601 2.035837 -0.877778 -0.651201 0.244696 0.728067 
17.081538 -0.792101 0.172245 0.004584 -0.342688 2.036039 -0.877875 -0.325230 0.244631 0.728155 
17.081552 -0.788825 -0.252851 -0.031240 -0.591233 2.035835 -0.877775 -0.404334 -0.005303 0.728067 
17.081757 -0.290563 -0.277186 0.000874 -0.601521 2.036029 -0.877868 -0.406383 -0.004273 0.728151 
17.081552 -0.788860 -0.252880 -0.031386 -0.591249 2.035835 -0.877775 -0.404341 -0.005303 0.978067 
17.081435 -0.904993 -0.350882 -0.505671 -0.628231 2.036661 -0.878412 -0.425296 -0.006422 0.727749 
17.081509 -0.845698 -0.302958 0.205756 -0.614753 2.036114 -0.877662 -0.410192 -0.005611 0.728187 
17.081542 -0.794049 -0.041926 0.002607 -0.467621 2.035952 -0.877816 -0.364867 -0.005432 0.728118 
17.081495 -0.848668 -0.258222 -0.140676 -0.585135 2.036244 -0.877994 -0.405402 -0.005834 0.727989 
17.081555 -0.781428 -0.284145 -0.030763 -0.537641 2.035835 -0.877775 -0.404368 -0.005286 0.728068 
17.081591 -0.666670 -0.243809 -0.045322 -0.611799 2.036033 -0.877866 -0.404225 -0.005188 0.728073 
17.019052 -0.788803 -0.252856 -0.031219 -0.591235 2.035835 -0.877775 -0.404334 -0.005303 0.728067 
17.081688 -0.780523 -0.270526 0.087587 -0.624614 2.036300 -0.877831 -0.407369 -0.005653 0.728127 
17.081552 -0.788864 -0.251375 -0.031012 -0.590368 2.098311 -0.877775 -0.404058 -0.005304 0.728067 
17.081570 -0.784876 -0.144372 -0.009450 -0.532976 2.094954 -0.877807 -0.384327 -0.005389 0.728096 
17.081570 -0.785242 -0.152908 -0.010490 -0.537861 2.094955 -0.877806 -0.322616 -0.005389 0.728096 
17.081728 -0.807255 -0.113261 -0.125035 -0.558052 2.096077 -0.878236 -0.316442 -0.006350 0.728016 
17.081570 -0.785264 -0.152956 -0.010264 -0.537889 2.094955 -0.940306 -0.322620 -0.005389 0.728096 
17.081703 -0.776316 -0.160742 0.111171 -0.565029 2.095674 -0.940171 -0.321884 -0.005728 0.728160 
17.081570 -0.784955 -0.153647 -0.010244 -0.536721 2.094955 -0.940306 -0.322622 -0.067874 0.728096 
17.081611 -0.762681 -0.212030 -0.009157 -0.428502 2.095062 -0.940431 -0.321294 -0.065394 0.728098 
17.081570 -0.784948 -0.153640 -0.010211 -0.536717 2.094955 -0.940306 -0.322620 -0.067874 0.665596 
17.081740 -0.805259 -0.119048 -0.128053 -0.545825 2.096143 -0.941544 -0.316039 -0.070591 0.728510 
17.081639 -0.780002 -0.158768 0.050797 -0.548069 2.095325 -0.940245 -0.322198 -0.068411 0.728228 
17.081561 -0.814875 -0.157251 -0.006727 -0.529238 2.094906 -0.940283 -0.322646 -0.067841 0.728094 
17.081593 -0.766186 -0.182640 -0.006518 -0.484782 2.095014 -0.940352 -0.322043 -0.066620 0.728130 
17.112820 -0.784970 -0.153643 -0.010279 -0.536724 2.094956 -0.940306 -0.322622 -0.067874 0.728096 
17.081002 -0.754318 -0.131289 -0.057735 -0.547840 2.096941 -0.941677 -0.314190 -0.071190 0.728779 
17.081569 -0.786794 -0.153141 -0.010075 -0.535822 2.126133 -0.940305 -0.322489 -0.067871 0.728096 
17.081403 -0.844958 -0.157205 -0.014255 -0.520845 2.090481 -0.940607 -0.320515 -0.068609 0.728269 
17.081574 -0.782942 -0.126619 -0.005573 -0.522749 2.094186 -0.940317 -0.317686 -0.067900 0.728103 
17.081267 -0.745111 -0.169884 -0.044462 -0.566256 2.097464 -0.941052 -0.323859 -0.069676 0.728458 
17.081418 -0.765033 -0.161765 -0.027353 -0.551488 2.096210 -0.940679 -0.323240 -0.068775 0.728277 
17.081573 -0.784856 -0.155946 -0.008176 -0.538357 2.094970 -0.940297 -0.307394 -0.067878 0.728097 
17.081521 -0.776259 -0.164357 0.017696 -0.550501 2.095500 -0.940382 -0.311197 -0.068440 0.728222 
17.081284 -0.793773 -0.186039 0.022202 -0.563675 2.094221 -0.940861 -0.309843 -0.069867 0.728533 
17.081521 -0.775850 -0.165010 0.017835 -0.549359 2.095502 -0.955945 -0.311186 -0.068409 0.728222 
17.081474 -0.766234 -0.184264 0.021065 -0.529061 2.095532 -0.937475 -0.310735 -0.068112 0.728305 
17.081521 -0.776128 -0.163805 0.017826 -0.549834 2.095479 -0.940382 -0.311065 -0.084039 0.728222 
17.081219 -0.775890 -0.145424 0.030909 -0.570027 2.094416 -0.941457 -0.303556 -0.084950 0.728647 
17.081521 -0.776692 -0.164243 0.017701 -0.550015 2.095459 -0.940393 -0.311131 -0.084068 0.743829 
17.081447 -0.797515 -0.182672 0.014950 -0.563674 2.094701 -0.940993 -0.313172 -0.085691 0.742618 
17.081443 -0.787718 -0.186462 0.007530 -0.572216 2.095629 -0.939370 -0.313720 -0.084284 0.742710 
17.081337 -0.784230 -0.191784 -0.002015 -0.570575 2.095515 -0.959236 -0.310317 -0.105164 0.742998 
17.075510 -0.787166 -0.185110 0.007021 -0.571941 2.089738 -0.938107 -0.325591 -0.087417 0.738304 
17.068936 -0.787854 -0.185110 0.003844 -0.578952 2.082905 -0.949185 -0.334776 -0.077080 0.760953 
17.056928 -0.788427 -0.185102 0.004047 -0.578773 2.092827 -0.949184 -0.333728 -0.077080 0.760953 
17.083572 -0.789081 -0.183057 0.002539 -0.581092 2.102466 -0.951612 -0.353681 -0.078258 0.762707 
17.083635 -0.785810 -0.194083 0.002324 -0.571367 2.102807 -0.950044 -0.355942 -0.075874 0.764670 
17.081577 -0.782539 -0.189911 0.010955 -0.607404 2.100524 -0.950179 -0.362630 -0.083745 0.760801 
17.083576 -0.790181 -0.181994 0.000620 -0.580669 2.102405 -0.941997 -0.353382 -0.086784 0.771233 
17.082298 -0.796720 -0.178978 -0.024356 -0.587907 2.100861 -0.949874 -0.358852 -0.071090 0.755892 
17.083422 -0.777037 -0.175284 0.007268 -0.578000 2.102776 -0.953069 -0.354342 -0.078800 0.764649 
17.083449 -0.777992 -0.173923 0.009713 -0.578336 2.102797 -0.948126 -0.355187 -0.073602 0.764576 
17.083165 -0.784263 -0.173731 0.018829 -0.574706 2.101768 -0.957781 -0.356002 -0.082780 0.766410 
17.083337 -0.777328 -0.175609 0.006660 -0.579677 2.102621 -0.955917 -0.353602 -0.075673 0.770910 
17.089990 -0.775343 -0.178181 0.009536 -0.581943 2.109498 -0.955026 -0.342320 -0.075873 0.770208 
17.089345 -0.777111 -0.175533 0.006427 -0.579653 2.097661 -0.955919 -0.354078 -0.075629 0.770900 
17.088792 -0.774330 -0.169395 -0.006813 -0.582039 2.097606 -0.958157 -0.356130 -0.073374 0.769133 
17.092222 -0.776393 -0.176674 0.007089 -0.582385 2.101607 -0.956157 -0.359259 -0.076328 0.771197 
17.087174 -0.770528 -0.182466 0.009685 -0.592429 2.095376 -0.955152 -0.359446 -0.077807 0.770177 
17.092276 -0.772292 -0.179930 0.005607 -0.578103 2.101930 -0.956387 -0.359878 -0.079146 0.769052 
17.092194 -0.778147 -0.184121 0.007025 -0.577906 2.101552 -0.954625 -0.362025 -0.066272 0.778574 
17.092221 -0.776804 -0.176027 0.005771 -0.582234 2.101584 -0.951403 -0.359267 -0.080247 0.775750 
17.092177 -0.774149 -0.174060 0.007178 -0.581712 2.101636 -0.951535 -0.359447 -0.079445 0.776929 
17.092099 -0.781681 -0.175751 0.008560 -0.580355 2.101045 -0.953952 -0.361244 -0.083980 0.776851 
17.093568 -0.776739 -0.177280 0.007801 -0.582415 2.102868 -0.951164 -0.356851 -0.080602 0.775983 
17.093169 -0.778578 -0.173775 -0.001192 -0.583369 2.102805 -0.951956 -0.359829 -0.080053 0.775730 
17.091485 -0.775826 -0.177287 0.005240 -0.583961 2.100680 -0.953507 -0.358809 -0.081038 0.777432 
17.088575 -0.775717 -0.179023 0.006152 -0.587581 2.097167 -0.950158 -0.361526 -0.081410 0.775304 
17.091297 -0.776615 -0.179126 0.004890 -0.582549 2.100523 -0.952702 -0.359781 -0.078774 0.778969 
17.090526 -0.774153 -0.178551 0.006315 -0.587141 2.099156 -0.958632 -0.359234 -0.080618 0.781370 
17.091242 -0.773872 -0.179040 0.004350 -0.582141 2.100488 -0.954031 -0.359541 -0.082696 0.776652 
17.092763 -0.775818 -0.177198 0.005142 -0.583786 2.099234 -0.953493 -0.358604 -0.080985 0.777412 
17.090429 -0.776230 -0.176748 0.004742 -0.582615 2.097691 -0.953633 -0.356263 -0.080822 0.777434 
17.092633 -0.776501 -0.177179 0.005596 -0.583409 2.099077 -0.954563 -0.359160 -0.080490 0.776290 
17.092483 -0.777697 -0.176543 0.005983 -0.582794 2.098784 -0.953338 -0.359903 -0.083293 0.778925 
17.092902 -0.776643 -0.176533 0.001553 -0.584639 2.099399 -0.953555 -0.359283 -0.080959 0.777313 
17.092697 -0.775651 -0.177065 0.001011 -0.586667 2.098852 -0.955760 -0.359508 -0.080670 0.779375 
17.093737 -0.776757 -0.179331 0.000045 -0.588549 2.099566 -0.956028 -0.357978 -0.081249 0.779684 
17.093430 -0.775646 -0.176574 0.000823 -0.585730 2.099738 -0.956549 -0.358849 -0.080547 0.779891 
17.091882 -0.774184 -0.176685 0.000240 -0.589030 2.097629 -0.954520 -0.361117 -0.080010 0.779614 
17.091321 -0.775918 -0.176363 0.000493 -0.589195 2.096725 -0.954401 -0.362794 -0.082276 0.781337 
17.091394 -0.775125 -0.175819 0.000520 -0.589514 2.097322 -0.954331 -0.360211 -0.079260 0.779953 
17.089792 -0.772899 -0.177862 -0.001216 -0.587986 2.096025 -0.954984 -0.360100 -0.080824 0.779210 
17.091971 -0.773813 -0.175765 0.000430 -0.589723 2.097702 -0.954958 -0.360650 -0.081125 0.778808 
17.091877 -0.774918 -0.177687 0.000346 -0.589358 2.097230 -0.956477 -0.363240 -0.078752 0.777738 
17.094186 -0.774253 -0.178329 0.001624 -0.589123 2.094529 -0.956458 -0.363070 -0.078520 0.777785 
17.093572 -0.773618 -0.178792 0.002876 -0.589513 2.094848 -0.957149 -0.362959 -0.078457 0.778495 
17.095126 -0.773958 -0.179903 0.002455 -0.588563 2.094405 -0.954298 -0.364565 -0.078228 0.775834 
17.093818 -0.773710 -0.177123 0.002061 -0.588019 2.094349 -0.956479 -0.363694 -0.078212 0.777732 
17.096615 -0.773241 -0.178638 -0.000293 -0.589037 2.094399 -0.957733 -0.364266 -0.077602 0.778586 
17.094110 -0.774881 -0.178475 0.001673 -0.589014 2.094242 -0.956184 -0.364139 -0.079533 0.778812 
17.094360 -0.776599 -0.178260 0.001680 -0.589211 2.092042 -0.958084 -0.364429 -0.080174 0.777019 
17.094130 -0.775707 -0.178271 0.001483 -0.589531 2.093689 -0.955521 -0.363361 -0.078375 0.779122 
17.094065 -0.774865 -0.178411 0.002627 -0.588271 2.093776 -0.956055 -0.367306 -0.078673 0.780479 
17.095364 -0.773966 -0.176264 0.003296 -0.590471 2.093731 -0.955135 -0.368225 -0.079756 0.780486 
17.093069 -0.773922 -0.178685 0.001864 -0.588731 2.092804 -0.955793 -0.367522 -0.078719 0.780417 
17.093356 -0.772384 -0.179002 0.001268 -0.586955 2.090942 -0.954630 -0.367641 -0.080178 0.781915 
17.092628 -0.774034 -0.178758 0.000989 -0.588673 2.093971 -0.955635 -0.367703 -0.079906 0.780344 
17.091446 -0.773830 -0.178201 0.000458 -0.589219 2.092319 -0.955496 -0.369947 -0.076735 0.780265 
17.091053 -0.774968 -0.178188 0.000137 -0.589477 2.090281 -0.957390 -0.371273 -0.078020 0.778688 
17.091934 -0.773794 -0.179081 0.000667 -0.589100 2.092340 -0.954426 -0.370373 -0.076712 0.779075 
17.090686 -0.771872 -0.181098 0.001620 -0.590487 2.093217 -0.953885 -0.371272 -0.075676 0.779484 
17.090699 -0.774265 -0.178572 0.001719 -0.588795 2.092222 -0.953736 -0.370282 -0.077033 0.778972 
17.092021 -0.775586 -0.179804 -0.000860 -0.590777 2.091532 -0.952492 -0.369393 -0.076058 0.779842 
17.091683 -0.773077 -0.178805 0.000655 -0.589493 2.091860 -0.954608 -0.369078 -0.076320 0.778120 
17.092011 -0.772289 -0.177638 -0.000450 -0.587073 2.093810 -0.953989 -0.371443 -0.075880 0.777906 
17.092316 -0.774403 -0.179704 0.001509 -0.588345 2.092387 -0.955061 -0.370011 -0.075666 0.779045 
17.092080 -0.774095 -0.178740 0.000864 -0.589642 2.092853 -0.954557 -0.370492 -0.076576 0.778791 
17.093167 -0.773485 -0.178127 0.001829 -0.589941 2.092120 -0.954229 -0.370782 -0.076624 0.779155 
17.093411 -0.773350 -0.178217 0.001960 -0.589817 2.092680 -0.953973 -0.370233 -0.076936 0.779398 
17.093329 -0.773449 -0.178591 0.002206 -0.590228 2.091746 -0.955190 -0.371213 -0.077872 0.778419 
17.093209 -0.773970 -0.178471 0.001801 -0.590475 2.091772 -0.954040 -0.370490 -0.076683 0.779411 
17.093706 -0.774155 -0.177938 0.000934 -0.590814 2.091201 -0.953308 -0.371340 -0.076064 0.778767 
17.093193 -0.773201 -0.178622 0.001142 -0.591748 2.091357 -0.953086 -0.372119 -0.075329 0.778961 
17.092683 -0.772518 -0.178322 0.000896 -0.592766 2.091153 -0.953522 -0.372841 -0.074555 0.779703 
17.092838 -0.772411 -0.179125 0.001528 -0.592944 2.091027 -0.953691 -0.373438 -0.073047 0.779534 
17.091578 -0.772328 -0.178801 0.002319 -0.593331 2.090799 -0.952748 -0.374038 -0.073002 0.779346 
17.092946 -0.772734 -0.179301 0.001511 -0.592688 2.091208 -0.953586 -0.374068 -0.073257 0.780041 
17.092815 -0.771763 -0.180102 0.000849 -0.592063 2.090155 -0.953321 -0.374109 -0.073264 0.780493 
17.093345 -0.771479 -0.179951 0.001365 -0.592247 2.089803 -0.953376 -0.374283 -0.073599 0.780505 
17.092552 -0.771662 -0.181025 -0.000046 -0.592753 2.090676 -0.953966 -0.374786 -0.073548 0.779878 
17.092599 -0.772145 -0.181371 -0.000071 -0.593285 2.090338 -0.953772 -0.374484 -0.073612 0.780139 
17.093003 -0.770942 -0.181069 -0.000576 -0.592955 2.091889 -0.953203 -0.374638 -0.072917 0.780424 
17.092687 -0.770721 -0.181426 -0.000117 -0.592913 2.092193 -0.953536 -0.374321 -0.073125 0.780770 
17.092993 -0.771322 -0.180361 -0.001668 -0.592513 2.091789 -0.953763 -0.375149 -0.071836 0.780582 
17.093619 -0.771174 -0.181399 -0.000668 -0.592524 2.092012 -0.953408 -0.374294 -0.072950 0.780223 
17.092295 -0.771080 -0.181220 -0.000525 -0.592570 2.092059 -0.951843 -0.375240 -0.072788 0.779496 
17.092338 -0.771374 -0.181131 -0.000721 -0.592309 2.092244 -0.951708 -0.375581 -0.073396 0.779958 
17.091910 -0.770608 -0.180347 -0.001405 -0.592804 2.092028 -0.951652 -0.374282 -0.073537 0.778917 
17.092772 -0.770679 -0.180950 -0.000420 -0.593077 2.091873 -0.951704 -0.375625 -0.072925 0.779554 
17.093287 -0.770039 -0.180919 0.000213 -0.592974 2.091554 -0.951620 -0.376939 -0.072621 0.778660 
17.093229 -0.769604 -0.181343 -0.000112 -0.592709 2.090993 -0.951465 -0.376924 -0.072628 0.778916 
17.093583 -0.770948 -0.181104 0.000359 -0.594377 2.091190 -0.950914 -0.377185 -0.072188 0.778631 
17.092842 -0.770241 -0.181067 0.001257 -0.595375 2.091759 -0.951046 -0.377481 -0.072032 0.779344 
17.093759 -0.770910 -0.181373 0.000959 -0.594282 2.091161 -0.950564 -0.376798 -0.072625 0.778511 
17.093797 -0.771192 -0.179781 0.000541 -0.593811 2.090653 -0.950514 -0.377098 -0.071278 0.779196 
17.094012 -0.770956 -0.179913 0.000292 -0.593718 2.091257 -0.949958 -0.377065 -0.070980 0.779207 
17.095189 -0.771259 -0.179553 -0.000590 -0.593814 2.091294 -0.950849 -0.377216 -0.070214 0.779337 
17.095050 -0.770891 -0.179392 -0.000666 -0.594091 2.091134 -0.950908 -0.376679 -0.069917 0.778803 
17.094571 -0.771131 -0.178305 -0.001799 -0.594162 2.091043 -0.950359 -0.377295 -0.070332 0.778360 
17.095258 -0.770605 -0.179412 -0.000343 -0.593966 2.090990 -0.950883 -0.377327 -0.069736 0.778319 
17.094566 -0.771395 -0.180144 -0.000108 -0.593317 2.091080 -0.951161 -0.377322 -0.068496 0.778044 
17.094487 -0.771600 -0.179713 0.000297 -0.593517 2.091734 -0.951417 -0.377343 -0.068525 0.777897 
17.094202 -0.770593 -0.179851 0.000801 -0.594136 2.091730 -0.951790 -0.377724 -0.067714 0.778956 
17.094655 -0.772046 -0.179838 0.000443 -0.594201 2.091550 -0.951024 -0.377418 -0.068363 0.777868 
17.095858 -0.771937 -0.180103 0.001652 -0.593672 2.091392 -0.950969 -0.376718 -0.068206 0.777892 
17.094773 -0.771808 -0.181219 0.000194 -0.594791 2.092103 -0.951746 -0.377596 -0.068902 0.777342 
17.094366 -0.772028 -0.179381 0.000108 -0.594198 2.091472 -0.950805 -0.378025 -0.068119 0.777608 
17.093970 -0.771934 -0.179051 -0.000308 -0.594491 2.091424 -0.950778 -0.377464 -0.067842 0.777446 
17.094517 -0.772166 -0.179267 0.000025 -0.594248 2.091272 -0.951166 -0.378065 -0.068075 0.777630 
17.093766 -0.772086 -0.179328 0.000539 -0.594227 2.091007 -0.950875 -0.378141 -0.068514 0.777507 
17.094204 -0.772234 -0.179407 -0.000084 -0.594211 2.091582 -0.950809 -0.378072 -0.068252 0.777925 
17.094657 -0.771991 -0.179030 0.000433 -0.593830 2.091343 -0.950424 -0.378491 -0.067827 0.777411 
17.094778 -0.771766 -0.179250 0.000433 -0.593872 2.091454 -0.950403 -0.379166 -0.067763 0.776806 
17.095245 -0.771948 -0.179500 0.000940 -0.594141 2.091337 -0.950047 -0.379369 -0.067589 0.776491 
17.094622 -0.771982 -0.179390 0.000534 -0.593674 2.091573 -0.950530 -0.379107 -0.067529 0.776707 
17.094968 -0.771691 -0.178795 0.000682 -0.593648 2.091964 -0.950582 -0.379177 -0.068178 0.776449 
17.094693 -0.771610 -0.179165 0.000636 -0.594075 2.091605 -0.950529 -0.379272 -0.067583 0.776992 
17.094748 -0.770916 -0.179401 0.000683 -0.593632 2.091341 -0.950603 -0.379530 -0.067346 0.777125 
17.094684 -0.770750 -0.179256 0.000655 -0.593737 2.091241 -0.950592 -0.379287 -0.067164 0.776858 
17.094337 -0.770767 -0.178896 0.000274 -0.593870 2.091220 -0.950278 -0.379817 -0.066772 0.776785 
17.094079 -0.770487 -0.179135 -0.000057 -0.594038 2.091750 -0.949726 -0.379836 -0.066605 0.776761 
17.093742 -0.770453 -0.179166 0.000166 -0.594034 2.091631 -0.949606 -0.379864 -0.066805 0.776709 
17.093907 -0.770504 -0.178926 -0.000560 -0.594387 2.091603 -0.949908 -0.380369 -0.066223 0.776617 
17.093902 -0.770618 -0.178345 -0.000618 -0.594215 2.091491 -0.949463 -0.380347 -0.065763 0.777001 
17.093727 -0.770410 -0.178731 -0.000742 -0.594220 2.091752 -0.950105 -0.380278 -0.066375 0.776693 
17.094230 -0.770426 -0.178619 -0.000261 -0.594266 2.091946 -0.949764 -0.380816 -0.066241 0.776064 
17.094408 -0.770228 -0.178547 -0.000427 -0.594326 2.091755 -0.949607 -0.380852 -0.066501 0.776093 
17.094216 -0.770554 -0.178967 -0.000560 -0.593599 2.091667 -0.949611 -0.380896 -0.066061 0.775688 
17.094208 -0.770652 -0.178490 -0.000367 -0.594407 2.091937 -0.949686 -0.380560 -0.066301 0.775812 
17.094307 -0.771071 -0.178777 -0.000365 -0.594253 2.092180 -0.949628 -0.381277 -0.066574 0.776380 
17.094484 -0.770119 -0.178994 0.000119 -0.594507 2.091986 -0.949862 -0.381141 -0.065664 0.776026 
17.094433 -0.769602 -0.178970 0.000173 -0.594302 2.092429 -0.950366 -0.381449 -0.065359 0.776043 
17.094173 -0.769461 -0.179091 0.000118 -0.594376 2.092618 -0.950066 -0.381470 -0.065369 0.776010 
17.093975 -0.769550 -0.178891 0.000763 -0.594315 2.091962 -0.950462 -0.381828 -0.065411 0.775930 
17.094481 -0.769553 -0.179250 0.000329 -0.594275 2.092511 -0.950489 -0.381316 -0.065639 0.775933 
17.094740 -0.769560 -0.178714 0.000484 -0.593965 2.092560 -0.949945 -0.381244 -0.064929 0.776443 
17.094284 -0.769419 -0.179045 0.000101 -0.594336 2.092228 -0.950470 -0.381147 -0.065234 0.776155 
17.094459 -0.769944 -0.179208 -0.000255 -0.594556 2.092444 -0.950456 -0.381835 -0.065026 0.776556 
17.094614 -0.770093 -0.178933 -0.000585 -0.595006 2.092526 -0.950471 -0.381840 -0.064448 0.776132 
17.094665 -0.769983 -0.178748 -0.000483 -0.595340 2.092613 -0.950506 -0.381811 -0.064599 0.776320 
17.095031 -0.769599 -0.178914 -0.001019 -0.594977 2.092143 -0.950229 -0.382205 -0.064535 0.776143 
17.094657 -0.770133 -0.178808 -0.000900 -0.594871 2.092733 -0.950506 -0.381657 -0.064594 0.776186 
17.094140 -0.770259 -0.178648 -0.000382 -0.595066 2.092097 -0.950505 -0.382391 -0.064163 0.776208 
17.094251 -0.770394 -0.179192 0.000016 -0.595414 2.091882 -0.950588 -0.382778 -0.063784 0.776175 
17.094093 -0.770812 -0.179417 0.000030 -0.595641 2.091683 -0.950808 -0.383371 -0.063344 0.776314 
17.094088 -0.770890 -0.179234 0.000231 -0.595991 2.091492 -0.950859 -0.383564 -0.062816 0.775685 
17.094327 -0.770982 -0.179050 0.000579 -0.595862 2.091489 -0.950483 -0.383620 -0.062124 0.775990 
17.094373 -0.771555 -0.179086 0.000568 -0.596138 2.090993 -0.949991 -0.383429 -0.062266 0.775956 
17.094406 -0.770953 -0.179017 0.000568 -0.595834 2.091213 -0.950770 -0.383392 -0.062028 0.776093 
17.093769 -0.770654 -0.179339 0.000515 -0.596158 2.091398 -0.950265 -0.383557 -0.061580 0.776048 
17.093556 -0.770875 -0.179355 0.000758 -0.596131 2.091579 -0.950377 -0.383362 -0.061576 0.776034 
17.094063 -0.770348 -0.179348 0.000586 -0.596179 2.090970 -0.950149 -0.384254 -0.061302 0.775954 
17.094152 -0.770636 -0.179079 -0.000083 -0.596345 2.091092 -0.950260 -0.384571 -0.060884 0.776067 
17.094276 -0.771145 -0.179015 -0.000464 -0.596682 2.090638 -0.949811 -0.384615 -0.060807 0.776089 
17.094164 -0.770723 -0.179297 -0.000210 -0.596009 2.091061 -0.950222 -0.384529 -0.060773 0.775873 
17.094746 -0.770541 -0.179591 -0.000439 -0.596306 2.091497 -0.950388 -0.384531 -0.060411 0.775798 
17.094755 -0.770451 -0.179313 -0.000432 -0.596353 2.091495 -0.950343 -0.384400 -0.060329 0.775444 
17.094663 -0.770117 -0.178849 -0.000916 -0.595955 2.091660 -0.950365 -0.384665 -0.060067 0.775685 
17.094657 -0.770473 -0.179361 -0.000450 -0.596392 2.091767 -0.950093 -0.384620 -0.060481 0.775317 
17.094480 -0.770380 -0.179467 -0.000824 -0.596578 2.091310 -0.950935 -0.384656 -0.060589 0.775088 
17.094446 -0.770323 -0.179458 -0.000426 -0.596495 2.091478 -0.950252 -0.384338 -0.060059 0.775471 
17.094329 -0.770833 -0.179298 -0.000015 -0.596455 2.091667 -0.950531 -0.384650 -0.059544 0.775384 
17.094057 -0.771245 -0.179199 -0.000247 -0.596472 2.092161 -0.950684 -0.384050 -0.059603 0.775504 
17.094422 -0.770595 -0.179402 0.000687 -0.596297 2.091521 -0.950422 -0.384881 -0.059050 0.775212 
17.094411 -0.771070 -0.179249 -0.000174 -0.596608 2.091454 -0.950323 -0.384746 -0.059380 0.775383 
17.094551 -0.771013 -0.179290 -0.000212 -0.596727 2.091564 -0.950369 -0.384752 -0.059308 0.775392 
17.094470 -0.770957 -0.179029 -0.000052 -0.597010 2.091528 -0.950381 -0.384827 -0.059408 0.775585 
17.094547 -0.771081 -0.179403 -0.000137 -0.596841 2.091509 -0.950416 -0.384712 -0.059390 0.775292 
17.094411 -0.770943 -0.179230 -0.000434 -0.596734 2.091479 -0.950610 -0.385033 -0.059219 0.775296 
17.094450 -0.770959 -0.179286 -0.000428 -0.596705 2.091366 -0.950727 -0.384976 -0.059177 0.775445 
17.094384 -0.771053 -0.179521 -0.000433 -0.596680 2.091497 -0.950626 -0.385266 -0.059256 0.775672 
17.094548 -0.771089 -0.179458 -0.000407 -0.596612 2.091467 -0.950662 -0.385353 -0.059365 0.775647 
17.094351 -0.771340 -0.179309 -0.000575 -0.596582 2.091683 -0.950689 -0.385290 -0.059085 0.775778 
17.094378 -0.771048 -0.179517 -0.000606 -0.596714 2.091506 -0.950620 -0.385192 -0.059401 0.775713 
17.094438 -0.770862 -0.179541 -0.000231 -0.596593 2.091358 -0.950495 -0.385464 -0.058984 0.775647 
17.094374 -0.770604 -0.179566 0.000046 -0.596399 2.091497 -0.950642 -0.385543 -0.058913 0.775637 
17.094414 -0.770637 -0.179705 -0.000028 -0.596267 2.091511 -0.950639 -0.385502 -0.058869 0.775532 
17.094397 -0.770704 -0.179674 0.000289 -0.596550 2.091293 -0.950605 -0.385722 -0.058718 0.775492 
17.094514 -0.770550 -0.179605 0.000007 -0.596517 2.091609 -0.950687 -0.385548 -0.058839 0.775646 
17.094553 -0.770690 -0.179372 -0.000025 -0.596353 2.091706 -0.950595 -0.385619 -0.058527 0.775765 
17.094707 -0.770725 -0.179421 0.000214 -0.596318 2.091771 -0.950312 -0.385385 -0.058553 0.775879 
17.094592 -0.770706 -0.179427 -0.000021 -0.596324 2.091592 -0.950712 -0.385561 -0.058486 0.775915 
17.094580 -0.770457 -0.179249 -0.000228 -0.596257 2.091580 -0.950454 -0.385825 -0.058340 0.775834 
17.094274 -0.770450 -0.179323 -0.000367 -0.596301 2.091705 -0.950388 -0.385914 -0.058080 0.775986 
17.094192 -0.770331 -0.179100 -0.000424 -0.596341 2.091618 -0.950457 -0.385666 -0.057834 0.775817 
17.094163 -0.770206 -0.179110 -0.000287 -0.596241 2.091693 -0.950538 -0.385703 -0.057810 0.775811 
17.094175 -0.770141 -0.178883 -0.000333 -0.596038 2.091774 -0.950657 -0.385979 -0.057608 0.775840 
17.094366 -0.769866 -0.178953 -0.000439 -0.596218 2.091943 -0.950778 -0.386090 -0.057460 0.775845 
17.094216 -0.769651 -0.178683 -0.000438 -0.596330 2.091960 -0.950819 -0.386142 -0.057639 0.776062 
17.094359 -0.769895 -0.178938 -0.000300 -0.596342 2.091849 -0.950762 -0.386188 -0.057393 0.775828 
17.094276 -0.769725 -0.179048 -0.000243 -0.596252 2.091664 -0.950775 -0.386456 -0.057177 0.775667 
17.094399 -0.769629 -0.179017 -0.000040 -0.596161 2.091682 -0.950543 -0.386531 -0.056863 0.775741 
17.094296 -0.769656 -0.178943 0.000062 -0.596228 2.091918 -0.950472 -0.386724 -0.056793 0.775419 
17.094140 -0.769706 -0.179019 0.000035 -0.596265 2.091985 -0.950493 -0.386714 -0.056690 0.775515 
17.094187 -0.769753 -0.179047 0.000219 -0.596238 2.091912 -0.950795 -0.386880 -0.056418 0.775485 
17.094196 -0.769830 -0.178897 -0.000052 -0.596378 2.091733 -0.950696 -0.386946 -0.056164 0.775404 
17.094269 -0.769971 -0.178928 -0.000262 -0.596460 2.091632 -0.950550 -0.387287 -0.056065 0.775460 
17.094231 -0.769935 -0.178909 -0.000420 -0.596671 2.091413 -0.950426 -0.387284 -0.055781 0.775312 
17.094510 -0.769975 -0.178640 -0.000432 -0.596581 2.091259 -0.950568 -0.387388 -0.055736 0.775163 
17.094530 -0.769807 -0.178579 -0.000469 -0.596682 2.091325 -0.950624 -0.387444 -0.055740 0.775234 
17.094197 -0.770010 -0.178350 -0.000439 -0.596472 2.091139 -0.950485 -0.387482 -0.055712 0.775274 
17.094479 -0.769869 -0.178705 -0.000541 -0.596420 2.091268 -0.950588 -0.387415 -0.055704 0.775106 
17.094561 -0.770063 -0.178615 -0.000785 -0.596407 2.091514 -0.950550 -0.387299 -0.055485 0.775164 
17.094400 -0.769906 -0.178677 -0.000542 -0.596474 2.091375 -0.950611 -0.387488 -0.055748 0.774935 
17.094392 -0.769979 -0.178778 -0.000786 -0.596523 2.091080 -0.950856 -0.387357 -0.055881 0.775142 
17.094526 -0.769833 -0.178650 -0.000626 -0.596425 2.091258 -0.950444 -0.387353 -0.055846 0.775072 
17.094531 -0.769804 -0.178884 -0.000284 -0.596410 2.091156 -0.950496 -0.387677 -0.055501 0.775068 
17.094478 -0.769623 -0.178892 0.000021 -0.596383 2.091089 -0.950564 -0.387482 -0.055302 0.774919 
17.094551 -0.769796 -0.178889 -0.000206 -0.596253 2.091236 -0.950584 -0.387677 -0.055577 0.775160 
17.094617 -0.769911 -0.178988 -0.000045 -0.596516 2.091168 -0.950349 -0.388017 -0.055500 0.775009 
17.094558 -0.769945 -0.179228 -0.000105 -0.596554 2.090879 -0.950603 -0.388158 -0.055473 0.775062 
17.094716 -0.769957 -0.179356 -0.000137 -0.596594 2.090966 -0.950644 -0.388094 -0.055447 0.775022 
17.094500 -0.770060 -0.179181 -0.000181 -0.596449 2.090929 -0.950551 -0.388290 -0.055074 0.775208 
17.094529 -0.769993 -0.179208 -0.000283 -0.596244 2.090779 -0.950289 -0.388437 -0.054847 0.775331 
17.094334 -0.769998 -0.179215 -0.000436 -0.596074 2.090901 -0.950295 -0.388670 -0.054671 0.775113 
17.094352 -0.769674 -0.179116 -0.000492 -0.596232 2.091006 -0.950375 -0.388874 -0.054563 0.775269 
17.094214 -0.769649 -0.179259 -0.000481 -0.596271 2.091079 -0.950302 -0.388832 -0.054577 0.775341 
17.094326 -0.769792 -0.178919 -0.000553 -0.596210 2.090966 -0.950357 -0.389095 -0.054226 0.775399 
17.094389 -0.769659 -0.178831 -0.000678 -0.596037 2.090792 -0.950166 -0.389344 -0.054044 0.775438 
17.094671 -0.769709 -0.178987 -0.000810 -0.596039 2.090952 -0.950212 -0.389377 -0.053750 0.775426 
17.094618 -0.769550 -0.178985 -0.000514 -0.595992 2.090872 -0.950271 -0.389277 -0.053460 0.775300 
17.094644 -0.769525 -0.178982 -0.000307 -0.595659 2.090991 -0.950440 -0.389374 -0.053420 0.775474 
17.094601 -0.769522 -0.179078 -0.000378 -0.595658 2.090849 -0.950588 -0.389381 -0.053406 0.775510 
17.094518 -0.769393 -0.178879 -0.000556 -0.595533 2.090881 -0.950634 -0.389089 -0.053209 0.775533 
17.094414 -0.769389 -0.178886 -0.000613 -0.595487 2.090964 -0.950686 -0.389176 -0.053207 0.775371 
17.094404 -0.769330 -0.178811 -0.000408 -0.595597 2.090854 -0.950734 -0.389285 -0.052840 0.775251 
17.094523 -0.769026 -0.178890 -0.000330 -0.595492 2.090679 -0.950619 -0.389362 -0.052676 0.775075 
17.094481 -0.769344 -0.178945 -0.000237 -0.595323 2.090525 -0.950504 -0.389270 -0.052504 0.774934 
17.094345 -0.769315 -0.179045 -0.000256 -0.595331 2.090565 -0.950394 -0.389304 -0.052434 0.775035 
17.094257 -0.769292 -0.179185 0.000009 -0.595492 2.090642 -0.950507 -0.389174 -0.052176 0.774926 
17.094201 -0.769269 -0.178969 -0.000151 -0.595323 2.090476 -0.950380 -0.389274 -0.052537 0.775024 
17.094400 -0.769413 -0.178850 -0.000397 -0.595325 2.090472 -0.950339 -0.389601 -0.052184 0.775111 
17.094305 -0.769466 -0.178850 -0.000646 -0.595156 2.090585 -0.950346 -0.389856 -0.052106 0.774884 
17.094319 -0.769454 -0.178849 -0.000548 -0.594988 2.090644 -0.950429 -0.389898 -0.052091 0.774977 
17.094433 -0.769441 -0.178693 -0.000792 -0.594838 2.090569 -0.950329 -0.389786 -0.051845 0.775151 
17.094279 -0.769454 -0.178950 -0.000618 -0.594988 2.090503 -0.950574 -0.389907 -0.052087 0.775017 
17.094533 -0.769614 -0.178963 -0.000483 -0.595023 2.090565 -0.950261 -0.390221 -0.052119 0.775072 
17.094431 -0.769968 -0.178853 -0.000556 -0.595139 2.090732 -0.950367 -0.390230 -0.052177 0.775243 
17.094506 -0.769747 -0.179008 -0.000392 -0.594981 2.090512 -0.950239 -0.390155 -0.052000 0.774986 
17.094545 -0.769668 -0.178991 -0.000242 -0.595178 2.090585 -0.950349 -0.390327 -0.051654 0.774932 
17.094350 -0.769649 -0.178767 -0.000038 -0.595198 2.090386 -0.950289 -0.390547 -0.051534 0.774890 
17.094116 -0.769582 -0.179005 0.000055 -0.595247 2.090484 -0.950101 -0.390640 -0.051315 0.774991 
17.094305 -0.769673 -0.178773 -0.000159 -0.595108 2.090449 -0.950303 -0.390660 -0.051513 0.774759 
17.094429 -0.769724 -0.178722 -0.000056 -0.595096 2.090473 -0.950404 -0.390893 -0.051289 0.774456 
17.094244 -0.769793 -0.178531 0.000047 -0.594936 2.090264 -0.950292 -0.391104 -0.051322 0.774296 
17.094311 -0.769789 -0.178404 0.000023 -0.594894 2.090349 -0.950145 -0.391060 -0.051249 0.774317 
17.094371 -0.769808 -0.178368 -0.000217 -0.594806 2.090124 -0.950225 -0.391114 -0.050942 0.774435 
17.094354 -0.769844 -0.178356 -0.000413 -0.595142 2.089995 -0.950058 -0.391079 -0.050914 0.774238 
17.094328 -0.769660 -0.178363 -0.000405 -0.595087 2.089955 -0.950069 -0.390977 -0.050884 0.774144 
17.094132 -0.769740 -0.178129 -0.000496 -0.595109 2.090069 -0.950276 -0.390904 -0.050627 0.774084 
17.094327 -0.769515 -0.178277 -0.000431 -0.595165 2.089985 -0.950099 -0.391108 -0.050917 0.774210 
17.094582 -0.769642 -0.178440 -0.000591 -0.594886 2.089876 -0.949978 -0.391132 -0.050687 0.774020 
17.094847 -0.769664 -0.178263 -0.000385 -0.594968 2.089624 -0.950039 -0.391033 -0.050599 0.774065 
17.094746 -0.769606 -0.178419 -0.000170 -0.595058 2.089582 -0.949869 -0.391101 -0.050285 0.774179 
17.094681 -0.769559 -0.178455 -0.000128 -0.595043 2.089338 -0.949649 -0.391025 -0.050069 0.774441 
17.094534 -0.769587 -0.178613 0.000006 -0.595057 2.089032 -0.949815 -0.391226 -0.050016 0.774348 
17.094595 -0.769562 -0.178744 -0.000069 -0.595129 2.089047 -0.949940 -0.391163 -0.049982 0.774428 
17.094698 -0.769510 -0.178884 0.000243 -0.595264 2.089068 -0.949810 -0.391185 -0.049716 0.774386 
17.094650 -0.769514 -0.178892 -0.000107 -0.595074 2.089045 -0.949826 -0.391237 -0.050079 0.774420 
17.094471 -0.769590 -0.178748 -0.000319 -0.594975 2.089137 -0.949952 -0.391304 -0.049659 0.774368 
17.094489 -0.769304 -0.178570 -0.000370 -0.595117 2.089147 -0.950003 -0.391582 -0.049649 0.774515 
17.094482 -0.769191 -0.178579 -0.000283 -0.594946 2.089181 -0.950080 -0.391542 -0.049645 0.774548 
17.094560 -0.769604 -0.178555 -0.000288 -0.595038 2.089238 -0.950059 -0.391791 -0.049650 0.774788 
17.094368 -0.769592 -0.178617 -0.000256 -0.595094 2.089341 -0.950037 -0.391785 -0.049688 0.774835 
17.094426 -0.769744 -0.178388 -0.000584 -0.595097 2.089069 -0.950092 -0.391884 -0.049454 0.774859 
17.094508 -0.769628 -0.178619 -0.000237 -0.595048 2.089157 -0.950191 -0.391904 -0.049680 0.774679 
17.094617 -0.769706 -0.178492 -0.000366 -0.595126 2.089500 -0.950305 -0.391988 -0.049684 0.774470 
17.094661 -0.769634 -0.178618 -0.000147 -0.595061 2.089187 -0.950103 -0.391902 -0.049544 0.774709 
17.094499 -0.769627 -0.178731 -0.000008 -0.595274 2.089172 -0.950095 -0.392050 -0.049233 0.774585 
17.094591 -0.769589 -0.178995 -0.000138 -0.595258 2.089182 -0.949853 -0.392328 -0.049172 0.774541 
17.094763 -0.769569 -0.179232 -0.000196 -0.595541 2.089172 -0.950035 -0.392271 -0.049071 0.774690 
17.094609 -0.769452 -0.178888 -0.000110 -0.595339 2.089170 -0.949855 -0.392447 -0.049225 0.774608 
17.094655 -0.769795 -0.178960 0.000082 -0.595467 2.089095 -0.949624 -0.392424 -0.049060 0.774411 
17.094684 -0.769766 -0.178980 0.000296 -0.595378 2.089125 -0.949591 -0.392588 -0.048671 0.774364 
17.094629 -0.769891 -0.179021 0.000350 -0.595338 2.089103 -0.949678 -0.392712 -0.048730 0.774454 
17.094594 -0.769652 -0.179111 0.000349 -0.595447 2.088799 -0.949615 -0.392628 -0.048701 0.774076 
17.094719 -0.769727 -0.179050 0.000414 -0.595382 2.089267 -0.949625 -0.392592 -0.048764 0.774276 
17.094689 -0.769933 -0.178773 -0.000012 -0.595479 2.089162 -0.949664 -0.392727 -0.048518 0.774249 
17.094530 -0.770072 -0.178610 -0.000296 -0.595614 2.089141 -0.949547 -0.392777 -0.048309 0.774337 
17.094875 -0.770206 -0.178431 -0.000448 -0.595500 2.088973 -0.949556 -0.392826 -0.048258 0.774344 
17.094544 -0.770026 -0.178749 -0.000391 -0.595588 2.089107 -0.949452 -0.392899 -0.048338 0.774288 
17.094355 -0.770022 -0.178576 -0.000324 -0.595705 2.088840 -0.949751 -0.392787 -0.048251 0.774093 
17.094268 -0.770030 -0.178459 -0.000300 -0.595562 2.088849 -0.949663 -0.392811 -0.048311 0.774019 
17.094342 -0.770114 -0.178528 -0.000430 -0.595915 2.089129 -0.949890 -0.392901 -0.048212 0.773859 
17.094336 -0.770155 -0.178684 -0.000355 -0.595623 2.088853 -0.949749 -0.392663 -0.048202 0.774027 
17.094398 -0.769737 -0.178531 -0.000334 -0.595769 2.088874 -0.949604 -0.392625 -0.047953 0.773990 
17.094251 -0.769719 -0.178571 -0.000213 -0.595772 2.088852 -0.949673 -0.392812 -0.047578 0.774130 
17.094153 -0.769806 -0.178581 -0.000018 -0.596063 2.088724 -0.949488 -0.392865 -0.047370 0.774170 
17.093919 -0.769672 -0.178594 -0.000079 -0.596197 2.088677 -0.949557 -0.392890 -0.047065 0.774377 
17.093902 -0.769497 -0.178715 0.000220 -0.596248 2.088648 -0.949692 -0.392986 -0.046794 0.774386 
17.093963 -0.769737 -0.178434 -0.000014 -0.596203 2.088683 -0.949649 -0.392783 -0.047029 0.774425 
17.094106 -0.769771 -0.178487 -0.000323 -0.596184 2.088500 -0.949482 -0.393066 -0.046834 0.774405 
17.094209 -0.769837 -0.178487 -0.000356 -0.596165 2.088778 -0.949255 -0.393115 -0.046725 0.774686 
17.094202 -0.769794 -0.178493 -0.000301 -0.596042 2.088639 -0.949175 -0.393064 -0.046753 0.774789 
17.093945 -0.769884 -0.178220 -0.000412 -0.596042 2.088793 -0.949097 -0.393256 -0.046602 0.774555 
17.093939 -0.769937 -0.178307 -0.000442 -0.595983 2.088812 -0.949061 -0.393106 -0.046487 0.774471 
17.093799 -0.770308 -0.178435 -0.000542 -0.595975 2.088695 -0.949170 -0.393200 -0.046448 0.774606 
17.093931 -0.769993 -0.178300 -0.000370 -0.596150 2.088745 -0.948931 -0.393075 -0.046490 0.774447 
17.093972 -0.769874 -0.178200 -0.000715 -0.596342 2.088619 -0.948824 -0.392953 -0.046371 0.774470 
17.093999 -0.770083 -0.178259 -0.000447 -0.596099 2.088767 -0.948870 -0.393038 -0.046656 0.774389 
17.094100 -0.769991 -0.178349 -0.000125 -0.596142 2.088672 -0.948915 -0.393270 -0.046187 0.774338 
17.093955 -0.769834 -0.178682 -0.000063 -0.596167 2.088701 -0.948761 -0.393473 -0.046139 0.774242 
17.094003 -0.769866 -0.178681 -0.000071 -0.596158 2.088846 -0.948652 -0.393490 -0.046090 0.774385 
17.093930 -0.769852 -0.178626 0.000299 -0.596231 2.088906 -0.948740 -0.393442 -0.045819 0.774406 
17.094018 -0.769896 -0.178672 -0.000146 -0.596289 2.088977 -0.948730 -0.393533 -0.046059 0.774288 
17.094156 -0.769759 -0.178639 -0.000387 -0.596425 2.088796 -0.948678 -0.393595 -0.045772 0.774327 
17.094064 -0.770107 -0.178776 -0.000467 -0.596451 2.088657 -0.948789 -0.393749 -0.045671 0.774459 
17.094189 -0.770076 -0.178912 -0.000433 -0.596516 2.088648 -0.948873 -0.393682 -0.045719 0.774529 
17.094315 -0.770253 -0.178721 -0.000565 -0.596440 2.088586 -0.948623 -0.393954 -0.045524 0.774247 
17.094212 -0.770360 -0.178682 -0.000594 -0.596781 2.088478 -0.948362 -0.393832 -0.045577 0.774234 
17.094335 -0.770205 -0.178638 -0.000507 -0.596513 2.088555 -0.948647 -0.394118 -0.045613 0.774319 
17.094244 -0.770106 -0.178529 -0.000853 -0.596532 2.088548 -0.948701 -0.394345 -0.045438 0.774378 
17.094257 -0.770127 -0.178796 -0.000446 -0.596531 2.088573 -0.948580 -0.394213 -0.045568 0.774272 
17.094235 -0.770133 -0.178687 -0.000149 -0.596632 2.088567 -0.948661 -0.394225 -0.045221 0.774265 
17.094145 -0.770066 -0.178687 -0.000132 -0.596663 2.088266 -0.948873 -0.394217 -0.045278 0.773971 
17.094253 -0.770073 -0.178688 -0.000134 -0.596539 2.088402 -0.948575 -0.394198 -0.045184 0.774364 
17.094145 -0.770195 -0.178704 0.000221 -0.596420 2.088387 -0.948467 -0.394401 -0.045063 0.774305 
17.094231 -0.769936 -0.178562 -0.000116 -0.596495 2.088467 -0.948485 -0.394164 -0.045205 0.774272 
17.094552 -0.769851 -0.178854 0.000012 -0.596718 2.088396 -0.948608 -0.394191 -0.045048 0.774365 
17.094101 -0.769994 -0.178713 -0.000068 -0.596560 2.088428 -0.948657 -0.394128 -0.045200 0.774475 
17.094238 -0.770103 -0.178686 -0.000111 -0.596616 2.088377 -0.948512 -0.394157 -0.045213 0.774359 
17.094189 -0.770063 -0.178647 -0.000257 -0.596606 2.088370 -0.948539 -0.394297 -0.045037 0.774364 
17.094159 -0.770112 -0.178724 -0.000314 -0.596545 2.088392 -0.948508 -0.394172 -0.044894 0.774286 
17.094187 -0.770145 -0.178640 -0.000288 -0.596555 2.088383 -0.948550 -0.394135 -0.044852 0.774304 
17.094203 -0.770213 -0.178542 -0.000433 -0.596550 2.088330 -0.948536 -0.394217 -0.044733 0.774304 
17.094329 -0.770118 -0.178580 -0.000413 -0.596650 2.088321 -0.948547 -0.394251 -0.044587 0.774291 
17.094288 -0.770174 -0.178580 -0.000261 -0.596622 2.088317 -0.948504 -0.394372 -0.044476 0.774248 
17.094212 -0.770117 -0.178570 -0.000217 -0.596686 2.088310 -0.948542 -0.394429 -0.044283 0.774297 
17.094198 -0.770170 -0.178553 -0.000173 -0.596858 2.088247 -0.948418 -0.394413 -0.044212 0.774277 
17.094185 -0.770035 -0.178422 -0.000156 -0.596831 2.088302 -0.948327 -0.394416 -0.044161 0.774181 
17.094205 -0.770058 -0.178422 -0.000161 -0.596833 2.088393 -0.948285 -0.394421 -0.044151 0.774243 
17.094165 -0.770080 -0.178411 -0.000168 -0.596937 2.088417 -0.948427 -0.394476 -0.044132 0.774048 
17.094157 -0.770106 -0.178455 -0.000183 -0.596899 2.088431 -0.948416 -0.394402 -0.044075 0.774008 
17.094219 -0.770095 -0.178458 -0.000117 -0.596891 2.088397 -0.948402 -0.394448 -0.043859 0.773976 
17.094130 -0.770174 -0.178381 -0.000186 -0.596843 2.088352 -0.948362 -0.394522 -0.043707 0.773964 
17.094073 -0.770119 -0.178506 -0.000256 -0.596837 2.088338 -0.948267 -0.394645 -0.043627 0.773918 
17.093976 -0.770152 -0.178472 -0.000227 -0.596809 2.088308 -0.948228 -0.394698 -0.043427 0.773896 
17.093952 -0.770160 -0.178461 -0.000178 -0.596790 2.088274 -0.948196 -0.394755 -0.043204 0.773866 
17.093940 -0.770161 -0.178471 -0.000119 -0.596761 2.088241 -0.948159 -0.394785 -0.042978 0.773835 
17.093839 -0.770198 -0.178422 -0.000099 -0.596742 2.088211 -0.948126 -0.394859 -0.042786 0.773814 
17.093899 -0.770182 -0.178425 -0.000044 -0.596744 2.088177 -0.948110 -0.394935 -0.042576 0.773779 
17.093838 -0.770170 -0.178495 0.000049 -0.596736 2.088204 -0.948092 -0.394899 -0.042389 0.773710 
17.093861 -0.770137 -0.178476 -0.000097 -0.596725 2.088141 -0.948065 -0.394804 -0.042245 0.773751 
17.093924 -0.770244 -0.178467 -0.000107 -0.596600 2.088079 -0.947939 -0.394792 -0.042189 0.773679 
17.093924 -0.770172 -0.178421 -0.000114 -0.596532 2.088121 -0.947944 -0.394798 -0.042191 0.773648 
17.093922 -0.770297 -0.178559 -0.000131 -0.596466 2.088065 -0.948074 -0.394833 -0.042136 0.773761 
17.093905 -0.770220 -0.178468 -0.000100 -0.596597 2.087987 -0.947981 -0.394785 -0.042205 0.773621 
17.093906 -0.770169 -0.178462 -0.000025 -0.596579 2.087983 -0.947831 -0.394797 -0.042124 0.773826 
17.093926 -0.770203 -0.178390 0.000025 -0.596576 2.087983 -0.947875 -0.394741 -0.042113 0.773844 
17.093921 -0.770207 -0.178441 -0.000106 -0.596663 2.087980 -0.947793 -0.394857 -0.041928 0.773812 
17.094012 -0.770216 -0.178467 -0.000171 -0.596750 2.087981 -0.947756 -0.394882 -0.041736 0.773793 
17.093969 -0.770271 -0.178449 -0.000268 -0.596821 2.087983 -0.947701 -0.394907 -0.041546 0.773785 
17.093988 -0.770224 -0.178575 -0.000354 -0.596869 2.087969 -0.947584 -0.394918 -0.041414 0.773795 
17.094089 -0.770251 -0.178493 -0.000488 -0.596921 2.087911 -0.947556 -0.395033 -0.041385 0.773853 
17.094016 -0.770285 -0.178574 -0.000332 -0.596807 2.087949 -0.947524 -0.394929 -0.041411 0.773750 
17.094006 -0.770314 -0.178604 -0.000211 -0.596863 2.087990 -0.947510 -0.395070 -0.041291 0.773688 
17.094052 -0.770375 -0.178586 -0.000123 -0.596890 2.087994 -0.947473 -0.395019 -0.041089 0.773666 
17.093912 -0.770392 -0.178558 -0.000052 -0.596867 2.087940 -0.947357 -0.395074 -0.041004 0.773748 
17.093782 -0.770505 -0.178544 -0.000147 -0.596890 2.088003 -0.947355 -0.395082 -0.040927 0.773647 
17.093796 -0.770476 -0.178513 -0.000157 -0.596845 2.088100 -0.947328 -0.395092 -0.040916 0.773670 
17.093758 -0.770370 -0.178484 -0.000158 -0.596807 2.087926 -0.947378 -0.395114 -0.040836 0.773528 
17.093759 -0.770343 -0.178438 -0.000144 -0.596872 2.087934 -0.947312 -0.395092 -0.040869 0.773485 
17.093738 -0.770326 -0.178474 -0.000059 -0.596856 2.087896 -0.947233 -0.395172 -0.040702 0.773395 
17.093707 -0.770345 -0.178416 0.000070 -0.596830 2.087857 -0.947210 -0.395256 -0.040557 0.773309 
17.093609 -0.770224 -0.178498 0.000124 -0.596910 2.087889 -0.947238 -0.395230 -0.040428 0.773307 
17.093664 -0.770193 -0.178465 0.000021 -0.597000 2.087838 -0.947201 -0.395347 -0.040301 0.773352 
17.093694 -0.770159 -0.178480 -0.000054 -0.597024 2.087762 -0.947094 -0.395401 -0.040125 0.773349 
17.093656 -0.770097 -0.178535 -0.000090 -0.597061 2.087744 -0.947051 -0.395614 -0.040118 0.773316 
17.093807 -0.770088 -0.178586 -0.000115 -0.597129 2.087789 -0.947109 -0.395661 -0.040039 0.773194 
17.093813 -0.770098 -0.178617 -0.000091 -0.597169 2.087687 -0.947135 -0.395650 -0.040061 0.773188 
17.093937 -0.769963 -0.178587 -0.000008 -0.597093 2.087782 -0.947066 -0.395699 -0.040041 0.773299 
17.093808 -0.770063 -0.178541 -0.000101 -0.597195 2.087798 -0.947044 -0.395638 -0.040073 0.773154 
17.093802 -0.770234 -0.178659 -0.000075 -0.597230 2.087845 -0.947042 -0.395716 -0.039978 0.773277 
17.093786 -0.770260 -0.178590 -0.000006 -0.597215 2.087831 -0.947062 -0.395749 -0.039937 0.773248 
17.093729 -0.770255 -0.178488 -0.000076 -0.597260 2.087799 -0.947107 -0.395863 -0.039785 0.773243 
17.093614 -0.770217 -0.178523 -0.000039 -0.597244 2.087794 -0.947094 -0.395916 -0.039611 0.773150 
17.093615 -0.770297 -0.178459 -0.000095 -0.597170 2.087733 -0.947034 -0.396045 -0.039514 0.773065 
17.093557 -0.770347 -0.178387 -0.000120 -0.597151 2.087723 -0.947063 -0.396217 -0.039414 0.772981 
17.093580 -0.770417 -0.178296 -0.000157 -0.597119 2.087676 -0.947046 -0.396159 -0.039222 0.772956 
17.093663 -0.770305 -0.178280 -0.000095 -0.597085 2.087628 -0.946968 -0.396279 -0.039145 0.773036 
17.093506 -0.770303 -0.178219 -0.000091 -0.597017 2.087554 -0.946878 -0.396310 -0.039153 0.773145 
17.093658 -0.770281 -0.178227 -0.000103 -0.597101 2.087709 -0.946905 -0.396272 -0.039151 0.773013 
17.093684 -0.770280 -0.178269 -0.000066 -0.597228 2.087469 -0.946905 -0.396313 -0.039145 0.772954 
17.093684 -0.770211 -0.178223 -0.000075 -0.597177 2.087439 -0.946942 -0.396290 -0.039169 0.772909 
17.093727 -0.770225 -0.178387 -0.000218 -0.597208 2.087437 -0.946889 -0.396405 -0.039061 0.772974 
17.093808 -0.770273 -0.178478 -0.000106 -0.597101 2.087402 -0.946859 -0.396506 -0.038993 0.772935 
17.093954 -0.770349 -0.178398 -0.000146 -0.597092 2.087356 -0.946899 -0.396614 -0.039027 0.773023 
17.093758 -0.770271 -0.178452 -0.000096 -0.597126 2.087427 -0.946918 -0.396580 -0.038962 0.772911 
17.093781 -0.770187 -0.178519 -0.000000 -0.597172 2.087416 -0.946998 -0.396607 -0.038817 0.773001 
17.093758 -0.770307 -0.178529 -0.000037 -0.597156 2.087369 -0.947053 -0.396590 -0.038635 0.772937 
17.093710 -0.770390 -0.178674 -0.000031 -0.597161 2.087334 -0.947154 -0.396680 -0.038552 0.772880 
17.093731 -0.770401 -0.178665 -0.000030 -0.597170 2.087409 -0.947099 -0.396771 -0.038362 0.772804 
17.093619 -0.770422 -0.178637 -0.000020 -0.597110 2.087360 -0.947017 -0.396872 -0.038218 0.772850 
17.093621 -0.770364 -0.178600 -0.000025 -0.597023 2.087335 -0.947045 -0.396948 -0.038046 0.772748 
17.093609 -0.770415 -0.178549 0.000086 -0.597090 2.087287 -0.947004 -0.397011 -0.037901 0.772655 
17.093582 -0.770490 -0.178510 0.000178 -0.597051 2.087358 -0.947005 -0.397067 -0.037723 0.772616 
17.093551 -0.770478 -0.178491 0.000115 -0.597158 2.087319 -0.946972 -0.397140 -0.037545 0.772561 
17.093549 -0.770465 -0.178542 0.000093 -0.597212 2.087260 -0.946874 -0.397165 -0.037358 0.772490 
17.093672 -0.770530 -0.178486 0.000045 -0.597244 2.087191 -0.946875 -0.397307 -0.037273 0.772526 
17.093625 -0.770610 -0.178410 -0.000049 -0.597271 2.087179 -0.946824 -0.397425 -0.037237 0.772392 
17.093623 -0.770502 -0.178410 0.000002 -0.597368 2.087186 -0.946836 -0.397589 -0.037144 0.772414 
17.093666 -0.770422 -0.178230 -0.000004 -0.597407 2.087199 -0.946754 -0.397556 -0.037056 0.772451 
17.093593 -0.770429 -0.178217 0.000001 -0.597370 2.087139 -0.946730 -0.397575 -0.037053 0.772509 
17.093580 -0.770438 -0.178192 -0.000002 -0.597461 2.087039 -0.946851 -0.397608 -0.036896 0.772514 
17.093555 -0.770548 -0.178216 0.000009 -0.597631 2.087079 -0.946795 -0.397629 -0.036846 0.772613 
17.093541 -0.770579 -0.178212 0.000023 -0.597571 2.087153 -0.946815 -0.397640 -0.036786 0.772627 
17.093542 -0.770513 -0.178261 -0.000156 -0.597581 2.087174 -0.946842 -0.397698 -0.036683 0.772703 
17.093559 -0.770508 -0.178319 -0.000139 -0.597565 2.087144 -0.946773 -0.397676 -0.036622 0.772672 
17.093605 -0.770530 -0.178334 -0.000046 -0.597569 2.087088 -0.946746 -0.397779 -0.036440 0.772659 
17.093568 -0.770512 -0.178359 0.000050 -0.597602 2.087059 -0.946722 -0.397843 -0.036242 0.772612 
17.093560 -0.770559 -0.178358 0.000106 -0.597616 2.087006 -0.946687 -0.397911 -0.036038 0.772550 
17.093576 -0.770547 -0.178397 0.000219 -0.597633 2.086959 -0.946680 -0.397947 -0.035836 0.772560 
17.093537 -0.770515 -0.178357 0.000226 -0.597674 2.086983 -0.946688 -0.398161 -0.035763 0.772515 
17.093404 -0.770489 -0.178381 0.000163 -0.597720 2.086997 -0.946659 -0.398150 -0.035604 0.772424 
17.093431 -0.770555 -0.178381 0.000067 -0.597712 2.086946 -0.946629 -0.398232 -0.035419 0.772396 
17.093423 -0.770531 -0.178419 0.000032 -0.597735 2.086921 -0.946625 -0.398314 -0.035199 0.772407 
17.093404 -0.770565 -0.178419 0.000044 -0.597756 2.086879 -0.946609 -0.398390 -0.034981 0.772363 
17.093388 -0.770653 -0.178386 0.000071 -0.597767 2.086822 -0.946580 -0.398453 -0.034794 0.772280 
17.093381 -0.770653 -0.178411 0.000041 -0.597787 2.086790 -0.946570 -0.398536 -0.034571 0.772273 
17.093355 -0.770693 -0.178403 0.000076 -0.597811 2.086746 -0.946553 -0.398606 -0.034358 0.772217 
17.093331 -0.770725 -0.178401 0.000102 -0.597835 2.086704 -0.946538 -0.398679 -0.034141 0.772170 
17.093345 -0.770685 -0.178455 0.000008 -0.597847 2.086688 -0.946537 -0.398760 -0.033948 0.772213 
17.093338 -0.770673 -0.178487 -0.000025 -0.597868 2.086659 -0.946530 -0.398843 -0.033727 0.772215 
17.093315 -0.770725 -0.178473 0.000006 -0.597888 2.086612 -0.946510 -0.398913 -0.033518 0.772153 
17.093295 -0.770752 -0.178477 0.000017 -0.597911 2.086572 -0.946495 -0.398989 -0.033297 0.772114 
17.093296 -0.770711 -0.178527 -0.000044 -0.597930 2.086554 -0.946495 -0.399070 -0.033089 0.772146 
17.093279 -0.770723 -0.178540 -0.000042 -0.597954 2.086518 -0.946484 -0.399149 -0.032866 0.772119 
17.093239 -0.770723 -0.178512 0.000001 -0.597862 2.086576 -0.946567 -0.399182 -0.032677 0.772113 
17.093271 -0.770639 -0.178341 0.000006 -0.597914 2.086581 -0.946480 -0.399155 -0.032578 0.772149 
17.093124 -0.770646 -0.178310 0.000022 -0.597851 2.086460 -0.946424 -0.399195 -0.032560 0.772265 
17.093138 -0.770588 -0.178294 0.000010 -0.597828 2.086384 -0.946472 -0.399190 -0.032566 0.772217 
17.093129 -0.770570 -0.178250 0.000037 -0.597960 2.086321 -0.946525 -0.399217 -0.032388 0.772222 
17.093153 -0.770489 -0.178259 0.000098 -0.597985 2.086275 -0.946444 -0.399264 -0.032202 0.772171 
17.093178 -0.770467 -0.178198 0.000014 -0.598011 2.086230 -0.946421 -0.399325 -0.032002 0.772147 
17.093175 -0.770448 -0.178176 -0.000002 -0.598009 2.086202 -0.946454 -0.399388 -0.031775 0.772114 
17.093170 -0.770432 -0.178152 -0.000017 -0.598012 2.086174 -0.946479 -0.399453 -0.031547 0.772087 
17.093167 -0.770454 -0.178086 -0.000093 -0.598087 2.086157 -0.946354 -0.399507 -0.031401 0.772145 
17.093141 -0.770415 -0.178120 -0.000171 -0.598091 2.085951 -0.946358 -0.399573 -0.031354 0.772105 
17.093148 -0.770539 -0.177999 -0.000121 -0.598087 2.085898 -0.946325 -0.399565 -0.031334 0.771955 
17.093093 -0.770381 -0.178097 -0.000173 -0.598116 2.085988 -0.946363 -0.399655 -0.031384 0.772070 
17.092964 -0.770321 -0.178115 -0.000255 -0.598153 2.086019 -0.946339 -0.399516 -0.031333 0.771982 
17.093059 -0.770334 -0.178018 -0.000149 -0.598070 2.085963 -0.946365 -0.399636 -0.031387 0.772112 
17.093194 -0.770212 -0.177933 -0.000201 -0.598101 2.085941 -0.946405 -0.399680 -0.031281 0.772090 
17.093208 -0.770201 -0.177960 -0.000275 -0.597908 2.085978 -0.946315 -0.399741 -0.031243 0.772055 
17.093183 -0.770262 -0.177901 -0.000280 -0.598090 2.085953 -0.946470 -0.399683 -0.031290 0.772112 
17.093150 -0.770158 -0.177975 -0.000056 -0.598131 2.085877 -0.946350 -0.399746 -0.031144 0.772119 
17.093158 -0.770069 -0.177987 0.000038 -0.598198 2.085779 -0.946192 -0.399791 -0.031120 0.772151 
17.093161 -0.769974 -0.178064 0.000183 -0.598139 2.085721 -0.946289 -0.399798 -0.031108 0.772069 
17.093221 -0.770105 -0.177971 0.000090 -0.598181 2.085803 -0.946201 -0.399842 -0.031151 0.772197 
17.093133 -0.770046 -0.177948 0.000106 -0.598240 2.085950 -0.946125 -0.399724 -0.031008 0.772160 
17.093151 -0.770011 -0.178047 0.000011 -0.598200 2.085807 -0.946211 -0.399794 -0.031132 0.772228 
17.093069 -0.770149 -0.177947 0.000002 -0.598236 2.085698 -0.946200 -0.399878 -0.030972 0.772224 
17.093115 -0.770125 -0.177822 -0.000062 -0.598399 2.085624 -0.946242 -0.399878 -0.030921 0.772249 
17.093067 -0.770093 -0.177798 -0.000069 -0.598419 2.085663 -0.946246 -0.399959 -0.030954 0.772213 
17.093171 -0.770109 -0.177776 -0.000182 -0.598301 2.085582 -0.946146 -0.399940 -0.030797 0.772244 
17.093066 -0.770080 -0.177626 -0.000165 -0.598210 2.085525 -0.946126 -0.399884 -0.030831 0.772337 
17.093159 -0.770167 -0.177780 -0.000232 -0.598334 2.085601 -0.946080 -0.399929 -0.030845 0.772268 
17.093183 -0.770120 -0.177858 -0.000136 -0.598328 2.085494 -0.946201 -0.400004 -0.030621 0.772178 
17.093282 -0.770060 -0.177878 -0.000125 -0.598399 2.085409 -0.946266 -0.400030 -0.030480 0.772088 
17.093230 -0.770058 -0.177898 -0.000055 -0.598367 2.085289 -0.946322 -0.400077 -0.030305 0.772066 
17.093229 -0.770143 -0.178006 -0.000059 -0.598436 2.085212 -0.946308 -0.400144 -0.030154 0.772015 
17.093247 -0.770159 -0.178039 -0.000070 -0.598450 2.085094 -0.946307 -0.400205 -0.029960 0.771967 
17.093301 -0.770179 -0.178078 -0.000070 -0.598471 2.085094 -0.946378 -0.400301 -0.029773 0.772040 
17.093291 -0.770266 -0.178088 -0.000156 -0.598429 2.085081 -0.946509 -0.400299 -0.029648 0.771941 
17.093245 -0.770146 -0.178240 -0.000242 -0.598435 2.085005 -0.946531 -0.400309 -0.029581 0.771981 
17.093187 -0.770086 -0.178255 -0.000211 -0.598473 2.085113 -0.946459 -0.400230 -0.029422 0.771942 
17.093242 -0.770114 -0.178292 -0.000190 -0.598435 2.085093 -0.946452 -0.400150 -0.029412 0.771971 
17.093193 -0.770033 -0.178335 -0.000178 -0.598485 2.085051 -0.946439 -0.400364 -0.029264 0.771898 
17.093139 -0.770034 -0.178305 -0.000201 -0.598638 2.084940 -0.946466 -0.400357 -0.029143 0.771958 
17.093050 -0.770042 -0.178328 -0.000269 -0.598665 2.084827 -0.946499 -0.400323 -0.029054 0.771807 
17.092939 -0.770119 -0.178313 -0.000349 -0.598584 2.084799 -0.946395 -0.400373 -0.028977 0.771898 
17.093057 -0.770108 -0.178302 -0.000517 -0.598659 2.084807 -0.946308 -0.400400 -0.028924 0.771882 
17.092956 -0.770052 -0.178238 -0.000355 -0.598531 2.084771 -0.946408 -0.400362 -0.028954 0.771905 
17.092820 -0.770102 -0.178368 -0.000350 -0.598630 2.084778 -0.946474 -0.400434 -0.028825 0.771981 
17.092710 -0.770024 -0.178408 -0.000284 -0.598706 2.084665 -0.946352 -0.400457 -0.028803 0.772016 
17.092695 -0.770027 -0.178376 -0.000247 -0.598722 2.084735 -0.946313 -0.400418 -0.028746 0.771987 
17.092687 -0.770163 -0.178288 -0.000165 -0.598760 2.084664 -0.946331 -0.400516 -0.028646 0.771976 
17.092756 -0.770254 -0.178350 -0.000098 -0.598724 2.084571 -0.946326 -0.400427 -0.028514 0.772030 
17.092732 -0.770279 -0.178300 -0.000123 -0.598779 2.084556 -0.946346 -0.400361 -0.028540 0.772074 
17.092640 -0.770411 -0.178216 -0.000077 -0.598822 2.084508 -0.946379 -0.400434 -0.028422 0.772078 
17.092563 -0.770537 -0.178219 -0.000038 -0.598822 2.084444 -0.946405 -0.400397 -0.028254 0.772124 
17.092492 -0.770649 -0.178172 0.000052 -0.598848 2.084316 -0.946307 -0.400385 -0.028187 0.772116 
17.092512 -0.770714 -0.178141 0.000131 -0.598872 2.084368 -0.946328 -0.400449 -0.028101 0.772297 
17.092531 -0.770737 -0.178140 0.000216 -0.598990 2.084335 -0.946468 -0.400451 -0.027972 0.772282 
17.092602 -0.770766 -0.178124 0.000061 -0.599070 2.084319 -0.946397 -0.400496 -0.027847 0.772298 
17.092619 -0.770660 -0.177971 0.000038 -0.598979 2.084251 -0.946421 -0.400490 -0.027747 0.772331 
17.092636 -0.770676 -0.177930 0.000062 -0.598978 2.084331 -0.946391 -0.400443 -0.027720 0.772289 
17.092702 -0.770805 -0.177836 -0.000035 -0.598941 2.084322 -0.946423 -0.400463 -0.027589 0.772312 
17.092563 -0.770732 -0.177814 -0.000086 -0.599008 2.084375 -0.946373 -0.400485 -0.027446 0.772351 
17.092598 -0.770718 -0.177796 -0.000126 -0.599087 2.084337 -0.946359 -0.400298 -0.027449 0.772466 
17.092581 -0.770723 -0.177895 -0.000072 -0.598949 2.084370 -0.946359 -0.400457 -0.027388 0.772354 
17.092702 -0.770653 -0.177946 -0.000006 -0.598929 2.084354 -0.946260 -0.400536 -0.027263 0.772338 
17.092698 -0.770627 -0.177998 0.000120 -0.598889 2.084342 -0.946374 -0.400533 -0.027110 0.772289 
17.092682 -0.770656 -0.177992 0.000221 -0.598783 2.084419 -0.946346 -0.400581 -0.027104 0.772456 
17.092743 -0.770579 -0.178018 0.000076 -0.598893 2.084408 -0.946431 -0.400548 -0.027118 0.772307 
17.092751 -0.770512 -0.178089 0.000021 -0.598732 2.084413 -0.946364 -0.400550 -0.027025 0.772217 
17.092764 -0.770547 -0.178081 0.000048 -0.598749 2.084500 -0.946332 -0.400508 -0.027019 0.772173 
17.092756 -0.770599 -0.178280 -0.000001 -0.598798 2.084394 -0.946355 -0.400633 -0.026970 0.772235 
17.092792 -0.770576 -0.178042 -0.000028 -0.598719 2.084403 -0.946380 -0.400541 -0.026966 0.772238 
17.092891 -0.770536 -0.178053 -0.000042 -0.598745 2.084334 -0.946363 -0.400396 -0.026859 0.772336 
17.092863 -0.770611 -0.178067 -0.000001 -0.598676 2.084376 -0.946402 -0.400525 -0.027026 0.772218 
17.092823 -0.770570 -0.177916 -0.000058 -0.598746 2.084388 -0.946392 -0.400678 -0.026818 0.772221 
17.092702 -0.770631 -0.177856 -0.000161 -0.598707 2.084393 -0.946504 -0.400667 -0.026706 0.772235 
17.092815 -0.770591 -0.177901 -0.000141 -0.598747 2.084401 -0.946324 -0.400684 -0.026859 0.772250 
17.092919 -0.770495 -0.177851 0.000025 -0.598769 2.084327 -0.946435 -0.400769 -0.026684 0.772190 
17.092828 -0.770525 -0.177804 0.000009 -0.598736 2.084314 -0.946593 -0.400763 -0.026538 0.772175 
17.092868 -0.770591 -0.177772 0.000073 -0.598789 2.084472 -0.946554 -0.400713 -0.026442 0.772088 
17.092875 -0.770609 -0.177831 0.000029 -0.598855 2.084436 -0.946563 -0.400720 -0.026430 0.772032 
17.092873 -0.770694 -0.177969 0.000078 -0.598850 2.084458 -0.946547 -0.400825 -0.026354 0.772147 
17.092833 -0.770725 -0.177965 0.000108 -0.598814 2.084398 -0.946480 -0.400812 -0.026328 0.772112 
17.092799 -0.770820 -0.177879 0.000192 -0.598969 2.084334 -0.946509 -0.400811 -0.026371 0.772175 
17.092763 -0.770650 -0.177977 0.000117 -0.598860 2.084417 -0.946450 -0.400812 -0.026305 0.772126 
17.092843 -0.770748 -0.178051 0.000193 -0.598815 2.084351 -0.946580 -0.400916 -0.026311 0.771967 
17.092858 -0.770704 -0.178013 0.000156 -0.598813 2.084375 -0.946506 -0.400725 -0.026319 0.772131 
17.092919 -0.770772 -0.177953 -0.000014 -0.598859 2.084315 -0.946454 -0.400836 -0.026171 0.772125 
17.092909 -0.770905 -0.178000 -0.000183 -0.598888 2.084281 -0.946449 -0.400817 -0.026078 0.772121 
17.092947 -0.770802 -0.177941 0.000019 -0.598888 2.084395 -0.946422 -0.400812 -0.026135 0.772083 
17.093072 -0.770727 -0.177983 -0.000012 -0.598912 2.084251 -0.946316 -0.400904 -0.026221 0.772132 
17.092910 -0.770822 -0.177922 -0.000020 -0.598776 2.084328 -0.946404 -0.400853 -0.026208 0.772123 
17.092973 -0.770722 -0.177837 0.000043 -0.598809 2.084290 -0.946510 -0.400888 -0.026016 0.772190 
17.092996 -0.770653 -0.177689 -0.000021 -0.598816 2.084233 -0.946535 -0.400815 -0.026039 0.772053 
17.092965 -0.770735 -0.177873 0.000071 -0.598800 2.084262 -0.946550 -0.400953 -0.026010 0.772113 
17.093048 -0.770803 -0.177809 0.000159 -0.598734 2.084314 -0.946518 -0.401053 -0.025879 0.772081 
17.093045 -0.770877 -0.177855 0.000080 -0.598761 2.084251 -0.946604 -0.401107 -0.025704 0.772092 
17.093156 -0.770870 -0.177921 0.000037 -0.598833 2.084135 -0.946594 -0.401212 -0.025600 0.772111 
17.093039 -0.770808 -0.177940 0.000002 -0.598867 2.084108 -0.946534 -0.401311 -0.025442 0.772095 
17.092970 -0.770916 -0.177852 0.000065 -0.599004 2.084020 -0.946539 -0.401371 -0.025431 0.772131 
17.092935 -0.770947 -0.177912 0.000112 -0.599016 2.083887 -0.946546 -0.401371 -0.025247 0.772128 
17.092904 -0.770969 -0.177945 0.000092 -0.599071 2.083814 -0.946605 -0.401478 -0.025064 0.772143 
17.092931 -0.770962 -0.177935 0.000192 -0.599086 2.083746 -0.946523 -0.401590 -0.024909 0.772127 
17.092945 -0.770978 -0.177928 0.000264 -0.599078 2.083655 -0.946433 -0.401712 -0.024759 0.772116 
17.092987 -0.770912 -0.177921 0.000378 -0.599182 2.083681 -0.946446 -0.401796 -0.024612 0.772104 
17.092944 -0.770982 -0.177954 0.000356 -0.599147 2.083535 -0.946416 -0.401873 -0.024464 0.772111 
17.092896 -0.771036 -0.178001 0.000332 -0.599151 2.083407 -0.946440 -0.401939 -0.024291 0.772122 
17.092856 -0.771093 -0.178036 0.000312 -0.599142 2.083276 -0.946435 -0.402028 -0.024124 0.772131 
17.092836 -0.771173 -0.178025 0.000278 -0.599050 2.083151 -0.946325 -0.402137 -0.024064 0.772133 
17.092766 -0.771242 -0.178088 0.000210 -0.599044 2.083021 -0.946385 -0.402158 -0.023924 0.772153 
17.092783 -0.771246 -0.178085 0.000297 -0.599053 2.082938 -0.946308 -0.402269 -0.023762 0.772139 
17.092779 -0.771252 -0.178110 0.000366 -0.599090 2.082847 -0.946291 -0.402352 -0.023569 0.772134 
17.092774 -0.771288 -0.178111 0.000391 -0.599079 2.082742 -0.946229 -0.402486 -0.023412 0.772132 
17.092726 -0.771332 -0.178163 0.000373 -0.599101 2.082625 -0.946273 -0.402544 -0.023231 0.772144 
17.092674 -0.771383 -0.178215 0.000340 -0.599118 2.082505 -0.946319 -0.402601 -0.023057 0.772158 
17.092643 -0.771458 -0.178216 0.000287 -0.599065 2.082384 -0.946263 -0.402735 -0.022951 0.772169 
17.092619 -0.771503 -0.178236 0.000292 -0.599060 2.082265 -0.946235 -0.402847 -0.022780 0.772173 
17.092653 -0.771532 -0.178172 0.000309 -0.598984 2.082230 -0.946077 -0.402992 -0.022785 0.772163 
17.092659 -0.771582 -0.178217 0.000292 -0.599003 2.082240 -0.946014 -0.402943 -0.022771 0.772108 
17.092694 -0.771426 -0.178251 0.000336 -0.598816 2.082182 -0.946067 -0.402947 -0.022702 0.772162 
17.092708 -0.771403 -0.178173 0.000298 -0.598817 2.082139 -0.946077 -0.402916 -0.022690 0.772102 
17.092645 -0.771476 -0.178205 0.000129 -0.598732 2.082063 -0.946125 -0.402977 -0.022679 0.772141 
17.092633 -0.771472 -0.178242 0.000154 -0.598724 2.082056 -0.946166 -0.403027 -0.022712 0.772055 
17.092636 -0.771470 -0.178157 0.000175 -0.598762 2.081955 -0.946120 -0.403049 -0.022498 0.772210 
17.092629 -0.771482 -0.178126 0.000213 -0.598796 2.081845 -0.946092 -0.403105 -0.022306 0.772263 
17.092603 -0.771417 -0.178098 0.000298 -0.598787 2.081776 -0.946217 -0.403263 -0.022281 0.772239 
17.092556 -0.771456 -0.178186 0.000292 -0.598748 2.081803 -0.946240 -0.403353 -0.022275 0.772432 
17.092596 -0.771480 -0.178166 0.000275 -0.598725 2.081885 -0.946271 -0.403375 -0.022221 0.772414 
17.092650 -0.771456 -0.178056 0.000279 -0.598652 2.081879 -0.946125 -0.403497 -0.022261 0.772437 
17.092707 -0.771399 -0.178096 0.000225 -0.598706 2.081876 -0.946119 -0.403525 -0.022260 0.772442 
17.092479 -0.771337 -0.178036 0.000234 -0.598669 2.081966 -0.946078 -0.403513 -0.022205 0.772417 
17.092502 -0.771279 -0.178074 0.000246 -0.598583 2.081952 -0.946076 -0.403480 -0.022180 0.772416 
17.092524 -0.771183 -0.177929 0.000255 -0.598587 2.081928 -0.946159 -0.403441 -0.022122 0.772544 
17.092503 -0.771206 -0.177911 0.000160 -0.598548 2.081882 -0.946185 -0.403450 -0.022123 0.772531 
17.092516 -0.771137 -0.177963 0.000389 -0.598588 2.081905 -0.946142 -0.403544 -0.021958 0.772552 
17.092507 -0.771048 -0.177998 0.000545 -0.598564 2.081931 -0.946166 -0.403667 -0.021864 0.772560 
17.092489 -0.770953 -0.178013 0.000659 -0.598529 2.081953 -0.946280 -0.403806 -0.021902 0.772520 
17.092523 -0.770875 -0.178046 0.000837 -0.598563 2.082078 -0.946260 -0.403807 -0.021940 0.772555 
17.092442 -0.770943 -0.178054 0.000673 -0.598536 2.081892 -0.946261 -0.403814 -0.021945 0.772588 
17.092431 -0.771003 -0.178118 0.000619 -0.598455 2.081994 -0.946323 -0.403917 -0.021906 0.772714 
17.092475 -0.770980 -0.178015 0.000609 -0.598370 2.081985 -0.946182 -0.404045 -0.021958 0.772733 
17.092481 -0.770942 -0.178157 0.000563 -0.598510 2.081994 -0.946316 -0.403946 -0.021903 0.772718 
17.092303 -0.770825 -0.178164 0.000495 -0.598524 2.082072 -0.946294 -0.403955 -0.021860 0.772692 
17.092302 -0.770845 -0.178249 0.000496 -0.598484 2.082078 -0.946253 -0.403959 -0.021876 0.772631 
17.092340 -0.770701 -0.178313 0.000473 -0.598342 2.082041 -0.946308 -0.403887 -0.021827 0.772660 
17.092306 -0.770616 -0.178475 0.000459 -0.598353 2.082003 -0.946381 -0.403969 -0.021723 0.772637 
17.092275 -0.770541 -0.178627 0.000461 -0.598368 2.081955 -0.946436 -0.404053 -0.021593 0.772617 
17.092251 -0.770429 -0.178791 0.000428 -0.598347 2.081924 -0.946527 -0.404108 -0.021519 0.772599 
17.092091 -0.770401 -0.178815 0.000494 -0.598241 2.081917 -0.946540 -0.404093 -0.021391 0.772580 
17.092148 -0.770360 -0.178937 0.000446 -0.598264 2.081908 -0.946460 -0.404038 -0.021241 0.772652 
17.092207 -0.770249 -0.178940 0.000435 -0.598186 2.081850 -0.946370 -0.404191 -0.021184 0.772658 
17.092281 -0.770371 -0.178996 0.000466 -0.598083 2.081868 -0.946451 -0.404261 -0.021145 0.772763 
17.092202 -0.770289 -0.178914 0.000346 -0.598167 2.081805 -0.946385 -0.404188 -0.021156 0.772624 
17.092300 -0.770253 -0.178882 0.000356 -0.598163 2.081937 -0.946431 -0.404191 -0.021044 0.772499 
17.092321 -0.770289 -0.178940 0.000385 -0.598130 2.081913 -0.946391 -0.404172 -0.021071 0.772430 
17.092372 -0.770163 -0.178885 0.000420 -0.598211 2.081796 -0.946509 -0.404173 -0.020928 0.772497 
17.092347 -0.770095 -0.178990 0.000372 -0.598300 2.081810 -0.946506 -0.404288 -0.020789 0.772485 
17.092353 -0.769947 -0.179099 0.000290 -0.598309 2.081830 -0.946524 -0.404342 -0.020665 0.772495 
17.092356 -0.769901 -0.179124 0.000276 -0.598385 2.081836 -0.946448 -0.404426 -0.020471 0.772510 
17.092234 -0.769833 -0.179138 0.000316 -0.598371 2.081829 -0.946495 -0.404551 -0.020342 0.772450 
17.092316 -0.769766 -0.179184 0.000258 -0.598501 2.081826 -0.946499 -0.404698 -0.020274 0.772435 
17.092312 -0.769751 -0.179288 0.000215 -0.598655 2.081860 -0.946541 -0.404702 -0.020132 0.772439 
17.092367 -0.769749 -0.179454 0.000228 -0.598669 2.081811 -0.946456 -0.404740 -0.020063 0.772328 
17.092322 -0.769713 -0.179422 0.000179 -0.598709 2.081772 -0.946420 -0.404708 -0.020081 0.772279 
17.092302 -0.769801 -0.179429 0.000020 -0.598681 2.081652 -0.946454 -0.404760 -0.020014 0.772328 
17.092222 -0.769739 -0.179495 -0.000004 -0.598774 2.081557 -0.946407 -0.404823 -0.020007 0.772471 
17.092161 -0.769752 -0.179511 -0.000172 -0.598814 2.081664 -0.946346 -0.404912 -0.019959 0.772475 
17.092190 -0.769683 -0.179470 -0.000305 -0.598890 2.081612 -0.946368 -0.404950 -0.019803 0.772485 
17.092163 -0.769803 -0.179399 -0.000310 -0.599043 2.081564 -0.946346 -0.405036 -0.019734 0.772457 
17.092134 -0.769764 -0.179465 -0.000448 -0.599126 2.081529 -0.946486 -0.405102 -0.019748 0.772416 
17.092248 -0.769821 -0.179404 -0.000347 -0.599084 2.081566 -0.946323 -0.405010 -0.019783 0.772485 
17.092038 -0.769823 -0.179422 -0.000373 -0.599034 2.081549 -0.946318 -0.404954 -0.019560 0.772488 
17.091995 -0.769757 -0.179342 -0.000427 -0.598946 2.081476 -0.946242 -0.405096 -0.019492 0.772475 
17.091931 -0.769610 -0.179368 -0.000351 -0.599060 2.081511 -0.946190 -0.405152 -0.019462 0.772555 
17.091865 -0.769599 -0.179196 -0.000382 -0.599058 2.081556 -0.946276 -0.405135 -0.019499 0.772672 
17.091958 -0.769648 -0.179409 -0.000335 -0.599033 2.081512 -0.946221 -0.405202 -0.019434 0.772631 
17.092000 -0.769591 -0.179409 -0.000292 -0.599037 2.081629 -0.946236 -0.405286 -0.019271 0.772559 
17.092034 -0.769506 -0.179404 -0.000178 -0.599053 2.081497 -0.946290 -0.405301 -0.019140 0.772541 
17.091961 -0.769456 -0.179471 -0.000075 -0.599055 2.081492 -0.946262 -0.405431 -0.019009 0.772500 
17.092080 -0.769369 -0.179488 -0.000117 -0.599116 2.081472 -0.946177 -0.405474 -0.018864 0.772543 
17.092117 -0.769267 -0.179393 -0.000108 -0.599156 2.081493 -0.946196 -0.405539 -0.018703 0.772620 
17.092132 -0.769203 -0.179457 -0.000110 -0.599195 2.081533 -0.946091 -0.405662 -0.018555 0.772629 
17.092155 -0.769121 -0.179492 -0.000054 -0.599238 2.081362 -0.946048 -0.405699 -0.018450 0.772681 
17.092124 -0.769195 -0.179451 -0.000027 -0.599301 2.081348 -0.946045 -0.405738 -0.018443 0.772666 
17.092008 -0.769162 -0.179437 0.000082 -0.599274 2.081416 -0.946100 -0.405852 -0.018344 0.772628 
17.092023 -0.769181 -0.179403 0.000151 -0.599233 2.081434 -0.946031 -0.405819 -0.018338 0.772650 
17.092049 -0.769128 -0.179307 -0.000016 -0.599366 2.081471 -0.946133 -0.405902 -0.018264 0.772722 
17.092195 -0.769074 -0.179259 0.000020 -0.599418 2.081492 -0.946151 -0.406047 -0.018345 0.772690 
17.092045 -0.769104 -0.179348 0.000032 -0.599441 2.081513 -0.946146 -0.405863 -0.018282 0.772755 
17.092112 -0.769207 -0.179268 -0.000128 -0.599367 2.081468 -0.946167 -0.405911 -0.018089 0.772665 
17.092068 -0.769236 -0.179296 -0.000274 -0.599383 2.081501 -0.946035 -0.406018 -0.018026 0.772681 
17.092021 -0.769138 -0.179190 -0.000320 -0.599445 2.081487 -0.945975 -0.405957 -0.018006 0.772531 
17.092031 -0.769099 -0.179208 -0.000293 -0.599466 2.081396 -0.945953 -0.405971 -0.017960 0.772558 
17.092011 -0.769132 -0.179102 -0.000409 -0.599447 2.081285 -0.946006 -0.406020 -0.017846 0.772608 
17.092180 -0.769112 -0.179060 -0.000422 -0.599472 2.081265 -0.946003 -0.406172 -0.017822 0.772543 
17.092184 -0.769035 -0.179113 -0.000474 -0.599442 2.081273 -0.946052 -0.406172 -0.017821 0.772538 
17.092262 -0.768972 -0.179060 -0.000467 -0.599320 2.081325 -0.945962 -0.406120 -0.017701 0.772600 
17.092203 -0.768956 -0.179054 -0.000412 -0.599305 2.081359 -0.945989 -0.406177 -0.017652 0.772579 
17.092177 -0.769006 -0.179137 -0.000418 -0.599223 2.081287 -0.945981 -0.406218 -0.017506 0.772459 
17.092178 -0.768986 -0.179170 -0.000433 -0.599349 2.081336 -0.946026 -0.406241 -0.017315 0.772478 
17.092120 -0.768915 -0.179175 -0.000446 -0.599392 2.081326 -0.946035 -0.406364 -0.017131 0.772498 
17.092142 -0.768867 -0.179134 -0.000369 -0.599411 2.081286 -0.946179 -0.406365 -0.016971 0.772475 
17.092099 -0.768873 -0.179059 -0.000464 -0.599428 2.081406 -0.946221 -0.406402 -0.016848 0.772375 
17.092124 -0.768971 -0.179129 -0.000473 -0.599380 2.081476 -0.946312 -0.406503 -0.016760 0.772480 
17.092133 -0.768906 -0.179233 -0.000395 -0.599440 2.081558 -0.946296 -0.406569 -0.016615 0.772433 
17.091961 -0.768901 -0.179286 -0.000392 -0.599443 2.081573 -0.946317 -0.406483 -0.016490 0.772494 
17.091987 -0.768932 -0.179229 -0.000352 -0.599419 2.081586 -0.946248 -0.406464 -0.016446 0.772520 
17.091931 -0.769052 -0.179205 -0.000299 -0.599566 2.081536 -0.946260 -0.406563 -0.016393 0.772479 
17.091996 -0.769048 -0.179233 -0.000385 -0.599657 2.081473 -0.946264 -0.406622 -0.016216 0.772484 
17.092034 -0.768996 -0.179203 -0.000426 -0.599797 2.081482 -0.946297 -0.406709 -0.016075 0.772552 
17.092055 -0.768985 -0.179220 -0.000470 -0.599837 2.081416 -0.946309 -0.406828 -0.015886 0.772526 
17.092125 -0.769016 -0.179258 -0.000516 -0.599937 2.081391 -0.946347 -0.406868 -0.015697 0.772497 
17.092123 -0.769031 -0.179250 -0.000512 -0.600033 2.081361 -0.946385 -0.407001 -0.015524 0.772475 
17.092165 -0.769076 -0.179265 -0.000518 -0.600166 2.081359 -0.946440 -0.407065 -0.015351 0.772450 
17.092130 -0.769084 -0.179235 -0.000486 -0.600255 2.081335 -0.946476 -0.407224 -0.015206 0.772435 
17.092157 -0.769119 -0.179308 -0.000598 -0.600356 2.081342 -0.946406 -0.407305 -0.015070 0.772435 
17.092233 -0.769103 -0.179402 -0.000530 -0.600424 2.081204 -0.946422 -0.407327 -0.014974 0.772514 
17.092225 -0.769001 -0.179336 -0.000552 -0.600532 2.081140 -0.946380 -0.407274 -0.014891 0.772383 
17.092244 -0.769063 -0.179235 -0.000682 -0.600562 2.081064 -0.946472 -0.407283 -0.014777 0.772394 
17.092330 -0.769071 -0.179142 -0.000668 -0.600528 2.081118 -0.946439 -0.407282 -0.014582 0.772403 
17.092293 -0.769015 -0.179164 -0.000722 -0.600522 2.081170 -0.946534 -0.407264 -0.014383 0.772398 
17.092449 -0.768980 -0.179122 -0.000779 -0.600538 2.081196 -0.946603 -0.407355 -0.014284 0.772325 
17.092448 -0.769110 -0.179125 -0.000768 -0.600503 2.081152 -0.946598 -0.407354 -0.014127 0.772203 
17.092471 -0.769175 -0.179033 -0.000784 -0.600603 2.081183 -0.946606 -0.407350 -0.013940 0.772214 
17.092452 -0.769137 -0.178963 -0.000856 -0.600527 2.081109 -0.946544 -0.407430 -0.013777 0.772222 
17.092558 -0.769151 -0.178978 -0.000978 -0.600488 2.081089 -0.946501 -0.407299 -0.013668 0.772222 
17.092487 -0.769122 -0.178999 -0.000798 -0.600544 2.081034 -0.946566 -0.407426 -0.013754 0.772263 
17.092481 -0.769092 -0.178867 -0.000680 -0.600486 2.080971 -0.946687 -0.407419 -0.013682 0.772245 
17.092505 -0.769201 -0.178893 -0.000647 -0.600404 2.080993 -0.946770 -0.407527 -0.013618 0.772370 
17.092531 -0.769174 -0.178904 -0.000578 -0.600375 2.081053 -0.946712 -0.407522 -0.013592 0.772368 
17.092530 -0.769107 -0.178934 -0.000432 -0.600412 2.081035 -0.946696 -0.407610 -0.013445 0.772328 
17.092634 -0.769175 -0.178826 -0.000337 -0.600431 2.080961 -0.946586 -0.407681 -0.013463 0.772324 
17.092563 -0.769240 -0.178846 -0.000307 -0.600411 2.080932 -0.946553 -0.407639 -0.013448 0.772310 
17.092564 -0.769077 -0.178762 -0.000262 -0.600463 2.080971 -0.946543 -0.407656 -0.013405 0.772492 
17.092545 -0.769030 -0.178771 -0.000289 -0.600382 2.080922 -0.946510 -0.407695 -0.013415 0.772491 
17.092594 -0.768958 -0.178839 -0.000090 -0.600318 2.080929 -0.946568 -0.407679 -0.013412 0.772478 
17.092608 -0.769029 -0.178794 -0.000316 -0.600372 2.080879 -0.946501 -0.407635 -0.013356 0.772511 
17.092518 -0.769039 -0.178658 -0.000344 -0.600342 2.081021 -0.946470 -0.407730 -0.013257 0.772430 
17.092511 -0.769055 -0.178766 -0.000399 -0.600422 2.081085 -0.946329 -0.407827 -0.013194 0.772461 
17.092481 -0.768935 -0.178734 -0.000416 -0.600519 2.081065 -0.946228 -0.407748 -0.013213 0.772334 
17.092485 -0.769047 -0.178771 -0.000392 -0.600468 2.081019 -0.946377 -0.407876 -0.013145 0.772443 
17.092419 -0.769101 -0.178692 -0.000526 -0.600546 2.080981 -0.946367 -0.407973 -0.013051 0.772494 
17.092399 -0.769079 -0.178720 -0.000463 -0.600566 2.081010 -0.946367 -0.408101 -0.012863 0.772464 
17.092372 -0.769037 -0.178741 -0.000407 -0.600606 2.081033 -0.946350 -0.408218 -0.012676 0.772414 
17.092389 -0.769134 -0.178766 -0.000386 -0.600525 2.081095 -0.946403 -0.408337 -0.012575 0.772519 
17.092334 -0.769137 -0.178730 -0.000431 -0.600594 2.081099 -0.946374 -0.408467 -0.012399 0.772516 
17.092280 -0.769139 -0.178697 -0.000472 -0.600661 2.081105 -0.946345 -0.408596 -0.012221 0.772512 
17.092220 -0.769148 -0.178652 -0.000535 -0.600737 2.081100 -0.946317 -0.408722 -0.012056 0.772516 
17.092179 -0.769144 -0.178640 -0.000539 -0.600783 2.081126 -0.946292 -0.408856 -0.011865 0.772506 
17.092104 -0.769141 -0.178547 -0.000684 -0.600907 2.081049 -0.946252 -0.408878 -0.011840 0.772496 
17.092217 -0.769169 -0.178591 -0.000490 -0.600781 2.081084 -0.946237 -0.408906 -0.011895 0.772503 
17.092095 -0.769121 -0.178653 -0.000484 -0.600701 2.081068 -0.946273 -0.409067 -0.011958 0.772530 
17.092171 -0.769053 -0.178641 -0.000518 -0.600713 2.081084 -0.946303 -0.409104 -0.011971 0.772546 
17.092147 -0.769123 -0.178746 -0.000513 -0.600605 2.080922 -0.946249 -0.409062 -0.011850 0.772599 
17.092213 -0.769250 -0.178816 -0.000578 -0.600571 2.080915 -0.946307 -0.409136 -0.011834 0.772458 
17.092225 -0.769269 -0.178894 -0.000573 -0.600643 2.080925 -0.946274 -0.409151 -0.011857 0.772492 
17.092216 -0.769320 -0.178787 -0.000486 -0.600549 2.080868 -0.946457 -0.409180 -0.011726 0.772539 
17.092228 -0.769382 -0.178769 -0.000522 -0.600396 2.080958 -0.946395 -0.409226 -0.011624 0.772618 
17.092221 -0.769304 -0.178816 -0.000425 -0.600308 2.080918 -0.946382 -0.409256 -0.011472 0.772527 
17.092221 -0.769242 -0.178866 -0.000333 -0.600174 2.080852 -0.946388 -0.409268 -0.011341 0.772454 
17.092237 -0.769279 -0.178878 -0.000326 -0.599959 2.080852 -0.946375 -0.409281 -0.011247 0.772497 
17.092168 -0.769262 -0.178826 -0.000397 -0.599972 2.080787 -0.946334 -0.409369 -0.011067 0.772469 
17.092303 -0.769126 -0.178803 -0.000451 -0.599963 2.080807 -0.946379 -0.409476 -0.010996 0.772486 
17.092426 -0.769178 -0.178690 -0.000367 -0.599977 2.080736 -0.946263 -0.409518 -0.010966 0.772461 
17.092469 -0.769189 -0.178697 -0.000395 -0.600000 2.080741 -0.946268 -0.409426 -0.010911 0.772460 
17.092467 -0.769138 -0.178646 -0.000387 -0.599988 2.080814 -0.946275 -0.409498 -0.010712 0.772395 
17.092499 -0.769119 -0.178774 -0.000379 -0.600026 2.080795 -0.946213 -0.409590 -0.010554 0.772447 
17.092526 -0.769089 -0.178809 -0.000381 -0.600040 2.080720 -0.946245 -0.409684 -0.010354 0.772480 
17.092568 -0.769066 -0.178873 -0.000423 -0.600041 2.080659 -0.946243 -0.409789 -0.010164 0.772455 
17.092601 -0.769023 -0.178927 -0.000454 -0.600044 2.080596 -0.946232 -0.409887 -0.009966 0.772453 
17.092635 -0.768985 -0.178978 -0.000484 -0.600046 2.080537 -0.946229 -0.409987 -0.009766 0.772446 
17.092589 -0.768884 -0.178945 -0.000406 -0.600071 2.080484 -0.946210 -0.409953 -0.009714 0.772626 
17.092599 -0.768930 -0.178935 -0.000434 -0.599982 2.080508 -0.946199 -0.409957 -0.009701 0.772680 
17.092627 -0.769000 -0.178978 -0.000538 -0.600124 2.080532 -0.946137 -0.410025 -0.009728 0.772785 
17.092715 -0.768942 -0.178985 -0.000539 -0.600115 2.080564 -0.946173 -0.410046 -0.009755 0.772802 
17.092660 -0.769054 -0.179173 -0.000427 -0.600098 2.080497 -0.946087 -0.410007 -0.009737 0.772802 
17.092693 -0.769032 -0.178918 -0.000500 -0.600133 2.080495 -0.946083 -0.410025 -0.009725 0.772774 
17.092687 -0.769001 -0.179005 -0.000657 -0.600137 2.080440 -0.946167 -0.409852 -0.009690 0.772790 
17.092618 -0.769009 -0.178977 -0.000551 -0.600105 2.080443 -0.946177 -0.410073 -0.009776 0.772796 
17.092579 -0.768885 -0.178988 -0.000627 -0.600075 2.080517 -0.945962 -0.410054 -0.009736 0.772749 
17.092544 -0.769044 -0.178909 -0.000574 -0.600174 2.080582 -0.946145 -0.410076 -0.009536 0.772789 
17.092404 -0.769109 -0.178789 -0.000588 -0.600230 2.080691 -0.946119 -0.410011 -0.009549 0.772828 
17.092517 -0.769082 -0.179002 -0.000528 -0.600181 2.080608 -0.946123 -0.410056 -0.009538 0.772802 
17.092567 -0.769049 -0.178874 -0.000589 -0.600168 2.080520 -0.946110 -0.410155 -0.009321 0.772778 
17.092604 -0.769041 -0.178841 -0.000606 -0.600166 2.080482 -0.946085 -0.410241 -0.009104 0.772776 
17.092523 -0.769117 -0.178756 -0.000615 -0.600161 2.080367 -0.946013 -0.410256 -0.008961 0.772744 
17.092530 -0.769095 -0.178628 -0.000674 -0.600182 2.080382 -0.946020 -0.410329 -0.008779 0.772750 
17.092515 -0.769135 -0.178673 -0.000652 -0.600200 2.080390 -0.945979 -0.410392 -0.008557 0.772762 
17.092459 -0.769198 -0.178689 -0.000635 -0.600227 2.080401 -0.945932 -0.410438 -0.008341 0.772773 
17.092406 -0.769217 -0.178553 -0.000687 -0.600261 2.080421 -0.945923 -0.410487 -0.008164 0.772778 
17.092433 -0.769207 -0.178610 -0.000708 -0.600249 2.080339 -0.945979 -0.410649 -0.008032 0.772811 
17.092512 -0.769195 -0.178677 -0.000818 -0.600269 2.080276 -0.946016 -0.410556 -0.007884 0.772830 
17.092534 -0.769262 -0.178679 -0.000864 -0.600190 2.080311 -0.946013 -0.410569 -0.007889 0.772820 
17.092541 -0.769192 -0.178708 -0.000826 -0.600373 2.080281 -0.946023 -0.410619 -0.007851 0.772626 
17.092552 -0.769216 -0.178686 -0.000759 -0.600349 2.080278 -0.946106 -0.410589 -0.007830 0.772606 
17.092514 -0.769055 -0.178706 -0.000682 -0.600287 2.080263 -0.946092 -0.410624 -0.007702 0.772540 
17.092584 -0.768968 -0.178693 -0.000553 -0.600324 2.080223 -0.946054 -0.410693 -0.007558 0.772521 
17.092574 -0.768857 -0.178750 -0.000504 -0.600385 2.080348 -0.946132 -0.410758 -0.007450 0.772539 
17.092499 -0.768770 -0.178772 -0.000415 -0.600407 2.080251 -0.946145 -0.410819 -0.007304 0.772485 
17.092584 -0.768746 -0.178778 -0.000382 -0.600280 2.080307 -0.946110 -0.410901 -0.007173 0.772407 
17.092670 -0.768587 -0.178664 -0.000423 -0.600270 2.080262 -0.946187 -0.410960 -0.007184 0.772380 
17.092706 -0.768574 -0.178751 -0.000403 -0.600249 2.080225 -0.946210 -0.410989 -0.007230 0.772388 
17.092707 -0.768478 -0.178662 -0.000317 -0.600291 2.080320 -0.946108 -0.410842 -0.007114 0.772300 
17.092716 -0.768608 -0.178688 -0.000467 -0.600282 2.080233 -0.946230 -0.410904 -0.007122 0.772390 
17.092764 -0.768716 -0.178613 -0.000339 -0.600298 2.080241 -0.946364 -0.410921 -0.007055 0.772370 
17.092697 -0.768584 -0.178672 -0.000438 -0.600215 2.080227 -0.946238 -0.410874 -0.007111 0.772475 
17.092770 -0.768614 -0.178679 -0.000520 -0.600347 2.080219 -0.946154 -0.410990 -0.006954 0.772479 
17.092730 -0.768604 -0.178693 -0.000634 -0.600332 2.080238 -0.946174 -0.411040 -0.006751 0.772477 
17.092724 -0.768636 -0.178662 -0.000733 -0.600289 2.080154 -0.946125 -0.411073 -0.006564 0.772454 
17.092778 -0.768645 -0.178667 -0.000864 -0.600283 2.080281 -0.946139 -0.411108 -0.006423 0.772501 
17.092659 -0.768587 -0.178685 -0.000888 -0.600421 2.080210 -0.946194 -0.411112 -0.006313 0.772548 
17.092698 -0.768534 -0.178861 -0.000842 -0.600379 2.080150 -0.946230 -0.411212 -0.006241 0.772540 
17.092621 -0.768481 -0.178793 -0.000842 -0.600345 2.080151 -0.946238 -0.411424 -0.006244 0.772540 
17.092666 -0.768388 -0.178752 -0.000825 -0.600349 2.080152 -0.946242 -0.411405 -0.006223 0.772504 
17.092576 -0.768381 -0.178800 -0.000709 -0.600351 2.080235 -0.946124 -0.411408 -0.006112 0.772454 
17.092520 -0.768354 -0.178894 -0.000811 -0.600396 2.080239 -0.946111 -0.411437 -0.006113 0.772271 
17.092551 -0.768413 -0.178867 -0.000767 -0.600434 2.080245 -0.946166 -0.411459 -0.006087 0.772224 
17.092452 -0.768399 -0.178893 -0.000718 -0.600314 2.080239 -0.946295 -0.411436 -0.005966 0.772195 
17.092452 -0.768395 -0.178959 -0.000637 -0.600346 2.080168 -0.946281 -0.411528 -0.005782 0.772198 
17.092422 -0.768330 -0.179070 -0.000532 -0.600424 2.080272 -0.946372 -0.411590 -0.005752 0.772234 
17.092406 -0.768381 -0.178960 -0.000577 -0.600371 2.080094 -0.946283 -0.411511 -0.005833 0.772183 
17.092550 -0.768450 -0.178987 -0.000598 -0.600186 2.080195 -0.946222 -0.411599 -0.005717 0.772124 
17.092505 -0.768432 -0.178924 -0.000606 -0.600175 2.080205 -0.946220 -0.411689 -0.005730 0.772125 
17.092469 -0.768486 -0.178835 -0.000674 -0.600202 2.080243 -0.946187 -0.411657 -0.005534 0.772120 
17.092484 -0.768494 -0.178854 -0.000847 -0.600225 2.080191 -0.946253 -0.411705 -0.005415 0.772047 
17.092394 -0.768390 -0.178925 -0.000929 -0.600161 2.080199 -0.946120 -0.411684 -0.005351 0.772099 
17.092443 -0.768297 -0.178880 -0.000913 -0.600163 2.080198 -0.946126 -0.411663 -0.005334 0.772072 
17.092512 -0.768289 -0.178790 -0.000944 -0.600116 2.080155 -0.946165 -0.411660 -0.005209 0.772230 
17.092616 -0.768297 -0.178744 -0.000987 -0.600249 2.080177 -0.946022 -0.411708 -0.005148 0.772234 
17.092630 -0.768292 -0.178616 -0.001084 -0.600237 2.080301 -0.946010 -0.411637 -0.005044 0.772187 
17.092635 -0.768267 -0.178667 -0.001060 -0.600263 2.080378 -0.946050 -0.411672 -0.005010 0.772209 
17.092584 -0.768235 -0.178661 -0.000959 -0.600324 2.080310 -0.946041 -0.411701 -0.004824 0.772166 
17.092533 -0.768150 -0.178588 -0.000929 -0.600353 2.080279 -0.946039 -0.411875 -0.004720 0.772152 
17.092603 -0.768108 -0.178630 -0.000860 -0.600334 2.080234 -0.946011 -0.411946 -0.004532 0.772099 
17.092602 -0.768020 -0.178644 -0.000816 -0.600436 2.080166 -0.946023 -0.411978 -0.004349 0.772093 
17.092593 -0.767964 -0.178606 -0.000651 -0.600466 2.080169 -0.945952 -0.412007 -0.004207 0.772123 
17.092494 -0.768050 -0.178691 -0.000730 -0.600473 2.080142 -0.945906 -0.412078 -0.004066 0.772150 
17.092520 -0.768186 -0.178673 -0.000716 -0.600553 2.080100 -0.946004 -0.412166 -0.003956 0.772101 
17.092445 -0.768154 -0.178762 -0.000733 -0.600622 2.080105 -0.945954 -0.412219 -0.003895 0.771925 
17.092347 -0.768110 -0.178797 -0.000739 -0.600514 2.080046 -0.946080 -0.412221 -0.003769 0.771916 
17.092344 -0.768120 -0.178684 -0.000833 -0.600483 2.079917 -0.946006 -0.412186 -0.003663 0.771867 
17.092326 -0.768129 -0.178764 -0.000779 -0.600482 2.079711 -0.945980 -0.412250 -0.003706 0.771893 
17.092333 -0.768080 -0.178640 -0.000859 -0.600474 2.079928 -0.946009 -0.412286 -0.003681 0.771878 
17.092385 -0.768101 -0.178749 -0.000935 -0.600491 2.079893 -0.946013 -0.412196 -0.003460 0.771897 
17.092233 -0.768100 -0.178711 -0.000995 -0.600609 2.079857 -0.946050 -0.412154 -0.003357 0.771949 
17.092151 -0.768200 -0.178713 -0.001033 -0.600526 2.079852 -0.946023 -0.412174 -0.003176 0.771925 
17.092157 -0.768143 -0.178654 -0.000955 -0.600531 2.079812 -0.946041 -0.412162 -0.002970 0.771879 
17.092157 -0.768103 -0.178605 -0.000928 -0.600528 2.079761 -0.946083 -0.412145 -0.002755 0.771815 
17.092122 -0.768120 -0.178573 -0.000932 -0.600490 2.079722 -0.946105 -0.412141 -0.002531 0.771758 
17.092075 -0.768096 -0.178530 -0.000968 -0.600519 2.079660 -0.946171 -0.412109 -0.002328 0.771709 
17.092024 -0.768146 -0.178511 -0.000987 -0.600460 2.079631 -0.946177 -0.412114 -0.002112 0.771660 
17.091963 -0.768178 -0.178485 -0.001026 -0.600432 2.079589 -0.946205 -0.412105 -0.001895 0.771612 
17.091950 -0.768068 -0.178435 -0.001062 -0.600568 2.079519 -0.946317 -0.412041 -0.001837 0.771593 
17.091923 -0.767909 -0.178429 -0.000994 -0.600519 2.079516 -0.946219 -0.411989 -0.001720 0.771612 
17.092000 -0.767938 -0.178323 -0.000930 -0.600473 2.079482 -0.946278 -0.411962 -0.001644 0.771769 
17.092035 -0.767958 -0.178263 -0.000967 -0.600500 2.079451 -0.946200 -0.411947 -0.001647 0.771752 
17.092042 -0.767944 -0.178345 -0.000801 -0.600589 2.079523 -0.946261 -0.412033 -0.001505 0.771736 
17.092211 -0.767886 -0.178451 -0.000881 -0.600567 2.079519 -0.946276 -0.412060 -0.001414 0.771732 
17.092225 -0.767887 -0.178418 -0.000902 -0.600568 2.079623 -0.946287 -0.412016 -0.001404 0.771717 
17.092277 -0.767939 -0.178485 -0.000795 -0.600563 2.079584 -0.946301 -0.411850 -0.001352 0.771637 
17.092306 -0.767913 -0.178433 -0.000766 -0.600516 2.079573 -0.946332 -0.411885 -0.001367 0.771566 
17.092254 -0.767904 -0.178524 -0.000774 -0.600643 2.079639 -0.946283 -0.411861 -0.001142 0.771682 
17.092334 -0.767794 -0.178572 -0.000674 -0.600767 2.079705 -0.946245 -0.411849 -0.001146 0.771767 
17.092253 -0.767914 -0.178546 -0.000739 -0.600567 2.079671 -0.946206 -0.411877 -0.001138 0.771695 
17.092295 -0.768094 -0.178608 -0.000729 -0.600599 2.079743 -0.946216 -0.411958 -0.001048 0.771718 
17.092222 -0.768070 -0.178732 -0.000776 -0.600662 2.079795 -0.946145 -0.411992 -0.001051 0.771566 
17.092261 -0.768091 -0.178675 -0.000799 -0.600701 2.079768 -0.946066 -0.411984 -0.001040 0.771546 
17.092248 -0.768119 -0.178708 -0.000896 -0.600691 2.079791 -0.945954 -0.411939 -0.000860 0.771565 
17.092099 -0.768192 -0.178652 -0.000850 -0.600742 2.079829 -0.945856 -0.411905 -0.000752 0.771574 
17.092063 -0.768208 -0.178731 -0.000820 -0.600761 2.079654 -0.945782 -0.411981 -0.000663 0.771605 
17.092062 -0.768210 -0.178726 -0.000799 -0.600749 2.079610 -0.945696 -0.412054 -0.000461 0.771545 
17.092064 -0.768201 -0.178711 -0.000776 -0.600735 2.079573 -0.945621 -0.412138 -0.000259 0.771483 
17.092068 -0.768186 -0.178686 -0.000752 -0.600720 2.079547 -0.945552 -0.412226 -0.000059 0.771415 
17.092058 -0.768197 -0.178707 -0.000728 -0.600716 2.079464 -0.945458 -0.412299 0.000130 0.771376 
17.092089 -0.768202 -0.178771 -0.000720 -0.600700 2.079341 -0.945375 -0.412372 0.000291 0.771344 
17.092079 -0.768198 -0.178754 -0.000693 -0.600691 2.079302 -0.945295 -0.412454 0.000492 0.771286 
17.092070 -0.768215 -0.178794 -0.000671 -0.600690 2.079198 -0.945198 -0.412522 0.000669 0.771257 
17.092045 -0.768212 -0.178760 -0.000640 -0.600685 2.079178 -0.945119 -0.412600 0.000871 0.771199 
17.092019 -0.768208 -0.178722 -0.000608 -0.600680 2.079164 -0.945042 -0.412679 0.001072 0.771138 
17.092011 -0.768220 -0.178748 -0.000585 -0.600677 2.079075 -0.944948 -0.412752 0.001258 0.771101 
17.091972 -0.768220 -0.178706 -0.000551 -0.600677 2.079064 -0.944868 -0.412826 0.001458 0.771045 
17.091946 -0.768229 -0.178700 -0.000521 -0.600676 2.079010 -0.944776 -0.412900 0.001656 0.771000 
17.091889 -0.768227 -0.178626 -0.000481 -0.600681 2.079041 -0.944708 -0.412965 0.001845 0.770942 
17.091840 -0.768287 -0.178662 -0.000359 -0.600712 2.078893 -0.944635 -0.413026 0.001909 0.770905 
17.091725 -0.768227 -0.178765 -0.000406 -0.600671 2.078881 -0.944683 -0.413080 0.002011 0.771016 
17.091771 -0.768261 -0.178689 -0.000466 -0.600649 2.078807 -0.944621 -0.413037 0.002120 0.771168 
17.091706 -0.768123 -0.178692 -0.000540 -0.600637 2.078735 -0.944504 -0.412940 0.002153 0.771129 
17.091696 -0.768111 -0.178662 -0.000595 -0.600696 2.078715 -0.944491 -0.413015 0.002121 0.771136 
17.091699 -0.768141 -0.178678 -0.000657 -0.600844 2.078668 -0.944604 -0.412938 0.002221 0.771096 
17.091737 -0.768088 -0.178704 -0.000607 -0.600908 2.078700 -0.944578 -0.412935 0.002228 0.771137 
17.091702 -0.768241 -0.178771 -0.000785 -0.600898 2.078705 -0.944500 -0.412963 0.002311 0.771117 
17.091803 -0.768183 -0.178774 -0.000874 -0.600893 2.078620 -0.944531 -0.413057 0.002456 0.771125 
17.091801 -0.768160 -0.178727 -0.000974 -0.600949 2.078548 -0.944549 -0.413125 0.002624 0.771199 
17.091765 -0.768020 -0.178807 -0.001062 -0.600972 2.078511 -0.944512 -0.413143 0.002678 0.771064 
17.091825 -0.767982 -0.178938 -0.001164 -0.600990 2.078360 -0.944531 -0.413138 0.002639 0.771106 
17.091756 -0.768057 -0.178811 -0.000996 -0.600992 2.078441 -0.944470 -0.413165 0.002696 0.771032 
17.091889 -0.768047 -0.178718 -0.001065 -0.601043 2.078425 -0.944392 -0.413153 0.002752 0.770906 
17.091885 -0.768058 -0.178708 -0.001081 -0.601096 2.078439 -0.944418 -0.413240 0.002699 0.770888 
17.091911 -0.768047 -0.178824 -0.001031 -0.601003 2.078452 -0.944452 -0.413203 0.002927 0.770818 
17.091915 -0.767980 -0.178865 -0.001028 -0.600873 2.078459 -0.944346 -0.413329 0.003024 0.770811 
17.091851 -0.768002 -0.178793 -0.001072 -0.600741 2.078366 -0.944449 -0.413342 0.003046 0.770709 
17.091953 -0.767899 -0.178835 -0.000968 -0.600876 2.078439 -0.944387 -0.413337 0.003018 0.770822 
17.091912 -0.767810 -0.178908 -0.000918 -0.600924 2.078441 -0.944397 -0.413339 0.003206 0.770755 
17.091916 -0.767730 -0.179031 -0.000831 -0.600917 2.078473 -0.944396 -0.413322 0.003310 0.770620 
17.091940 -0.767742 -0.179020 -0.000809 -0.600954 2.078447 -0.944440 -0.413369 0.003528 0.770689 
17.091846 -0.767614 -0.178985 -0.000829 -0.600957 2.078406 -0.944337 -0.413429 0.003652 0.770725 
17.091807 -0.767593 -0.178993 -0.000859 -0.601073 2.078429 -0.944397 -0.413620 0.003656 0.770671 
17.091780 -0.767600 -0.178929 -0.000829 -0.601058 2.078523 -0.944401 -0.413615 0.003670 0.770661 
17.091834 -0.767478 -0.179033 -0.001017 -0.601050 2.078511 -0.944476 -0.413584 0.003706 0.770715 
17.091768 -0.767480 -0.179086 -0.000981 -0.601017 2.078520 -0.944513 -0.413598 0.003690 0.770774 
17.091653 -0.767422 -0.179066 -0.000971 -0.601146 2.078469 -0.944560 -0.413515 0.003807 0.770795 
17.091685 -0.767270 -0.179027 -0.000893 -0.601139 2.078422 -0.944595 -0.413575 0.003931 0.770869 
17.091663 -0.767241 -0.179093 -0.000899 -0.601193 2.078454 -0.944502 -0.413619 0.004107 0.770959 
17.091584 -0.767226 -0.179103 -0.000942 -0.601139 2.078408 -0.944494 -0.413676 0.004314 0.770966 
17.091520 -0.767235 -0.179035 -0.001020 -0.601133 2.078355 -0.944475 -0.413744 0.004460 0.771091 
17.091436 -0.767194 -0.179031 -0.001068 -0.601113 2.078314 -0.944441 -0.413807 0.004655 0.771149 
17.091376 -0.767151 -0.179037 -0.001108 -0.601142 2.078303 -0.944372 -0.413867 0.004831 0.771258 
17.091316 -0.767104 -0.179038 -0.001146 -0.601166 2.078286 -0.944309 -0.413929 0.005010 0.771365 
17.091228 -0.767066 -0.179035 -0.001196 -0.601138 2.078243 -0.944280 -0.413990 0.005206 0.771411 
17.091198 -0.766988 -0.178954 -0.001213 -0.601132 2.078177 -0.944288 -0.414065 0.005345 0.771540 
17.091232 -0.767107 -0.178995 -0.001233 -0.601172 2.078193 -0.944341 -0.414083 0.005524 0.771613 
17.091086 -0.767131 -0.178977 -0.001314 -0.601285 2.078163 -0.944331 -0.414029 0.005628 0.771671 
17.090969 -0.767163 -0.179083 -0.001298 -0.601197 2.078196 -0.944361 -0.414101 0.005616 0.771806 
17.090960 -0.767153 -0.179088 -0.001328 -0.601250 2.078217 -0.944396 -0.414190 0.005600 0.771773 
17.091030 -0.767121 -0.179094 -0.001486 -0.601132 2.078263 -0.944331 -0.414082 0.005693 0.771860 
17.090996 -0.767158 -0.179146 -0.001327 -0.601212 2.078103 -0.944357 -0.414105 0.005598 0.771815 
17.090979 -0.767264 -0.179102 -0.001273 -0.601214 2.078035 -0.944207 -0.414201 0.005682 0.771824 
17.090963 -0.767178 -0.179186 -0.001143 -0.601263 2.078022 -0.944204 -0.414200 0.005841 0.771818 
17.090910 -0.767159 -0.179204 -0.001047 -0.601238 2.077937 -0.944284 -0.414205 0.006016 0.771772 
17.090930 -0.767117 -0.179236 -0.000902 -0.601340 2.077913 -0.944296 -0.414203 0.006141 0.771865 
17.090883 -0.767185 -0.179390 -0.000857 -0.601371 2.077960 -0.944251 -0.414149 0.006213 0.771748 
17.090795 -0.767163 -0.179368 -0.000895 -0.601422 2.077939 -0.944230 -0.414115 0.006218 0.771759 
17.090746 -0.766997 -0.179394 -0.000806 -0.601347 2.077903 -0.944143 -0.414162 0.006235 0.771696 
17.090694 -0.767009 -0.179447 -0.000815 -0.601299 2.077925 -0.944155 -0.414197 0.006236 0.771766 
17.090818 -0.766940 -0.179398 -0.000941 -0.601329 2.077936 -0.944100 -0.414159 0.006408 0.771703 
17.090802 -0.766912 -0.179413 -0.000986 -0.601441 2.077969 -0.944163 -0.414343 0.006428 0.771634 
17.090831 -0.766900 -0.179479 -0.001019 -0.601455 2.077881 -0.944170 -0.414340 0.006404 0.771641 
17.090846 -0.766766 -0.179529 -0.001052 -0.601473 2.077959 -0.944327 -0.414262 0.006417 0.771612 
17.090800 -0.766927 -0.179452 -0.001010 -0.601412 2.077825 -0.944230 -0.414343 0.006457 0.771611 
17.090833 -0.766927 -0.179445 -0.001088 -0.601459 2.077775 -0.944224 -0.414437 0.006645 0.771555 
17.090864 -0.766840 -0.179470 -0.001169 -0.601501 2.077783 -0.944335 -0.414456 0.006803 0.771489 
17.090873 -0.766827 -0.179468 -0.001340 -0.601461 2.077781 -0.944351 -0.414516 0.006881 0.771352 
17.090935 -0.766728 -0.179338 -0.001403 -0.601468 2.077719 -0.944412 -0.414604 0.006935 0.771435 
17.090872 -0.766723 -0.179441 -0.001451 -0.601437 2.077739 -0.944463 -0.414702 0.007078 0.771528 
17.090885 -0.766646 -0.179457 -0.001424 -0.601513 2.077681 -0.944499 -0.414777 0.007251 0.771447 
17.090892 -0.766576 -0.179470 -0.001412 -0.601577 2.077618 -0.944524 -0.414868 0.007424 0.771361 
17.090878 -0.766529 -0.179493 -0.001442 -0.601602 2.077557 -0.944532 -0.414999 0.007597 0.771294 
17.090872 -0.766375 -0.179540 -0.001432 -0.601631 2.077576 -0.944680 -0.414986 0.007673 0.771226 
17.090754 -0.766381 -0.179501 -0.001495 -0.601798 2.077534 -0.944700 -0.414921 0.007746 0.771250 
17.090764 -0.766432 -0.179505 -0.001491 -0.601849 2.077551 -0.944759 -0.414983 0.007705 0.771236 
17.090897 -0.766407 -0.179521 -0.001460 -0.601836 2.077523 -0.944748 -0.414875 0.007922 0.771260 
17.090944 -0.766308 -0.179412 -0.001394 -0.601855 2.077446 -0.944790 -0.414944 0.007952 0.771392 
17.090980 -0.766288 -0.179483 -0.001428 -0.601880 2.077376 -0.944781 -0.414940 0.007916 0.771408 
17.091050 -0.766195 -0.179516 -0.001451 -0.601989 2.077514 -0.944677 -0.414983 0.007942 0.771427 
17.091003 -0.766207 -0.179584 -0.001376 -0.601994 2.077522 -0.944671 -0.414992 0.007958 0.771469 
17.091146 -0.766136 -0.179519 -0.001405 -0.602060 2.077442 -0.944667 -0.414967 0.008063 0.771287 
17.091229 -0.766094 -0.179572 -0.001511 -0.602053 2.077437 -0.944734 -0.414979 0.008242 0.771284 
17.091365 -0.766036 -0.179600 -0.001542 -0.602096 2.077461 -0.944829 -0.414856 0.008340 0.771285 
17.091475 -0.766120 -0.179591 -0.001607 -0.602121 2.077405 -0.944747 -0.414884 0.008495 0.771303 
17.091426 -0.766023 -0.179579 -0.001699 -0.602112 2.077337 -0.944646 -0.414814 0.008635 0.771306 
17.091537 -0.765947 -0.179613 -0.001724 -0.601966 2.077314 -0.944563 -0.414835 0.008735 0.771277 
17.091551 -0.765911 -0.179617 -0.001844 -0.602041 2.077249 -0.944545 -0.414869 0.008912 0.771246 
17.091640 -0.765900 -0.179583 -0.001882 -0.602108 2.077198 -0.944468 -0.414726 0.009034 0.771267 
17.091644 -0.765735 -0.179624 -0.001939 -0.602117 2.077219 -0.944573 -0.414629 0.009109 0.771237 
17.091587 -0.765744 -0.179766 -0.001824 -0.602134 2.077210 -0.944562 -0.414621 0.009242 0.771303 
17.091549 -0.765838 -0.179885 -0.001894 -0.602120 2.077281 -0.944519 -0.414545 0.009253 0.771171 
17.091579 -0.765732 -0.179719 -0.001803 -0.602146 2.077309 -0.944539 -0.414637 0.009280 0.771296 
17.091517 -0.765792 -0.179627 -0.001747 -0.602057 2.077273 -0.944623 -0.414598 0.009429 0.771279 
17.091484 -0.765784 -0.179648 -0.001793 -0.602031 2.077331 -0.944622 -0.414594 0.009575 0.771454 
17.091435 -0.765687 -0.179645 -0.001679 -0.602081 2.077308 -0.944566 -0.414604 0.009744 0.771449 
17.091523 -0.765669 -0.179671 -0.001566 -0.602150 2.077328 -0.944614 -0.414642 0.009915 0.771447 
17.091601 -0.765591 -0.179698 -0.001417 -0.602051 2.077359 -0.944565 -0.414598 0.010009 0.771468 
17.091536 -0.765695 -0.179643 -0.001547 -0.602206 2.077325 -0.944600 -0.414549 0.009905 0.771475 
17.091418 -0.765630 -0.179699 -0.001503 -0.602242 2.077346 -0.944703 -0.414754 0.010029 0.771440 
17.091437 -0.765762 -0.179666 -0.001471 -0.602258 2.077292 -0.944569 -0.414873 0.010091 0.771458 
17.091464 -0.765718 -0.179588 -0.001458 -0.602261 2.077261 -0.944590 -0.414909 0.010064 0.771507 
17.091500 -0.765709 -0.179626 -0.001600 -0.602285 2.077262 -0.944531 -0.414887 0.010243 0.771368 
17.091586 -0.765785 -0.179657 -0.001704 -0.602257 2.077336 -0.944595 -0.414936 0.010360 0.771458 
17.091607 -0.765782 -0.179772 -0.001724 -0.602251 2.077134 -0.944633 -0.414924 0.010398 0.771500 
17.091626 -0.765731 -0.179825 -0.001742 -0.602303 2.077160 -0.944578 -0.414945 0.010374 0.771539 
17.091756 -0.765815 -0.179810 -0.001726 -0.602308 2.077121 -0.944668 -0.415014 0.010431 0.771356 
17.091732 -0.765787 -0.179832 -0.001752 -0.602227 2.077123 -0.944662 -0.415082 0.010409 0.771334 
17.091687 -0.765777 -0.179827 -0.001878 -0.602185 2.077089 -0.944586 -0.415151 0.010572 0.771292 
17.091706 -0.765881 -0.179898 -0.001953 -0.602112 2.077141 -0.944627 -0.415254 0.010667 0.771383 
17.091655 -0.765807 -0.179799 -0.001950 -0.602233 2.077068 -0.944613 -0.415176 0.010519 0.771291 
17.091780 -0.765654 -0.179707 -0.001831 -0.602135 2.077037 -0.944582 -0.415222 0.010639 0.771358 
17.091906 -0.765675 -0.179696 -0.001895 -0.602014 2.077017 -0.944461 -0.415129 0.010615 0.771342 
17.091795 -0.765595 -0.179721 -0.001884 -0.602127 2.077070 -0.944650 -0.415176 0.010653 0.771350 
17.091725 -0.765552 -0.179770 -0.001708 -0.602088 2.077030 -0.944549 -0.415254 0.010773 0.771289 
17.091645 -0.765428 -0.179778 -0.001643 -0.602065 2.076971 -0.944525 -0.415345 0.010891 0.771209 
17.091647 -0.765435 -0.179857 -0.001574 -0.601988 2.077023 -0.944551 -0.415442 0.011052 0.771271 
17.091721 -0.765450 -0.179843 -0.001512 -0.602120 2.077015 -0.944536 -0.415405 0.011222 0.771224 
17.091700 -0.765431 -0.179738 -0.001481 -0.602121 2.077207 -0.944481 -0.415443 0.011259 0.771157 
17.091728 -0.765382 -0.179795 -0.001501 -0.602171 2.077231 -0.944428 -0.415476 0.011236 0.771184 
17.091586 -0.765388 -0.179699 -0.001433 -0.602137 2.077208 -0.944422 -0.415342 0.011381 0.771268 
17.091641 -0.765339 -0.179649 -0.001372 -0.602129 2.077197 -0.944445 -0.415350 0.011356 0.771310 
17.091515 -0.765444 -0.179793 -0.001367 -0.602153 2.077231 -0.944422 -0.415323 0.011524 0.771139 
17.091445 -0.765560 -0.179724 -0.001370 -0.602235 2.077176 -0.944384 -0.415469 0.011579 0.771166 
17.091519 -0.765591 -0.179687 -0.001440 -0.602133 2.077124 -0.944243 -0.415471 0.011689 0.771127 
17.091519 -0.765555 -0.179647 -0.001600 -0.602141 2.077129 -0.944310 -0.415500 0.011848 0.771104 
17.091588 -0.765720 -0.179652 -0.001669 -0.602141 2.077205 -0.944292 -0.415451 0.011954 0.771161 
17.091564 -0.765745 -0.179560 -0.001764 -0.602219 2.077147 -0.944204 -0.415374 0.012008 0.771040 
17.091565 -0.765708 -0.179603 -0.001663 -0.602120 2.077302 -0.944267 -0.415476 0.011944 0.771136 
17.091504 -0.765752 -0.179716 -0.001755 -0.602001 2.077129 -0.944267 -0.415513 0.012053 0.771183 
17.091551 -0.765675 -0.179836 -0.001802 -0.602091 2.077156 -0.944147 -0.415590 0.012117 0.771219 
17.091513 -0.765639 -0.179802 -0.001761 -0.602096 2.077153 -0.944126 -0.415544 0.012168 0.771284 
17.091603 -0.765604 -0.179753 -0.001685 -0.602072 2.077091 -0.944128 -0.415598 0.012353 0.771307 
17.091685 -0.765553 -0.179643 -0.001764 -0.602042 2.077023 -0.944093 -0.415641 0.012380 0.771458 
17.091734 -0.765505 -0.179668 -0.001778 -0.601981 2.077038 -0.944079 -0.415572 0.012379 0.771436 
