Start Optimization 
0.057670 -0.131602 -0.118416 -0.241790 -0.066372 0.114864 0.152351 0.119066 0.406033 0.681560 
1.057670 -0.131602 -0.118416 -0.241790 -0.066372 0.114864 0.152351 0.119066 0.406033 0.681560 
1.057670 0.868398 -0.118416 -0.241790 -0.066372 0.114864 0.152351 0.119066 0.406033 0.681560 
1.057670 -0.131602 0.881584 -0.241790 -0.066372 0.114864 0.152351 0.119066 0.406033 0.681560 
1.057670 -0.131602 -0.118416 0.758210 -0.066372 0.114864 0.152351 0.119066 0.406033 0.681560 
1.057670 -0.131602 -0.118416 -0.241790 0.933628 0.114864 0.152351 0.119066 0.406033 0.681560 
1.057670 -0.131602 -0.118416 -0.241790 -0.066372 1.114864 0.152351 0.119066 0.406033 0.681560 
1.057670 -0.131602 -0.118416 -0.241790 -0.066372 0.114864 1.152351 0.119066 0.406033 0.681560 
1.057670 -0.131602 -0.118416 -0.241790 -0.066372 0.114864 1.152351 1.119066 0.406033 0.681560 
1.057670 -0.131602 -0.118416 -0.241790 -0.066372 0.114864 1.152351 0.119066 1.406033 0.681560 
1.057670 -0.131602 -0.118416 -0.241790 -0.066372 0.114864 1.152351 0.119066 0.406033 1.681560 
1.057842 -0.365783 -0.308894 -1.194352 -0.099370 0.110852 1.154090 0.100577 0.398812 0.681005 
1.057724 -0.205140 -0.178231 0.248991 -0.076734 0.113604 1.152897 0.113260 0.403765 0.681386 
1.307670 -0.131418 -0.118416 -0.241790 -0.066372 0.114864 1.152351 0.119066 0.406033 0.681560 
1.307344 0.367269 -0.137769 -0.211445 -0.069725 0.114456 1.152528 0.117187 0.405299 0.681504 
1.307670 -0.131418 -0.075742 -0.241790 -0.312703 0.114864 1.152351 0.119066 0.406033 0.681560 
1.307701 -0.124532 0.373402 -0.215436 0.019474 0.114510 1.152504 0.117435 0.405396 0.681511 
1.307670 -0.131586 -0.118553 -0.242474 -0.066396 -0.135135 1.152351 0.119066 0.406033 0.681560 
1.308111 -0.230501 -0.367527 -0.661819 -0.102926 0.121141 1.153926 0.102314 0.399490 0.681057 
1.307805 -0.179829 -0.203402 -0.012134 -0.079308 0.115648 1.152777 0.114532 0.404262 0.681424 
1.307669 -0.129702 -0.118483 -0.241686 -0.066384 0.114863 1.277339 0.119066 0.406033 0.681560 
1.307524 0.117180 -0.150198 -0.219198 -0.071219 0.115144 1.273997 0.117393 0.405380 0.681510 
1.307669 -0.130336 -0.118736 -0.244383 -0.066427 0.114871 1.277350 -0.005903 0.406033 0.681560 
1.307934 -0.172051 -0.281944 -0.424126 -0.090493 0.118619 1.278520 0.128445 0.401862 0.681239 
1.307669 -0.129661 -0.115555 -0.241529 -0.065876 0.114860 1.277340 0.119056 0.281068 0.681560 
1.307902 -0.132723 0.126343 -0.259216 -0.019820 0.117868 1.278059 0.123765 0.412673 0.681244 
1.307669 -0.129777 -0.118615 -0.241327 -0.066406 0.114862 1.277340 0.119059 0.406030 0.556561 
1.307892 -0.188430 -0.183364 -0.007238 -0.074390 0.116707 1.278326 0.118193 0.405332 0.557135 
1.307596 -0.031541 -0.136027 -0.221630 -0.069423 0.114752 1.312924 0.155139 0.442630 0.593530 
1.307672 0.018773 -0.113511 -0.251955 -0.063501 0.116294 1.175151 0.020426 0.306126 0.455905 
1.307771 -0.119432 0.002331 -0.252498 -0.043488 0.116282 1.283755 0.127508 0.415527 0.562497 
1.370169 -0.129747 -0.118678 -0.241397 -0.066417 0.114862 1.277353 0.119073 0.406041 0.556573 
1.370161 -0.129235 -0.157166 -0.359289 -0.068692 0.118480 1.282819 0.131631 0.410601 0.560836 
1.370171 -0.130378 -0.130026 -0.238882 -0.005011 0.114856 1.277371 0.119036 0.406040 0.556594 
1.370453 -0.149542 -0.123355 -0.119576 -0.078237 0.117256 1.269719 0.112514 0.398413 0.548452 
1.370175 -0.129049 -0.110936 -0.241914 -0.064952 0.176845 1.277910 0.119630 0.406788 0.557123 
1.370343 -0.118956 0.010196 -0.238447 -0.044612 0.160914 1.283360 0.126086 0.415307 0.562280 
1.370170 -0.166417 -0.113008 -0.241984 -0.065716 0.176570 1.303277 0.144687 0.431583 0.581999 
1.370654 -0.104018 -0.157541 -0.335516 -0.095365 0.183604 1.247561 0.108454 0.376232 0.523739 
1.370316 -0.135419 -0.116226 -0.181704 -0.071446 0.178513 1.271338 0.113716 0.400201 0.550345 
1.370720 -0.130897 -0.145257 -0.154886 -0.094047 0.183806 1.248676 0.101171 0.377419 0.525956 
1.370324 -0.134691 -0.108254 -0.180871 -0.069978 0.177490 1.263010 0.140244 0.392069 0.542015 
1.370489 -0.128625 -0.050218 -0.165463 -0.063534 0.170224 1.264843 0.127902 0.395494 0.543448 
1.370498 -0.078433 -0.055006 -0.150093 -0.065952 0.169803 1.281118 0.144836 0.412436 0.560275 
1.370489 -0.128839 -0.051253 -0.165374 -0.061300 0.170224 1.252124 0.127902 0.420928 0.530728 
1.370553 -0.134156 -0.055472 -0.157244 -0.002794 0.169764 1.262742 0.124164 0.387314 0.541083 
1.370489 -0.129077 -0.050294 -0.165383 -0.063556 0.170218 1.287425 0.128398 0.395986 0.521862 
1.370616 -0.178324 -0.038697 -0.153292 -0.069924 0.168953 1.303002 0.146281 0.412597 0.539744 
1.401866 -0.178294 -0.038761 -0.153377 -0.069951 0.168958 1.302987 0.146279 0.412581 0.539726 
1.370599 -0.204342 -0.019769 -0.144309 -0.091954 0.168491 1.278046 0.128713 0.387363 0.512604 
1.370619 -0.177962 -0.034816 -0.153667 -0.069178 0.199941 1.303294 0.146571 0.412984 0.540032 
1.370503 -0.186158 -0.015793 -0.210542 -0.066670 0.164588 1.305028 0.147669 0.414548 0.541541 
1.370702 -0.156433 -0.036911 -0.098637 -0.085691 0.167823 1.307445 0.157686 0.416943 0.543988 
1.370650 -0.186777 -0.041508 -0.147107 -0.041799 0.168841 1.299987 0.142650 0.406664 0.536507 
1.370634 -0.177879 -0.034887 -0.151709 -0.069760 0.168487 1.306949 0.132886 0.416658 0.543640 
1.370566 -0.187649 -0.062001 -0.155792 -0.076222 0.172018 1.307456 0.124258 0.416430 0.544201 
1.370566 -0.187223 -0.061580 -0.155737 -0.077273 0.172022 1.313924 0.124352 0.403822 0.550673 
1.370594 -0.179772 -0.069366 -0.127597 -0.084359 0.172510 1.316030 0.126661 0.405915 0.552665 
1.370565 -0.187391 -0.061614 -0.155822 -0.077240 0.172014 1.325246 0.124618 0.404100 0.539914 
1.370481 -0.193962 -0.056841 -0.185565 -0.075723 0.170154 1.315850 0.122744 0.404877 0.553050 
1.370559 -0.181321 -0.065773 -0.158903 -0.071786 0.172060 1.320302 0.128907 0.410286 0.557627 
1.370483 -0.196527 -0.055019 -0.184484 -0.078039 0.170122 1.313159 0.120796 0.402142 0.550119 
1.370597 -0.199617 -0.058445 -0.153260 -0.078854 0.171670 1.317802 0.128811 0.407962 0.555131 
1.370509 -0.207022 -0.052352 -0.182481 -0.079376 0.169819 1.316432 0.124551 0.405633 0.553882 
1.370586 -0.195924 -0.057837 -0.152215 -0.081431 0.171857 1.310284 0.124286 0.396269 0.558064 
1.370576 -0.190496 -0.065751 -0.125507 -0.093942 0.171372 1.312843 0.125103 0.398864 0.558714 
1.370601 -0.200430 -0.059670 -0.149030 -0.067595 0.171803 1.308781 0.122180 0.393208 0.556384 
1.362777 -0.195929 -0.057794 -0.152197 -0.081419 0.172066 1.310289 0.124288 0.396276 0.558071 
1.363200 -0.195823 -0.055964 -0.152359 -0.081092 0.187570 1.310435 0.124357 0.396442 0.558197 
1.362762 -0.197040 -0.062075 -0.153311 -0.082093 0.172609 1.308500 0.129723 0.394365 0.556310 
1.362803 -0.191592 -0.046444 -0.150753 -0.078491 0.170640 1.308639 0.133020 0.394875 0.556373 
1.362736 -0.199439 -0.053982 -0.166487 -0.081510 0.171431 1.309750 0.120970 0.395140 0.557805 
1.362698 -0.199669 -0.053010 -0.165738 -0.087327 0.171167 1.311175 0.116257 0.396050 0.558513 
1.362669 -0.195395 -0.054544 -0.167433 -0.088113 0.171087 1.313508 0.114762 0.396871 0.563858 
1.362651 -0.192527 -0.055307 -0.168153 -0.088597 0.171097 1.308376 0.112601 0.401367 0.563358 
1.362600 -0.190752 -0.056192 -0.168218 -0.088871 0.170824 1.307801 0.105931 0.403585 0.566043 
1.362547 -0.187132 -0.054384 -0.168470 -0.090679 0.170202 1.307020 0.100876 0.406183 0.568877 
1.362481 -0.185185 -0.057541 -0.169601 -0.093577 0.170204 1.305900 0.095830 0.408308 0.571400 
1.362444 -0.182992 -0.056483 -0.172396 -0.088580 0.169665 1.304379 0.092342 0.409235 0.573988 
1.362486 -0.187392 -0.056960 -0.169146 -0.093861 0.170142 1.304560 0.096576 0.408978 0.574038 
1.362470 -0.187957 -0.054858 -0.168591 -0.095916 0.169901 1.304899 0.091119 0.408977 0.567410 
1.362367 -0.188201 -0.055338 -0.168613 -0.095843 0.166125 1.305308 0.091369 0.409627 0.567206 
1.362519 -0.188777 -0.054870 -0.168829 -0.095472 0.171557 1.309110 0.091495 0.415236 0.566857 
1.358565 -0.187961 -0.054843 -0.168552 -0.095897 0.170007 1.304896 0.091138 0.408979 0.567402 
1.362530 -0.185395 -0.056020 -0.161439 -0.095557 0.169826 1.304540 0.089921 0.409495 0.567467 
1.362511 -0.185359 -0.055262 -0.159526 -0.097190 0.169397 1.309958 0.087307 0.406166 0.570049 
1.362522 -0.183293 -0.053415 -0.161637 -0.097143 0.169438 1.304255 0.090662 0.410175 0.567978 
1.362543 -0.179781 -0.056551 -0.157612 -0.101070 0.169539 1.302684 0.090174 0.410633 0.565901 
1.362521 -0.182108 -0.052228 -0.161549 -0.094387 0.169112 1.303755 0.088682 0.410548 0.568632 
1.362530 -0.181586 -0.051935 -0.161538 -0.093808 0.169135 1.304446 0.089219 0.409948 0.567219 
1.362559 -0.184080 -0.050356 -0.159509 -0.093547 0.169001 1.303278 0.090173 0.410445 0.569358 
1.362528 -0.182752 -0.051740 -0.161405 -0.094739 0.169335 1.304281 0.087886 0.411724 0.567810 
1.362552 -0.181901 -0.052677 -0.161429 -0.093761 0.170034 1.306209 0.089386 0.413893 0.569052 
1.362601 -0.182635 -0.051498 -0.161407 -0.094777 0.171222 1.304078 0.087763 0.411398 0.567912 
1.366251 -0.182967 -0.051180 -0.162667 -0.094895 0.171048 1.304199 0.087516 0.411370 0.568043 
1.365619 -0.183673 -0.050588 -0.164155 -0.094637 0.171045 1.304555 0.087707 0.411169 0.568326 
1.367001 -0.181663 -0.051868 -0.163383 -0.096841 0.170930 1.303187 0.085020 0.412156 0.567468 
1.368551 -0.181783 -0.051058 -0.162471 -0.098661 0.170681 1.301488 0.083012 0.413168 0.567260 
1.369579 -0.180146 -0.052261 -0.162805 -0.099297 0.171224 1.302385 0.082487 0.415920 0.568039 
1.370081 -0.181561 -0.054880 -0.163203 -0.098189 0.171623 1.301029 0.081439 0.416520 0.566896 
1.370075 -0.182177 -0.055360 -0.162773 -0.098395 0.171601 1.301920 0.080512 0.415939 0.567890 
1.371218 -0.180772 -0.055712 -0.162709 -0.099003 0.171578 1.303255 0.078653 0.415193 0.565505 
1.370074 -0.181492 -0.054850 -0.162752 -0.096979 0.171405 1.301591 0.079659 0.415940 0.568341 
1.370991 -0.180561 -0.057009 -0.163351 -0.099723 0.171198 1.300168 0.080587 0.414567 0.569257 
1.370056 -0.182052 -0.055126 -0.162743 -0.098429 0.173491 1.301713 0.080395 0.415614 0.567988 
1.366991 -0.181520 -0.055635 -0.161617 -0.099414 0.173613 1.301206 0.079175 0.416670 0.567536 
1.369663 -0.182345 -0.054752 -0.164455 -0.098788 0.173450 1.301748 0.079796 0.415662 0.568089 
1.370732 -0.184053 -0.053585 -0.166886 -0.099423 0.173837 1.302192 0.078602 0.416966 0.568309 
1.369198 -0.183209 -0.055508 -0.164475 -0.098926 0.172817 1.302932 0.080369 0.415733 0.568445 
1.368698 -0.180457 -0.055561 -0.166358 -0.097063 0.174671 1.302497 0.080516 0.414830 0.567585 
1.369196 -0.183159 -0.054277 -0.164467 -0.098688 0.173127 1.301259 0.079756 0.414228 0.567546 
1.369495 -0.182104 -0.053994 -0.164319 -0.098909 0.173442 1.302217 0.079983 0.415633 0.568156 
1.369666 -0.181364 -0.054197 -0.164633 -0.100034 0.172919 1.301820 0.080111 0.414958 0.569121 
1.369910 -0.181133 -0.054381 -0.164585 -0.100322 0.172762 1.302235 0.079685 0.414784 0.568561 
1.368410 -0.180867 -0.054505 -0.164285 -0.100966 0.172745 1.301907 0.078932 0.415302 0.568387 
1.368768 -0.181398 -0.054215 -0.164026 -0.101358 0.172535 1.301761 0.078681 0.415616 0.568498 
1.368825 -0.181465 -0.053713 -0.165117 -0.102275 0.172662 1.301764 0.077561 0.416107 0.568396 
1.368982 -0.181542 -0.053700 -0.164530 -0.103532 0.173812 1.301826 0.076835 0.416042 0.568461 
1.369095 -0.181362 -0.053523 -0.163985 -0.103611 0.173837 1.302033 0.075156 0.415924 0.569208 
1.369304 -0.181100 -0.053245 -0.163428 -0.104824 0.174049 1.301880 0.073865 0.416250 0.569191 
1.368954 -0.180641 -0.053247 -0.164354 -0.105278 0.175041 1.302274 0.072772 0.416006 0.569347 
1.368587 -0.181429 -0.053712 -0.164300 -0.106244 0.175004 1.303370 0.072159 0.416073 0.569915 
1.368153 -0.182246 -0.053179 -0.164271 -0.106644 0.174976 1.302986 0.071498 0.414729 0.569564 
1.368338 -0.182371 -0.053937 -0.164446 -0.106688 0.174909 1.302480 0.071336 0.414660 0.569638 
1.368378 -0.183169 -0.054285 -0.164223 -0.106230 0.175752 1.302624 0.070318 0.415449 0.569003 
1.368161 -0.183658 -0.054251 -0.164247 -0.106618 0.176664 1.302050 0.069642 0.416085 0.570167 
1.369641 -0.183930 -0.054451 -0.164430 -0.106988 0.177275 1.302526 0.068830 0.415952 0.570415 
1.369160 -0.183468 -0.055450 -0.163639 -0.107321 0.178062 1.302780 0.067859 0.415877 0.570482 
1.368743 -0.183275 -0.056113 -0.163755 -0.107682 0.178039 1.302939 0.066222 0.416436 0.570519 
1.368474 -0.183394 -0.056748 -0.163875 -0.108971 0.179021 1.302892 0.066158 0.416892 0.569834 
1.367915 -0.183733 -0.057819 -0.164125 -0.108506 0.179978 1.303502 0.065523 0.416660 0.570299 
1.368443 -0.183944 -0.056964 -0.163480 -0.109241 0.178608 1.303245 0.066308 0.417021 0.570036 
1.368882 -0.183704 -0.057046 -0.162124 -0.109470 0.178732 1.302376 0.065499 0.417463 0.569822 
1.368242 -0.184362 -0.056689 -0.163480 -0.109435 0.178582 1.303050 0.065989 0.416349 0.569856 
1.369346 -0.185040 -0.056307 -0.164574 -0.109941 0.178431 1.303251 0.065321 0.416504 0.569796 
1.369188 -0.185144 -0.055712 -0.164354 -0.109776 0.178723 1.303751 0.065190 0.416782 0.569555 
1.368838 -0.184310 -0.055048 -0.164363 -0.110904 0.178694 1.304408 0.064943 0.416287 0.570294 
1.369171 -0.184017 -0.055331 -0.164217 -0.110861 0.178536 1.304864 0.064895 0.415914 0.569766 
1.368005 -0.184039 -0.054980 -0.164808 -0.111145 0.177711 1.305083 0.064568 0.416083 0.568748 
1.369431 -0.183980 -0.054893 -0.164120 -0.111130 0.178391 1.304608 0.065563 0.415909 0.569485 
1.369024 -0.184722 -0.055308 -0.164297 -0.110787 0.179820 1.305676 0.064910 0.414940 0.569930 
1.369150 -0.184016 -0.055616 -0.163983 -0.111453 0.178977 1.304662 0.064698 0.416200 0.569432 
1.369574 -0.183961 -0.055242 -0.162764 -0.111611 0.179091 1.304279 0.063350 0.416188 0.569382 
1.369883 -0.184282 -0.055756 -0.161826 -0.112206 0.178928 1.305183 0.063136 0.417230 0.569762 
1.370157 -0.184189 -0.055057 -0.163361 -0.111812 0.179067 1.304362 0.063033 0.416329 0.569349 
1.370618 -0.182967 -0.054890 -0.163700 -0.111632 0.180081 1.304210 0.062359 0.416944 0.569122 
1.370515 -0.182525 -0.054817 -0.163796 -0.112240 0.179947 1.304318 0.062295 0.416592 0.569575 
1.371294 -0.183324 -0.055933 -0.163887 -0.111917 0.180106 1.303097 0.061577 0.416576 0.568925 
1.370525 -0.183611 -0.055505 -0.164263 -0.112416 0.179825 1.303151 0.060465 0.416725 0.567818 
1.370659 -0.184438 -0.055155 -0.164202 -0.112698 0.181199 1.303594 0.060084 0.415921 0.567645 
1.371059 -0.184149 -0.055282 -0.164032 -0.112743 0.181003 1.303944 0.060254 0.415567 0.567055 
1.371206 -0.184688 -0.054063 -0.163960 -0.113516 0.181224 1.302602 0.060392 0.416292 0.567084 
1.370881 -0.184411 -0.054757 -0.163789 -0.112324 0.180920 1.303563 0.059580 0.415699 0.567875 
1.371393 -0.184792 -0.054136 -0.164586 -0.111760 0.180447 1.303617 0.058262 0.415496 0.567623 
1.371241 -0.184645 -0.054926 -0.163576 -0.112675 0.180835 1.304013 0.059363 0.416235 0.568039 
1.370714 -0.184527 -0.055357 -0.161974 -0.112985 0.181092 1.303942 0.058718 0.416603 0.567808 
1.371878 -0.184697 -0.056374 -0.161641 -0.112953 0.181355 1.303101 0.058751 0.416289 0.568446 
1.370608 -0.185278 -0.055467 -0.161784 -0.112652 0.180799 1.303928 0.059014 0.416603 0.567595 
1.370136 -0.185600 -0.055378 -0.161589 -0.113855 0.179910 1.304188 0.059016 0.415741 0.568224 
1.370550 -0.185027 -0.055033 -0.161371 -0.112239 0.180865 1.303863 0.059360 0.416253 0.567922 
1.370799 -0.185785 -0.055570 -0.161806 -0.113319 0.180855 1.305129 0.059042 0.417872 0.567507 
1.370738 -0.186309 -0.055428 -0.162135 -0.113366 0.180302 1.305409 0.057509 0.418266 0.566789 
1.369564 -0.187078 -0.055810 -0.162766 -0.113419 0.181135 1.305463 0.056892 0.418539 0.567167 
1.368896 -0.186664 -0.056341 -0.163069 -0.113288 0.179994 1.305070 0.056821 0.419678 0.567385 
1.369629 -0.187316 -0.055267 -0.162737 -0.113764 0.181235 1.304862 0.056959 0.418860 0.567174 
1.369243 -0.187367 -0.056172 -0.163082 -0.114190 0.181365 1.305808 0.056663 0.418522 0.565561 
1.369550 -0.187057 -0.056201 -0.161977 -0.113553 0.181303 1.305268 0.056607 0.418645 0.567185 
1.370693 -0.187933 -0.057020 -0.162236 -0.113769 0.181354 1.305247 0.055732 0.418776 0.567599 
1.370925 -0.187786 -0.057061 -0.162322 -0.113154 0.181793 1.305116 0.055744 0.419202 0.567285 
1.370442 -0.188468 -0.056400 -0.161386 -0.113490 0.181441 1.306163 0.054588 0.419114 0.567702 
1.370548 -0.188792 -0.056636 -0.160926 -0.114042 0.182029 1.307219 0.055372 0.420025 0.568171 
1.370734 -0.187485 -0.056433 -0.161234 -0.114792 0.182645 1.307493 0.054517 0.420237 0.568546 
1.370114 -0.187750 -0.056634 -0.161514 -0.114729 0.183137 1.307333 0.054390 0.420167 0.568843 
1.369748 -0.187777 -0.056763 -0.160805 -0.115049 0.184212 1.307958 0.053335 0.420331 0.569451 
1.370199 -0.188443 -0.056378 -0.162099 -0.115058 0.184296 1.308798 0.052762 0.420579 0.569944 
1.369672 -0.188472 -0.056743 -0.162688 -0.115117 0.183550 1.309078 0.052052 0.421905 0.570340 
1.369839 -0.188371 -0.056476 -0.162529 -0.114799 0.183455 1.308809 0.052175 0.421967 0.571125 
1.369979 -0.189080 -0.055407 -0.162652 -0.115677 0.183867 1.308009 0.051977 0.422666 0.570965 
1.369697 -0.189188 -0.055312 -0.162590 -0.116273 0.183421 1.308149 0.052018 0.422232 0.571258 
1.369438 -0.188968 -0.054164 -0.163427 -0.115383 0.184348 1.309003 0.052016 0.422870 0.571086 
1.370096 -0.189094 -0.055684 -0.162657 -0.116013 0.184124 1.308270 0.052654 0.423012 0.571161 
1.371004 -0.189555 -0.056407 -0.163172 -0.116124 0.184029 1.307449 0.051284 0.422442 0.571406 
1.369440 -0.189699 -0.055627 -0.162771 -0.115391 0.184052 1.307798 0.052150 0.422545 0.571076 
1.370709 -0.190172 -0.055298 -0.161670 -0.115391 0.183230 1.308692 0.051894 0.422992 0.570747 
1.370954 -0.190251 -0.055180 -0.162203 -0.115233 0.182707 1.308498 0.052338 0.422945 0.570514 
1.370567 -0.189883 -0.055719 -0.160054 -0.115769 0.183110 1.308244 0.051516 0.423616 0.570568 
1.370742 -0.189995 -0.055251 -0.159277 -0.115957 0.183800 1.309384 0.050578 0.423981 0.570921 
1.370276 -0.190191 -0.055484 -0.159577 -0.115858 0.183500 1.309475 0.050326 0.424562 0.571134 
1.369303 -0.191504 -0.055878 -0.159065 -0.115392 0.184097 1.309212 0.050436 0.424395 0.571341 
1.369514 -0.191421 -0.055662 -0.158929 -0.115091 0.184006 1.308924 0.050529 0.424443 0.572144 
1.370188 -0.192026 -0.057061 -0.159417 -0.115903 0.184236 1.308872 0.049588 0.424252 0.571658 
1.370431 -0.191808 -0.057326 -0.159456 -0.115196 0.184590 1.308871 0.049582 0.424547 0.571407 
1.369793 -0.191566 -0.058100 -0.159063 -0.115613 0.183534 1.309813 0.049584 0.423455 0.572040 
1.370065 -0.192004 -0.056785 -0.159420 -0.115569 0.183984 1.308605 0.048912 0.423904 0.571463 
1.369221 -0.191541 -0.056738 -0.159897 -0.116390 0.184785 1.307817 0.048183 0.424309 0.571626 
1.369312 -0.192533 -0.056311 -0.160017 -0.117030 0.184325 1.307259 0.047534 0.425353 0.571202 
1.369328 -0.193351 -0.055676 -0.161556 -0.117064 0.184646 1.307643 0.047261 0.425225 0.571375 
1.369157 -0.192507 -0.056577 -0.160446 -0.116923 0.183939 1.306708 0.047960 0.425260 0.571060 
1.369849 -0.192713 -0.055984 -0.158945 -0.117857 0.184805 1.306343 0.047319 0.425109 0.570585 
1.369343 -0.193341 -0.056217 -0.158673 -0.117604 0.185072 1.306254 0.047380 0.424994 0.570703 
1.368771 -0.193199 -0.056844 -0.157876 -0.118146 0.184296 1.306455 0.046400 0.425727 0.570780 
1.369282 -0.193288 -0.056525 -0.158804 -0.117475 0.185335 1.306502 0.047309 0.425113 0.569886 
1.369856 -0.193099 -0.056534 -0.158611 -0.116364 0.185899 1.305826 0.047032 0.426233 0.570157 
1.368931 -0.193122 -0.055964 -0.158707 -0.117055 0.185088 1.306377 0.046991 0.424866 0.569636 
1.368622 -0.193125 -0.055690 -0.158424 -0.117822 0.185537 1.306789 0.048456 0.426070 0.569696 
1.369725 -0.193676 -0.056454 -0.158498 -0.117172 0.184889 1.306919 0.047485 0.425147 0.569772 
1.369619 -0.193494 -0.056863 -0.158696 -0.117826 0.185254 1.304998 0.047862 0.424487 0.569218 
1.369397 -0.193801 -0.056167 -0.159261 -0.117727 0.185673 1.306580 0.046916 0.425150 0.569889 
1.369543 -0.194151 -0.055860 -0.159600 -0.117929 0.186242 1.306799 0.046531 0.424971 0.569980 
1.369335 -0.194451 -0.055912 -0.160414 -0.117801 0.185951 1.306749 0.046554 0.425185 0.570051 
1.369391 -0.194089 -0.055942 -0.159518 -0.117976 0.186160 1.307050 0.046263 0.425166 0.570107 
1.369456 -0.194373 -0.055918 -0.159164 -0.118507 0.186047 1.306685 0.045821 0.425394 0.569846 
1.369175 -0.194400 -0.055392 -0.158998 -0.118774 0.186248 1.306864 0.046229 0.425896 0.569751 
1.369353 -0.194584 -0.056007 -0.159029 -0.118234 0.186238 1.306543 0.045801 0.425527 0.569936 
1.369922 -0.194177 -0.055815 -0.159140 -0.118014 0.186342 1.306356 0.045564 0.426041 0.569970 
1.370169 -0.194328 -0.056061 -0.159127 -0.118151 0.186372 1.306493 0.045745 0.426161 0.570064 
1.370485 -0.194752 -0.055711 -0.158831 -0.117805 0.185979 1.306863 0.045628 0.426115 0.569874 
1.370453 -0.194716 -0.055871 -0.158888 -0.117735 0.186105 1.306985 0.045599 0.426174 0.569465 
1.370535 -0.194736 -0.056035 -0.158232 -0.118028 0.186435 1.307079 0.045071 0.426253 0.569486 
1.370394 -0.195210 -0.056200 -0.158442 -0.118264 0.186265 1.306984 0.044537 0.426762 0.569468 
1.370201 -0.195434 -0.056541 -0.158310 -0.118408 0.185807 1.306768 0.044215 0.427348 0.569382 
1.370309 -0.196068 -0.056473 -0.158610 -0.118711 0.186031 1.306549 0.043761 0.427545 0.569275 
1.370184 -0.196481 -0.056526 -0.158988 -0.118804 0.186209 1.306847 0.043177 0.427883 0.569467 
1.370362 -0.197006 -0.056553 -0.158852 -0.119200 0.186460 1.306518 0.042693 0.428058 0.569281 
1.370336 -0.197531 -0.056661 -0.159171 -0.119324 0.186144 1.306059 0.042575 0.428482 0.569069 
1.370502 -0.196987 -0.056816 -0.158933 -0.119061 0.186361 1.306430 0.042498 0.427803 0.569330 
1.370316 -0.197066 -0.056715 -0.158261 -0.119527 0.186678 1.306665 0.042132 0.428338 0.569322 
1.370324 -0.197335 -0.056692 -0.158101 -0.119796 0.187186 1.306976 0.041517 0.428516 0.569459 
1.370264 -0.197580 -0.056858 -0.157650 -0.120161 0.187312 1.306979 0.040944 0.428943 0.569429 
1.370270 -0.198000 -0.056812 -0.157662 -0.120438 0.187772 1.307196 0.040342 0.429203 0.569523 
1.370244 -0.198401 -0.056857 -0.157497 -0.120775 0.188095 1.307305 0.039716 0.429577 0.569555 
1.370189 -0.198699 -0.057000 -0.157115 -0.121142 0.188253 1.307316 0.039127 0.430011 0.569531 
1.370194 -0.199166 -0.056945 -0.157192 -0.121413 0.188692 1.307498 0.038541 0.430291 0.569609 
1.370183 -0.199616 -0.056939 -0.157158 -0.121723 0.189069 1.307635 0.037930 0.430631 0.569660 
1.370152 -0.200013 -0.057000 -0.156965 -0.122069 0.189363 1.307721 0.037308 0.431024 0.569680 
1.370214 -0.200375 -0.057198 -0.156829 -0.122319 0.189655 1.307812 0.036559 0.431220 0.569757 
1.370156 -0.200751 -0.057247 -0.156577 -0.122689 0.189913 1.307878 0.035978 0.431665 0.569753 
1.370109 -0.201209 -0.057197 -0.156521 -0.123030 0.190271 1.307999 0.035426 0.432080 0.569775 
1.370082 -0.201616 -0.057255 -0.156351 -0.123371 0.190570 1.308085 0.034802 0.432468 0.569797 
1.370156 -0.202046 -0.057372 -0.156388 -0.123589 0.190937 1.308214 0.034085 0.432630 0.569896 
1.370154 -0.202297 -0.057614 -0.155990 -0.123904 0.191085 1.308229 0.033413 0.432946 0.569906 
1.370088 -0.202700 -0.057622 -0.155786 -0.124277 0.191365 1.308304 0.032858 0.433409 0.569899 
1.370064 -0.203113 -0.057682 -0.155627 -0.124615 0.191662 1.308387 0.032229 0.433793 0.569921 
1.370081 -0.203504 -0.057822 -0.155465 -0.124915 0.191946 1.308464 0.031531 0.434093 0.569966 
1.369984 -0.203948 -0.057717 -0.155354 -0.125296 0.192264 1.308561 0.031075 0.434603 0.569948 
1.369944 -0.204395 -0.057709 -0.155260 -0.125639 0.192593 1.308660 0.030495 0.435015 0.569966 
1.369922 -0.204813 -0.057768 -0.155113 -0.125974 0.192896 1.308745 0.029864 0.435394 0.569991 
1.369945 -0.204988 -0.058091 -0.154654 -0.126250 0.192982 1.308734 0.029181 0.435637 0.570006 
1.369918 -0.205487 -0.058013 -0.154719 -0.126556 0.193369 1.308864 0.028641 0.436009 0.570043 
1.369885 -0.205988 -0.057922 -0.154788 -0.126866 0.193759 1.308996 0.028116 0.436392 0.570077 
1.369915 -0.206395 -0.058057 -0.154675 -0.127150 0.194062 1.309082 0.027410 0.436667 0.570133 
1.369828 -0.206779 -0.058062 -0.154422 -0.127540 0.194302 1.309133 0.026891 0.437169 0.570104 
1.369805 -0.207147 -0.058183 -0.154173 -0.127882 0.194544 1.309185 0.026246 0.437552 0.570114 
1.369753 -0.207642 -0.058090 -0.154198 -0.128214 0.194906 1.309298 0.025737 0.437979 0.570129 
1.369763 -0.208049 -0.058209 -0.154054 -0.128520 0.195196 1.309374 0.025053 0.438297 0.570169 
1.369625 -0.208349 -0.058205 -0.153665 -0.128937 0.195333 1.309374 0.024653 0.438875 0.570089 
1.369531 -0.208869 -0.057974 -0.153803 -0.129263 0.195704 1.309491 0.024313 0.439353 0.570078 
1.369523 -0.209239 -0.058114 -0.153569 -0.129591 0.195948 1.309543 0.023645 0.439708 0.570098 
1.369525 -0.209645 -0.058228 -0.153413 -0.129906 0.196230 1.309613 0.022972 0.440045 0.570131 
1.369573 -0.210117 -0.057960 -0.154035 -0.129934 0.196661 1.309797 0.022776 0.440084 0.570229 
1.369828 -0.209391 -0.058110 -0.153504 -0.129874 0.196227 1.309562 0.022863 0.440257 0.570123 
1.369853 -0.209236 -0.058007 -0.153587 -0.130633 0.195902 1.309877 0.022657 0.440026 0.569936 
1.369938 -0.209399 -0.057770 -0.153447 -0.130428 0.195704 1.310018 0.022551 0.439970 0.569818 
1.369374 -0.209084 -0.057412 -0.153468 -0.130334 0.195801 1.309647 0.022080 0.439848 0.569694 
1.369403 -0.209142 -0.057259 -0.153412 -0.130417 0.195676 1.309523 0.022078 0.439811 0.570104 
1.369481 -0.209133 -0.057446 -0.152718 -0.130567 0.196232 1.309702 0.021777 0.440038 0.569631 
1.369867 -0.209308 -0.057243 -0.152403 -0.130814 0.196617 1.309238 0.021891 0.439695 0.569350 
1.369613 -0.209038 -0.057630 -0.152736 -0.130439 0.196295 1.309778 0.021572 0.439727 0.569745 
1.369363 -0.208852 -0.057161 -0.152284 -0.130614 0.196726 1.310240 0.021897 0.440114 0.569818 
1.369502 -0.209392 -0.057344 -0.152968 -0.130621 0.196457 1.309791 0.021603 0.440100 0.569678 
1.369445 -0.208866 -0.057852 -0.152016 -0.130589 0.195859 1.309494 0.021711 0.440212 0.569555 
1.369494 -0.209390 -0.057515 -0.152715 -0.130664 0.196376 1.309725 0.021466 0.440233 0.569662 
1.369340 -0.209515 -0.057575 -0.152670 -0.130680 0.196379 1.309752 0.021517 0.440128 0.569659 
1.369354 -0.209290 -0.057557 -0.152817 -0.130571 0.196514 1.309752 0.021347 0.440257 0.569271 
1.369346 -0.209328 -0.057581 -0.152796 -0.130382 0.196596 1.309672 0.021397 0.440315 0.569318 
1.369123 -0.209230 -0.057314 -0.152872 -0.130582 0.196515 1.309538 0.021112 0.440206 0.569395 
1.369398 -0.209372 -0.057439 -0.152749 -0.130468 0.196415 1.309823 0.021295 0.440229 0.569212 
1.369637 -0.209520 -0.057655 -0.152809 -0.130476 0.196438 1.310041 0.021490 0.440314 0.569087 
1.369639 -0.209578 -0.057540 -0.152986 -0.130470 0.196512 1.310076 0.021516 0.440261 0.569124 
1.369632 -0.209416 -0.057889 -0.152460 -0.130492 0.196290 1.309967 0.021425 0.440431 0.569011 
1.369661 -0.209586 -0.057716 -0.152919 -0.130464 0.196308 1.309902 0.021467 0.440293 0.569050 
1.369641 -0.209847 -0.057621 -0.153201 -0.130544 0.196404 1.309914 0.021265 0.440452 0.569062 
1.369553 -0.209525 -0.057737 -0.152993 -0.130408 0.196193 1.310002 0.021497 0.440386 0.569101 
1.369624 -0.209511 -0.057521 -0.152870 -0.130524 0.196232 1.309770 0.021836 0.440331 0.568887 
1.369755 -0.209344 -0.057814 -0.152949 -0.130302 0.196259 1.309950 0.021545 0.439943 0.569071 
1.369659 -0.209535 -0.057834 -0.152746 -0.130473 0.196232 1.309863 0.021434 0.440350 0.569011 
1.369735 -0.209522 -0.057678 -0.152939 -0.130460 0.196303 1.309883 0.021458 0.440346 0.569045 
1.369614 -0.209572 -0.057632 -0.152886 -0.130497 0.196271 1.309842 0.021658 0.440292 0.568969 
1.369678 -0.209579 -0.057701 -0.152919 -0.130561 0.196257 1.309936 0.021456 0.440264 0.569068 
1.369723 -0.209649 -0.057709 -0.152864 -0.130431 0.196277 1.309859 0.021543 0.440305 0.569247 
1.369683 -0.209626 -0.057657 -0.152885 -0.130413 0.196258 1.309938 0.021441 0.440278 0.569021 
1.369728 -0.209504 -0.057709 -0.152899 -0.130332 0.196235 1.309960 0.021481 0.440103 0.569032 
1.369742 -0.209664 -0.057711 -0.152900 -0.130415 0.196264 1.309992 0.021490 0.440299 0.568990 
1.369729 -0.209811 -0.057681 -0.153019 -0.130442 0.196321 1.309975 0.021374 0.440370 0.568987 
1.369690 -0.209683 -0.057724 -0.152923 -0.130415 0.196305 1.309939 0.021555 0.440277 0.568947 
1.369764 -0.209613 -0.057588 -0.152823 -0.130452 0.196156 1.309999 0.021630 0.440331 0.568952 
1.369732 -0.209648 -0.057771 -0.152836 -0.130415 0.196246 1.309967 0.021479 0.440317 0.568969 
1.369767 -0.209671 -0.057699 -0.152879 -0.130427 0.196289 1.309983 0.021484 0.440283 0.568983 
1.369731 -0.209643 -0.057694 -0.152847 -0.130422 0.196345 1.310038 0.021500 0.440297 0.568997 
1.369771 -0.209689 -0.057703 -0.152869 -0.130421 0.196291 1.309970 0.021500 0.440291 0.569022 
1.369791 -0.209645 -0.057726 -0.152870 -0.130386 0.196281 1.309975 0.021523 0.440221 0.569041 
1.369775 -0.209678 -0.057678 -0.152853 -0.130429 0.196268 1.309972 0.021529 0.440297 0.569015 
1.369767 -0.209749 -0.057705 -0.152899 -0.130433 0.196318 1.309961 0.021443 0.440324 0.569026 
1.369767 -0.209808 -0.057711 -0.152933 -0.130438 0.196348 1.309952 0.021382 0.440349 0.569033 
1.369778 -0.209843 -0.057750 -0.152963 -0.130412 0.196380 1.309939 0.021343 0.440326 0.569081 
1.369776 -0.209805 -0.057707 -0.152924 -0.130398 0.196354 1.309941 0.021379 0.440366 0.569019 
1.369739 -0.209815 -0.057735 -0.152909 -0.130523 0.196325 1.309958 0.021375 0.440358 0.569022 
1.369719 -0.209839 -0.057729 -0.152889 -0.130510 0.196322 1.309982 0.021373 0.440342 0.569018 
1.369699 -0.209818 -0.057689 -0.152912 -0.130535 0.196375 1.310033 0.021391 0.440358 0.569038 
1.369721 -0.209834 -0.057711 -0.152919 -0.130536 0.196379 1.310053 0.021413 0.440366 0.569024 
1.369658 -0.209843 -0.057684 -0.152943 -0.130542 0.196399 1.309985 0.021438 0.440334 0.569006 
1.369724 -0.209824 -0.057676 -0.152888 -0.130548 0.196398 1.310023 0.021388 0.440341 0.569032 
1.369760 -0.209846 -0.057622 -0.152919 -0.130569 0.196341 1.310039 0.021389 0.440326 0.569045 
1.369724 -0.209806 -0.057677 -0.152903 -0.130549 0.196399 1.310035 0.021368 0.440325 0.568998 
1.369728 -0.209808 -0.057731 -0.152896 -0.130552 0.196415 1.310039 0.021373 0.440287 0.569086 
1.369727 -0.209792 -0.057705 -0.152835 -0.130524 0.196420 1.310043 0.021354 0.440392 0.569030 
