Start Optimization 
0.164088 -0.690465 -0.126224 0.029695 0.069500 0.136027 0.771249 -0.479746 -0.122111 -0.079075 
1.164088 -0.690465 -0.126224 0.029695 0.069500 0.136027 0.771249 -0.479746 -0.122111 -0.079075 
0.164088 0.309535 -0.126224 0.029695 0.069500 0.136027 0.771249 -0.479746 -0.122111 -0.079075 
0.164088 -0.690465 0.873776 0.029695 0.069500 0.136027 0.771249 -0.479746 -0.122111 -0.079075 
0.164088 -0.690465 -0.126224 1.029695 0.069500 0.136027 0.771249 -0.479746 -0.122111 -0.079075 
0.164088 -0.690465 -0.126224 0.029695 1.069500 0.136027 0.771249 -0.479746 -0.122111 -0.079075 
0.164088 -0.690465 -0.126224 0.029695 0.069500 1.136027 0.771249 -0.479746 -0.122111 -0.079075 
0.164088 -0.690465 -0.126224 0.029695 0.069500 0.136027 1.771249 -0.479746 -0.122111 -0.079075 
0.164088 -0.690465 -0.126224 0.029695 0.069500 0.136027 1.771249 0.520254 -0.122111 -0.079075 
0.164088 -0.690465 -0.126224 0.029695 0.069500 0.136027 1.771249 -0.479746 0.877889 -0.079075 
0.164088 -0.690465 -0.126224 0.029695 0.069500 0.136027 1.771249 -0.479746 -0.122111 0.920925 
0.163774 -0.909708 -0.373772 -0.913558 0.042408 0.127246 1.773839 -0.490057 -0.123396 -0.079449 
0.163967 -0.775098 -0.221784 0.512983 0.059042 0.132637 1.772249 -0.483726 -0.122607 -0.079219 
-0.085912 -0.690107 -0.126224 0.029695 0.069500 0.136027 1.771249 -0.479746 -0.122111 -0.079075 
-0.085206 -0.191820 -0.155966 0.058172 0.066245 0.134972 1.771560 -0.480985 -0.122265 -0.079120 
-0.085912 -0.690107 -0.099026 0.029695 -0.179016 0.136027 1.771249 -0.479746 -0.122111 -0.079075 
-0.085910 -0.682699 0.369493 0.064891 0.123967 0.134723 1.771634 -0.481277 -0.122302 -0.079130 
-0.085912 -0.690557 -0.126731 0.027761 0.069444 -0.113965 1.771249 -0.479746 -0.122111 -0.079075 
-0.086122 -0.799686 -0.310055 -0.421622 0.050681 0.144034 1.773578 -0.489020 -0.123267 -0.079411 
-0.086017 -0.750802 -0.215277 0.255058 0.060198 0.135922 1.772044 -0.482912 -0.122506 -0.079190 
-0.085912 -0.690110 -0.124884 0.029789 0.069647 0.136024 1.896242 -0.479746 -0.122111 -0.079075 
-0.085955 -0.710352 0.119758 0.068432 0.096764 0.136299 1.893867 -0.482194 -0.122416 -0.079164 
-0.085912 -0.690351 -0.125798 0.027602 0.069547 0.136043 1.896253 -0.604723 -0.122111 -0.079075 
-0.086107 -0.792150 -0.158566 -0.195752 0.067142 0.141602 1.897835 -0.473149 -0.123162 -0.079380 
-0.085910 -0.688947 -0.124954 0.029855 0.069639 0.136021 1.896242 -0.479749 -0.247106 -0.079075 
-0.085573 -0.440166 -0.126947 0.025828 0.069872 0.136976 1.896677 -0.479302 -0.119489 -0.079192 
-0.085912 -0.690166 -0.124966 0.029995 0.069638 0.136022 1.896242 -0.479749 -0.122111 -0.204075 
-0.085980 -0.712578 -0.208402 0.264433 0.061383 0.137081 1.897759 -0.481552 -0.121569 -0.203859 
-0.085955 -0.720587 -0.153598 0.016671 0.066504 0.136239 1.954927 -0.420868 -0.064023 -0.145704 
-0.086005 -0.717725 -0.142535 -0.212518 0.069010 0.141910 1.870495 -0.500195 -0.148914 -0.232083 
-0.085932 -0.700387 -0.005358 0.046596 0.082869 0.136094 1.909425 -0.466273 -0.107806 -0.189795 
-0.148412 -0.689986 -0.124966 0.029994 0.069638 0.136022 1.896254 -0.479738 -0.122099 -0.204063 
-0.148056 -0.568938 -0.122814 0.027289 0.069956 0.136073 1.911518 -0.464572 -0.105712 -0.188938 
-0.148412 -0.690022 -0.131797 0.029747 0.131763 0.136024 1.896231 -0.479757 -0.122123 -0.204087 
-0.148470 -0.696068 -0.114885 -0.092747 0.064296 0.139073 1.886203 -0.487018 -0.132433 -0.215124 
-0.148412 -0.689974 -0.125213 0.031527 0.069615 0.198503 1.896260 -0.479750 -0.122096 -0.204058 
-0.148502 -0.698592 -0.158552 0.148874 0.056278 0.128819 1.893156 -0.483783 -0.125763 -0.208611 
-0.148457 -0.694289 -0.141759 0.089434 0.062958 0.132420 1.894705 -0.481760 -0.123931 -0.206337 
-0.148411 -0.689877 -0.124859 0.030093 0.069648 0.136027 1.887207 -0.452700 -0.131144 -0.213109 
-0.148498 -0.698660 -0.129798 -0.027567 0.059706 0.133662 1.887530 -0.490969 -0.131293 -0.214233 
-0.148412 -0.690275 -0.124567 0.030065 0.069682 0.136023 1.883559 -0.479675 -0.096523 -0.216753 
-0.148442 -0.697053 -0.064211 0.034241 0.073996 0.135200 1.902299 -0.474686 -0.117104 -0.197710 
-0.148413 -0.690757 -0.125461 0.029713 0.069583 0.136027 1.919707 -0.478265 -0.120646 -0.224589 
-0.148446 -0.707310 -0.137961 0.020942 0.066910 0.135662 1.944458 -0.449338 -0.091882 -0.191195 
-0.151627 -0.663031 -0.126683 0.027790 0.066146 0.132763 1.922793 -0.480808 -0.120667 -0.212187 
-0.136945 -0.639156 -0.112527 0.025506 0.077962 0.145689 1.928444 -0.451435 -0.100162 -0.248148 
-0.135981 -0.636121 -0.115760 0.055814 0.073116 0.143622 1.929302 -0.450651 -0.098805 -0.250685 
-0.136167 -0.639655 -0.110383 0.023166 0.062969 0.146530 1.928210 -0.450352 -0.099616 -0.250634 
-0.135966 -0.638914 -0.109206 -0.006811 0.062927 0.145209 1.924806 -0.455099 -0.103401 -0.255713 
-0.135207 -0.640226 -0.124661 0.021229 0.061730 0.147481 1.930049 -0.446230 -0.096084 -0.250514 
-0.136839 -0.647633 -0.099269 0.017171 0.062520 0.145449 1.940109 -0.438173 -0.087006 -0.233236 
-0.121957 -0.647594 -0.099274 0.017209 0.062520 0.146583 1.939960 -0.440616 -0.088545 -0.229629 
-0.126365 -0.647251 -0.098202 0.016503 0.062369 0.176725 1.939923 -0.444186 -0.090659 -0.224191 
-0.121957 -0.647692 -0.099563 0.017110 0.062488 0.146584 1.950787 -0.437366 -0.099162 -0.231509 
-0.121883 -0.646913 -0.098449 0.016776 0.062487 0.146651 1.922030 -0.419991 -0.101790 -0.222357 
-0.118138 -0.652442 -0.096221 0.017428 0.065879 0.150091 1.939980 -0.434280 -0.084710 -0.240503 
-0.124505 -0.676124 -0.102697 0.018814 0.060988 0.144663 1.935815 -0.448590 -0.095356 -0.226690 
-0.122370 -0.636472 -0.082126 0.032511 0.046823 0.141568 1.943732 -0.442103 -0.084793 -0.224892 
-0.122213 -0.644070 -0.093432 0.003854 0.060648 0.144473 1.939342 -0.443724 -0.089542 -0.230063 
-0.121350 -0.647970 -0.103079 0.015690 0.056405 0.147211 1.940467 -0.438869 -0.087193 -0.230537 
-0.121290 -0.643617 -0.112505 0.020760 0.060959 0.145738 1.944696 -0.435453 -0.081763 -0.225182 
-0.120397 -0.645185 -0.105024 0.018151 0.058383 0.146619 1.937341 -0.443036 -0.089439 -0.233006 
-0.124705 -0.646745 -0.107099 0.016247 0.045864 0.149909 1.941046 -0.435367 -0.090931 -0.238901 
-0.125516 -0.653008 -0.108022 0.018685 0.043966 0.148833 1.940270 -0.437749 -0.092457 -0.237908 
-0.125077 -0.646792 -0.107109 0.016198 0.045798 0.152262 1.942820 -0.437613 -0.089804 -0.239237 
-0.125736 -0.646399 -0.106635 0.017204 0.046024 0.157877 1.939693 -0.435938 -0.092236 -0.236215 
-0.124791 -0.645771 -0.104993 0.018899 0.044551 0.151859 1.943169 -0.437614 -0.089196 -0.238845 
-0.125157 -0.642835 -0.100663 0.016776 0.040247 0.150890 1.942551 -0.440443 -0.089900 -0.238019 
-0.123548 -0.641781 -0.094588 0.016287 0.037596 0.151473 1.941265 -0.441422 -0.088952 -0.241072 
-0.124773 -0.637076 -0.094128 0.016958 0.033105 0.150009 1.942576 -0.443208 -0.088436 -0.238030 
-0.125866 -0.635940 -0.095143 0.012616 0.031470 0.150890 1.945514 -0.448131 -0.087063 -0.238718 
-0.121538 -0.637115 -0.094514 0.016814 0.032538 0.150309 1.943907 -0.443174 -0.089931 -0.237572 
-0.124537 -0.635534 -0.091398 0.017669 0.033515 0.149280 1.947570 -0.443216 -0.094796 -0.237566 
-0.121956 -0.638525 -0.093474 0.015577 0.031733 0.150558 1.945457 -0.441155 -0.088747 -0.236196 
-0.119737 -0.635947 -0.091908 0.016959 0.035736 0.148423 1.942541 -0.446382 -0.088347 -0.232971 
-0.121467 -0.639144 -0.094610 0.017761 0.031621 0.147542 1.944491 -0.444164 -0.089682 -0.238160 
-0.122668 -0.638885 -0.094608 0.018469 0.028392 0.153073 1.940884 -0.445770 -0.092463 -0.234972 
-0.122720 -0.638664 -0.094760 0.015913 0.027987 0.151378 1.939175 -0.445047 -0.093922 -0.234754 
-0.121944 -0.633890 -0.096277 0.022074 0.024435 0.152444 1.940127 -0.446327 -0.090894 -0.235587 
-0.120444 -0.638164 -0.094297 0.017861 0.029069 0.154650 1.940202 -0.445789 -0.092987 -0.237348 
-0.124145 -0.641859 -0.089029 0.019824 0.026539 0.152970 1.939254 -0.448198 -0.091032 -0.236706 
-0.123127 -0.640057 -0.097446 0.019427 0.029915 0.153933 1.940753 -0.446836 -0.093124 -0.234755 
-0.122393 -0.639170 -0.094354 0.019552 0.028800 0.152854 1.940152 -0.444535 -0.092805 -0.234799 
-0.121947 -0.639358 -0.095009 0.017028 0.027170 0.154849 1.942608 -0.444496 -0.091172 -0.233802 
-0.122825 -0.639497 -0.095156 0.017162 0.026567 0.155027 1.943293 -0.443894 -0.092071 -0.234777 
-0.122738 -0.637785 -0.093857 0.017059 0.027530 0.155462 1.945301 -0.444735 -0.093764 -0.233398 
-0.123898 -0.637066 -0.093691 0.016792 0.027997 0.156395 1.944587 -0.444427 -0.093373 -0.233307 
-0.123146 -0.637076 -0.094048 0.016396 0.029225 0.153907 1.947095 -0.444188 -0.091867 -0.234702 
-0.123029 -0.639186 -0.092879 0.016572 0.028207 0.155697 1.945375 -0.444921 -0.093868 -0.233491 
-0.122650 -0.635341 -0.094635 0.018017 0.025143 0.155360 1.945450 -0.445805 -0.092841 -0.233570 
-0.122466 -0.633524 -0.096217 0.015936 0.024040 0.154021 1.944641 -0.445410 -0.093836 -0.233042 
-0.122515 -0.633066 -0.099573 0.016911 0.024653 0.154975 1.945163 -0.446468 -0.094062 -0.232730 
-0.123522 -0.633925 -0.096331 0.016403 0.023768 0.153208 1.944865 -0.445210 -0.093630 -0.231842 
-0.122315 -0.631993 -0.096099 0.018199 0.023030 0.152852 1.944437 -0.442797 -0.093558 -0.231515 
-0.123170 -0.634238 -0.096505 0.015671 0.023158 0.154115 1.945694 -0.444578 -0.092990 -0.231263 
-0.123805 -0.633176 -0.095730 0.014641 0.020515 0.153753 1.945741 -0.446629 -0.092185 -0.231568 
-0.122122 -0.633933 -0.095079 0.014293 0.018951 0.152883 1.946713 -0.448039 -0.094256 -0.230628 
-0.124679 -0.633322 -0.095877 0.014765 0.019940 0.153905 1.946454 -0.446020 -0.093067 -0.232558 
-0.123538 -0.632278 -0.095723 0.013685 0.021248 0.151608 1.947984 -0.446944 -0.090685 -0.232540 
-0.123319 -0.634249 -0.096390 0.014815 0.019858 0.153136 1.945170 -0.446401 -0.091601 -0.232225 
-0.125403 -0.632427 -0.095138 0.012167 0.019148 0.153871 1.944226 -0.447457 -0.091287 -0.231553 
-0.123985 -0.633536 -0.094856 0.015618 0.020265 0.154367 1.946174 -0.447378 -0.091371 -0.231857 
-0.124087 -0.633000 -0.096245 0.016133 0.019984 0.154837 1.946483 -0.448316 -0.091173 -0.231763 
-0.123654 -0.631747 -0.096223 0.017060 0.019057 0.154797 1.946416 -0.447880 -0.090809 -0.231662 
-0.124171 -0.631960 -0.096289 0.017289 0.018931 0.154409 1.946541 -0.447754 -0.090701 -0.231050 
-0.123186 -0.631876 -0.096796 0.016888 0.018700 0.156020 1.947310 -0.447592 -0.090080 -0.231235 
-0.123051 -0.631383 -0.097618 0.017974 0.018846 0.156710 1.947559 -0.448559 -0.089698 -0.231475 
-0.123728 -0.631653 -0.096878 0.016696 0.018855 0.156221 1.946937 -0.447371 -0.089564 -0.231453 
-0.123982 -0.631407 -0.096627 0.015730 0.017516 0.156308 1.946802 -0.448290 -0.089444 -0.231324 
-0.124857 -0.631479 -0.096802 0.015850 0.016794 0.156539 1.947587 -0.447807 -0.090213 -0.232317 
-0.124046 -0.630945 -0.096461 0.015480 0.017839 0.155997 1.947431 -0.448415 -0.089264 -0.231371 
-0.123559 -0.631608 -0.097047 0.015395 0.017356 0.154993 1.947525 -0.448375 -0.088322 -0.232176 
-0.123500 -0.631309 -0.097796 0.015068 0.017403 0.154824 1.947400 -0.448259 -0.088651 -0.232019 
-0.123361 -0.631328 -0.096171 0.014332 0.016131 0.155209 1.947491 -0.448263 -0.087851 -0.232043 
-0.123785 -0.632420 -0.096076 0.013106 0.016399 0.155593 1.947704 -0.449077 -0.087834 -0.232096 
-0.122889 -0.631065 -0.096153 0.014240 0.016292 0.155562 1.947333 -0.448504 -0.087966 -0.232680 
-0.123013 -0.630073 -0.096267 0.015088 0.015255 0.155676 1.947326 -0.449300 -0.087375 -0.232587 
-0.123404 -0.629507 -0.095508 0.015260 0.014924 0.154530 1.946424 -0.449682 -0.087827 -0.232970 
-0.122881 -0.629712 -0.095410 0.015387 0.014681 0.154335 1.946786 -0.449962 -0.088332 -0.232744 
-0.122892 -0.628459 -0.095210 0.016096 0.014034 0.154744 1.946596 -0.449157 -0.087104 -0.232913 
-0.123331 -0.628197 -0.095236 0.016044 0.013135 0.155221 1.946743 -0.450562 -0.086385 -0.232899 
-0.122733 -0.627696 -0.094919 0.015668 0.012824 0.156065 1.946602 -0.451517 -0.086064 -0.233958 
-0.122568 -0.626667 -0.096106 0.014902 0.012138 0.156103 1.946339 -0.451892 -0.086235 -0.233808 
-0.122349 -0.626567 -0.097104 0.015508 0.011866 0.155706 1.946427 -0.452821 -0.085456 -0.234634 
-0.122132 -0.626633 -0.096018 0.014840 0.012500 0.155987 1.945947 -0.452132 -0.085851 -0.233311 
-0.122713 -0.626511 -0.095361 0.013649 0.011013 0.156548 1.946382 -0.451953 -0.085928 -0.233520 
-0.123359 -0.625444 -0.094505 0.013687 0.010688 0.156707 1.945763 -0.452631 -0.086647 -0.233329 
-0.123310 -0.625017 -0.094336 0.013521 0.010991 0.156422 1.946484 -0.452739 -0.086570 -0.233281 
-0.122332 -0.625462 -0.094424 0.014311 0.009854 0.157392 1.946350 -0.452779 -0.087228 -0.232623 
-0.122431 -0.624981 -0.094416 0.014646 0.009808 0.157714 1.946314 -0.452282 -0.086734 -0.232591 
-0.122904 -0.625065 -0.094775 0.014028 0.010140 0.159340 1.946533 -0.452591 -0.086748 -0.232171 
-0.122060 -0.624581 -0.094519 0.013033 0.009759 0.160101 1.946137 -0.451811 -0.087173 -0.232546 
-0.122318 -0.624627 -0.094596 0.012903 0.009831 0.159878 1.946126 -0.451278 -0.087516 -0.231909 
-0.122299 -0.624489 -0.094715 0.012822 0.008264 0.160634 1.946201 -0.452447 -0.086325 -0.232400 
-0.122585 -0.624852 -0.094043 0.012788 0.007024 0.161418 1.946360 -0.452893 -0.085450 -0.232319 
-0.123207 -0.624604 -0.094778 0.013001 0.005696 0.161992 1.946811 -0.453146 -0.085524 -0.232962 
-0.123299 -0.624187 -0.095518 0.013015 0.004389 0.162621 1.946737 -0.453918 -0.084909 -0.232920 
-0.123299 -0.623785 -0.096125 0.013099 0.003129 0.163423 1.946693 -0.454717 -0.084334 -0.233197 
-0.123929 -0.623705 -0.096654 0.013101 0.001678 0.163784 1.946826 -0.455139 -0.083773 -0.232575 
-0.124429 -0.623657 -0.096880 0.013370 0.000293 0.164681 1.947203 -0.455543 -0.083529 -0.233168 
-0.124346 -0.622924 -0.097849 0.012795 -0.000997 0.165222 1.947094 -0.455488 -0.083640 -0.233303 
-0.124157 -0.622836 -0.097684 0.012562 -0.002224 0.166029 1.946923 -0.456213 -0.082655 -0.233232 
-0.124277 -0.622721 -0.097979 0.012459 -0.003047 0.167278 1.946864 -0.457110 -0.081891 -0.232983 
-0.124680 -0.622865 -0.097799 0.012085 -0.004441 0.168039 1.946950 -0.457382 -0.081158 -0.232418 
-0.124708 -0.622837 -0.097606 0.012001 -0.005742 0.169100 1.947032 -0.457951 -0.080479 -0.232818 
-0.124958 -0.622716 -0.097801 0.011789 -0.007046 0.170286 1.947138 -0.458455 -0.079950 -0.232869 
-0.124728 -0.622328 -0.097793 0.011230 -0.008746 0.170277 1.947100 -0.458050 -0.079849 -0.233350 
-0.124743 -0.621569 -0.097712 0.012167 -0.009177 0.170901 1.946825 -0.457754 -0.078607 -0.233079 
-0.124140 -0.621402 -0.097615 0.013055 -0.010169 0.171555 1.946841 -0.458408 -0.077964 -0.232466 
-0.124998 -0.621172 -0.098101 0.012712 -0.010614 0.171783 1.946786 -0.457864 -0.077566 -0.231064 
-0.125252 -0.620495 -0.097646 0.012645 -0.010601 0.171707 1.946885 -0.458211 -0.077837 -0.230957 
-0.124754 -0.620825 -0.098352 0.012321 -0.010434 0.171672 1.948301 -0.457931 -0.076538 -0.231197 
-0.125229 -0.620902 -0.098671 0.012623 -0.010634 0.171131 1.948264 -0.458293 -0.076380 -0.231393 
-0.124801 -0.620519 -0.097970 0.011787 -0.010457 0.172715 1.947570 -0.457926 -0.075280 -0.231483 
-0.125437 -0.620622 -0.097256 0.012264 -0.010813 0.173946 1.947964 -0.457196 -0.074855 -0.231875 
-0.124865 -0.620206 -0.098634 0.011813 -0.010399 0.173205 1.947611 -0.458075 -0.075579 -0.231714 
-0.123752 -0.619672 -0.098067 0.011562 -0.010321 0.172237 1.946716 -0.457587 -0.074449 -0.231091 
-0.124684 -0.620458 -0.097980 0.011345 -0.011229 0.172602 1.947599 -0.457775 -0.075445 -0.231770 
-0.124398 -0.621190 -0.097780 0.010141 -0.011335 0.172905 1.947439 -0.458885 -0.075221 -0.231224 
-0.125108 -0.620562 -0.097904 0.010860 -0.010663 0.172361 1.947491 -0.457492 -0.075453 -0.231997 
-0.124006 -0.619675 -0.098686 0.010667 -0.012332 0.172812 1.947561 -0.457247 -0.075804 -0.232109 
-0.125040 -0.620398 -0.098251 0.011526 -0.011626 0.172245 1.947378 -0.458146 -0.075025 -0.232034 
-0.124845 -0.620734 -0.098420 0.011589 -0.011593 0.172260 1.947337 -0.458033 -0.074934 -0.232209 
-0.124678 -0.620189 -0.097845 0.011600 -0.011506 0.172190 1.947379 -0.458533 -0.075165 -0.232683 
-0.124720 -0.620254 -0.097802 0.011667 -0.011556 0.172222 1.946974 -0.458530 -0.075405 -0.232656 
-0.124755 -0.620208 -0.097329 0.011881 -0.011979 0.172589 1.947398 -0.458320 -0.074751 -0.232737 
-0.124682 -0.620298 -0.096839 0.012341 -0.012597 0.172548 1.947603 -0.458194 -0.074565 -0.232627 
-0.124954 -0.620407 -0.097351 0.011793 -0.012117 0.172738 1.947582 -0.458458 -0.074965 -0.232845 
-0.124401 -0.620149 -0.097243 0.011475 -0.011871 0.172784 1.947004 -0.458612 -0.074220 -0.232453 
-0.124281 -0.620014 -0.097319 0.011208 -0.012142 0.172732 1.946981 -0.458423 -0.074286 -0.232564 
-0.124352 -0.619567 -0.097576 0.011814 -0.011608 0.173108 1.946795 -0.458301 -0.074008 -0.232621 
-0.124610 -0.620185 -0.097051 0.011368 -0.011700 0.172632 1.946929 -0.458376 -0.074109 -0.232593 
-0.123921 -0.620029 -0.097264 0.011216 -0.011649 0.172394 1.946684 -0.458856 -0.073871 -0.232057 
-0.124519 -0.620203 -0.097314 0.011194 -0.011825 0.173068 1.946955 -0.458812 -0.074145 -0.232531 
-0.124614 -0.620191 -0.097385 0.011247 -0.011927 0.172971 1.946909 -0.458898 -0.074053 -0.232598 
-0.124632 -0.620246 -0.097192 0.011315 -0.012238 0.173168 1.946922 -0.458987 -0.073829 -0.232584 
-0.124705 -0.620021 -0.097308 0.011212 -0.011936 0.172950 1.946926 -0.458957 -0.074099 -0.232504 
-0.124406 -0.620156 -0.097491 0.011088 -0.011746 0.172756 1.946739 -0.459017 -0.073923 -0.232461 
-0.124524 -0.620137 -0.097289 0.011264 -0.011894 0.172953 1.946925 -0.458995 -0.074085 -0.232762 
-0.124630 -0.620143 -0.097525 0.011178 -0.011837 0.172896 1.947332 -0.458893 -0.073923 -0.232637 
-0.124637 -0.620335 -0.097324 0.011172 -0.011980 0.172875 1.946958 -0.458971 -0.074143 -0.232564 
-0.124753 -0.620157 -0.097659 0.011280 -0.011779 0.172932 1.946843 -0.458889 -0.074367 -0.232721 
-0.124724 -0.620211 -0.097294 0.011184 -0.011841 0.172906 1.946868 -0.458788 -0.073993 -0.232672 
-0.124643 -0.620224 -0.097366 0.011317 -0.011860 0.172981 1.946915 -0.458943 -0.074037 -0.232569 
-0.124583 -0.620194 -0.097335 0.011455 -0.011888 0.172838 1.946938 -0.458839 -0.074073 -0.232534 
-0.124651 -0.620250 -0.097317 0.011385 -0.011993 0.173112 1.946901 -0.458953 -0.073908 -0.232574 
-0.124670 -0.620217 -0.097420 0.011321 -0.011827 0.172969 1.946903 -0.458942 -0.074102 -0.232593 
-0.124653 -0.620221 -0.097374 0.011317 -0.011860 0.172983 1.946961 -0.458938 -0.074030 -0.232579 
-0.124605 -0.620212 -0.097397 0.011281 -0.011817 0.172934 1.946920 -0.458964 -0.074001 -0.232547 
-0.124660 -0.620243 -0.097368 0.011314 -0.011883 0.172953 1.946915 -0.458966 -0.074036 -0.232574 
-0.124622 -0.620270 -0.097327 0.011280 -0.011846 0.172980 1.946942 -0.458939 -0.074089 -0.232540 
-0.124668 -0.620216 -0.097375 0.011310 -0.011867 0.172982 1.946914 -0.458933 -0.074036 -0.232530 
-0.124656 -0.620153 -0.097318 0.011308 -0.011856 0.172970 1.946924 -0.458984 -0.074060 -0.232571 
-0.124665 -0.620228 -0.097347 0.011304 -0.011842 0.172967 1.946907 -0.458921 -0.074025 -0.232584 
-0.124622 -0.620226 -0.097352 0.011353 -0.011905 0.173043 1.946892 -0.458952 -0.073997 -0.232576 
-0.124655 -0.620230 -0.097372 0.011289 -0.011855 0.173011 1.946910 -0.458965 -0.074029 -0.232577 
-0.124634 -0.620232 -0.097358 0.011325 -0.011900 0.173072 1.946887 -0.458973 -0.073989 -0.232584 
-0.124618 -0.620225 -0.097384 0.011294 -0.011837 0.172997 1.946903 -0.458971 -0.074013 -0.232568 
-0.124686 -0.620225 -0.097393 0.011220 -0.011829 0.172970 1.946938 -0.458983 -0.074014 -0.232563 
