Start Optimization 
8.214634 -0.656740 -0.169695 0.001552 -0.170453 0.154690 0.610073 0.042539 -0.108670 -0.779368 
9.214634 -0.656740 -0.169695 0.001552 -0.170453 0.154690 0.610073 0.042539 -0.108670 -0.779368 
9.214634 0.343260 -0.169695 0.001552 -0.170453 0.154690 0.610073 0.042539 -0.108670 -0.779368 
9.214634 -0.656740 0.830305 0.001552 -0.170453 0.154690 0.610073 0.042539 -0.108670 -0.779368 
9.214634 -0.656740 -0.169695 1.001552 -0.170453 0.154690 0.610073 0.042539 -0.108670 -0.779368 
9.214634 -0.656740 -0.169695 0.001552 0.829547 0.154690 0.610073 0.042539 -0.108670 -0.779368 
9.214634 -0.656740 -0.169695 0.001552 -0.170453 1.154690 0.610073 0.042539 -0.108670 -0.779368 
9.214634 -0.656740 -0.169695 0.001552 -0.170453 0.154690 1.610073 0.042539 -0.108670 -0.779368 
9.214634 -0.656740 -0.169695 0.001552 -0.170453 0.154690 0.610073 1.042539 -0.108670 -0.779368 
9.214634 -0.656740 -0.169695 0.001552 -0.170453 0.154690 0.610073 0.042539 0.891330 -0.779368 
9.214634 -0.656740 -0.169695 0.001552 -0.170453 0.154690 0.610073 0.042539 -0.108670 0.220632 
9.215163 -0.863528 -0.411865 -0.945855 -0.195025 0.153616 0.606337 0.023698 -0.112893 0.225149 
9.214851 -0.741753 -0.269254 0.483931 -0.180555 0.154249 0.608537 0.034793 -0.110406 0.222489 
9.464633 -0.656101 -0.169695 0.001552 -0.170453 0.154690 0.610073 0.042539 -0.108670 0.220632 
9.213342 -0.158227 -0.198481 0.026852 -0.173374 0.154562 0.609629 0.040299 -0.109172 0.221169 
9.214634 -0.656740 -0.144458 0.001552 -0.419176 0.154690 0.610073 0.042539 -0.108670 0.220632 
9.214596 -0.650357 0.351960 0.033890 -0.369447 0.154527 0.609505 0.039676 -0.109312 0.221318 
9.214634 -0.656795 -0.144522 0.001300 -0.419182 -0.095310 0.610073 0.042539 -0.108670 0.220632 
9.214779 -0.759639 -0.323351 -0.452816 -0.440861 0.168924 0.606941 0.026743 -0.112210 0.224419 
9.214616 -0.649897 -0.144849 0.001881 -0.419216 0.154688 0.360167 0.042539 -0.108670 0.220632 
9.213320 -0.152562 -0.193903 -0.002585 -0.424919 0.157411 0.373523 0.039295 -0.109397 0.221410 
9.214621 -0.651641 -0.146891 0.011773 -0.419423 0.154679 0.360136 -0.207251 -0.108670 0.220632 
9.214754 -0.741493 -0.344815 0.461058 -0.442377 0.165437 0.357259 -0.192187 -0.111547 0.223710 
9.214622 -0.652042 -0.147092 0.010004 -0.419443 0.154681 0.360123 -0.207316 -0.358663 0.220632 
9.214774 -0.752736 -0.301724 -0.453594 -0.438267 0.167365 0.355559 -0.229142 -0.356949 0.223990 
9.214622 -0.651985 -0.142625 0.010295 -0.418990 0.154680 0.360118 -0.207342 -0.358669 0.470592 
9.214547 -0.643775 0.353830 0.040844 -0.370225 0.160757 0.358858 -0.213085 -0.360255 0.461673 
9.213974 -0.403335 -0.167239 0.007672 -0.421834 0.155978 0.366802 -0.209581 -0.359235 0.471000 
9.089622 -0.652312 -0.142640 0.010330 -0.418992 0.154680 0.360117 -0.207340 -0.358669 0.470592 
9.089773 -0.686634 -0.244177 0.235670 -0.430775 0.160232 0.358953 -0.199913 -0.361007 0.472248 
9.089623 -0.652529 -0.130357 0.009328 -0.543382 0.154681 0.360111 -0.207376 -0.358662 0.470599 
9.089692 -0.705118 -0.259965 -0.203518 -0.416072 0.163344 0.357576 -0.218253 -0.358261 0.473051 
9.089621 -0.652152 -0.134603 0.010947 -0.418202 0.279417 0.360109 -0.207388 -0.358680 0.470447 
9.089593 -0.665798 0.108776 -0.027910 -0.381499 0.267157 0.358328 -0.214513 -0.359830 0.466183 
9.089604 -0.645530 -0.135115 0.011077 -0.418258 0.279433 0.235286 -0.207409 -0.358684 0.470452 
9.088960 -0.403899 -0.149818 -0.009994 -0.415650 0.281376 0.373357 -0.211113 -0.359356 0.470718 
9.089692 -0.705712 -0.248488 -0.204388 -0.414691 0.291484 0.357625 -0.218453 -0.358286 0.472848 
9.089685 -0.669803 -0.183264 0.124424 -0.412824 0.285081 0.359585 -0.205665 -0.360538 0.471273 
9.089622 -0.652761 -0.131992 0.012917 -0.417941 0.279214 0.360078 -0.269799 -0.358678 0.470391 
9.089616 -0.661994 -0.012009 0.006441 -0.398283 0.273600 0.359136 -0.200934 -0.359521 0.468294 
9.089622 -0.652460 -0.135092 0.009667 -0.418243 0.279450 0.360096 -0.207447 -0.421164 0.470456 
9.089675 -0.692294 -0.167004 -0.102108 -0.407362 0.285703 0.358104 -0.209764 -0.354810 0.471258 
9.089620 -0.651896 -0.133501 0.010999 -0.418090 0.279417 0.360121 -0.207398 -0.358682 0.532936 
9.089284 -0.529465 -0.136600 -0.011240 -0.412750 0.281055 0.366650 -0.208427 -0.358337 0.469930 
9.089615 -0.651256 -0.127094 0.007480 -0.480145 0.279728 0.360162 -0.207226 -0.358514 0.470410 
9.058371 -0.652238 -0.134611 0.010948 -0.418201 0.279417 0.360109 -0.207388 -0.358679 0.470447 
9.058391 -0.669661 -0.150868 -0.046488 -0.413400 0.282621 0.359248 -0.208605 -0.356722 0.470777 
9.058347 -0.661164 -0.156999 0.029934 -0.415225 0.284157 0.359851 -0.205660 -0.357824 0.470736 
9.058360 -0.648084 -0.133633 0.010270 -0.417909 0.294428 0.360326 -0.207457 -0.358686 0.470412 
9.058262 -0.618858 -0.139794 0.006160 -0.415665 0.286694 0.361932 -0.207409 -0.358348 0.470359 
9.058362 -0.648918 -0.133494 0.010251 -0.417890 0.294423 0.375928 -0.207451 -0.358686 0.470410 
9.058318 -0.652596 -0.104088 0.011758 -0.408637 0.293930 0.375481 -0.204414 -0.358067 0.469787 
9.058362 -0.648978 -0.133736 0.010223 -0.418194 0.294424 0.375926 -0.207449 -0.358685 0.454790 
9.058336 -0.649565 -0.124902 0.009526 -0.448127 0.294825 0.375863 -0.206358 -0.358271 0.455219 
9.058362 -0.648979 -0.133327 0.010734 -0.418155 0.294393 0.375925 -0.214615 -0.344816 0.454782 
9.058355 -0.649665 -0.130990 0.011147 -0.417803 0.294423 0.375879 -0.235021 -0.373083 0.454730 
9.058358 -0.659643 -0.135321 -0.018782 -0.414475 0.296457 0.375346 -0.207725 -0.357865 0.454809 
9.058303 -0.685721 -0.144476 -0.020483 -0.403602 0.305386 0.374081 -0.204793 -0.356596 0.454737 
9.058248 -0.653966 -0.138684 -0.029832 -0.405870 0.295451 0.375699 -0.206147 -0.356984 0.454613 
9.050546 -0.659664 -0.135309 -0.018784 -0.414559 0.296457 0.375346 -0.207724 -0.357864 0.454811 
9.058676 -0.664749 -0.132607 -0.024333 -0.427681 0.298277 0.375084 -0.206455 -0.357276 0.455009 
9.058366 -0.658955 -0.141014 -0.018968 -0.416333 0.296642 0.375437 -0.212203 -0.359998 0.454931 
9.058363 -0.661277 -0.132608 -0.019221 -0.411513 0.296704 0.375242 -0.222764 -0.365757 0.454705 
9.058367 -0.659466 -0.140967 -0.018962 -0.416330 0.296296 0.383225 -0.212199 -0.359998 0.454930 
9.058381 -0.663356 -0.142415 -0.018639 -0.415999 0.281758 0.374438 -0.212009 -0.359919 0.454958 
9.058366 -0.658984 -0.141090 -0.018928 -0.416477 0.296640 0.375436 -0.212957 -0.358537 0.447295 
9.058368 -0.659071 -0.140796 -0.018559 -0.416133 0.296703 0.375413 -0.219916 -0.344949 0.450568 
9.058381 -0.652554 -0.138524 -0.017932 -0.418845 0.294483 0.375729 -0.220639 -0.345268 0.450586 
9.058414 -0.657098 -0.145174 -0.005163 -0.410351 0.298861 0.374976 -0.218362 -0.344002 0.450378 
9.058814 -0.661220 -0.148739 0.005126 -0.417239 0.305444 0.373262 -0.215623 -0.341322 0.450298 
9.058434 -0.654045 -0.148662 -0.006849 -0.404640 0.299813 0.374728 -0.217006 -0.342881 0.450202 
9.058462 -0.654388 -0.146112 -0.005237 -0.399927 0.300894 0.374327 -0.221790 -0.345191 0.449997 
9.058503 -0.656107 -0.147646 -0.003519 -0.397279 0.294184 0.373551 -0.222144 -0.345127 0.449909 
9.062303 -0.654423 -0.146114 -0.005235 -0.399886 0.300863 0.375031 -0.221791 -0.345192 0.449996 
9.057054 -0.654671 -0.146362 -0.004663 -0.399031 0.300982 0.381925 -0.221959 -0.345185 0.449959 
9.058460 -0.654521 -0.145157 -0.005185 -0.399672 0.300861 0.374310 -0.221365 -0.344135 0.446396 
9.058463 -0.654967 -0.139985 -0.004523 -0.397063 0.301062 0.374131 -0.217017 -0.342577 0.448727 
9.058461 -0.655964 -0.140409 -0.004708 -0.396721 0.301394 0.374087 -0.215251 -0.345755 0.447946 
9.058499 -0.649374 -0.138127 -0.002875 -0.397028 0.300222 0.374138 -0.214366 -0.348228 0.447131 
9.058520 -0.656203 -0.141556 -0.001282 -0.396737 0.302596 0.373793 -0.214650 -0.345255 0.447907 
9.058476 -0.659626 -0.138522 -0.010440 -0.393980 0.303142 0.373673 -0.215410 -0.345153 0.447659 
9.058459 -0.662950 -0.138655 -0.011591 -0.390796 0.296977 0.373096 -0.215273 -0.344796 0.447499 
9.058478 -0.660957 -0.136250 -0.009210 -0.394608 0.303140 0.373632 -0.217613 -0.346402 0.447657 
9.058384 -0.662482 -0.136995 -0.013904 -0.399188 0.302860 0.374295 -0.212373 -0.343848 0.447798 
9.056156 -0.659547 -0.139036 -0.010784 -0.394337 0.303039 0.371976 -0.215528 -0.346073 0.450027 
9.058345 -0.659728 -0.137820 -0.012766 -0.388586 0.306846 0.372608 -0.217535 -0.342595 0.447966 
9.058509 -0.655083 -0.135287 -0.015893 -0.386273 0.306019 0.372746 -0.217089 -0.346512 0.446687 
9.059891 -0.659613 -0.137674 -0.012530 -0.388998 0.306874 0.369190 -0.217177 -0.342527 0.447076 
9.059529 -0.662837 -0.139754 -0.009348 -0.385709 0.309915 0.368981 -0.214152 -0.344970 0.446168 
9.059183 -0.661389 -0.136540 -0.005009 -0.383678 0.309647 0.368732 -0.211104 -0.341658 0.448436 
9.062229 -0.663080 -0.140021 -0.009703 -0.385512 0.310056 0.369449 -0.214087 -0.345774 0.448773 
9.060085 -0.663502 -0.145272 -0.005975 -0.383237 0.311541 0.368361 -0.216817 -0.343576 0.445649 
9.059318 -0.668124 -0.139512 -0.011751 -0.386182 0.313550 0.368678 -0.210988 -0.343071 0.445897 
9.059513 -0.664551 -0.137652 -0.008027 -0.385747 0.310485 0.368819 -0.216275 -0.346106 0.446110 
9.060160 -0.665261 -0.137536 -0.008168 -0.384989 0.309238 0.369176 -0.216214 -0.345774 0.445413 
9.058225 -0.666322 -0.138064 -0.008728 -0.384114 0.307678 0.367550 -0.216250 -0.346390 0.447303 
9.060153 -0.664715 -0.137082 -0.009028 -0.383597 0.309899 0.368974 -0.216596 -0.345726 0.445320 
9.060162 -0.664409 -0.136905 -0.008804 -0.382345 0.310179 0.368964 -0.214873 -0.348770 0.444224 
9.060942 -0.664259 -0.136772 -0.008778 -0.382645 0.310106 0.367268 -0.214781 -0.348666 0.443807 
9.060055 -0.663116 -0.135142 -0.011506 -0.381684 0.309733 0.369389 -0.215563 -0.349959 0.443545 
9.060307 -0.664796 -0.138241 -0.009326 -0.382483 0.310429 0.368945 -0.215835 -0.349310 0.443687 
9.060438 -0.664913 -0.139677 -0.006849 -0.380197 0.311448 0.368579 -0.215833 -0.348520 0.443747 
9.060367 -0.667545 -0.139757 -0.007653 -0.379872 0.313474 0.368369 -0.214204 -0.347672 0.443555 
9.060376 -0.669482 -0.140392 -0.007384 -0.377932 0.315715 0.368060 -0.213082 -0.346779 0.443240 
9.060543 -0.671453 -0.142229 -0.009117 -0.377502 0.317407 0.367962 -0.213706 -0.347285 0.442116 
9.059149 -0.669453 -0.140281 -0.007128 -0.378111 0.315502 0.367922 -0.213068 -0.346337 0.441847 
9.062177 -0.671324 -0.140794 -0.005784 -0.378075 0.314590 0.369208 -0.211763 -0.346100 0.442194 
9.062411 -0.673878 -0.141558 -0.004601 -0.377524 0.312449 0.369109 -0.210473 -0.345849 0.442463 
9.062144 -0.672173 -0.139767 -0.005085 -0.378178 0.314897 0.369121 -0.212811 -0.346682 0.442196 
9.063914 -0.672228 -0.139858 -0.003322 -0.379512 0.316410 0.370555 -0.211805 -0.346119 0.440949 
9.062178 -0.671724 -0.139876 -0.004730 -0.377464 0.314862 0.369114 -0.212270 -0.348226 0.441662 
9.063658 -0.671607 -0.139611 -0.005040 -0.375755 0.314011 0.369777 -0.214442 -0.345449 0.441033 
9.062875 -0.671722 -0.139711 -0.005079 -0.375484 0.314046 0.371480 -0.214541 -0.345565 0.441457 
9.064248 -0.672363 -0.137049 -0.007173 -0.375648 0.313723 0.370352 -0.212939 -0.345454 0.440297 
9.064078 -0.671257 -0.140043 -0.005600 -0.376831 0.313014 0.370186 -0.214963 -0.345952 0.440618 
9.062809 -0.673240 -0.139084 -0.002670 -0.374268 0.315173 0.368816 -0.215135 -0.345236 0.442017 
9.063599 -0.672415 -0.139081 -0.002617 -0.373933 0.315363 0.368835 -0.214735 -0.345173 0.443498 
9.063129 -0.673695 -0.139518 -0.003107 -0.374132 0.315594 0.368829 -0.215274 -0.345448 0.442078 
9.062380 -0.673041 -0.140288 -0.003395 -0.373570 0.316462 0.368545 -0.214752 -0.344691 0.441684 
9.062310 -0.672671 -0.139856 -0.003543 -0.373711 0.316996 0.368543 -0.215258 -0.344885 0.441627 
9.062409 -0.673246 -0.138604 -0.004316 -0.373168 0.317288 0.368617 -0.214338 -0.344663 0.441467 
9.061970 -0.673226 -0.138595 -0.004773 -0.372884 0.316887 0.368267 -0.214593 -0.344826 0.441775 
9.062058 -0.674135 -0.138047 -0.006071 -0.372231 0.317515 0.368161 -0.214271 -0.344636 0.441614 
9.061795 -0.673394 -0.138419 -0.004799 -0.373275 0.316791 0.368252 -0.214843 -0.344041 0.441921 
9.061343 -0.672771 -0.138096 -0.003958 -0.372343 0.316509 0.368154 -0.214101 -0.345762 0.440916 
9.062379 -0.672987 -0.138521 -0.004718 -0.372269 0.316654 0.368426 -0.214952 -0.344501 0.441606 
9.062203 -0.672540 -0.138544 -0.004620 -0.372953 0.317254 0.368098 -0.213667 -0.345394 0.443158 
9.062357 -0.673142 -0.138540 -0.004752 -0.373035 0.316890 0.367416 -0.214580 -0.344781 0.441562 
9.062138 -0.672641 -0.138661 -0.004983 -0.373581 0.317920 0.367428 -0.215636 -0.345750 0.441384 
9.062442 -0.672747 -0.138633 -0.005318 -0.373391 0.316513 0.367672 -0.214349 -0.344850 0.441303 
9.062898 -0.673614 -0.138251 -0.003520 -0.372876 0.317433 0.366557 -0.213793 -0.344643 0.441514 
9.062671 -0.672824 -0.138547 -0.004996 -0.373424 0.316622 0.367411 -0.213988 -0.344815 0.441218 
9.062171 -0.672972 -0.138806 -0.004780 -0.372915 0.317065 0.367343 -0.214471 -0.344596 0.441475 
9.062356 -0.673619 -0.139255 -0.004684 -0.373088 0.316618 0.367406 -0.214463 -0.345125 0.441602 
9.062671 -0.673240 -0.138636 -0.004968 -0.373039 0.317065 0.367413 -0.214624 -0.344626 0.441692 
9.061981 -0.673539 -0.138214 -0.005127 -0.372746 0.317080 0.367453 -0.214209 -0.345072 0.441308 
9.061937 -0.673398 -0.138202 -0.005146 -0.372689 0.317084 0.367481 -0.214007 -0.345194 0.441703 
9.061557 -0.673182 -0.138156 -0.004745 -0.373003 0.317154 0.367370 -0.214330 -0.345662 0.441072 
9.062040 -0.673631 -0.138007 -0.004775 -0.372675 0.316960 0.367294 -0.214140 -0.344979 0.441354 
9.061751 -0.673687 -0.138395 -0.004647 -0.372487 0.317032 0.367298 -0.213420 -0.344827 0.441010 
9.061787 -0.673530 -0.138402 -0.004650 -0.372154 0.316782 0.367438 -0.213488 -0.344902 0.440914 
9.061703 -0.673711 -0.138362 -0.004579 -0.372549 0.317019 0.367506 -0.213423 -0.344771 0.441028 
9.061454 -0.673693 -0.138370 -0.004781 -0.372584 0.316740 0.367177 -0.213452 -0.344688 0.441057 
9.061723 -0.673555 -0.138257 -0.004692 -0.372460 0.317120 0.367290 -0.213396 -0.344731 0.440967 
9.061693 -0.673706 -0.138032 -0.004784 -0.372285 0.317326 0.367107 -0.213203 -0.344642 0.440911 
9.061584 -0.673700 -0.138101 -0.004697 -0.372070 0.317585 0.366930 -0.213264 -0.344395 0.440983 
9.061604 -0.673680 -0.138045 -0.004682 -0.371920 0.317823 0.366675 -0.213128 -0.344127 0.440972 
9.061428 -0.673830 -0.137894 -0.004594 -0.371782 0.318060 0.366807 -0.213073 -0.343889 0.441010 
9.061162 -0.673787 -0.137782 -0.004453 -0.371678 0.318318 0.366612 -0.213067 -0.343991 0.440923 
9.061107 -0.673890 -0.137873 -0.004690 -0.371630 0.318531 0.366602 -0.213209 -0.343873 0.440643 
9.061036 -0.673830 -0.137985 -0.004780 -0.371607 0.318577 0.366657 -0.213068 -0.343914 0.440697 
9.061009 -0.673842 -0.137846 -0.004974 -0.371443 0.318823 0.366562 -0.213162 -0.343878 0.440969 
9.061154 -0.673810 -0.137858 -0.004912 -0.371337 0.318913 0.366644 -0.213160 -0.343957 0.440929 
9.061067 -0.673758 -0.137834 -0.004915 -0.370903 0.318776 0.366642 -0.213113 -0.343877 0.440822 
9.061096 -0.674088 -0.138017 -0.004779 -0.370733 0.318917 0.366533 -0.212989 -0.343895 0.440843 
9.061109 -0.674227 -0.138204 -0.004574 -0.370528 0.319186 0.366483 -0.212880 -0.343780 0.440827 
9.061156 -0.674445 -0.138256 -0.004448 -0.370331 0.319443 0.366423 -0.212649 -0.343732 0.440751 
9.061008 -0.674622 -0.138479 -0.004265 -0.370145 0.319590 0.366555 -0.212792 -0.343799 0.440813 
9.061084 -0.674369 -0.138253 -0.004407 -0.370328 0.319489 0.366276 -0.212666 -0.343871 0.440693 
9.061442 -0.674413 -0.138520 -0.004507 -0.370242 0.319420 0.366204 -0.212613 -0.343583 0.440798 
9.061059 -0.674506 -0.138278 -0.004589 -0.370355 0.319501 0.366371 -0.212716 -0.343641 0.440670 
9.060838 -0.674557 -0.138181 -0.004520 -0.370370 0.319478 0.366176 -0.212617 -0.343418 0.440943 
9.060929 -0.674608 -0.138051 -0.004464 -0.370334 0.319505 0.366122 -0.212767 -0.343388 0.440942 
9.060879 -0.674705 -0.138111 -0.004221 -0.370473 0.319321 0.366079 -0.212744 -0.343219 0.440661 
9.060976 -0.674680 -0.138089 -0.004443 -0.370527 0.319593 0.366108 -0.212773 -0.343431 0.440999 
9.060969 -0.674443 -0.138031 -0.004457 -0.370552 0.319926 0.366199 -0.212747 -0.343193 0.440955 
9.061006 -0.674566 -0.137972 -0.004457 -0.370486 0.320011 0.366173 -0.212595 -0.343214 0.440894 
9.060976 -0.674718 -0.137815 -0.004845 -0.370458 0.320164 0.366162 -0.212518 -0.343125 0.440917 
9.060859 -0.674615 -0.137882 -0.004407 -0.370500 0.320038 0.366310 -0.212630 -0.343279 0.440887 
9.060960 -0.674739 -0.138264 -0.004377 -0.370259 0.320223 0.366185 -0.212689 -0.343162 0.440973 
9.060855 -0.674692 -0.138270 -0.004394 -0.370266 0.320288 0.366029 -0.212731 -0.343253 0.440888 
9.060948 -0.674596 -0.138235 -0.004206 -0.370083 0.320515 0.365959 -0.212532 -0.343399 0.441070 
9.060743 -0.674731 -0.138233 -0.004325 -0.370294 0.320249 0.365929 -0.212680 -0.343122 0.440974 
9.060915 -0.674816 -0.138387 -0.004206 -0.370249 0.320411 0.366026 -0.212632 -0.343102 0.440538 
9.060834 -0.674870 -0.138225 -0.004758 -0.370160 0.320505 0.365988 -0.212689 -0.343165 0.440942 
9.060784 -0.674763 -0.138295 -0.005008 -0.370116 0.320791 0.366015 -0.212824 -0.342955 0.441042 
9.060877 -0.674819 -0.138167 -0.004951 -0.370088 0.320818 0.365960 -0.212976 -0.342929 0.441044 
9.060956 -0.675098 -0.138275 -0.005027 -0.370362 0.320958 0.365883 -0.212972 -0.343057 0.441183 
9.061011 -0.674776 -0.138262 -0.005000 -0.370058 0.320739 0.365822 -0.212959 -0.342885 0.441056 
9.060773 -0.675083 -0.138139 -0.005163 -0.369768 0.320761 0.365930 -0.212970 -0.343004 0.441057 
9.060861 -0.674731 -0.138067 -0.005042 -0.370129 0.320739 0.365954 -0.212999 -0.343012 0.441177 
9.060982 -0.674892 -0.138021 -0.005013 -0.370145 0.320975 0.365922 -0.212742 -0.342773 0.440747 
9.060934 -0.674920 -0.138045 -0.005098 -0.370238 0.320866 0.365946 -0.212855 -0.342733 0.440632 
9.061030 -0.674781 -0.138149 -0.004945 -0.370032 0.321220 0.365843 -0.212800 -0.343055 0.440545 
9.061328 -0.674826 -0.138273 -0.004873 -0.369905 0.321309 0.366162 -0.212767 -0.343066 0.440543 
9.061328 -0.674890 -0.138445 -0.004558 -0.369749 0.321553 0.366097 -0.212673 -0.342974 0.440544 
9.061408 -0.674878 -0.138545 -0.004281 -0.369574 0.321853 0.366052 -0.212527 -0.342977 0.440579 
9.061367 -0.674759 -0.138463 -0.004466 -0.369917 0.321567 0.366120 -0.212707 -0.342930 0.440530 
9.061228 -0.675134 -0.138682 -0.004547 -0.369641 0.321508 0.366127 -0.212833 -0.342878 0.440292 
9.061304 -0.674844 -0.138465 -0.004687 -0.369733 0.321685 0.366114 -0.212727 -0.342846 0.440591 
9.061358 -0.675027 -0.138302 -0.004688 -0.369792 0.321642 0.366141 -0.212467 -0.342530 0.440542 
9.061314 -0.674899 -0.138226 -0.004640 -0.369657 0.321577 0.366188 -0.212490 -0.342466 0.440480 
9.061288 -0.675218 -0.138034 -0.004537 -0.369819 0.321756 0.366262 -0.212716 -0.342542 0.440647 
9.061128 -0.675209 -0.138057 -0.004543 -0.369859 0.321794 0.366399 -0.212620 -0.342592 0.440636 
9.061051 -0.675256 -0.138220 -0.004487 -0.369775 0.321610 0.366447 -0.212624 -0.342459 0.441009 
9.060897 -0.675247 -0.138194 -0.004454 -0.369806 0.321618 0.366268 -0.212620 -0.342433 0.441011 
9.060805 -0.675372 -0.138068 -0.004794 -0.369582 0.321696 0.366196 -0.212545 -0.342452 0.441135 
9.060845 -0.675286 -0.138199 -0.004566 -0.369883 0.321475 0.366297 -0.212722 -0.342408 0.440943 
9.060841 -0.675450 -0.138449 -0.004323 -0.369605 0.321795 0.366260 -0.212661 -0.342306 0.440858 
9.060838 -0.675349 -0.138475 -0.004396 -0.369669 0.321919 0.366286 -0.212725 -0.342172 0.440893 
9.060897 -0.675276 -0.138503 -0.004122 -0.369655 0.322193 0.366216 -0.212517 -0.342094 0.441050 
9.060845 -0.675448 -0.138371 -0.004495 -0.369623 0.321926 0.366283 -0.212606 -0.342059 0.440897 
9.060779 -0.675484 -0.138316 -0.004776 -0.369334 0.322100 0.366214 -0.212595 -0.342177 0.441033 
9.060739 -0.675566 -0.138175 -0.004696 -0.369333 0.322150 0.366279 -0.212721 -0.342176 0.441079 
9.060661 -0.675314 -0.138039 -0.004610 -0.369049 0.322031 0.366357 -0.212706 -0.342014 0.440957 
9.060798 -0.675330 -0.138045 -0.004595 -0.368996 0.321965 0.366237 -0.212797 -0.341945 0.441031 
9.060983 -0.675318 -0.137859 -0.004638 -0.369032 0.322144 0.366093 -0.212810 -0.341993 0.440697 
9.060638 -0.675327 -0.138020 -0.004580 -0.369039 0.321951 0.366064 -0.212810 -0.341915 0.441021 
9.060620 -0.675576 -0.137930 -0.004751 -0.369053 0.321897 0.366126 -0.212662 -0.341585 0.440982 
9.060636 -0.675388 -0.138114 -0.004447 -0.368958 0.322079 0.366038 -0.212757 -0.341862 0.441009 
9.060724 -0.675289 -0.137941 -0.004289 -0.369007 0.322213 0.365967 -0.212460 -0.341836 0.441235 
9.060728 -0.675402 -0.137901 -0.004230 -0.368938 0.322091 0.365941 -0.212380 -0.341954 0.441200 
9.060715 -0.675371 -0.138127 -0.004007 -0.368842 0.322480 0.365911 -0.212366 -0.341749 0.441240 
9.060600 -0.675202 -0.137908 -0.004237 -0.369052 0.322212 0.365805 -0.212484 -0.341891 0.441271 
9.060706 -0.675300 -0.137926 -0.004361 -0.368935 0.322255 0.365949 -0.212456 -0.341862 0.441269 
9.060637 -0.675402 -0.137865 -0.004419 -0.368963 0.322241 0.365898 -0.212373 -0.341698 0.441263 
9.060620 -0.675443 -0.137795 -0.004380 -0.368963 0.322264 0.365931 -0.212438 -0.341698 0.441289 
9.060744 -0.675401 -0.137891 -0.004416 -0.368907 0.322152 0.365842 -0.212412 -0.341628 0.441427 
9.060626 -0.675339 -0.137826 -0.004400 -0.368893 0.322214 0.365914 -0.212371 -0.341659 0.441226 
9.060793 -0.675413 -0.137782 -0.004442 -0.368972 0.322310 0.365782 -0.212398 -0.341698 0.441169 
9.060662 -0.675368 -0.137814 -0.004403 -0.368987 0.322267 0.365923 -0.212295 -0.341712 0.441310 
9.060691 -0.675411 -0.137833 -0.004599 -0.368952 0.322337 0.366020 -0.212250 -0.341724 0.441336 
9.060642 -0.675333 -0.137765 -0.004460 -0.369034 0.322206 0.365908 -0.212322 -0.341741 0.441316 
9.060642 -0.675407 -0.137901 -0.004277 -0.368903 0.322407 0.365868 -0.212241 -0.341678 0.441327 
9.060665 -0.675439 -0.138009 -0.004135 -0.368870 0.322534 0.365872 -0.212199 -0.341593 0.441319 
9.060668 -0.675570 -0.138003 -0.004066 -0.368746 0.322491 0.365837 -0.212103 -0.341691 0.441303 
9.060643 -0.675549 -0.137994 -0.003993 -0.368800 0.322446 0.365778 -0.212105 -0.341696 0.441295 
9.060603 -0.675555 -0.138021 -0.004146 -0.368626 0.322650 0.365779 -0.212100 -0.341709 0.441374 
9.060653 -0.675540 -0.137985 -0.004196 -0.368567 0.322790 0.365863 -0.211977 -0.341715 0.441461 
9.060595 -0.675612 -0.138130 -0.004320 -0.368610 0.322844 0.365872 -0.211880 -0.341724 0.441453 
9.060583 -0.675576 -0.138143 -0.004301 -0.368619 0.322881 0.365909 -0.211894 -0.341806 0.441397 
9.060706 -0.675570 -0.138264 -0.004327 -0.368559 0.322821 0.365871 -0.211927 -0.341796 0.441585 
9.060670 -0.675645 -0.138110 -0.004339 -0.368645 0.322886 0.365813 -0.211893 -0.341742 0.441427 
9.060717 -0.675562 -0.138129 -0.004413 -0.368502 0.322918 0.365784 -0.211825 -0.341668 0.441317 
9.060728 -0.675592 -0.138177 -0.004341 -0.368494 0.322970 0.365802 -0.211845 -0.341615 0.441302 
9.060707 -0.675702 -0.138163 -0.004369 -0.368393 0.323123 0.365876 -0.211903 -0.341556 0.441310 
9.060655 -0.675689 -0.138185 -0.004279 -0.368368 0.323298 0.365805 -0.211816 -0.341501 0.441353 
9.060694 -0.675793 -0.138200 -0.004166 -0.368306 0.323375 0.365838 -0.211667 -0.341478 0.441337 
9.060737 -0.675749 -0.138180 -0.004186 -0.368357 0.323403 0.365906 -0.211641 -0.341443 0.441359 
9.060682 -0.675716 -0.138253 -0.004158 -0.368382 0.323564 0.365867 -0.211682 -0.341304 0.441344 
9.060651 -0.675738 -0.138304 -0.004242 -0.368400 0.323574 0.365864 -0.211627 -0.341321 0.441338 
9.060618 -0.675674 -0.138219 -0.004358 -0.368295 0.323671 0.365819 -0.211533 -0.341350 0.441379 
9.060617 -0.675775 -0.138200 -0.004505 -0.368198 0.323739 0.365923 -0.211574 -0.341328 0.441355 
9.060650 -0.675700 -0.138231 -0.004377 -0.368277 0.323633 0.365785 -0.211528 -0.341287 0.441455 
9.060727 -0.675640 -0.138372 -0.004374 -0.368214 0.323699 0.365804 -0.211553 -0.341400 0.441546 
9.060799 -0.675674 -0.138349 -0.004394 -0.368255 0.323737 0.365746 -0.211567 -0.341422 0.441525 
9.060714 -0.675751 -0.138291 -0.004409 -0.368352 0.323823 0.365723 -0.211536 -0.341498 0.441662 
9.060738 -0.675802 -0.138299 -0.004352 -0.368324 0.323849 0.365741 -0.211457 -0.341490 0.441651 
9.060799 -0.675799 -0.138312 -0.004419 -0.368320 0.323909 0.365656 -0.211262 -0.341493 0.441602 
9.060849 -0.675770 -0.138215 -0.004324 -0.368239 0.324062 0.365598 -0.211271 -0.341426 0.441615 
9.060853 -0.675831 -0.138329 -0.004266 -0.368310 0.324196 0.365569 -0.211284 -0.341310 0.441573 
9.060981 -0.675775 -0.138270 -0.004256 -0.368410 0.324234 0.365706 -0.211240 -0.341256 0.441611 
9.060983 -0.675728 -0.138279 -0.004181 -0.368457 0.324195 0.365656 -0.211222 -0.341269 0.441622 
9.061045 -0.675920 -0.138221 -0.004314 -0.368296 0.324345 0.365753 -0.211250 -0.341241 0.441579 
9.060966 -0.675858 -0.138290 -0.004343 -0.368170 0.324442 0.365847 -0.211190 -0.341202 0.441646 
9.060818 -0.675937 -0.138165 -0.004364 -0.368243 0.324482 0.365850 -0.211129 -0.341158 0.441697 
9.060941 -0.675838 -0.138283 -0.004327 -0.368193 0.324495 0.365875 -0.211195 -0.341281 0.441591 
9.060903 -0.675798 -0.138235 -0.004323 -0.368137 0.324449 0.365925 -0.211178 -0.341161 0.441413 
9.060965 -0.675813 -0.138286 -0.004390 -0.368204 0.324517 0.365820 -0.211121 -0.341286 0.441568 
9.060936 -0.675781 -0.138254 -0.004459 -0.368179 0.324595 0.365866 -0.211354 -0.341232 0.441607 
9.060933 -0.675875 -0.138361 -0.004316 -0.368246 0.324534 0.365872 -0.211200 -0.341235 0.441566 
9.060921 -0.675970 -0.138432 -0.004451 -0.368229 0.324469 0.366010 -0.211171 -0.341288 0.441558 
9.060985 -0.675949 -0.138368 -0.004222 -0.368117 0.324678 0.365882 -0.211138 -0.341211 0.441579 
9.061050 -0.675844 -0.138380 -0.004144 -0.368165 0.324748 0.366002 -0.211052 -0.341146 0.441650 
9.060845 -0.675952 -0.138469 -0.004171 -0.367995 0.324687 0.365774 -0.211132 -0.341239 0.441579 
9.061035 -0.676011 -0.138336 -0.004203 -0.368130 0.324681 0.365853 -0.211155 -0.341219 0.441547 
9.061047 -0.676012 -0.138319 -0.004250 -0.368114 0.324735 0.365847 -0.211216 -0.341198 0.441547 
9.060994 -0.676051 -0.138263 -0.004264 -0.368137 0.324765 0.365847 -0.211201 -0.341177 0.441565 
9.060997 -0.676110 -0.138252 -0.004326 -0.368119 0.324793 0.365882 -0.211218 -0.341176 0.441563 
9.061002 -0.676058 -0.138273 -0.004265 -0.368150 0.324774 0.365838 -0.211205 -0.341201 0.441602 
9.061012 -0.676041 -0.138226 -0.004254 -0.368171 0.324833 0.365813 -0.211238 -0.341162 0.441611 
9.060962 -0.676061 -0.138235 -0.004254 -0.368135 0.324840 0.365746 -0.211269 -0.341173 0.441601 
9.060950 -0.676068 -0.138235 -0.004229 -0.368129 0.324832 0.365770 -0.211298 -0.341170 0.441612 
9.060926 -0.676020 -0.138261 -0.004262 -0.368093 0.324884 0.365767 -0.211242 -0.341154 0.441633 
9.060914 -0.676012 -0.138262 -0.004257 -0.368106 0.324906 0.365779 -0.211245 -0.341185 0.441609 
9.060903 -0.676028 -0.138323 -0.004278 -0.368150 0.324890 0.365764 -0.211256 -0.341112 0.441623 
9.060914 -0.675994 -0.138250 -0.004290 -0.368100 0.324866 0.365769 -0.211260 -0.341160 0.441639 
9.060893 -0.676053 -0.138252 -0.004222 -0.368075 0.324932 0.365753 -0.211192 -0.341129 0.441650 
9.060915 -0.676062 -0.138285 -0.004187 -0.368024 0.324992 0.365735 -0.211181 -0.341109 0.441650 
9.060892 -0.676024 -0.138258 -0.004192 -0.368084 0.324917 0.365736 -0.211183 -0.341130 0.441651 
9.060853 -0.676099 -0.138220 -0.004275 -0.368059 0.324967 0.365775 -0.211186 -0.341117 0.441668 
9.060861 -0.676106 -0.138230 -0.004276 -0.368072 0.324976 0.365766 -0.211189 -0.341142 0.441705 
9.060901 -0.676132 -0.138257 -0.004270 -0.368013 0.325018 0.365779 -0.211198 -0.341109 0.441652 
9.060906 -0.676147 -0.138277 -0.004244 -0.367959 0.325085 0.365763 -0.211182 -0.341083 0.441660 
9.060912 -0.676160 -0.138299 -0.004201 -0.367913 0.325146 0.365743 -0.211158 -0.341058 0.441665 
9.060924 -0.676178 -0.138305 -0.004260 -0.367865 0.325191 0.365760 -0.211192 -0.341050 0.441668 
9.060891 -0.676190 -0.138275 -0.004284 -0.367827 0.325203 0.365784 -0.211184 -0.341000 0.441618 
9.060869 -0.676203 -0.138296 -0.004288 -0.367806 0.325185 0.365769 -0.211183 -0.341018 0.441611 
9.060926 -0.676224 -0.138309 -0.004301 -0.367811 0.325206 0.365849 -0.211144 -0.341010 0.441624 
9.060940 -0.676218 -0.138307 -0.004325 -0.367818 0.325212 0.365824 -0.211116 -0.341013 0.441611 
9.060960 -0.676301 -0.138292 -0.004297 -0.367814 0.325224 0.365832 -0.211182 -0.341012 0.441604 
9.060978 -0.676296 -0.138263 -0.004291 -0.367785 0.325209 0.365829 -0.211177 -0.341023 0.441613 
9.060987 -0.676307 -0.138324 -0.004315 -0.367803 0.325188 0.365811 -0.211196 -0.340941 0.441631 
9.061008 -0.676287 -0.138340 -0.004305 -0.367797 0.325184 0.365814 -0.211211 -0.340944 0.441598 
9.061008 -0.676283 -0.138370 -0.004343 -0.367771 0.325253 0.365826 -0.211256 -0.340944 0.441608 
9.061007 -0.676298 -0.138404 -0.004287 -0.367750 0.325313 0.365812 -0.211235 -0.340914 0.441602 
9.061006 -0.676315 -0.138441 -0.004235 -0.367731 0.325375 0.365803 -0.211218 -0.340884 0.441593 
9.060989 -0.676302 -0.138387 -0.004299 -0.367735 0.325313 0.365825 -0.211230 -0.340890 0.441575 
9.060982 -0.676321 -0.138417 -0.004252 -0.367711 0.325375 0.365820 -0.211212 -0.340852 0.441558 
9.060976 -0.676316 -0.138439 -0.004298 -0.367681 0.325439 0.365836 -0.211257 -0.340847 0.441560 
9.060999 -0.676294 -0.138477 -0.004315 -0.367661 0.325474 0.365858 -0.211308 -0.340842 0.441509 
9.060997 -0.676303 -0.138417 -0.004295 -0.367704 0.325454 0.365852 -0.211258 -0.340828 0.441568 
9.060985 -0.676329 -0.138424 -0.004336 -0.367694 0.325483 0.365849 -0.211269 -0.340773 0.441626 
9.060990 -0.676330 -0.138441 -0.004303 -0.367697 0.325553 0.365835 -0.211262 -0.340811 0.441670 
9.061026 -0.676314 -0.138397 -0.004297 -0.367619 0.325555 0.365828 -0.211261 -0.340815 0.441689 
9.061004 -0.676306 -0.138387 -0.004273 -0.367620 0.325550 0.365824 -0.211295 -0.340809 0.441696 
9.061022 -0.676285 -0.138376 -0.004322 -0.367633 0.325578 0.365746 -0.211257 -0.340806 0.441667 
9.061007 -0.676245 -0.138391 -0.004323 -0.367628 0.325574 0.365754 -0.211241 -0.340799 0.441677 
9.060985 -0.676290 -0.138330 -0.004359 -0.367623 0.325631 0.365777 -0.211234 -0.340833 0.441668 
9.061032 -0.676274 -0.138375 -0.004347 -0.367644 0.325564 0.365746 -0.211275 -0.340831 0.441686 
9.061055 -0.676306 -0.138389 -0.004287 -0.367613 0.325623 0.365731 -0.211206 -0.340764 0.441681 
9.061065 -0.676323 -0.138388 -0.004230 -0.367591 0.325671 0.365714 -0.211182 -0.340716 0.441700 
9.061132 -0.676333 -0.138415 -0.004265 -0.367591 0.325683 0.365708 -0.211131 -0.340727 0.441723 
9.061181 -0.676367 -0.138399 -0.004264 -0.367611 0.325683 0.365650 -0.211177 -0.340736 0.441742 
9.061168 -0.676381 -0.138382 -0.004274 -0.367615 0.325657 0.365644 -0.211161 -0.340717 0.441762 
9.061181 -0.676396 -0.138400 -0.004327 -0.367588 0.325668 0.365652 -0.211192 -0.340653 0.441739 
9.061160 -0.676413 -0.138425 -0.004332 -0.367564 0.325668 0.365635 -0.211192 -0.340668 0.441747 
9.061182 -0.676449 -0.138422 -0.004321 -0.367541 0.325640 0.365602 -0.211151 -0.340674 0.441683 
9.061176 -0.676454 -0.138454 -0.004312 -0.367574 0.325632 0.365598 -0.211150 -0.340661 0.441677 
9.061152 -0.676505 -0.138441 -0.004346 -0.367609 0.325691 0.365592 -0.211126 -0.340676 0.441669 
9.061161 -0.676536 -0.138444 -0.004334 -0.367605 0.325683 0.365625 -0.211134 -0.340683 0.441674 
9.061187 -0.676577 -0.138504 -0.004349 -0.367600 0.325685 0.365597 -0.211101 -0.340684 0.441718 
9.061164 -0.676618 -0.138517 -0.004293 -0.367582 0.325716 0.365563 -0.211100 -0.340642 0.441735 
9.061138 -0.676665 -0.138537 -0.004242 -0.367565 0.325741 0.365526 -0.211102 -0.340604 0.441753 
9.061178 -0.676630 -0.138507 -0.004295 -0.367594 0.325708 0.365538 -0.211133 -0.340651 0.441739 
9.061152 -0.676677 -0.138527 -0.004244 -0.367577 0.325734 0.365501 -0.211133 -0.340613 0.441757 
9.061196 -0.676620 -0.138524 -0.004282 -0.367588 0.325739 0.365540 -0.211144 -0.340666 0.441722 
9.061219 -0.676650 -0.138539 -0.004338 -0.367600 0.325686 0.365524 -0.211091 -0.340659 0.441789 
9.061183 -0.676636 -0.138516 -0.004323 -0.367581 0.325713 0.365543 -0.211150 -0.340621 0.441726 
9.061174 -0.676695 -0.138522 -0.004314 -0.367579 0.325681 0.365608 -0.211173 -0.340645 0.441722 
9.061153 -0.676633 -0.138536 -0.004338 -0.367567 0.325708 0.365528 -0.211156 -0.340643 0.441723 
9.061155 -0.676660 -0.138477 -0.004361 -0.367634 0.325753 0.365535 -0.211125 -0.340620 0.441702 
9.061192 -0.676646 -0.138521 -0.004316 -0.367579 0.325692 0.365528 -0.211132 -0.340621 0.441690 
9.061166 -0.676608 -0.138565 -0.004311 -0.367651 0.325690 0.365549 -0.211166 -0.340594 0.441726 
9.061174 -0.676627 -0.138484 -0.004314 -0.367590 0.325686 0.365531 -0.211161 -0.340633 0.441733 
9.061202 -0.676627 -0.138516 -0.004347 -0.367511 0.325752 0.365560 -0.211126 -0.340581 0.441726 
9.061203 -0.676592 -0.138574 -0.004356 -0.367522 0.325766 0.365585 -0.211121 -0.340515 0.441725 
9.061251 -0.676609 -0.138607 -0.004397 -0.367526 0.325759 0.365572 -0.211080 -0.340517 0.441778 
9.061190 -0.676605 -0.138576 -0.004334 -0.367520 0.325776 0.365553 -0.211117 -0.340496 0.441739 
9.061176 -0.676671 -0.138602 -0.004312 -0.367493 0.325789 0.365602 -0.211123 -0.340466 0.441745 
9.061183 -0.676619 -0.138563 -0.004353 -0.367549 0.325803 0.365554 -0.211111 -0.340492 0.441733 
9.061154 -0.676609 -0.138558 -0.004379 -0.367534 0.325861 0.365535 -0.211063 -0.340460 0.441700 
9.061139 -0.676597 -0.138509 -0.004402 -0.367550 0.325893 0.365533 -0.211063 -0.340390 0.441721 
9.061174 -0.676596 -0.138498 -0.004376 -0.367556 0.325905 0.365539 -0.211050 -0.340385 0.441710 
9.061195 -0.676586 -0.138523 -0.004368 -0.367563 0.325991 0.365522 -0.211078 -0.340395 0.441705 
9.061225 -0.676608 -0.138547 -0.004373 -0.367590 0.326027 0.365481 -0.211090 -0.340368 0.441646 
9.061217 -0.676595 -0.138571 -0.004339 -0.367637 0.326095 0.365480 -0.211058 -0.340375 0.441638 
9.061227 -0.676618 -0.138545 -0.004324 -0.367638 0.326176 0.365456 -0.211042 -0.340406 0.441626 
9.061236 -0.676603 -0.138531 -0.004325 -0.367647 0.326253 0.365485 -0.211044 -0.340429 0.441579 
9.061286 -0.676618 -0.138557 -0.004356 -0.367654 0.326304 0.365475 -0.210999 -0.340436 0.441610 
9.061296 -0.676593 -0.138559 -0.004313 -0.367640 0.326364 0.365416 -0.210984 -0.340439 0.441609 
9.061285 -0.676648 -0.138585 -0.004271 -0.367608 0.326410 0.365434 -0.210982 -0.340409 0.441614 
9.061290 -0.676587 -0.138533 -0.004323 -0.367650 0.326376 0.365416 -0.210988 -0.340404 0.441623 
9.061308 -0.676593 -0.138497 -0.004307 -0.367711 0.326422 0.365390 -0.211014 -0.340405 0.441653 
9.061281 -0.676592 -0.138515 -0.004330 -0.367707 0.326435 0.365379 -0.211034 -0.340413 0.441663 
9.061242 -0.676597 -0.138483 -0.004351 -0.367720 0.326463 0.365345 -0.210971 -0.340394 0.441639 
9.061224 -0.676582 -0.138478 -0.004338 -0.367721 0.326466 0.365366 -0.210954 -0.340410 0.441666 
9.061243 -0.676571 -0.138420 -0.004360 -0.367658 0.326495 0.365358 -0.210960 -0.340417 0.441690 
9.061226 -0.676565 -0.138478 -0.004343 -0.367727 0.326492 0.365393 -0.210961 -0.340415 0.441639 
9.061234 -0.676521 -0.138505 -0.004335 -0.367727 0.326484 0.365350 -0.210937 -0.340348 0.441695 
9.061184 -0.676487 -0.138474 -0.004285 -0.367720 0.326470 0.365332 -0.210971 -0.340320 0.441675 
9.061238 -0.676495 -0.138492 -0.004357 -0.367743 0.326459 0.365343 -0.210938 -0.340363 0.441692 
9.061224 -0.676563 -0.138520 -0.004327 -0.367722 0.326525 0.365384 -0.210925 -0.340286 0.441726 
9.061233 -0.676579 -0.138565 -0.004281 -0.367700 0.326585 0.365365 -0.210895 -0.340280 0.441737 
9.061243 -0.676582 -0.138548 -0.004274 -0.367733 0.326604 0.365353 -0.210910 -0.340285 0.441751 
9.061243 -0.676594 -0.138547 -0.004299 -0.367767 0.326629 0.365383 -0.210893 -0.340222 0.441800 
9.061209 -0.676596 -0.138526 -0.004278 -0.367785 0.326650 0.365400 -0.210907 -0.340145 0.441827 
9.061181 -0.676594 -0.138544 -0.004301 -0.367782 0.326663 0.365389 -0.210927 -0.340153 0.441837 
9.061196 -0.676542 -0.138575 -0.004348 -0.367810 0.326678 0.365369 -0.210909 -0.340133 0.441877 
9.061176 -0.676547 -0.138560 -0.004356 -0.367818 0.326690 0.365351 -0.210877 -0.340134 0.441861 
9.061158 -0.676608 -0.138574 -0.004388 -0.367831 0.326742 0.365355 -0.210838 -0.340142 0.441878 
9.061159 -0.676603 -0.138562 -0.004345 -0.367868 0.326793 0.365301 -0.210854 -0.340170 0.441887 
9.061194 -0.676634 -0.138568 -0.004374 -0.367871 0.326804 0.365256 -0.210883 -0.340126 0.441842 
9.061199 -0.676643 -0.138551 -0.004376 -0.367846 0.326793 0.365233 -0.210880 -0.340124 0.441871 
9.061212 -0.676604 -0.138523 -0.004398 -0.367832 0.326864 0.365282 -0.210894 -0.340133 0.441829 
9.061213 -0.676610 -0.138496 -0.004418 -0.367860 0.326851 0.365288 -0.210907 -0.340144 0.441835 
9.061172 -0.676590 -0.138554 -0.004374 -0.367806 0.326916 0.365238 -0.210863 -0.340125 0.441808 
9.061177 -0.676574 -0.138617 -0.004352 -0.367787 0.326978 0.365214 -0.210854 -0.340115 0.441827 
9.061193 -0.676577 -0.138591 -0.004304 -0.367799 0.327000 0.365214 -0.210795 -0.340066 0.441817 
9.061218 -0.676565 -0.138596 -0.004317 -0.367801 0.326993 0.365202 -0.210768 -0.340090 0.441808 
9.061181 -0.676621 -0.138601 -0.004253 -0.367756 0.327023 0.365207 -0.210795 -0.340101 0.441777 
9.061202 -0.676549 -0.138582 -0.004278 -0.367804 0.326993 0.365197 -0.210817 -0.340070 0.441812 
9.061152 -0.676564 -0.138623 -0.004346 -0.367762 0.327001 0.365225 -0.210756 -0.340019 0.441807 
9.061108 -0.676587 -0.138615 -0.004382 -0.367804 0.327054 0.365201 -0.210730 -0.340024 0.441825 
9.061131 -0.676605 -0.138610 -0.004426 -0.367797 0.327119 0.365245 -0.210719 -0.340010 0.441852 
9.061095 -0.676671 -0.138627 -0.004414 -0.367770 0.327149 0.365241 -0.210691 -0.340037 0.441824 
9.061036 -0.676675 -0.138633 -0.004427 -0.367768 0.327216 0.365209 -0.210667 -0.340031 0.441813 
9.060997 -0.676668 -0.138667 -0.004445 -0.367708 0.327233 0.365220 -0.210635 -0.339994 0.441787 
9.060994 -0.676689 -0.138747 -0.004430 -0.367723 0.327250 0.365201 -0.210620 -0.339977 0.441826 
9.060996 -0.676709 -0.138717 -0.004437 -0.367671 0.327242 0.365151 -0.210607 -0.339970 0.441883 
9.060978 -0.676692 -0.138715 -0.004422 -0.367668 0.327240 0.365173 -0.210592 -0.339992 0.441905 
9.060921 -0.676735 -0.138735 -0.004445 -0.367670 0.327261 0.365159 -0.210542 -0.339972 0.441928 
9.060938 -0.676746 -0.138752 -0.004439 -0.367630 0.327345 0.365167 -0.210542 -0.339976 0.441947 
9.060922 -0.676732 -0.138745 -0.004455 -0.367552 0.327385 0.365186 -0.210527 -0.339960 0.441922 
9.060897 -0.676733 -0.138783 -0.004505 -0.367529 0.327396 0.365179 -0.210576 -0.340006 0.441938 
9.060943 -0.676721 -0.138752 -0.004475 -0.367554 0.327385 0.365175 -0.210496 -0.339980 0.441915 
9.060920 -0.676736 -0.138760 -0.004389 -0.367524 0.327443 0.365157 -0.210512 -0.339945 0.441924 
9.060927 -0.676685 -0.138756 -0.004410 -0.367538 0.327485 0.365160 -0.210511 -0.339889 0.441967 
9.060966 -0.676722 -0.138772 -0.004401 -0.367508 0.327504 0.365212 -0.210496 -0.339852 0.442004 
9.060973 -0.676730 -0.138743 -0.004404 -0.367490 0.327495 0.365190 -0.210496 -0.339857 0.442028 
9.060971 -0.676753 -0.138666 -0.004410 -0.367496 0.327553 0.365193 -0.210495 -0.339866 0.442040 
9.060931 -0.676772 -0.138631 -0.004416 -0.367466 0.327552 0.365157 -0.210456 -0.339826 0.442078 
9.060916 -0.676725 -0.138604 -0.004378 -0.367445 0.327544 0.365193 -0.210441 -0.339863 0.442123 
9.060934 -0.676757 -0.138620 -0.004424 -0.367431 0.327553 0.365164 -0.210461 -0.339816 0.442051 
9.060987 -0.676770 -0.138588 -0.004392 -0.367459 0.327558 0.365114 -0.210492 -0.339806 0.442109 
9.060963 -0.676779 -0.138594 -0.004391 -0.367450 0.327561 0.365121 -0.210531 -0.339803 0.442120 
9.061001 -0.676768 -0.138611 -0.004439 -0.367422 0.327602 0.365085 -0.210487 -0.339850 0.442141 
9.061004 -0.676748 -0.138604 -0.004473 -0.367437 0.327594 0.365097 -0.210492 -0.339835 0.442156 
9.061010 -0.676836 -0.138574 -0.004441 -0.367396 0.327564 0.365088 -0.210484 -0.339894 0.442137 
9.060982 -0.676751 -0.138598 -0.004444 -0.367433 0.327591 0.365056 -0.210495 -0.339868 0.442127 
9.060995 -0.676782 -0.138616 -0.004386 -0.367412 0.327679 0.365080 -0.210468 -0.339829 0.442135 
9.060991 -0.676794 -0.138630 -0.004329 -0.367397 0.327751 0.365070 -0.210449 -0.339806 0.442131 
9.060985 -0.676806 -0.138613 -0.004298 -0.367402 0.327838 0.365080 -0.210433 -0.339784 0.442128 
9.061000 -0.676806 -0.138674 -0.004256 -0.367364 0.327866 0.365070 -0.210414 -0.339750 0.442149 
9.060964 -0.676824 -0.138596 -0.004306 -0.367387 0.327829 0.365067 -0.210413 -0.339768 0.442143 
9.060970 -0.676892 -0.138575 -0.004271 -0.367361 0.327824 0.365068 -0.210409 -0.339817 0.442119 
9.060978 -0.676915 -0.138589 -0.004291 -0.367371 0.327828 0.365051 -0.210417 -0.339799 0.442097 
9.060929 -0.676889 -0.138575 -0.004270 -0.367380 0.327839 0.364979 -0.210414 -0.339816 0.442070 
9.060926 -0.676905 -0.138586 -0.004262 -0.367415 0.327837 0.364972 -0.210409 -0.339826 0.442096 
9.060928 -0.676895 -0.138551 -0.004336 -0.367353 0.327887 0.364960 -0.210408 -0.339848 0.442091 
9.060959 -0.676887 -0.138552 -0.004260 -0.367379 0.327836 0.364959 -0.210431 -0.339806 0.442084 
9.060994 -0.676874 -0.138526 -0.004264 -0.367400 0.327829 0.364954 -0.210350 -0.339802 0.442054 
9.060946 -0.676890 -0.138519 -0.004270 -0.367402 0.327831 0.364975 -0.210445 -0.339806 0.442074 
9.060937 -0.676905 -0.138563 -0.004229 -0.367324 0.327855 0.364938 -0.210406 -0.339746 0.442086 
9.060931 -0.676903 -0.138583 -0.004251 -0.367279 0.327779 0.364902 -0.210398 -0.339747 0.442088 
9.060968 -0.676891 -0.138580 -0.004219 -0.367319 0.327862 0.364923 -0.210427 -0.339761 0.442089 
9.060886 -0.676915 -0.138563 -0.004219 -0.367311 0.327883 0.364964 -0.210361 -0.339708 0.442040 
9.060856 -0.676929 -0.138491 -0.004221 -0.367322 0.327872 0.364974 -0.210400 -0.339669 0.442025 
9.060836 -0.676945 -0.138453 -0.004282 -0.367292 0.327920 0.364959 -0.210384 -0.339678 0.442049 
9.060858 -0.676955 -0.138477 -0.004200 -0.367306 0.327869 0.364979 -0.210396 -0.339698 0.442018 
9.060827 -0.676871 -0.138460 -0.004188 -0.367303 0.327865 0.365007 -0.210382 -0.339675 0.442067 
9.060880 -0.676935 -0.138493 -0.004234 -0.367304 0.327868 0.365009 -0.210403 -0.339657 0.442027 
9.060828 -0.676983 -0.138489 -0.004202 -0.367368 0.327863 0.364980 -0.210379 -0.339629 0.442063 
9.060800 -0.676989 -0.138511 -0.004207 -0.367364 0.327866 0.364994 -0.210408 -0.339640 0.442069 
9.060810 -0.676977 -0.138462 -0.004234 -0.367429 0.327840 0.365010 -0.210355 -0.339657 0.442025 
9.060815 -0.676987 -0.138493 -0.004216 -0.367349 0.327825 0.364968 -0.210369 -0.339624 0.442063 
9.060834 -0.676989 -0.138478 -0.004149 -0.367352 0.327914 0.364954 -0.210406 -0.339577 0.442052 
9.060877 -0.676991 -0.138454 -0.004143 -0.367373 0.327904 0.364926 -0.210460 -0.339589 0.442108 
9.060853 -0.676990 -0.138500 -0.004143 -0.367361 0.327929 0.364953 -0.210377 -0.339587 0.442071 
9.060794 -0.676986 -0.138503 -0.004120 -0.367308 0.327935 0.364930 -0.210455 -0.339549 0.442024 
