Start Optimization 
13.013663 -0.583469 -0.273391 -0.050566 -0.326961 -0.232725 -0.381901 -0.233447 -0.230544 -0.282452 
14.013663 -0.583469 -0.273391 -0.050566 -0.326961 -0.232725 -0.381901 -0.233447 -0.230544 -0.282452 
14.013663 0.416531 -0.273391 -0.050566 -0.326961 -0.232725 -0.381901 -0.233447 -0.230544 -0.282452 
14.013663 -0.583469 0.726609 -0.050566 -0.326961 -0.232725 -0.381901 -0.233447 -0.230544 -0.282452 
14.013663 -0.583469 -0.273391 0.949434 -0.326961 -0.232725 -0.381901 -0.233447 -0.230544 -0.282452 
14.013663 -0.583469 -0.273391 -0.050566 0.673039 -0.232725 -0.381901 -0.233447 -0.230544 -0.282452 
14.013663 -0.583469 -0.273391 -0.050566 -0.326961 0.767275 -0.381901 -0.233447 -0.230544 -0.282452 
14.013663 -0.583469 -0.273391 -0.050566 -0.326961 -0.232725 0.618099 -0.233447 -0.230544 -0.282452 
14.013663 -0.583469 -0.273391 -0.050566 -0.326961 -0.232725 -0.381901 0.766553 -0.230544 -0.282452 
14.013663 -0.583469 -0.273391 -0.050566 -0.326961 -0.232725 -0.381901 -0.233447 0.769456 -0.282452 
14.013663 -0.583469 -0.273391 -0.050566 -0.326961 -0.232725 -0.381901 -0.233447 -0.230544 0.717548 
14.013717 -0.834661 -0.460254 -1.000175 -0.335429 -0.234543 -0.385453 -0.245304 -0.230616 0.717909 
14.013666 -0.087429 -0.285516 -0.112183 -0.327510 -0.232843 -0.382131 -0.234216 -0.230549 0.717571 
14.263663 -0.583469 -0.273319 -0.050566 -0.326961 -0.232725 -0.381901 -0.233447 -0.230544 0.717548 
14.263525 -0.581888 0.224459 -0.097616 -0.327381 -0.232815 -0.382077 -0.234034 -0.230548 0.717566 
14.263663 -0.583469 -0.273319 -0.048337 -0.576951 -0.232725 -0.381901 -0.233447 -0.230544 0.717548 
14.263722 -0.568279 -0.317123 0.447098 -0.314917 -0.233591 -0.383592 -0.239093 -0.230579 0.717720 
14.263663 -0.583585 -0.273405 -0.051005 -0.326965 -0.482725 -0.381901 -0.233447 -0.230544 0.717548 
14.263795 -0.718327 -0.464824 -0.491584 -0.318307 -0.210999 -0.384700 -0.242790 -0.230601 0.717833 
14.263663 -0.583696 -0.273488 -0.051423 -0.326969 -0.232723 -0.631899 -0.233447 -0.230544 0.717548 
14.263795 -0.718556 -0.464998 -0.492447 -0.318314 -0.210996 -0.631507 -0.242790 -0.230601 0.717833 
14.263663 -0.583441 -0.273298 -0.046288 -0.326923 -0.232733 -0.631917 -0.483394 -0.230544 0.717548 
14.263792 -0.616193 -0.405238 0.428530 -0.307840 -0.208938 -0.635046 -0.216465 -0.230611 0.717884 
14.263663 -0.583506 -0.273492 -0.051447 -0.326969 -0.232723 -0.631899 -0.233447 -0.480544 0.717548 
14.263689 -0.089331 -0.311327 -0.115842 -0.325015 -0.228643 -0.632377 -0.233060 -0.229488 0.717605 
14.263663 -0.583694 -0.273014 -0.051468 -0.326969 -0.232723 -0.631900 -0.233448 -0.230544 0.967548 
14.263554 -0.590189 0.222984 -0.109357 -0.321888 -0.223530 -0.632640 -0.231533 -0.229058 0.716575 
14.388552 -0.583999 -0.275725 -0.041611 -0.201988 -0.107853 -0.507045 -0.233238 -0.230545 0.717554 
14.240357 -0.628273 -0.407237 0.426654 -0.331465 -0.232648 -0.658442 -0.216603 -0.226702 0.717829 
14.252010 -0.605984 -0.340362 0.187615 -0.329217 -0.232686 -0.645171 -0.225025 -0.228623 0.717689 
14.262090 -0.626463 -0.334695 -0.151513 -0.325678 -0.227839 -0.633503 -0.233739 -0.229552 0.717631 
14.263650 -0.529824 -0.304949 -0.055204 -0.327025 -0.232753 -0.631936 -0.233494 -0.230502 0.717607 
14.261583 -0.554419 -0.166456 -0.108607 -0.325240 -0.227610 -0.634348 -0.232403 -0.229366 0.717318 
14.243494 -0.554737 -0.167438 -0.104896 -0.343296 -0.173660 -0.652448 -0.232332 -0.229367 0.717320 
14.230858 -0.616652 -0.076404 -0.050350 -0.337967 -0.171311 -0.667271 -0.222628 -0.224733 0.717089 
14.218646 -0.559438 -0.174158 -0.116358 -0.293552 -0.173026 -0.677252 -0.232567 -0.229369 0.717331 
14.253442 -0.631983 -0.167581 -0.196559 -0.374504 -0.164580 -0.643316 -0.229201 -0.226629 0.717263 
14.287684 -0.554027 -0.167893 -0.105101 -0.343298 -0.173660 -0.696638 -0.232333 -0.229366 0.717321 
14.277767 -0.447852 -0.140546 -0.047297 -0.337383 -0.173968 -0.705776 -0.226140 -0.226627 0.717240 
14.288101 -0.553906 -0.171221 -0.110174 -0.344169 -0.173446 -0.696162 -0.170138 -0.229366 0.717327 
14.295813 -0.579695 -0.140185 -0.214617 -0.395230 -0.157013 -0.689856 -0.176916 -0.221257 0.717129 
14.258103 -0.557077 -0.182534 -0.106220 -0.374610 -0.204235 -0.726111 -0.170304 -0.222987 0.710967 
14.304300 -0.585911 -0.234793 -0.044618 -0.330824 -0.160507 -0.680322 -0.168060 -0.176690 0.666104 
14.288024 -0.552800 -0.167376 -0.112273 -0.344105 -0.173258 -0.696252 -0.170099 -0.268577 0.668868 
14.288402 -0.578610 -0.216386 -0.060167 -0.346000 -0.175351 -0.696189 -0.168323 -0.310941 0.779045 
14.273055 -0.579645 -0.129897 -0.082333 -0.360273 -0.160862 -0.686443 -0.165849 -0.227357 0.717223 
14.306489 -0.613409 -0.090190 -0.064496 -0.289066 -0.216741 -0.743433 -0.160715 -0.225540 0.718658 
14.285589 -0.533958 -0.127471 -0.086959 -0.340101 -0.155746 -0.682609 -0.142141 -0.212148 0.737058 
14.252804 -0.472750 -0.100039 0.001453 -0.359018 -0.162734 -0.697009 -0.167319 -0.231993 0.712713 
14.301609 -0.554232 -0.126149 -0.134470 -0.348409 -0.143591 -0.673106 -0.129295 -0.201563 0.756945 
14.285525 -0.532096 -0.121240 -0.091385 -0.340413 -0.154809 -0.682118 -0.144521 -0.189878 0.716765 
14.300634 -0.550333 -0.169324 -0.058076 -0.326561 -0.146664 -0.671049 -0.130419 -0.195381 0.734265 
14.283274 -0.536014 -0.128020 -0.087250 -0.334888 -0.135713 -0.705805 -0.141999 -0.212114 0.737077 
14.302230 -0.554208 -0.109145 -0.080826 -0.299706 -0.168646 -0.727572 -0.138155 -0.210250 0.739075 
14.260589 -0.535524 -0.129446 -0.091816 -0.318207 -0.139551 -0.695475 -0.140886 -0.215948 0.741894 
14.269362 -0.558575 -0.135542 -0.090082 -0.322571 -0.105563 -0.725979 -0.146162 -0.182544 0.709155 
14.260982 -0.545756 -0.129258 -0.065573 -0.325827 -0.102315 -0.731033 -0.150880 -0.183196 0.703460 
14.258615 -0.538332 -0.117712 -0.057680 -0.339160 -0.082910 -0.731590 -0.147116 -0.175915 0.713383 
14.266576 -0.546090 -0.124465 -0.065214 -0.320113 -0.095303 -0.724368 -0.153378 -0.189217 0.698887 
14.257897 -0.534744 -0.136841 -0.067222 -0.331390 -0.102640 -0.739975 -0.134689 -0.194123 0.686343 
14.265026 -0.534689 -0.133141 -0.068605 -0.319484 -0.100675 -0.733041 -0.153154 -0.178216 0.705489 
14.255402 -0.549660 -0.137108 -0.062823 -0.338217 -0.104965 -0.736656 -0.174859 -0.191904 0.699216 
14.262539 -0.547399 -0.140765 -0.059523 -0.327023 -0.099268 -0.723905 -0.148515 -0.182181 0.704833 
14.265697 -0.556594 -0.118869 -0.050202 -0.317861 -0.115584 -0.746632 -0.147765 -0.183028 0.703169 
14.268417 -0.544794 -0.126912 -0.065375 -0.332390 -0.106569 -0.727424 -0.151927 -0.175754 0.696267 
14.246007 -0.540856 -0.119121 -0.068510 -0.329473 -0.115562 -0.713066 -0.153347 -0.169679 0.688931 
14.265017 -0.550604 -0.129632 -0.066559 -0.329852 -0.099331 -0.732650 -0.154937 -0.169115 0.689144 
14.260839 -0.550710 -0.133647 -0.070002 -0.343985 -0.100951 -0.738401 -0.179310 -0.178319 0.685027 
14.260649 -0.557000 -0.125595 -0.061519 -0.326537 -0.105980 -0.740933 -0.155131 -0.170729 0.693147 
14.279989 -0.551299 -0.125899 -0.059714 -0.330583 -0.098641 -0.733097 -0.158740 -0.157712 0.665790 
14.266675 -0.558006 -0.128686 -0.079458 -0.332852 -0.099221 -0.733013 -0.152341 -0.167261 0.689105 
14.266767 -0.552466 -0.128508 -0.065860 -0.328607 -0.098892 -0.729753 -0.158911 -0.165628 0.692974 
14.263689 -0.550341 -0.121306 -0.063377 -0.336866 -0.090249 -0.732260 -0.156820 -0.162245 0.695638 
14.260739 -0.550480 -0.128037 -0.066460 -0.327666 -0.099621 -0.726950 -0.158176 -0.164712 0.689888 
14.267607 -0.558165 -0.121932 -0.068225 -0.329528 -0.104141 -0.724582 -0.166657 -0.159807 0.696591 
14.270390 -0.552098 -0.128135 -0.063794 -0.328608 -0.098350 -0.730199 -0.159333 -0.163249 0.686888 
14.267425 -0.552348 -0.127658 -0.065880 -0.326633 -0.098990 -0.729461 -0.156424 -0.163879 0.693899 
14.266659 -0.547863 -0.129257 -0.068903 -0.327071 -0.098950 -0.733423 -0.161807 -0.163537 0.694169 
14.266433 -0.552516 -0.130673 -0.065188 -0.330452 -0.100299 -0.729950 -0.158205 -0.163670 0.693473 
14.265263 -0.555509 -0.135520 -0.064316 -0.329360 -0.096192 -0.728006 -0.158741 -0.163418 0.695538 
14.266760 -0.553626 -0.135920 -0.065361 -0.330357 -0.095732 -0.725408 -0.158509 -0.163718 0.695882 
14.266186 -0.553464 -0.137907 -0.061907 -0.332017 -0.098393 -0.724442 -0.156271 -0.167926 0.699246 
14.266710 -0.553601 -0.137045 -0.067109 -0.330873 -0.094930 -0.726806 -0.156224 -0.164947 0.694725 
14.266784 -0.557982 -0.136489 -0.072967 -0.332917 -0.095340 -0.726200 -0.155950 -0.163468 0.694226 
14.265321 -0.558064 -0.133531 -0.073218 -0.337451 -0.090700 -0.727418 -0.154524 -0.161606 0.695228 
14.266453 -0.559601 -0.133148 -0.071464 -0.338027 -0.090512 -0.726211 -0.153637 -0.161625 0.692824 
14.268364 -0.561678 -0.134429 -0.075438 -0.339691 -0.088395 -0.727344 -0.153103 -0.158783 0.688495 
14.269456 -0.560462 -0.133231 -0.071063 -0.338573 -0.090422 -0.727653 -0.153884 -0.162269 0.694396 
14.268154 -0.564423 -0.132520 -0.072511 -0.341726 -0.091844 -0.726020 -0.150022 -0.165443 0.695589 
14.269000 -0.560289 -0.133864 -0.070992 -0.340632 -0.090504 -0.727590 -0.156539 -0.163895 0.693574 
14.271544 -0.559626 -0.132222 -0.072028 -0.342264 -0.090570 -0.721617 -0.158248 -0.161475 0.695374 
14.268555 -0.561739 -0.135407 -0.070824 -0.339381 -0.087943 -0.726559 -0.157075 -0.164530 0.694395 
14.269527 -0.561677 -0.130048 -0.073051 -0.336754 -0.086109 -0.726550 -0.158108 -0.168045 0.692747 
14.266869 -0.563631 -0.133992 -0.069080 -0.338858 -0.088705 -0.726134 -0.158070 -0.163377 0.693728 
14.269867 -0.564967 -0.137365 -0.072139 -0.341272 -0.088559 -0.730212 -0.159125 -0.161517 0.697966 
14.269772 -0.564685 -0.139288 -0.069719 -0.343124 -0.087951 -0.730264 -0.158248 -0.160502 0.698075 
14.270433 -0.565221 -0.142290 -0.068629 -0.342822 -0.089819 -0.729589 -0.158161 -0.160291 0.697576 
14.269825 -0.564287 -0.139012 -0.068840 -0.342798 -0.088410 -0.730332 -0.158466 -0.161268 0.699435 
14.269905 -0.565006 -0.139416 -0.068777 -0.345355 -0.085533 -0.731136 -0.157646 -0.159257 0.697216 
14.271034 -0.566841 -0.139221 -0.069780 -0.346575 -0.083851 -0.732896 -0.158338 -0.158137 0.696564 
14.269278 -0.567011 -0.139961 -0.071066 -0.348251 -0.082312 -0.733916 -0.158530 -0.156219 0.696659 
14.269869 -0.568258 -0.141899 -0.070740 -0.349970 -0.081224 -0.734665 -0.158340 -0.154567 0.695236 
14.270267 -0.569266 -0.142506 -0.070067 -0.352126 -0.079196 -0.736320 -0.158539 -0.153262 0.695379 
14.270708 -0.570822 -0.143882 -0.070217 -0.353872 -0.078063 -0.738112 -0.159208 -0.151642 0.695714 
14.270620 -0.570264 -0.142107 -0.068787 -0.355296 -0.075708 -0.739112 -0.159007 -0.151925 0.696739 
14.271225 -0.569835 -0.143913 -0.069961 -0.353255 -0.077733 -0.738008 -0.160248 -0.150689 0.695583 
14.271411 -0.572114 -0.143388 -0.071139 -0.355933 -0.078141 -0.735540 -0.158566 -0.151105 0.696373 
14.271414 -0.572689 -0.143711 -0.071105 -0.354764 -0.077204 -0.735198 -0.157820 -0.150756 0.696953 
14.271570 -0.572603 -0.142606 -0.071562 -0.356689 -0.079457 -0.736888 -0.155682 -0.149917 0.695780 
14.272409 -0.571648 -0.143302 -0.072439 -0.356934 -0.079083 -0.737088 -0.155183 -0.150507 0.696106 
14.270194 -0.574855 -0.143254 -0.072057 -0.358006 -0.078980 -0.736964 -0.154964 -0.151539 0.694195 
14.270068 -0.571842 -0.143108 -0.071809 -0.357051 -0.079386 -0.736635 -0.155466 -0.149372 0.696137 
14.270361 -0.572168 -0.144838 -0.069226 -0.357887 -0.080789 -0.736358 -0.154682 -0.149909 0.697462 
14.269720 -0.572436 -0.143073 -0.072533 -0.356764 -0.080023 -0.737460 -0.155874 -0.149740 0.697296 
14.270128 -0.571672 -0.140684 -0.071862 -0.358749 -0.078768 -0.734471 -0.154707 -0.148478 0.695993 
14.270554 -0.571812 -0.141408 -0.072088 -0.359450 -0.078559 -0.734250 -0.155189 -0.145509 0.693791 
14.269866 -0.570631 -0.140761 -0.072121 -0.357964 -0.079952 -0.732873 -0.154305 -0.145482 0.691312 
14.270445 -0.571033 -0.140938 -0.071804 -0.360444 -0.079098 -0.735046 -0.155937 -0.145941 0.693304 
14.269869 -0.570473 -0.139896 -0.070198 -0.360568 -0.076591 -0.736745 -0.155253 -0.145055 0.692592 
14.269444 -0.569899 -0.139991 -0.069127 -0.360866 -0.074148 -0.735719 -0.157713 -0.145136 0.691938 
14.269789 -0.569765 -0.140806 -0.067683 -0.361380 -0.074474 -0.735240 -0.157158 -0.145257 0.692011 
14.268526 -0.570234 -0.137901 -0.070662 -0.361074 -0.073142 -0.737626 -0.158340 -0.143568 0.691756 
14.269942 -0.568823 -0.139563 -0.068748 -0.359987 -0.074570 -0.735620 -0.158079 -0.144377 0.692580 
14.268485 -0.568844 -0.139242 -0.069513 -0.359308 -0.074248 -0.735158 -0.156813 -0.146107 0.689107 
14.268427 -0.568811 -0.140737 -0.069717 -0.361297 -0.073928 -0.735572 -0.157309 -0.144886 0.692398 
14.272422 -0.569012 -0.140172 -0.070500 -0.361384 -0.072694 -0.736233 -0.157208 -0.145914 0.691520 
14.272537 -0.569133 -0.141472 -0.070551 -0.360870 -0.072897 -0.737108 -0.157699 -0.145329 0.690858 
14.271976 -0.569381 -0.139572 -0.070055 -0.360130 -0.072025 -0.737622 -0.157482 -0.148712 0.693106 
14.272424 -0.570012 -0.140482 -0.070724 -0.360448 -0.071838 -0.735497 -0.156742 -0.145480 0.691859 
14.273404 -0.568924 -0.137858 -0.070648 -0.360777 -0.071385 -0.734798 -0.154558 -0.144772 0.692254 
14.273742 -0.569526 -0.137207 -0.071457 -0.361094 -0.071998 -0.733755 -0.155282 -0.145180 0.692335 
14.273168 -0.568757 -0.137682 -0.070584 -0.360426 -0.071247 -0.734561 -0.154575 -0.145056 0.691509 
14.273473 -0.568449 -0.137766 -0.070017 -0.361275 -0.070104 -0.734423 -0.155554 -0.144487 0.692527 
14.273804 -0.567934 -0.138187 -0.069927 -0.361018 -0.070298 -0.733992 -0.155485 -0.144709 0.692751 
14.272272 -0.567756 -0.138089 -0.071047 -0.361731 -0.069634 -0.734254 -0.155212 -0.144508 0.692915 
14.273905 -0.568610 -0.138043 -0.070194 -0.361716 -0.069749 -0.734484 -0.155272 -0.144885 0.692258 
14.273243 -0.569048 -0.138344 -0.068903 -0.362530 -0.069882 -0.733913 -0.154666 -0.145079 0.692387 
14.273027 -0.569198 -0.138000 -0.068318 -0.362250 -0.069301 -0.734497 -0.154542 -0.146386 0.693284 
14.273246 -0.569549 -0.138516 -0.069016 -0.362056 -0.069457 -0.733557 -0.154440 -0.144854 0.692548 
14.273366 -0.569494 -0.139308 -0.067921 -0.362855 -0.068862 -0.733778 -0.153955 -0.144046 0.692345 
14.273495 -0.569285 -0.137852 -0.069006 -0.362142 -0.069351 -0.733370 -0.153902 -0.144682 0.692647 
14.273630 -0.569978 -0.137375 -0.069264 -0.363012 -0.069622 -0.732124 -0.154495 -0.145140 0.692923 
14.273222 -0.569143 -0.137685 -0.068848 -0.361903 -0.069153 -0.733060 -0.153904 -0.144991 0.691927 
14.273780 -0.569479 -0.137777 -0.068790 -0.362007 -0.069530 -0.733432 -0.153934 -0.144691 0.692539 
14.273242 -0.569517 -0.137962 -0.069299 -0.362138 -0.069896 -0.733415 -0.153276 -0.144892 0.692591 
14.273289 -0.569521 -0.137618 -0.069031 -0.362223 -0.069293 -0.733575 -0.153965 -0.144533 0.692565 
14.273068 -0.569084 -0.137677 -0.068701 -0.361769 -0.069757 -0.733129 -0.154088 -0.144378 0.692991 
14.273402 -0.569348 -0.137793 -0.068787 -0.362130 -0.069226 -0.733467 -0.153834 -0.144996 0.692862 
14.273701 -0.569236 -0.137504 -0.069402 -0.361795 -0.069030 -0.733763 -0.154047 -0.145267 0.693042 
14.273550 -0.569076 -0.137967 -0.068931 -0.362277 -0.069090 -0.733364 -0.153760 -0.144810 0.692898 
14.273567 -0.569225 -0.138261 -0.068378 -0.362823 -0.068834 -0.733386 -0.153454 -0.144537 0.692821 
14.273739 -0.569312 -0.138537 -0.067973 -0.363387 -0.068411 -0.733517 -0.153148 -0.144277 0.692807 
14.274098 -0.569080 -0.138846 -0.067968 -0.363878 -0.067898 -0.733592 -0.152896 -0.143964 0.692880 
14.274125 -0.569001 -0.139125 -0.067455 -0.364354 -0.067611 -0.733571 -0.152631 -0.143507 0.693006 
14.274041 -0.568941 -0.138891 -0.067874 -0.363614 -0.067817 -0.733927 -0.152766 -0.143956 0.692886 
14.274346 -0.569453 -0.138677 -0.068181 -0.364282 -0.067647 -0.733445 -0.152998 -0.144601 0.692999 
14.274329 -0.569677 -0.138751 -0.068232 -0.364029 -0.067418 -0.733239 -0.152889 -0.144513 0.693034 
14.274233 -0.569448 -0.138737 -0.068224 -0.364095 -0.067235 -0.732919 -0.152850 -0.144672 0.692182 
14.274267 -0.569430 -0.138495 -0.068288 -0.364131 -0.067353 -0.732870 -0.152454 -0.144657 0.692198 
14.274154 -0.569710 -0.139137 -0.068704 -0.364315 -0.067752 -0.732927 -0.152219 -0.144702 0.692047 
14.274502 -0.569672 -0.139266 -0.068517 -0.364184 -0.067902 -0.732822 -0.152183 -0.144811 0.692036 
14.274591 -0.570139 -0.138845 -0.068899 -0.364384 -0.067861 -0.733112 -0.152457 -0.144226 0.691697 
14.274710 -0.569900 -0.138826 -0.069265 -0.364246 -0.067854 -0.733060 -0.152543 -0.144241 0.691754 
14.274499 -0.570161 -0.138814 -0.068862 -0.364832 -0.068081 -0.732396 -0.152639 -0.143891 0.691884 
14.274672 -0.570032 -0.138972 -0.068850 -0.365050 -0.067818 -0.732467 -0.152501 -0.143735 0.691921 
14.274633 -0.570397 -0.138973 -0.068806 -0.365799 -0.067510 -0.732483 -0.152195 -0.143475 0.691887 
14.274498 -0.570635 -0.139039 -0.068680 -0.366431 -0.067290 -0.732545 -0.151841 -0.142952 0.691805 
14.274605 -0.570980 -0.139119 -0.068521 -0.367151 -0.067057 -0.732514 -0.151485 -0.142653 0.691752 
14.274559 -0.571206 -0.139231 -0.068328 -0.367764 -0.066883 -0.732545 -0.151104 -0.142115 0.691661 
14.274540 -0.571488 -0.139223 -0.068438 -0.368517 -0.066551 -0.732541 -0.150810 -0.141803 0.691647 
14.274797 -0.571871 -0.139317 -0.068240 -0.369227 -0.066341 -0.732453 -0.150471 -0.141654 0.691612 
14.274781 -0.572118 -0.139391 -0.068170 -0.369914 -0.066101 -0.732462 -0.150111 -0.141188 0.691550 
14.275147 -0.572377 -0.139649 -0.067545 -0.370226 -0.066203 -0.732369 -0.149764 -0.140971 0.691437 
14.274938 -0.572590 -0.140000 -0.067344 -0.370651 -0.065770 -0.732361 -0.150186 -0.140899 0.691051 
14.274948 -0.572329 -0.139363 -0.067039 -0.370726 -0.065383 -0.732116 -0.150034 -0.140897 0.690666 
14.274956 -0.572109 -0.139307 -0.067011 -0.370989 -0.065625 -0.732305 -0.150112 -0.140994 0.690586 
14.274931 -0.572558 -0.139097 -0.066669 -0.371093 -0.065075 -0.732383 -0.150216 -0.140640 0.691207 
14.274429 -0.572496 -0.139338 -0.066439 -0.371510 -0.064824 -0.732246 -0.149753 -0.140884 0.691446 
14.274427 -0.572889 -0.139309 -0.066429 -0.371691 -0.064481 -0.732884 -0.149349 -0.140900 0.691169 
14.274108 -0.573560 -0.139043 -0.066387 -0.372160 -0.064630 -0.732774 -0.149224 -0.140730 0.690993 
14.274168 -0.573921 -0.139045 -0.066421 -0.372876 -0.064291 -0.732799 -0.148960 -0.140395 0.690896 
14.274340 -0.574370 -0.139044 -0.066379 -0.373601 -0.063963 -0.732786 -0.148717 -0.140248 0.690812 
14.274285 -0.574684 -0.139059 -0.066368 -0.374261 -0.063654 -0.732861 -0.148438 -0.139778 0.690686 
14.274261 -0.575132 -0.139053 -0.066238 -0.374933 -0.063393 -0.732912 -0.148166 -0.139434 0.690543 
14.274674 -0.575659 -0.139013 -0.066063 -0.375388 -0.063249 -0.732767 -0.148103 -0.139905 0.690541 
14.274508 -0.575955 -0.138857 -0.066424 -0.376044 -0.062814 -0.732844 -0.147993 -0.139694 0.690508 
14.274731 -0.576019 -0.139046 -0.066355 -0.376326 -0.062261 -0.733383 -0.147619 -0.139550 0.690358 
14.274975 -0.576138 -0.138749 -0.066509 -0.376607 -0.062359 -0.733448 -0.146898 -0.139278 0.690643 
14.274797 -0.575978 -0.139132 -0.066311 -0.377217 -0.061953 -0.733204 -0.146615 -0.139187 0.690804 
14.275026 -0.576008 -0.139014 -0.066002 -0.377591 -0.061600 -0.733320 -0.146953 -0.138756 0.691266 
14.275019 -0.576369 -0.139684 -0.066276 -0.377760 -0.061858 -0.733576 -0.147025 -0.138646 0.691615 
14.275014 -0.576582 -0.139742 -0.066307 -0.377486 -0.061621 -0.733384 -0.146952 -0.138552 0.691694 
14.275241 -0.576435 -0.139938 -0.066289 -0.378425 -0.061507 -0.733453 -0.146917 -0.138219 0.691370 
14.275121 -0.576647 -0.140100 -0.066099 -0.379138 -0.061079 -0.733531 -0.146706 -0.137923 0.691312 
14.275126 -0.576737 -0.140289 -0.066070 -0.379875 -0.060557 -0.733580 -0.146519 -0.137690 0.691319 
14.275180 -0.576984 -0.140359 -0.065991 -0.380584 -0.060186 -0.733690 -0.146260 -0.137295 0.691259 
14.275259 -0.577088 -0.140510 -0.066010 -0.381321 -0.059686 -0.733751 -0.146053 -0.137022 0.691265 
14.275390 -0.577418 -0.140477 -0.065943 -0.381960 -0.059448 -0.733898 -0.145758 -0.136533 0.691168 
14.275588 -0.577640 -0.140764 -0.065518 -0.382607 -0.059121 -0.733874 -0.145513 -0.136414 0.691122 
14.275378 -0.577535 -0.141023 -0.065381 -0.383117 -0.058753 -0.733999 -0.145281 -0.135827 0.691066 
14.275133 -0.577801 -0.140992 -0.065412 -0.383882 -0.058605 -0.733624 -0.145306 -0.135565 0.691125 
14.275054 -0.578159 -0.141091 -0.065403 -0.384419 -0.058105 -0.733855 -0.145557 -0.135369 0.690784 
14.274813 -0.578358 -0.141305 -0.065668 -0.384814 -0.057963 -0.733829 -0.144988 -0.135484 0.690307 
14.274617 -0.578473 -0.141310 -0.065616 -0.385579 -0.057915 -0.734327 -0.144895 -0.135493 0.690542 
14.274552 -0.578237 -0.140688 -0.065312 -0.385947 -0.057485 -0.734294 -0.144723 -0.135498 0.690292 
14.274368 -0.578699 -0.140635 -0.065241 -0.386188 -0.056817 -0.734312 -0.144440 -0.135294 0.690562 
14.274473 -0.578880 -0.140652 -0.065253 -0.386907 -0.056320 -0.734328 -0.144293 -0.134945 0.690519 
14.274416 -0.579192 -0.140642 -0.065071 -0.387586 -0.055928 -0.734371 -0.144133 -0.134541 0.690402 
14.274304 -0.579276 -0.140800 -0.064974 -0.388297 -0.055328 -0.734328 -0.144073 -0.134367 0.690385 
14.274097 -0.579560 -0.140862 -0.064696 -0.388960 -0.054903 -0.734343 -0.143958 -0.134050 0.690268 
14.274374 -0.579637 -0.140849 -0.064789 -0.389717 -0.054589 -0.734376 -0.143855 -0.133654 0.690119 
14.274132 -0.579762 -0.140769 -0.064987 -0.390330 -0.054039 -0.734446 -0.143797 -0.133272 0.690102 
14.274184 -0.580131 -0.140706 -0.064981 -0.391054 -0.053510 -0.734407 -0.143730 -0.133230 0.690092 
14.274268 -0.580155 -0.140882 -0.064840 -0.391471 -0.052867 -0.734785 -0.143464 -0.132940 0.689990 
14.274233 -0.580119 -0.140974 -0.064720 -0.392090 -0.052437 -0.734741 -0.143020 -0.132582 0.690171 
14.274135 -0.579901 -0.140828 -0.064521 -0.392772 -0.051945 -0.734862 -0.142896 -0.132429 0.689897 
14.274148 -0.580239 -0.140506 -0.064422 -0.393189 -0.051630 -0.735145 -0.142505 -0.131973 0.689791 
14.274308 -0.580221 -0.140425 -0.064087 -0.393522 -0.051203 -0.735265 -0.142889 -0.131520 0.690178 
14.274402 -0.580334 -0.140574 -0.064022 -0.393737 -0.050528 -0.734939 -0.142783 -0.131068 0.689891 
14.274361 -0.580469 -0.140865 -0.063993 -0.394394 -0.050044 -0.735068 -0.142686 -0.130683 0.689805 
14.274476 -0.580484 -0.140966 -0.064119 -0.394984 -0.049392 -0.735182 -0.142514 -0.130371 0.689810 
14.274489 -0.580706 -0.141025 -0.064088 -0.395714 -0.048848 -0.735088 -0.142412 -0.130141 0.689811 
14.274773 -0.580586 -0.140843 -0.064371 -0.396102 -0.048134 -0.735127 -0.142189 -0.130009 0.689936 
14.274542 -0.580701 -0.141016 -0.064254 -0.396550 -0.047414 -0.735276 -0.142004 -0.129753 0.689967 
14.274704 -0.580785 -0.141248 -0.064050 -0.397134 -0.046839 -0.735404 -0.141774 -0.129472 0.689895 
14.274589 -0.580802 -0.141361 -0.064088 -0.397756 -0.046300 -0.735441 -0.141641 -0.128994 0.689859 
14.274504 -0.581065 -0.141324 -0.063957 -0.398433 -0.045730 -0.735254 -0.141522 -0.128837 0.689904 
14.274507 -0.581313 -0.141390 -0.064042 -0.398933 -0.045093 -0.735510 -0.141691 -0.128604 0.689627 
14.274580 -0.581753 -0.141702 -0.064221 -0.399291 -0.044584 -0.735583 -0.141550 -0.128191 0.689831 
14.274537 -0.581566 -0.142198 -0.064300 -0.399811 -0.043998 -0.735454 -0.141734 -0.128174 0.689868 
14.274356 -0.581704 -0.142415 -0.064612 -0.400233 -0.043698 -0.735459 -0.141191 -0.128240 0.689433 
14.274256 -0.581735 -0.142420 -0.064608 -0.400972 -0.043446 -0.735956 -0.141155 -0.128171 0.689714 
14.274231 -0.581795 -0.142467 -0.064468 -0.401473 -0.042746 -0.736051 -0.141097 -0.127754 0.689677 
14.274267 -0.582082 -0.142468 -0.064225 -0.401971 -0.042001 -0.736057 -0.141052 -0.127685 0.689713 
14.274038 -0.582344 -0.142746 -0.063865 -0.402504 -0.041612 -0.736128 -0.141110 -0.127282 0.689570 
14.274222 -0.582439 -0.142757 -0.063818 -0.403144 -0.041028 -0.736134 -0.141100 -0.126891 0.689506 
14.273979 -0.582565 -0.142701 -0.063867 -0.403616 -0.040306 -0.736161 -0.141142 -0.126538 0.689554 
14.274017 -0.582632 -0.142855 -0.063746 -0.404021 -0.039548 -0.736412 -0.141074 -0.126219 0.689520 
14.274009 -0.582846 -0.142946 -0.063705 -0.404637 -0.038889 -0.736567 -0.141115 -0.125975 0.689537 
14.273957 -0.582880 -0.143050 -0.063521 -0.405196 -0.038268 -0.736535 -0.140876 -0.125641 0.689731 
14.273923 -0.583094 -0.143187 -0.063531 -0.405640 -0.037552 -0.736448 -0.140707 -0.125379 0.689462 
14.273811 -0.583058 -0.143350 -0.063677 -0.406234 -0.037076 -0.736685 -0.140607 -0.124893 0.689367 
14.273700 -0.582874 -0.143187 -0.063373 -0.406814 -0.036458 -0.736782 -0.140664 -0.124813 0.689139 
14.273703 -0.583262 -0.142828 -0.063170 -0.407159 -0.036010 -0.737059 -0.140419 -0.124399 0.689067 
14.273729 -0.583412 -0.142856 -0.063016 -0.407619 -0.035298 -0.737107 -0.140496 -0.123976 0.689058 
14.273673 -0.583746 -0.142856 -0.063005 -0.408358 -0.034771 -0.737179 -0.140513 -0.123886 0.689107 
14.273337 -0.584265 -0.143092 -0.062740 -0.408910 -0.035038 -0.737115 -0.140756 -0.123938 0.689066 
14.273746 -0.584234 -0.143157 -0.062647 -0.409061 -0.035180 -0.737094 -0.140706 -0.123907 0.688960 
14.273059 -0.584408 -0.142649 -0.063304 -0.409151 -0.034751 -0.736972 -0.140920 -0.124149 0.689395 
14.272941 -0.584619 -0.142865 -0.063412 -0.409093 -0.034341 -0.737567 -0.140935 -0.124649 0.689644 
14.272926 -0.584463 -0.142834 -0.063246 -0.409187 -0.034431 -0.737616 -0.140877 -0.124589 0.690043 
14.272644 -0.584557 -0.142993 -0.063261 -0.409239 -0.034159 -0.737114 -0.140198 -0.124789 0.690138 
14.272646 -0.584654 -0.143203 -0.063551 -0.409233 -0.034265 -0.737200 -0.140097 -0.124536 0.690228 
14.272170 -0.584011 -0.142911 -0.063463 -0.409668 -0.034180 -0.737406 -0.140060 -0.124797 0.689830 
14.272155 -0.584214 -0.142617 -0.063405 -0.409639 -0.034291 -0.737588 -0.139822 -0.124751 0.689780 
14.271752 -0.584139 -0.142653 -0.063432 -0.409657 -0.033567 -0.737352 -0.140314 -0.124313 0.689961 
14.271151 -0.584156 -0.142414 -0.063734 -0.409284 -0.033845 -0.737161 -0.140581 -0.124564 0.690200 
14.271597 -0.584398 -0.142773 -0.063296 -0.409939 -0.033705 -0.737320 -0.140434 -0.124338 0.689937 
14.271914 -0.584488 -0.142415 -0.063680 -0.410556 -0.033364 -0.737173 -0.140524 -0.124423 0.690124 
14.271865 -0.584590 -0.142543 -0.063712 -0.410517 -0.033168 -0.737481 -0.140524 -0.124669 0.690238 
14.271843 -0.584559 -0.142674 -0.063360 -0.410931 -0.032452 -0.737610 -0.140484 -0.124342 0.690181 
14.271834 -0.584527 -0.142811 -0.063002 -0.411344 -0.031742 -0.737741 -0.140437 -0.124014 0.690117 
14.271748 -0.584533 -0.142953 -0.062694 -0.411732 -0.030976 -0.737946 -0.140425 -0.123787 0.690122 
14.271868 -0.584457 -0.142884 -0.062463 -0.412296 -0.030399 -0.737800 -0.140406 -0.123346 0.690034 
14.271812 -0.584494 -0.142881 -0.062326 -0.412805 -0.029611 -0.737927 -0.140454 -0.123191 0.690124 
14.271650 -0.584440 -0.143219 -0.061796 -0.412903 -0.029042 -0.738194 -0.140360 -0.122878 0.689991 
14.271718 -0.584645 -0.143570 -0.062316 -0.413188 -0.028871 -0.738403 -0.140186 -0.122344 0.690199 
14.271792 -0.584979 -0.143636 -0.062667 -0.413220 -0.028452 -0.738354 -0.140284 -0.122373 0.689478 
14.272118 -0.584966 -0.143509 -0.062725 -0.413495 -0.028297 -0.738873 -0.140884 -0.122066 0.689414 
14.272598 -0.585517 -0.143603 -0.062638 -0.413516 -0.027794 -0.738687 -0.140965 -0.121912 0.689704 
14.272608 -0.585927 -0.143085 -0.062608 -0.413783 -0.027619 -0.739079 -0.140500 -0.121715 0.689622 
14.272888 -0.585933 -0.143279 -0.062791 -0.414474 -0.027088 -0.739211 -0.140339 -0.121709 0.689585 
14.272543 -0.586378 -0.143370 -0.062834 -0.415122 -0.026821 -0.739123 -0.140578 -0.121445 0.689593 
14.272503 -0.586306 -0.143203 -0.063176 -0.415316 -0.026048 -0.739125 -0.140581 -0.121044 0.689669 
14.272862 -0.586264 -0.143196 -0.063118 -0.415702 -0.025963 -0.738828 -0.140446 -0.120366 0.689358 
14.273035 -0.586531 -0.143395 -0.063342 -0.416137 -0.025369 -0.739060 -0.140374 -0.119973 0.689272 
14.272555 -0.587049 -0.143348 -0.063354 -0.416211 -0.025263 -0.738963 -0.140703 -0.119409 0.689258 
14.272648 -0.587135 -0.143302 -0.063751 -0.416253 -0.025469 -0.738905 -0.140692 -0.119389 0.689380 
14.272581 -0.587014 -0.143236 -0.062833 -0.416532 -0.024563 -0.738987 -0.140790 -0.119396 0.689001 
14.272495 -0.587082 -0.143680 -0.062561 -0.416561 -0.023949 -0.739494 -0.140656 -0.119299 0.688906 
14.272457 -0.586800 -0.143661 -0.062063 -0.416892 -0.023844 -0.739572 -0.140554 -0.118961 0.689516 
14.272152 -0.586872 -0.143841 -0.061874 -0.416948 -0.023498 -0.739056 -0.139926 -0.118992 0.689458 
14.271989 -0.586853 -0.143587 -0.061892 -0.417055 -0.023599 -0.739288 -0.139699 -0.118961 0.689322 
14.271575 -0.586625 -0.143196 -0.061899 -0.417355 -0.023732 -0.739726 -0.139346 -0.118848 0.688947 
14.271571 -0.586447 -0.143012 -0.062031 -0.417066 -0.023519 -0.739714 -0.139324 -0.118695 0.689000 
14.271925 -0.587024 -0.142616 -0.061722 -0.416824 -0.023574 -0.739916 -0.138961 -0.118649 0.689077 
14.271312 -0.586422 -0.142978 -0.061795 -0.416839 -0.023583 -0.739744 -0.139433 -0.118904 0.689043 
14.271378 -0.586680 -0.142760 -0.062429 -0.417342 -0.023181 -0.739851 -0.139328 -0.119165 0.689458 
14.271134 -0.586943 -0.142745 -0.062474 -0.417355 -0.023180 -0.739800 -0.139486 -0.118882 0.689470 
14.270970 -0.586952 -0.143170 -0.062815 -0.417069 -0.023594 -0.740059 -0.139079 -0.118789 0.689837 
14.271140 -0.586788 -0.142614 -0.062308 -0.417507 -0.023299 -0.739698 -0.139474 -0.118746 0.689791 
14.271129 -0.586838 -0.142218 -0.062684 -0.417403 -0.023815 -0.739147 -0.139440 -0.118949 0.689618 
14.271289 -0.586752 -0.142519 -0.062403 -0.417480 -0.023474 -0.739960 -0.139784 -0.118730 0.689818 
14.270784 -0.586533 -0.142311 -0.062235 -0.417919 -0.023141 -0.740155 -0.139165 -0.118520 0.689452 
14.270881 -0.586438 -0.142503 -0.062011 -0.418264 -0.022359 -0.740256 -0.139219 -0.118200 0.689500 
14.270959 -0.586318 -0.142591 -0.061847 -0.418673 -0.021574 -0.740261 -0.139246 -0.117862 0.689477 
14.270971 -0.586157 -0.142563 -0.061726 -0.419147 -0.020832 -0.740266 -0.139210 -0.117511 0.689365 
14.270881 -0.586307 -0.142721 -0.061241 -0.419574 -0.020193 -0.740502 -0.139269 -0.117523 0.689480 
14.270899 -0.586113 -0.143145 -0.061318 -0.419733 -0.019648 -0.740760 -0.139038 -0.117030 0.689693 
14.271247 -0.585919 -0.143052 -0.061354 -0.419944 -0.019362 -0.741240 -0.139613 -0.116719 0.689693 
14.270894 -0.585427 -0.143035 -0.061030 -0.419522 -0.018892 -0.741203 -0.139852 -0.116572 0.689644 
14.271340 -0.586076 -0.142756 -0.061388 -0.419745 -0.019200 -0.741334 -0.139467 -0.116705 0.689836 
14.271794 -0.586245 -0.142826 -0.060854 -0.419709 -0.019215 -0.741358 -0.139249 -0.116192 0.689494 
14.271509 -0.585784 -0.142670 -0.061235 -0.419848 -0.019287 -0.741293 -0.139350 -0.116797 0.690064 
14.271700 -0.585941 -0.142969 -0.061595 -0.419673 -0.018788 -0.741565 -0.139268 -0.117206 0.689391 
14.271910 -0.586037 -0.143105 -0.061625 -0.419589 -0.018663 -0.741257 -0.139432 -0.117232 0.689536 
14.271891 -0.586290 -0.143098 -0.061974 -0.420063 -0.017978 -0.741388 -0.139464 -0.116997 0.689556 
14.271895 -0.586656 -0.143356 -0.062224 -0.420333 -0.017381 -0.741817 -0.139564 -0.116848 0.689769 
14.272021 -0.586645 -0.143361 -0.062936 -0.420479 -0.016962 -0.741907 -0.139546 -0.116378 0.689712 
14.272009 -0.587051 -0.143062 -0.062924 -0.420962 -0.016410 -0.741982 -0.139875 -0.116525 0.689548 
14.271647 -0.587382 -0.143280 -0.062936 -0.421183 -0.015931 -0.741721 -0.139316 -0.116578 0.689599 
14.271957 -0.586983 -0.143195 -0.062789 -0.421721 -0.015627 -0.741814 -0.139123 -0.116635 0.690088 
14.271973 -0.586972 -0.143753 -0.062898 -0.422399 -0.015938 -0.741729 -0.139271 -0.116663 0.689880 
14.271670 -0.586781 -0.143219 -0.062952 -0.421692 -0.015560 -0.741777 -0.139294 -0.116833 0.690200 
14.271844 -0.586623 -0.143455 -0.062306 -0.421690 -0.015140 -0.741815 -0.139313 -0.116222 0.689830 
14.271497 -0.586786 -0.143288 -0.062093 -0.421940 -0.015198 -0.741690 -0.139525 -0.115597 0.690295 
14.271286 -0.586703 -0.143152 -0.062080 -0.422048 -0.015288 -0.742005 -0.139361 -0.115559 0.690151 
14.271350 -0.586591 -0.143341 -0.061722 -0.422299 -0.014548 -0.742262 -0.139406 -0.115266 0.690246 
14.271398 -0.586266 -0.143190 -0.061401 -0.422665 -0.013904 -0.742074 -0.139360 -0.114937 0.690090 
14.270985 -0.586629 -0.143545 -0.061219 -0.422636 -0.013319 -0.741997 -0.139145 -0.114701 0.689887 
14.270863 -0.586665 -0.143592 -0.060335 -0.422777 -0.013211 -0.742015 -0.139197 -0.115032 0.689990 
14.270978 -0.586424 -0.143715 -0.061192 -0.422594 -0.013388 -0.741922 -0.138812 -0.114660 0.690092 
14.271104 -0.586547 -0.143671 -0.061480 -0.422602 -0.012840 -0.742286 -0.139461 -0.114070 0.689697 
14.271030 -0.586945 -0.143381 -0.061770 -0.423083 -0.012554 -0.742328 -0.139447 -0.113789 0.690175 
14.270786 -0.586832 -0.143130 -0.061912 -0.423354 -0.012484 -0.742992 -0.139052 -0.113863 0.689833 
14.270694 -0.586778 -0.142871 -0.061908 -0.423022 -0.012316 -0.743022 -0.139031 -0.113908 0.689965 
14.270270 -0.586442 -0.143357 -0.062253 -0.423565 -0.012261 -0.742919 -0.139427 -0.114191 0.689973 
14.270557 -0.586495 -0.143465 -0.062349 -0.423563 -0.012030 -0.742972 -0.139358 -0.114457 0.689996 
14.270561 -0.586653 -0.143249 -0.062852 -0.423837 -0.011464 -0.742736 -0.139372 -0.114158 0.689699 
14.270400 -0.587197 -0.143516 -0.063345 -0.423738 -0.011309 -0.743172 -0.139562 -0.113964 0.689834 
14.270232 -0.587743 -0.143794 -0.063895 -0.423576 -0.011247 -0.743567 -0.139708 -0.113801 0.689948 
14.270586 -0.587054 -0.143372 -0.063653 -0.423711 -0.011554 -0.743196 -0.139627 -0.113961 0.689881 
14.270042 -0.587832 -0.143921 -0.063464 -0.423631 -0.010974 -0.743485 -0.139612 -0.113827 0.689878 
14.269998 -0.587690 -0.144103 -0.063584 -0.423571 -0.010951 -0.743377 -0.139265 -0.113687 0.689991 
14.269942 -0.587959 -0.143670 -0.063548 -0.423869 -0.010431 -0.742993 -0.139535 -0.113727 0.689380 
14.270019 -0.587762 -0.143839 -0.063528 -0.423657 -0.010365 -0.743087 -0.139663 -0.113600 0.689109 
14.270239 -0.587521 -0.143776 -0.063330 -0.424014 -0.009889 -0.743329 -0.139852 -0.113113 0.689453 
14.270765 -0.587458 -0.144025 -0.063249 -0.424074 -0.009346 -0.743475 -0.139721 -0.113629 0.689491 
14.270638 -0.587371 -0.143891 -0.063274 -0.424205 -0.009353 -0.743801 -0.139514 -0.113674 0.689323 
14.270147 -0.586849 -0.144139 -0.063180 -0.424473 -0.008998 -0.743788 -0.139861 -0.113872 0.689432 
14.270336 -0.586902 -0.144660 -0.063002 -0.425150 -0.009231 -0.743761 -0.139898 -0.113718 0.689162 
14.270249 -0.586939 -0.144662 -0.062553 -0.425057 -0.009213 -0.743720 -0.139767 -0.113711 0.689149 
14.270551 -0.586716 -0.144662 -0.063800 -0.425402 -0.009057 -0.743925 -0.140223 -0.113620 0.689187 
14.270158 -0.587222 -0.144860 -0.063057 -0.425089 -0.009071 -0.743921 -0.139921 -0.113647 0.689186 
14.270195 -0.586965 -0.144898 -0.062484 -0.425206 -0.008454 -0.744141 -0.140017 -0.113325 0.689176 
14.270215 -0.587373 -0.144699 -0.062945 -0.425126 -0.009103 -0.744027 -0.140248 -0.113842 0.689063 
14.270397 -0.587347 -0.145095 -0.063037 -0.425013 -0.008888 -0.743967 -0.140001 -0.114609 0.688859 
14.270296 -0.587219 -0.144893 -0.062898 -0.424916 -0.009304 -0.744287 -0.140346 -0.113821 0.689142 
14.270100 -0.587542 -0.144526 -0.062874 -0.425558 -0.009315 -0.744164 -0.140200 -0.113967 0.689843 
14.269635 -0.587314 -0.144615 -0.063055 -0.425018 -0.009427 -0.743786 -0.140497 -0.113474 0.688590 
14.270476 -0.587560 -0.144781 -0.062907 -0.425284 -0.009260 -0.744037 -0.140162 -0.113646 0.688886 
14.270261 -0.587393 -0.144801 -0.062920 -0.425108 -0.009094 -0.743867 -0.140367 -0.113822 0.689137 
14.270359 -0.587505 -0.144453 -0.063017 -0.424795 -0.009044 -0.743980 -0.140222 -0.113712 0.689101 
14.270262 -0.587346 -0.144699 -0.063163 -0.425178 -0.009094 -0.744055 -0.140319 -0.113835 0.689070 
14.270264 -0.587209 -0.144672 -0.062801 -0.425202 -0.008788 -0.744122 -0.140362 -0.113608 0.688987 
14.270344 -0.587134 -0.144797 -0.062741 -0.425116 -0.008499 -0.744076 -0.140313 -0.113731 0.688676 
14.270323 -0.587098 -0.144707 -0.062493 -0.425297 -0.008165 -0.744132 -0.140339 -0.113592 0.688687 
14.270339 -0.586990 -0.144697 -0.062211 -0.425387 -0.007880 -0.744293 -0.140410 -0.113430 0.688697 
14.270466 -0.587097 -0.144727 -0.062589 -0.425351 -0.008091 -0.744201 -0.140330 -0.113669 0.688789 
14.270364 -0.587146 -0.144580 -0.062889 -0.425560 -0.007968 -0.744023 -0.140396 -0.113608 0.688666 
14.270237 -0.587285 -0.144645 -0.062922 -0.425549 -0.007920 -0.744145 -0.140395 -0.113642 0.688663 
14.270128 -0.587201 -0.144410 -0.062835 -0.425691 -0.007984 -0.744221 -0.140262 -0.113968 0.688611 
14.270309 -0.587385 -0.144510 -0.062898 -0.425460 -0.007911 -0.744165 -0.140519 -0.113670 0.688629 
14.270297 -0.587467 -0.144336 -0.062947 -0.425252 -0.007777 -0.744091 -0.140181 -0.113587 0.688733 
14.270405 -0.587459 -0.144501 -0.062892 -0.425539 -0.007983 -0.744243 -0.140427 -0.113590 0.688515 
14.270371 -0.587661 -0.144615 -0.062736 -0.425597 -0.007906 -0.743883 -0.140478 -0.113794 0.688704 
14.270415 -0.587626 -0.144693 -0.062738 -0.425529 -0.007801 -0.743852 -0.140449 -0.113876 0.688541 
14.270428 -0.587587 -0.144614 -0.062589 -0.425733 -0.007423 -0.743907 -0.140502 -0.113743 0.688534 
14.270440 -0.587548 -0.144536 -0.062435 -0.425935 -0.007046 -0.743964 -0.140553 -0.113608 0.688528 
14.270459 -0.587504 -0.144470 -0.062286 -0.426127 -0.006656 -0.744015 -0.140601 -0.113488 0.688498 
14.270501 -0.587447 -0.144446 -0.062158 -0.426276 -0.006237 -0.744045 -0.140633 -0.113417 0.688388 
14.270477 -0.587434 -0.144313 -0.062002 -0.426517 -0.005960 -0.744125 -0.140703 -0.113226 0.688505 
14.270642 -0.587453 -0.144471 -0.062268 -0.426320 -0.006191 -0.744107 -0.140622 -0.113501 0.688496 
14.270745 -0.587527 -0.144663 -0.062267 -0.426231 -0.006073 -0.743905 -0.140549 -0.113727 0.688238 
14.270585 -0.587487 -0.144400 -0.062437 -0.426410 -0.006178 -0.744011 -0.140655 -0.113476 0.688447 
14.270504 -0.587428 -0.144203 -0.062376 -0.426581 -0.006143 -0.744192 -0.140738 -0.113232 0.688686 
14.270523 -0.587446 -0.144126 -0.062224 -0.426827 -0.005784 -0.744198 -0.140790 -0.113111 0.688719 
14.270520 -0.587422 -0.143993 -0.062103 -0.426926 -0.005433 -0.744214 -0.141056 -0.113092 0.688759 
14.270675 -0.587518 -0.143851 -0.061979 -0.427149 -0.005221 -0.744356 -0.141157 -0.112942 0.688611 
14.270718 -0.587608 -0.143595 -0.061919 -0.427103 -0.004870 -0.744352 -0.141039 -0.112812 0.688663 
14.270633 -0.587707 -0.143635 -0.061869 -0.427252 -0.004486 -0.744485 -0.141098 -0.112649 0.688682 
14.270661 -0.587685 -0.143617 -0.061782 -0.427431 -0.004103 -0.744515 -0.141163 -0.112436 0.688704 
14.270638 -0.587744 -0.143579 -0.061632 -0.427684 -0.003733 -0.744523 -0.141180 -0.112348 0.688740 
14.270601 -0.587670 -0.143499 -0.061580 -0.427849 -0.003351 -0.744669 -0.141229 -0.112191 0.688722 
14.270605 -0.587704 -0.143448 -0.061502 -0.428003 -0.002979 -0.744753 -0.141333 -0.111973 0.688763 
14.270537 -0.587767 -0.143353 -0.061387 -0.428222 -0.002610 -0.744870 -0.141378 -0.111889 0.688789 
14.270571 -0.587876 -0.143327 -0.061299 -0.428355 -0.002276 -0.744900 -0.141514 -0.111642 0.688870 
14.270641 -0.587804 -0.143162 -0.061189 -0.428504 -0.001906 -0.744898 -0.141520 -0.111471 0.688894 
14.270566 -0.587978 -0.143055 -0.061027 -0.428743 -0.001592 -0.744958 -0.141551 -0.111459 0.688961 
14.270480 -0.587954 -0.142962 -0.061045 -0.428817 -0.001280 -0.745227 -0.141675 -0.111284 0.688948 
14.270545 -0.588104 -0.142932 -0.060999 -0.428854 -0.001024 -0.745264 -0.141868 -0.110982 0.689056 
14.270477 -0.588186 -0.142893 -0.061259 -0.429008 -0.000764 -0.745132 -0.141963 -0.110918 0.688865 
14.270741 -0.588213 -0.143015 -0.061379 -0.429074 -0.000463 -0.745282 -0.141980 -0.111032 0.688955 
14.270741 -0.588238 -0.143131 -0.061232 -0.429068 -0.000072 -0.745346 -0.142049 -0.110943 0.688774 
14.270754 -0.588291 -0.143229 -0.061218 -0.429244 0.000255 -0.745479 -0.141950 -0.110708 0.688702 
14.270640 -0.588247 -0.143341 -0.061213 -0.429317 0.000680 -0.745512 -0.141968 -0.110576 0.688778 
14.270646 -0.588205 -0.143435 -0.061153 -0.429527 0.001043 -0.745608 -0.142084 -0.110423 0.688725 
14.270639 -0.588240 -0.143462 -0.061123 -0.429623 0.001475 -0.745713 -0.142102 -0.110264 0.688678 
14.270693 -0.588236 -0.143512 -0.061055 -0.429832 0.001823 -0.745838 -0.142212 -0.110106 0.688572 
14.270746 -0.588247 -0.143537 -0.061149 -0.430011 0.002212 -0.745970 -0.142205 -0.109982 0.688674 
14.270698 -0.588353 -0.143658 -0.061195 -0.430143 0.002592 -0.746135 -0.142250 -0.109857 0.688699 
14.270729 -0.588377 -0.143626 -0.061199 -0.430222 0.003034 -0.746231 -0.142217 -0.109702 0.688689 
14.270814 -0.588400 -0.143629 -0.061207 -0.430412 0.003420 -0.746374 -0.142256 -0.109550 0.688658 
14.270821 -0.588471 -0.143672 -0.061205 -0.430537 0.003832 -0.746518 -0.142286 -0.109398 0.688619 
14.270835 -0.588432 -0.143690 -0.061206 -0.430677 0.004266 -0.746600 -0.142374 -0.109286 0.688655 
14.270800 -0.588489 -0.143747 -0.061199 -0.430769 0.004698 -0.746720 -0.142420 -0.109150 0.688640 
14.270866 -0.588515 -0.143793 -0.061203 -0.430987 0.005060 -0.746876 -0.142513 -0.109013 0.688609 
14.270824 -0.588651 -0.143880 -0.061194 -0.431076 0.005444 -0.747040 -0.142535 -0.108861 0.688539 
14.270755 -0.588603 -0.143962 -0.061184 -0.431186 0.005862 -0.747097 -0.142692 -0.108792 0.688606 
14.270847 -0.588498 -0.144056 -0.061309 -0.431220 0.006200 -0.747214 -0.142698 -0.108537 0.688584 
14.270939 -0.588587 -0.144125 -0.061257 -0.431429 0.006583 -0.747159 -0.142627 -0.108421 0.688639 
14.270877 -0.588488 -0.144133 -0.061276 -0.431642 0.006935 -0.747312 -0.142474 -0.108476 0.688564 
14.270939 -0.588443 -0.144155 -0.061017 -0.431683 0.007135 -0.747573 -0.142407 -0.108365 0.688760 
14.270771 -0.588478 -0.143993 -0.061087 -0.431926 0.007378 -0.747589 -0.142414 -0.108120 0.688777 
14.270748 -0.588559 -0.143868 -0.061197 -0.432115 0.007764 -0.747652 -0.142447 -0.108002 0.688779 
14.270744 -0.588639 -0.143753 -0.061290 -0.432295 0.008162 -0.747734 -0.142478 -0.107894 0.688792 
14.270805 -0.588686 -0.143692 -0.061250 -0.432424 0.008561 -0.747917 -0.142476 -0.107802 0.688884 
14.270819 -0.588714 -0.143697 -0.061254 -0.432754 0.008835 -0.748058 -0.142566 -0.107643 0.688868 
14.270793 -0.588701 -0.143590 -0.061162 -0.432917 0.009218 -0.748101 -0.142594 -0.107459 0.688778 
14.270724 -0.588738 -0.143554 -0.061171 -0.433122 0.009604 -0.748190 -0.142587 -0.107281 0.688806 
14.270733 -0.588744 -0.143537 -0.061070 -0.433304 0.009980 -0.748351 -0.142586 -0.107122 0.688853 
14.270658 -0.588791 -0.143522 -0.061101 -0.433513 0.010357 -0.748452 -0.142569 -0.106950 0.688911 
14.270694 -0.588800 -0.143551 -0.060986 -0.433686 0.010698 -0.748668 -0.142556 -0.106817 0.689022 
14.270729 -0.588683 -0.143429 -0.060993 -0.433925 0.011049 -0.748690 -0.142576 -0.106683 0.689119 
14.270795 -0.588751 -0.143308 -0.061000 -0.434141 0.011349 -0.748816 -0.142454 -0.106469 0.689076 
14.270681 -0.588881 -0.143177 -0.060857 -0.434404 0.011657 -0.748854 -0.142497 -0.106495 0.689130 
14.270573 -0.588799 -0.143078 -0.060909 -0.434500 0.011976 -0.749092 -0.142623 -0.106343 0.689102 
14.270635 -0.588920 -0.143050 -0.060884 -0.434557 0.012243 -0.749078 -0.142826 -0.106042 0.689212 
14.270685 -0.588904 -0.143145 -0.060914 -0.434704 0.012677 -0.749118 -0.142880 -0.105958 0.689150 
14.270662 -0.588853 -0.143231 -0.060890 -0.434893 0.013074 -0.749162 -0.142914 -0.105784 0.689114 
14.270670 -0.588879 -0.143298 -0.060886 -0.435060 0.013477 -0.749249 -0.142929 -0.105615 0.689036 
14.270610 -0.588786 -0.143384 -0.060836 -0.435264 0.013841 -0.749276 -0.142962 -0.105414 0.689029 
14.270614 -0.588881 -0.143402 -0.060807 -0.435410 0.014193 -0.749367 -0.143010 -0.105147 0.688992 
14.270806 -0.588813 -0.143426 -0.060632 -0.435519 0.014530 -0.749518 -0.143109 -0.105077 0.688941 
14.270764 -0.588825 -0.143419 -0.060683 -0.435501 0.014998 -0.749515 -0.143055 -0.104979 0.688982 
14.270780 -0.588865 -0.143493 -0.060829 -0.435710 0.015382 -0.749582 -0.143116 -0.104880 0.689010 
14.270759 -0.588852 -0.143544 -0.060897 -0.435895 0.015775 -0.749617 -0.143185 -0.104708 0.689088 
14.270791 -0.589002 -0.143548 -0.060987 -0.436024 0.016147 -0.749711 -0.143244 -0.104509 0.689103 
14.270705 -0.588971 -0.143555 -0.061098 -0.436186 0.016533 -0.749869 -0.143286 -0.104394 0.689051 
14.270658 -0.589062 -0.143595 -0.061108 -0.436430 0.016937 -0.749873 -0.143292 -0.104339 0.689040 
14.270760 -0.589052 -0.143587 -0.061153 -0.436568 0.017354 -0.749994 -0.143402 -0.104310 0.689113 
14.270873 -0.589016 -0.143758 -0.061201 -0.436711 0.017711 -0.750082 -0.143328 -0.104137 0.689069 
14.270954 -0.588956 -0.143680 -0.061341 -0.436813 0.018004 -0.749914 -0.143493 -0.104007 0.688885 
14.270843 -0.589038 -0.143953 -0.061347 -0.436768 0.018283 -0.749956 -0.143742 -0.103980 0.688855 
14.270822 -0.589070 -0.143966 -0.061510 -0.436944 0.018675 -0.750016 -0.143753 -0.103863 0.688943 
14.270744 -0.588954 -0.143900 -0.061258 -0.437056 0.018857 -0.750036 -0.143856 -0.103570 0.689036 
14.270810 -0.588983 -0.143950 -0.061249 -0.437432 0.018904 -0.750205 -0.144056 -0.103443 0.688987 
14.270817 -0.589029 -0.143873 -0.061123 -0.437543 0.019290 -0.750350 -0.144091 -0.103294 0.688894 
14.270766 -0.588851 -0.143886 -0.061018 -0.437748 0.019668 -0.750419 -0.144129 -0.103263 0.688860 
14.270843 -0.588860 -0.143898 -0.060878 -0.437935 0.020063 -0.750423 -0.144191 -0.103136 0.688900 
14.270872 -0.588717 -0.143867 -0.060865 -0.438011 0.020415 -0.750614 -0.144294 -0.102939 0.688887 
14.270720 -0.588700 -0.143895 -0.060810 -0.438209 0.020740 -0.750658 -0.144268 -0.102714 0.688773 
14.270559 -0.588717 -0.143697 -0.060752 -0.438366 0.021058 -0.750727 -0.144463 -0.102699 0.688810 
14.270443 -0.588766 -0.143769 -0.060596 -0.438486 0.021265 -0.751028 -0.144374 -0.102689 0.689001 
14.270544 -0.588661 -0.143457 -0.060593 -0.438723 0.021385 -0.751070 -0.144178 -0.102595 0.689018 
14.270548 -0.588575 -0.143374 -0.060383 -0.438883 0.021708 -0.751163 -0.144286 -0.102496 0.688876 
14.270507 -0.588440 -0.143434 -0.060497 -0.439201 0.021889 -0.751145 -0.144435 -0.102353 0.689033 
14.270561 -0.588525 -0.143461 -0.060753 -0.439338 0.022228 -0.751228 -0.144411 -0.102467 0.688946 
14.270488 -0.588443 -0.143430 -0.060876 -0.439358 0.022668 -0.751165 -0.144356 -0.102429 0.689039 
14.270524 -0.588621 -0.143363 -0.061034 -0.439486 0.022996 -0.751241 -0.144422 -0.102227 0.689074 
14.270364 -0.588528 -0.143294 -0.061262 -0.439635 0.023286 -0.751419 -0.144452 -0.102167 0.689001 
14.270282 -0.588667 -0.143291 -0.061293 -0.439935 0.023608 -0.751305 -0.144414 -0.102222 0.689007 
14.270448 -0.588643 -0.143209 -0.061383 -0.440066 0.023956 -0.751383 -0.144550 -0.102325 0.689155 
14.270616 -0.588581 -0.143406 -0.061470 -0.440222 0.024257 -0.751421 -0.144408 -0.102179 0.689111 
14.270746 -0.588500 -0.143318 -0.061660 -0.440280 0.024408 -0.751151 -0.144546 -0.102093 0.688897 
14.270694 -0.588520 -0.143447 -0.061578 -0.440220 0.024473 -0.751167 -0.144690 -0.102103 0.688832 
14.270627 -0.588626 -0.143702 -0.061825 -0.440259 0.024741 -0.751169 -0.144752 -0.102090 0.688974 
14.270659 -0.588742 -0.143655 -0.061736 -0.440206 0.025142 -0.751296 -0.144660 -0.102099 0.688813 
14.270613 -0.588674 -0.143640 -0.061550 -0.440346 0.025492 -0.751352 -0.144720 -0.101884 0.688855 
14.270634 -0.588695 -0.143658 -0.061409 -0.440572 0.025820 -0.751503 -0.144808 -0.101727 0.688796 
14.270599 -0.588577 -0.143696 -0.061244 -0.440745 0.026210 -0.751582 -0.144833 -0.101656 0.688766 
14.270556 -0.588610 -0.143606 -0.061132 -0.440867 0.026588 -0.751614 -0.144975 -0.101470 0.688730 
14.270592 -0.588644 -0.143639 -0.061080 -0.441021 0.026910 -0.751760 -0.144844 -0.101244 0.688853 
14.270510 -0.588575 -0.143857 -0.061071 -0.441253 0.027076 -0.751780 -0.145070 -0.101080 0.688993 
14.270753 -0.588703 -0.143975 -0.060758 -0.441289 0.027233 -0.751636 -0.145103 -0.101062 0.689054 
14.270885 -0.588620 -0.143932 -0.060792 -0.441208 0.027259 -0.751735 -0.145196 -0.101090 0.689131 
14.270855 -0.588507 -0.144049 -0.060663 -0.441131 0.027421 -0.751916 -0.145217 -0.100791 0.688930 
14.270628 -0.588628 -0.143990 -0.060427 -0.441152 0.027502 -0.752176 -0.145273 -0.100886 0.689093 
14.270638 -0.588523 -0.143876 -0.060330 -0.441231 0.027400 -0.752151 -0.145260 -0.100801 0.689136 
14.270694 -0.588664 -0.143967 -0.060543 -0.441421 0.027859 -0.752262 -0.145296 -0.100935 0.689003 
14.270648 -0.588614 -0.143951 -0.060652 -0.441518 0.028315 -0.752210 -0.145279 -0.100947 0.689048 
14.270694 -0.588792 -0.143897 -0.060822 -0.441689 0.028663 -0.752260 -0.145356 -0.100831 0.689055 
14.270752 -0.588866 -0.143947 -0.060975 -0.441914 0.029042 -0.752352 -0.145340 -0.100805 0.689068 
14.270656 -0.588884 -0.143901 -0.061092 -0.441861 0.029444 -0.752225 -0.145355 -0.100694 0.689210 
14.270636 -0.588944 -0.143830 -0.061172 -0.442016 0.029782 -0.752192 -0.145601 -0.100733 0.689062 
14.270741 -0.589082 -0.143569 -0.061192 -0.441965 0.030041 -0.752259 -0.145400 -0.100770 0.688907 
14.270771 -0.588935 -0.143318 -0.061139 -0.442272 0.030126 -0.752227 -0.145400 -0.100574 0.689007 
14.270519 -0.588824 -0.143200 -0.061471 -0.442284 0.030086 -0.752404 -0.145381 -0.100559 0.688941 
14.270904 -0.588864 -0.143265 -0.061184 -0.442199 0.030136 -0.752308 -0.145490 -0.100630 0.689102 
14.270759 -0.589114 -0.143214 -0.061270 -0.442442 0.030093 -0.752028 -0.145363 -0.100843 0.689192 
14.270885 -0.588874 -0.143347 -0.061261 -0.442267 0.030099 -0.752097 -0.145372 -0.100528 0.688924 
14.270813 -0.589094 -0.143372 -0.061075 -0.442390 0.030454 -0.752331 -0.145493 -0.100323 0.689018 
14.270800 -0.588988 -0.143473 -0.060930 -0.442526 0.030868 -0.752391 -0.145478 -0.100288 0.688992 
14.270760 -0.588977 -0.143461 -0.060756 -0.442595 0.031278 -0.752400 -0.145576 -0.100141 0.688949 
14.270784 -0.589082 -0.143540 -0.060726 -0.442849 0.031657 -0.752425 -0.145559 -0.100150 0.689049 
14.270891 -0.589102 -0.143609 -0.060574 -0.443118 0.031872 -0.752632 -0.145619 -0.100113 0.688868 
14.270926 -0.589081 -0.143711 -0.060450 -0.443195 0.032193 -0.752759 -0.145441 -0.099909 0.688980 
14.270982 -0.589405 -0.143681 -0.060489 -0.443268 0.032322 -0.752814 -0.145598 -0.099634 0.689031 
14.270888 -0.589312 -0.143961 -0.060449 -0.443442 0.032397 -0.752799 -0.145850 -0.099489 0.689175 
14.270875 -0.589505 -0.144207 -0.060480 -0.443280 0.032689 -0.752886 -0.145894 -0.099563 0.689062 
14.270654 -0.589427 -0.144093 -0.060771 -0.443373 0.032858 -0.753079 -0.145900 -0.099480 0.688995 
14.270862 -0.589336 -0.144133 -0.060999 -0.443460 0.033041 -0.752884 -0.145875 -0.099316 0.688832 
14.271116 -0.589210 -0.144020 -0.061084 -0.443367 0.033181 -0.753071 -0.146065 -0.099387 0.689017 
14.271046 -0.589164 -0.143913 -0.060980 -0.443304 0.033277 -0.752984 -0.146148 -0.099364 0.688970 
14.270988 -0.589223 -0.143793 -0.061042 -0.443483 0.033675 -0.753073 -0.146203 -0.099255 0.688959 
14.270945 -0.589227 -0.143702 -0.061086 -0.443569 0.034020 -0.753247 -0.146278 -0.099020 0.688868 
14.270955 -0.589347 -0.143691 -0.061092 -0.443651 0.034467 -0.753308 -0.146355 -0.098944 0.688824 
14.270934 -0.589376 -0.143671 -0.061088 -0.443847 0.034859 -0.753348 -0.146492 -0.098791 0.688856 
14.270924 -0.589420 -0.143651 -0.061089 -0.443975 0.035266 -0.753437 -0.146611 -0.098615 0.688827 
14.270952 -0.589486 -0.143624 -0.061168 -0.444159 0.035661 -0.753564 -0.146692 -0.098506 0.688864 
14.270934 -0.589527 -0.143609 -0.061144 -0.444234 0.036062 -0.753656 -0.146812 -0.098305 0.688789 
14.270958 -0.589597 -0.143586 -0.061200 -0.444341 0.036469 -0.753808 -0.146891 -0.098155 0.688753 
14.270909 -0.589521 -0.143559 -0.061187 -0.444580 0.036742 -0.753861 -0.147063 -0.097908 0.688814 
14.270761 -0.589563 -0.143480 -0.061248 -0.444592 0.037127 -0.753777 -0.147118 -0.097719 0.688918 
14.270690 -0.589640 -0.143375 -0.061277 -0.444788 0.037391 -0.753777 -0.147393 -0.097698 0.688740 
14.270620 -0.589382 -0.143415 -0.061157 -0.444921 0.037722 -0.753832 -0.147292 -0.097763 0.688662 
14.270745 -0.589387 -0.143241 -0.060923 -0.445104 0.038000 -0.753831 -0.147188 -0.097637 0.688638 
14.270515 -0.589483 -0.143229 -0.060661 -0.445145 0.038118 -0.754093 -0.147244 -0.097688 0.688772 
14.270347 -0.589629 -0.143437 -0.060652 -0.445387 0.038190 -0.754066 -0.147044 -0.097545 0.688630 
14.270404 -0.589564 -0.143587 -0.060509 -0.445528 0.038585 -0.754096 -0.147106 -0.097459 0.688640 
14.270326 -0.589414 -0.143519 -0.060449 -0.445639 0.038907 -0.754264 -0.147074 -0.097252 0.688522 
14.270325 -0.589368 -0.143451 -0.060537 -0.445956 0.039201 -0.754363 -0.146998 -0.097311 0.688656 
14.270189 -0.589207 -0.143395 -0.060391 -0.446234 0.039478 -0.754272 -0.147018 -0.097249 0.688707 
14.270178 -0.589285 -0.143351 -0.060363 -0.446271 0.039908 -0.754335 -0.146886 -0.097355 0.688605 
14.270309 -0.589232 -0.143383 -0.060245 -0.446535 0.040120 -0.754559 -0.146861 -0.097448 0.688432 
14.270353 -0.589134 -0.143455 -0.060169 -0.446540 0.040389 -0.754668 -0.146558 -0.097358 0.688611 
14.270374 -0.589349 -0.143367 -0.060227 -0.446678 0.040723 -0.754738 -0.146665 -0.097178 0.688644 
14.270275 -0.589439 -0.143405 -0.060377 -0.446789 0.041108 -0.754849 -0.146795 -0.097095 0.688654 
14.270143 -0.589624 -0.143314 -0.060487 -0.446981 0.041423 -0.754948 -0.146779 -0.096960 0.688609 
14.270129 -0.589716 -0.143287 -0.060449 -0.447071 0.041844 -0.754945 -0.146943 -0.096837 0.688613 
14.270229 -0.589777 -0.143339 -0.060513 -0.447318 0.042073 -0.755174 -0.147101 -0.096678 0.688656 
14.270188 -0.589793 -0.143393 -0.060594 -0.447267 0.042303 -0.755209 -0.146988 -0.096419 0.688957 
14.270413 -0.589704 -0.143380 -0.060882 -0.447333 0.042443 -0.755013 -0.146928 -0.096316 0.688816 
14.270410 -0.589589 -0.143211 -0.060904 -0.447256 0.042454 -0.755107 -0.146961 -0.096283 0.688798 
14.270478 -0.589892 -0.143262 -0.061022 -0.447419 0.042739 -0.755077 -0.147010 -0.096476 0.689001 
14.270530 -0.590120 -0.143379 -0.061061 -0.447229 0.042943 -0.755264 -0.147033 -0.096323 0.688822 
14.270354 -0.590242 -0.143356 -0.061213 -0.447303 0.042984 -0.755184 -0.147342 -0.096080 0.688855 
14.270419 -0.590008 -0.143494 -0.061149 -0.447208 0.043000 -0.755304 -0.147057 -0.096410 0.688800 
14.270381 -0.589956 -0.143514 -0.061020 -0.447427 0.043363 -0.755400 -0.146952 -0.096292 0.688743 
14.270489 -0.589841 -0.143617 -0.060845 -0.447547 0.043736 -0.755468 -0.146998 -0.096186 0.688770 
14.270534 -0.589772 -0.143692 -0.060742 -0.447751 0.044099 -0.755614 -0.146936 -0.096056 0.688769 
14.270591 -0.589562 -0.143962 -0.060797 -0.447774 0.044358 -0.755781 -0.147049 -0.096075 0.688847 
14.270506 -0.589511 -0.143962 -0.060627 -0.447734 0.044777 -0.755648 -0.146997 -0.096045 0.688813 
14.270571 -0.589507 -0.143939 -0.060493 -0.447931 0.044913 -0.755693 -0.147194 -0.096196 0.688505 
14.270349 -0.589603 -0.143964 -0.060186 -0.447910 0.044897 -0.755919 -0.147279 -0.096257 0.688655 
14.270572 -0.589614 -0.144112 -0.060466 -0.448005 0.044891 -0.755597 -0.147158 -0.096223 0.688516 
14.270527 -0.589268 -0.144061 -0.060325 -0.447917 0.044853 -0.755683 -0.147154 -0.095904 0.688291 
14.270657 -0.589442 -0.143947 -0.060417 -0.447898 0.044889 -0.755729 -0.147041 -0.096319 0.688492 
14.270519 -0.589287 -0.143813 -0.060474 -0.448233 0.044954 -0.755528 -0.147260 -0.096248 0.688714 
14.270693 -0.589312 -0.143799 -0.060375 -0.448190 0.044947 -0.755488 -0.147345 -0.096193 0.688785 
14.270542 -0.589402 -0.143698 -0.060637 -0.448374 0.045345 -0.755612 -0.147286 -0.096185 0.688733 
14.270511 -0.589464 -0.143601 -0.060824 -0.448411 0.045756 -0.755601 -0.147419 -0.096218 0.688738 
14.270501 -0.589467 -0.143532 -0.060918 -0.448585 0.046123 -0.755679 -0.147432 -0.095998 0.688673 
14.270610 -0.589481 -0.143420 -0.060996 -0.448723 0.046516 -0.755795 -0.147293 -0.096043 0.688674 
14.270539 -0.589720 -0.143100 -0.061004 -0.448830 0.046688 -0.755674 -0.147239 -0.095957 0.688587 
14.270593 -0.589731 -0.143088 -0.060980 -0.448938 0.046650 -0.755730 -0.147350 -0.096039 0.688443 
14.270646 -0.589770 -0.143089 -0.061275 -0.449097 0.046857 -0.755939 -0.147443 -0.095939 0.688571 
14.270447 -0.589515 -0.143125 -0.061306 -0.449186 0.047168 -0.755887 -0.147407 -0.095986 0.688428 
14.270636 -0.589371 -0.143126 -0.061145 -0.449185 0.047506 -0.755778 -0.147557 -0.095900 0.688441 
14.270703 -0.589134 -0.143035 -0.061014 -0.449516 0.047488 -0.755750 -0.147436 -0.095778 0.688554 
14.270619 -0.589100 -0.142930 -0.060916 -0.449459 0.047497 -0.755898 -0.147492 -0.095784 0.688603 
14.270486 -0.589287 -0.143170 -0.060684 -0.449632 0.047669 -0.755917 -0.147508 -0.095824 0.688712 
14.270539 -0.589210 -0.143262 -0.060496 -0.449672 0.048023 -0.756026 -0.147437 -0.095669 0.688578 
14.270576 -0.589091 -0.143254 -0.060356 -0.449766 0.048421 -0.755979 -0.147480 -0.095824 0.688668 
14.270426 -0.588978 -0.143328 -0.060249 -0.449859 0.048624 -0.755866 -0.147744 -0.095591 0.688651 
14.270671 -0.589101 -0.143349 -0.060272 -0.449967 0.048814 -0.756041 -0.147878 -0.095426 0.688848 
14.270865 -0.589155 -0.143329 -0.060081 -0.450162 0.048806 -0.756124 -0.148106 -0.095527 0.688617 
14.270698 -0.588965 -0.143511 -0.060293 -0.449943 0.048767 -0.756119 -0.147919 -0.095471 0.688878 
14.270824 -0.589181 -0.143335 -0.059980 -0.449880 0.049000 -0.755943 -0.147834 -0.095239 0.689034 
14.270826 -0.589085 -0.143288 -0.059941 -0.450050 0.048932 -0.755947 -0.147746 -0.095192 0.689089 
14.270708 -0.589333 -0.143316 -0.060125 -0.450003 0.049366 -0.756105 -0.147843 -0.095172 0.689018 
14.270460 -0.589398 -0.143309 -0.060191 -0.450106 0.049725 -0.756128 -0.147928 -0.095060 0.688927 
14.270502 -0.589595 -0.143261 -0.060214 -0.450302 0.050022 -0.756318 -0.148048 -0.095071 0.688793 
14.270436 -0.589637 -0.143398 -0.060361 -0.450374 0.050375 -0.756555 -0.148072 -0.095023 0.688852 
14.270367 -0.589866 -0.143308 -0.060381 -0.450391 0.050745 -0.756637 -0.147919 -0.094964 0.688886 
14.270307 -0.590031 -0.143388 -0.060393 -0.450340 0.051146 -0.756737 -0.148065 -0.094921 0.688815 
14.270213 -0.590108 -0.143387 -0.060422 -0.450551 0.051523 -0.756883 -0.148093 -0.094805 0.688811 
14.270134 -0.590184 -0.143470 -0.060443 -0.450661 0.051909 -0.757019 -0.148262 -0.094717 0.688750 
14.270187 -0.590312 -0.143503 -0.060443 -0.450806 0.052284 -0.757212 -0.148313 -0.094607 0.688813 
14.270108 -0.590491 -0.143442 -0.060396 -0.450920 0.052686 -0.757275 -0.148352 -0.094502 0.688758 
14.270098 -0.590632 -0.143526 -0.060367 -0.450929 0.053068 -0.757379 -0.148561 -0.094433 0.688686 
14.270078 -0.590600 -0.143487 -0.060362 -0.451072 0.053491 -0.757431 -0.148572 -0.094614 0.688708 
14.270104 -0.590535 -0.143600 -0.060212 -0.451107 0.053726 -0.757626 -0.148383 -0.094558 0.688454 
14.269920 -0.590768 -0.143774 -0.060096 -0.451308 0.053925 -0.757743 -0.148381 -0.094650 0.688517 
14.269754 -0.590727 -0.143540 -0.059993 -0.451241 0.054061 -0.758069 -0.148488 -0.094645 0.688575 
14.269730 -0.590803 -0.143482 -0.060135 -0.451373 0.054469 -0.758185 -0.148519 -0.094565 0.688514 
14.269714 -0.590908 -0.143464 -0.060243 -0.451459 0.054875 -0.758307 -0.148612 -0.094450 0.688433 
14.269908 -0.591006 -0.143351 -0.060252 -0.451587 0.055216 -0.758427 -0.148510 -0.094414 0.688573 
14.269733 -0.590871 -0.143353 -0.060299 -0.451666 0.055598 -0.758383 -0.148445 -0.094279 0.688676 
14.269705 -0.590795 -0.143221 -0.060292 -0.452012 0.055869 -0.758403 -0.148541 -0.094227 0.688580 
14.269596 -0.590862 -0.143083 -0.060402 -0.452093 0.056279 -0.758417 -0.148474 -0.094282 0.688485 
14.269630 -0.590687 -0.143246 -0.060628 -0.452242 0.056464 -0.758661 -0.148544 -0.094319 0.688566 
14.269524 -0.590787 -0.143202 -0.060767 -0.452434 0.056498 -0.758820 -0.148414 -0.093979 0.688577 
14.269558 -0.590717 -0.143267 -0.060661 -0.452411 0.056525 -0.758894 -0.148301 -0.093958 0.688443 
14.269611 -0.590625 -0.143339 -0.060462 -0.452437 0.056885 -0.759017 -0.148428 -0.093817 0.688418 
14.269524 -0.590435 -0.143214 -0.060227 -0.452497 0.057109 -0.759263 -0.148420 -0.093829 0.688513 
14.269718 -0.590177 -0.143005 -0.060345 -0.452355 0.057219 -0.759256 -0.148471 -0.093649 0.688414 
14.269885 -0.590214 -0.142993 -0.060322 -0.452409 0.057254 -0.759223 -0.148359 -0.093665 0.688522 
14.269917 -0.590099 -0.143179 -0.060187 -0.452542 0.057618 -0.759219 -0.148406 -0.093556 0.688435 
14.270112 -0.590250 -0.143170 -0.060096 -0.452614 0.057799 -0.759486 -0.148572 -0.093567 0.688256 
14.270109 -0.590320 -0.143336 -0.060080 -0.452325 0.058078 -0.759648 -0.148519 -0.093480 0.688344 
14.270246 -0.590188 -0.143545 -0.059885 -0.452345 0.057981 -0.759788 -0.148688 -0.093259 0.688460 
14.270050 -0.590395 -0.143291 -0.060122 -0.452404 0.058071 -0.759698 -0.148443 -0.093300 0.688340 
14.270019 -0.590547 -0.143132 -0.059801 -0.452316 0.058224 -0.759530 -0.148447 -0.093171 0.688238 
14.269996 -0.590598 -0.143081 -0.059864 -0.452349 0.058287 -0.759482 -0.148600 -0.093157 0.688375 
14.269937 -0.590622 -0.143035 -0.059968 -0.452522 0.058707 -0.759583 -0.148645 -0.093106 0.688393 
14.269905 -0.590628 -0.143029 -0.060024 -0.452704 0.059105 -0.759710 -0.148740 -0.092986 0.688450 
14.269857 -0.590645 -0.142997 -0.060070 -0.452872 0.059533 -0.759826 -0.148758 -0.092900 0.688432 
14.269833 -0.590656 -0.142991 -0.060082 -0.453044 0.059928 -0.759946 -0.148864 -0.092750 0.688487 
14.269788 -0.590677 -0.142958 -0.060098 -0.453206 0.060358 -0.760057 -0.148886 -0.092646 0.688465 
14.269759 -0.590692 -0.142943 -0.060101 -0.453375 0.060767 -0.760173 -0.148967 -0.092504 0.688495 
14.269709 -0.590717 -0.142901 -0.060111 -0.453530 0.061200 -0.760278 -0.148962 -0.092412 0.688447 
14.269685 -0.590731 -0.142892 -0.060108 -0.453698 0.061600 -0.760395 -0.149061 -0.092257 0.688492 
14.269642 -0.590755 -0.142857 -0.060106 -0.453855 0.062029 -0.760502 -0.149081 -0.092144 0.688464 
14.269620 -0.590769 -0.142850 -0.060096 -0.454023 0.062424 -0.760619 -0.149188 -0.091983 0.688515 
14.269577 -0.590794 -0.142813 -0.060089 -0.454178 0.062855 -0.760724 -0.149203 -0.091870 0.688481 
14.269560 -0.590807 -0.142811 -0.060072 -0.454344 0.063240 -0.760840 -0.149325 -0.091697 0.688545 
14.269522 -0.590830 -0.142781 -0.060058 -0.454501 0.063665 -0.760947 -0.149361 -0.091570 0.688528 
14.269507 -0.590844 -0.142780 -0.060034 -0.454666 0.064046 -0.761061 -0.149487 -0.091391 0.688596 
14.269467 -0.590869 -0.142747 -0.060019 -0.454821 0.064473 -0.761167 -0.149516 -0.091266 0.688572 
14.269460 -0.590880 -0.142755 -0.059984 -0.454983 0.064833 -0.761280 -0.149667 -0.091072 0.688661 
14.269426 -0.590903 -0.142727 -0.059962 -0.455140 0.065254 -0.761387 -0.149716 -0.090933 0.688654 
14.269442 -0.590907 -0.142761 -0.059906 -0.455287 0.065534 -0.761491 -0.149935 -0.090704 0.688806 
14.269500 -0.591057 -0.142883 -0.060160 -0.455392 0.065825 -0.761403 -0.150054 -0.090599 0.688741 
14.269652 -0.591171 -0.142744 -0.060269 -0.455533 0.066120 -0.761511 -0.149998 -0.090607 0.688964 
14.269533 -0.591054 -0.142546 -0.060466 -0.455454 0.066318 -0.761656 -0.150206 -0.090491 0.688869 
14.269528 -0.591205 -0.142550 -0.060434 -0.455476 0.066279 -0.761790 -0.150286 -0.090563 0.688805 
14.269199 -0.591087 -0.142710 -0.060479 -0.455616 0.066534 -0.761612 -0.150201 -0.090515 0.689020 
14.269203 -0.590984 -0.142603 -0.060464 -0.456040 0.066539 -0.761489 -0.150304 -0.090549 0.688923 
14.269249 -0.590937 -0.142616 -0.060402 -0.455974 0.066624 -0.761424 -0.150406 -0.090707 0.688934 
14.269331 -0.590736 -0.142926 -0.060422 -0.456092 0.066851 -0.761592 -0.150384 -0.090735 0.688905 
14.269345 -0.590698 -0.143141 -0.060300 -0.456193 0.067249 -0.761567 -0.150407 -0.090659 0.688884 
14.269382 -0.590611 -0.143436 -0.060332 -0.456324 0.067530 -0.761564 -0.150557 -0.090622 0.689028 
14.269344 -0.590559 -0.143611 -0.060419 -0.456418 0.067893 -0.761538 -0.150412 -0.090766 0.688910 
14.269263 -0.590348 -0.143650 -0.060152 -0.456515 0.068131 -0.761716 -0.150363 -0.090788 0.689029 
14.269074 -0.590199 -0.143927 -0.060049 -0.456473 0.068113 -0.761621 -0.150487 -0.090717 0.688781 
14.269207 -0.590361 -0.143562 -0.060226 -0.456489 0.068203 -0.761839 -0.150492 -0.090766 0.688959 
14.269255 -0.590690 -0.143696 -0.060100 -0.456628 0.068209 -0.762043 -0.150569 -0.090922 0.688905 
14.269301 -0.590634 -0.143621 -0.060090 -0.456821 0.068183 -0.761987 -0.150622 -0.090936 0.688837 
14.269656 -0.590613 -0.143577 -0.060139 -0.456794 0.068448 -0.762112 -0.150680 -0.090828 0.688759 
14.269576 -0.590702 -0.143604 -0.060281 -0.456999 0.068506 -0.762262 -0.150518 -0.090498 0.688768 
14.269531 -0.590812 -0.143534 -0.060190 -0.456984 0.068608 -0.762134 -0.150547 -0.090431 0.688774 
14.269523 -0.590902 -0.143421 -0.060378 -0.457129 0.068961 -0.762195 -0.150659 -0.090403 0.688913 
14.269509 -0.590999 -0.143140 -0.060428 -0.457185 0.069250 -0.762335 -0.150516 -0.090399 0.688769 
14.269584 -0.591080 -0.142919 -0.060398 -0.457261 0.069371 -0.762517 -0.150719 -0.090161 0.688929 
14.269526 -0.591093 -0.143031 -0.060479 -0.457355 0.069717 -0.762542 -0.150897 -0.089993 0.688765 
14.269615 -0.591329 -0.142987 -0.060799 -0.457368 0.069812 -0.762455 -0.151035 -0.089866 0.688630 
14.269560 -0.591255 -0.143114 -0.060402 -0.457429 0.069706 -0.762622 -0.150913 -0.090075 0.688751 
14.269586 -0.591145 -0.143220 -0.060239 -0.457607 0.070063 -0.762653 -0.150827 -0.090003 0.688875 
14.269524 -0.591068 -0.143151 -0.059991 -0.457651 0.070298 -0.762842 -0.150738 -0.089887 0.688656 
14.269458 -0.590884 -0.143176 -0.060158 -0.457769 0.070445 -0.763165 -0.150767 -0.090056 0.688703 
14.269361 -0.590994 -0.143320 -0.060159 -0.457417 0.070599 -0.763303 -0.150696 -0.089994 0.688847 
14.269210 -0.591038 -0.143345 -0.060202 -0.457511 0.070535 -0.763325 -0.150609 -0.089891 0.688877 
14.269095 -0.590957 -0.143310 -0.059966 -0.457501 0.070857 -0.763257 -0.150892 -0.090071 0.688939 
14.269132 -0.590762 -0.143586 -0.059805 -0.457591 0.070949 -0.763386 -0.151050 -0.089877 0.688972 
14.269042 -0.590919 -0.143452 -0.060002 -0.457486 0.070883 -0.763170 -0.150834 -0.090150 0.688815 
14.269090 -0.590931 -0.143201 -0.059818 -0.457618 0.071170 -0.763307 -0.150650 -0.090170 0.689083 
14.269041 -0.591186 -0.143244 -0.059594 -0.457713 0.071176 -0.763548 -0.150664 -0.090390 0.689030 
14.269099 -0.591315 -0.143266 -0.059698 -0.457778 0.071302 -0.763531 -0.150716 -0.090329 0.688988 
14.269017 -0.591383 -0.143090 -0.059803 -0.457830 0.071697 -0.763601 -0.150777 -0.090242 0.688888 
14.268989 -0.591508 -0.143038 -0.059978 -0.457956 0.072076 -0.763582 -0.150868 -0.090266 0.689030 
14.268987 -0.591724 -0.142939 -0.059860 -0.457988 0.072392 -0.763398 -0.150875 -0.090088 0.688996 
14.269055 -0.591653 -0.142764 -0.059865 -0.458386 0.072448 -0.763298 -0.150957 -0.090127 0.688860 
14.269213 -0.591609 -0.142738 -0.059827 -0.458290 0.072505 -0.763278 -0.151039 -0.090228 0.688829 
14.269362 -0.591726 -0.142653 -0.059982 -0.458349 0.072861 -0.763404 -0.150935 -0.090124 0.688769 
14.269244 -0.591990 -0.142596 -0.060015 -0.458376 0.073065 -0.763507 -0.151221 -0.090161 0.688647 
14.269084 -0.591846 -0.142394 -0.059932 -0.458368 0.073418 -0.763490 -0.151161 -0.090218 0.688759 
14.269165 -0.592020 -0.142409 -0.059820 -0.458532 0.073696 -0.763433 -0.151067 -0.090355 0.688990 
14.269197 -0.592161 -0.142290 -0.059491 -0.458508 0.073832 -0.763332 -0.150933 -0.090200 0.688836 
14.269089 -0.592126 -0.142545 -0.059552 -0.458511 0.074001 -0.763158 -0.150808 -0.090358 0.688598 
14.269107 -0.592034 -0.142680 -0.059469 -0.458561 0.074058 -0.763227 -0.150885 -0.090264 0.688613 
14.269125 -0.591920 -0.142897 -0.059380 -0.458659 0.074405 -0.763139 -0.150965 -0.090105 0.688634 
14.269121 -0.591802 -0.143077 -0.059181 -0.458802 0.074660 -0.763373 -0.150907 -0.090160 0.688550 
14.269174 -0.592111 -0.143304 -0.059150 -0.458900 0.074708 -0.763411 -0.151147 -0.090125 0.688425 
14.269098 -0.592217 -0.143490 -0.059121 -0.458534 0.074802 -0.763520 -0.151065 -0.090070 0.688572 
14.269031 -0.592165 -0.143321 -0.059203 -0.459001 0.074685 -0.763443 -0.151056 -0.090015 0.688451 
14.268765 -0.592111 -0.143458 -0.058922 -0.459088 0.074655 -0.763291 -0.151190 -0.090088 0.688560 
14.269155 -0.592203 -0.143410 -0.059171 -0.459066 0.074629 -0.763391 -0.150944 -0.090045 0.688554 
14.269108 -0.592016 -0.143507 -0.059246 -0.459018 0.074754 -0.763480 -0.151043 -0.089703 0.688187 
14.269085 -0.591879 -0.143680 -0.059574 -0.459117 0.074855 -0.763604 -0.151192 -0.089792 0.688314 
14.269192 -0.591905 -0.143547 -0.059549 -0.459234 0.075063 -0.763807 -0.151343 -0.089563 0.688501 
14.269196 -0.592009 -0.143501 -0.059685 -0.459351 0.075500 -0.763808 -0.151318 -0.089534 0.688466 
14.269217 -0.592105 -0.143458 -0.059819 -0.459505 0.075854 -0.764041 -0.151345 -0.089483 0.688424 
14.269250 -0.592235 -0.143379 -0.060076 -0.459563 0.076137 -0.763965 -0.151476 -0.089286 0.688480 
14.269214 -0.591934 -0.143220 -0.060129 -0.459582 0.076388 -0.764022 -0.151277 -0.089246 0.688585 
14.269047 -0.591861 -0.143367 -0.059940 -0.459764 0.076692 -0.764003 -0.151412 -0.089236 0.688649 
14.269251 -0.591896 -0.143572 -0.059882 -0.460001 0.076889 -0.763988 -0.151256 -0.089225 0.688822 
14.269506 -0.591737 -0.143494 -0.059806 -0.460063 0.077089 -0.763942 -0.151479 -0.089389 0.688706 
14.269552 -0.591766 -0.143661 -0.059735 -0.459711 0.077328 -0.764047 -0.151509 -0.089406 0.688803 
14.269512 -0.591804 -0.143614 -0.059789 -0.459726 0.077319 -0.764057 -0.151549 -0.089570 0.688954 
14.269446 -0.591925 -0.143454 -0.059540 -0.459843 0.077661 -0.764070 -0.151524 -0.089562 0.688968 
14.269303 -0.591879 -0.143570 -0.059556 -0.460002 0.078056 -0.764073 -0.151518 -0.089665 0.688871 
14.269242 -0.591781 -0.143607 -0.059458 -0.460203 0.078377 -0.764260 -0.151667 -0.089588 0.688960 
14.269150 -0.591664 -0.143652 -0.059324 -0.460312 0.078729 -0.764057 -0.151739 -0.089553 0.689074 
14.269074 -0.591499 -0.143750 -0.059006 -0.460393 0.078767 -0.764216 -0.151619 -0.089765 0.689025 
14.269126 -0.591795 -0.143766 -0.059251 -0.460348 0.078680 -0.764024 -0.151870 -0.089571 0.689038 
14.269250 -0.591818 -0.143544 -0.059544 -0.460401 0.079077 -0.764127 -0.151774 -0.089459 0.689051 
14.269336 -0.591918 -0.143450 -0.059685 -0.460521 0.079473 -0.764260 -0.151759 -0.089425 0.689014 
14.269358 -0.591733 -0.143289 -0.059758 -0.460575 0.079845 -0.764287 -0.151604 -0.089391 0.689086 
14.269398 -0.591830 -0.143253 -0.059832 -0.460719 0.080284 -0.764305 -0.151668 -0.089339 0.689088 
14.269384 -0.591747 -0.143190 -0.059848 -0.460831 0.080730 -0.764224 -0.151665 -0.089280 0.689169 
14.269382 -0.591688 -0.143148 -0.059843 -0.461002 0.081152 -0.764362 -0.151702 -0.089230 0.689218 
14.269395 -0.591714 -0.143120 -0.059870 -0.461167 0.081595 -0.764428 -0.151770 -0.089175 0.689247 
14.269390 -0.591675 -0.143081 -0.059875 -0.461324 0.082043 -0.764468 -0.151815 -0.089118 0.689303 
14.269415 -0.591765 -0.143065 -0.059922 -0.461482 0.082480 -0.764491 -0.151903 -0.089063 0.689313 
14.269442 -0.591705 -0.142980 -0.059949 -0.461617 0.082919 -0.764596 -0.151845 -0.089054 0.689333 
14.269374 -0.591580 -0.142977 -0.059894 -0.461757 0.083310 -0.764526 -0.151945 -0.088954 0.689465 
14.269374 -0.591617 -0.142956 -0.059924 -0.461889 0.083756 -0.764433 -0.152018 -0.088890 0.689512 
14.269363 -0.591439 -0.142858 -0.059910 -0.461990 0.084168 -0.764455 -0.151917 -0.088877 0.689586 
14.269330 -0.591399 -0.142879 -0.059856 -0.462191 0.084533 -0.764626 -0.152058 -0.088801 0.689651 
14.269359 -0.591437 -0.142850 -0.059880 -0.462368 0.084941 -0.764808 -0.152110 -0.088771 0.689647 
14.269306 -0.591401 -0.142880 -0.059827 -0.462540 0.085339 -0.764790 -0.152265 -0.088676 0.689743 
14.269279 -0.591343 -0.142860 -0.059804 -0.462696 0.085780 -0.764783 -0.152330 -0.088611 0.689821 
14.269311 -0.591345 -0.142803 -0.059835 -0.462854 0.086214 -0.764923 -0.152328 -0.088593 0.689824 
14.269296 -0.591270 -0.142757 -0.059827 -0.462993 0.086666 -0.764907 -0.152341 -0.088546 0.689893 
14.269296 -0.591418 -0.142809 -0.059841 -0.463167 0.087036 -0.764914 -0.152540 -0.088465 0.689908 
14.269361 -0.591509 -0.142753 -0.059912 -0.463315 0.087451 -0.765061 -0.152540 -0.088462 0.689865 
14.269347 -0.591502 -0.142734 -0.059914 -0.463459 0.087900 -0.765002 -0.152607 -0.088400 0.689926 
14.269391 -0.591484 -0.142644 -0.059965 -0.463582 0.088347 -0.765077 -0.152538 -0.088401 0.689925 
14.269319 -0.591396 -0.142702 -0.059848 -0.463786 0.088655 -0.765241 -0.152711 -0.088323 0.690017 
14.269244 -0.591317 -0.142737 -0.059771 -0.463937 0.089033 -0.765151 -0.152857 -0.088226 0.690139 
14.269219 -0.591183 -0.142701 -0.059711 -0.464107 0.089421 -0.765326 -0.152865 -0.088199 0.690201 
14.269231 -0.591340 -0.142760 -0.059709 -0.464301 0.089764 -0.765455 -0.153054 -0.088148 0.690184 
14.269250 -0.591401 -0.142739 -0.059738 -0.464458 0.090213 -0.765479 -0.153118 -0.088107 0.690197 
14.269247 -0.591333 -0.142693 -0.059725 -0.464616 0.090656 -0.765562 -0.153124 -0.088075 0.690244 
14.269290 -0.591480 -0.142670 -0.059807 -0.464732 0.091081 -0.765471 -0.153187 -0.088036 0.690231 
14.269190 -0.591424 -0.142757 -0.059690 -0.464890 0.091389 -0.765376 -0.153404 -0.087929 0.690359 
14.269206 -0.591590 -0.142844 -0.059653 -0.465085 0.091593 -0.765661 -0.153596 -0.087912 0.690303 
14.268968 -0.591551 -0.142616 -0.059757 -0.464982 0.091750 -0.765745 -0.153824 -0.087847 0.690166 
14.268925 -0.591603 -0.142711 -0.059743 -0.464807 0.091809 -0.765803 -0.153783 -0.087815 0.690239 
14.268671 -0.591735 -0.142719 -0.059871 -0.465022 0.091850 -0.765859 -0.153614 -0.087597 0.690354 
14.268630 -0.591773 -0.142672 -0.059925 -0.465037 0.091840 -0.765870 -0.153654 -0.087761 0.690504 
14.268775 -0.591575 -0.142929 -0.060171 -0.465065 0.092026 -0.765941 -0.153729 -0.087477 0.690376 
14.268983 -0.591653 -0.142749 -0.060091 -0.465069 0.092180 -0.766041 -0.153819 -0.087201 0.690555 
14.268980 -0.591717 -0.142808 -0.059955 -0.465156 0.092604 -0.766131 -0.153844 -0.087084 0.690509 
14.268977 -0.591808 -0.142877 -0.059825 -0.465241 0.093021 -0.766205 -0.153893 -0.086953 0.690460 
14.268997 -0.591973 -0.142952 -0.059716 -0.465313 0.093394 -0.766238 -0.154013 -0.086772 0.690427 
14.269040 -0.592001 -0.142994 -0.059628 -0.465388 0.093839 -0.766356 -0.154080 -0.086717 0.690457 
14.269095 -0.592108 -0.143048 -0.059548 -0.465455 0.094254 -0.766433 -0.154211 -0.086599 0.690486 
14.269101 -0.592142 -0.143032 -0.059453 -0.465672 0.094643 -0.766515 -0.154230 -0.086456 0.690444 
14.269071 -0.592146 -0.143113 -0.059255 -0.465738 0.095004 -0.766679 -0.154290 -0.086292 0.690439 
14.269156 -0.592316 -0.143104 -0.059260 -0.465896 0.095382 -0.766665 -0.154421 -0.086162 0.690442 
14.269211 -0.592464 -0.143180 -0.059171 -0.465929 0.095755 -0.766727 -0.154593 -0.086006 0.690478 
14.269170 -0.592553 -0.143156 -0.059045 -0.466195 0.095983 -0.766757 -0.154627 -0.085726 0.690380 
14.269286 -0.592746 -0.143101 -0.059092 -0.466169 0.096306 -0.766911 -0.154473 -0.085682 0.690212 
14.269285 -0.592709 -0.143048 -0.059062 -0.466103 0.096690 -0.766687 -0.154348 -0.085558 0.690232 
14.269242 -0.592698 -0.143313 -0.059233 -0.466233 0.096985 -0.766706 -0.154388 -0.085566 0.690058 
14.268984 -0.592959 -0.143333 -0.059223 -0.466350 0.097205 -0.766754 -0.154303 -0.085680 0.690195 
14.269239 -0.593046 -0.143581 -0.059090 -0.466505 0.097220 -0.766703 -0.154099 -0.085703 0.690325 
14.268986 -0.592994 -0.143324 -0.059087 -0.466351 0.097213 -0.766676 -0.154352 -0.085802 0.690068 
14.268993 -0.593019 -0.143255 -0.059289 -0.466489 0.097628 -0.766893 -0.154378 -0.085657 0.690187 
14.268986 -0.593202 -0.143219 -0.059398 -0.466584 0.098027 -0.766962 -0.154462 -0.085560 0.690141 
14.268891 -0.593190 -0.143320 -0.059262 -0.466505 0.098375 -0.767214 -0.154502 -0.085466 0.690137 
14.268807 -0.593186 -0.143270 -0.059285 -0.466640 0.098782 -0.767393 -0.154437 -0.085423 0.690058 
14.268733 -0.593326 -0.143291 -0.059323 -0.466682 0.099193 -0.767526 -0.154463 -0.085295 0.689986 
14.268664 -0.593319 -0.143192 -0.059399 -0.466879 0.099571 -0.767659 -0.154365 -0.085279 0.689890 
14.268673 -0.593353 -0.143196 -0.059508 -0.466820 0.100000 -0.767812 -0.154385 -0.085391 0.689920 
14.268557 -0.593317 -0.143220 -0.059472 -0.467011 0.100375 -0.767871 -0.154549 -0.085295 0.689992 
14.268505 -0.593405 -0.143255 -0.059482 -0.467228 0.100623 -0.768165 -0.154720 -0.085268 0.689964 
14.268479 -0.593475 -0.143076 -0.059358 -0.467318 0.100989 -0.768283 -0.154774 -0.085139 0.690063 
14.268538 -0.593442 -0.142969 -0.059288 -0.467409 0.101383 -0.768394 -0.154876 -0.084961 0.690056 
14.268900 -0.593302 -0.142975 -0.059212 -0.467413 0.101455 -0.768339 -0.155003 -0.084899 0.689825 
14.268651 -0.593467 -0.143083 -0.059291 -0.467478 0.101391 -0.768408 -0.154763 -0.084916 0.690171 
14.268475 -0.593262 -0.142831 -0.059573 -0.467289 0.101317 -0.768529 -0.154952 -0.084727 0.690122 
14.268453 -0.593095 -0.142839 -0.059463 -0.467275 0.101303 -0.768635 -0.154908 -0.084790 0.690153 
14.268300 -0.593330 -0.143024 -0.059453 -0.467072 0.101368 -0.768590 -0.154862 -0.084506 0.689918 
14.268427 -0.593234 -0.142768 -0.059542 -0.467451 0.101247 -0.768504 -0.154879 -0.084638 0.690042 
14.268378 -0.593173 -0.142704 -0.059767 -0.467430 0.101458 -0.768499 -0.154621 -0.084821 0.689861 
14.268345 -0.593081 -0.142693 -0.059736 -0.467381 0.101503 -0.768306 -0.154592 -0.084780 0.689930 
14.268140 -0.593063 -0.142918 -0.059861 -0.467612 0.101563 -0.768474 -0.154874 -0.084890 0.689815 
14.268126 -0.593099 -0.142828 -0.059799 -0.467656 0.101746 -0.768533 -0.154900 -0.084825 0.689866 
14.267845 -0.593194 -0.142555 -0.059721 -0.467529 0.101646 -0.768500 -0.155015 -0.084985 0.689805 
14.268242 -0.593044 -0.142795 -0.059736 -0.467640 0.101780 -0.768489 -0.154997 -0.084841 0.689707 
14.268226 -0.592840 -0.142640 -0.060002 -0.467516 0.101731 -0.768609 -0.155116 -0.084604 0.689710 
14.268314 -0.592806 -0.142544 -0.060062 -0.467625 0.101705 -0.768578 -0.155161 -0.084715 0.689812 
14.268213 -0.592910 -0.142649 -0.060071 -0.467723 0.102017 -0.768624 -0.155181 -0.084297 0.689638 
14.268183 -0.592862 -0.142664 -0.060067 -0.467939 0.102318 -0.768719 -0.155220 -0.084008 0.689581 
14.268149 -0.592833 -0.142697 -0.060093 -0.468162 0.102608 -0.768791 -0.155272 -0.083712 0.689510 
14.268122 -0.592953 -0.142787 -0.060271 -0.468365 0.102791 -0.768708 -0.155379 -0.083437 0.689387 
14.268182 -0.593003 -0.142784 -0.060262 -0.468354 0.103199 -0.768838 -0.155474 -0.083254 0.689465 
14.268273 -0.593137 -0.142679 -0.060344 -0.468497 0.103307 -0.769156 -0.155333 -0.083184 0.689274 
14.268356 -0.593252 -0.142692 -0.060134 -0.468607 0.103169 -0.769294 -0.155544 -0.082924 0.689383 
14.268411 -0.593222 -0.142557 -0.059999 -0.468723 0.103341 -0.769213 -0.155459 -0.082550 0.689430 
14.268124 -0.593285 -0.142316 -0.059876 -0.468829 0.103491 -0.769241 -0.155636 -0.082447 0.689383 
14.268286 -0.593206 -0.142150 -0.059967 -0.469152 0.103569 -0.769213 -0.155753 -0.082525 0.689582 
14.268175 -0.593220 -0.142154 -0.060074 -0.469146 0.103528 -0.769275 -0.155684 -0.082468 0.689731 
14.268217 -0.593412 -0.142339 -0.059730 -0.469366 0.103716 -0.769162 -0.155614 -0.082589 0.689658 
14.268216 -0.593376 -0.142458 -0.059512 -0.469560 0.103967 -0.769208 -0.155680 -0.082334 0.689606 
14.268291 -0.593586 -0.142455 -0.059322 -0.469674 0.104226 -0.769152 -0.155746 -0.082078 0.689597 
14.268289 -0.593644 -0.142399 -0.059198 -0.469994 0.104184 -0.769239 -0.155605 -0.081895 0.689369 
14.268341 -0.593558 -0.142287 -0.058824 -0.470001 0.104348 -0.769414 -0.155520 -0.081851 0.689464 
14.268290 -0.593651 -0.142428 -0.059095 -0.470010 0.104013 -0.769197 -0.155703 -0.081844 0.689439 
14.268153 -0.593558 -0.142478 -0.059240 -0.470144 0.104426 -0.768931 -0.155553 -0.081784 0.689254 
14.268095 -0.593702 -0.142680 -0.059334 -0.470317 0.104651 -0.769078 -0.155744 -0.081790 0.689093 
14.268412 -0.593694 -0.142969 -0.059432 -0.470372 0.104724 -0.769079 -0.155601 -0.081665 0.689085 
14.268450 -0.593662 -0.142893 -0.059511 -0.470521 0.104746 -0.769087 -0.155632 -0.081682 0.689229 
14.268192 -0.593749 -0.142964 -0.059655 -0.470502 0.104782 -0.769227 -0.155499 -0.081416 0.689400 
14.268230 -0.593621 -0.142902 -0.059708 -0.470452 0.104790 -0.769272 -0.155601 -0.081288 0.689339 
14.268256 -0.593823 -0.142744 -0.059943 -0.470596 0.105010 -0.769264 -0.155666 -0.081103 0.689242 
14.268138 -0.593724 -0.142750 -0.060232 -0.470859 0.105163 -0.769387 -0.155669 -0.081042 0.689102 
14.268126 -0.593745 -0.142817 -0.060408 -0.470711 0.105476 -0.769317 -0.155881 -0.081044 0.689282 
14.268161 -0.593683 -0.142687 -0.060116 -0.470854 0.105316 -0.769484 -0.155585 -0.081047 0.689110 
14.268171 -0.593736 -0.142670 -0.059870 -0.471084 0.105475 -0.769547 -0.155702 -0.080770 0.689154 
14.268299 -0.593900 -0.142574 -0.059791 -0.471174 0.105565 -0.769915 -0.155799 -0.080643 0.689206 
14.268346 -0.593880 -0.142377 -0.059662 -0.471326 0.105784 -0.769881 -0.155694 -0.080337 0.689266 
14.268248 -0.593673 -0.142442 -0.059523 -0.471591 0.105998 -0.770040 -0.155710 -0.080194 0.689286 
14.268278 -0.593754 -0.142631 -0.059389 -0.471550 0.106214 -0.770083 -0.155643 -0.079957 0.689028 
14.267963 -0.593814 -0.142410 -0.059209 -0.471560 0.106345 -0.770128 -0.155771 -0.079898 0.688906 
14.268189 -0.593762 -0.142304 -0.059050 -0.471780 0.106543 -0.770057 -0.155927 -0.079974 0.688747 
14.268094 -0.594021 -0.142390 -0.058942 -0.472033 0.106721 -0.770035 -0.155763 -0.080046 0.688866 
14.268100 -0.594011 -0.142356 -0.058854 -0.472107 0.106564 -0.770070 -0.155657 -0.080045 0.688776 
14.268117 -0.593962 -0.142442 -0.058652 -0.471983 0.106948 -0.770055 -0.155872 -0.079871 0.689091 
14.268098 -0.594023 -0.142499 -0.058675 -0.472075 0.106853 -0.769981 -0.156001 -0.079761 0.689100 
14.268038 -0.594025 -0.142438 -0.058919 -0.472278 0.107122 -0.770050 -0.156053 -0.079542 0.689041 
14.267980 -0.594013 -0.142357 -0.059068 -0.472553 0.107316 -0.770150 -0.156050 -0.079271 0.688943 
14.267955 -0.593940 -0.142272 -0.059207 -0.472575 0.107741 -0.770273 -0.156019 -0.079178 0.688973 
14.268039 -0.594219 -0.142274 -0.059299 -0.472470 0.107929 -0.770187 -0.156021 -0.078958 0.688767 
14.267875 -0.594060 -0.142328 -0.059399 -0.472555 0.108098 -0.769841 -0.155964 -0.078871 0.688684 
14.267829 -0.594028 -0.142512 -0.059375 -0.472551 0.108127 -0.769925 -0.156001 -0.078901 0.688575 
14.267761 -0.594146 -0.142459 -0.059636 -0.472736 0.108356 -0.769997 -0.156225 -0.078818 0.688566 
14.267764 -0.594142 -0.142400 -0.059639 -0.472889 0.108645 -0.770128 -0.156184 -0.078493 0.688508 
14.267783 -0.594231 -0.142147 -0.059793 -0.473059 0.108868 -0.770138 -0.156233 -0.078259 0.688592 
14.267701 -0.594388 -0.142191 -0.059768 -0.473258 0.109032 -0.770237 -0.155923 -0.078370 0.688452 
14.267906 -0.594345 -0.142226 -0.059766 -0.473345 0.109067 -0.770192 -0.155942 -0.078422 0.688429 
14.267993 -0.594332 -0.142489 -0.060018 -0.473324 0.109026 -0.770253 -0.155765 -0.078252 0.688606 
14.267923 -0.594257 -0.142143 -0.059883 -0.473332 0.108989 -0.770246 -0.155901 -0.078417 0.688287 
14.267959 -0.594290 -0.142384 -0.059552 -0.473300 0.109419 -0.770247 -0.156042 -0.078277 0.688388 
14.267980 -0.594329 -0.142578 -0.059297 -0.473458 0.109534 -0.770242 -0.156178 -0.078016 0.688294 
14.267887 -0.594016 -0.142606 -0.059179 -0.473647 0.109660 -0.770405 -0.156215 -0.078067 0.688481 
14.267946 -0.594110 -0.142605 -0.059175 -0.473640 0.109626 -0.770603 -0.156292 -0.078100 0.688499 
14.268132 -0.594088 -0.142486 -0.058876 -0.473505 0.109705 -0.770659 -0.156094 -0.077948 0.688598 
14.267956 -0.594162 -0.142464 -0.059265 -0.473720 0.109720 -0.770592 -0.156326 -0.078004 0.688555 
14.267970 -0.594225 -0.142538 -0.059295 -0.473712 0.110153 -0.770573 -0.156523 -0.077968 0.688571 
14.267966 -0.594355 -0.142615 -0.059181 -0.474017 0.110284 -0.770514 -0.156723 -0.077747 0.688596 
14.268001 -0.594209 -0.142576 -0.059255 -0.474113 0.110441 -0.770643 -0.156825 -0.077494 0.688307 
14.268312 -0.594149 -0.142451 -0.059222 -0.474315 0.110527 -0.770538 -0.156942 -0.077683 0.688193 
14.268322 -0.594079 -0.142402 -0.059194 -0.474216 0.110459 -0.770488 -0.157116 -0.077637 0.688238 
14.268561 -0.594072 -0.142686 -0.059452 -0.474369 0.110559 -0.770543 -0.156923 -0.077500 0.688349 
14.268496 -0.593914 -0.142677 -0.059421 -0.474454 0.110592 -0.770627 -0.156925 -0.077549 0.688456 
14.268430 -0.593986 -0.142663 -0.059488 -0.474661 0.110919 -0.770695 -0.157044 -0.077320 0.688399 
14.268387 -0.594070 -0.142643 -0.059551 -0.474885 0.111256 -0.770743 -0.157171 -0.077116 0.688362 
14.268394 -0.594117 -0.142604 -0.059580 -0.475180 0.111598 -0.770760 -0.157310 -0.077046 0.688436 
14.268333 -0.594180 -0.142762 -0.059594 -0.475364 0.111831 -0.770983 -0.157521 -0.076936 0.688329 
14.268445 -0.594191 -0.142725 -0.059358 -0.475397 0.112109 -0.771128 -0.157477 -0.076679 0.688354 
14.268395 -0.594120 -0.142796 -0.059248 -0.475544 0.112455 -0.771097 -0.157489 -0.076423 0.688283 
14.268426 -0.594199 -0.142641 -0.059234 -0.475776 0.112592 -0.771310 -0.157519 -0.076127 0.688300 
14.268469 -0.594231 -0.142486 -0.059319 -0.475792 0.112936 -0.771549 -0.157548 -0.075959 0.688309 
14.268644 -0.594423 -0.142447 -0.059346 -0.475898 0.113202 -0.771675 -0.157613 -0.075702 0.688317 
14.268698 -0.594302 -0.142372 -0.059299 -0.476094 0.113445 -0.771966 -0.157636 -0.075557 0.688415 
14.268496 -0.594380 -0.142328 -0.059417 -0.476235 0.113620 -0.772188 -0.157798 -0.075405 0.688254 
14.268418 -0.594467 -0.142041 -0.059430 -0.476446 0.113832 -0.772036 -0.157851 -0.075480 0.688400 
14.268616 -0.594286 -0.142272 -0.059492 -0.476302 0.113610 -0.772147 -0.157816 -0.075430 0.688112 
14.268449 -0.594279 -0.142360 -0.059724 -0.476250 0.113654 -0.772185 -0.157670 -0.075108 0.688412 
14.268482 -0.594451 -0.142372 -0.059442 -0.476311 0.113651 -0.772225 -0.157608 -0.075476 0.688204 
14.268495 -0.594384 -0.142118 -0.059206 -0.476118 0.113735 -0.772366 -0.157740 -0.075133 0.688138 
14.268626 -0.594534 -0.141932 -0.059318 -0.476083 0.113613 -0.772709 -0.157824 -0.075158 0.688241 
14.268504 -0.594351 -0.142117 -0.059276 -0.475966 0.113883 -0.772386 -0.157739 -0.075222 0.688133 
14.268525 -0.594301 -0.142321 -0.059087 -0.476048 0.114176 -0.772453 -0.157874 -0.075021 0.688087 
14.268417 -0.594114 -0.142473 -0.058877 -0.476135 0.114429 -0.772573 -0.157984 -0.074864 0.688038 
14.268519 -0.594419 -0.142586 -0.058874 -0.476061 0.114570 -0.772421 -0.158088 -0.074652 0.687904 
14.268866 -0.594376 -0.142633 -0.058687 -0.476024 0.114646 -0.772327 -0.157965 -0.074599 0.688117 
14.268552 -0.594401 -0.142736 -0.058872 -0.475984 0.114478 -0.772505 -0.158005 -0.074642 0.687818 
14.268493 -0.594597 -0.142583 -0.058898 -0.476300 0.114772 -0.772507 -0.157794 -0.074747 0.687839 
14.268520 -0.594644 -0.142564 -0.058748 -0.476295 0.114755 -0.772507 -0.157858 -0.074895 0.687755 
14.268741 -0.594413 -0.142476 -0.059058 -0.476454 0.114812 -0.772472 -0.157851 -0.074718 0.687564 
14.268697 -0.594361 -0.142605 -0.059086 -0.476502 0.114817 -0.772301 -0.157841 -0.074794 0.687566 
14.268853 -0.594544 -0.142608 -0.059248 -0.476630 0.114870 -0.772665 -0.158087 -0.074784 0.687718 
14.268861 -0.594512 -0.142604 -0.059321 -0.476477 0.115015 -0.772684 -0.158084 -0.074877 0.687714 
14.268785 -0.594675 -0.142375 -0.059496 -0.476600 0.115254 -0.772723 -0.158114 -0.074663 0.687671 
14.269123 -0.594679 -0.142322 -0.059397 -0.476643 0.115424 -0.772673 -0.157995 -0.074554 0.687899 
14.269006 -0.594364 -0.142291 -0.059286 -0.476812 0.115597 -0.772886 -0.157998 -0.074530 0.687987 
14.269032 -0.594259 -0.142008 -0.059462 -0.476933 0.115516 -0.772995 -0.157847 -0.074680 0.688179 
14.269014 -0.594428 -0.142377 -0.059295 -0.476867 0.115628 -0.772972 -0.157826 -0.074564 0.687909 
14.269110 -0.594307 -0.142534 -0.059263 -0.476828 0.115789 -0.773180 -0.157907 -0.074233 0.687857 
14.269206 -0.594357 -0.142503 -0.058972 -0.476927 0.116042 -0.773313 -0.158079 -0.074250 0.687716 
14.268992 -0.594518 -0.142607 -0.058796 -0.476841 0.116173 -0.773428 -0.158060 -0.074135 0.687987 
14.269023 -0.594555 -0.142728 -0.058898 -0.476945 0.116202 -0.773439 -0.158165 -0.074201 0.688060 
14.268977 -0.594381 -0.142886 -0.058850 -0.477086 0.116497 -0.773232 -0.158135 -0.074044 0.687997 
14.268986 -0.594346 -0.142882 -0.058924 -0.476931 0.116632 -0.773251 -0.158129 -0.074145 0.687995 
14.269143 -0.594203 -0.142824 -0.058967 -0.477004 0.116830 -0.773602 -0.158180 -0.074030 0.688059 
14.269324 -0.593958 -0.143065 -0.058760 -0.476924 0.116788 -0.773761 -0.158206 -0.074109 0.688124 
14.268961 -0.594117 -0.142839 -0.058982 -0.477030 0.116800 -0.773681 -0.158234 -0.074072 0.687981 
14.269134 -0.594457 -0.142689 -0.059175 -0.477017 0.117009 -0.773663 -0.158278 -0.073810 0.687924 
14.269108 -0.594655 -0.142613 -0.059266 -0.477221 0.117181 -0.773783 -0.157990 -0.073904 0.687843 
14.269126 -0.594697 -0.142527 -0.059126 -0.477266 0.117253 -0.773765 -0.158103 -0.073999 0.687810 
14.269064 -0.594723 -0.142193 -0.059330 -0.477348 0.117397 -0.773705 -0.158205 -0.073886 0.687976 
14.268952 -0.594812 -0.142249 -0.059241 -0.477298 0.117449 -0.773753 -0.158196 -0.073840 0.688113 
14.269009 -0.595089 -0.142297 -0.059253 -0.477231 0.117653 -0.773922 -0.158330 -0.073635 0.687968 
14.269035 -0.595295 -0.142271 -0.059221 -0.477386 0.117920 -0.774140 -0.158115 -0.073696 0.687997 
14.268965 -0.595339 -0.142262 -0.059555 -0.477336 0.117953 -0.774206 -0.157991 -0.073416 0.688133 
14.269044 -0.595347 -0.142390 -0.059337 -0.477421 0.117952 -0.774107 -0.158207 -0.073814 0.688057 
14.268947 -0.595339 -0.142194 -0.059258 -0.477038 0.118111 -0.774016 -0.158006 -0.073850 0.687883 
14.269004 -0.595217 -0.142353 -0.059192 -0.477460 0.118052 -0.774019 -0.158098 -0.073619 0.687963 
14.268861 -0.595502 -0.142366 -0.059078 -0.477642 0.117994 -0.773780 -0.158052 -0.073510 0.687833 
14.268677 -0.595450 -0.142366 -0.059116 -0.477684 0.117990 -0.773873 -0.158091 -0.073543 0.687739 
14.268664 -0.595328 -0.142463 -0.058863 -0.477782 0.118279 -0.773925 -0.158236 -0.073363 0.687715 
14.268599 -0.595209 -0.142556 -0.058827 -0.477872 0.118562 -0.773969 -0.158268 -0.073019 0.687752 
14.268766 -0.595080 -0.142420 -0.058826 -0.478080 0.118792 -0.773941 -0.158403 -0.072949 0.687517 
14.268870 -0.594970 -0.142736 -0.058672 -0.478125 0.118882 -0.774036 -0.158330 -0.072845 0.687279 
14.268788 -0.595008 -0.142432 -0.058800 -0.478260 0.118687 -0.773972 -0.158381 -0.072949 0.687607 
14.268624 -0.594941 -0.142302 -0.058623 -0.478097 0.119138 -0.773820 -0.158455 -0.072948 0.687599 
14.268633 -0.595060 -0.142525 -0.058767 -0.478204 0.119313 -0.773783 -0.158759 -0.073034 0.687704 
14.268613 -0.594940 -0.142559 -0.058775 -0.478148 0.119218 -0.773646 -0.158858 -0.072984 0.687681 
14.268653 -0.595200 -0.142397 -0.058626 -0.478198 0.119395 -0.774003 -0.159042 -0.072819 0.687721 
14.268373 -0.595183 -0.142326 -0.058829 -0.478314 0.119575 -0.774187 -0.159129 -0.072725 0.687589 
14.268340 -0.595411 -0.142251 -0.058922 -0.478477 0.119822 -0.774103 -0.159146 -0.072451 0.687555 
14.268439 -0.595388 -0.142158 -0.059131 -0.478485 0.120149 -0.774239 -0.159210 -0.072253 0.687640 
14.268355 -0.595596 -0.142019 -0.059166 -0.478662 0.120436 -0.774285 -0.159375 -0.072186 0.687495 
14.268080 -0.595767 -0.142150 -0.059162 -0.478613 0.120572 -0.774374 -0.159353 -0.071964 0.687688 
14.268054 -0.595666 -0.142134 -0.059130 -0.479021 0.120524 -0.774450 -0.159369 -0.071841 0.687878 
14.268030 -0.595901 -0.141974 -0.059429 -0.479047 0.120317 -0.774508 -0.159434 -0.071788 0.687998 
14.268128 -0.595710 -0.142327 -0.059187 -0.479062 0.120503 -0.774502 -0.159425 -0.071837 0.687818 
14.268123 -0.595623 -0.142372 -0.059035 -0.479117 0.120605 -0.774639 -0.159242 -0.071536 0.687596 
14.268020 -0.595409 -0.142472 -0.058997 -0.479120 0.120695 -0.774434 -0.159476 -0.071289 0.687530 
14.267920 -0.595315 -0.142637 -0.059065 -0.479280 0.120990 -0.774317 -0.159233 -0.071315 0.687489 
14.268131 -0.595408 -0.142723 -0.058755 -0.479319 0.121205 -0.774278 -0.159242 -0.071174 0.687603 
14.268011 -0.595218 -0.142806 -0.058583 -0.479329 0.121404 -0.774592 -0.159353 -0.071211 0.687585 
14.267922 -0.595341 -0.142772 -0.058510 -0.479422 0.121415 -0.774556 -0.159414 -0.071262 0.687468 
14.267771 -0.595285 -0.143003 -0.058227 -0.479437 0.121198 -0.774479 -0.159259 -0.071223 0.687480 
14.268049 -0.595216 -0.142737 -0.058460 -0.479472 0.121383 -0.774512 -0.159415 -0.071363 0.687376 
14.268002 -0.595446 -0.142632 -0.058680 -0.479538 0.121674 -0.774653 -0.159495 -0.071002 0.687374 
14.267949 -0.595388 -0.142660 -0.058794 -0.479566 0.121865 -0.774444 -0.159845 -0.070950 0.687487 
14.267979 -0.595488 -0.142672 -0.058826 -0.479217 0.122093 -0.774400 -0.159858 -0.070943 0.687264 
14.267898 -0.595423 -0.142491 -0.058756 -0.479180 0.122127 -0.774345 -0.159806 -0.070910 0.687304 
14.267960 -0.595630 -0.142303 -0.058876 -0.479249 0.122436 -0.774453 -0.159818 -0.071001 0.687453 
14.268079 -0.595759 -0.142092 -0.058817 -0.479127 0.122310 -0.774621 -0.160108 -0.070877 0.687488 
14.268173 -0.595812 -0.142155 -0.058651 -0.479144 0.122368 -0.774565 -0.160083 -0.070801 0.687547 
14.268153 -0.595938 -0.142079 -0.058688 -0.479259 0.122675 -0.774581 -0.160103 -0.070475 0.687518 
14.268083 -0.596065 -0.142044 -0.058701 -0.479307 0.123023 -0.774483 -0.160269 -0.070265 0.687623 
14.268274 -0.596041 -0.141890 -0.058698 -0.479467 0.123349 -0.774417 -0.160368 -0.070125 0.687512 
14.268121 -0.596331 -0.141795 -0.058531 -0.479647 0.123490 -0.774393 -0.160421 -0.070118 0.687316 
14.268242 -0.596564 -0.141680 -0.058718 -0.479666 0.123416 -0.774086 -0.160345 -0.069994 0.687339 
14.268141 -0.596367 -0.141813 -0.058530 -0.479449 0.123566 -0.774383 -0.160387 -0.070137 0.687211 
14.268090 -0.596334 -0.141801 -0.058420 -0.479513 0.123917 -0.774629 -0.160423 -0.069959 0.687258 
14.267994 -0.596278 -0.141841 -0.058314 -0.479508 0.124233 -0.774574 -0.160726 -0.070011 0.687382 
14.267969 -0.596202 -0.141815 -0.058181 -0.479448 0.124155 -0.774645 -0.161008 -0.069692 0.687247 
14.268070 -0.596307 -0.141937 -0.058256 -0.479476 0.124146 -0.774734 -0.161097 -0.069720 0.687232 
14.267962 -0.596175 -0.142254 -0.058288 -0.479631 0.124331 -0.774667 -0.161054 -0.069596 0.687064 
14.267761 -0.596107 -0.142101 -0.058610 -0.479660 0.124434 -0.774819 -0.161179 -0.069628 0.686940 
14.267921 -0.596019 -0.142023 -0.058593 -0.479728 0.124482 -0.774795 -0.161196 -0.069678 0.686841 
14.267876 -0.595993 -0.142052 -0.058490 -0.479828 0.124817 -0.775075 -0.161338 -0.069628 0.686804 
14.267811 -0.595996 -0.142139 -0.058393 -0.479661 0.125110 -0.775222 -0.161493 -0.069709 0.686577 
14.267873 -0.596087 -0.142093 -0.058474 -0.479736 0.125482 -0.775255 -0.161603 -0.069467 0.686617 
14.267979 -0.595939 -0.142140 -0.058586 -0.479704 0.125796 -0.775403 -0.161708 -0.069272 0.686758 
14.267960 -0.596062 -0.142094 -0.058593 -0.479905 0.126137 -0.775456 -0.161886 -0.069100 0.686748 
14.267939 -0.596146 -0.142077 -0.058588 -0.480051 0.126511 -0.775548 -0.162082 -0.068954 0.686713 
14.267920 -0.596224 -0.142063 -0.058584 -0.480190 0.126887 -0.775644 -0.162279 -0.068807 0.686680 
14.267935 -0.596229 -0.142076 -0.058610 -0.480271 0.127278 -0.775774 -0.162467 -0.068646 0.686686 
14.267858 -0.596405 -0.142032 -0.058552 -0.480469 0.127592 -0.775817 -0.162660 -0.068556 0.686578 
14.267825 -0.596527 -0.142036 -0.058514 -0.480460 0.127985 -0.775899 -0.162830 -0.068474 0.686423 
14.267798 -0.596601 -0.142023 -0.058504 -0.480621 0.128351 -0.775998 -0.163034 -0.068334 0.686394 
14.267780 -0.596672 -0.142023 -0.058495 -0.480708 0.128745 -0.776105 -0.163229 -0.068204 0.686333 
14.267752 -0.596684 -0.141971 -0.058512 -0.481096 0.128858 -0.776156 -0.163385 -0.068059 0.686487 
14.267809 -0.596840 -0.141883 -0.058556 -0.481218 0.128999 -0.776358 -0.163202 -0.067783 0.686361 
14.267813 -0.596952 -0.141893 -0.058659 -0.481324 0.129277 -0.776339 -0.162984 -0.068023 0.686505 
14.267695 -0.596824 -0.141874 -0.058602 -0.481342 0.129336 -0.776242 -0.162894 -0.067964 0.686471 
14.267648 -0.596862 -0.141474 -0.058450 -0.481245 0.129449 -0.776279 -0.162942 -0.067905 0.686621 
14.267834 -0.596793 -0.141430 -0.058376 -0.481302 0.129475 -0.776229 -0.162935 -0.067945 0.686551 
14.267898 -0.596931 -0.141642 -0.058056 -0.481294 0.129560 -0.776155 -0.162889 -0.067776 0.686706 
14.267955 -0.597015 -0.141663 -0.058069 -0.481383 0.129815 -0.775907 -0.162959 -0.067482 0.686661 
14.267917 -0.597000 -0.141743 -0.057836 -0.481574 0.130111 -0.775961 -0.163008 -0.067291 0.686561 
14.268034 -0.597187 -0.141827 -0.057708 -0.481751 0.130440 -0.776019 -0.163098 -0.067167 0.686564 
14.267802 -0.597331 -0.141824 -0.057591 -0.481788 0.130701 -0.776076 -0.163170 -0.066913 0.686652 
14.267914 -0.597136 -0.141926 -0.057594 -0.481777 0.130966 -0.776200 -0.163175 -0.066659 0.686818 
14.267882 -0.597242 -0.141956 -0.057384 -0.482023 0.131198 -0.776170 -0.163162 -0.066403 0.686803 
14.268042 -0.597581 -0.141990 -0.057469 -0.482024 0.131414 -0.776233 -0.163283 -0.066415 0.686958 
14.268094 -0.597767 -0.142066 -0.057382 -0.481789 0.131736 -0.776262 -0.163291 -0.066369 0.686798 
14.268052 -0.597772 -0.142172 -0.057282 -0.481825 0.131963 -0.776127 -0.163627 -0.066481 0.686935 
14.268134 -0.597766 -0.142021 -0.057190 -0.481774 0.131909 -0.776157 -0.163734 -0.066420 0.686930 
14.268056 -0.597885 -0.142443 -0.057370 -0.481847 0.131826 -0.776261 -0.163847 -0.066275 0.686806 
14.268049 -0.597855 -0.142349 -0.057529 -0.481889 0.131893 -0.776192 -0.163899 -0.066233 0.686712 
14.267999 -0.597930 -0.142201 -0.057674 -0.482053 0.132153 -0.776477 -0.163958 -0.066273 0.686634 
14.267978 -0.598125 -0.142049 -0.057923 -0.482117 0.132433 -0.776485 -0.163983 -0.066101 0.686668 
14.268324 -0.598155 -0.142051 -0.058028 -0.482323 0.132629 -0.776480 -0.163983 -0.066149 0.686514 
14.268196 -0.598485 -0.141933 -0.057996 -0.482446 0.132565 -0.776369 -0.164022 -0.066305 0.686311 
14.268386 -0.598203 -0.142046 -0.058153 -0.482206 0.132580 -0.776513 -0.164025 -0.066275 0.686567 
14.268184 -0.597975 -0.141984 -0.058061 -0.482414 0.132934 -0.776551 -0.164003 -0.065949 0.686330 
14.268114 -0.597846 -0.141877 -0.058179 -0.482800 0.132901 -0.776586 -0.164065 -0.065833 0.686483 
14.268094 -0.597855 -0.141948 -0.058111 -0.482813 0.133002 -0.776531 -0.164229 -0.065890 0.686560 
14.268097 -0.598017 -0.142103 -0.057946 -0.482903 0.133233 -0.776762 -0.164243 -0.065682 0.686612 
14.268126 -0.598072 -0.142309 -0.057980 -0.482921 0.133313 -0.776591 -0.164391 -0.065326 0.686533 
14.267980 -0.598076 -0.142565 -0.058067 -0.483017 0.133517 -0.776478 -0.164132 -0.065418 0.686606 
14.268155 -0.598134 -0.142169 -0.057978 -0.482874 0.133400 -0.776500 -0.164338 -0.065271 0.686640 
14.268219 -0.598059 -0.142106 -0.057650 -0.482955 0.133694 -0.776536 -0.164393 -0.065130 0.686646 
14.268223 -0.598124 -0.142048 -0.057702 -0.482910 0.134057 -0.776736 -0.164582 -0.065012 0.686713 
14.268320 -0.598212 -0.142026 -0.057639 -0.483100 0.134257 -0.776880 -0.164743 -0.064845 0.686971 
14.267988 -0.598221 -0.141987 -0.057488 -0.482999 0.134335 -0.776986 -0.164843 -0.064647 0.687136 
14.267889 -0.598537 -0.141854 -0.057423 -0.483192 0.134502 -0.776972 -0.164958 -0.064660 0.686968 
14.268013 -0.598816 -0.141875 -0.057259 -0.483118 0.134794 -0.777066 -0.165083 -0.064609 0.686977 
14.268054 -0.598907 -0.141718 -0.057279 -0.483249 0.135030 -0.777270 -0.165002 -0.064345 0.686864 
14.268072 -0.598952 -0.141546 -0.057278 -0.483397 0.135393 -0.777318 -0.165174 -0.064208 0.686820 
14.268150 -0.599119 -0.141443 -0.057159 -0.483693 0.135568 -0.777401 -0.165249 -0.064010 0.686923 
14.268014 -0.599243 -0.141278 -0.057018 -0.483738 0.135858 -0.777484 -0.165322 -0.063779 0.686851 
14.268099 -0.599183 -0.141232 -0.057036 -0.483723 0.136159 -0.777700 -0.165414 -0.063546 0.687006 
14.268339 -0.599377 -0.141212 -0.056967 -0.483686 0.136490 -0.777813 -0.165468 -0.063466 0.686933 
14.268316 -0.599383 -0.140973 -0.056885 -0.483762 0.136682 -0.778097 -0.165418 -0.063671 0.687018 
14.268277 -0.599397 -0.141296 -0.057008 -0.483719 0.136612 -0.777734 -0.165329 -0.063495 0.686999 
14.268199 -0.599362 -0.141597 -0.057002 -0.483905 0.136786 -0.777909 -0.165446 -0.063414 0.686844 
14.268149 -0.599546 -0.141681 -0.057226 -0.484000 0.137030 -0.777984 -0.165570 -0.063179 0.686841 
14.268217 -0.599476 -0.141764 -0.057209 -0.484155 0.137355 -0.777972 -0.165594 -0.062888 0.686759 
