Start Optimization 
3.876811 -0.426489 -0.226478 -0.101798 -0.493112 0.280814 0.140329 -0.427598 0.092588 0.701229 
4.876811 -0.426489 -0.226478 -0.101798 -0.493112 0.280814 0.140329 -0.427598 0.092588 0.701229 
4.876811 0.573511 -0.226478 -0.101798 -0.493112 0.280814 0.140329 -0.427598 0.092588 0.701229 
4.876811 -0.426489 0.773522 -0.101798 -0.493112 0.280814 0.140329 -0.427598 0.092588 0.701229 
4.876811 -0.426489 -0.226478 0.898202 -0.493112 0.280814 0.140329 -0.427598 0.092588 0.701229 
4.876811 -0.426489 -0.226478 -0.101798 0.506888 0.280814 0.140329 -0.427598 0.092588 0.701229 
4.876811 -0.426489 -0.226478 -0.101798 -0.493112 1.280814 0.140329 -0.427598 0.092588 0.701229 
4.876811 -0.426489 -0.226478 -0.101798 -0.493112 1.280814 1.140329 -0.427598 0.092588 0.701229 
4.876811 -0.426489 -0.226478 -0.101798 -0.493112 1.280814 1.140329 0.572402 0.092588 0.701229 
4.876811 -0.426489 -0.226478 -0.101798 -0.493112 1.280814 1.140329 -0.427598 1.092588 0.701229 
4.876811 -0.426489 -0.226478 -0.101798 -0.493112 1.280814 1.140329 -0.427598 1.092588 1.701229 
4.877433 -0.699214 -0.388588 -1.049130 -0.535521 1.281351 1.140837 -0.437674 1.094424 0.701205 
4.876852 0.069410 -0.237246 -0.164723 -0.495929 1.280850 1.140363 -0.428267 1.092710 0.701227 
5.126809 -0.426489 -0.225519 -0.101798 -0.493112 1.280814 1.140329 -0.427598 1.092588 0.701229 
5.124935 -0.425101 0.273006 -0.140070 -0.494825 1.280836 1.140350 -0.428005 1.092662 0.701228 
5.126809 -0.426489 -0.225519 -0.090617 -0.742862 1.280814 1.140329 -0.427598 1.092588 0.701229 
5.127356 -0.411944 -0.261881 0.394730 -0.449442 1.281041 1.140544 -0.431865 1.093365 0.701219 
5.126809 -0.426522 -0.225538 -0.101912 -0.493117 1.530814 1.140329 -0.427598 1.092588 0.701229 
5.128238 -0.576344 -0.399025 -0.545595 -0.472756 1.279884 1.140733 -0.435602 1.094046 0.701210 
5.126809 -0.425367 -0.225543 -0.101940 -0.493118 1.280814 1.390326 -0.427598 1.092588 0.701229 
5.127046 0.066298 -0.255698 -0.187634 -0.490568 1.280727 1.388069 -0.428869 1.092820 0.701226 
5.126811 -0.426407 -0.225909 -0.104077 -0.493214 1.280813 1.390330 -0.677586 1.092588 0.701229 
5.128217 -0.596955 -0.396359 -0.538302 -0.473015 1.279895 1.390843 -0.403972 1.094025 0.701210 
5.126799 -0.425359 -0.222938 -0.102140 -0.493127 1.280814 1.390327 -0.427600 1.342574 0.701229 
5.125102 -0.430879 0.270989 -0.178969 -0.486122 1.280637 1.390359 -0.422654 1.337435 0.701224 
5.126799 -0.425359 -0.222938 -0.102129 -0.493127 1.280814 1.390327 -0.427600 1.342574 0.451229 
5.127953 -0.433640 -0.324500 0.383180 -0.431137 1.280334 1.390643 -0.412348 1.344293 0.701607 
5.126800 -0.255562 -0.223241 -0.102321 -0.493135 1.280836 1.495987 -0.321876 1.236145 0.701229 
5.127218 -0.077641 -0.279906 -0.222296 -0.487976 1.280619 1.195201 -0.616411 1.536633 0.701318 
5.128212 -0.578286 -0.431499 -0.516432 -0.479424 1.280032 1.445227 -0.353249 1.290174 0.701496 
5.127426 -0.425598 -0.279895 0.137871 -0.460852 1.280549 1.374333 -0.435424 1.359639 0.701430 
5.126428 -0.426013 -0.098399 -0.109473 -0.487843 1.280724 1.385914 -0.429463 1.345734 0.701278 
5.126421 -0.471740 -0.096529 -0.104941 -0.487640 1.280720 1.410432 -0.405002 1.321408 0.701278 
5.126760 -0.442237 -0.089914 -0.231907 -0.474136 1.280335 1.378755 -0.426366 1.352845 0.701442 
5.126437 -0.425551 -0.100651 -0.102720 -0.425753 1.280728 1.385709 -0.429751 1.345973 0.701278 
5.126827 -0.432146 -0.071325 0.015639 -0.434833 1.280326 1.368465 -0.435456 1.363291 0.701518 
5.188919 -0.424565 -0.100413 -0.102721 -0.425753 1.280728 1.386322 -0.429137 1.345355 0.701278 
5.186004 -0.339265 -0.089883 -0.090805 -0.426019 1.280637 1.437115 -0.375443 1.294126 0.701334 
5.188919 -0.424561 -0.100423 -0.102712 -0.425753 1.218288 1.387442 -0.431377 1.344235 0.701278 
5.188880 -0.423529 -0.095796 -0.097628 -0.425922 1.286250 1.437330 -0.530822 1.294320 0.701306 
5.188918 -0.424375 -0.099975 -0.102847 -0.425749 1.280728 1.430513 -0.429135 1.389550 0.701278 
5.188855 -0.429931 -0.042443 -0.209875 -0.403945 1.281054 1.376588 -0.417713 1.352593 0.701938 
5.188921 -0.424562 -0.101047 -0.102687 -0.425780 1.280729 1.386345 -0.429127 1.345339 0.763775 
5.189238 -0.421327 -0.225428 -0.093349 -0.429319 1.280995 1.390354 -0.425073 1.342174 0.762643 
5.216848 -0.434103 -0.100101 -0.082943 -0.427887 1.307629 1.353330 -0.423417 1.339461 0.736218 
5.196270 -0.431468 -0.068160 0.029625 -0.436322 1.287310 1.359872 -0.430030 1.361533 0.757312 
5.225735 -0.439014 -0.077302 -0.136114 -0.418122 1.316407 1.340462 -0.416477 1.338838 0.727870 
5.213404 -0.433008 -0.108434 -0.083420 -0.428110 1.302917 1.344828 -0.398765 1.352891 0.739568 
5.217640 -0.432798 -0.168646 -0.088434 -0.428249 1.307753 1.348805 -0.408198 1.343470 0.735018 
5.209885 -0.453515 -0.110329 -0.083925 -0.428123 1.298718 1.335428 -0.412047 1.368371 0.743785 
5.200906 -0.446575 -0.099985 -0.025550 -0.429857 1.290182 1.337721 -0.409363 1.377795 0.753044 
5.210059 -0.430799 -0.110758 -0.087386 -0.428075 1.298880 1.322949 -0.424104 1.380504 0.743620 
5.217341 -0.472430 -0.081355 -0.126747 -0.415963 1.306071 1.326733 -0.389995 1.364975 0.737127 
5.210326 -0.453251 -0.118114 -0.081260 -0.398040 1.299213 1.335925 -0.413425 1.367365 0.743300 
5.213583 -0.457419 -0.167768 -0.086587 -0.446890 1.303068 1.341252 -0.418053 1.357678 0.739841 
5.213466 -0.462825 -0.094589 -0.105323 -0.425932 1.302236 1.331038 -0.400968 1.366918 0.740604 
5.196370 -0.453742 -0.110548 -0.083942 -0.428170 1.303237 1.332040 -0.412053 1.365366 0.739261 
5.199408 -0.457546 -0.138375 -0.089323 -0.437808 1.306084 1.334445 -0.413219 1.359462 0.736695 
5.196341 -0.453701 -0.110532 -0.083787 -0.428177 1.315954 1.336341 -0.411600 1.370126 0.745668 
5.192236 -0.456330 -0.105266 -0.055153 -0.433265 1.311879 1.339502 -0.405976 1.371957 0.749883 
5.192272 -0.456404 -0.105264 -0.055403 -0.433194 1.311916 1.331640 -0.405917 1.364146 0.760894 
5.193853 -0.469250 -0.083695 -0.062272 -0.434100 1.313798 1.328808 -0.389107 1.363782 0.759654 
5.180457 -0.470833 -0.075045 -0.072332 -0.434455 1.301047 1.344264 -0.383729 1.366419 0.773111 
5.195353 -0.474831 -0.079875 -0.061283 -0.434011 1.315867 1.335405 -0.397423 1.355060 0.758194 
5.201035 -0.466196 -0.061982 -0.061916 -0.437500 1.321345 1.311873 -0.385260 1.369358 0.753108 
5.194285 -0.470135 -0.085935 -0.064544 -0.449331 1.314159 1.329084 -0.388733 1.363018 0.759346 
5.198164 -0.487201 -0.096988 -0.062010 -0.429880 1.317683 1.328449 -0.369607 1.358141 0.755932 
5.198599 -0.486013 -0.106822 -0.059657 -0.428640 1.318239 1.313304 -0.370473 1.343431 0.776533 
5.196820 -0.496207 -0.107866 -0.059800 -0.428655 1.316121 1.308667 -0.377186 1.351217 0.778602 
5.194203 -0.496916 -0.118359 -0.031666 -0.431126 1.313454 1.313142 -0.372836 1.355103 0.778005 
5.183317 -0.496379 -0.108179 -0.059889 -0.428682 1.320914 1.305397 -0.377261 1.348336 0.774165 
5.198653 -0.494962 -0.113140 -0.066167 -0.426843 1.341441 1.316715 -0.378184 1.360669 0.788790 
5.196509 -0.488134 -0.115367 -0.061769 -0.420986 1.313271 1.305881 -0.380654 1.356046 0.775657 
5.202616 -0.507619 -0.113947 -0.082338 -0.435018 1.315116 1.307325 -0.376329 1.338682 0.770440 
5.199329 -0.494612 -0.098349 -0.058987 -0.425110 1.319276 1.299198 -0.372595 1.354499 0.778390 
5.194645 -0.495455 -0.109061 -0.061974 -0.431117 1.313798 1.308513 -0.372354 1.354352 0.780822 
5.191895 -0.497075 -0.101303 -0.061551 -0.420093 1.312161 1.314701 -0.378052 1.349886 0.785316 
5.196820 -0.495428 -0.110026 -0.059280 -0.428892 1.316161 1.304878 -0.377942 1.347657 0.783877 
5.195107 -0.488897 -0.101777 -0.060721 -0.437226 1.315038 1.308944 -0.385316 1.353643 0.780375 
5.196146 -0.496568 -0.108528 -0.052408 -0.429383 1.316234 1.309562 -0.375713 1.352423 0.779246 
5.195995 -0.496837 -0.107994 -0.051932 -0.429655 1.313086 1.308539 -0.375596 1.351116 0.777869 
5.197632 -0.501908 -0.108885 -0.050480 -0.432775 1.315072 1.308657 -0.372536 1.348791 0.776737 
5.199544 -0.504536 -0.113807 -0.047809 -0.432988 1.316310 1.307328 -0.369818 1.348571 0.773851 
5.198206 -0.500502 -0.108999 -0.050329 -0.435755 1.315584 1.307641 -0.373780 1.349440 0.775859 
5.196335 -0.505851 -0.105001 -0.048960 -0.433893 1.314929 1.311965 -0.371460 1.346479 0.779511 
5.194891 -0.505981 -0.103366 -0.046949 -0.432738 1.308225 1.311433 -0.371729 1.344488 0.778240 
5.196129 -0.508111 -0.104440 -0.048924 -0.433596 1.314699 1.310073 -0.372648 1.348586 0.779979 
5.197642 -0.506960 -0.099601 -0.048031 -0.432088 1.316601 1.306572 -0.368785 1.348428 0.779653 
5.199523 -0.508076 -0.104336 -0.048942 -0.433567 1.313515 1.310910 -0.372666 1.349301 0.781035 
5.197604 -0.510795 -0.102077 -0.051828 -0.431909 1.315989 1.312162 -0.375274 1.347519 0.775426 
5.195365 -0.508133 -0.104088 -0.049786 -0.434376 1.313877 1.311389 -0.370679 1.350968 0.778865 
5.194733 -0.510444 -0.105012 -0.055415 -0.435668 1.312597 1.309719 -0.368658 1.349288 0.781988 
5.193122 -0.508492 -0.103546 -0.047140 -0.431437 1.315326 1.314696 -0.371873 1.354614 0.782357 
5.195917 -0.510346 -0.105845 -0.047829 -0.434583 1.314377 1.311403 -0.369239 1.350854 0.777996 
5.196016 -0.510764 -0.105276 -0.046274 -0.437890 1.314839 1.311391 -0.370085 1.351499 0.777770 
5.196359 -0.509872 -0.106620 -0.048412 -0.434691 1.315761 1.311135 -0.369306 1.351523 0.777940 
5.195906 -0.509700 -0.107670 -0.046883 -0.433231 1.312649 1.310043 -0.369448 1.352054 0.776425 
5.195858 -0.510972 -0.106403 -0.048446 -0.434611 1.314214 1.312395 -0.370374 1.350715 0.777357 
5.196831 -0.512416 -0.104377 -0.048659 -0.433137 1.315561 1.312644 -0.369954 1.350579 0.775398 
5.197205 -0.512703 -0.104515 -0.049712 -0.433869 1.315106 1.311707 -0.369557 1.349904 0.774917 
5.196190 -0.515042 -0.105152 -0.049821 -0.432300 1.315945 1.313473 -0.368876 1.350684 0.777211 
5.196405 -0.514154 -0.106116 -0.049846 -0.432209 1.316470 1.315827 -0.367107 1.348625 0.776663 
5.194731 -0.514171 -0.106178 -0.049814 -0.432202 1.317084 1.315373 -0.367152 1.348202 0.776167 
5.195713 -0.514684 -0.106799 -0.048934 -0.431224 1.318038 1.314497 -0.368738 1.345652 0.777272 
5.195750 -0.515047 -0.106055 -0.048711 -0.432704 1.318722 1.314923 -0.368926 1.345473 0.777685 
5.195899 -0.516935 -0.108943 -0.047558 -0.431273 1.318194 1.315787 -0.368354 1.345351 0.775955 
5.196036 -0.519203 -0.111062 -0.046381 -0.431203 1.318375 1.317299 -0.368038 1.344930 0.774683 
5.196183 -0.518858 -0.112377 -0.047184 -0.427964 1.317763 1.317108 -0.368652 1.343718 0.774661 
5.195604 -0.519602 -0.110228 -0.045730 -0.431092 1.317020 1.317450 -0.367839 1.344282 0.774814 
5.196060 -0.519577 -0.110519 -0.043784 -0.430629 1.317639 1.315706 -0.365169 1.344336 0.775455 
5.195021 -0.518958 -0.110685 -0.044800 -0.430904 1.317016 1.318153 -0.368285 1.344877 0.775763 
5.195338 -0.519276 -0.112439 -0.046691 -0.433055 1.315324 1.316321 -0.367724 1.343419 0.775525 
5.195924 -0.518289 -0.110280 -0.045299 -0.431376 1.317063 1.317981 -0.367611 1.343504 0.773931 
5.196175 -0.520424 -0.109876 -0.044764 -0.431239 1.316305 1.315488 -0.369940 1.345400 0.773038 
5.193912 -0.519583 -0.110259 -0.045729 -0.431092 1.317612 1.316994 -0.367861 1.343908 0.774311 
5.194904 -0.520205 -0.109791 -0.047490 -0.430803 1.315759 1.318124 -0.366244 1.346413 0.773434 
5.195525 -0.521282 -0.108889 -0.047896 -0.430759 1.315726 1.318450 -0.366389 1.345616 0.774159 
5.193098 -0.520368 -0.110436 -0.048774 -0.431813 1.316774 1.317542 -0.365902 1.348069 0.771276 
5.194804 -0.520038 -0.110435 -0.048105 -0.429205 1.315422 1.317760 -0.366404 1.346135 0.773146 
5.194800 -0.519640 -0.109301 -0.047913 -0.430869 1.315673 1.317928 -0.366554 1.346515 0.773656 
5.195119 -0.520133 -0.109483 -0.047015 -0.430625 1.315950 1.316920 -0.364931 1.346726 0.773756 
5.195092 -0.520089 -0.109019 -0.046716 -0.430155 1.316411 1.317239 -0.365000 1.346990 0.773562 
5.194491 -0.520257 -0.110017 -0.046230 -0.430571 1.315463 1.317245 -0.364891 1.347820 0.774736 
5.194878 -0.519844 -0.109617 -0.047298 -0.430609 1.316232 1.317382 -0.364403 1.346475 0.774036 
5.195561 -0.519360 -0.109515 -0.046048 -0.430998 1.315198 1.317291 -0.364318 1.346609 0.772832 
5.195831 -0.520066 -0.109689 -0.047343 -0.430636 1.316041 1.317097 -0.364863 1.347221 0.773802 
5.195357 -0.519709 -0.110285 -0.046261 -0.430934 1.317165 1.316386 -0.365480 1.346372 0.774042 
5.194281 -0.520785 -0.109614 -0.047493 -0.431219 1.316405 1.316630 -0.364487 1.347522 0.772773 
5.194423 -0.521597 -0.109245 -0.047466 -0.431332 1.316381 1.316683 -0.364237 1.347369 0.772958 
5.194297 -0.520944 -0.109898 -0.047465 -0.430901 1.316372 1.316628 -0.364413 1.347437 0.772646 
5.193998 -0.520431 -0.109850 -0.047860 -0.430491 1.316180 1.316227 -0.364527 1.347671 0.772547 
5.194262 -0.521029 -0.110005 -0.047537 -0.430874 1.316694 1.316463 -0.364600 1.347413 0.772860 
5.194380 -0.520519 -0.110295 -0.046919 -0.431210 1.316634 1.316544 -0.364390 1.347379 0.772278 
5.194425 -0.520921 -0.109799 -0.047684 -0.430927 1.316469 1.316647 -0.364525 1.347159 0.772394 
5.193996 -0.520989 -0.110198 -0.047501 -0.431014 1.316193 1.317229 -0.364996 1.347586 0.772607 
5.193952 -0.520871 -0.109867 -0.047439 -0.430891 1.316433 1.316718 -0.364260 1.347169 0.772723 
5.194204 -0.520599 -0.110142 -0.047850 -0.430912 1.316711 1.317164 -0.363795 1.347372 0.772917 
5.193968 -0.520891 -0.110098 -0.047587 -0.431124 1.316201 1.316559 -0.364227 1.347035 0.772823 
5.194351 -0.520516 -0.109810 -0.047152 -0.430582 1.316206 1.316863 -0.364482 1.346798 0.773199 
5.194130 -0.521102 -0.109900 -0.047317 -0.430757 1.316209 1.316716 -0.364060 1.347340 0.772710 
5.194006 -0.521718 -0.109582 -0.046715 -0.430850 1.316190 1.316744 -0.363783 1.347398 0.772795 
5.193765 -0.522179 -0.109243 -0.046137 -0.430723 1.316010 1.316591 -0.363474 1.347653 0.772824 
5.194325 -0.521853 -0.109734 -0.046838 -0.431118 1.316577 1.317321 -0.363359 1.347368 0.773040 
5.194222 -0.521977 -0.109872 -0.046791 -0.431161 1.316438 1.317618 -0.363633 1.347448 0.773006 
5.194201 -0.522052 -0.109754 -0.046928 -0.431095 1.316393 1.317644 -0.363657 1.347413 0.773116 
5.194438 -0.521809 -0.109931 -0.046475 -0.431123 1.316390 1.317650 -0.363722 1.347260 0.773119 
5.194217 -0.521907 -0.109769 -0.046801 -0.431215 1.316329 1.317704 -0.363564 1.347384 0.772893 
5.194366 -0.522054 -0.109888 -0.046742 -0.431301 1.316477 1.317621 -0.363616 1.347301 0.772531 
5.194258 -0.522087 -0.110009 -0.046747 -0.431227 1.316450 1.317626 -0.363535 1.347161 0.772529 
5.194356 -0.522065 -0.110049 -0.046745 -0.431677 1.316299 1.317454 -0.363571 1.347304 0.772628 
5.194249 -0.522012 -0.109825 -0.046726 -0.431394 1.316605 1.317628 -0.363692 1.347208 0.772551 
5.194209 -0.521853 -0.110023 -0.046525 -0.431316 1.316571 1.317655 -0.363468 1.347549 0.772412 
5.194171 -0.522009 -0.109928 -0.046384 -0.431327 1.316555 1.317646 -0.363407 1.347561 0.772437 
5.194176 -0.522354 -0.109789 -0.046124 -0.431355 1.316529 1.317682 -0.363252 1.347618 0.772386 
5.194181 -0.522699 -0.109653 -0.045863 -0.431384 1.316503 1.317718 -0.363097 1.347677 0.772334 
5.194156 -0.522965 -0.109576 -0.045563 -0.431417 1.316509 1.317772 -0.362903 1.347811 0.772230 
5.194259 -0.522702 -0.109708 -0.045908 -0.431449 1.316605 1.317863 -0.362996 1.347676 0.772387 
5.194249 -0.522967 -0.109642 -0.045618 -0.431493 1.316628 1.317943 -0.362785 1.347809 0.772294 
5.194284 -0.522784 -0.109848 -0.045605 -0.431581 1.316824 1.318163 -0.362584 1.347966 0.772257 
5.194197 -0.522994 -0.109576 -0.045756 -0.431494 1.316691 1.317838 -0.362665 1.347857 0.772261 
5.194454 -0.522846 -0.109700 -0.045276 -0.431463 1.316566 1.318008 -0.362885 1.347634 0.772404 
5.194276 -0.523055 -0.109758 -0.045600 -0.431453 1.316755 1.317849 -0.362859 1.347858 0.772350 
5.194104 -0.523170 -0.109848 -0.045601 -0.431456 1.316603 1.318130 -0.363088 1.348000 0.772463 
5.194106 -0.523152 -0.109763 -0.045598 -0.431262 1.316689 1.318208 -0.363105 1.348000 0.772443 
5.194306 -0.523037 -0.109830 -0.045255 -0.431244 1.316618 1.318276 -0.363212 1.347829 0.772557 
5.194209 -0.523162 -0.109833 -0.045622 -0.431157 1.316551 1.318178 -0.363052 1.348096 0.772414 
5.194248 -0.523219 -0.109925 -0.045593 -0.431198 1.316569 1.318221 -0.363227 1.348037 0.771982 
5.194314 -0.523123 -0.109713 -0.045619 -0.431230 1.316577 1.318169 -0.363138 1.348236 0.772415 
5.194105 -0.523425 -0.109526 -0.045592 -0.431208 1.316561 1.318038 -0.363026 1.348409 0.772328 
5.194440 -0.523271 -0.109690 -0.045675 -0.431269 1.316599 1.318265 -0.363090 1.348175 0.772441 
5.194163 -0.522766 -0.109804 -0.045733 -0.431153 1.316538 1.318013 -0.363326 1.348253 0.772416 
5.194284 -0.523037 -0.109800 -0.045550 -0.431264 1.316661 1.318250 -0.363031 1.348345 0.772381 
5.194332 -0.523164 -0.109773 -0.045602 -0.431210 1.316638 1.318124 -0.363177 1.348256 0.772445 
5.194333 -0.523083 -0.109698 -0.045399 -0.431209 1.316511 1.318152 -0.363174 1.348192 0.772438 
5.194272 -0.523149 -0.109737 -0.045621 -0.431230 1.316539 1.318240 -0.363196 1.348270 0.772444 
5.194198 -0.522970 -0.109781 -0.045681 -0.431193 1.316520 1.318161 -0.363288 1.348277 0.772443 
5.194262 -0.523135 -0.109714 -0.045628 -0.431220 1.316534 1.318230 -0.363152 1.348285 0.772552 
5.194113 -0.523215 -0.109642 -0.045594 -0.431198 1.316517 1.318131 -0.363121 1.348384 0.772497 
5.194417 -0.523075 -0.109778 -0.045672 -0.431246 1.316553 1.318336 -0.363177 1.348184 0.772608 
5.194326 -0.523110 -0.109740 -0.045646 -0.431231 1.316542 1.318273 -0.363162 1.348243 0.772575 
5.194263 -0.523131 -0.109697 -0.045627 -0.431180 1.316552 1.318246 -0.363156 1.348285 0.772548 
5.194261 -0.523143 -0.109748 -0.045630 -0.431300 1.316499 1.318198 -0.363145 1.348285 0.772560 
5.194282 -0.523145 -0.109763 -0.045635 -0.431279 1.316471 1.318192 -0.363134 1.348304 0.772554 
5.194282 -0.523225 -0.109730 -0.045662 -0.431280 1.316458 1.318193 -0.363102 1.348326 0.772546 
5.194289 -0.523156 -0.109746 -0.045622 -0.431270 1.316449 1.318176 -0.363157 1.348281 0.772563 
5.194284 -0.523110 -0.109779 -0.045544 -0.431280 1.316467 1.318204 -0.363124 1.348312 0.772556 
5.194303 -0.523136 -0.109739 -0.045635 -0.431293 1.316476 1.318189 -0.363152 1.348333 0.772555 
5.194274 -0.523062 -0.109761 -0.045660 -0.431278 1.316468 1.318158 -0.363189 1.348332 0.772556 
5.194303 -0.523117 -0.109718 -0.045643 -0.431302 1.316453 1.318212 -0.363138 1.348320 0.772545 
5.194368 -0.523120 -0.109776 -0.045649 -0.431300 1.316495 1.318222 -0.363169 1.348297 0.772583 
5.194286 -0.523145 -0.109749 -0.045631 -0.431293 1.316461 1.318219 -0.363176 1.348347 0.772567 
5.194308 -0.523099 -0.109753 -0.045544 -0.431294 1.316475 1.318196 -0.363139 1.348339 0.772554 
5.194305 -0.523219 -0.109732 -0.045659 -0.431292 1.316497 1.318177 -0.363132 1.348370 0.772553 
