Start Optimization 
18.185654 -0.843149 -0.028374 0.029136 -0.402330 0.563725 0.841317 -0.404285 -0.318386 0.395286 
19.185654 -0.843149 -0.028374 0.029136 -0.402330 0.563725 0.841317 -0.404285 -0.318386 0.395286 
18.185654 0.156851 -0.028374 0.029136 -0.402330 0.563725 0.841317 -0.404285 -0.318386 0.395286 
18.185654 -0.843149 0.971626 0.029136 -0.402330 0.563725 0.841317 -0.404285 -0.318386 0.395286 
18.185654 -0.843149 -0.028374 1.029136 -0.402330 0.563725 0.841317 -0.404285 -0.318386 0.395286 
18.185654 -0.843149 -0.028374 0.029136 0.597670 0.563725 0.841317 -0.404285 -0.318386 0.395286 
18.185654 -0.843149 -0.028374 0.029136 -0.402330 1.563725 0.841317 -0.404285 -0.318386 0.395286 
18.185654 -0.843149 -0.028374 0.029136 -0.402330 0.563725 1.841317 -0.404285 -0.318386 0.395286 
18.185654 -0.843149 -0.028374 0.029136 -0.402330 0.563725 1.841317 0.595715 -0.318386 0.395286 
18.185654 -0.843149 -0.028374 0.029136 -0.402330 0.563725 1.841317 -0.404285 0.681614 0.395286 
18.185654 -0.843149 -0.028374 0.029136 -0.402330 0.563725 1.841317 -0.404285 -0.318386 1.395286 
18.185212 -1.027628 -0.367824 -0.891031 -0.465576 0.559125 1.841799 -0.407258 -0.319243 0.393495 
18.185615 -0.859258 0.464834 -0.051213 -0.407853 0.563323 1.841359 -0.404545 -0.318461 0.395130 
17.935655 -0.842550 -0.028374 0.029136 -0.402330 0.563725 1.841317 -0.404285 -0.318386 0.395286 
17.936835 -0.344528 -0.034143 -0.014797 -0.405350 0.563505 1.841340 -0.404427 -0.318427 0.395201 
17.935655 -0.842550 -0.028374 0.046279 -0.651742 0.563725 1.841317 -0.404285 -0.318386 0.395286 
17.935596 -0.817374 -0.080443 0.524150 -0.362206 0.561742 1.841525 -0.405566 -0.318755 0.394514 
17.935654 -0.842755 -0.028752 0.028111 -0.402400 0.313727 1.841317 -0.404285 -0.318386 0.395286 
17.935277 -0.912600 -0.330314 -0.362772 -0.418539 0.571647 1.841683 -0.406538 -0.319035 0.393929 
17.935560 -0.856316 0.207685 -0.051965 -0.404765 0.565409 1.841424 -0.404944 -0.318576 0.394889 
17.935655 -0.842544 -0.028387 0.029261 -0.402321 0.563724 1.966317 -0.404285 -0.318386 0.395286 
17.935577 -0.837515 -0.135613 0.254008 -0.382270 0.565443 1.840913 -0.405252 -0.318665 0.394704 
17.935654 -0.842667 -0.029018 0.028299 -0.402388 0.563730 1.841318 -0.529280 -0.318386 0.395286 
17.935519 -0.868837 -0.229534 -0.116739 -0.408638 0.566660 1.841310 -0.400373 -0.318611 0.394816 
17.935655 -0.842563 -0.028186 0.029072 -0.402334 0.563725 1.841317 -0.404286 -0.443386 0.395286 
17.935166 -0.904731 0.163625 -0.116944 -0.395020 0.573458 1.840863 -0.395513 -0.304247 0.393091 
17.935667 -0.837234 -0.028436 0.028667 -0.402362 0.563723 1.841317 -0.404287 -0.318386 0.270400 
17.936241 -0.588890 -0.037790 0.003631 -0.402984 0.564229 1.841292 -0.403751 -0.317543 0.280835 
17.909533 -0.834762 -0.032063 0.078434 -0.372740 0.589654 1.788985 -0.352335 -0.266139 0.322636 
17.929815 -0.819946 -0.173788 0.266059 -0.375251 0.571437 1.829290 -0.391055 -0.303183 0.280853 
17.901187 -0.840073 0.062263 0.007855 -0.362229 0.601859 1.772421 -0.332363 -0.243900 0.337509 
17.912547 -0.835136 -0.037103 0.075134 -0.375988 0.650525 1.795016 -0.358311 -0.272173 0.316601 
17.904417 -0.847266 -0.127868 -0.002539 -0.372130 0.646430 1.778887 -0.340602 -0.255239 0.332359 
17.908241 -0.847016 -0.129656 -0.004426 -0.311708 0.646190 1.786531 -0.348255 -0.262889 0.324709 
17.910012 -0.844908 -0.228078 0.066605 -0.391363 0.641678 1.790019 -0.347210 -0.259268 0.318620 
17.965011 -0.847779 -0.127397 -0.002799 -0.372083 0.646480 1.771237 -0.332951 -0.247587 0.340002 
17.882205 -0.862518 -0.155185 -0.080727 -0.405324 0.670911 1.750738 -0.294810 -0.199652 0.351310 
17.904222 -0.909368 -0.124987 0.003299 -0.371923 0.646365 1.778873 -0.340586 -0.255219 0.329704 
17.888230 -0.770831 -0.152182 -0.068732 -0.397022 0.664664 1.758047 -0.306688 -0.214072 0.350154 
17.898536 -0.902977 -0.132499 -0.017801 -0.380503 0.652679 1.771628 -0.328800 -0.240911 0.335024 
17.904417 -0.847065 -0.127713 -0.002389 -0.372119 0.646429 1.783085 -0.315121 -0.272325 0.328165 
17.903580 -0.842438 -0.132310 -0.004793 -0.374104 0.647347 1.751663 -0.331615 -0.312565 0.359371 
17.904807 -0.841632 -0.132148 -0.007228 -0.375500 0.646132 1.732410 -0.334050 -0.315013 0.335238 
17.915565 -0.836558 -0.136318 -0.032569 -0.391405 0.635568 1.784588 -0.355756 -0.337383 0.344554 
17.901726 -0.842808 -0.133976 -0.006716 -0.372330 0.617215 1.747959 -0.327866 -0.308823 0.363060 
17.901895 -0.813709 -0.096612 0.036711 -0.379829 0.643393 1.747920 -0.330052 -0.312035 0.363381 
17.899280 -0.805843 -0.078450 0.015050 -0.377373 0.646371 1.743444 -0.325088 -0.306815 0.368067 
17.897432 -0.774482 -0.139047 0.047456 -0.382621 0.649355 1.740619 -0.318726 -0.298831 0.369050 
17.895643 -0.851910 -0.109135 0.077908 -0.390202 0.646783 1.734423 -0.320312 -0.305317 0.373989 
17.903389 -0.813103 -0.099001 0.044402 -0.350437 0.643073 1.750399 -0.333705 -0.316490 0.360982 
17.886841 -0.813541 -0.096756 0.036576 -0.379965 0.643295 1.750087 -0.332128 -0.314099 0.361337 
17.893381 -0.809333 -0.102281 0.041960 -0.393916 0.636147 1.766188 -0.344078 -0.326987 0.354804 
17.891563 -0.826806 -0.109477 0.062165 -0.407466 0.635895 1.763674 -0.342066 -0.326567 0.358511 
17.893279 -0.808501 -0.102920 0.041924 -0.393926 0.636295 1.768115 -0.331110 -0.335181 0.352805 
17.891319 -0.788036 -0.123800 0.046064 -0.397942 0.638827 1.765186 -0.327755 -0.328023 0.355479 
17.891354 -0.786812 -0.124835 0.045050 -0.398664 0.638812 1.754293 -0.332034 -0.337808 0.358187 
17.892986 -0.786116 -0.125040 0.046679 -0.401381 0.636879 1.743181 -0.331894 -0.333478 0.329598 
17.892287 -0.786733 -0.124134 0.045859 -0.399529 0.653891 1.756159 -0.333914 -0.339681 0.356328 
17.892519 -0.801197 -0.144933 0.026439 -0.397347 0.639357 1.756978 -0.333426 -0.338897 0.355809 
17.893564 -0.807201 -0.162188 0.003164 -0.405027 0.635511 1.761364 -0.334648 -0.341123 0.355096 
17.896338 -0.812168 -0.178718 0.007046 -0.382361 0.632397 1.767241 -0.340312 -0.348082 0.350919 
17.878283 -0.807205 -0.162106 0.002810 -0.404593 0.635705 1.762868 -0.336231 -0.342656 0.353324 
17.889291 -0.815655 -0.165078 -0.005678 -0.394696 0.641796 1.744946 -0.321989 -0.327697 0.361729 
17.893254 -0.808420 -0.163645 0.005477 -0.406610 0.635625 1.762947 -0.321801 -0.349045 0.353582 
17.892048 -0.826345 -0.175274 0.021175 -0.421540 0.634337 1.760948 -0.326289 -0.345747 0.357126 
17.891630 -0.830232 -0.171543 0.019691 -0.419577 0.634796 1.766591 -0.326957 -0.349052 0.369990 
17.894943 -0.847214 -0.159767 0.014902 -0.420729 0.630278 1.760931 -0.330037 -0.351799 0.343523 
17.892317 -0.825141 -0.176099 0.020397 -0.422456 0.638105 1.750872 -0.330903 -0.355689 0.359281 
17.894179 -0.827812 -0.178153 0.020521 -0.424889 0.662824 1.771364 -0.328271 -0.345096 0.352065 
17.893629 -0.814804 -0.190643 0.022743 -0.442665 0.627678 1.769924 -0.328908 -0.350066 0.359469 
17.889926 -0.828898 -0.182679 0.017941 -0.422794 0.636946 1.754066 -0.319666 -0.338845 0.361660 
17.889214 -0.827248 -0.177437 0.019190 -0.427137 0.637988 1.752361 -0.318295 -0.337095 0.362654 
17.888629 -0.823949 -0.178545 0.033503 -0.424695 0.639867 1.750173 -0.316440 -0.334930 0.364753 
17.896886 -0.827558 -0.177206 0.019239 -0.427316 0.637827 1.751615 -0.317564 -0.336433 0.363316 
17.888897 -0.837215 -0.174262 0.012650 -0.434900 0.636126 1.751518 -0.317836 -0.338063 0.357528 
17.889258 -0.828202 -0.177741 0.019437 -0.427663 0.637824 1.751443 -0.324746 -0.333073 0.363671 
17.889454 -0.818393 -0.174765 0.008230 -0.425638 0.638536 1.751124 -0.325421 -0.330195 0.363651 
17.888828 -0.831453 -0.173631 0.018864 -0.422482 0.639382 1.750295 -0.324193 -0.332465 0.365008 
17.888987 -0.829556 -0.178070 0.017407 -0.431554 0.637134 1.758042 -0.325379 -0.336442 0.376597 
17.888458 -0.829176 -0.177342 0.017625 -0.430700 0.630008 1.755459 -0.324889 -0.336605 0.377856 
17.888641 -0.823922 -0.182491 0.028586 -0.439284 0.636836 1.758371 -0.324569 -0.334974 0.378832 
17.888956 -0.833639 -0.177821 0.014551 -0.436860 0.635778 1.758207 -0.325478 -0.337187 0.374236 
17.888938 -0.829643 -0.177792 0.017371 -0.431255 0.636194 1.760584 -0.324278 -0.333951 0.376034 
17.889176 -0.824031 -0.177750 0.012072 -0.432529 0.637220 1.757873 -0.326083 -0.335803 0.376760 
17.888535 -0.830341 -0.180390 0.016493 -0.431445 0.637674 1.756517 -0.323885 -0.334916 0.377614 
17.889961 -0.830068 -0.183346 0.016387 -0.428853 0.635487 1.760771 -0.327638 -0.339005 0.375250 
17.885149 -0.829414 -0.178168 0.017380 -0.431444 0.637220 1.758410 -0.325742 -0.336771 0.376271 
17.884748 -0.832700 -0.173876 0.015588 -0.427218 0.638670 1.758067 -0.326090 -0.336651 0.379141 
17.885163 -0.829726 -0.178438 0.017816 -0.431898 0.637132 1.757935 -0.328908 -0.334726 0.376779 
17.885019 -0.826527 -0.180788 0.022831 -0.436271 0.636823 1.758169 -0.328454 -0.334393 0.377499 
17.885144 -0.825300 -0.181031 0.024453 -0.435147 0.637084 1.754882 -0.328332 -0.332595 0.371062 
17.887049 -0.826561 -0.178985 0.024301 -0.435915 0.638301 1.757450 -0.329250 -0.335844 0.377903 
17.880903 -0.826938 -0.182752 0.022202 -0.437755 0.634825 1.760488 -0.327879 -0.331506 0.381907 
17.877379 -0.825900 -0.185037 0.023011 -0.437735 0.633166 1.758858 -0.327066 -0.326985 0.378015 
17.881099 -0.825541 -0.184490 0.022978 -0.434873 0.634805 1.761267 -0.328449 -0.331880 0.382427 
17.881700 -0.830348 -0.185048 0.020259 -0.442620 0.633009 1.762243 -0.329480 -0.333713 0.380410 
17.882322 -0.825753 -0.183982 0.015311 -0.446195 0.633145 1.762031 -0.330392 -0.333488 0.380849 
17.877918 -0.825237 -0.182627 0.014644 -0.447916 0.633930 1.763048 -0.326974 -0.338142 0.379777 
17.877880 -0.825718 -0.183828 0.014210 -0.448262 0.637372 1.763814 -0.326678 -0.337300 0.379550 
17.879002 -0.826310 -0.185711 0.013037 -0.448867 0.633772 1.757642 -0.323955 -0.339291 0.382230 
17.879720 -0.824233 -0.183020 0.015938 -0.448920 0.633379 1.764413 -0.324576 -0.337662 0.379630 
17.881220 -0.827437 -0.180137 0.011211 -0.449078 0.632036 1.766644 -0.321801 -0.335902 0.379119 
17.880952 -0.824716 -0.181749 0.016337 -0.449127 0.634242 1.765184 -0.325150 -0.339233 0.382379 
17.878881 -0.823361 -0.182207 0.019373 -0.455341 0.633602 1.763048 -0.326244 -0.336617 0.379326 
17.879219 -0.819713 -0.187012 0.019954 -0.457322 0.632444 1.765546 -0.328513 -0.339361 0.379373 
17.876754 -0.822984 -0.182769 0.019397 -0.455236 0.632941 1.763874 -0.325694 -0.334845 0.381714 
17.878900 -0.817925 -0.179120 0.021542 -0.453854 0.635976 1.760455 -0.324882 -0.335715 0.379388 
17.878761 -0.823931 -0.183693 0.021660 -0.453802 0.633077 1.763362 -0.324522 -0.336351 0.378021 
17.877795 -0.827475 -0.179479 0.021309 -0.457910 0.634882 1.762296 -0.329744 -0.338342 0.382102 
17.878530 -0.828223 -0.177966 0.019218 -0.460082 0.634219 1.763165 -0.329100 -0.337321 0.381744 
17.878757 -0.826035 -0.175358 0.018887 -0.460801 0.635350 1.762106 -0.329044 -0.336756 0.382260 
17.878272 -0.827817 -0.177466 0.019545 -0.459803 0.634206 1.764607 -0.329953 -0.337218 0.381170 
17.879073 -0.827202 -0.179606 0.017843 -0.462331 0.633678 1.763612 -0.330317 -0.338627 0.382517 
17.879968 -0.828133 -0.180272 0.017984 -0.465532 0.632570 1.764378 -0.329355 -0.338917 0.382269 
17.878567 -0.829318 -0.180174 0.017233 -0.466423 0.631989 1.765383 -0.329512 -0.338429 0.385255 
17.880353 -0.827949 -0.179819 0.018244 -0.465225 0.630882 1.763932 -0.329779 -0.338926 0.382466 
17.882270 -0.828636 -0.181366 0.018022 -0.465897 0.633312 1.764278 -0.330772 -0.336527 0.382577 
17.881044 -0.828651 -0.181616 0.018076 -0.466480 0.633121 1.763568 -0.331376 -0.335795 0.381894 
17.881736 -0.829707 -0.182410 0.015377 -0.467769 0.633190 1.763261 -0.331874 -0.336332 0.380036 
17.881172 -0.829525 -0.181104 0.018768 -0.466770 0.633630 1.763111 -0.332339 -0.336688 0.382026 
17.880961 -0.827211 -0.183969 0.020479 -0.467666 0.633451 1.763367 -0.331152 -0.336074 0.382315 
17.881317 -0.828312 -0.181224 0.017715 -0.466919 0.633474 1.762100 -0.330680 -0.335706 0.382507 
17.881515 -0.826311 -0.178905 0.017914 -0.468603 0.634159 1.763262 -0.331428 -0.334998 0.382221 
17.880861 -0.826849 -0.178641 0.018356 -0.468306 0.633783 1.763765 -0.330890 -0.333771 0.381476 
17.883133 -0.827394 -0.177543 0.019511 -0.469742 0.635493 1.762078 -0.329889 -0.335211 0.382630 
17.881286 -0.825718 -0.178492 0.018054 -0.467538 0.635247 1.762691 -0.331946 -0.334553 0.382555 
17.881125 -0.826593 -0.179037 0.017688 -0.468871 0.634612 1.763598 -0.331316 -0.334904 0.382712 
17.881123 -0.826688 -0.178537 0.017823 -0.469225 0.633526 1.763375 -0.331789 -0.334487 0.384047 
17.880568 -0.826409 -0.178722 0.017893 -0.468724 0.634466 1.763590 -0.330960 -0.335443 0.382798 
17.881163 -0.826623 -0.178904 0.016410 -0.470007 0.635012 1.763310 -0.331471 -0.334968 0.381936 
17.880773 -0.826368 -0.179489 0.018162 -0.469297 0.634665 1.763250 -0.331471 -0.334788 0.382629 
17.881038 -0.825436 -0.180629 0.019112 -0.469777 0.634862 1.763787 -0.331252 -0.334618 0.382831 
17.880860 -0.826125 -0.180691 0.020070 -0.470008 0.635127 1.764276 -0.332523 -0.335169 0.382510 
17.880659 -0.825208 -0.181042 0.018697 -0.469459 0.634528 1.764025 -0.331628 -0.334632 0.382767 
17.880935 -0.826160 -0.181936 0.019313 -0.469482 0.634796 1.762720 -0.330761 -0.334680 0.383066 
17.880577 -0.824693 -0.180807 0.018642 -0.471144 0.635110 1.763148 -0.331293 -0.334264 0.382255 
17.880184 -0.823849 -0.180611 0.018895 -0.470519 0.636154 1.762442 -0.331786 -0.333523 0.382537 
17.880307 -0.824888 -0.180843 0.018774 -0.470937 0.635273 1.763418 -0.330947 -0.333889 0.381607 
17.880122 -0.824740 -0.180575 0.019088 -0.471797 0.633996 1.763071 -0.331339 -0.333074 0.382767 
17.879935 -0.824513 -0.180552 0.018904 -0.471083 0.634974 1.763027 -0.330999 -0.334764 0.382310 
17.881196 -0.823669 -0.181567 0.018228 -0.472225 0.635351 1.763535 -0.330819 -0.334157 0.382111 
17.881269 -0.823741 -0.182148 0.018594 -0.473492 0.635774 1.763741 -0.331866 -0.334407 0.381521 
17.880632 -0.824383 -0.182165 0.017643 -0.474101 0.636623 1.764248 -0.331625 -0.334217 0.382327 
17.880751 -0.824472 -0.182018 0.016051 -0.475075 0.636972 1.764025 -0.331413 -0.333984 0.382191 
17.880949 -0.824261 -0.181263 0.016114 -0.475164 0.637068 1.764536 -0.331542 -0.333986 0.382154 
17.881454 -0.825076 -0.182202 0.016707 -0.475741 0.637834 1.763936 -0.330509 -0.333892 0.382878 
17.881586 -0.825163 -0.183280 0.016497 -0.475968 0.638336 1.765061 -0.330296 -0.333767 0.383855 
17.881505 -0.825470 -0.183267 0.016483 -0.476213 0.637827 1.765332 -0.329948 -0.334338 0.383740 
17.880460 -0.824311 -0.183199 0.016855 -0.476528 0.639156 1.764672 -0.329754 -0.334115 0.384219 
17.879925 -0.824620 -0.183393 0.017080 -0.476414 0.639660 1.765228 -0.328985 -0.333285 0.382998 
17.879745 -0.824565 -0.183335 0.017270 -0.476823 0.639122 1.765220 -0.328972 -0.332684 0.383243 
17.878899 -0.825547 -0.183050 0.017570 -0.477185 0.640159 1.764750 -0.329153 -0.332444 0.383910 
17.878735 -0.825483 -0.182550 0.017127 -0.476218 0.640143 1.764485 -0.327911 -0.332089 0.384726 
17.879008 -0.825550 -0.182970 0.016780 -0.477666 0.640288 1.764594 -0.329055 -0.332332 0.383779 
17.879273 -0.824982 -0.183425 0.017322 -0.478737 0.641322 1.763879 -0.328686 -0.332101 0.383811 
17.878882 -0.824234 -0.184277 0.017381 -0.479685 0.642447 1.763816 -0.328698 -0.331813 0.384161 
17.878818 -0.824584 -0.184323 0.017905 -0.480966 0.642526 1.763469 -0.327703 -0.332607 0.384021 
17.879111 -0.824467 -0.183754 0.018020 -0.481162 0.642787 1.764086 -0.327689 -0.332582 0.384190 
17.879109 -0.823694 -0.182612 0.018419 -0.481573 0.643490 1.763350 -0.328042 -0.332212 0.383652 
17.880476 -0.824184 -0.182743 0.018759 -0.482003 0.644286 1.763191 -0.328130 -0.331374 0.383796 
17.880230 -0.824283 -0.182771 0.018787 -0.481788 0.644483 1.763433 -0.327571 -0.330936 0.383313 
17.880429 -0.823693 -0.182347 0.018550 -0.481314 0.644747 1.762892 -0.326473 -0.330802 0.384488 
17.880331 -0.823547 -0.182317 0.018711 -0.481684 0.644118 1.762928 -0.326443 -0.330229 0.384667 
17.881464 -0.822375 -0.182741 0.018482 -0.481251 0.644641 1.763159 -0.326121 -0.331248 0.383827 
17.880357 -0.823608 -0.182495 0.019432 -0.480981 0.644768 1.762945 -0.326518 -0.330882 0.384625 
17.880335 -0.823999 -0.181770 0.016945 -0.481961 0.645363 1.762876 -0.326436 -0.330737 0.384522 
17.881334 -0.822888 -0.182024 0.016141 -0.482182 0.645190 1.763060 -0.326081 -0.331057 0.383794 
17.881340 -0.823144 -0.181962 0.016404 -0.482744 0.645117 1.762888 -0.325568 -0.331494 0.383687 
17.882009 -0.823938 -0.180848 0.016104 -0.482045 0.644330 1.762556 -0.325495 -0.331568 0.383266 
17.881153 -0.822848 -0.181778 0.016522 -0.482817 0.645289 1.762141 -0.325746 -0.331332 0.383322 
17.881018 -0.823410 -0.183190 0.015766 -0.482730 0.645127 1.761247 -0.325503 -0.331237 0.383432 
17.880478 -0.822599 -0.181697 0.016294 -0.482615 0.644894 1.762208 -0.325682 -0.331743 0.383260 
17.880801 -0.822421 -0.181694 0.016195 -0.483787 0.646827 1.762226 -0.325755 -0.331338 0.383601 
17.881151 -0.822866 -0.180520 0.015386 -0.484204 0.647858 1.761781 -0.325669 -0.331369 0.383467 
17.880554 -0.822519 -0.181722 0.016225 -0.483577 0.647017 1.762469 -0.325196 -0.330894 0.383120 
17.880283 -0.822121 -0.181613 0.016088 -0.484755 0.646237 1.762559 -0.325120 -0.329714 0.383506 
17.880443 -0.822850 -0.181861 0.016144 -0.483893 0.646962 1.762736 -0.325736 -0.330952 0.382540 
17.880445 -0.821608 -0.182606 0.017485 -0.483924 0.647703 1.762579 -0.325171 -0.330914 0.383102 
17.879803 -0.822157 -0.181650 0.015981 -0.483537 0.646875 1.762553 -0.325106 -0.331292 0.383115 
17.880788 -0.822286 -0.181871 0.015983 -0.483623 0.646965 1.762462 -0.325096 -0.330965 0.382952 
17.880558 -0.822637 -0.182544 0.015697 -0.483642 0.647068 1.762045 -0.325011 -0.330863 0.383153 
17.880738 -0.822101 -0.181852 0.015898 -0.483398 0.647039 1.762351 -0.325362 -0.330736 0.382908 
17.880827 -0.822124 -0.182069 0.015640 -0.483213 0.647189 1.763104 -0.325442 -0.330633 0.383345 
17.880751 -0.822113 -0.182014 0.016053 -0.483190 0.646662 1.762393 -0.325371 -0.330731 0.382880 
17.880940 -0.822186 -0.181327 0.015680 -0.483535 0.647551 1.761930 -0.325067 -0.330542 0.382872 
17.881003 -0.822268 -0.181373 0.015740 -0.483249 0.647760 1.761912 -0.325085 -0.330835 0.382771 
17.880986 -0.821829 -0.181689 0.016296 -0.483537 0.648273 1.761858 -0.325050 -0.330794 0.382747 
17.880945 -0.821552 -0.181986 0.016764 -0.483948 0.648832 1.761861 -0.325191 -0.330768 0.382490 
17.880436 -0.820935 -0.181974 0.016843 -0.483897 0.649008 1.761747 -0.324840 -0.331025 0.382758 
17.881032 -0.821505 -0.181927 0.016810 -0.484082 0.648714 1.761577 -0.325418 -0.330985 0.382599 
17.881460 -0.821420 -0.182176 0.016907 -0.483895 0.649157 1.762107 -0.325232 -0.330633 0.383142 
17.881061 -0.821377 -0.181660 0.016915 -0.483927 0.648760 1.762072 -0.325234 -0.330819 0.382388 
17.881154 -0.821525 -0.182230 0.017330 -0.483720 0.648628 1.761423 -0.324825 -0.330477 0.382326 
17.881178 -0.821320 -0.182139 0.016521 -0.483991 0.648776 1.761857 -0.325093 -0.330842 0.382322 
17.881171 -0.821525 -0.182338 0.016344 -0.483701 0.649361 1.761954 -0.325288 -0.331399 0.382087 
17.881225 -0.821707 -0.182352 0.016433 -0.483930 0.649305 1.762057 -0.325016 -0.331629 0.382130 
17.881118 -0.821575 -0.182156 0.015855 -0.484243 0.649928 1.761848 -0.325293 -0.331181 0.382035 
17.880800 -0.821513 -0.182598 0.015535 -0.484735 0.650017 1.762236 -0.325678 -0.331150 0.382010 
17.880846 -0.821435 -0.182753 0.015860 -0.484862 0.650166 1.762135 -0.325680 -0.331064 0.381798 
17.880959 -0.821470 -0.183034 0.015896 -0.485141 0.650782 1.761728 -0.325514 -0.330809 0.381418 
17.881174 -0.821168 -0.182635 0.016105 -0.485454 0.651248 1.761952 -0.325621 -0.330791 0.380932 
17.881384 -0.821049 -0.182556 0.016195 -0.485862 0.651271 1.761368 -0.326087 -0.331175 0.381028 
17.881045 -0.820978 -0.182468 0.016147 -0.485875 0.651162 1.761233 -0.325995 -0.331290 0.380791 
17.881160 -0.820426 -0.182642 0.016326 -0.485858 0.651680 1.761358 -0.325797 -0.331330 0.381493 
17.880974 -0.820679 -0.182591 0.016456 -0.485725 0.651925 1.761395 -0.325941 -0.331464 0.381544 
17.880757 -0.820746 -0.182334 0.016880 -0.486216 0.652111 1.761255 -0.325955 -0.330868 0.381626 
17.880706 -0.820563 -0.182328 0.016812 -0.485966 0.652144 1.761156 -0.326227 -0.330648 0.381586 
17.880977 -0.820561 -0.182703 0.017292 -0.486301 0.652606 1.761240 -0.325993 -0.330986 0.381080 
17.880594 -0.820723 -0.182540 0.016690 -0.486449 0.652142 1.761458 -0.326146 -0.330861 0.381634 
17.880640 -0.820819 -0.182139 0.015972 -0.486629 0.652607 1.761383 -0.326080 -0.330813 0.381711 
17.880607 -0.820704 -0.181465 0.015537 -0.486854 0.652742 1.761728 -0.326305 -0.330932 0.381918 
17.880718 -0.820797 -0.182150 0.015991 -0.486795 0.652559 1.761062 -0.326300 -0.331007 0.381821 
17.880516 -0.821146 -0.182487 0.015453 -0.486799 0.652768 1.760701 -0.326049 -0.330752 0.382115 
17.880866 -0.821212 -0.182590 0.015506 -0.486782 0.652887 1.760837 -0.326143 -0.330649 0.382329 
17.881117 -0.821110 -0.182780 0.015411 -0.486990 0.653556 1.760731 -0.326128 -0.330702 0.381755 
17.881377 -0.821435 -0.182388 0.015728 -0.487239 0.653680 1.760516 -0.325500 -0.330781 0.381798 
17.881317 -0.821832 -0.182321 0.015779 -0.487143 0.653720 1.760546 -0.325705 -0.330826 0.381677 
17.881802 -0.821545 -0.182351 0.015397 -0.487502 0.653149 1.760443 -0.325496 -0.330424 0.381390 
17.881485 -0.821497 -0.182516 0.015566 -0.487171 0.653585 1.760641 -0.325372 -0.331148 0.381783 
17.881642 -0.821222 -0.182088 0.015656 -0.486519 0.653888 1.760097 -0.325441 -0.330742 0.381762 
17.881385 -0.821468 -0.182711 0.015997 -0.487125 0.653564 1.760387 -0.325419 -0.330739 0.381704 
17.881257 -0.821200 -0.182410 0.016078 -0.487556 0.654439 1.760440 -0.325316 -0.330696 0.381990 
17.881352 -0.820960 -0.182393 0.016321 -0.488040 0.655087 1.760279 -0.325093 -0.330383 0.382001 
17.881390 -0.820806 -0.182597 0.016429 -0.488192 0.655731 1.760376 -0.324711 -0.330880 0.382187 
17.881170 -0.821346 -0.182442 0.016795 -0.488200 0.656329 1.760333 -0.325002 -0.330810 0.382106 
17.881644 -0.821450 -0.182527 0.017012 -0.488132 0.656376 1.760586 -0.325132 -0.330550 0.382819 
17.881235 -0.821330 -0.182453 0.016806 -0.488362 0.656272 1.760006 -0.325217 -0.331002 0.382226 
17.880544 -0.821420 -0.182471 0.016624 -0.488259 0.656460 1.759964 -0.324626 -0.330556 0.382511 
17.880073 -0.820981 -0.182061 0.017194 -0.488404 0.656502 1.759938 -0.324501 -0.330587 0.382590 
17.880395 -0.821501 -0.182646 0.016636 -0.488593 0.656348 1.760185 -0.324701 -0.330569 0.382525 
17.880332 -0.821026 -0.182891 0.016299 -0.488049 0.656900 1.759903 -0.325050 -0.330339 0.382469 
17.880328 -0.820999 -0.182567 0.016019 -0.488153 0.656992 1.760034 -0.325137 -0.330384 0.382557 
17.880449 -0.821192 -0.182398 0.015353 -0.488391 0.657491 1.759805 -0.324953 -0.330218 0.382457 
17.880096 -0.821490 -0.182354 0.014922 -0.487926 0.657541 1.759925 -0.325064 -0.330719 0.382695 
17.880272 -0.821255 -0.182284 0.015268 -0.488354 0.657269 1.759686 -0.325079 -0.330104 0.382158 
17.880724 -0.821280 -0.182259 0.015342 -0.488368 0.657432 1.759849 -0.325231 -0.329548 0.383021 
17.880565 -0.820993 -0.182523 0.015099 -0.488374 0.657210 1.759802 -0.324802 -0.330230 0.382515 
17.880286 -0.820555 -0.181991 0.015603 -0.488695 0.657911 1.759802 -0.324833 -0.330164 0.382542 
17.879997 -0.820620 -0.182266 0.015583 -0.489464 0.657958 1.760217 -0.324969 -0.330124 0.382608 
17.879940 -0.820635 -0.182254 0.015573 -0.489302 0.658014 1.760548 -0.324758 -0.329935 0.382483 
17.880617 -0.820389 -0.182124 0.015677 -0.489617 0.658276 1.760536 -0.325332 -0.330273 0.382281 
17.880714 -0.820564 -0.181811 0.015727 -0.489753 0.658104 1.760612 -0.325166 -0.330390 0.382332 
17.880710 -0.820229 -0.182434 0.016163 -0.489854 0.658844 1.760259 -0.325056 -0.330045 0.382225 
17.880399 -0.819947 -0.182422 0.016187 -0.489765 0.659602 1.760376 -0.325236 -0.330251 0.382548 
17.879974 -0.819592 -0.182206 0.016298 -0.489919 0.659940 1.760177 -0.325584 -0.329903 0.382137 
17.880060 -0.819624 -0.182165 0.015904 -0.490029 0.660096 1.760065 -0.325446 -0.329840 0.382096 
17.880217 -0.818975 -0.182349 0.015388 -0.490250 0.660317 1.759986 -0.325149 -0.329784 0.382205 
17.880146 -0.819267 -0.182659 0.015003 -0.490308 0.660834 1.759834 -0.325029 -0.330122 0.381760 
17.880404 -0.819586 -0.182740 0.014641 -0.490374 0.661324 1.759740 -0.325246 -0.329604 0.382042 
17.880434 -0.819724 -0.182095 0.014574 -0.490780 0.661693 1.759671 -0.324817 -0.329743 0.382109 
17.880392 -0.819607 -0.182738 0.014523 -0.490652 0.661258 1.760045 -0.325451 -0.329681 0.382015 
17.880821 -0.819402 -0.182313 0.014320 -0.489856 0.661423 1.759745 -0.325543 -0.329815 0.381820 
17.880447 -0.819579 -0.182748 0.014639 -0.490529 0.661251 1.759408 -0.325455 -0.329794 0.382174 
17.879711 -0.819707 -0.182697 0.014100 -0.490166 0.661186 1.759589 -0.325122 -0.329542 0.382288 
17.880224 -0.819440 -0.182628 0.014696 -0.490468 0.661393 1.759617 -0.325404 -0.329390 0.381778 
17.880647 -0.819617 -0.182805 0.014614 -0.490738 0.661052 1.759320 -0.325078 -0.329047 0.381327 
17.880344 -0.819496 -0.182868 0.014864 -0.490272 0.661543 1.759708 -0.325210 -0.329284 0.381907 
17.880300 -0.819142 -0.183116 0.015304 -0.490577 0.662180 1.759515 -0.325316 -0.329309 0.381753 
17.880173 -0.819837 -0.182990 0.015841 -0.490481 0.662305 1.759462 -0.325593 -0.329324 0.381542 
17.880181 -0.818964 -0.182830 0.015408 -0.490638 0.662072 1.759500 -0.325511 -0.329106 0.381828 
17.880785 -0.819062 -0.183304 0.015843 -0.490612 0.662194 1.759550 -0.325042 -0.329022 0.382230 
17.879919 -0.819125 -0.183221 0.015196 -0.490530 0.662344 1.759356 -0.325255 -0.329200 0.381758 
17.879979 -0.818985 -0.183123 0.015086 -0.490248 0.662593 1.759265 -0.325371 -0.329207 0.381582 
17.879806 -0.818788 -0.183086 0.015266 -0.490100 0.662494 1.759259 -0.325218 -0.329418 0.381392 
17.879976 -0.818949 -0.183284 0.015104 -0.490188 0.662499 1.759260 -0.325506 -0.329178 0.381564 
17.879916 -0.819006 -0.182967 0.014914 -0.490388 0.662923 1.759481 -0.325374 -0.329185 0.381513 
17.880000 -0.819045 -0.182862 0.014786 -0.490579 0.662994 1.759306 -0.325261 -0.329001 0.381223 
17.879996 -0.819077 -0.182669 0.014615 -0.490728 0.663234 1.759105 -0.325327 -0.329192 0.381323 
17.880074 -0.819090 -0.182522 0.014602 -0.490690 0.663586 1.759109 -0.325139 -0.329002 0.381441 
17.880014 -0.819280 -0.182275 0.014293 -0.490532 0.663561 1.759179 -0.325051 -0.328941 0.381452 
17.880159 -0.818940 -0.182567 0.014475 -0.490713 0.663547 1.759141 -0.325061 -0.329029 0.381484 
17.880397 -0.819257 -0.182591 0.014704 -0.490715 0.663741 1.759201 -0.325093 -0.329202 0.381319 
17.880514 -0.819219 -0.182456 0.014742 -0.490749 0.663683 1.759244 -0.325209 -0.329142 0.381355 
17.880296 -0.819030 -0.182467 0.014950 -0.490844 0.663963 1.759204 -0.325007 -0.329289 0.381178 
17.880247 -0.819129 -0.182538 0.015067 -0.491248 0.664038 1.759260 -0.324915 -0.329223 0.381330 
17.880208 -0.819106 -0.182602 0.014985 -0.491271 0.664139 1.759379 -0.325045 -0.329182 0.381272 
17.880287 -0.818989 -0.182736 0.015146 -0.491322 0.664428 1.759116 -0.325140 -0.329083 0.381267 
17.880215 -0.818929 -0.182775 0.015311 -0.491189 0.664571 1.759251 -0.325215 -0.329267 0.381591 
17.880309 -0.818956 -0.182832 0.015261 -0.491257 0.664373 1.759210 -0.325083 -0.328960 0.381237 
17.880223 -0.819022 -0.182510 0.015109 -0.491496 0.664771 1.759017 -0.325098 -0.329150 0.381139 
17.880128 -0.818995 -0.182419 0.015154 -0.491760 0.664946 1.758872 -0.325200 -0.329370 0.380943 
17.880282 -0.818710 -0.182401 0.014928 -0.491893 0.665099 1.758875 -0.325012 -0.329426 0.380997 
17.879955 -0.818541 -0.182249 0.014839 -0.491943 0.665129 1.758736 -0.325025 -0.329231 0.381095 
17.880063 -0.818485 -0.182105 0.014896 -0.491988 0.665089 1.758778 -0.325134 -0.329178 0.381120 
17.880010 -0.818735 -0.182131 0.014648 -0.492035 0.665462 1.758593 -0.324996 -0.329166 0.381152 
17.879949 -0.818660 -0.182040 0.014802 -0.492060 0.665736 1.758699 -0.324762 -0.329046 0.380950 
17.880001 -0.818539 -0.182159 0.014868 -0.492206 0.665932 1.758537 -0.324662 -0.328810 0.380723 
17.880033 -0.818381 -0.182057 0.014810 -0.491938 0.666119 1.758386 -0.324663 -0.328813 0.380461 
17.880098 -0.818390 -0.181915 0.015001 -0.491968 0.666072 1.758104 -0.324362 -0.328855 0.380508 
17.880097 -0.818450 -0.181844 0.014887 -0.492014 0.665954 1.758127 -0.324302 -0.328821 0.380379 
17.880055 -0.818233 -0.181991 0.015177 -0.492070 0.666457 1.758074 -0.324261 -0.328780 0.380491 
17.880156 -0.818264 -0.182080 0.015126 -0.492163 0.666784 1.757796 -0.324324 -0.328675 0.380583 
17.880272 -0.818233 -0.182176 0.015134 -0.491986 0.666931 1.757814 -0.324163 -0.328339 0.380734 
17.880139 -0.818459 -0.182197 0.015406 -0.491941 0.667090 1.757688 -0.324290 -0.328174 0.380637 
17.880145 -0.818554 -0.182358 0.015384 -0.491890 0.667114 1.757694 -0.324197 -0.328274 0.380589 
17.880557 -0.818473 -0.182157 0.015554 -0.492014 0.667218 1.757778 -0.324353 -0.328213 0.380563 
17.880168 -0.818355 -0.182331 0.015453 -0.491977 0.666983 1.757617 -0.324328 -0.328114 0.380568 
17.880065 -0.818429 -0.182057 0.015322 -0.491955 0.667480 1.757633 -0.324216 -0.328244 0.380836 
17.880011 -0.818355 -0.181950 0.015404 -0.491756 0.667696 1.757829 -0.323998 -0.328132 0.381000 
17.879968 -0.818509 -0.182025 0.015455 -0.492091 0.667701 1.757941 -0.323927 -0.328076 0.381267 
17.879999 -0.818531 -0.181937 0.015514 -0.492119 0.667645 1.757812 -0.323765 -0.328086 0.381253 
17.879925 -0.818575 -0.181918 0.015200 -0.492250 0.667907 1.758000 -0.323827 -0.327914 0.381048 
17.879954 -0.818757 -0.181749 0.014903 -0.492244 0.668156 1.757910 -0.323849 -0.327854 0.381165 
17.879752 -0.818709 -0.181567 0.014928 -0.492420 0.668371 1.758023 -0.323832 -0.328085 0.381032 
17.879730 -0.818441 -0.181733 0.014883 -0.492570 0.668627 1.757865 -0.323763 -0.327947 0.381017 
17.879509 -0.818294 -0.181593 0.014906 -0.492688 0.668671 1.757789 -0.323857 -0.327605 0.380989 
17.879597 -0.818385 -0.181592 0.015055 -0.492694 0.668776 1.757771 -0.323921 -0.327561 0.380928 
17.879936 -0.818164 -0.181463 0.015025 -0.492869 0.668867 1.757885 -0.323938 -0.327498 0.380909 
17.879916 -0.818138 -0.181440 0.015078 -0.492751 0.668943 1.758001 -0.323816 -0.327439 0.380970 
17.879922 -0.818152 -0.181657 0.015074 -0.492856 0.669265 1.757980 -0.323670 -0.327295 0.380787 
17.879942 -0.818122 -0.181737 0.015086 -0.492882 0.669697 1.757804 -0.323655 -0.327250 0.380886 
17.879911 -0.818142 -0.181779 0.015125 -0.492981 0.670158 1.757752 -0.323596 -0.327210 0.380821 
17.879843 -0.818025 -0.181900 0.015038 -0.493071 0.670537 1.757635 -0.323489 -0.327065 0.380835 
17.879788 -0.818022 -0.181953 0.015052 -0.493188 0.670982 1.757601 -0.323405 -0.326998 0.380746 
17.879695 -0.817874 -0.182085 0.014930 -0.493290 0.671310 1.757503 -0.323274 -0.326823 0.380740 
17.879634 -0.817886 -0.182125 0.014954 -0.493416 0.671747 1.757497 -0.323188 -0.326764 0.380620 
17.879520 -0.817742 -0.182250 0.014828 -0.493540 0.672057 1.757440 -0.323038 -0.326582 0.380565 
17.879461 -0.817655 -0.182187 0.014804 -0.493571 0.672462 1.757280 -0.323061 -0.326578 0.380743 
17.879557 -0.817816 -0.182190 0.014658 -0.493552 0.672814 1.757165 -0.323038 -0.326377 0.380798 
17.879511 -0.817752 -0.182205 0.014923 -0.493589 0.672987 1.757034 -0.323166 -0.326066 0.380801 
17.879549 -0.817584 -0.182144 0.014851 -0.493293 0.673119 1.756890 -0.323213 -0.326107 0.380536 
17.879574 -0.817604 -0.182049 0.014904 -0.493330 0.673079 1.756759 -0.323051 -0.326110 0.380517 
17.879641 -0.817566 -0.182196 0.014901 -0.493379 0.673478 1.756618 -0.322906 -0.326160 0.380592 
17.879543 -0.817610 -0.182071 0.014863 -0.493507 0.673905 1.756601 -0.322821 -0.326179 0.380532 
17.879425 -0.817554 -0.182007 0.014729 -0.493630 0.674302 1.756525 -0.322692 -0.326115 0.380536 
17.879365 -0.817549 -0.182012 0.014665 -0.493727 0.674766 1.756497 -0.322626 -0.326132 0.380538 
17.879244 -0.817440 -0.181986 0.014486 -0.493838 0.675116 1.756392 -0.322481 -0.326026 0.380579 
17.879215 -0.817545 -0.181996 0.014462 -0.493980 0.675432 1.756409 -0.322282 -0.325933 0.380340 
17.879023 -0.817349 -0.181912 0.014709 -0.494130 0.675688 1.756338 -0.322268 -0.325952 0.380302 
17.879017 -0.817454 -0.181702 0.014770 -0.494159 0.676049 1.756183 -0.322303 -0.325818 0.380376 
17.879037 -0.817404 -0.181765 0.014833 -0.494234 0.676468 1.756019 -0.322176 -0.325838 0.380438 
17.878997 -0.817302 -0.181788 0.014837 -0.494223 0.676927 1.755913 -0.322176 -0.325807 0.380391 
17.878944 -0.817161 -0.181768 0.014825 -0.494292 0.677218 1.755664 -0.321990 -0.325636 0.380407 
17.878879 -0.817170 -0.181923 0.014893 -0.494486 0.677564 1.755678 -0.322017 -0.325467 0.380542 
17.878727 -0.817129 -0.181775 0.014681 -0.494632 0.677823 1.755706 -0.321907 -0.325632 0.380677 
17.878669 -0.817183 -0.181691 0.014665 -0.494784 0.678214 1.755679 -0.321718 -0.325705 0.380595 
17.878515 -0.817059 -0.181599 0.014517 -0.494790 0.678617 1.755671 -0.321758 -0.325680 0.380532 
17.878456 -0.817082 -0.181677 0.014580 -0.494958 0.679042 1.755658 -0.321712 -0.325564 0.380533 
17.878397 -0.817046 -0.181696 0.014610 -0.495094 0.679451 1.755542 -0.321581 -0.325441 0.380516 
17.878271 -0.816902 -0.181748 0.014558 -0.495118 0.679830 1.755503 -0.321691 -0.325243 0.380531 
17.878339 -0.817011 -0.181854 0.014374 -0.495156 0.680223 1.755457 -0.321619 -0.325148 0.380596 
17.878324 -0.816841 -0.182077 0.014418 -0.495208 0.680577 1.755416 -0.321553 -0.325296 0.380636 
17.878369 -0.816902 -0.181935 0.014572 -0.495192 0.680922 1.755269 -0.321658 -0.325342 0.380823 
17.878490 -0.816958 -0.181999 0.014697 -0.495037 0.681182 1.755213 -0.321698 -0.325288 0.380505 
17.878340 -0.817033 -0.182038 0.014740 -0.494897 0.681189 1.755234 -0.321620 -0.325280 0.380548 
17.878303 -0.817100 -0.182118 0.014615 -0.495213 0.681228 1.754915 -0.321857 -0.325381 0.380428 
17.878229 -0.817106 -0.181992 0.014532 -0.495220 0.681286 1.755006 -0.321858 -0.325500 0.380352 
17.878168 -0.817055 -0.181947 0.014466 -0.495463 0.681693 1.754993 -0.321848 -0.325499 0.380379 
17.878129 -0.817037 -0.182038 0.014453 -0.495729 0.682039 1.754834 -0.321875 -0.325422 0.380450 
17.878085 -0.816989 -0.182119 0.014377 -0.495945 0.682418 1.754821 -0.321840 -0.325357 0.380287 
17.878055 -0.816836 -0.182040 0.014219 -0.496051 0.682764 1.754607 -0.321768 -0.325360 0.380315 
17.878023 -0.816772 -0.182058 0.014096 -0.496228 0.683179 1.754558 -0.321851 -0.325379 0.380383 
17.878025 -0.816743 -0.182272 0.014092 -0.496396 0.683369 1.754235 -0.321860 -0.325229 0.380395 
17.878099 -0.816842 -0.182251 0.014105 -0.496652 0.683636 1.754104 -0.321629 -0.325355 0.380404 
17.877966 -0.816669 -0.182166 0.014270 -0.496910 0.683894 1.753972 -0.321584 -0.325382 0.380357 
17.877904 -0.816747 -0.181963 0.014237 -0.497153 0.684158 1.753839 -0.321538 -0.325189 0.380328 
17.877737 -0.816600 -0.182033 0.014060 -0.497482 0.684204 1.753848 -0.321359 -0.325164 0.380425 
17.877438 -0.816716 -0.182112 0.014153 -0.497306 0.684428 1.753826 -0.321182 -0.325136 0.380506 
17.877626 -0.816552 -0.182126 0.014307 -0.497292 0.684673 1.753903 -0.321002 -0.324941 0.380632 
17.877601 -0.816491 -0.182120 0.014388 -0.497368 0.685098 1.753750 -0.320882 -0.324942 0.380569 
17.877623 -0.816330 -0.182121 0.014380 -0.497610 0.685444 1.753639 -0.320740 -0.324918 0.380545 
17.877549 -0.816315 -0.182111 0.014447 -0.497671 0.685857 1.753453 -0.320653 -0.324964 0.380446 
17.877553 -0.816223 -0.182038 0.014531 -0.497839 0.686175 1.753258 -0.320575 -0.324981 0.380655 
17.877542 -0.816258 -0.182155 0.014700 -0.498118 0.686504 1.753308 -0.320546 -0.324920 0.380628 
17.877539 -0.816132 -0.182072 0.014800 -0.498202 0.686598 1.753053 -0.320220 -0.324832 0.380521 
17.877503 -0.816037 -0.181776 0.014737 -0.498213 0.686825 1.753272 -0.320115 -0.324994 0.380516 
17.877369 -0.815747 -0.181688 0.014627 -0.498171 0.687107 1.753272 -0.320247 -0.324860 0.380515 
17.877496 -0.815793 -0.181676 0.014321 -0.498147 0.687435 1.753263 -0.320133 -0.324856 0.380585 
17.877588 -0.815627 -0.181792 0.014153 -0.498092 0.687746 1.753276 -0.320016 -0.325063 0.380651 
17.877928 -0.815606 -0.181604 0.014083 -0.498135 0.687949 1.753191 -0.320159 -0.325082 0.380545 
17.877795 -0.815670 -0.181499 0.013752 -0.498331 0.688154 1.753100 -0.320138 -0.325163 0.380557 
17.877718 -0.815777 -0.181490 0.013813 -0.498202 0.688241 1.753028 -0.320173 -0.325220 0.380492 
17.877808 -0.815832 -0.181398 0.013797 -0.498011 0.688544 1.753124 -0.320039 -0.325053 0.380680 
17.877834 -0.815833 -0.181494 0.013653 -0.497928 0.688622 1.753321 -0.319938 -0.324948 0.380313 
17.877809 -0.815760 -0.181326 0.013803 -0.497980 0.688506 1.752984 -0.319884 -0.325025 0.380634 
17.877839 -0.815785 -0.181288 0.013524 -0.497706 0.688369 1.753147 -0.320146 -0.325140 0.380757 
17.877758 -0.815730 -0.181478 0.013769 -0.497986 0.688586 1.753033 -0.320147 -0.324921 0.380682 
17.877950 -0.815929 -0.181786 0.013754 -0.498051 0.688669 1.752822 -0.320067 -0.324871 0.380728 
17.877957 -0.815802 -0.181895 0.013983 -0.498203 0.689025 1.752734 -0.320054 -0.324882 0.380707 
17.877945 -0.815882 -0.181874 0.014215 -0.498415 0.689280 1.752619 -0.320094 -0.324658 0.380656 
17.877640 -0.815855 -0.182122 0.014329 -0.498465 0.689401 1.752645 -0.319902 -0.324625 0.380774 
17.877571 -0.815885 -0.182068 0.014156 -0.498557 0.689488 1.752595 -0.319901 -0.324675 0.380779 
17.877632 -0.815781 -0.182087 0.014058 -0.498675 0.689873 1.752413 -0.319964 -0.324795 0.380778 
17.877699 -0.815998 -0.182205 0.013853 -0.498784 0.690066 1.752146 -0.319974 -0.324708 0.380835 
17.877556 -0.816015 -0.181959 0.013913 -0.499013 0.690311 1.752097 -0.320071 -0.324553 0.380764 
17.877247 -0.815920 -0.182045 0.013816 -0.499098 0.690603 1.752044 -0.319989 -0.324612 0.380869 
17.877232 -0.815821 -0.182138 0.013939 -0.499214 0.691010 1.751887 -0.320016 -0.324595 0.380887 
17.877179 -0.815786 -0.182246 0.014028 -0.499348 0.691408 1.751708 -0.320028 -0.324529 0.380924 
17.876924 -0.815906 -0.182361 0.013935 -0.499479 0.691659 1.751556 -0.319956 -0.324397 0.381033 
17.877017 -0.815881 -0.182278 0.013629 -0.499517 0.691905 1.751365 -0.320076 -0.324521 0.381043 
17.877121 -0.815658 -0.182347 0.013543 -0.499837 0.691988 1.751449 -0.319968 -0.324391 0.381186 
17.876969 -0.815572 -0.182514 0.013602 -0.500145 0.692026 1.751278 -0.320043 -0.324528 0.381021 
17.876973 -0.815561 -0.182631 0.013479 -0.500106 0.692218 1.751441 -0.319927 -0.324418 0.380677 
17.876972 -0.815634 -0.182702 0.013473 -0.500137 0.692255 1.751583 -0.320081 -0.324447 0.380723 
17.876984 -0.815673 -0.182557 0.013585 -0.500274 0.692495 1.751451 -0.319668 -0.324604 0.380727 
17.876880 -0.815569 -0.182533 0.013691 -0.500395 0.692888 1.751364 -0.319521 -0.324621 0.380802 
17.876710 -0.815425 -0.182483 0.013762 -0.500498 0.693257 1.751322 -0.319369 -0.324677 0.380885 
17.876749 -0.815336 -0.182495 0.013950 -0.500599 0.693651 1.751192 -0.319276 -0.324657 0.380928 
17.876574 -0.815379 -0.182469 0.013947 -0.500785 0.693975 1.751113 -0.319050 -0.324671 0.381024 
17.876321 -0.815066 -0.182399 0.013964 -0.500767 0.694222 1.751146 -0.319018 -0.324732 0.381089 
17.876368 -0.815004 -0.182721 0.013927 -0.500663 0.694305 1.751102 -0.318813 -0.324952 0.381223 
17.876402 -0.815058 -0.182335 0.013797 -0.500764 0.694290 1.751068 -0.319088 -0.324806 0.381081 
17.876485 -0.815022 -0.182061 0.013750 -0.500971 0.694554 1.751047 -0.319028 -0.324990 0.381020 
17.876492 -0.814885 -0.181971 0.013608 -0.500953 0.694630 1.750793 -0.318812 -0.324825 0.380804 
17.876390 -0.814926 -0.182019 0.013664 -0.500974 0.694617 1.750689 -0.318882 -0.324930 0.380683 
17.876331 -0.815127 -0.181819 0.013686 -0.500656 0.694839 1.750642 -0.318860 -0.324964 0.380700 
17.876328 -0.815098 -0.181734 0.013745 -0.500662 0.694743 1.750505 -0.318840 -0.325001 0.380834 
17.876280 -0.815136 -0.181774 0.013528 -0.500826 0.695189 1.750501 -0.319027 -0.324889 0.380762 
17.876029 -0.815215 -0.181627 0.013188 -0.500927 0.695192 1.750564 -0.318945 -0.324994 0.380769 
17.876197 -0.814941 -0.181743 0.013538 -0.500749 0.695215 1.750548 -0.319089 -0.324919 0.380765 
17.876515 -0.814828 -0.181679 0.013633 -0.500722 0.695430 1.750441 -0.319278 -0.324935 0.380634 
17.876405 -0.814811 -0.181555 0.013962 -0.500869 0.695594 1.750491 -0.319244 -0.324722 0.380567 
17.876423 -0.814717 -0.181793 0.014079 -0.500866 0.695872 1.750428 -0.319021 -0.324858 0.380666 
17.876392 -0.814674 -0.182031 0.014166 -0.500712 0.696024 1.750261 -0.319149 -0.324580 0.380716 
17.876322 -0.814771 -0.181848 0.014147 -0.500887 0.695852 1.750351 -0.319111 -0.324977 0.380568 
17.876494 -0.814806 -0.181834 0.014212 -0.500905 0.695974 1.750674 -0.319234 -0.324949 0.380949 
17.876462 -0.814613 -0.181895 0.014073 -0.501034 0.695791 1.750434 -0.319051 -0.324829 0.380665 
17.876477 -0.814574 -0.181633 0.014040 -0.500922 0.696264 1.750403 -0.318856 -0.324839 0.380614 
17.876560 -0.814486 -0.181496 0.014066 -0.500986 0.696689 1.750496 -0.318799 -0.324866 0.380699 
17.876601 -0.814341 -0.181440 0.014051 -0.500946 0.697092 1.750400 -0.318682 -0.324709 0.380673 
17.876585 -0.814223 -0.181338 0.014064 -0.500991 0.697512 1.750296 -0.318582 -0.324726 0.380557 
17.876633 -0.814111 -0.181263 0.014095 -0.500994 0.697968 1.750278 -0.318523 -0.324660 0.380588 
17.876579 -0.814041 -0.181139 0.014142 -0.501107 0.698344 1.750209 -0.318470 -0.324833 0.380440 
17.876691 -0.813759 -0.181148 0.014080 -0.501362 0.698561 1.750181 -0.318345 -0.324721 0.380397 
17.876773 -0.813734 -0.181241 0.014060 -0.501265 0.698731 1.750461 -0.318212 -0.324662 0.380108 
17.876701 -0.813544 -0.181206 0.014099 -0.501170 0.698695 1.750506 -0.318245 -0.324706 0.380120 
17.876983 -0.813837 -0.181107 0.014086 -0.501347 0.698970 1.750310 -0.317944 -0.324584 0.380098 
17.876710 -0.813937 -0.181107 0.013883 -0.501479 0.699159 1.750354 -0.317749 -0.324474 0.380183 
17.876822 -0.813951 -0.181170 0.013478 -0.501441 0.699348 1.750264 -0.317759 -0.324583 0.380214 
17.876804 -0.814026 -0.180896 0.013315 -0.501563 0.699483 1.750277 -0.317924 -0.324348 0.380090 
17.876756 -0.813932 -0.181252 0.013484 -0.501373 0.699352 1.750105 -0.317761 -0.324496 0.380111 
17.876711 -0.814007 -0.181558 0.013511 -0.501516 0.699649 1.750022 -0.317641 -0.324498 0.380192 
17.876636 -0.814055 -0.181714 0.013407 -0.501757 0.699677 1.749898 -0.317353 -0.324636 0.380054 
17.876737 -0.814061 -0.181944 0.013287 -0.501748 0.699667 1.749898 -0.317146 -0.324353 0.380247 
17.876746 -0.814291 -0.181973 0.013285 -0.501698 0.699619 1.749908 -0.317161 -0.324364 0.380228 
17.876569 -0.813988 -0.181968 0.013320 -0.501594 0.700013 1.749811 -0.316966 -0.324444 0.380355 
17.876409 -0.813878 -0.182228 0.013236 -0.501528 0.700143 1.750086 -0.317011 -0.324460 0.380191 
17.876237 -0.813884 -0.182240 0.013174 -0.501572 0.700073 1.750060 -0.317077 -0.324469 0.380309 
17.876526 -0.813752 -0.182443 0.013321 -0.501591 0.700438 1.749872 -0.317050 -0.324574 0.380252 
17.876394 -0.813721 -0.182493 0.013713 -0.501725 0.700550 1.749886 -0.316915 -0.324452 0.380248 
17.876469 -0.813761 -0.182420 0.013275 -0.501576 0.700484 1.749753 -0.317104 -0.324433 0.380133 
17.876537 -0.813819 -0.182257 0.013069 -0.501779 0.700809 1.749852 -0.317121 -0.324392 0.380187 
17.876614 -0.813687 -0.182178 0.012780 -0.501727 0.701109 1.749721 -0.317015 -0.324449 0.380153 
17.876641 -0.814091 -0.182283 0.012720 -0.501627 0.701312 1.749671 -0.317052 -0.324512 0.380149 
17.876584 -0.814418 -0.182422 0.012640 -0.501750 0.701315 1.749578 -0.316872 -0.324669 0.380002 
17.876578 -0.814083 -0.182169 0.012782 -0.501619 0.701345 1.749664 -0.317142 -0.324660 0.380061 
17.876538 -0.814329 -0.182159 0.012844 -0.501292 0.701535 1.749687 -0.317204 -0.324628 0.380217 
17.876666 -0.814135 -0.182045 0.012811 -0.501649 0.701286 1.749519 -0.317126 -0.324661 0.380146 
17.876801 -0.814159 -0.182275 0.012564 -0.501575 0.701234 1.749674 -0.317461 -0.324740 0.380022 
17.876424 -0.814096 -0.182190 0.012728 -0.501705 0.701332 1.749638 -0.317225 -0.324668 0.380193 
17.876679 -0.814251 -0.182136 0.012984 -0.501885 0.701462 1.749835 -0.317282 -0.324504 0.380041 
17.876758 -0.814210 -0.182212 0.013046 -0.501914 0.701500 1.749881 -0.317246 -0.324654 0.380159 
17.876769 -0.814106 -0.182432 0.013184 -0.501927 0.701683 1.749560 -0.317359 -0.324594 0.380078 
17.876824 -0.814061 -0.182378 0.013040 -0.501966 0.701845 1.749558 -0.317324 -0.324560 0.380108 
17.876708 -0.814160 -0.182209 0.013071 -0.502037 0.702006 1.749503 -0.317382 -0.324883 0.379899 
17.876705 -0.814006 -0.182097 0.013134 -0.501981 0.702015 1.749542 -0.317500 -0.324876 0.379927 
17.876693 -0.813887 -0.182094 0.013355 -0.502145 0.702372 1.749535 -0.317356 -0.324871 0.379947 
17.876841 -0.813797 -0.182164 0.013480 -0.502327 0.702756 1.749530 -0.317415 -0.324936 0.379935 
17.876724 -0.813824 -0.182187 0.013869 -0.502420 0.702842 1.749504 -0.317423 -0.325135 0.379808 
17.876883 -0.813692 -0.182136 0.013458 -0.502492 0.702648 1.749481 -0.317381 -0.324952 0.379882 
17.877029 -0.813916 -0.181928 0.013545 -0.502339 0.702809 1.749264 -0.317370 -0.324897 0.380163 
17.876892 -0.813948 -0.181945 0.013517 -0.502455 0.702811 1.749259 -0.317467 -0.324885 0.380288 
17.876822 -0.813706 -0.181987 0.013320 -0.502431 0.703067 1.749133 -0.317320 -0.324906 0.380462 
17.876762 -0.813690 -0.181864 0.013221 -0.502530 0.703313 1.749088 -0.317328 -0.324553 0.380349 
17.876843 -0.813685 -0.181701 0.013126 -0.502670 0.703471 1.749398 -0.317174 -0.324540 0.380527 
17.876847 -0.813529 -0.181616 0.013198 -0.502604 0.703447 1.749442 -0.317286 -0.324504 0.380572 
17.876961 -0.813622 -0.181990 0.013230 -0.502724 0.703485 1.749384 -0.317084 -0.324260 0.380717 
17.877095 -0.813621 -0.182051 0.013193 -0.502773 0.703582 1.749384 -0.317228 -0.324318 0.380693 
17.877165 -0.813551 -0.182123 0.012892 -0.502805 0.703788 1.749231 -0.317283 -0.324127 0.380856 
17.877048 -0.813727 -0.182080 0.013234 -0.502613 0.703693 1.749432 -0.317262 -0.324312 0.380740 
17.876960 -0.813670 -0.182084 0.013594 -0.502778 0.703893 1.749402 -0.317180 -0.324438 0.380659 
17.876797 -0.813651 -0.182178 0.013552 -0.502856 0.703876 1.749491 -0.317266 -0.324444 0.380669 
17.877021 -0.813502 -0.182231 0.013556 -0.502625 0.703916 1.749613 -0.317038 -0.324436 0.380351 
17.876958 -0.813749 -0.182013 0.013620 -0.502831 0.703913 1.749427 -0.317236 -0.324271 0.380546 
17.877096 -0.813934 -0.182058 0.013826 -0.502851 0.703629 1.749640 -0.317286 -0.324380 0.380561 
17.876942 -0.813700 -0.182025 0.013581 -0.502889 0.704099 1.749328 -0.317240 -0.324192 0.380579 
17.876943 -0.813667 -0.182046 0.013564 -0.502965 0.704287 1.749239 -0.317252 -0.324110 0.380623 
17.876953 -0.813652 -0.182065 0.013561 -0.503052 0.704472 1.749160 -0.317274 -0.324014 0.380659 
17.876965 -0.813643 -0.182082 0.013563 -0.503142 0.704654 1.749084 -0.317299 -0.323912 0.380692 
17.877004 -0.813734 -0.182057 0.013631 -0.503241 0.704720 1.749101 -0.317365 -0.323760 0.380642 
17.876960 -0.813719 -0.182140 0.013663 -0.503201 0.704721 1.748915 -0.317440 -0.323720 0.380567 
17.877012 -0.813654 -0.182031 0.013672 -0.503212 0.704709 1.749122 -0.317414 -0.323726 0.380674 
17.876954 -0.813752 -0.181935 0.013538 -0.503296 0.704880 1.749070 -0.317370 -0.323799 0.380596 
17.876844 -0.813771 -0.181862 0.013488 -0.503343 0.704988 1.749028 -0.317238 -0.323722 0.380615 
17.876871 -0.813718 -0.181905 0.013410 -0.503349 0.705143 1.749081 -0.317170 -0.323699 0.380489 
17.876921 -0.813754 -0.181836 0.013391 -0.503416 0.705330 1.749017 -0.317100 -0.323749 0.380489 
17.876843 -0.813776 -0.181842 0.013336 -0.503545 0.705505 1.749022 -0.317099 -0.323800 0.380497 
17.876797 -0.813840 -0.181733 0.013398 -0.503617 0.705619 1.749037 -0.317054 -0.323821 0.380366 
17.876775 -0.813964 -0.181716 0.013344 -0.503510 0.705783 1.749059 -0.317073 -0.323803 0.380401 
17.876816 -0.813987 -0.181636 0.013195 -0.503621 0.705890 1.749005 -0.317046 -0.323776 0.380376 
17.876738 -0.813921 -0.181605 0.013153 -0.503565 0.705962 1.748968 -0.316947 -0.323940 0.380370 
17.876761 -0.813906 -0.181557 0.013148 -0.503576 0.705958 1.749064 -0.316924 -0.323950 0.380415 
17.876716 -0.813781 -0.181554 0.013229 -0.503555 0.706097 1.748919 -0.317018 -0.323874 0.380399 
17.876713 -0.813759 -0.181627 0.013327 -0.503608 0.706268 1.748866 -0.316937 -0.323832 0.380429 
17.876777 -0.813730 -0.181691 0.013415 -0.503657 0.706454 1.748828 -0.316976 -0.323882 0.380415 
17.876732 -0.813763 -0.181659 0.013527 -0.503731 0.706569 1.748717 -0.316973 -0.323892 0.380525 
17.876666 -0.813702 -0.181737 0.013579 -0.503773 0.706755 1.748706 -0.316941 -0.323829 0.380494 
17.876769 -0.813666 -0.181716 0.013668 -0.503713 0.706876 1.748622 -0.316843 -0.323770 0.380461 
17.876816 -0.813587 -0.181844 0.013592 -0.503694 0.706925 1.748568 -0.316850 -0.323755 0.380613 
17.876842 -0.813557 -0.181812 0.013539 -0.503781 0.706922 1.748536 -0.316831 -0.323747 0.380590 
17.876837 -0.813415 -0.181889 0.013672 -0.503866 0.706850 1.748512 -0.316795 -0.323787 0.380583 
17.876863 -0.813593 -0.181851 0.013559 -0.503799 0.706893 1.748501 -0.316885 -0.323673 0.380568 
17.876923 -0.813567 -0.181767 0.013557 -0.503865 0.706997 1.748690 -0.316828 -0.323670 0.380679 
17.876935 -0.813638 -0.181825 0.013554 -0.503892 0.706989 1.748697 -0.316755 -0.323690 0.380675 
17.876937 -0.813674 -0.181818 0.013455 -0.503954 0.707195 1.748660 -0.316771 -0.323718 0.380671 
17.876849 -0.813691 -0.181776 0.013347 -0.503992 0.707329 1.748616 -0.316689 -0.323628 0.380718 
17.876890 -0.813640 -0.181834 0.013203 -0.503968 0.707433 1.748689 -0.316664 -0.323591 0.380608 
17.876967 -0.813701 -0.181767 0.013090 -0.504011 0.707579 1.748621 -0.316658 -0.323632 0.380667 
17.876904 -0.813634 -0.181824 0.013128 -0.504150 0.707738 1.748600 -0.316645 -0.323662 0.380665 
17.876844 -0.813653 -0.181938 0.013152 -0.504067 0.707889 1.748621 -0.316683 -0.323672 0.380767 
17.876723 -0.813682 -0.181977 0.013039 -0.504179 0.707896 1.748685 -0.316776 -0.323728 0.380811 
17.876810 -0.813644 -0.181884 0.013160 -0.504037 0.707905 1.748670 -0.316638 -0.323743 0.380760 
17.876796 -0.813738 -0.181924 0.013231 -0.504107 0.708062 1.748608 -0.316707 -0.323618 0.380675 
17.876708 -0.813718 -0.181980 0.013200 -0.504064 0.708112 1.748431 -0.316696 -0.323688 0.380594 
17.876697 -0.813649 -0.181922 0.013200 -0.504040 0.708129 1.748422 -0.316769 -0.323669 0.380597 
17.876673 -0.813583 -0.181955 0.013243 -0.504105 0.708332 1.748382 -0.316721 -0.323625 0.380622 
17.876673 -0.813564 -0.181964 0.013258 -0.504146 0.708558 1.748326 -0.316694 -0.323590 0.380654 
17.876640 -0.813543 -0.181954 0.013284 -0.504206 0.708784 1.748292 -0.316658 -0.323571 0.380657 
17.876650 -0.813535 -0.181960 0.013292 -0.504238 0.709010 1.748231 -0.316636 -0.323536 0.380694 
17.876628 -0.813524 -0.181949 0.013310 -0.504290 0.709240 1.748190 -0.316606 -0.323516 0.380703 
17.876680 -0.813536 -0.181968 0.013295 -0.504287 0.709446 1.748105 -0.316602 -0.323472 0.380770 
17.876720 -0.813481 -0.182027 0.013356 -0.504346 0.709653 1.748068 -0.316610 -0.323486 0.380775 
17.876683 -0.813436 -0.182062 0.013337 -0.504352 0.709854 1.748043 -0.316552 -0.323385 0.380778 
17.876618 -0.813438 -0.182044 0.013426 -0.504407 0.709997 1.747946 -0.316518 -0.323339 0.380882 
17.876603 -0.813400 -0.181962 0.013415 -0.504393 0.710205 1.747911 -0.316593 -0.323314 0.380874 
17.876579 -0.813434 -0.181966 0.013383 -0.504405 0.710418 1.747821 -0.316562 -0.323341 0.380838 
17.876548 -0.813395 -0.181984 0.013412 -0.504453 0.710639 1.747778 -0.316554 -0.323364 0.380787 
17.876550 -0.813363 -0.182049 0.013408 -0.504406 0.710822 1.747646 -0.316589 -0.323351 0.380780 
17.876617 -0.813317 -0.181974 0.013350 -0.504532 0.710925 1.747540 -0.316543 -0.323305 0.380735 
17.876663 -0.813226 -0.181889 0.013337 -0.504489 0.711050 1.747510 -0.316411 -0.323374 0.380769 
17.876614 -0.813181 -0.181907 0.013195 -0.504599 0.711161 1.747496 -0.316435 -0.323422 0.380854 
17.876619 -0.813188 -0.181883 0.013119 -0.504705 0.711360 1.747459 -0.316423 -0.323415 0.380873 
17.876610 -0.813171 -0.181893 0.013039 -0.504774 0.711568 1.747397 -0.316427 -0.323423 0.380906 
17.876650 -0.813168 -0.181824 0.013004 -0.504842 0.711771 1.747362 -0.316358 -0.323419 0.380905 
17.876686 -0.813167 -0.181934 0.013068 -0.504720 0.711592 1.747406 -0.316429 -0.323449 0.380953 
17.876488 -0.813054 -0.181958 0.013000 -0.504669 0.711537 1.747310 -0.316460 -0.323484 0.380935 
17.876603 -0.813101 -0.181937 0.013051 -0.504784 0.711583 1.747453 -0.316405 -0.323361 0.380894 
17.876647 -0.813113 -0.181888 0.013128 -0.504914 0.711546 1.747391 -0.316540 -0.323543 0.380894 
17.876676 -0.813095 -0.181862 0.013072 -0.504876 0.711558 1.747430 -0.316592 -0.323558 0.380832 
17.876689 -0.813179 -0.182028 0.013049 -0.504980 0.711494 1.747356 -0.316443 -0.323619 0.380828 
17.876706 -0.813076 -0.181874 0.013098 -0.504929 0.711509 1.747325 -0.316550 -0.323491 0.380904 
17.876626 -0.813233 -0.181887 0.013075 -0.504977 0.711491 1.747415 -0.316589 -0.323535 0.381073 
17.876628 -0.813176 -0.181921 0.013148 -0.504908 0.711565 1.747349 -0.316595 -0.323495 0.380852 
17.876688 -0.813203 -0.181949 0.013343 -0.504899 0.711542 1.747274 -0.316536 -0.323535 0.380924 
17.876545 -0.813137 -0.181916 0.013140 -0.504878 0.711562 1.747301 -0.316587 -0.323546 0.380871 
17.876588 -0.813229 -0.181967 0.013059 -0.504826 0.711497 1.747139 -0.316653 -0.323499 0.380882 
17.876518 -0.813094 -0.181979 0.013154 -0.504900 0.711559 1.747321 -0.316583 -0.323501 0.380890 
17.876532 -0.813142 -0.181906 0.013147 -0.504869 0.711521 1.747312 -0.316579 -0.323536 0.380858 
17.876515 -0.813153 -0.181879 0.013141 -0.504921 0.711589 1.747285 -0.316528 -0.323512 0.380866 
17.876521 -0.813134 -0.181881 0.013152 -0.504930 0.711591 1.747267 -0.316534 -0.323513 0.380827 
17.876506 -0.813141 -0.181867 0.013161 -0.505005 0.711566 1.747269 -0.316579 -0.323540 0.380843 
17.876514 -0.813123 -0.181855 0.013159 -0.504918 0.711600 1.747267 -0.316561 -0.323487 0.380834 
17.876535 -0.813121 -0.181851 0.013247 -0.504911 0.711600 1.747253 -0.316542 -0.323503 0.380863 
17.876519 -0.813141 -0.181868 0.013154 -0.504917 0.711588 1.747229 -0.316568 -0.323471 0.380842 
17.876518 -0.813109 -0.181858 0.013127 -0.504945 0.711684 1.747238 -0.316557 -0.323486 0.380820 
17.876516 -0.813095 -0.181858 0.013093 -0.504973 0.711765 1.747210 -0.316550 -0.323481 0.380799 
17.876499 -0.813068 -0.181832 0.013057 -0.504992 0.711838 1.747210 -0.316553 -0.323463 0.380767 
17.876494 -0.813124 -0.181870 0.013112 -0.504966 0.711780 1.747217 -0.316562 -0.323482 0.380785 
17.876529 -0.813122 -0.181883 0.013178 -0.504970 0.711806 1.747185 -0.316545 -0.323507 0.380824 
17.876499 -0.813107 -0.181880 0.013174 -0.504954 0.711803 1.747165 -0.316545 -0.323532 0.380831 
17.876582 -0.813148 -0.181882 0.013148 -0.504940 0.711811 1.747177 -0.316590 -0.323557 0.380814 
17.876537 -0.813111 -0.181902 0.013175 -0.504932 0.711814 1.747188 -0.316530 -0.323493 0.380819 
17.876531 -0.813079 -0.181976 0.013166 -0.504957 0.711810 1.747199 -0.316575 -0.323492 0.380843 
17.876531 -0.813125 -0.181900 0.013161 -0.504930 0.711827 1.747211 -0.316520 -0.323499 0.380854 
17.876533 -0.813159 -0.181919 0.013150 -0.504929 0.711795 1.747125 -0.316530 -0.323452 0.380847 
17.876543 -0.813114 -0.181921 0.013160 -0.504947 0.711805 1.747185 -0.316498 -0.323512 0.380807 
17.876500 -0.813172 -0.181936 0.013219 -0.504915 0.711799 1.747213 -0.316538 -0.323509 0.380797 
