Start Optimization 
19.621972 -0.827636 -0.212553 0.005339 -0.023242 -0.267972 0.935173 -0.054458 -0.143885 0.341941 
20.621972 -0.827636 -0.212553 0.005339 -0.023242 -0.267972 0.935173 -0.054458 -0.143885 0.341941 
20.621972 0.172364 -0.212553 0.005339 -0.023242 -0.267972 0.935173 -0.054458 -0.143885 0.341941 
20.621972 -0.827636 0.787447 0.005339 -0.023242 -0.267972 0.935173 -0.054458 -0.143885 0.341941 
20.621972 -0.827636 -0.212553 1.005339 -0.023242 -0.267972 0.935173 -0.054458 -0.143885 0.341941 
20.621972 -0.827636 -0.212553 0.005339 0.976758 -0.267972 0.935173 -0.054458 -0.143885 0.341941 
20.621972 -0.827636 -0.212553 0.005339 -0.023242 0.732028 0.935173 -0.054458 -0.143885 0.341941 
20.621972 -0.827636 -0.212553 0.005339 -0.023242 -0.267972 1.935173 -0.054458 -0.143885 0.341941 
20.621972 -0.827636 -0.212553 0.005339 -0.023242 -0.267972 0.935173 0.945542 -0.143885 0.341941 
20.621972 -0.827636 -0.212553 0.005339 -0.023242 -0.267972 0.935173 -0.054458 0.856115 0.341941 
20.621972 -0.827636 -0.212553 0.005339 -0.023242 -0.267972 0.935173 -0.054458 -0.143885 1.341941 
20.622146 -1.025916 -0.484724 -0.935833 -0.027003 -0.292532 0.932473 -0.066497 -0.149315 1.344234 
20.621984 -0.841220 0.283082 -0.059139 -0.023500 -0.269655 0.934988 -0.055283 -0.144257 1.342098 
20.871972 -0.827416 -0.212553 0.005339 -0.023242 -0.267972 0.935173 -0.054458 -0.143885 1.341941 
20.871538 -0.329742 -0.225255 -0.041102 -0.023428 -0.269184 0.935040 -0.055052 -0.144153 1.342054 
20.871972 -0.827416 -0.212553 0.006338 -0.273240 -0.267972 0.935173 -0.054458 -0.143885 1.341941 
20.871992 -0.811440 -0.319427 0.493362 -0.018749 -0.278169 0.934052 -0.059456 -0.146139 1.342893 
20.871973 -0.828582 -0.214153 -0.000195 -0.023264 -0.517903 0.935173 -0.054458 -0.143885 1.341941 
20.872094 -0.910037 -0.511327 -0.385634 -0.021145 -0.236721 0.933560 -0.061651 -0.147129 1.343311 
20.871972 -0.827461 -0.210912 0.005126 -0.023243 -0.267978 0.685178 -0.054458 -0.143885 1.341941 
20.872041 -0.860991 0.261857 -0.153070 -0.020947 -0.251106 0.688092 -0.060214 -0.146481 1.343037 
20.871973 -0.828191 -0.215170 0.001659 -0.023257 -0.267870 0.685154 -0.304397 -0.143885 1.341941 
20.872069 -0.895890 -0.591985 -0.318806 -0.021858 -0.243185 0.682663 -0.294150 -0.146261 1.342944 
20.871973 -0.828110 -0.215710 0.004126 -0.023247 -0.267922 0.685148 -0.304422 -0.393872 1.341941 
20.872022 -0.828495 -0.416552 0.459072 -0.017836 -0.256782 0.683036 -0.308411 -0.137229 1.343286 
20.871973 -0.828254 -0.214223 0.001341 -0.023258 -0.267869 0.685160 -0.304408 -0.143890 1.591939 
20.872085 -0.885864 0.225790 -0.225074 -0.019625 -0.240240 0.687740 -0.309983 -0.144939 1.339828 
20.993074 -0.887833 -0.199442 0.004720 0.097805 -0.146689 0.806313 -0.304499 -0.143931 1.341867 
20.843494 -0.872136 0.224777 -0.227184 -0.048185 -0.268681 0.659150 -0.309993 -0.144935 1.339832 
20.857733 -0.850164 0.004803 -0.112762 -0.035721 -0.268276 0.672152 -0.307195 -0.144410 1.340887 
20.857290 -0.946952 -0.216452 0.027160 -0.037942 -0.282662 0.670358 -0.304386 -0.143667 1.341949 
20.872983 -0.771970 -0.252129 0.241871 -0.017890 -0.253381 0.685326 -0.308302 -0.139804 1.342297 
20.871288 -0.841617 -0.313919 -0.073295 -0.023089 -0.259687 0.683726 -0.301995 -0.143856 1.342180 
20.817924 -0.827756 -0.215316 0.003932 -0.005163 -0.249834 0.703235 -0.304422 -0.143866 1.341944 
20.824873 -0.801037 -0.271400 0.111747 -0.004308 -0.240979 0.700604 -0.305753 -0.141566 1.342229 
20.817606 -0.828055 -0.209606 0.002419 -0.030773 -0.199221 0.677668 -0.304472 -0.143904 1.341921 
20.809600 -0.834410 -0.108337 -0.069442 -0.030747 -0.208515 0.674503 -0.306350 -0.143033 1.341328 
20.817585 -0.828696 -0.213274 -0.000779 0.013266 -0.198887 0.633593 -0.304361 -0.143925 1.341932 
20.815893 -0.843408 -0.298367 -0.083064 -0.039872 -0.191053 0.684418 -0.302118 -0.143958 1.342105 
20.817610 -0.828028 -0.209873 0.002556 -0.030772 -0.199217 0.677666 -0.304469 -0.143902 1.279421 
20.823431 -0.793540 -0.242767 0.116890 -0.035813 -0.187324 0.674918 -0.307240 -0.140146 1.342443 
20.787440 -0.812860 -0.214274 0.003085 -0.061013 -0.229386 0.647358 -0.304454 -0.143876 1.341946 
20.828028 -0.795797 -0.242109 0.116967 -0.031222 -0.182718 0.679523 -0.307247 -0.140144 1.342440 
20.817654 -0.828126 -0.210966 0.002128 -0.030762 -0.199138 0.677658 -0.366956 -0.143897 1.341923 
20.828028 -0.795784 -0.242037 0.117014 -0.031223 -0.182719 0.679524 -0.303550 -0.140143 1.342440 
20.817680 -0.827902 -0.209927 0.002691 -0.030753 -0.199121 0.677664 -0.304460 -0.081405 1.341925 
20.828104 -0.795620 -0.242357 0.117343 -0.031205 -0.182614 0.679521 -0.303538 -0.081729 1.342444 
20.829176 -0.835543 -0.225916 -0.006128 -0.046981 -0.166790 0.697233 -0.280468 -0.105039 1.365516 
20.807173 -0.835851 -0.298699 -0.075383 -0.026880 -0.215767 0.668995 -0.321993 -0.061222 1.322093 
20.815963 -0.832636 -0.159487 -0.033016 -0.034245 -0.198383 0.680972 -0.301088 -0.084901 1.345728 
20.821509 -0.797903 -0.210159 -0.001719 -0.027050 -0.195234 0.681355 -0.304417 -0.081515 1.341972 
20.821472 -0.822094 -0.201694 0.063494 -0.034367 -0.190414 0.678254 -0.303142 -0.082284 1.343192 
20.814740 -0.830139 -0.233028 -0.014856 -0.030502 -0.202944 0.675187 -0.309677 -0.075245 1.335981 
20.804164 -0.827819 -0.209704 0.003072 -0.026244 -0.194611 0.682201 -0.304443 -0.081426 1.341952 
20.817195 -0.831142 -0.187732 -0.018886 -0.033103 -0.199739 0.678498 -0.303823 -0.081871 1.342621 
20.816395 -0.826951 -0.209562 0.004320 -0.041004 -0.202767 0.687513 -0.307270 -0.078617 1.339142 
20.819339 -0.826308 -0.195400 0.030514 -0.046249 -0.197365 0.685064 -0.308993 -0.075478 1.336839 
20.814253 -0.825844 -0.209667 0.004468 -0.043022 -0.205169 0.685492 -0.293665 -0.074184 1.334712 
20.820508 -0.828870 -0.209307 0.006864 -0.026347 -0.222113 0.702739 -0.301613 -0.085478 1.346173 
20.815141 -0.826296 -0.209755 0.004363 -0.042269 -0.204018 0.686241 -0.307268 -0.069114 1.351267 
20.804435 -0.820994 -0.210578 0.005192 -0.053276 -0.214939 0.675424 -0.307542 -0.095603 1.347066 
20.823715 -0.831032 -0.213043 0.005461 -0.042566 -0.196392 0.686498 -0.301029 -0.084861 1.345341 
20.803953 -0.821205 -0.210639 -0.005044 -0.052049 -0.193232 0.709325 -0.305833 -0.080727 1.341304 
20.802437 -0.822550 -0.222124 -0.013352 -0.053982 -0.194609 0.709559 -0.309723 -0.077670 1.338313 
20.802781 -0.819559 -0.214738 0.001096 -0.052125 -0.192561 0.710455 -0.306304 -0.080226 1.340794 
20.803866 -0.822356 -0.196366 -0.009643 -0.055461 -0.191236 0.710227 -0.307013 -0.080439 1.341280 
20.805241 -0.823632 -0.192310 -0.012344 -0.049497 -0.200321 0.718550 -0.304489 -0.083789 1.344731 
20.807841 -0.819872 -0.196219 -0.010510 -0.052090 -0.188261 0.712342 -0.306819 -0.077068 1.339800 
20.808835 -0.806715 -0.195019 -0.014163 -0.053650 -0.189548 0.707824 -0.306637 -0.082006 1.342318 
20.803236 -0.805910 -0.194152 -0.014838 -0.048793 -0.188755 0.706488 -0.307416 -0.081222 1.341545 
20.810689 -0.809936 -0.194048 -0.017995 -0.052096 -0.179730 0.705136 -0.301036 -0.088267 1.348493 
20.809433 -0.807028 -0.194924 -0.014183 -0.053045 -0.188955 0.708432 -0.306455 -0.086696 1.336198 
20.806639 -0.805283 -0.193764 -0.015416 -0.056657 -0.191816 0.705893 -0.293476 -0.077022 1.338059 
20.809599 -0.806279 -0.191448 -0.011888 -0.053923 -0.193624 0.701143 -0.293080 -0.077121 1.338135 
20.812961 -0.807315 -0.189994 -0.021929 -0.056862 -0.196939 0.694174 -0.298328 -0.072645 1.334520 
20.808073 -0.799798 -0.183987 -0.002022 -0.059034 -0.190398 0.703788 -0.294305 -0.075843 1.337742 
20.808611 -0.793398 -0.195044 0.006614 -0.058207 -0.191725 0.703046 -0.292638 -0.075849 1.338251 
20.811005 -0.798498 -0.183151 -0.002578 -0.059549 -0.194923 0.706759 -0.295192 -0.075809 1.342145 
20.807542 -0.800164 -0.173266 -0.004362 -0.053308 -0.197283 0.712373 -0.290390 -0.079969 1.338669 
20.812762 -0.799371 -0.181129 -0.003841 -0.060566 -0.190262 0.705691 -0.293346 -0.077966 1.346566 
20.814807 -0.798224 -0.181038 -0.004497 -0.058957 -0.188848 0.706614 -0.293412 -0.076172 1.345756 
20.815797 -0.798438 -0.176788 -0.007917 -0.062134 -0.189040 0.704097 -0.296331 -0.074160 1.344653 
20.817915 -0.799589 -0.177096 -0.007506 -0.063952 -0.189258 0.704939 -0.295145 -0.075034 1.342935 
20.817523 -0.805279 -0.176277 -0.005484 -0.063868 -0.188192 0.707003 -0.296571 -0.071293 1.344452 
20.818516 -0.799967 -0.177174 -0.007206 -0.063210 -0.188574 0.705539 -0.298064 -0.077175 1.342511 
20.821395 -0.795196 -0.174638 -0.006954 -0.066509 -0.186945 0.701872 -0.294789 -0.074742 1.344271 
20.821698 -0.793794 -0.168072 -0.008237 -0.064987 -0.186633 0.702822 -0.292230 -0.076603 1.343321 
20.819880 -0.793911 -0.174698 -0.007241 -0.068389 -0.185722 0.704328 -0.295124 -0.074532 1.344186 
20.820941 -0.792716 -0.179123 -0.011682 -0.071610 -0.183725 0.703771 -0.296149 -0.073579 1.345779 
20.822673 -0.789348 -0.180338 -0.010734 -0.073584 -0.188603 0.705658 -0.298806 -0.071240 1.346516 
20.820962 -0.787010 -0.182745 -0.008922 -0.075739 -0.187011 0.703350 -0.300558 -0.068684 1.341884 
20.817997 -0.787557 -0.183189 -0.007311 -0.080873 -0.188671 0.700948 -0.301118 -0.071459 1.344386 
20.820756 -0.784961 -0.184517 -0.008427 -0.074661 -0.187314 0.703515 -0.299039 -0.070689 1.341740 
20.822762 -0.787762 -0.184518 -0.005470 -0.077214 -0.183651 0.705307 -0.301556 -0.064845 1.344908 
20.820121 -0.786915 -0.182646 -0.009301 -0.076257 -0.187859 0.703006 -0.297570 -0.066618 1.342174 
20.819828 -0.784883 -0.179393 -0.014590 -0.078979 -0.188742 0.703286 -0.298935 -0.065206 1.339696 
20.824051 -0.784556 -0.178839 -0.015269 -0.078349 -0.190160 0.697062 -0.299240 -0.064224 1.340042 
20.821893 -0.786188 -0.179766 -0.014186 -0.080678 -0.189055 0.704145 -0.297749 -0.066094 1.337943 
20.817748 -0.788780 -0.182711 -0.017314 -0.077918 -0.192247 0.703448 -0.300800 -0.063560 1.337832 
20.819534 -0.785512 -0.177221 -0.012707 -0.077941 -0.189368 0.703270 -0.300312 -0.065141 1.337924 
20.818396 -0.781599 -0.176925 -0.014017 -0.081205 -0.191190 0.704091 -0.293746 -0.064252 1.341232 
20.817221 -0.782503 -0.175867 -0.014987 -0.081387 -0.188669 0.702983 -0.292096 -0.064861 1.340692 
20.817971 -0.780869 -0.177750 -0.013401 -0.081739 -0.190772 0.703615 -0.293816 -0.063545 1.340309 
20.818685 -0.779856 -0.177812 -0.012814 -0.083529 -0.188869 0.704405 -0.294466 -0.061239 1.340739 
20.819222 -0.776673 -0.178736 -0.012835 -0.083895 -0.187427 0.705045 -0.294639 -0.061403 1.339596 
20.818259 -0.776024 -0.178935 -0.012100 -0.086761 -0.187298 0.704196 -0.296072 -0.062773 1.340265 
20.817958 -0.775976 -0.178563 -0.013529 -0.087254 -0.187838 0.704314 -0.296557 -0.062304 1.339531 
20.817073 -0.775106 -0.180070 -0.014329 -0.088789 -0.187664 0.704671 -0.296686 -0.059728 1.338250 
20.816565 -0.774331 -0.178023 -0.013043 -0.089144 -0.187595 0.704959 -0.297837 -0.058384 1.335967 
20.816064 -0.774452 -0.179881 -0.014535 -0.087936 -0.187516 0.704207 -0.297280 -0.059279 1.339128 
20.818071 -0.773534 -0.179818 -0.015291 -0.088469 -0.187805 0.701352 -0.297200 -0.058142 1.339098 
20.818735 -0.773730 -0.180607 -0.015026 -0.088042 -0.188339 0.701631 -0.298646 -0.058072 1.339049 
20.817820 -0.774788 -0.180315 -0.016529 -0.088362 -0.184819 0.700431 -0.298083 -0.058344 1.337981 
20.818550 -0.774864 -0.179659 -0.016733 -0.088859 -0.184165 0.701245 -0.298367 -0.057718 1.338977 
20.818500 -0.773419 -0.180245 -0.019679 -0.090368 -0.183274 0.701734 -0.298215 -0.056905 1.338589 
20.817498 -0.775951 -0.180163 -0.020482 -0.091719 -0.183816 0.700856 -0.298141 -0.054899 1.339109 
20.818064 -0.773103 -0.180394 -0.019120 -0.091721 -0.183136 0.701298 -0.298859 -0.057647 1.339021 
20.818370 -0.771611 -0.182086 -0.017257 -0.092447 -0.180931 0.701079 -0.298134 -0.056969 1.339447 
20.818670 -0.772038 -0.182970 -0.017821 -0.092179 -0.180975 0.700919 -0.297575 -0.057776 1.340621 
20.819570 -0.770678 -0.181702 -0.018054 -0.093092 -0.179314 0.700046 -0.298224 -0.060169 1.341286 
20.817676 -0.771389 -0.182799 -0.018021 -0.091316 -0.180839 0.700463 -0.298204 -0.057326 1.341498 
20.820040 -0.771855 -0.184973 -0.017787 -0.092190 -0.181410 0.701460 -0.300548 -0.057827 1.340548 
20.817792 -0.772807 -0.183155 -0.017921 -0.091934 -0.179897 0.701754 -0.297891 -0.058293 1.340273 
20.817967 -0.770229 -0.183059 -0.017114 -0.093387 -0.182705 0.702928 -0.296736 -0.058331 1.341838 
20.818058 -0.771486 -0.183771 -0.017862 -0.092177 -0.181488 0.699949 -0.297223 -0.058403 1.339742 
20.818594 -0.771855 -0.183103 -0.018569 -0.092622 -0.180798 0.700979 -0.297534 -0.057457 1.340562 
20.818549 -0.772364 -0.183113 -0.018575 -0.093957 -0.180904 0.700194 -0.297436 -0.056730 1.341341 
20.819481 -0.771904 -0.183119 -0.019303 -0.094220 -0.180768 0.699951 -0.296587 -0.055666 1.341792 
20.819661 -0.772375 -0.182244 -0.020524 -0.094407 -0.181860 0.699798 -0.296748 -0.055720 1.341939 
20.819417 -0.772216 -0.183644 -0.019272 -0.093996 -0.181194 0.700195 -0.296701 -0.055155 1.341687 
20.820343 -0.771185 -0.183942 -0.019089 -0.094760 -0.180272 0.699872 -0.297691 -0.055750 1.342042 
20.820163 -0.770701 -0.183931 -0.018897 -0.095062 -0.180718 0.700355 -0.297502 -0.055848 1.342325 
20.819712 -0.770494 -0.184574 -0.018522 -0.095648 -0.179314 0.700761 -0.296886 -0.055569 1.342606 
20.819335 -0.769696 -0.185428 -0.018407 -0.095885 -0.179601 0.699610 -0.296296 -0.055788 1.341948 
20.820119 -0.770717 -0.184490 -0.018325 -0.096099 -0.179369 0.701003 -0.296697 -0.055629 1.341982 
20.819710 -0.769988 -0.183640 -0.017782 -0.096212 -0.179111 0.700924 -0.297263 -0.054462 1.341408 
20.819740 -0.770365 -0.183552 -0.017263 -0.096560 -0.179286 0.700496 -0.297243 -0.054327 1.341832 
20.820565 -0.769350 -0.183507 -0.016646 -0.095327 -0.178604 0.701280 -0.296827 -0.054369 1.341428 
20.820168 -0.769819 -0.183553 -0.018251 -0.096355 -0.179159 0.700793 -0.296879 -0.053965 1.341636 
20.820092 -0.769429 -0.183239 -0.019071 -0.097728 -0.178555 0.701165 -0.297218 -0.053346 1.341648 
20.819757 -0.768438 -0.183711 -0.019493 -0.098759 -0.178458 0.700378 -0.296891 -0.053020 1.341002 
20.819595 -0.768585 -0.184659 -0.019805 -0.099245 -0.178671 0.700994 -0.297197 -0.051618 1.340771 
20.818741 -0.768677 -0.183787 -0.020473 -0.099900 -0.178356 0.701240 -0.296264 -0.051034 1.340503 
20.819000 -0.769344 -0.183695 -0.021109 -0.099905 -0.177116 0.700412 -0.296604 -0.050569 1.339925 
20.819464 -0.769590 -0.183486 -0.021008 -0.100194 -0.177457 0.700547 -0.296558 -0.050682 1.339299 
20.818836 -0.768519 -0.182910 -0.022170 -0.100768 -0.177428 0.700355 -0.297106 -0.050080 1.340087 
20.818943 -0.768088 -0.182565 -0.021622 -0.100563 -0.177195 0.700414 -0.297179 -0.049633 1.339906 
20.819414 -0.767316 -0.182552 -0.021089 -0.101238 -0.176073 0.701058 -0.296511 -0.049262 1.339913 
20.819312 -0.766202 -0.182783 -0.020623 -0.101373 -0.175793 0.700560 -0.295531 -0.048571 1.339199 
20.818534 -0.765577 -0.182880 -0.020648 -0.101191 -0.175125 0.701447 -0.296012 -0.049042 1.338155 
20.818141 -0.765726 -0.182908 -0.020146 -0.101784 -0.175090 0.701151 -0.296283 -0.049136 1.338183 
20.818130 -0.765438 -0.182239 -0.019148 -0.102180 -0.174271 0.701702 -0.295904 -0.048129 1.338224 
20.819122 -0.765032 -0.182630 -0.018965 -0.102343 -0.173178 0.701060 -0.296724 -0.047809 1.337957 
20.819085 -0.765107 -0.182022 -0.019067 -0.102246 -0.172792 0.700672 -0.296474 -0.048248 1.337904 
20.819547 -0.763824 -0.181738 -0.018143 -0.102355 -0.173049 0.700830 -0.296392 -0.049065 1.338399 
20.818619 -0.764880 -0.182247 -0.019179 -0.101959 -0.172457 0.700535 -0.296514 -0.048152 1.338535 
20.818930 -0.765060 -0.182138 -0.019867 -0.103614 -0.172021 0.700764 -0.295738 -0.047964 1.337708 
20.818973 -0.765844 -0.183022 -0.019349 -0.103722 -0.171105 0.700889 -0.294680 -0.048231 1.337409 
20.818710 -0.764662 -0.182279 -0.019773 -0.103465 -0.172236 0.700250 -0.295385 -0.047681 1.337283 
20.818538 -0.765212 -0.181382 -0.020626 -0.104695 -0.171317 0.700758 -0.295850 -0.047118 1.337396 
20.818586 -0.764341 -0.180792 -0.020998 -0.106164 -0.170798 0.700945 -0.295547 -0.047064 1.337507 
20.818429 -0.764370 -0.180513 -0.021343 -0.107534 -0.169718 0.701111 -0.294957 -0.046725 1.337267 
20.817948 -0.763856 -0.179634 -0.021835 -0.108439 -0.169374 0.700701 -0.294972 -0.045766 1.336740 
20.818517 -0.763663 -0.180178 -0.022767 -0.109220 -0.168694 0.699987 -0.295677 -0.046140 1.336476 
20.818679 -0.764009 -0.180147 -0.022523 -0.109577 -0.168974 0.699457 -0.295590 -0.045975 1.336951 
20.819733 -0.763909 -0.179757 -0.023451 -0.109448 -0.168783 0.699698 -0.294696 -0.045234 1.337420 
20.818496 -0.764182 -0.179653 -0.022794 -0.109405 -0.168926 0.699128 -0.295302 -0.046566 1.336939 
20.817920 -0.764056 -0.180777 -0.022733 -0.110905 -0.169555 0.700196 -0.295699 -0.045619 1.337044 
20.818685 -0.764222 -0.180307 -0.021752 -0.111879 -0.169545 0.700698 -0.296133 -0.045483 1.336262 
20.818405 -0.763800 -0.180276 -0.020810 -0.112577 -0.168519 0.700988 -0.296755 -0.044959 1.336882 
20.818393 -0.762878 -0.180993 -0.019837 -0.113227 -0.168306 0.700596 -0.296038 -0.044664 1.336355 
20.818244 -0.764492 -0.180508 -0.020798 -0.112538 -0.168060 0.700976 -0.296520 -0.044731 1.336606 
20.818615 -0.763062 -0.179606 -0.020931 -0.112601 -0.169353 0.701205 -0.298056 -0.044901 1.337451 
20.817966 -0.763690 -0.179606 -0.021011 -0.112830 -0.168423 0.700681 -0.296611 -0.044854 1.336636 
20.818024 -0.763635 -0.179152 -0.020941 -0.113390 -0.168195 0.701167 -0.296124 -0.046365 1.337325 
20.817500 -0.763760 -0.179818 -0.020604 -0.112747 -0.168573 0.700361 -0.296962 -0.045304 1.336384 
20.818207 -0.762215 -0.180081 -0.020521 -0.113080 -0.168755 0.700193 -0.295963 -0.044452 1.336286 
20.818260 -0.763600 -0.179873 -0.021494 -0.113188 -0.168091 0.700304 -0.296954 -0.045052 1.336503 
20.817783 -0.763559 -0.178760 -0.020848 -0.112310 -0.169369 0.701198 -0.297606 -0.044244 1.337111 
20.818142 -0.764060 -0.179557 -0.020813 -0.113109 -0.168716 0.700100 -0.296484 -0.044716 1.337091 
20.817164 -0.764319 -0.178618 -0.021250 -0.112934 -0.168551 0.700491 -0.295840 -0.044426 1.335688 
20.817365 -0.763655 -0.179983 -0.021257 -0.113283 -0.168546 0.700908 -0.296601 -0.044649 1.336912 
20.817348 -0.763377 -0.179223 -0.020835 -0.112003 -0.167228 0.700072 -0.296531 -0.044553 1.337396 
20.817887 -0.763671 -0.179803 -0.021487 -0.112274 -0.168846 0.700536 -0.296298 -0.045090 1.336778 
20.818698 -0.763691 -0.179236 -0.022020 -0.113119 -0.168253 0.699896 -0.297592 -0.045034 1.336003 
20.818469 -0.764236 -0.179798 -0.020695 -0.112506 -0.168393 0.700879 -0.296618 -0.044737 1.336309 
20.818154 -0.763695 -0.179516 -0.021261 -0.112899 -0.168380 0.700486 -0.296857 -0.044898 1.336475 
20.817906 -0.763687 -0.179643 -0.021016 -0.112720 -0.168299 0.700589 -0.296646 -0.044725 1.336667 
20.817979 -0.763685 -0.179360 -0.020908 -0.112604 -0.168064 0.700563 -0.296590 -0.044951 1.336802 
20.817937 -0.763661 -0.179754 -0.021024 -0.112788 -0.168198 0.700517 -0.296510 -0.044783 1.336604 
20.817920 -0.763574 -0.179406 -0.020907 -0.112569 -0.168538 0.700659 -0.296854 -0.044562 1.336716 
20.818001 -0.763607 -0.179770 -0.020992 -0.112713 -0.168284 0.700617 -0.296740 -0.044774 1.336790 
20.817843 -0.763904 -0.179742 -0.021142 -0.112743 -0.168251 0.700799 -0.296927 -0.044804 1.336966 
20.817999 -0.763592 -0.179734 -0.020876 -0.112866 -0.168194 0.700656 -0.296812 -0.044699 1.336760 
20.818016 -0.763541 -0.179640 -0.021069 -0.112385 -0.168590 0.700616 -0.296799 -0.044753 1.336869 
20.817957 -0.763514 -0.179783 -0.021041 -0.112643 -0.168211 0.700762 -0.296772 -0.044809 1.336677 
20.818164 -0.763464 -0.179898 -0.021076 -0.112680 -0.168254 0.700852 -0.296719 -0.045185 1.336829 
20.817834 -0.763375 -0.179750 -0.021126 -0.112732 -0.168228 0.700720 -0.296765 -0.044826 1.336757 
20.817989 -0.763541 -0.180127 -0.021140 -0.112747 -0.168457 0.700840 -0.296801 -0.044671 1.336568 
20.818103 -0.763522 -0.180074 -0.021238 -0.112765 -0.168421 0.700921 -0.296710 -0.044557 1.336632 
20.818252 -0.763621 -0.179987 -0.021201 -0.112389 -0.168643 0.700963 -0.296766 -0.044531 1.336614 
20.818031 -0.763703 -0.180087 -0.021327 -0.112757 -0.168373 0.700988 -0.296758 -0.044581 1.336693 
20.818057 -0.763521 -0.180097 -0.021175 -0.112749 -0.168431 0.700970 -0.296648 -0.044548 1.336673 
20.818189 -0.763523 -0.180164 -0.021164 -0.112772 -0.168424 0.701018 -0.296619 -0.044726 1.336719 
20.818070 -0.763491 -0.180155 -0.021169 -0.112707 -0.168381 0.700947 -0.296694 -0.044519 1.336727 
20.818081 -0.763554 -0.180226 -0.021194 -0.112637 -0.168295 0.700856 -0.296552 -0.044516 1.336631 
20.818112 -0.763534 -0.180154 -0.021097 -0.112732 -0.168343 0.700976 -0.296722 -0.044486 1.336688 
20.817989 -0.763383 -0.180127 -0.021284 -0.112701 -0.168485 0.700937 -0.296705 -0.044577 1.336840 
20.818048 -0.763445 -0.180162 -0.021193 -0.112673 -0.168345 0.701020 -0.296709 -0.044536 1.336670 
20.818097 -0.763469 -0.180093 -0.021079 -0.112802 -0.168416 0.701054 -0.296840 -0.044487 1.336776 
20.818105 -0.763476 -0.180179 -0.021104 -0.112828 -0.168478 0.701073 -0.296848 -0.044452 1.336749 
20.818105 -0.763397 -0.180196 -0.021051 -0.112997 -0.168367 0.701076 -0.296812 -0.044362 1.336736 
20.818181 -0.763522 -0.180133 -0.021080 -0.112644 -0.168592 0.701099 -0.296882 -0.044438 1.336744 
20.818076 -0.763550 -0.180184 -0.021140 -0.112825 -0.168459 0.701101 -0.296868 -0.044462 1.336775 
20.818070 -0.763477 -0.180173 -0.021096 -0.112822 -0.168483 0.701056 -0.296862 -0.044433 1.336734 
20.818057 -0.763484 -0.180205 -0.021058 -0.112821 -0.168494 0.701038 -0.296889 -0.044510 1.336722 
20.818047 -0.763470 -0.180180 -0.021077 -0.112815 -0.168493 0.701075 -0.296839 -0.044432 1.336756 
20.818056 -0.763436 -0.180144 -0.021164 -0.112824 -0.168513 0.701051 -0.296869 -0.044424 1.336772 
20.818075 -0.763465 -0.180197 -0.021093 -0.112805 -0.168462 0.701047 -0.296880 -0.044421 1.336756 
20.818071 -0.763503 -0.180120 -0.021105 -0.112853 -0.168505 0.701083 -0.296814 -0.044414 1.336693 
20.818080 -0.763522 -0.180118 -0.021095 -0.112867 -0.168520 0.701054 -0.296808 -0.044407 1.336717 
20.818048 -0.763505 -0.180117 -0.021099 -0.112868 -0.168548 0.701073 -0.296825 -0.044496 1.336675 
20.818076 -0.763498 -0.180108 -0.021087 -0.112873 -0.168512 0.701105 -0.296844 -0.044408 1.336704 
20.818078 -0.763470 -0.180111 -0.021074 -0.112943 -0.168462 0.701107 -0.296834 -0.044370 1.336691 
20.818107 -0.763517 -0.180088 -0.021078 -0.112798 -0.168558 0.701117 -0.296859 -0.044401 1.336701 
