Start Optimization 
7.495973 -0.627243 -0.162688 -0.079523 -0.068943 0.278880 -0.460671 0.023425 -0.026495 0.601552 
8.495973 -0.627243 -0.162688 -0.079523 -0.068943 0.278880 -0.460671 0.023425 -0.026495 0.601552 
7.495973 0.372757 -0.162688 -0.079523 -0.068943 0.278880 -0.460671 0.023425 -0.026495 0.601552 
7.495973 -0.627243 0.837312 -0.079523 -0.068943 0.278880 -0.460671 0.023425 -0.026495 0.601552 
7.495973 -0.627243 -0.162688 0.920477 -0.068943 0.278880 -0.460671 0.023425 -0.026495 0.601552 
7.495973 -0.627243 -0.162688 -0.079523 0.931057 0.278880 -0.460671 0.023425 -0.026495 0.601552 
7.495973 -0.627243 -0.162688 -0.079523 -0.068943 1.278880 -0.460671 0.023425 -0.026495 0.601552 
7.495973 -0.627243 -0.162688 -0.079523 -0.068943 0.278880 0.539329 0.023425 -0.026495 0.601552 
7.495973 -0.627243 -0.162688 -0.079523 -0.068943 0.278880 0.539329 1.023425 -0.026495 0.601552 
7.495973 -0.627243 -0.162688 -0.079523 -0.068943 0.278880 0.539329 0.023425 0.973505 0.601552 
7.495973 -0.627243 -0.162688 -0.079523 -0.068943 0.278880 0.539329 0.023425 -0.026495 1.601552 
7.495681 -0.807607 -0.408787 -1.031236 -0.099504 0.275008 0.543474 0.016089 -0.037645 1.603081 
7.495879 -0.685354 -0.241978 0.410597 -0.078789 0.277633 0.540664 0.021061 -0.030087 1.602045 
7.245973 -0.626838 -0.162688 -0.079523 -0.068943 0.278880 0.539329 0.023425 -0.026495 1.601552 
7.246780 -0.127684 -0.181922 -0.057902 -0.071331 0.278577 0.539653 0.022852 -0.027366 1.601671 
7.245973 -0.626838 -0.131879 -0.079523 -0.317037 0.278880 0.539329 0.023425 -0.026495 1.601552 
7.245985 -0.617928 0.363444 -0.047727 -0.257356 0.278435 0.539805 0.022582 -0.027776 1.601728 
7.245973 -0.626967 -0.132055 -0.080203 -0.317059 0.028881 0.539329 0.023425 -0.026495 1.601552 
7.245860 -0.683993 -0.409871 -0.488175 -0.364425 0.287951 0.542681 0.017492 -0.035512 1.602788 
7.245973 -0.627117 -0.132260 -0.077169 -0.317085 0.278874 0.789317 0.023425 -0.026495 1.601552 
7.245857 -0.691584 -0.335813 0.373684 -0.349798 0.282293 0.784744 0.019996 -0.031706 1.602267 
7.245973 -0.627326 -0.132545 -0.079231 -0.317120 0.278880 0.789336 -0.226566 -0.026495 1.601552 
7.245878 -0.674620 -0.374552 -0.509779 -0.358590 0.287109 0.793055 0.027534 -0.034496 1.602649 
7.245973 -0.627287 -0.124945 -0.076713 -0.316176 0.278868 0.789324 0.023413 -0.276386 1.601552 
7.245933 -0.644787 0.363459 -0.050110 -0.262751 0.282797 0.789868 0.022782 -0.010698 1.602246 
7.245981 -0.622281 -0.132446 -0.076959 -0.317108 0.278871 0.789321 0.023419 -0.026503 1.851505 
7.246787 -0.123262 -0.153409 -0.056187 -0.321198 0.279466 0.789662 0.022884 -0.027222 1.841987 
7.245986 -0.619036 -0.016696 -0.080553 -0.302734 0.278796 0.899169 0.132951 0.086601 1.741890 
7.245938 -0.640747 0.294321 -0.041707 -0.272346 0.283428 0.660101 -0.106793 -0.142242 1.982705 
7.245923 -0.653956 -0.213700 0.154363 -0.331188 0.280713 0.805760 0.040457 -0.009169 1.833570 
7.245891 -0.667959 -0.293425 -0.252905 -0.347087 0.285490 0.816751 0.051284 -0.004194 1.827562 
7.245946 -0.638860 -0.030543 -0.082191 -0.309226 0.281689 0.753959 -0.012140 -0.058414 1.888046 
7.183481 -0.622158 -0.132447 -0.076958 -0.317108 0.278871 0.789321 0.023419 -0.026503 1.851505 
7.246280 -0.497630 -0.130212 -0.075767 -0.318548 0.279834 0.784537 0.018406 -0.031213 1.854220 
7.246279 -0.498342 -0.124810 -0.077931 -0.380761 0.279842 0.785161 0.019036 -0.030676 1.853626 
7.246581 -0.478260 -0.192179 -0.182251 -0.312635 0.285212 0.786365 0.020328 -0.031189 1.854024 
7.246279 -0.498082 -0.131333 -0.072045 -0.318748 0.342207 0.784869 0.018747 -0.030873 1.853857 
7.246619 -0.478567 -0.190781 0.036087 -0.319043 0.338138 0.784805 0.019034 -0.030126 1.853497 
7.246280 -0.497651 -0.131471 -0.072492 -0.318766 0.342208 0.768227 0.002103 0.024579 1.870500 
7.246392 -0.485181 -0.075294 -0.079554 -0.309066 0.343521 0.824862 0.058588 0.075549 1.814180 
7.246281 -0.497170 -0.130879 -0.072317 -0.318716 0.342222 0.742531 0.052949 0.024417 1.896192 
7.246479 -0.491210 -0.024534 -0.089421 -0.304553 0.347985 0.738443 -0.030038 -0.002906 1.901330 
7.246281 -0.496905 -0.131967 -0.072725 -0.318787 0.342240 0.812432 0.002122 0.024585 1.914673 
7.246539 -0.480565 -0.172803 -0.188397 -0.311673 0.350954 0.771386 0.006701 0.027534 1.865603 
7.246522 -0.483718 -0.143839 -0.013172 -0.315644 0.340869 0.770705 0.004445 0.027538 1.867614 
7.277528 -0.497740 -0.131220 -0.072534 -0.318745 0.342217 0.768151 0.002022 0.024509 1.870579 
7.276961 -0.495666 -0.076753 -0.074111 -0.312266 0.344513 0.753404 -0.013881 0.010964 1.885791 
7.264580 -0.523963 -0.130949 -0.073108 -0.318423 0.342071 0.764169 -0.005273 0.029976 1.865909 
7.316225 -0.530068 -0.126515 -0.063725 -0.315078 0.342562 0.784798 0.028667 0.012783 1.881799 
7.281292 -0.498258 -0.137546 -0.102105 -0.313601 0.345634 0.768839 0.003949 0.022731 1.872051 
7.279505 -0.499134 -0.137915 -0.071170 -0.322297 0.342141 0.761896 -0.003701 0.017509 1.878203 
7.278099 -0.498224 -0.125709 -0.076092 -0.348784 0.342729 0.771109 0.005129 0.026810 1.868001 
7.277799 -0.497839 -0.130750 -0.074361 -0.318742 0.326713 0.768104 0.002046 0.024260 1.870829 
7.275523 -0.492275 -0.136437 -0.043584 -0.317021 0.341255 0.771376 0.004622 0.029779 1.865234 
7.282342 -0.497908 -0.130604 -0.072475 -0.318683 0.342230 0.757446 0.004480 0.022243 1.860843 
7.282545 -0.496587 -0.102935 -0.070917 -0.315186 0.343774 0.751472 -0.002708 0.015819 1.868815 
7.287745 -0.498654 -0.130680 -0.072515 -0.318682 0.342225 0.763958 -0.006534 0.019864 1.854135 
7.269083 -0.524223 -0.129471 -0.072041 -0.318166 0.342284 0.752950 -0.001659 0.027944 1.856826 
7.289339 -0.497821 -0.130631 -0.072821 -0.318643 0.342259 0.753706 0.000744 0.034616 1.864588 
7.292483 -0.497532 -0.130976 -0.101985 -0.310445 0.348542 0.754268 0.002737 0.032706 1.865752 
7.279660 -0.489716 -0.131835 -0.074892 -0.319564 0.342155 0.749554 -0.005910 0.037564 1.861766 
7.288052 -0.492153 -0.130406 -0.042864 -0.316089 0.341618 0.755626 0.002534 0.038751 1.860798 
7.289633 -0.497993 -0.127388 -0.074413 -0.333594 0.342767 0.755126 0.002265 0.035756 1.863340 
7.288677 -0.499304 -0.137311 -0.073184 -0.319438 0.342028 0.755038 0.002308 0.036534 1.862341 
7.282883 -0.510570 -0.127223 -0.072367 -0.318179 0.342397 0.750887 -0.003004 0.036754 1.863457 
7.288903 -0.496646 -0.128782 -0.065394 -0.318321 0.342177 0.753799 0.000714 0.035326 1.864079 
7.288471 -0.496301 -0.127152 -0.066222 -0.317316 0.342256 0.755342 0.002141 0.036999 1.862239 
7.288972 -0.494573 -0.121135 -0.065117 -0.313957 0.345081 0.754768 0.001870 0.036569 1.862954 
7.289333 -0.493471 -0.116837 -0.064545 -0.311911 0.339058 0.754422 0.001729 0.036307 1.863418 
7.290531 -0.493519 -0.116552 -0.064596 -0.312510 0.339082 0.751841 0.002397 0.035795 1.860966 
7.289242 -0.492607 -0.112018 -0.064138 -0.317560 0.340596 0.755772 0.002129 0.036935 1.863909 
7.287971 -0.493311 -0.116938 -0.064541 -0.311926 0.339055 0.752818 0.004509 0.036936 1.865054 
7.289387 -0.492434 -0.114983 -0.061476 -0.306312 0.342269 0.754946 0.002409 0.037660 1.861725 
7.291268 -0.493453 -0.116955 -0.064964 -0.311912 0.339068 0.753563 0.000914 0.039295 1.864416 
7.294968 -0.492703 -0.116169 -0.070363 -0.310373 0.340047 0.754665 0.002904 0.036830 1.865978 
7.294482 -0.488982 -0.116976 -0.070719 -0.310612 0.340003 0.754469 0.002448 0.036953 1.865696 
7.291034 -0.493792 -0.114409 -0.075115 -0.309259 0.340887 0.752282 -0.000306 0.037626 1.865614 
7.294698 -0.492766 -0.116500 -0.069697 -0.309951 0.339243 0.755294 0.000752 0.034228 1.867395 
7.298235 -0.492062 -0.116514 -0.067360 -0.310903 0.341589 0.750371 0.001205 0.033585 1.870756 
7.302272 -0.492092 -0.120735 -0.066625 -0.312302 0.337948 0.752609 0.003556 0.033010 1.871301 
7.298816 -0.491349 -0.115440 -0.065774 -0.308255 0.343028 0.751550 0.001522 0.033443 1.870358 
7.298438 -0.491757 -0.115300 -0.067239 -0.310663 0.340203 0.749997 0.001364 0.033755 1.870897 
7.298408 -0.491599 -0.114462 -0.067045 -0.313461 0.342686 0.752002 0.001156 0.033184 1.871131 
7.297451 -0.491991 -0.116660 -0.067363 -0.310681 0.341579 0.750782 0.001803 0.034148 1.872266 
7.296613 -0.491945 -0.116373 -0.066995 -0.311083 0.341665 0.749537 0.003584 0.031210 1.870104 
7.298885 -0.491947 -0.116219 -0.068943 -0.310466 0.341874 0.750492 0.001488 0.033042 1.871109 
7.298258 -0.492152 -0.114915 -0.071586 -0.309663 0.343186 0.749344 0.000028 0.032810 1.871627 
7.299135 -0.493808 -0.115825 -0.068765 -0.310350 0.341887 0.750597 0.001722 0.032980 1.871249 
7.301805 -0.494114 -0.117060 -0.069632 -0.310458 0.340913 0.752105 0.003011 0.032215 1.871784 
7.298634 -0.493821 -0.115960 -0.068411 -0.310202 0.341513 0.750701 0.001280 0.031299 1.871726 
7.298044 -0.493786 -0.115466 -0.069085 -0.310610 0.342411 0.749599 0.004909 0.031944 1.870123 
7.300062 -0.493552 -0.115699 -0.068008 -0.310262 0.342628 0.749547 0.001870 0.032807 1.872015 
7.300350 -0.492996 -0.114584 -0.066928 -0.307560 0.343834 0.751292 0.002194 0.032692 1.871283 
7.300467 -0.492680 -0.113565 -0.066834 -0.308824 0.344373 0.752115 0.002190 0.032469 1.871478 
7.300384 -0.496386 -0.113564 -0.065608 -0.307280 0.344497 0.750871 0.002047 0.033200 1.871388 
7.300511 -0.497443 -0.111963 -0.067549 -0.305979 0.346291 0.749605 0.001108 0.033222 1.872019 
7.303218 -0.498077 -0.114289 -0.065311 -0.306994 0.344091 0.751972 0.003442 0.032935 1.871920 
7.303531 -0.498315 -0.115052 -0.064859 -0.307322 0.345076 0.751846 0.002892 0.032665 1.870734 
7.303572 -0.498003 -0.113808 -0.065275 -0.306986 0.343609 0.751695 0.003287 0.032792 1.871434 
7.302892 -0.498349 -0.114084 -0.063763 -0.306784 0.344026 0.751755 0.003693 0.033830 1.872405 
7.303358 -0.498084 -0.114398 -0.065165 -0.306904 0.343895 0.752218 0.002633 0.032816 1.872273 
7.302630 -0.498404 -0.114275 -0.065024 -0.306841 0.344011 0.751831 0.003842 0.031195 1.872124 
7.303058 -0.498015 -0.114072 -0.065254 -0.306416 0.344180 0.752612 0.003478 0.032951 1.871573 
7.302363 -0.499038 -0.114335 -0.066151 -0.306987 0.343503 0.753150 0.003465 0.033225 1.871059 
7.302303 -0.499036 -0.114888 -0.066259 -0.306374 0.343205 0.752761 0.003474 0.033311 1.870958 
7.302588 -0.497812 -0.115441 -0.067401 -0.306503 0.343160 0.753280 0.003999 0.033118 1.870800 
7.303016 -0.499470 -0.115055 -0.066202 -0.306291 0.343119 0.753026 0.003816 0.033245 1.871097 
7.302421 -0.499725 -0.114225 -0.067355 -0.305701 0.344122 0.752240 0.003214 0.033371 1.871173 
7.301669 -0.499217 -0.115023 -0.064998 -0.306349 0.342753 0.752831 0.004225 0.034308 1.870886 
7.301971 -0.499194 -0.114922 -0.066120 -0.306311 0.343110 0.752734 0.003701 0.032458 1.871026 
7.302341 -0.499087 -0.115033 -0.066191 -0.306468 0.343469 0.752678 0.003535 0.033278 1.870614 
7.302454 -0.499156 -0.115442 -0.065948 -0.306507 0.343496 0.752944 0.002756 0.033124 1.870540 
7.302387 -0.499040 -0.114800 -0.066157 -0.306237 0.343356 0.752845 0.003502 0.033240 1.870327 
7.302684 -0.499073 -0.114876 -0.066187 -0.306865 0.343005 0.752089 0.003411 0.033155 1.870366 
7.302177 -0.499309 -0.115110 -0.066443 -0.306615 0.343301 0.752826 0.003545 0.033340 1.870483 
7.302530 -0.498340 -0.115368 -0.066465 -0.306510 0.343596 0.752900 0.003817 0.033137 1.870529 
7.302218 -0.499113 -0.115089 -0.065814 -0.306424 0.343506 0.752663 0.003709 0.033483 1.870580 
7.302423 -0.499064 -0.115012 -0.066250 -0.306465 0.343511 0.752671 0.003474 0.033485 1.870601 
7.302444 -0.499207 -0.114910 -0.066378 -0.306251 0.343851 0.752506 0.003437 0.033463 1.870629 
7.302488 -0.499243 -0.114619 -0.066342 -0.306477 0.344126 0.752639 0.003419 0.033431 1.870680 
7.302316 -0.499135 -0.114573 -0.066357 -0.306505 0.344139 0.752562 0.003333 0.033446 1.870642 
7.302705 -0.499344 -0.114485 -0.066390 -0.306451 0.344230 0.752262 0.003375 0.033406 1.870607 
7.302698 -0.499250 -0.114443 -0.066483 -0.306453 0.344236 0.752238 0.003573 0.033424 1.870601 
7.302785 -0.499318 -0.114646 -0.066422 -0.306268 0.344553 0.752342 0.003134 0.033363 1.870624 
7.302702 -0.499612 -0.114744 -0.066588 -0.306171 0.344773 0.752422 0.002944 0.033413 1.870552 
7.302737 -0.499589 -0.114688 -0.066746 -0.306165 0.344691 0.752447 0.002863 0.033346 1.870659 
7.302666 -0.499629 -0.114749 -0.066239 -0.305960 0.344969 0.752378 0.002950 0.033560 1.870648 
7.302542 -0.499707 -0.114917 -0.066040 -0.305982 0.345142 0.752270 0.003038 0.033257 1.870729 
7.302541 -0.499699 -0.114759 -0.065878 -0.305727 0.345159 0.752383 0.003037 0.033082 1.870449 
7.302562 -0.499707 -0.114617 -0.065850 -0.305859 0.345275 0.752463 0.003030 0.033067 1.870473 
7.302644 -0.499647 -0.114788 -0.065533 -0.305894 0.345514 0.752444 0.002977 0.033233 1.870376 
7.302809 -0.499744 -0.114833 -0.065527 -0.305867 0.345500 0.752527 0.003084 0.033221 1.870415 
7.302551 -0.499512 -0.114760 -0.065682 -0.305752 0.345775 0.752416 0.003284 0.033308 1.870380 
7.302656 -0.499564 -0.114686 -0.065704 -0.305748 0.345811 0.752224 0.003274 0.033298 1.870342 
7.302457 -0.499826 -0.114533 -0.065540 -0.305728 0.345799 0.752105 0.003480 0.033447 1.870356 
7.302418 -0.499971 -0.114578 -0.065633 -0.305679 0.345903 0.752146 0.003379 0.033467 1.870328 
7.302426 -0.500022 -0.114464 -0.065609 -0.305407 0.346129 0.752075 0.003260 0.033442 1.870605 
7.302379 -0.500209 -0.114439 -0.065736 -0.305303 0.346506 0.751938 0.003270 0.033334 1.870572 
7.302446 -0.500302 -0.114257 -0.065917 -0.305118 0.346733 0.751909 0.003196 0.033584 1.870499 
7.302445 -0.500285 -0.114310 -0.065826 -0.304949 0.346705 0.751900 0.003191 0.033553 1.870365 
7.302419 -0.500322 -0.114674 -0.065829 -0.304853 0.346763 0.751656 0.003191 0.033703 1.870459 
7.302305 -0.500418 -0.114681 -0.066114 -0.304627 0.346563 0.751541 0.003250 0.033549 1.870516 
7.302580 -0.500412 -0.114717 -0.065828 -0.304821 0.346760 0.751738 0.003310 0.033694 1.870498 
7.302479 -0.500539 -0.114787 -0.065559 -0.304823 0.346947 0.751558 0.002962 0.033643 1.870418 
7.302269 -0.500513 -0.114970 -0.065423 -0.304702 0.347232 0.751760 0.003018 0.033669 1.870445 
7.302355 -0.500424 -0.115055 -0.065526 -0.304699 0.347264 0.751829 0.002892 0.033602 1.870431 
7.302515 -0.500216 -0.115062 -0.065368 -0.304640 0.347501 0.751568 0.002991 0.033521 1.870404 
7.302328 -0.500484 -0.115106 -0.065599 -0.304798 0.347318 0.751803 0.002962 0.033565 1.870264 
7.302397 -0.500521 -0.115330 -0.065405 -0.304820 0.347274 0.751803 0.002839 0.033840 1.870038 
7.302361 -0.500532 -0.115009 -0.065700 -0.304729 0.347434 0.751790 0.002926 0.033693 1.870245 
7.302361 -0.500680 -0.115012 -0.065799 -0.304981 0.347692 0.751719 0.002854 0.033778 1.870488 
7.302284 -0.500948 -0.115017 -0.065984 -0.304744 0.347865 0.751560 0.002769 0.033696 1.870523 
7.302326 -0.501067 -0.114696 -0.065928 -0.304796 0.348102 0.751726 0.002657 0.033608 1.870428 
7.302164 -0.500971 -0.114650 -0.065935 -0.304829 0.348102 0.751647 0.002543 0.033619 1.870390 
7.302272 -0.500997 -0.114583 -0.066251 -0.304771 0.348311 0.751762 0.002825 0.033797 1.870488 
7.302240 -0.501066 -0.114814 -0.065835 -0.304743 0.348213 0.751827 0.002654 0.033672 1.870410 
7.302345 -0.501238 -0.114952 -0.065684 -0.304750 0.348274 0.751756 0.002422 0.033938 1.870262 
7.302219 -0.501414 -0.115198 -0.065617 -0.304951 0.348400 0.751752 0.002463 0.033764 1.870066 
7.302143 -0.501511 -0.115200 -0.065697 -0.304980 0.348279 0.751887 0.002406 0.033799 1.870083 
7.302341 -0.501289 -0.115409 -0.065584 -0.304884 0.348559 0.751846 0.002167 0.033619 1.870188 
7.302305 -0.501349 -0.115395 -0.065521 -0.304988 0.348597 0.751802 0.002170 0.033648 1.870376 
7.302192 -0.501443 -0.115422 -0.065137 -0.304735 0.348652 0.751770 0.002172 0.033644 1.870370 
7.302351 -0.501247 -0.115386 -0.065386 -0.305103 0.348506 0.751881 0.002176 0.033651 1.870344 
7.302272 -0.501322 -0.115493 -0.065658 -0.304983 0.348964 0.751800 0.002238 0.033910 1.870362 
7.302595 -0.501590 -0.115452 -0.065745 -0.304965 0.349183 0.751756 0.002291 0.033896 1.870366 
7.302713 -0.501623 -0.115797 -0.065846 -0.304890 0.349102 0.751546 0.002424 0.034002 1.870459 
7.302606 -0.501623 -0.115435 -0.065724 -0.305011 0.349157 0.751636 0.002131 0.033992 1.870289 
7.302533 -0.501655 -0.115284 -0.065914 -0.305023 0.349506 0.751449 0.002063 0.033885 1.870282 
7.302433 -0.501949 -0.115276 -0.066117 -0.304997 0.349624 0.751656 0.001900 0.034011 1.870314 
7.302622 -0.501551 -0.115299 -0.065919 -0.304935 0.349535 0.751489 0.001928 0.033876 1.870392 
7.302685 -0.501491 -0.114971 -0.065991 -0.304778 0.349477 0.751393 0.002060 0.034113 1.870478 
7.302557 -0.501620 -0.115316 -0.065778 -0.304772 0.349584 0.751455 0.001927 0.033871 1.870384 
7.302673 -0.501564 -0.115353 -0.065472 -0.304786 0.349927 0.751421 0.001906 0.033866 1.870293 
7.302742 -0.501584 -0.115659 -0.065449 -0.304640 0.350082 0.751122 0.001944 0.033849 1.870346 
7.302710 -0.501647 -0.115634 -0.065370 -0.304744 0.350076 0.751079 0.001939 0.033847 1.870533 
7.302860 -0.501684 -0.115513 -0.065272 -0.304540 0.350103 0.751047 0.001812 0.033504 1.870251 
7.302822 -0.501675 -0.115503 -0.065239 -0.304586 0.350045 0.750940 0.001652 0.033597 1.870177 
7.302539 -0.501436 -0.115517 -0.065119 -0.304462 0.350270 0.751083 0.001788 0.033386 1.870252 
7.302805 -0.501786 -0.115461 -0.065397 -0.304536 0.350253 0.751050 0.001739 0.033508 1.870259 
7.302839 -0.502083 -0.115513 -0.065352 -0.304441 0.350487 0.751254 0.001580 0.033623 1.870238 
7.302925 -0.502119 -0.115194 -0.065377 -0.304261 0.350685 0.751130 0.001645 0.033810 1.870277 
7.302779 -0.502374 -0.115129 -0.065343 -0.304392 0.350795 0.751022 0.001875 0.033825 1.870047 
7.302891 -0.502287 -0.115133 -0.065315 -0.304538 0.350921 0.751035 0.001866 0.033827 1.870010 
7.302978 -0.502434 -0.114968 -0.065577 -0.304555 0.351236 0.750988 0.001759 0.033824 1.870020 
7.303306 -0.502579 -0.114898 -0.065466 -0.304449 0.351275 0.751109 0.001991 0.033724 1.870050 
7.303330 -0.502578 -0.115053 -0.065447 -0.304374 0.351356 0.750964 0.002015 0.033712 1.870079 
7.303160 -0.502456 -0.115032 -0.065243 -0.304212 0.351693 0.751010 0.002074 0.033634 1.870099 
7.303227 -0.502486 -0.115010 -0.064942 -0.304079 0.351900 0.750814 0.001933 0.033728 1.869980 
7.303089 -0.502678 -0.115184 -0.064822 -0.304180 0.352123 0.750765 0.002040 0.033564 1.869787 
7.303118 -0.502607 -0.115217 -0.064903 -0.304081 0.352121 0.750811 0.002054 0.033580 1.869603 
7.303068 -0.502639 -0.115305 -0.064759 -0.304112 0.352386 0.750772 0.002207 0.033892 1.869880 
7.303039 -0.502590 -0.115188 -0.064775 -0.304139 0.352367 0.750630 0.002346 0.033895 1.869841 
7.303094 -0.502359 -0.115200 -0.064678 -0.303992 0.352614 0.750429 0.002350 0.033689 1.869920 
7.303088 -0.502472 -0.115114 -0.064824 -0.303935 0.352718 0.750399 0.002300 0.033686 1.869942 
7.302884 -0.502689 -0.115059 -0.064820 -0.303571 0.352668 0.750317 0.002339 0.033681 1.869998 
7.302725 -0.502617 -0.115114 -0.064873 -0.303613 0.352659 0.750238 0.002227 0.033729 1.869987 
7.302630 -0.502701 -0.114771 -0.064924 -0.303623 0.352936 0.750308 0.002117 0.033776 1.869912 
7.302772 -0.502937 -0.114682 -0.065128 -0.303621 0.353121 0.750070 0.002011 0.033869 1.869865 
7.302636 -0.502953 -0.114632 -0.065469 -0.303646 0.353278 0.750196 0.002169 0.033745 1.870003 
7.302754 -0.502992 -0.114636 -0.065057 -0.303712 0.353106 0.750028 0.001989 0.033865 1.870061 
7.302901 -0.502782 -0.114443 -0.065182 -0.303541 0.352968 0.750057 0.001867 0.034048 1.870208 
7.302747 -0.502983 -0.114522 -0.065092 -0.303755 0.352985 0.749949 0.001993 0.033729 1.870000 
7.302806 -0.503122 -0.114729 -0.065022 -0.303646 0.353146 0.750206 0.001622 0.033674 1.870080 
7.302834 -0.503004 -0.114737 -0.064971 -0.303574 0.353268 0.750105 0.001625 0.033571 1.870119 
7.302774 -0.503078 -0.114693 -0.064629 -0.303530 0.353551 0.750041 0.001536 0.033671 1.870038 
7.302537 -0.502996 -0.114946 -0.064631 -0.303562 0.353569 0.749803 0.001327 0.033771 1.870042 
7.302837 -0.502974 -0.114680 -0.064646 -0.303715 0.353614 0.750080 0.001486 0.033687 1.869999 
7.303141 -0.503060 -0.114923 -0.064419 -0.303731 0.353744 0.749992 0.001536 0.033682 1.870027 
7.302738 -0.503060 -0.114744 -0.064685 -0.303792 0.353710 0.750107 0.001580 0.033578 1.869981 
7.302622 -0.503019 -0.114614 -0.064706 -0.303694 0.354108 0.750215 0.001517 0.033618 1.870124 
7.302433 -0.502800 -0.114671 -0.064435 -0.303667 0.354119 0.750469 0.001573 0.033547 1.870194 
7.302602 -0.503071 -0.114543 -0.064646 -0.303793 0.354064 0.750156 0.001497 0.033582 1.870300 
7.302587 -0.503109 -0.114358 -0.064744 -0.303667 0.354383 0.750041 0.001391 0.033488 1.869973 
7.302542 -0.503432 -0.114327 -0.064787 -0.303726 0.354481 0.750236 0.001166 0.033649 1.869931 
7.302489 -0.503450 -0.114270 -0.064716 -0.303771 0.354501 0.750183 0.001293 0.033805 1.869881 
7.302486 -0.503472 -0.114158 -0.065025 -0.303768 0.354792 0.750081 0.001389 0.033921 1.869991 
7.302339 -0.503389 -0.114164 -0.064806 -0.303783 0.354406 0.750243 0.001279 0.033796 1.869856 
7.302508 -0.503466 -0.114309 -0.064331 -0.303736 0.354779 0.750225 0.001267 0.033735 1.869835 
7.302665 -0.503549 -0.114365 -0.064237 -0.303704 0.355194 0.750123 0.001328 0.033780 1.869904 
7.302631 -0.503558 -0.114305 -0.064030 -0.303670 0.355629 0.750132 0.001352 0.033767 1.869910 
7.302775 -0.503708 -0.114436 -0.064052 -0.303608 0.355772 0.750279 0.001051 0.033579 1.869982 
7.302711 -0.503931 -0.114615 -0.064048 -0.303807 0.355853 0.750240 0.001235 0.033350 1.869845 
7.302801 -0.504005 -0.114501 -0.064041 -0.303730 0.355823 0.750339 0.001350 0.033298 1.869856 
7.302612 -0.504198 -0.114602 -0.063984 -0.303384 0.355794 0.750180 0.001367 0.033295 1.869931 
7.302635 -0.504145 -0.114675 -0.064043 -0.303286 0.355829 0.750237 0.001387 0.033332 1.869753 
7.302900 -0.504328 -0.114587 -0.063726 -0.303380 0.355913 0.749999 0.001267 0.033320 1.869812 
7.302576 -0.504329 -0.114616 -0.063964 -0.303435 0.355789 0.750278 0.001349 0.033461 1.869922 
7.302673 -0.504242 -0.114906 -0.063800 -0.303413 0.355893 0.750447 0.001493 0.033501 1.870144 
7.302656 -0.504368 -0.114627 -0.064126 -0.303437 0.355874 0.750195 0.001399 0.033527 1.869988 
7.302587 -0.504537 -0.114412 -0.064379 -0.303449 0.356160 0.750150 0.001296 0.033524 1.869959 
7.302723 -0.504758 -0.114405 -0.064715 -0.303489 0.355992 0.750049 0.001164 0.033526 1.869930 
7.302536 -0.504626 -0.114482 -0.064373 -0.303556 0.356179 0.750110 0.001428 0.033437 1.869882 
7.302430 -0.504512 -0.114253 -0.064338 -0.303565 0.356258 0.749926 0.001667 0.033682 1.869829 
7.302519 -0.504581 -0.114146 -0.064332 -0.303488 0.356230 0.750032 0.001787 0.033630 1.869848 
7.302389 -0.504460 -0.114423 -0.064314 -0.303588 0.356663 0.749990 0.001705 0.033726 1.870009 
7.302151 -0.504605 -0.114403 -0.064128 -0.303685 0.356796 0.750218 0.001579 0.033886 1.869936 
7.301856 -0.504601 -0.114306 -0.064059 -0.303690 0.356826 0.750132 0.001542 0.033686 1.870230 
7.301877 -0.504717 -0.114344 -0.063960 -0.303552 0.356856 0.750016 0.001517 0.033699 1.870214 
7.302095 -0.504699 -0.114205 -0.063729 -0.303791 0.357019 0.749913 0.001391 0.033611 1.870220 
7.302050 -0.504583 -0.114184 -0.063696 -0.303704 0.357080 0.749939 0.001378 0.033500 1.870084 
7.302033 -0.504800 -0.114351 -0.063751 -0.303838 0.357421 0.749803 0.001273 0.033709 1.870276 
7.301978 -0.504805 -0.114609 -0.063592 -0.303891 0.357744 0.749724 0.001225 0.033836 1.870383 
7.301945 -0.504907 -0.114661 -0.063586 -0.303981 0.357758 0.749707 0.001373 0.033737 1.870312 
7.302064 -0.505024 -0.114401 -0.063708 -0.303774 0.358043 0.749849 0.001244 0.033810 1.870466 
7.301990 -0.505215 -0.114144 -0.063874 -0.303776 0.358294 0.749709 0.001172 0.033907 1.870393 
7.302044 -0.505470 -0.114197 -0.064031 -0.303769 0.358411 0.749798 0.000874 0.033727 1.870399 
7.301936 -0.505446 -0.114153 -0.064026 -0.303757 0.358405 0.749721 0.000875 0.033604 1.870554 
7.302323 -0.505378 -0.114244 -0.064282 -0.303684 0.358547 0.749591 0.000988 0.033672 1.870444 
7.302119 -0.505390 -0.114117 -0.063999 -0.303952 0.358458 0.749829 0.000837 0.033683 1.870412 
7.301912 -0.505290 -0.114141 -0.064296 -0.304037 0.358566 0.750075 0.000915 0.033774 1.870466 
7.302169 -0.505500 -0.114129 -0.064032 -0.304036 0.358371 0.749809 0.000858 0.033787 1.870544 
7.302184 -0.505551 -0.113827 -0.063768 -0.303824 0.358680 0.749880 0.000858 0.033665 1.870380 
7.302166 -0.505405 -0.113793 -0.063666 -0.303735 0.358801 0.749758 0.000517 0.033885 1.870432 
7.302219 -0.505341 -0.113466 -0.063789 -0.303620 0.358544 0.749774 0.000371 0.033866 1.870339 
7.302073 -0.505472 -0.113744 -0.063717 -0.303820 0.358836 0.749615 0.000526 0.033914 1.870326 
7.302057 -0.505507 -0.113968 -0.063398 -0.303873 0.359095 0.749535 0.000441 0.033887 1.870304 
7.301871 -0.505463 -0.114017 -0.063425 -0.303908 0.359474 0.749705 0.000453 0.034027 1.870377 
7.302123 -0.505386 -0.114076 -0.063550 -0.303814 0.359766 0.749494 0.000541 0.034014 1.870440 
7.302078 -0.505141 -0.114036 -0.063337 -0.303809 0.359763 0.749389 0.000822 0.034213 1.870447 
7.302236 -0.505424 -0.114121 -0.063559 -0.303836 0.359761 0.749568 0.000542 0.034148 1.870301 
7.302216 -0.505658 -0.114127 -0.063524 -0.303934 0.359878 0.749427 0.000475 0.034174 1.870743 
7.302079 -0.505847 -0.114301 -0.063550 -0.303560 0.359902 0.749362 0.000502 0.034257 1.870729 
7.302040 -0.505769 -0.114481 -0.063637 -0.303631 0.359838 0.749327 0.000488 0.034283 1.870760 
7.302162 -0.505941 -0.114341 -0.063523 -0.303550 0.360299 0.749355 0.000266 0.034177 1.870747 
7.302231 -0.505954 -0.114353 -0.063349 -0.303533 0.360722 0.749271 0.000198 0.034254 1.870826 
7.302231 -0.505882 -0.114687 -0.063447 -0.303643 0.360949 0.749190 0.000009 0.034263 1.870907 
7.302285 -0.506104 -0.114797 -0.063433 -0.303730 0.361192 0.749291 0.000227 0.034041 1.870900 
7.302184 -0.506275 -0.114627 -0.063640 -0.303831 0.361442 0.749098 0.000182 0.034099 1.870790 
7.302191 -0.506426 -0.114454 -0.063868 -0.303839 0.361789 0.749046 0.000091 0.034140 1.870807 
7.302286 -0.506626 -0.114443 -0.063768 -0.303913 0.361847 0.748695 -0.000025 0.034034 1.870654 
7.301966 -0.506795 -0.114425 -0.063611 -0.304079 0.361949 0.748788 -0.000175 0.034093 1.870554 
7.301708 -0.506617 -0.114336 -0.063602 -0.303999 0.362043 0.748644 -0.000161 0.033792 1.870629 
7.301641 -0.506695 -0.114422 -0.063617 -0.303806 0.362047 0.748622 -0.000143 0.033832 1.870590 
7.301726 -0.506435 -0.114336 -0.063618 -0.304010 0.362215 0.748688 -0.000139 0.033789 1.870214 
7.301730 -0.506384 -0.114321 -0.063489 -0.304003 0.362312 0.748621 -0.000043 0.033907 1.870269 
7.301531 -0.506466 -0.114347 -0.063621 -0.304229 0.362429 0.748392 0.000148 0.034024 1.870189 
7.301502 -0.506624 -0.113964 -0.063538 -0.304164 0.362356 0.748416 0.000334 0.034011 1.870070 
7.301488 -0.506381 -0.114266 -0.063659 -0.304201 0.362345 0.748311 0.000031 0.034145 1.870176 
7.301507 -0.506508 -0.114482 -0.063487 -0.304328 0.362830 0.748303 0.000004 0.034023 1.870202 
7.301441 -0.506506 -0.114716 -0.063229 -0.304473 0.363090 0.748181 -0.000082 0.033998 1.870160 
7.301329 -0.506441 -0.114691 -0.063388 -0.304473 0.363424 0.748410 -0.000085 0.034117 1.870296 
7.301577 -0.506415 -0.114671 -0.063590 -0.304401 0.363728 0.748238 -0.000068 0.034089 1.870377 
7.301554 -0.506518 -0.114679 -0.063837 -0.304468 0.363859 0.748320 -0.000290 0.033924 1.870128 
7.301655 -0.506468 -0.114608 -0.063823 -0.304665 0.363842 0.748362 -0.000309 0.033928 1.870155 
7.301850 -0.506714 -0.114728 -0.063838 -0.304658 0.363871 0.748453 -0.000335 0.034259 1.870078 
7.301827 -0.506765 -0.114842 -0.063917 -0.304700 0.363805 0.748430 -0.000408 0.034233 1.870235 
7.301815 -0.506972 -0.114429 -0.063780 -0.304648 0.364109 0.748416 -0.000382 0.034234 1.870207 
7.302018 -0.506874 -0.114423 -0.063629 -0.304440 0.364165 0.748619 -0.000628 0.034138 1.870291 
7.301970 -0.506794 -0.114362 -0.063646 -0.304427 0.364147 0.748521 -0.000773 0.034263 1.870279 
7.302105 -0.506651 -0.114281 -0.063744 -0.304338 0.364552 0.748618 -0.000796 0.034303 1.870307 
7.302282 -0.506676 -0.114379 -0.063528 -0.304369 0.364793 0.748384 -0.000910 0.034193 1.870200 
7.302594 -0.506707 -0.114320 -0.063445 -0.304290 0.364982 0.748162 -0.001010 0.034063 1.870091 
7.302552 -0.506709 -0.114423 -0.063151 -0.304374 0.365294 0.748177 -0.001167 0.034036 1.869996 
7.302693 -0.506575 -0.114374 -0.063199 -0.304304 0.365724 0.748238 -0.001208 0.034061 1.870008 
7.302759 -0.506422 -0.114222 -0.063183 -0.304226 0.366018 0.748177 -0.001471 0.034199 1.869951 
7.302956 -0.506365 -0.114127 -0.063080 -0.304068 0.366287 0.748392 -0.001632 0.034116 1.869948 
7.303050 -0.506224 -0.114116 -0.062835 -0.303994 0.366391 0.748242 -0.001483 0.034295 1.870186 
7.303051 -0.506324 -0.114074 -0.063079 -0.304269 0.366261 0.748429 -0.001662 0.034115 1.870000 
7.303054 -0.506401 -0.114277 -0.063287 -0.304314 0.366431 0.748330 -0.001921 0.034028 1.870180 
7.303258 -0.506357 -0.114572 -0.063383 -0.304333 0.366452 0.748391 -0.001989 0.034244 1.869974 
7.303033 -0.506201 -0.114336 -0.063283 -0.304298 0.366389 0.748309 -0.001936 0.033916 1.870161 
7.303003 -0.506568 -0.114162 -0.063477 -0.304457 0.366768 0.748251 -0.001986 0.033978 1.870069 
7.302893 -0.506786 -0.114166 -0.063304 -0.304585 0.366867 0.748179 -0.002313 0.033954 1.869968 
7.302601 -0.506786 -0.114162 -0.063397 -0.304679 0.367030 0.748428 -0.002430 0.034113 1.870054 
7.302613 -0.506725 -0.114037 -0.063473 -0.304620 0.366975 0.748358 -0.002544 0.034211 1.870043 
7.302611 -0.507136 -0.114208 -0.063493 -0.304803 0.367246 0.748496 -0.002515 0.033939 1.870077 
7.302612 -0.507144 -0.114267 -0.063325 -0.304893 0.367579 0.748290 -0.002465 0.034079 1.870229 
7.302392 -0.507260 -0.114397 -0.063416 -0.305125 0.367498 0.748026 -0.002348 0.034167 1.870228 
7.302298 -0.507306 -0.114463 -0.063433 -0.304928 0.367537 0.747982 -0.002336 0.034162 1.870190 
7.302250 -0.507378 -0.114358 -0.063204 -0.305016 0.367864 0.747974 -0.002220 0.034244 1.870008 
7.302169 -0.507175 -0.114461 -0.063135 -0.305125 0.368188 0.747864 -0.002318 0.034056 1.869978 
7.302056 -0.507273 -0.114412 -0.062808 -0.305167 0.368413 0.747813 -0.002319 0.034023 1.870201 
7.302081 -0.507308 -0.114531 -0.062705 -0.305187 0.368365 0.747821 -0.002463 0.034089 1.870129 
7.302186 -0.507232 -0.114494 -0.062945 -0.305200 0.368769 0.747828 -0.002094 0.034139 1.870239 
7.302222 -0.507243 -0.114217 -0.063101 -0.305184 0.368984 0.747609 -0.002255 0.034262 1.870219 
7.302508 -0.507311 -0.114182 -0.063030 -0.305144 0.369011 0.747311 -0.002126 0.034087 1.870135 
7.302504 -0.507140 -0.114169 -0.062953 -0.305098 0.368963 0.747242 -0.002075 0.034197 1.870150 
7.302438 -0.507363 -0.113955 -0.063211 -0.305221 0.369360 0.747297 -0.002087 0.034031 1.870017 
7.302581 -0.507494 -0.114088 -0.063216 -0.305291 0.369607 0.747244 -0.002331 0.034228 1.869889 
7.302489 -0.507585 -0.114235 -0.063388 -0.304971 0.369790 0.747104 -0.002421 0.034210 1.869973 
7.302381 -0.507642 -0.114300 -0.063435 -0.305088 0.369747 0.746972 -0.002364 0.034253 1.869974 
7.302694 -0.507554 -0.114208 -0.063572 -0.305180 0.369938 0.747065 -0.002598 0.034201 1.870224 
7.302439 -0.507665 -0.114195 -0.063222 -0.304979 0.369868 0.747091 -0.002409 0.034217 1.870096 
7.302547 -0.507982 -0.114025 -0.063239 -0.304905 0.369890 0.747147 -0.002307 0.034493 1.870132 
7.302394 -0.507687 -0.114063 -0.063214 -0.304959 0.369782 0.747009 -0.002565 0.034207 1.870072 
7.302357 -0.507750 -0.114321 -0.062965 -0.305084 0.370186 0.747121 -0.002483 0.034095 1.870002 
7.302324 -0.507473 -0.114288 -0.062789 -0.305061 0.370416 0.746964 -0.002446 0.034317 1.869990 
7.302472 -0.507503 -0.114289 -0.062739 -0.305034 0.370400 0.746817 -0.002385 0.034234 1.869958 
7.302355 -0.507505 -0.114613 -0.062525 -0.305050 0.370334 0.747017 -0.002612 0.034404 1.870116 
7.302218 -0.507482 -0.114295 -0.062705 -0.304943 0.370338 0.746985 -0.002352 0.034307 1.869880 
7.302228 -0.507457 -0.114113 -0.062848 -0.305195 0.370706 0.746986 -0.002355 0.034078 1.870155 
7.302319 -0.507743 -0.113949 -0.062896 -0.305259 0.370960 0.747048 -0.002307 0.034272 1.870075 
7.302466 -0.507630 -0.113940 -0.063061 -0.305104 0.371213 0.747193 -0.002461 0.034153 1.869901 
7.302556 -0.507566 -0.113843 -0.062956 -0.305189 0.371156 0.747317 -0.002448 0.034140 1.869869 
7.302393 -0.507611 -0.113994 -0.063224 -0.305462 0.371318 0.747101 -0.002429 0.034138 1.869668 
7.302329 -0.507652 -0.113891 -0.063159 -0.305465 0.371304 0.747026 -0.002602 0.034101 1.869622 
7.302353 -0.507648 -0.113559 -0.063439 -0.305505 0.371409 0.746936 -0.002614 0.034193 1.869763 
7.302315 -0.507517 -0.113891 -0.063058 -0.305453 0.371414 0.746950 -0.002591 0.034215 1.869623 
7.302315 -0.507634 -0.114127 -0.062812 -0.305562 0.371686 0.747011 -0.002700 0.034181 1.869699 
7.302076 -0.507692 -0.114105 -0.062622 -0.305430 0.371831 0.747064 -0.002497 0.034108 1.869468 
7.302180 -0.507607 -0.114147 -0.062854 -0.305571 0.371665 0.747154 -0.002772 0.034293 1.869710 
7.302487 -0.507716 -0.114334 -0.062699 -0.305505 0.371641 0.746937 -0.002809 0.034433 1.869452 
7.302222 -0.507325 -0.114375 -0.062707 -0.305582 0.371645 0.746932 -0.002808 0.033978 1.869724 
7.302239 -0.507696 -0.114139 -0.062719 -0.305655 0.371585 0.746934 -0.002626 0.034246 1.869782 
7.302273 -0.507666 -0.114165 -0.062868 -0.305516 0.371714 0.746950 -0.002706 0.034191 1.869723 
7.302299 -0.507695 -0.114092 -0.062878 -0.305541 0.371919 0.746925 -0.002735 0.034258 1.869789 
7.302272 -0.507843 -0.114016 -0.062878 -0.305565 0.371973 0.746909 -0.002885 0.034190 1.869785 
7.302309 -0.507873 -0.113981 -0.062788 -0.305394 0.371975 0.746947 -0.002921 0.034205 1.869911 
7.302294 -0.507892 -0.114090 -0.062878 -0.305588 0.371997 0.746964 -0.002860 0.034161 1.869813 
7.302325 -0.507996 -0.114024 -0.063001 -0.305624 0.372160 0.746961 -0.002853 0.034181 1.869834 
7.302296 -0.507949 -0.114080 -0.062981 -0.305686 0.372334 0.746908 -0.002955 0.034125 1.869885 
7.302361 -0.507998 -0.114174 -0.062932 -0.305699 0.372440 0.746852 -0.003056 0.034229 1.869805 
7.302246 -0.508034 -0.114170 -0.062837 -0.305652 0.372569 0.746863 -0.002985 0.034196 1.869701 
7.302302 -0.508055 -0.114162 -0.062805 -0.305659 0.372567 0.746785 -0.002941 0.034150 1.869706 
7.302219 -0.508123 -0.114193 -0.062728 -0.305772 0.372676 0.746712 -0.002975 0.034218 1.869780 
7.302277 -0.508108 -0.114158 -0.062629 -0.305885 0.372835 0.746749 -0.003045 0.034204 1.869760 
7.302247 -0.508147 -0.114235 -0.062617 -0.305922 0.373018 0.746673 -0.003141 0.034171 1.869753 
7.302255 -0.508257 -0.114237 -0.062631 -0.305974 0.373214 0.746629 -0.003173 0.034223 1.869733 
7.302267 -0.508369 -0.114234 -0.062644 -0.306028 0.373409 0.746587 -0.003202 0.034278 1.869712 
7.302275 -0.508477 -0.114238 -0.062656 -0.306081 0.373606 0.746542 -0.003236 0.034328 1.869693 
7.302282 -0.508566 -0.114252 -0.062652 -0.306141 0.373810 0.746497 -0.003290 0.034357 1.869674 
7.302294 -0.508624 -0.114269 -0.062621 -0.306215 0.374016 0.746462 -0.003362 0.034364 1.869656 
7.302298 -0.508716 -0.114286 -0.062622 -0.306272 0.374219 0.746413 -0.003413 0.034395 1.869637 
7.302304 -0.508794 -0.114306 -0.062610 -0.306335 0.374425 0.746368 -0.003475 0.034415 1.869619 
7.302287 -0.508817 -0.114316 -0.062610 -0.306372 0.374630 0.746281 -0.003563 0.034421 1.869605 
7.302333 -0.508865 -0.114293 -0.062599 -0.306430 0.374842 0.746263 -0.003625 0.034433 1.869560 
7.302343 -0.508967 -0.114281 -0.062651 -0.306446 0.375034 0.746200 -0.003652 0.034488 1.869527 
7.302345 -0.509067 -0.114293 -0.062632 -0.306508 0.375209 0.746167 -0.003759 0.034458 1.869491 
7.302359 -0.509114 -0.114312 -0.062604 -0.306580 0.375422 0.746128 -0.003817 0.034480 1.869478 
7.302366 -0.509169 -0.114334 -0.062581 -0.306650 0.375634 0.746084 -0.003874 0.034503 1.869467 
7.302356 -0.509257 -0.114362 -0.062574 -0.306708 0.375831 0.746026 -0.003940 0.034522 1.869455 
7.302380 -0.509265 -0.114380 -0.062537 -0.306784 0.376050 0.745993 -0.003968 0.034566 1.869455 
7.302379 -0.509319 -0.114410 -0.062523 -0.306848 0.376262 0.745937 -0.004008 0.034609 1.869454 
7.302371 -0.509429 -0.114429 -0.062513 -0.306905 0.376437 0.745892 -0.004107 0.034590 1.869424 
7.302350 -0.509510 -0.114468 -0.062517 -0.306956 0.376635 0.745819 -0.004144 0.034638 1.869429 
7.302407 -0.509605 -0.114460 -0.062500 -0.307031 0.376831 0.745834 -0.004169 0.034671 1.869391 
7.302415 -0.509623 -0.114503 -0.062424 -0.307131 0.377022 0.745815 -0.004239 0.034667 1.869397 
7.302453 -0.509616 -0.114481 -0.062449 -0.307141 0.377235 0.745761 -0.004314 0.034663 1.869343 
7.302457 -0.509719 -0.114490 -0.062449 -0.307184 0.377406 0.745723 -0.004425 0.034625 1.869296 
7.302464 -0.509779 -0.114511 -0.062453 -0.307231 0.377622 0.745666 -0.004474 0.034657 1.869278 
7.302454 -0.509900 -0.114544 -0.062444 -0.307292 0.377799 0.745622 -0.004552 0.034655 1.869258 
7.302464 -0.509936 -0.114566 -0.062451 -0.307336 0.378019 0.745561 -0.004576 0.034710 1.869250 
7.302447 -0.510055 -0.114611 -0.062439 -0.307404 0.378200 0.745514 -0.004626 0.034737 1.869248 
7.302465 -0.510018 -0.114629 -0.062452 -0.307432 0.378397 0.745454 -0.004578 0.034843 1.869269 
7.302438 -0.510034 -0.114546 -0.062437 -0.307562 0.378508 0.745372 -0.004636 0.034903 1.869176 
7.302451 -0.510087 -0.114441 -0.062344 -0.307525 0.378646 0.745335 -0.004730 0.034966 1.869223 
7.302394 -0.510106 -0.114324 -0.062403 -0.307601 0.378774 0.745347 -0.004711 0.034881 1.869317 
7.302519 -0.510106 -0.114330 -0.062495 -0.307687 0.378761 0.745311 -0.004828 0.034935 1.869417 
7.302450 -0.510125 -0.114315 -0.062371 -0.307606 0.378765 0.745270 -0.004664 0.034835 1.869323 
7.302460 -0.510175 -0.114279 -0.062317 -0.307639 0.378976 0.745213 -0.004704 0.034839 1.869274 
7.302418 -0.510295 -0.114273 -0.062248 -0.307704 0.379140 0.745145 -0.004714 0.034889 1.869276 
7.302391 -0.510358 -0.114254 -0.062248 -0.307797 0.379344 0.745098 -0.004706 0.034857 1.869248 
7.302421 -0.510430 -0.114228 -0.062211 -0.307861 0.379536 0.745025 -0.004770 0.034892 1.869242 
7.302445 -0.510473 -0.114198 -0.062212 -0.307942 0.379746 0.744969 -0.004810 0.034876 1.869217 
7.302503 -0.510547 -0.114173 -0.062152 -0.307976 0.379900 0.744891 -0.004908 0.034953 1.869227 
7.302428 -0.510556 -0.114179 -0.062112 -0.307986 0.380059 0.744748 -0.004989 0.034949 1.869233 
7.302408 -0.510658 -0.114122 -0.062143 -0.307963 0.380225 0.744640 -0.005018 0.034991 1.869186 
7.302394 -0.510652 -0.114118 -0.062012 -0.308055 0.380395 0.744592 -0.005064 0.035001 1.869201 
7.302388 -0.510664 -0.114102 -0.061889 -0.308144 0.380575 0.744547 -0.005102 0.035019 1.869206 
7.302379 -0.510731 -0.114058 -0.061834 -0.308186 0.380772 0.744467 -0.005137 0.035056 1.869182 
7.302427 -0.510699 -0.114055 -0.061852 -0.308257 0.380950 0.744391 -0.005244 0.035009 1.869183 
7.302435 -0.510742 -0.114049 -0.061837 -0.308379 0.381058 0.744237 -0.005269 0.035012 1.869264 
7.302407 -0.510859 -0.114036 -0.061768 -0.308439 0.381123 0.744199 -0.005409 0.034912 1.869232 
7.302429 -0.510915 -0.114136 -0.061731 -0.308390 0.381299 0.744178 -0.005429 0.034874 1.869326 
7.302449 -0.510930 -0.114286 -0.061707 -0.308459 0.381386 0.744090 -0.005457 0.034919 1.869211 
7.302348 -0.510940 -0.114278 -0.061747 -0.308531 0.381519 0.744124 -0.005571 0.034996 1.869280 
7.302320 -0.510927 -0.114225 -0.061705 -0.308556 0.381699 0.744059 -0.005685 0.035021 1.869338 
7.302321 -0.511031 -0.114151 -0.061801 -0.308591 0.381878 0.744041 -0.005694 0.035027 1.869328 
7.302212 -0.511026 -0.114119 -0.061833 -0.308668 0.382055 0.744027 -0.005661 0.034942 1.869330 
7.302260 -0.511092 -0.114068 -0.061851 -0.308777 0.382238 0.744060 -0.005703 0.034952 1.869370 
7.302234 -0.511157 -0.114040 -0.061967 -0.308800 0.382396 0.743990 -0.005792 0.034936 1.869411 
7.302142 -0.511291 -0.113987 -0.061876 -0.308802 0.382491 0.743973 -0.005737 0.035034 1.869418 
7.302128 -0.511278 -0.113957 -0.061860 -0.308709 0.382618 0.744099 -0.005798 0.035037 1.869301 
7.302149 -0.511248 -0.114004 -0.061877 -0.308661 0.382661 0.744108 -0.005742 0.035066 1.869354 
7.302151 -0.511142 -0.113889 -0.061933 -0.308729 0.382722 0.744071 -0.005696 0.035196 1.869296 
7.302174 -0.511254 -0.114080 -0.061859 -0.308685 0.382685 0.744059 -0.005739 0.035077 1.869286 
7.302286 -0.511283 -0.114003 -0.061783 -0.308637 0.382778 0.743966 -0.005679 0.034974 1.869262 
7.302303 -0.511340 -0.113998 -0.061853 -0.308639 0.382761 0.743994 -0.005618 0.034963 1.869225 
7.302279 -0.511286 -0.114077 -0.061670 -0.308719 0.382957 0.743951 -0.005719 0.034956 1.869281 
7.302397 -0.511353 -0.114114 -0.061584 -0.308721 0.383051 0.743924 -0.005832 0.035055 1.869305 
7.302322 -0.511348 -0.114188 -0.061488 -0.308693 0.383209 0.743819 -0.005880 0.035047 1.869287 
7.302355 -0.511305 -0.114229 -0.061282 -0.308733 0.383220 0.743884 -0.005814 0.035072 1.869248 
7.302342 -0.511304 -0.114189 -0.061507 -0.308650 0.383240 0.743880 -0.005923 0.035021 1.869232 
7.302425 -0.511234 -0.114249 -0.061586 -0.308746 0.383294 0.743802 -0.006005 0.034931 1.869301 
7.302420 -0.511248 -0.114262 -0.061604 -0.308650 0.383380 0.743875 -0.005982 0.034901 1.869489 
7.302431 -0.511189 -0.114232 -0.061636 -0.308659 0.383427 0.743863 -0.005937 0.034971 1.869487 
7.302376 -0.511220 -0.114064 -0.061647 -0.308742 0.383524 0.743872 -0.006036 0.034956 1.869513 
7.302261 -0.511218 -0.114156 -0.061717 -0.308825 0.383541 0.743943 -0.006134 0.035059 1.869544 
7.302277 -0.511283 -0.114180 -0.061749 -0.308860 0.383593 0.743969 -0.006083 0.035039 1.869509 
7.302280 -0.511363 -0.114126 -0.061875 -0.308864 0.383739 0.743899 -0.006169 0.035061 1.869512 
7.302126 -0.511309 -0.114088 -0.061973 -0.308904 0.383805 0.743872 -0.006123 0.034946 1.869507 
7.302254 -0.511353 -0.114166 -0.061796 -0.308859 0.383808 0.743866 -0.006177 0.035062 1.869497 
7.302292 -0.511364 -0.114157 -0.061712 -0.308967 0.383995 0.743883 -0.006236 0.035084 1.869518 
7.302263 -0.511370 -0.114313 -0.061720 -0.309019 0.384133 0.743882 -0.006302 0.035175 1.869526 
7.302196 -0.511447 -0.114270 -0.061664 -0.308915 0.384251 0.743975 -0.006271 0.035228 1.869610 
7.302182 -0.511486 -0.114274 -0.061652 -0.308957 0.384229 0.743913 -0.006232 0.035246 1.869682 
7.302123 -0.511563 -0.114215 -0.061568 -0.309029 0.384318 0.743870 -0.006262 0.035341 1.869559 
7.302097 -0.511697 -0.114256 -0.061493 -0.309055 0.384353 0.743874 -0.006398 0.035226 1.869568 
7.302175 -0.511720 -0.114265 -0.061422 -0.309055 0.384553 0.743789 -0.006396 0.035221 1.869548 
7.302147 -0.511636 -0.114206 -0.061345 -0.309050 0.384638 0.743713 -0.006544 0.035280 1.869611 
7.302147 -0.511613 -0.114247 -0.061180 -0.309147 0.384775 0.743749 -0.006525 0.035288 1.869600 
7.302226 -0.511664 -0.114221 -0.061305 -0.309030 0.384598 0.743729 -0.006566 0.035337 1.869615 
7.302168 -0.511709 -0.114124 -0.061486 -0.309116 0.384774 0.743704 -0.006603 0.035294 1.869626 
7.302128 -0.511791 -0.114091 -0.061605 -0.309101 0.384930 0.743615 -0.006656 0.035307 1.869602 
7.302022 -0.511897 -0.114072 -0.061652 -0.309184 0.384930 0.743680 -0.006804 0.035277 1.869628 
7.301998 -0.511931 -0.114012 -0.061624 -0.309122 0.384951 0.743724 -0.006772 0.035279 1.869666 
7.302090 -0.511912 -0.113904 -0.061680 -0.309255 0.384965 0.743595 -0.006829 0.035181 1.869579 
7.302009 -0.511936 -0.114076 -0.061641 -0.309226 0.384908 0.743619 -0.006765 0.035294 1.869701 
7.302075 -0.511897 -0.114140 -0.061744 -0.309210 0.385011 0.743633 -0.006798 0.035216 1.869846 
7.302051 -0.511826 -0.114100 -0.061730 -0.309202 0.385013 0.743608 -0.006851 0.035267 1.869880 
7.302013 -0.511799 -0.114069 -0.061882 -0.309282 0.385083 0.743647 -0.006789 0.035397 1.869873 
7.302073 -0.511844 -0.114085 -0.061798 -0.309150 0.384936 0.743595 -0.006867 0.035279 1.869887 
7.302179 -0.511910 -0.114127 -0.061642 -0.309224 0.385103 0.743609 -0.006937 0.035375 1.869888 
7.302114 -0.511925 -0.114200 -0.061542 -0.309225 0.385268 0.743516 -0.006999 0.035366 1.869876 
7.302130 -0.511885 -0.114248 -0.061377 -0.309336 0.385363 0.743551 -0.007055 0.035347 1.869925 
7.302090 -0.511884 -0.114245 -0.061448 -0.309421 0.385524 0.743563 -0.007006 0.035475 1.869895 
7.302195 -0.511782 -0.114267 -0.061392 -0.309359 0.385588 0.743483 -0.006871 0.035513 1.869871 
7.302130 -0.511875 -0.114198 -0.061473 -0.309479 0.385530 0.743507 -0.007031 0.035432 1.869858 
7.302114 -0.511950 -0.114018 -0.061432 -0.309431 0.385645 0.743530 -0.007009 0.035396 1.869902 
7.302127 -0.511910 -0.114016 -0.061440 -0.309393 0.385673 0.743592 -0.007048 0.035377 1.869831 
7.302107 -0.511983 -0.113981 -0.061470 -0.309443 0.385846 0.743523 -0.007153 0.035433 1.869809 
7.302132 -0.512008 -0.113912 -0.061460 -0.309591 0.385996 0.743553 -0.007223 0.035487 1.869823 
7.302130 -0.512059 -0.113890 -0.061366 -0.309646 0.386136 0.743489 -0.007363 0.035448 1.869835 
7.302176 -0.512072 -0.113851 -0.061316 -0.309687 0.386334 0.743397 -0.007415 0.035481 1.869819 
7.302143 -0.512123 -0.113851 -0.061251 -0.309715 0.386536 0.743373 -0.007490 0.035541 1.869841 
7.302171 -0.512139 -0.113809 -0.061168 -0.309811 0.386721 0.743359 -0.007561 0.035568 1.869862 
7.302190 -0.512101 -0.113850 -0.061169 -0.309811 0.386870 0.743375 -0.007701 0.035585 1.869744 
7.302121 -0.512166 -0.113780 -0.061056 -0.309861 0.386892 0.743317 -0.007720 0.035671 1.869607 
7.302166 -0.512249 -0.113823 -0.061054 -0.309872 0.386906 0.743342 -0.007684 0.035640 1.869575 
7.302118 -0.512286 -0.113822 -0.061091 -0.309927 0.387108 0.743273 -0.007723 0.035575 1.869586 
7.302112 -0.512347 -0.113814 -0.061120 -0.309961 0.387313 0.743205 -0.007799 0.035546 1.869612 
7.302113 -0.512385 -0.113798 -0.061138 -0.310028 0.387520 0.743146 -0.007864 0.035498 1.869631 
7.302112 -0.512492 -0.113802 -0.061179 -0.309976 0.387676 0.743070 -0.007963 0.035534 1.869678 
7.302067 -0.512491 -0.113775 -0.061102 -0.309865 0.387846 0.743066 -0.007941 0.035438 1.869675 
7.302025 -0.512481 -0.113934 -0.061068 -0.309921 0.387957 0.742945 -0.007955 0.035441 1.869701 
7.301991 -0.512477 -0.113936 -0.061172 -0.309956 0.388129 0.742960 -0.007873 0.035538 1.869685 
7.301856 -0.512548 -0.113970 -0.061211 -0.310033 0.388252 0.743030 -0.007952 0.035517 1.869719 
7.301805 -0.512585 -0.113968 -0.061333 -0.310074 0.388400 0.742933 -0.007993 0.035459 1.869665 
7.301752 -0.512679 -0.113898 -0.061328 -0.310148 0.388459 0.742849 -0.007904 0.035446 1.869803 
7.301817 -0.512764 -0.113947 -0.061330 -0.310220 0.388656 0.742871 -0.007939 0.035454 1.869796 
7.301796 -0.512757 -0.113913 -0.061298 -0.310295 0.388846 0.742839 -0.008030 0.035531 1.869788 
7.301821 -0.512714 -0.113928 -0.061345 -0.310341 0.389042 0.742840 -0.008114 0.035546 1.869872 
7.301798 -0.512763 -0.113944 -0.061342 -0.310394 0.389253 0.742819 -0.008181 0.035610 1.869862 
7.301797 -0.512795 -0.113982 -0.061374 -0.310436 0.389471 0.742812 -0.008246 0.035648 1.869893 
7.301743 -0.512885 -0.113976 -0.061319 -0.310487 0.389626 0.742775 -0.008289 0.035740 1.869808 
7.301720 -0.512879 -0.113978 -0.061292 -0.310613 0.389826 0.742775 -0.008316 0.035751 1.869768 
7.301674 -0.512884 -0.113968 -0.061273 -0.310716 0.390033 0.742751 -0.008356 0.035789 1.869755 
7.301662 -0.512911 -0.113992 -0.061261 -0.310811 0.390246 0.742752 -0.008397 0.035815 1.869720 
7.301631 -0.512929 -0.113999 -0.061247 -0.310908 0.390458 0.742738 -0.008439 0.035850 1.869699 
7.301612 -0.513004 -0.114029 -0.061235 -0.310961 0.390661 0.742726 -0.008492 0.035912 1.869656 
7.301620 -0.513015 -0.114059 -0.061247 -0.311038 0.390881 0.742732 -0.008552 0.035936 1.869660 
7.301587 -0.513032 -0.114060 -0.061243 -0.311113 0.391094 0.742707 -0.008612 0.035987 1.869665 
7.301554 -0.513045 -0.114068 -0.061219 -0.311231 0.391298 0.742702 -0.008633 0.036003 1.869624 
7.301535 -0.513083 -0.114077 -0.061210 -0.311330 0.391512 0.742688 -0.008663 0.036030 1.869621 
7.301495 -0.513088 -0.114074 -0.061207 -0.311398 0.391723 0.742660 -0.008733 0.036089 1.869624 
7.301478 -0.513132 -0.114082 -0.061203 -0.311487 0.391938 0.742641 -0.008769 0.036121 1.869635 
7.301442 -0.513142 -0.114075 -0.061216 -0.311516 0.392137 0.742601 -0.008860 0.036200 1.869674 
7.301418 -0.513169 -0.114082 -0.061240 -0.311604 0.392348 0.742567 -0.008911 0.036209 1.869638 
7.301429 -0.513252 -0.114097 -0.061211 -0.311691 0.392543 0.742568 -0.008908 0.036246 1.869706 
7.301425 -0.513307 -0.114114 -0.061223 -0.311807 0.392742 0.742551 -0.008915 0.036221 1.869661 
7.301429 -0.513377 -0.114120 -0.061287 -0.311840 0.392942 0.742493 -0.008984 0.036240 1.869691 
7.301311 -0.513400 -0.114181 -0.061264 -0.311927 0.393090 0.742591 -0.009024 0.036259 1.869702 
7.301301 -0.513347 -0.114214 -0.061300 -0.311949 0.393250 0.742612 -0.008905 0.036370 1.869670 
7.301340 -0.513365 -0.114245 -0.061360 -0.312127 0.393202 0.742612 -0.008965 0.036495 1.869668 
7.301315 -0.513366 -0.114121 -0.061326 -0.311945 0.393258 0.742679 -0.008911 0.036381 1.869654 
7.301304 -0.513333 -0.114272 -0.061154 -0.312008 0.393416 0.742578 -0.008959 0.036365 1.869660 
7.301274 -0.513331 -0.114344 -0.061082 -0.311994 0.393588 0.742535 -0.009056 0.036415 1.869728 
7.301135 -0.513379 -0.114294 -0.060984 -0.312069 0.393658 0.742417 -0.009023 0.036436 1.869713 
7.301127 -0.513250 -0.114278 -0.060974 -0.312179 0.393750 0.742397 -0.009017 0.036340 1.869822 
7.301138 -0.513303 -0.114388 -0.060873 -0.312256 0.393910 0.742395 -0.009011 0.036286 1.869810 
7.301072 -0.513187 -0.114408 -0.060901 -0.312260 0.393971 0.742353 -0.009119 0.036262 1.869658 
7.301002 -0.513164 -0.114438 -0.060865 -0.312268 0.393943 0.742432 -0.009120 0.036276 1.869669 
7.301175 -0.513091 -0.114374 -0.060768 -0.312249 0.394023 0.742242 -0.009125 0.036338 1.869655 
7.301068 -0.513195 -0.114459 -0.060872 -0.312260 0.393904 0.742301 -0.009162 0.036218 1.869680 
7.301093 -0.513265 -0.114258 -0.060867 -0.312288 0.394021 0.742407 -0.009260 0.036206 1.869662 
7.301042 -0.513313 -0.114184 -0.060951 -0.312215 0.394195 0.742365 -0.009277 0.036152 1.869701 
7.301039 -0.513371 -0.114157 -0.061074 -0.312340 0.394295 0.742329 -0.009353 0.036234 1.869730 
7.301044 -0.513427 -0.114036 -0.061157 -0.312425 0.394412 0.742304 -0.009317 0.036146 1.869664 
7.301181 -0.513401 -0.114076 -0.061260 -0.312376 0.394505 0.742394 -0.009398 0.036111 1.869692 
7.301189 -0.513474 -0.114134 -0.061216 -0.312371 0.394547 0.742401 -0.009397 0.036121 1.869645 
7.301171 -0.513591 -0.114063 -0.061284 -0.312258 0.394556 0.742375 -0.009459 0.036231 1.869565 
7.301171 -0.513401 -0.114141 -0.061196 -0.312372 0.394580 0.742372 -0.009446 0.036128 1.869579 
7.301220 -0.513381 -0.114107 -0.061068 -0.312400 0.394740 0.742310 -0.009452 0.036185 1.869657 
7.301077 -0.513372 -0.114138 -0.061021 -0.312455 0.394881 0.742404 -0.009505 0.036181 1.869691 
7.301055 -0.513415 -0.114206 -0.060988 -0.312492 0.394937 0.742267 -0.009627 0.036078 1.869743 
7.301019 -0.513367 -0.114329 -0.061042 -0.312501 0.395071 0.742174 -0.009527 0.036115 1.869749 
7.301066 -0.513354 -0.114381 -0.060960 -0.312676 0.395175 0.742159 -0.009584 0.036156 1.869711 
7.301071 -0.513318 -0.114398 -0.060810 -0.312650 0.395326 0.742147 -0.009570 0.036056 1.869674 
7.301080 -0.513276 -0.114473 -0.060761 -0.312630 0.395280 0.742168 -0.009579 0.036073 1.869716 
7.301028 -0.513398 -0.114329 -0.060842 -0.312636 0.395457 0.742075 -0.009666 0.036166 1.869636 
7.301042 -0.513316 -0.114218 -0.060948 -0.312699 0.395580 0.742044 -0.009737 0.036150 1.869700 
7.300906 -0.513300 -0.114104 -0.060906 -0.312798 0.395582 0.741925 -0.009701 0.036179 1.869708 
7.300938 -0.513360 -0.114087 -0.060885 -0.312807 0.395603 0.741933 -0.009659 0.036190 1.869792 
7.300915 -0.513472 -0.114053 -0.060997 -0.312894 0.395750 0.741923 -0.009705 0.036165 1.869766 
7.301063 -0.513501 -0.113983 -0.061041 -0.312910 0.395803 0.741770 -0.009712 0.036187 1.869715 
7.301054 -0.513466 -0.114017 -0.061076 -0.312903 0.395846 0.741770 -0.009630 0.036235 1.869701 
7.301080 -0.513473 -0.113859 -0.061067 -0.312938 0.395920 0.741897 -0.009643 0.036319 1.869641 
7.301055 -0.513490 -0.113806 -0.061101 -0.312856 0.395915 0.741893 -0.009610 0.036274 1.869635 
7.301049 -0.513472 -0.113904 -0.061101 -0.312993 0.396054 0.741844 -0.009770 0.036407 1.869730 
7.301073 -0.513425 -0.113939 -0.061069 -0.313134 0.396211 0.741832 -0.009787 0.036315 1.869762 
7.301096 -0.513405 -0.113961 -0.061176 -0.313327 0.396260 0.741826 -0.009823 0.036303 1.869836 
7.301071 -0.513500 -0.114045 -0.061073 -0.313400 0.396405 0.741784 -0.009852 0.036317 1.869779 
7.301131 -0.513551 -0.114055 -0.060934 -0.313431 0.396497 0.741761 -0.009804 0.036355 1.869921 
7.301266 -0.513589 -0.114177 -0.060952 -0.313379 0.396591 0.741854 -0.009866 0.036330 1.869918 
7.301343 -0.513583 -0.114147 -0.060964 -0.313375 0.396598 0.741774 -0.009869 0.036342 1.869883 
7.301337 -0.513524 -0.114209 -0.060836 -0.313433 0.396750 0.741716 -0.009941 0.036360 1.869856 
7.301292 -0.513618 -0.114176 -0.060857 -0.313407 0.396936 0.741647 -0.009939 0.036280 1.869880 
7.301330 -0.513700 -0.114113 -0.060784 -0.313496 0.397081 0.741686 -0.009882 0.036230 1.869802 
7.301306 -0.513836 -0.114107 -0.060773 -0.313514 0.397227 0.741645 -0.009947 0.036342 1.869804 
7.301284 -0.513842 -0.114211 -0.060811 -0.313516 0.397355 0.741592 -0.009797 0.036411 1.869780 
7.301276 -0.513993 -0.114276 -0.060748 -0.313562 0.397462 0.741489 -0.009838 0.036360 1.869790 
7.301293 -0.514015 -0.114232 -0.060772 -0.313630 0.397668 0.741461 -0.009889 0.036373 1.869866 
7.301301 -0.514054 -0.114180 -0.060753 -0.313639 0.397888 0.741429 -0.009934 0.036393 1.869921 
7.301302 -0.514135 -0.114155 -0.060702 -0.313637 0.398096 0.741373 -0.009979 0.036395 1.869957 
7.301336 -0.514194 -0.114115 -0.060683 -0.313738 0.398296 0.741366 -0.010012 0.036429 1.869985 
7.301357 -0.514213 -0.114106 -0.060687 -0.313804 0.398516 0.741321 -0.010010 0.036414 1.870044 
7.301378 -0.514294 -0.114104 -0.060661 -0.313891 0.398716 0.741273 -0.010039 0.036410 1.870080 
7.301398 -0.514353 -0.114070 -0.060628 -0.313939 0.398934 0.741241 -0.010068 0.036426 1.870115 
7.301418 -0.514481 -0.114092 -0.060590 -0.314057 0.399080 0.741185 -0.010116 0.036417 1.870131 
7.301441 -0.514531 -0.114130 -0.060579 -0.314152 0.399269 0.741164 -0.010037 0.036475 1.870111 
7.301385 -0.514540 -0.114128 -0.060692 -0.314211 0.399422 0.741136 -0.010139 0.036461 1.870038 
7.301250 -0.514532 -0.114012 -0.060670 -0.314309 0.399454 0.741018 -0.010110 0.036495 1.870070 
7.301173 -0.514532 -0.114050 -0.060642 -0.314320 0.399465 0.741091 -0.010116 0.036484 1.870101 
7.301161 -0.514657 -0.114012 -0.060752 -0.314366 0.399601 0.741114 -0.010121 0.036485 1.870198 
7.301174 -0.514589 -0.114097 -0.060718 -0.314434 0.399708 0.741054 -0.010240 0.036579 1.870258 
7.301193 -0.514530 -0.114116 -0.060646 -0.314549 0.399874 0.741032 -0.010328 0.036544 1.870247 
7.301147 -0.514526 -0.114212 -0.060584 -0.314537 0.400040 0.740920 -0.010384 0.036514 1.870246 
7.301135 -0.514549 -0.114211 -0.060495 -0.314596 0.400184 0.740917 -0.010504 0.036607 1.870183 
7.301127 -0.514529 -0.114325 -0.060492 -0.314768 0.400276 0.740857 -0.010567 0.036603 1.870165 
7.301116 -0.514374 -0.114315 -0.060503 -0.314763 0.400458 0.740862 -0.010575 0.036645 1.870180 
7.301096 -0.514322 -0.114274 -0.060480 -0.314765 0.400517 0.740823 -0.010776 0.036579 1.870250 
7.301166 -0.514318 -0.114280 -0.060318 -0.314807 0.400615 0.740795 -0.010764 0.036596 1.870375 
7.301025 -0.514328 -0.114204 -0.060473 -0.314804 0.400516 0.740775 -0.010744 0.036581 1.870257 
7.301003 -0.514406 -0.114144 -0.060521 -0.314834 0.400689 0.740805 -0.010754 0.036472 1.870200 
7.300918 -0.514484 -0.114136 -0.060623 -0.314836 0.400858 0.740765 -0.010816 0.036511 1.870217 
7.300735 -0.514494 -0.114179 -0.060592 -0.314850 0.400959 0.740865 -0.010849 0.036467 1.870210 
7.300692 -0.514512 -0.114131 -0.060632 -0.314862 0.401136 0.740778 -0.010911 0.036438 1.870110 
7.300684 -0.514530 -0.114025 -0.060726 -0.314978 0.401263 0.740833 -0.010986 0.036464 1.870095 
7.300640 -0.514514 -0.114039 -0.060852 -0.314993 0.401385 0.740758 -0.010964 0.036336 1.870158 
7.300612 -0.514551 -0.113895 -0.060855 -0.314827 0.401474 0.740787 -0.010978 0.036345 1.870166 
7.300635 -0.514548 -0.114024 -0.060837 -0.314996 0.401344 0.740738 -0.011055 0.036289 1.870185 
7.300613 -0.514705 -0.114081 -0.060857 -0.315070 0.401454 0.740718 -0.010939 0.036350 1.870073 
7.300681 -0.514704 -0.114202 -0.060961 -0.315001 0.401483 0.740800 -0.011032 0.036340 1.869981 
7.300673 -0.514710 -0.114108 -0.060793 -0.315075 0.401518 0.740730 -0.010949 0.036345 1.870119 
7.300666 -0.514666 -0.114169 -0.060720 -0.315127 0.401660 0.740650 -0.011033 0.036445 1.870165 
7.300712 -0.514609 -0.114177 -0.060589 -0.315219 0.401812 0.740627 -0.011074 0.036404 1.870125 
7.300656 -0.514615 -0.114254 -0.060503 -0.315297 0.401939 0.740715 -0.011108 0.036428 1.870231 
7.300809 -0.514620 -0.114255 -0.060475 -0.315373 0.402052 0.740630 -0.011138 0.036492 1.870298 
7.300820 -0.514615 -0.114384 -0.060344 -0.315299 0.402113 0.740506 -0.011116 0.036471 1.870313 
7.300784 -0.514625 -0.114217 -0.060523 -0.315329 0.402125 0.740610 -0.011134 0.036446 1.870324 
7.300792 -0.514673 -0.114093 -0.060439 -0.315231 0.402208 0.740663 -0.011193 0.036547 1.870285 
7.300811 -0.514636 -0.114128 -0.060472 -0.315213 0.402249 0.740698 -0.011128 0.036588 1.870244 
7.300854 -0.514680 -0.114181 -0.060515 -0.315192 0.402254 0.740712 -0.011371 0.036507 1.870230 
7.300879 -0.514587 -0.114165 -0.060500 -0.315155 0.402232 0.740734 -0.011385 0.036499 1.870280 
7.300785 -0.514634 -0.114114 -0.060567 -0.315289 0.402401 0.740648 -0.011460 0.036540 1.870193 
7.300830 -0.514677 -0.114025 -0.060585 -0.315381 0.402574 0.740676 -0.011491 0.036458 1.870174 
7.300814 -0.514752 -0.113979 -0.060695 -0.315420 0.402722 0.740653 -0.011564 0.036522 1.870252 
7.300902 -0.514750 -0.113865 -0.060779 -0.315402 0.402742 0.740520 -0.011586 0.036504 1.870141 
7.300779 -0.514753 -0.113926 -0.060754 -0.315434 0.402675 0.740721 -0.011566 0.036517 1.870232 
7.300717 -0.514752 -0.114048 -0.060597 -0.315409 0.402895 0.740614 -0.011604 0.036470 1.870239 
7.300745 -0.514750 -0.114116 -0.060470 -0.315537 0.403006 0.740602 -0.011678 0.036530 1.870224 
7.300728 -0.514707 -0.114239 -0.060532 -0.315659 0.403046 0.740526 -0.011653 0.036419 1.870279 
7.300713 -0.514727 -0.114201 -0.060496 -0.315670 0.403002 0.740495 -0.011720 0.036377 1.870327 
7.300752 -0.514556 -0.114176 -0.060449 -0.315626 0.403115 0.740518 -0.011758 0.036369 1.870424 
7.300709 -0.514544 -0.114121 -0.060421 -0.315663 0.403118 0.740482 -0.011685 0.036395 1.870444 
7.300733 -0.514660 -0.114172 -0.060305 -0.315646 0.403271 0.740471 -0.011656 0.036350 1.870499 
7.300628 -0.514649 -0.114287 -0.060257 -0.315601 0.403323 0.740361 -0.011724 0.036456 1.870519 
7.300651 -0.514673 -0.114235 -0.060321 -0.315609 0.403379 0.740310 -0.011755 0.036471 1.870509 
7.300701 -0.514639 -0.114186 -0.060274 -0.315615 0.403459 0.740186 -0.011783 0.036399 1.870356 
7.300606 -0.514675 -0.114117 -0.060328 -0.315700 0.403610 0.740245 -0.011869 0.036385 1.870330 
7.300666 -0.514729 -0.114055 -0.060386 -0.315813 0.403759 0.740215 -0.011949 0.036440 1.870354 
7.300644 -0.514789 -0.113970 -0.060502 -0.315812 0.403928 0.740170 -0.011995 0.036411 1.870386 
7.300560 -0.514723 -0.113968 -0.060587 -0.315858 0.403965 0.740086 -0.012119 0.036529 1.870354 
7.300579 -0.514788 -0.113833 -0.060526 -0.315766 0.404009 0.740147 -0.012175 0.036644 1.870305 
7.300564 -0.514812 -0.113795 -0.060491 -0.315777 0.403962 0.740116 -0.012240 0.036603 1.870351 
7.300544 -0.514980 -0.113855 -0.060582 -0.315843 0.403986 0.740111 -0.012158 0.036660 1.870208 
7.300538 -0.514774 -0.113774 -0.060501 -0.315804 0.404007 0.740114 -0.012101 0.036669 1.870324 
7.300654 -0.514723 -0.113707 -0.060654 -0.315848 0.403989 0.740223 -0.012202 0.036597 1.870265 
7.300600 -0.514763 -0.113821 -0.060482 -0.315767 0.404036 0.740094 -0.012181 0.036601 1.870226 
7.300581 -0.514772 -0.113882 -0.060388 -0.315816 0.404236 0.740081 -0.012232 0.036591 1.870262 
7.300699 -0.514792 -0.113920 -0.060370 -0.315784 0.404352 0.739930 -0.012242 0.036637 1.870327 
7.300607 -0.514791 -0.113962 -0.060338 -0.315692 0.404529 0.739859 -0.012268 0.036585 1.870334 
7.300604 -0.514759 -0.114072 -0.060186 -0.315719 0.404651 0.739813 -0.012325 0.036636 1.870322 
7.300661 -0.514738 -0.113997 -0.060247 -0.315790 0.404833 0.739818 -0.012372 0.036560 1.870336 
7.300750 -0.514817 -0.113989 -0.060164 -0.315760 0.404916 0.739877 -0.012281 0.036429 1.870380 
7.300756 -0.514866 -0.113925 -0.060139 -0.315722 0.404935 0.739904 -0.012307 0.036487 1.870347 
7.300719 -0.515037 -0.113960 -0.060204 -0.315823 0.404995 0.739837 -0.012314 0.036475 1.870277 
7.300637 -0.515019 -0.113841 -0.060160 -0.315909 0.405047 0.739756 -0.012187 0.036520 1.870316 
7.300626 -0.515037 -0.113802 -0.060117 -0.315921 0.405007 0.739714 -0.012252 0.036469 1.870343 
7.300595 -0.515098 -0.113842 -0.060239 -0.315947 0.405171 0.739783 -0.012253 0.036568 1.870462 
7.300602 -0.515141 -0.113794 -0.060339 -0.315976 0.405359 0.739711 -0.012310 0.036562 1.870436 
7.300566 -0.515233 -0.113851 -0.060317 -0.316032 0.405538 0.739650 -0.012364 0.036628 1.870439 
7.300543 -0.515366 -0.113885 -0.060321 -0.316051 0.405723 0.739588 -0.012381 0.036655 1.870465 
7.300546 -0.515365 -0.113875 -0.060356 -0.316110 0.405894 0.739492 -0.012455 0.036682 1.870364 
7.300421 -0.515412 -0.113887 -0.060348 -0.316201 0.406047 0.739558 -0.012521 0.036676 1.870326 
7.300464 -0.515487 -0.113900 -0.060350 -0.316354 0.406182 0.739553 -0.012584 0.036754 1.870335 
7.300361 -0.515552 -0.113939 -0.060407 -0.316402 0.406295 0.739478 -0.012668 0.036865 1.870329 
7.300329 -0.515466 -0.113872 -0.060312 -0.316424 0.406458 0.739446 -0.012639 0.036911 1.870410 
7.300309 -0.515391 -0.114002 -0.060337 -0.316522 0.406535 0.739375 -0.012614 0.036813 1.870483 
7.300350 -0.515351 -0.114066 -0.060283 -0.316490 0.406719 0.739401 -0.012724 0.036816 1.870526 
7.300361 -0.515314 -0.114160 -0.060265 -0.316501 0.406876 0.739445 -0.012616 0.036900 1.870466 
7.300340 -0.515328 -0.114178 -0.060119 -0.316564 0.407032 0.739372 -0.012669 0.036877 1.870471 
7.300347 -0.515311 -0.114119 -0.060179 -0.316599 0.407240 0.739376 -0.012698 0.036844 1.870546 
7.300334 -0.515176 -0.114090 -0.060191 -0.316697 0.407380 0.739398 -0.012793 0.036878 1.870571 
7.300294 -0.515204 -0.114116 -0.060165 -0.316737 0.407512 0.739466 -0.012809 0.036907 1.870748 
7.300415 -0.515170 -0.114111 -0.060192 -0.316728 0.407634 0.739334 -0.012827 0.036970 1.870828 
7.300337 -0.515091 -0.114102 -0.060211 -0.316633 0.407808 0.739267 -0.012853 0.036933 1.870863 
7.300455 -0.515006 -0.114056 -0.060152 -0.316636 0.407935 0.739308 -0.012822 0.036824 1.870910 
7.300481 -0.515062 -0.114107 -0.060236 -0.316686 0.408112 0.739280 -0.012925 0.036807 1.870893 
7.300507 -0.515132 -0.114028 -0.060253 -0.316669 0.408286 0.739295 -0.013023 0.036883 1.870858 
7.300502 -0.515179 -0.114005 -0.060324 -0.316748 0.408485 0.739238 -0.013074 0.036897 1.870854 
7.300514 -0.515218 -0.114037 -0.060334 -0.316796 0.408682 0.739185 -0.013185 0.036918 1.870844 
7.300530 -0.515251 -0.114014 -0.060355 -0.316853 0.408897 0.739139 -0.013259 0.036937 1.870842 
7.300595 -0.515258 -0.113974 -0.060238 -0.316778 0.409020 0.739177 -0.013376 0.036998 1.870822 
7.300596 -0.515300 -0.113880 -0.060275 -0.316785 0.409006 0.739123 -0.013550 0.036913 1.870907 
7.300591 -0.515211 -0.113873 -0.060308 -0.316822 0.408996 0.739158 -0.013591 0.036951 1.870901 
7.300643 -0.515358 -0.113942 -0.060374 -0.316739 0.409180 0.739140 -0.013627 0.036954 1.870902 
7.300719 -0.515315 -0.114011 -0.060310 -0.316809 0.409341 0.739119 -0.013675 0.036857 1.870902 
7.300654 -0.515253 -0.114056 -0.060257 -0.316793 0.409525 0.739026 -0.013731 0.036833 1.870905 
7.300767 -0.515235 -0.114101 -0.060213 -0.316849 0.409626 0.738889 -0.013764 0.036905 1.870970 
7.300714 -0.515278 -0.114160 -0.060135 -0.316944 0.409757 0.738955 -0.013806 0.036920 1.871084 
7.300733 -0.515298 -0.114191 -0.060083 -0.317030 0.409927 0.738906 -0.013895 0.036895 1.870995 
7.300786 -0.515260 -0.114148 -0.060056 -0.317061 0.410147 0.738888 -0.013906 0.036844 1.871008 
7.300836 -0.515226 -0.114227 -0.059996 -0.317071 0.410332 0.738857 -0.013993 0.036787 1.871006 
7.300792 -0.515297 -0.114197 -0.060086 -0.317065 0.410500 0.738815 -0.014029 0.036897 1.870990 
7.300738 -0.515315 -0.114243 -0.060224 -0.317181 0.410600 0.738727 -0.013988 0.036853 1.871004 
7.300692 -0.515463 -0.114176 -0.060210 -0.317183 0.410723 0.738605 -0.014000 0.036829 1.871028 
7.300669 -0.515507 -0.114236 -0.060172 -0.317189 0.410856 0.738579 -0.013850 0.036904 1.870955 
7.300604 -0.515498 -0.114161 -0.060218 -0.317273 0.411017 0.738507 -0.013915 0.036978 1.870951 
7.300669 -0.515600 -0.114120 -0.060312 -0.317360 0.411166 0.738509 -0.013964 0.037022 1.870944 
7.300529 -0.515630 -0.114081 -0.060373 -0.317335 0.411287 0.738589 -0.014001 0.036947 1.870870 
7.300564 -0.515613 -0.114059 -0.060397 -0.317312 0.411273 0.738536 -0.014009 0.036930 1.870778 
7.300511 -0.515612 -0.114059 -0.060464 -0.317280 0.411439 0.738499 -0.014003 0.037003 1.870984 
7.300423 -0.515698 -0.114173 -0.060471 -0.317339 0.411462 0.738426 -0.014118 0.037094 1.870961 
7.300330 -0.515778 -0.114059 -0.060557 -0.317402 0.411401 0.738409 -0.014053 0.037202 1.870965 
7.300410 -0.515682 -0.114210 -0.060515 -0.317405 0.411456 0.738393 -0.014082 0.037028 1.870975 
7.300447 -0.515685 -0.114175 -0.060336 -0.317421 0.411619 0.738396 -0.014207 0.037069 1.870968 
7.300480 -0.515555 -0.114241 -0.060328 -0.317503 0.411736 0.738467 -0.014280 0.037141 1.870939 
7.300497 -0.515522 -0.114173 -0.060358 -0.317533 0.411700 0.738466 -0.014481 0.037078 1.871017 
7.300572 -0.515595 -0.114180 -0.060400 -0.317551 0.411725 0.738501 -0.014484 0.037073 1.871015 
7.300581 -0.515611 -0.114259 -0.060266 -0.317558 0.411889 0.738469 -0.014560 0.037035 1.871029 
7.300563 -0.515640 -0.114208 -0.060152 -0.317679 0.412041 0.738429 -0.014604 0.037074 1.871028 
7.300538 -0.515695 -0.114237 -0.060043 -0.317658 0.412162 0.738430 -0.014725 0.037190 1.871010 
7.300594 -0.515631 -0.114153 -0.060033 -0.317587 0.412337 0.738400 -0.014702 0.037199 1.871100 
7.300733 -0.515601 -0.114203 -0.059949 -0.317633 0.412283 0.738292 -0.014695 0.037279 1.871181 
7.300618 -0.515619 -0.114144 -0.060066 -0.317573 0.412349 0.738326 -0.014723 0.037193 1.871019 
7.300662 -0.515582 -0.114083 -0.059936 -0.317586 0.412476 0.738366 -0.014762 0.037111 1.870920 
7.300588 -0.515588 -0.114141 -0.059975 -0.317654 0.412662 0.738286 -0.014802 0.037078 1.870940 
7.300640 -0.515680 -0.114102 -0.060069 -0.317746 0.412824 0.738301 -0.014835 0.037123 1.870922 
7.300619 -0.515846 -0.114036 -0.060074 -0.317757 0.412952 0.738210 -0.014854 0.037084 1.870945 
7.300578 -0.515851 -0.113947 -0.060139 -0.317850 0.413101 0.738168 -0.014962 0.037119 1.870959 
7.300533 -0.515895 -0.113946 -0.060156 -0.317900 0.413276 0.738135 -0.014863 0.037205 1.870896 
7.300578 -0.515966 -0.114007 -0.060237 -0.317892 0.413470 0.738133 -0.014928 0.037188 1.870893 
7.300623 -0.515960 -0.113965 -0.060334 -0.318012 0.413552 0.738099 -0.014845 0.037059 1.870913 
7.300506 -0.515993 -0.114003 -0.060276 -0.317887 0.413456 0.738186 -0.014936 0.037151 1.870839 
7.300607 -0.516057 -0.114100 -0.060166 -0.318045 0.413488 0.738079 -0.015007 0.037239 1.870854 
7.300565 -0.516102 -0.114113 -0.060086 -0.318101 0.413556 0.738209 -0.014993 0.037261 1.871010 
7.300531 -0.516121 -0.114152 -0.060158 -0.318105 0.413522 0.738176 -0.014980 0.037296 1.871063 
7.300664 -0.516205 -0.114049 -0.060036 -0.318136 0.413675 0.738211 -0.015053 0.037377 1.871007 
7.300620 -0.516200 -0.114089 -0.059912 -0.318147 0.413835 0.738114 -0.015123 0.037383 1.871030 
7.300649 -0.516082 -0.114168 -0.059877 -0.318221 0.413967 0.738144 -0.015192 0.037472 1.871010 
7.300713 -0.516154 -0.114296 -0.059753 -0.318199 0.414092 0.738116 -0.015151 0.037480 1.870997 
7.300756 -0.516165 -0.114325 -0.059781 -0.318170 0.414093 0.738132 -0.015231 0.037428 1.871028 
7.300752 -0.516150 -0.114264 -0.059657 -0.318261 0.414140 0.738064 -0.015376 0.037439 1.871090 
7.300616 -0.516233 -0.114262 -0.059684 -0.318282 0.414250 0.738123 -0.015471 0.037426 1.870998 
7.300551 -0.516200 -0.114218 -0.059640 -0.318108 0.414320 0.738156 -0.015544 0.037519 1.871018 
7.300537 -0.516199 -0.114197 -0.059639 -0.318126 0.414362 0.738216 -0.015505 0.037492 1.871097 
7.300555 -0.516175 -0.114121 -0.059726 -0.318140 0.414542 0.738128 -0.015513 0.037431 1.871067 
7.300491 -0.516235 -0.114180 -0.059847 -0.318185 0.414620 0.738031 -0.015544 0.037510 1.871163 
7.300373 -0.516171 -0.114231 -0.059894 -0.318219 0.414757 0.737950 -0.015581 0.037416 1.871175 
7.300382 -0.516220 -0.114184 -0.059991 -0.318296 0.414944 0.737931 -0.015644 0.037435 1.871167 
7.300402 -0.516194 -0.114127 -0.060070 -0.318272 0.415133 0.737859 -0.015691 0.037483 1.871222 
7.300352 -0.516356 -0.114039 -0.060108 -0.318272 0.415216 0.737770 -0.015707 0.037404 1.871240 
7.300303 -0.516369 -0.114043 -0.060141 -0.318363 0.415352 0.737888 -0.015715 0.037411 1.871364 
7.300237 -0.516393 -0.114081 -0.060207 -0.318401 0.415479 0.737890 -0.015850 0.037497 1.871290 
7.300231 -0.516286 -0.114072 -0.060225 -0.318473 0.415611 0.737875 -0.015859 0.037359 1.871214 
7.300277 -0.516261 -0.114039 -0.060143 -0.318631 0.415611 0.737777 -0.015961 0.037381 1.871275 
7.300396 -0.516283 -0.114120 -0.060225 -0.318609 0.415601 0.737791 -0.016095 0.037285 1.871336 
7.300241 -0.516226 -0.113970 -0.060205 -0.318640 0.415560 0.737791 -0.015991 0.037376 1.871283 
7.300350 -0.516287 -0.114109 -0.060162 -0.318765 0.415736 0.737691 -0.015890 0.037430 1.871262 
7.300466 -0.516321 -0.114030 -0.060050 -0.318789 0.415867 0.737746 -0.015929 0.037457 1.871206 
7.300452 -0.516303 -0.114081 -0.059911 -0.318804 0.416037 0.737678 -0.015973 0.037459 1.871242 
7.300419 -0.516380 -0.114161 -0.059779 -0.318934 0.416099 0.737707 -0.016008 0.037410 1.871180 
7.300409 -0.516310 -0.114188 -0.059812 -0.318883 0.416243 0.737742 -0.015939 0.037293 1.871080 
7.300420 -0.516238 -0.114230 -0.059803 -0.318906 0.416238 0.737813 -0.015934 0.037331 1.871103 
7.300482 -0.516251 -0.114232 -0.059730 -0.318857 0.416258 0.737610 -0.015991 0.037334 1.870941 
7.300449 -0.516273 -0.114161 -0.059768 -0.318910 0.416208 0.737718 -0.015897 0.037229 1.871113 
7.300425 -0.516428 -0.114204 -0.059754 -0.318843 0.416429 0.737723 -0.015907 0.037329 1.871134 
7.300373 -0.516418 -0.114108 -0.059778 -0.318937 0.416596 0.737679 -0.015998 0.037335 1.871153 
7.300227 -0.516412 -0.113991 -0.059657 -0.318887 0.416669 0.737700 -0.016012 0.037364 1.871131 
7.300279 -0.516422 -0.113969 -0.059639 -0.318847 0.416670 0.737749 -0.016088 0.037328 1.871136 
7.300152 -0.516434 -0.114060 -0.059688 -0.318908 0.416811 0.737615 -0.016114 0.037306 1.871210 
7.300143 -0.516511 -0.114037 -0.059742 -0.318997 0.417003 0.737571 -0.016175 0.037297 1.871214 
7.300140 -0.516607 -0.114039 -0.059776 -0.319057 0.417205 0.737526 -0.016220 0.037292 1.871236 
7.300084 -0.516655 -0.113994 -0.059830 -0.319153 0.417377 0.737484 -0.016309 0.037269 1.871221 
7.300030 -0.516741 -0.114039 -0.059833 -0.319164 0.417569 0.737424 -0.016367 0.037242 1.871274 
7.299891 -0.516748 -0.114021 -0.059856 -0.319215 0.417696 0.737370 -0.016487 0.037186 1.871277 
7.299911 -0.516714 -0.113957 -0.059969 -0.319163 0.417840 0.737278 -0.016522 0.037224 1.871359 
7.299911 -0.516810 -0.113944 -0.059917 -0.319264 0.417816 0.737213 -0.016630 0.037326 1.871462 
7.299957 -0.516790 -0.113909 -0.059828 -0.319376 0.417899 0.737149 -0.016599 0.037195 1.871540 
7.299963 -0.516700 -0.114001 -0.059791 -0.319475 0.418031 0.737237 -0.016639 0.037250 1.871583 
7.299933 -0.516770 -0.114055 -0.059873 -0.319592 0.418118 0.737311 -0.016651 0.037180 1.871695 
7.299990 -0.516774 -0.114166 -0.059853 -0.319687 0.418245 0.737222 -0.016734 0.037158 1.871640 
7.299932 -0.516796 -0.114191 -0.059781 -0.319799 0.418420 0.737166 -0.016697 0.037207 1.871619 
7.299958 -0.516836 -0.114181 -0.059678 -0.319849 0.418608 0.737188 -0.016786 0.037197 1.871606 
7.299920 -0.516827 -0.114273 -0.059573 -0.319897 0.418773 0.737132 -0.016841 0.037185 1.871656 
7.299931 -0.516789 -0.114232 -0.059551 -0.320069 0.418911 0.737114 -0.016908 0.037199 1.871607 
7.300073 -0.516835 -0.114267 -0.059505 -0.320158 0.419052 0.737111 -0.016861 0.037259 1.871616 
7.300051 -0.516896 -0.114345 -0.059370 -0.320275 0.419007 0.737188 -0.016854 0.037218 1.871529 
7.300085 -0.516786 -0.114263 -0.059505 -0.320142 0.419085 0.737123 -0.016803 0.037177 1.871590 
7.300035 -0.516857 -0.114307 -0.059589 -0.320142 0.419234 0.737128 -0.016915 0.037334 1.871533 
7.300024 -0.516972 -0.114248 -0.059625 -0.320169 0.419384 0.737006 -0.016960 0.037313 1.871504 
7.300050 -0.516935 -0.114198 -0.059545 -0.320119 0.419477 0.736884 -0.017002 0.037400 1.871389 
7.300000 -0.516988 -0.114117 -0.059565 -0.320158 0.419680 0.736876 -0.017029 0.037447 1.871427 
7.300031 -0.517032 -0.114098 -0.059624 -0.320194 0.419869 0.736839 -0.017149 0.037443 1.871440 
7.300002 -0.517063 -0.114105 -0.059706 -0.320274 0.420051 0.736743 -0.017178 0.037483 1.871447 
7.299913 -0.517004 -0.114257 -0.059664 -0.320290 0.420090 0.736630 -0.017161 0.037477 1.871539 
7.299925 -0.517021 -0.114069 -0.059724 -0.320293 0.420026 0.736738 -0.017233 0.037454 1.871422 
7.300078 -0.517009 -0.114057 -0.059801 -0.320441 0.420028 0.736719 -0.017115 0.037545 1.871393 
7.299987 -0.517116 -0.114138 -0.059653 -0.320340 0.420054 0.736769 -0.017180 0.037452 1.871404 
7.299941 -0.517268 -0.114124 -0.059796 -0.320315 0.420013 0.736717 -0.017122 0.037378 1.871399 
7.299996 -0.517069 -0.114138 -0.059661 -0.320322 0.420103 0.736783 -0.017127 0.037376 1.871370 
7.299942 -0.517063 -0.114235 -0.059740 -0.320262 0.420136 0.736866 -0.017129 0.037486 1.871240 
7.300026 -0.517070 -0.114139 -0.059634 -0.320294 0.420088 0.736700 -0.017145 0.037376 1.871300 
7.299938 -0.517115 -0.113993 -0.059562 -0.320278 0.420165 0.736686 -0.017051 0.037461 1.871270 
7.300020 -0.517176 -0.113913 -0.059612 -0.320284 0.420305 0.736720 -0.017188 0.037445 1.871249 
7.300051 -0.517184 -0.113871 -0.059601 -0.320260 0.420252 0.736773 -0.017186 0.037437 1.871223 
7.300004 -0.517187 -0.113924 -0.059592 -0.320250 0.420310 0.736724 -0.017201 0.037432 1.871260 
7.300005 -0.517195 -0.113933 -0.059564 -0.320275 0.420394 0.736707 -0.017229 0.037444 1.871269 
7.300002 -0.517217 -0.113941 -0.059546 -0.320300 0.420479 0.736683 -0.017255 0.037450 1.871279 
7.299998 -0.517225 -0.113953 -0.059497 -0.320302 0.420556 0.736678 -0.017290 0.037455 1.871291 
7.300018 -0.517223 -0.113947 -0.059476 -0.320347 0.420632 0.736669 -0.017315 0.037476 1.871288 
7.300021 -0.517246 -0.113948 -0.059457 -0.320373 0.420717 0.736651 -0.017343 0.037482 1.871294 
7.300018 -0.517281 -0.113952 -0.059463 -0.320405 0.420798 0.736620 -0.017360 0.037483 1.871300 
7.300021 -0.517306 -0.113954 -0.059454 -0.320438 0.420882 0.736597 -0.017384 0.037490 1.871304 
7.300009 -0.517350 -0.113961 -0.059462 -0.320457 0.420959 0.736565 -0.017400 0.037483 1.871314 
7.300029 -0.517365 -0.113950 -0.059470 -0.320512 0.421032 0.736545 -0.017415 0.037498 1.871307 
7.300023 -0.517362 -0.113969 -0.059442 -0.320547 0.421110 0.736517 -0.017432 0.037515 1.871319 
7.300029 -0.517382 -0.113969 -0.059429 -0.320580 0.421194 0.736498 -0.017457 0.037524 1.871322 
7.300002 -0.517423 -0.113991 -0.059417 -0.320576 0.421266 0.736467 -0.017476 0.037512 1.871342 
7.299950 -0.517408 -0.113971 -0.059424 -0.320610 0.421307 0.736446 -0.017530 0.037498 1.871330 
7.299955 -0.517398 -0.113959 -0.059445 -0.320608 0.421385 0.736408 -0.017554 0.037519 1.871358 
7.299943 -0.517415 -0.113949 -0.059437 -0.320636 0.421469 0.736376 -0.017566 0.037535 1.871365 
7.299954 -0.517432 -0.113953 -0.059434 -0.320659 0.421551 0.736359 -0.017611 0.037534 1.871373 
7.299953 -0.517452 -0.113951 -0.059425 -0.320688 0.421636 0.736336 -0.017640 0.037540 1.871379 
7.299941 -0.517471 -0.113943 -0.059415 -0.320717 0.421721 0.736306 -0.017655 0.037554 1.871384 
7.299925 -0.517488 -0.113931 -0.059405 -0.320746 0.421804 0.736273 -0.017662 0.037571 1.871390 
7.299924 -0.517507 -0.113929 -0.059399 -0.320774 0.421890 0.736249 -0.017691 0.037578 1.871397 
7.299921 -0.517525 -0.113925 -0.059391 -0.320801 0.421975 0.736224 -0.017718 0.037586 1.871403 
7.299871 -0.517539 -0.113900 -0.059370 -0.320828 0.422001 0.736193 -0.017663 0.037616 1.871395 
7.299892 -0.517530 -0.113916 -0.059366 -0.320818 0.422007 0.736107 -0.017677 0.037621 1.871356 
7.299903 -0.517527 -0.113897 -0.059351 -0.320828 0.422001 0.736092 -0.017671 0.037593 1.871381 
7.299889 -0.517486 -0.113937 -0.059395 -0.320813 0.422064 0.736111 -0.017637 0.037579 1.871342 
7.299889 -0.517497 -0.113954 -0.059425 -0.320842 0.422054 0.736102 -0.017632 0.037580 1.871354 
7.299868 -0.517467 -0.113969 -0.059429 -0.320841 0.422114 0.736075 -0.017651 0.037616 1.871403 
7.299861 -0.517493 -0.113926 -0.059481 -0.320819 0.422171 0.736050 -0.017662 0.037622 1.871413 
7.299903 -0.517449 -0.113886 -0.059494 -0.320866 0.422192 0.736057 -0.017666 0.037662 1.871396 
7.299934 -0.517464 -0.113896 -0.059488 -0.320854 0.422200 0.736059 -0.017641 0.037676 1.871407 
7.299926 -0.517474 -0.113911 -0.059482 -0.320883 0.422288 0.736040 -0.017660 0.037687 1.871412 
7.299919 -0.517487 -0.113927 -0.059473 -0.320915 0.422376 0.736022 -0.017680 0.037697 1.871414 
7.299912 -0.517499 -0.113942 -0.059465 -0.320946 0.422464 0.736005 -0.017700 0.037707 1.871417 
7.299891 -0.517507 -0.113952 -0.059457 -0.320986 0.422543 0.735990 -0.017735 0.037705 1.871412 
7.299889 -0.517522 -0.113969 -0.059448 -0.321015 0.422631 0.735973 -0.017751 0.037717 1.871416 
7.299890 -0.517553 -0.113999 -0.059432 -0.321031 0.422716 0.735956 -0.017759 0.037722 1.871427 
7.299876 -0.517552 -0.114002 -0.059429 -0.321075 0.422797 0.735941 -0.017790 0.037730 1.871421 
7.299866 -0.517550 -0.114005 -0.059425 -0.321118 0.422879 0.735926 -0.017819 0.037741 1.871415 
7.299869 -0.517559 -0.114017 -0.059418 -0.321152 0.422968 0.735910 -0.017836 0.037756 1.871417 
7.299851 -0.517511 -0.113980 -0.059433 -0.321206 0.422991 0.735907 -0.017876 0.037766 1.871392 
7.299812 -0.517540 -0.113961 -0.059462 -0.321207 0.423058 0.735883 -0.017912 0.037751 1.871393 
7.299765 -0.517502 -0.113997 -0.059448 -0.321211 0.423092 0.735860 -0.017941 0.037768 1.871437 
7.299752 -0.517525 -0.114041 -0.059492 -0.321280 0.423091 0.735841 -0.017940 0.037759 1.871447 
7.299725 -0.517530 -0.114028 -0.059481 -0.321288 0.423091 0.735830 -0.017906 0.037770 1.871440 
7.299736 -0.517491 -0.114073 -0.059493 -0.321288 0.423149 0.735848 -0.017926 0.037705 1.871416 
7.299720 -0.517498 -0.114115 -0.059504 -0.321269 0.423155 0.735837 -0.017950 0.037753 1.871350 
7.299705 -0.517503 -0.114117 -0.059513 -0.321271 0.423161 0.735881 -0.017948 0.037765 1.871357 
7.299679 -0.517528 -0.114122 -0.059464 -0.321317 0.423207 0.735886 -0.017992 0.037752 1.871355 
7.299666 -0.517527 -0.114123 -0.059464 -0.321358 0.423291 0.735876 -0.018017 0.037762 1.871368 
7.299658 -0.517526 -0.114123 -0.059464 -0.321397 0.423377 0.735867 -0.018039 0.037776 1.871382 
7.299650 -0.517525 -0.114124 -0.059463 -0.321437 0.423463 0.735858 -0.018061 0.037790 1.871395 
7.299634 -0.517528 -0.114126 -0.059455 -0.321480 0.423546 0.735851 -0.018090 0.037797 1.871407 
7.299650 -0.517512 -0.114124 -0.059486 -0.321499 0.423626 0.735836 -0.018083 0.037829 1.871426 
7.299657 -0.517512 -0.114124 -0.059469 -0.321538 0.423703 0.735796 -0.018106 0.037834 1.871433 
7.299650 -0.517512 -0.114117 -0.059464 -0.321583 0.423786 0.735794 -0.018125 0.037837 1.871460 
7.299642 -0.517511 -0.114121 -0.059463 -0.321620 0.423871 0.735779 -0.018149 0.037854 1.871466 
7.299645 -0.517511 -0.114138 -0.059458 -0.321645 0.423943 0.735732 -0.018177 0.037880 1.871446 
7.299636 -0.517532 -0.114133 -0.059456 -0.321682 0.424006 0.735732 -0.018213 0.037929 1.871464 
7.299641 -0.517512 -0.114131 -0.059490 -0.321702 0.424089 0.735718 -0.018209 0.037952 1.871483 
7.299650 -0.517513 -0.114114 -0.059469 -0.321748 0.424157 0.735685 -0.018228 0.037940 1.871515 
7.299644 -0.517512 -0.114114 -0.059459 -0.321790 0.424240 0.735667 -0.018251 0.037943 1.871528 
7.299639 -0.517509 -0.114115 -0.059454 -0.321831 0.424326 0.735650 -0.018272 0.037949 1.871540 
7.299636 -0.517493 -0.114121 -0.059483 -0.321853 0.424414 0.735643 -0.018276 0.037974 1.871549 
7.299624 -0.517508 -0.114121 -0.059471 -0.321896 0.424488 0.735636 -0.018312 0.038000 1.871561 
7.299621 -0.517499 -0.114122 -0.059455 -0.321937 0.424569 0.735611 -0.018329 0.037980 1.871570 
7.299615 -0.517489 -0.114126 -0.059448 -0.321977 0.424655 0.735591 -0.018346 0.037972 1.871578 
7.299605 -0.517498 -0.114127 -0.059437 -0.322019 0.424734 0.735581 -0.018377 0.037990 1.871588 
7.299595 -0.517499 -0.114130 -0.059431 -0.322060 0.424819 0.735568 -0.018403 0.038002 1.871597 
7.299593 -0.517476 -0.114138 -0.059433 -0.322091 0.424905 0.735546 -0.018406 0.037979 1.871600 
7.299588 -0.517464 -0.114144 -0.059451 -0.322120 0.424995 0.735536 -0.018417 0.037997 1.871608 
7.299578 -0.517464 -0.114148 -0.059433 -0.322163 0.425076 0.735519 -0.018443 0.037992 1.871614 
7.299570 -0.517465 -0.114152 -0.059443 -0.322197 0.425161 0.735513 -0.018465 0.038022 1.871624 
7.299559 -0.517471 -0.114155 -0.059433 -0.322239 0.425242 0.735502 -0.018495 0.038037 1.871632 
7.299547 -0.517488 -0.114153 -0.059413 -0.322285 0.425313 0.735493 -0.018533 0.038057 1.871644 
7.299539 -0.517487 -0.114157 -0.059425 -0.322317 0.425398 0.735487 -0.018553 0.038088 1.871654 
7.299539 -0.517460 -0.114131 -0.059422 -0.322304 0.425301 0.735494 -0.018550 0.038059 1.871629 
7.299546 -0.517479 -0.114159 -0.059363 -0.322301 0.425311 0.735469 -0.018534 0.037977 1.871632 
7.299524 -0.517507 -0.114138 -0.059434 -0.322266 0.425317 0.735481 -0.018548 0.038041 1.871643 
7.299515 -0.517517 -0.114149 -0.059437 -0.322292 0.425408 0.735469 -0.018564 0.038055 1.871657 
7.299499 -0.517485 -0.114157 -0.059426 -0.322256 0.425311 0.735471 -0.018557 0.038048 1.871667 
7.299526 -0.517526 -0.114141 -0.059440 -0.322295 0.425409 0.735474 -0.018560 0.038052 1.871647 
7.299519 -0.517519 -0.114160 -0.059457 -0.322297 0.425303 0.735473 -0.018544 0.038035 1.871648 
7.299520 -0.517541 -0.114167 -0.059467 -0.322330 0.425392 0.735464 -0.018555 0.038045 1.871652 
7.299546 -0.517514 -0.114173 -0.059468 -0.322289 0.425302 0.735484 -0.018577 0.038024 1.871656 
7.299516 -0.517541 -0.114165 -0.059466 -0.322331 0.425392 0.735463 -0.018551 0.038046 1.871651 
7.299499 -0.517517 -0.114182 -0.059458 -0.322293 0.425312 0.735501 -0.018545 0.038031 1.871622 
7.299524 -0.517542 -0.114157 -0.059465 -0.322333 0.425388 0.735452 -0.018550 0.038047 1.871661 
7.299527 -0.517519 -0.114175 -0.059455 -0.322288 0.425302 0.735441 -0.018552 0.038050 1.871619 
7.299534 -0.517541 -0.114175 -0.059463 -0.322321 0.425387 0.735413 -0.018560 0.038065 1.871625 
7.299535 -0.517543 -0.114189 -0.059429 -0.322293 0.425294 0.735454 -0.018555 0.038074 1.871628 
7.299492 -0.517539 -0.114138 -0.059443 -0.322287 0.425241 0.735440 -0.018598 0.038030 1.871596 
7.299518 -0.517528 -0.114162 -0.059462 -0.322312 0.425289 0.735434 -0.018526 0.038046 1.871645 
7.299556 -0.517497 -0.114207 -0.059449 -0.322221 0.425292 0.735462 -0.018570 0.038052 1.871571 
