Start Optimization 
Loss: 3.598541  SIA Ef: 0.428612 Binding: 0.31 0.39 0.93 0.70 0.63 0.09 -0.43 0.15 -0.40 -0.57 -0.67  Rvol: 0.63 1.05 1.49 -0.33 -0.34 -0.14 0.10 0.14 0.77 1.22 1.67 -0.28 -0.20 0.03 0.26 
Loss: 3.830201  SIA Ef: 0.488944 Binding: 0.31 0.40 0.93 0.71 0.64 0.07 -0.47 0.12 -0.42 -0.61 -0.71  Rvol: 0.63 1.06 1.50 -0.33 -0.34 -0.14 0.11 0.14 0.77 1.23 1.68 -0.28 -0.20 0.03 0.26 
Loss: 86.904842  SIA Ef: 5.116995 Binding: 1.75 3.13 5.13 3.00 3.02 0.01 -0.37 0.27 -0.55 -0.68 -0.57  Rvol: 0.83 1.51 2.12 -0.33 -0.09 0.24 0.65 0.14 0.96 1.73 2.39 -0.28 0.06 0.40 0.84 
Loss: 58.801823  SIA Ef: 1.267859 Binding: -0.53 1.32 -5.74 0.50 -0.31 0.98 0.91 -0.87 3.90 0.44 1.35  Rvol: 0.60 1.05 1.72 -0.33 -0.16 1.02 0.83 0.14 0.85 1.41 1.53 -0.28 0.23 1.11 1.09 
Loss: 292.465153  SIA Ef: 12.029368 Binding: 4.47 2.62 8.94 3.84 2.86 1.66 -1.97 -0.47 -0.79 -1.21 -1.37  Rvol: 1.34 2.19 3.22 -0.33 -0.25 -0.07 0.37 0.14 1.41 2.48 3.27 -0.28 -0.10 0.10 0.50 
Loss: 7.240117  SIA Ef: 0.428612 Binding: 0.31 0.39 0.93 0.70 0.63 -0.25 0.39 0.21 -1.30 -1.36 -0.99  Rvol: 0.63 1.05 1.49 -0.33 -0.34 -0.14 0.10 0.14 0.80 1.16 1.70 -0.28 -0.16 0.09 0.38 
Loss: 4.149782  SIA Ef: 0.428612 Binding: 0.31 0.39 0.93 0.70 0.63 0.05 -0.48 -0.39 -0.36 -0.64 -0.89  Rvol: 0.63 1.05 1.49 -0.33 -0.34 -0.14 0.10 0.14 0.76 1.19 1.66 -0.28 -0.23 -0.02 0.20 
Loss: 3.393949  SIA Ef: 0.428612 Binding: 0.31 0.39 0.93 0.70 0.63 0.16 -0.42 0.50 -0.37 -0.45 -0.40  Rvol: 0.63 1.05 1.49 -0.33 -0.34 -0.14 0.10 0.14 0.77 1.22 1.68 -0.28 -0.19 0.05 0.28 
Loss: 6.895549  SIA Ef: 0.428612 Binding: -0.66 -1.50 0.93 -0.34 -1.39 0.16 -0.19 0.54 -0.37 -0.45 -0.36  Rvol: 0.63 1.06 1.54 -0.33 -0.34 -0.14 0.13 0.14 0.77 1.31 1.74 -0.28 -0.19 0.06 0.31 
Loss: 4.306769  SIA Ef: 0.428612 Binding: 0.36 0.48 0.93 0.86 0.81 0.16 -0.65 0.46 -0.37 -0.48 -0.46  Rvol: 0.63 1.05 1.46 -0.33 -0.34 -0.16 0.05 0.14 0.77 1.22 1.64 -0.28 -0.19 0.02 0.23 
Loss: 3.298762  SIA Ef: 0.428612 Binding: 0.32 0.42 0.93 0.66 0.62 0.16 -0.35 0.52 -0.37 -0.44 -0.37  Rvol: 0.63 1.05 1.51 -0.33 -0.34 -0.13 0.13 0.14 0.77 1.24 1.69 -0.28 -0.19 0.06 0.30 
Loss: 249.324284  SIA Ef: -14.492584 Binding: 0.16 1.12 -4.61 -0.39 -0.07 0.58 -0.95 -0.29 2.81 -1.26 1.44  Rvol: -0.09 -0.12 -0.16 -0.33 -0.39 -0.53 -0.68 0.14 0.29 -0.13 -0.43 -0.28 -0.32 -0.56 -0.50 
Loss: 19.867716  SIA Ef: 1.849616 Binding: 0.68 1.59 2.55 1.60 1.68 0.18 -0.43 0.53 -0.45 -0.48 -0.27  Rvol: 0.66 1.19 1.68 -0.33 -0.22 0.04 0.37 0.14 0.85 1.33 1.95 -0.28 -0.08 0.22 0.55 
Loss: 3.238536  SIA Ef: 0.415529 Binding: 0.32 0.42 0.91 0.66 0.61 0.17 -0.35 0.52 -0.37 -0.44 -0.36  Rvol: 0.63 1.05 1.51 -0.33 -0.34 -0.13 0.13 0.14 0.76 1.24 1.69 -0.28 -0.19 0.06 0.30 
Loss: 26.702578  SIA Ef: 0.439425 Binding: -0.16 1.17 -4.08 0.88 0.23 0.69 0.31 -0.09 2.40 -0.94 0.47  Rvol: 0.53 0.96 1.46 -0.33 -0.35 0.13 0.34 0.14 0.78 1.23 1.45 -0.28 0.04 0.13 0.58 
Loss: 3.732856  SIA Ef: 0.455820 Binding: 0.32 0.41 0.94 0.66 0.61 0.37 0.14 1.02 -0.13 -0.00 0.21  Rvol: 0.63 1.06 1.51 -0.33 -0.34 -0.13 0.13 0.14 0.77 1.25 1.69 -0.28 -0.20 0.04 0.28 
Loss: 85.820812  SIA Ef: 6.425851 Binding: 1.26 1.60 5.37 2.03 1.47 0.38 -0.71 0.55 -0.68 -0.82 -0.81  Rvol: 1.01 1.76 2.23 -0.33 -0.30 -0.14 0.29 0.14 1.12 1.95 2.56 -0.28 -0.14 0.08 0.48 
Loss: 3.701266  SIA Ef: 0.407815 Binding: 0.32 0.42 0.91 0.65 0.61 0.28 -0.36 0.98 -0.32 -0.28 0.04  Rvol: 0.63 1.05 1.51 -0.33 -0.34 -0.13 0.13 0.14 0.78 1.24 1.70 -0.28 -0.18 0.08 0.33 
Loss: 51.117665  SIA Ef: -6.531335 Binding: 0.30 1.06 -2.00 0.17 1.13 0.52 -0.42 -0.26 0.87 -0.36 -0.18  Rvol: 0.27 0.62 0.63 -0.33 -0.39 -0.31 -0.22 0.14 0.51 0.65 0.64 -0.28 -0.25 -0.17 -0.10 
Loss: 3.288001  SIA Ef: 0.420074 Binding: 0.32 0.42 0.92 0.66 0.61 0.19 -0.36 0.61 -0.36 -0.40 -0.28  Rvol: 0.63 1.05 1.51 -0.33 -0.34 -0.13 0.13 0.14 0.76 1.24 1.69 -0.28 -0.19 0.06 0.30 
Loss: 17.853385  SIA Ef: 1.396537 Binding: 0.67 1.59 2.48 1.59 1.68 0.20 -0.42 0.52 -0.44 -0.48 -0.25  Rvol: 0.64 1.15 1.62 -0.33 -0.23 0.03 0.34 0.14 0.83 1.29 1.89 -0.28 -0.08 0.21 0.52 
Loss: 5.221373  SIA Ef: 0.363018 Binding: 0.56 0.91 0.89 0.91 1.11 0.17 -0.36 0.51 -0.36 -0.44 -0.36  Rvol: 0.63 1.05 1.49 -0.33 -0.34 -0.13 0.12 0.14 0.76 1.23 1.68 -0.28 -0.19 0.05 0.29 
Loss: 50.817847  SIA Ef: -6.527677 Binding: 0.21 0.99 -2.05 0.11 1.02 0.52 -0.36 -0.25 0.88 -0.35 -0.17  Rvol: 0.27 0.61 0.64 -0.33 -0.39 -0.31 -0.23 0.14 0.52 0.64 0.65 -0.28 -0.25 -0.18 -0.11 
Loss: 3.230700  SIA Ef: 0.401844 Binding: 0.34 0.48 0.91 0.63 0.62 0.17 -0.28 0.54 -0.37 -0.43 -0.34  Rvol: 0.63 1.05 1.52 -0.33 -0.34 -0.12 0.15 0.14 0.76 1.26 1.71 -0.28 -0.19 0.06 0.32 
Loss: 51.831272  SIA Ef: -6.542220 Binding: 0.06 1.26 -2.06 0.15 1.14 0.52 -0.08 -0.19 0.89 -0.34 -0.12  Rvol: 0.27 0.40 0.65 -0.33 -0.39 -0.31 -0.22 0.14 0.51 0.68 0.66 -0.28 -0.25 -0.18 -0.09 
Loss: 3.261718  SIA Ef: 0.403623 Binding: 0.35 0.51 0.91 0.63 0.63 0.17 -0.27 0.54 -0.37 -0.42 -0.33  Rvol: 0.63 1.05 1.52 -0.33 -0.34 -0.12 0.16 0.14 0.76 1.26 1.71 -0.28 -0.19 0.07 0.32 
Loss: 84.717233  SIA Ef: 5.818703 Binding: 1.32 1.57 5.89 2.14 1.44 0.48 -0.64 0.55 -0.71 -0.87 -0.83  Rvol: 1.00 1.72 2.23 -0.33 -0.30 -0.16 0.26 0.14 1.12 1.90 2.53 -0.28 -0.14 0.05 0.44 
Loss: 1.948837  SIA Ef: 0.340838 Binding: 0.19 0.22 0.23 0.35 0.34 0.11 -0.44 0.11 -0.38 -0.62 -0.68  Rvol: 0.62 1.04 1.49 -0.33 -0.35 -0.12 0.16 0.14 0.76 1.25 1.67 -0.28 -0.20 0.06 0.32 
Loss: 36.653094  SIA Ef: 0.165997 Binding: -0.20 1.21 -4.72 1.26 0.00 0.68 0.38 -0.26 2.88 -1.31 0.54  Rvol: 0.52 0.94 1.46 -0.33 -0.38 0.16 0.37 0.14 0.78 1.23 1.43 -0.28 0.06 0.13 0.62 
Loss: 4.872718  SIA Ef: 0.904423 Binding: 0.29 0.66 1.02 0.73 0.71 0.09 -0.43 0.16 -0.45 -0.63 -0.58  Rvol: 0.63 1.07 1.54 -0.33 -0.30 -0.05 0.24 0.14 0.78 1.28 1.75 -0.28 -0.15 0.12 0.40 
Loss: 3.568605  SIA Ef: 0.295615 Binding: 0.12 0.45 0.69 0.57 0.42 0.03 -0.60 -0.26 -0.49 -0.83 -0.87  Rvol: 0.60 1.01 1.43 -0.33 -0.30 -0.07 0.18 0.14 0.76 1.20 1.64 -0.28 -0.16 0.09 0.34 
Loss: 12.316824  SIA Ef: -3.012541 Binding: -0.09 0.82 -0.99 0.16 0.64 0.29 -0.23 -0.30 0.02 -0.59 -0.70  Rvol: 0.45 0.71 1.06 -0.33 -0.38 -0.20 -0.02 0.14 0.63 0.97 1.18 -0.28 -0.21 -0.05 0.13 
Loss: 21.897201  SIA Ef: 2.442437 Binding: 0.50 0.62 3.13 1.05 0.65 -0.27 -0.78 -0.07 -0.68 -0.87 -1.07  Rvol: 0.78 1.33 1.81 -0.33 -0.35 -0.18 0.16 0.14 0.88 1.46 2.11 -0.28 -0.19 0.03 0.35 
Loss: 2.622922  SIA Ef: 0.430334 Binding: 0.18 0.36 -0.96 0.15 0.45 0.25 -0.40 -0.04 -0.04 -0.53 -0.62  Rvol: 0.60 1.03 1.47 -0.33 -0.35 -0.08 0.22 0.14 0.76 1.27 1.63 -0.28 -0.15 0.09 0.38 
Loss: 1.723788  SIA Ef: 0.269618 Binding: 0.20 0.19 0.14 0.31 0.31 0.12 -0.42 0.15 -0.37 -0.59 -0.64  Rvol: 0.62 1.03 1.49 -0.33 -0.36 -0.13 0.15 0.14 0.76 1.24 1.67 -0.28 -0.20 0.05 0.31 
Loss: 4.547019  SIA Ef: -1.475801 Binding: 0.13 0.47 -0.87 0.15 0.52 0.26 -0.39 -0.13 -0.06 -0.56 -0.66  Rvol: 0.52 0.88 1.25 -0.33 -0.37 -0.16 0.07 0.14 0.69 1.11 1.39 -0.28 -0.19 0.00 0.23 
Loss: 2.110671  SIA Ef: 0.257771 Binding: 0.21 0.22 0.13 0.32 0.33 0.08 -0.52 0.07 -0.41 -0.68 -0.75  Rvol: 0.62 1.03 1.48 -0.33 -0.36 -0.13 0.15 0.14 0.76 1.25 1.67 -0.28 -0.20 0.05 0.32 
Loss: 5.733618  SIA Ef: 1.499002 Binding: 0.22 0.11 1.05 0.41 0.20 -0.03 -0.51 0.10 -0.50 -0.62 -0.80  Rvol: 0.70 1.17 1.67 -0.33 -0.37 -0.15 0.17 0.14 0.82 1.39 1.89 -0.28 -0.21 0.05 0.35 
Loss: 1.876620  SIA Ef: 0.267322 Binding: 0.21 0.22 0.13 0.32 0.33 0.11 -0.45 0.06 -0.37 -0.62 -0.70  Rvol: 0.62 1.03 1.49 -0.33 -0.36 -0.13 0.15 0.14 0.76 1.24 1.67 -0.28 -0.20 0.05 0.31 
Loss: 2.112116  SIA Ef: 0.333535 Binding: 0.29 0.37 0.17 0.42 0.48 0.12 -0.43 0.16 -0.36 -0.58 -0.62  Rvol: 0.63 1.04 1.49 -0.33 -0.36 -0.13 0.15 0.14 0.76 1.25 1.67 -0.28 -0.20 0.05 0.31 
Loss: 1.755628  SIA Ef: 0.268928 Binding: 0.21 0.20 0.14 0.31 0.31 0.12 -0.42 0.14 -0.37 -0.60 -0.65  Rvol: 0.62 1.04 1.49 -0.33 -0.36 -0.13 0.16 0.14 0.76 1.24 1.67 -0.28 -0.20 0.05 0.32 
Loss: 1.710490  SIA Ef: 0.318549 Binding: 0.24 0.27 0.33 0.38 0.31 0.14 -0.35 0.29 -0.36 -0.53 -0.46  Rvol: 0.63 1.04 1.50 -0.33 -0.36 -0.13 0.14 0.14 0.76 1.26 1.69 -0.28 -0.20 0.05 0.32 
Loss: 1.726623  SIA Ef: 0.294288 Binding: 0.25 0.27 0.37 0.40 0.33 0.15 -0.34 0.34 -0.36 -0.50 -0.44  Rvol: 0.63 1.04 1.50 -0.33 -0.36 -0.14 0.14 0.14 0.76 1.26 1.68 -0.28 -0.20 0.05 0.31 
Loss: 3.471527  SIA Ef: 0.790955 Binding: 0.31 0.48 0.81 0.59 0.57 0.13 -0.32 0.37 -0.39 -0.51 -0.45  Rvol: 0.64 1.07 1.55 -0.33 -0.33 -0.09 0.19 0.14 0.78 1.29 1.75 -0.28 -0.18 0.09 0.36 
Loss: 1.538852  SIA Ef: 0.396012 Binding: 0.22 0.28 -0.22 0.27 0.40 0.22 -0.29 0.29 -0.24 -0.46 -0.47  Rvol: 0.62 1.04 1.49 -0.33 -0.36 -0.11 0.19 0.14 0.76 1.25 1.67 -0.28 -0.18 0.07 0.35 
Loss: 2.377735  SIA Ef: 0.488869 Binding: 0.27 0.41 -0.57 0.27 0.55 0.20 -0.39 0.09 -0.19 -0.55 -0.63  Rvol: 0.62 1.04 1.49 -0.33 -0.35 -0.09 0.21 0.14 0.76 1.25 1.66 -0.28 -0.17 0.08 0.37 
Loss: 2.241821  SIA Ef: 0.965766 Binding: 0.22 0.11 0.11 0.28 0.17 0.16 -0.31 0.39 -0.32 -0.46 -0.39  Rvol: 0.66 1.10 1.59 -0.33 -0.36 -0.12 0.19 0.14 0.78 1.31 1.77 -0.28 -0.20 0.07 0.37 
Loss: 1.461940  SIA Ef: 0.350533 Binding: 0.20 0.25 -0.24 0.25 0.37 0.22 -0.30 0.28 -0.24 -0.47 -0.49  Rvol: 0.62 1.04 1.48 -0.33 -0.36 -0.11 0.19 0.14 0.76 1.24 1.67 -0.28 -0.18 0.07 0.35 
Loss: 1.939352  SIA Ef: -0.456458 Binding: 0.18 0.35 -0.79 0.15 0.44 0.30 -0.29 0.16 -0.06 -0.43 -0.46  Rvol: 0.57 0.97 1.38 -0.33 -0.37 -0.12 0.15 0.14 0.73 1.20 1.54 -0.28 -0.18 0.05 0.31 
Loss: 1.485431  SIA Ef: 0.318026 Binding: 0.22 0.25 -0.28 0.24 0.37 0.21 -0.31 0.27 -0.24 -0.48 -0.50  Rvol: 0.62 1.04 1.48 -0.33 -0.36 -0.11 0.19 0.14 0.76 1.24 1.66 -0.28 -0.18 0.07 0.35 
Loss: 1.587514  SIA Ef: 0.308780 Binding: 0.19 0.24 -0.30 0.24 0.36 0.20 -0.36 0.24 -0.25 -0.53 -0.55  Rvol: 0.61 1.04 1.47 -0.33 -0.36 -0.11 0.19 0.14 0.76 1.24 1.66 -0.28 -0.18 0.08 0.35 
Loss: 1.458535  SIA Ef: 0.360867 Binding: 0.21 0.27 -0.21 0.26 0.38 0.22 -0.29 0.30 -0.24 -0.46 -0.46  Rvol: 0.62 1.04 1.49 -0.33 -0.36 -0.11 0.19 0.14 0.76 1.24 1.67 -0.28 -0.18 0.07 0.35 
Loss: 1.518589  SIA Ef: 0.332062 Binding: 0.21 0.26 -0.28 0.25 0.38 0.21 -0.32 0.21 -0.24 -0.49 -0.53  Rvol: 0.62 1.04 1.48 -0.33 -0.36 -0.11 0.19 0.14 0.76 1.24 1.66 -0.28 -0.18 0.07 0.34 
Loss: 1.411944  SIA Ef: 0.390836 Binding: 0.21 0.26 -0.09 0.28 0.36 0.22 -0.26 0.35 -0.25 -0.44 -0.42  Rvol: 0.62 1.04 1.49 -0.33 -0.35 -0.11 0.19 0.14 0.76 1.25 1.68 -0.28 -0.18 0.07 0.35 
Loss: 1.804885  SIA Ef: 0.526995 Binding: 0.23 0.40 -0.09 0.35 0.52 0.23 -0.25 0.32 -0.23 -0.44 -0.44  Rvol: 0.62 1.05 1.49 -0.33 -0.34 -0.08 0.21 0.14 0.76 1.25 1.68 -0.28 -0.17 0.09 0.37 
Loss: 1.775759  SIA Ef: 0.718819 Binding: 0.20 0.18 0.08 0.29 0.27 0.20 -0.27 0.40 -0.29 -0.44 -0.40  Rvol: 0.64 1.08 1.55 -0.33 -0.35 -0.11 0.20 0.14 0.77 1.29 1.73 -0.28 -0.19 0.08 0.36 
Loss: 1.427659  SIA Ef: 0.394979 Binding: 0.21 0.26 -0.09 0.28 0.36 0.22 -0.27 0.34 -0.25 -0.45 -0.43  Rvol: 0.62 1.04 1.49 -0.33 -0.35 -0.11 0.19 0.14 0.76 1.25 1.68 -0.28 -0.18 0.07 0.35 
Loss: 1.546544  SIA Ef: 0.357982 Binding: 0.22 0.26 0.19 0.34 0.36 0.18 -0.29 0.35 -0.31 -0.47 -0.45  Rvol: 0.62 1.04 1.50 -0.33 -0.35 -0.12 0.17 0.14 0.76 1.25 1.68 -0.28 -0.20 0.06 0.33 
Loss: 1.350970  SIA Ef: 0.350457 Binding: 0.21 0.27 -0.11 0.28 0.37 0.23 -0.24 0.36 -0.23 -0.42 -0.40  Rvol: 0.62 1.04 1.49 -0.33 -0.35 -0.11 0.19 0.14 0.76 1.25 1.67 -0.28 -0.18 0.07 0.34 
Loss: 1.289251  SIA Ef: -0.053842 Binding: 0.19 0.29 -0.41 0.22 0.43 0.28 -0.22 0.33 -0.15 -0.40 -0.40  Rvol: 0.60 1.00 1.43 -0.33 -0.36 -0.11 0.17 0.14 0.74 1.21 1.60 -0.28 -0.18 0.06 0.33 
Loss: 1.282328  SIA Ef: -0.041839 Binding: 0.19 0.30 -0.39 0.23 0.43 0.28 -0.21 0.35 -0.15 -0.39 -0.39  Rvol: 0.60 1.01 1.43 -0.33 -0.36 -0.11 0.17 0.14 0.74 1.21 1.61 -0.28 -0.18 0.06 0.33 
Loss: 1.526044  SIA Ef: -0.137302 Binding: 0.20 0.43 -0.53 0.24 0.52 0.30 -0.19 0.26 -0.09 -0.38 -0.38  Rvol: 0.59 0.99 1.41 -0.33 -0.35 -0.10 0.18 0.14 0.74 1.19 1.58 -0.28 -0.18 0.07 0.33 
Loss: 1.264893  SIA Ef: -0.019649 Binding: 0.19 0.31 -0.37 0.24 0.43 0.28 -0.20 0.35 -0.15 -0.38 -0.38  Rvol: 0.60 1.01 1.43 -0.33 -0.36 -0.11 0.17 0.14 0.74 1.21 1.61 -0.28 -0.18 0.06 0.33 
Loss: 1.341178  SIA Ef: -0.041574 Binding: 0.21 0.34 -0.41 0.25 0.47 0.29 -0.20 0.36 -0.14 -0.37 -0.37  Rvol: 0.60 1.00 1.43 -0.33 -0.36 -0.12 0.17 0.14 0.74 1.20 1.60 -0.28 -0.18 0.06 0.32 
Loss: 1.143171  SIA Ef: 0.047824 Binding: 0.18 0.23 -0.39 0.20 0.35 0.29 -0.18 0.40 -0.14 -0.36 -0.33  Rvol: 0.60 1.02 1.44 -0.33 -0.36 -0.12 0.17 0.14 0.75 1.22 1.62 -0.28 -0.18 0.06 0.33 
Loss: 1.001966  SIA Ef: -0.048477 Binding: 0.17 0.18 -0.19 0.22 0.30 0.27 -0.18 0.43 -0.19 -0.36 -0.33  Rvol: 0.60 1.01 1.44 -0.33 -0.36 -0.13 0.15 0.14 0.74 1.21 1.62 -0.28 -0.19 0.05 0.31 
Loss: 0.927193  SIA Ef: -0.145320 Binding: 0.15 0.14 -0.12 0.21 0.25 0.28 -0.15 0.46 -0.19 -0.33 -0.28  Rvol: 0.60 1.01 1.43 -0.33 -0.37 -0.14 0.15 0.14 0.74 1.21 1.61 -0.28 -0.20 0.04 0.30 
Loss: 0.990643  SIA Ef: -0.334243 Binding: 0.13 0.11 -0.19 0.17 0.22 0.28 -0.16 0.46 -0.18 -0.34 -0.30  Rvol: 0.59 0.99 1.41 -0.33 -0.37 -0.14 0.13 0.14 0.73 1.19 1.59 -0.28 -0.20 0.04 0.29 
Loss: 0.932349  SIA Ef: -0.141305 Binding: 0.16 0.15 -0.11 0.21 0.26 0.28 -0.15 0.47 -0.19 -0.33 -0.27  Rvol: 0.60 1.01 1.43 -0.33 -0.37 -0.14 0.15 0.14 0.74 1.21 1.61 -0.28 -0.20 0.04 0.30 
Loss: 0.950632  SIA Ef: -0.197730 Binding: 0.15 0.13 -0.22 0.18 0.24 0.28 -0.17 0.43 -0.18 -0.35 -0.31  Rvol: 0.60 1.00 1.43 -0.33 -0.37 -0.14 0.14 0.14 0.74 1.20 1.60 -0.28 -0.20 0.04 0.30 
Loss: 0.945107  SIA Ef: -0.196297 Binding: 0.15 0.15 -0.16 0.20 0.26 0.28 -0.15 0.45 -0.18 -0.34 -0.29  Rvol: 0.60 1.00 1.43 -0.33 -0.37 -0.14 0.14 0.14 0.74 1.20 1.60 -0.28 -0.20 0.04 0.30 
Loss: 1.051281  SIA Ef: 0.207972 Binding: 0.16 0.08 0.23 0.26 0.11 0.23 -0.17 0.51 -0.26 -0.35 -0.22  Rvol: 0.62 1.04 1.50 -0.33 -0.36 -0.14 0.15 0.14 0.76 1.25 1.68 -0.28 -0.21 0.05 0.31 
Loss: 0.938155  SIA Ef: -0.135607 Binding: 0.16 0.15 -0.11 0.21 0.26 0.28 -0.14 0.48 -0.19 -0.33 -0.27  Rvol: 0.60 1.01 1.43 -0.33 -0.37 -0.13 0.15 0.14 0.74 1.21 1.61 -0.28 -0.20 0.04 0.30 
Loss: 0.959141  SIA Ef: -0.238413 Binding: 0.16 0.15 -0.16 0.21 0.26 0.29 -0.13 0.48 -0.17 -0.31 -0.25  Rvol: 0.60 1.00 1.42 -0.33 -0.37 -0.14 0.13 0.14 0.74 1.20 1.60 -0.28 -0.20 0.03 0.29 
Loss: 0.924269  SIA Ef: -0.157583 Binding: 0.15 0.13 -0.15 0.19 0.23 0.28 -0.16 0.46 -0.19 -0.34 -0.28  Rvol: 0.60 1.01 1.43 -0.33 -0.37 -0.14 0.14 0.14 0.74 1.21 1.61 -0.28 -0.20 0.04 0.30 
Loss: 1.065989  SIA Ef: -0.379302 Binding: 0.15 0.19 -0.11 0.22 0.30 0.28 -0.16 0.44 -0.19 -0.35 -0.31  Rvol: 0.59 0.99 1.40 -0.33 -0.37 -0.14 0.13 0.14 0.73 1.19 1.58 -0.28 -0.20 0.03 0.29 
Loss: 0.922286  SIA Ef: -0.143466 Binding: 0.14 0.13 -0.20 0.19 0.25 0.29 -0.14 0.46 -0.17 -0.32 -0.28  Rvol: 0.60 1.01 1.43 -0.33 -0.37 -0.13 0.15 0.14 0.74 1.21 1.61 -0.28 -0.20 0.04 0.30 
Loss: 1.021904  SIA Ef: -0.161997 Binding: 0.15 0.13 -0.43 0.14 0.25 0.32 -0.12 0.48 -0.10 -0.29 -0.24  Rvol: 0.60 1.00 1.43 -0.33 -0.37 -0.13 0.16 0.14 0.74 1.21 1.60 -0.28 -0.19 0.05 0.31 
Loss: 0.955098  SIA Ef: -0.096704 Binding: 0.15 0.15 -0.24 0.19 0.27 0.28 -0.16 0.44 -0.17 -0.34 -0.30  Rvol: 0.60 1.01 1.43 -0.33 -0.37 -0.13 0.15 0.14 0.74 1.21 1.61 -0.28 -0.19 0.05 0.31 
Loss: 0.915347  SIA Ef: -0.124807 Binding: 0.15 0.14 -0.17 0.19 0.25 0.29 -0.14 0.47 -0.17 -0.32 -0.27  Rvol: 0.60 1.01 1.43 -0.33 -0.37 -0.13 0.15 0.14 0.74 1.21 1.61 -0.28 -0.20 0.05 0.31 
Loss: 0.902612  SIA Ef: 0.059108 Binding: 0.15 0.10 -0.01 0.21 0.19 0.27 -0.15 0.49 -0.21 -0.33 -0.26  Rvol: 0.61 1.02 1.47 -0.33 -0.36 -0.13 0.15 0.14 0.75 1.23 1.65 -0.28 -0.20 0.05 0.31 
Loss: 0.889740  SIA Ef: 0.039776 Binding: 0.14 0.09 -0.03 0.20 0.18 0.27 -0.15 0.49 -0.21 -0.33 -0.26  Rvol: 0.61 1.02 1.46 -0.33 -0.37 -0.13 0.15 0.14 0.75 1.23 1.64 -0.28 -0.20 0.05 0.31 
Loss: 0.903265  SIA Ef: -0.008855 Binding: 0.14 0.07 0.06 0.21 0.17 0.26 -0.16 0.50 -0.23 -0.34 -0.27  Rvol: 0.61 1.02 1.46 -0.33 -0.37 -0.14 0.14 0.14 0.75 1.22 1.64 -0.28 -0.20 0.04 0.30 
Loss: 0.888975  SIA Ef: 0.022102 Binding: 0.15 0.09 -0.02 0.21 0.18 0.27 -0.15 0.50 -0.21 -0.33 -0.25  Rvol: 0.61 1.02 1.46 -0.33 -0.37 -0.14 0.15 0.14 0.75 1.23 1.64 -0.28 -0.20 0.04 0.31 
Loss: 0.874397  SIA Ef: 0.047282 Binding: 0.14 0.06 -0.05 0.19 0.15 0.28 -0.13 0.52 -0.20 -0.31 -0.23  Rvol: 0.61 1.03 1.47 -0.33 -0.37 -0.14 0.15 0.14 0.75 1.23 1.65 -0.28 -0.20 0.04 0.31 
Loss: 0.851433  SIA Ef: 0.017434 Binding: 0.13 0.05 -0.07 0.18 0.14 0.28 -0.13 0.51 -0.20 -0.31 -0.23  Rvol: 0.61 1.02 1.46 -0.33 -0.37 -0.14 0.15 0.14 0.75 1.23 1.64 -0.28 -0.20 0.04 0.31 
Loss: 0.860929  SIA Ef: 0.034983 Binding: 0.13 0.05 -0.05 0.18 0.14 0.28 -0.13 0.53 -0.19 -0.30 -0.22  Rvol: 0.61 1.03 1.46 -0.33 -0.37 -0.14 0.15 0.14 0.75 1.23 1.64 -0.28 -0.20 0.04 0.31 
Loss: 0.854302  SIA Ef: 0.019092 Binding: 0.13 0.06 -0.05 0.18 0.15 0.28 -0.13 0.52 -0.20 -0.31 -0.23  Rvol: 0.61 1.02 1.46 -0.33 -0.37 -0.14 0.15 0.14 0.75 1.23 1.64 -0.28 -0.20 0.04 0.31 
Loss: 0.865597  SIA Ef: 0.088670 Binding: 0.13 0.03 -0.09 0.17 0.12 0.27 -0.14 0.51 -0.20 -0.32 -0.24  Rvol: 0.61 1.03 1.47 -0.33 -0.37 -0.14 0.15 0.14 0.75 1.23 1.65 -0.28 -0.20 0.04 0.31 
Loss: 0.843697  SIA Ef: 0.021872 Binding: 0.13 0.05 -0.10 0.17 0.14 0.28 -0.13 0.51 -0.19 -0.31 -0.23  Rvol: 0.61 1.02 1.46 -0.33 -0.37 -0.14 0.15 0.14 0.75 1.23 1.64 -0.28 -0.20 0.04 0.31 
Loss: 0.830985  SIA Ef: -0.010830 Binding: 0.13 0.03 -0.15 0.15 0.12 0.28 -0.14 0.49 -0.18 -0.31 -0.24  Rvol: 0.61 1.02 1.46 -0.33 -0.37 -0.14 0.15 0.14 0.75 1.22 1.63 -0.28 -0.20 0.04 0.31 
Loss: 0.859767  SIA Ef: -0.077872 Binding: 0.13 0.05 -0.24 0.14 0.15 0.29 -0.13 0.49 -0.16 -0.30 -0.25  Rvol: 0.60 1.02 1.45 -0.33 -0.37 -0.14 0.15 0.14 0.74 1.22 1.62 -0.28 -0.20 0.04 0.31 
Loss: 0.813870  SIA Ef: -0.046519 Binding: 0.12 0.01 -0.08 0.15 0.10 0.28 -0.13 0.50 -0.19 -0.31 -0.24  Rvol: 0.61 1.02 1.46 -0.33 -0.37 -0.14 0.14 0.14 0.74 1.22 1.63 -0.28 -0.21 0.04 0.30 
Loss: 0.840578  SIA Ef: 0.073245 Binding: 0.12 0.00 0.01 0.17 0.09 0.27 -0.13 0.51 -0.21 -0.31 -0.23  Rvol: 0.62 1.03 1.48 -0.33 -0.37 -0.14 0.15 0.14 0.75 1.24 1.65 -0.28 -0.21 0.04 0.30 
Loss: 0.815329  SIA Ef: -0.060683 Binding: 0.12 0.01 -0.07 0.16 0.10 0.28 -0.13 0.50 -0.19 -0.31 -0.23  Rvol: 0.61 1.02 1.46 -0.33 -0.37 -0.14 0.14 0.14 0.74 1.22 1.63 -0.28 -0.21 0.04 0.30 
Loss: 0.827190  SIA Ef: 0.014258 Binding: 0.11 -0.01 -0.07 0.15 0.07 0.28 -0.12 0.53 -0.19 -0.30 -0.21  Rvol: 0.61 1.03 1.47 -0.33 -0.37 -0.14 0.14 0.14 0.75 1.23 1.64 -0.28 -0.21 0.04 0.30 
Loss: 0.830953  SIA Ef: 0.010809 Binding: 0.12 0.01 -0.03 0.16 0.09 0.27 -0.14 0.50 -0.21 -0.32 -0.25  Rvol: 0.61 1.03 1.47 -0.33 -0.37 -0.14 0.14 0.14 0.75 1.23 1.64 -0.28 -0.21 0.04 0.30 
Loss: 0.823268  SIA Ef: -0.191765 Binding: 0.11 0.01 -0.11 0.15 0.11 0.28 -0.13 0.49 -0.18 -0.31 -0.24  Rvol: 0.60 1.01 1.44 -0.33 -0.37 -0.14 0.14 0.14 0.74 1.21 1.61 -0.28 -0.20 0.03 0.29 
Loss: 0.814039  SIA Ef: -0.020778 Binding: 0.11 -0.00 -0.08 0.15 0.08 0.27 -0.14 0.50 -0.20 -0.31 -0.24  Rvol: 0.61 1.02 1.46 -0.33 -0.37 -0.14 0.14 0.14 0.75 1.23 1.64 -0.28 -0.21 0.04 0.30 
Loss: 0.814380  SIA Ef: -0.044962 Binding: 0.11 0.01 -0.08 0.15 0.09 0.28 -0.14 0.50 -0.19 -0.31 -0.24  Rvol: 0.61 1.02 1.46 -0.33 -0.37 -0.14 0.14 0.14 0.74 1.22 1.63 -0.28 -0.21 0.04 0.30 
Loss: 0.814700  SIA Ef: -0.046222 Binding: 0.11 0.01 -0.06 0.16 0.10 0.28 -0.13 0.51 -0.19 -0.31 -0.23  Rvol: 0.61 1.02 1.46 -0.33 -0.37 -0.14 0.14 0.14 0.74 1.22 1.63 -0.28 -0.21 0.04 0.30 
Loss: 0.820953  SIA Ef: -0.028568 Binding: 0.12 0.01 -0.05 0.16 0.10 0.27 -0.13 0.50 -0.20 -0.31 -0.24  Rvol: 0.61 1.02 1.46 -0.33 -0.37 -0.14 0.14 0.14 0.74 1.22 1.64 -0.28 -0.21 0.04 0.30 
Loss: 0.816046  SIA Ef: -0.083545 Binding: 0.11 0.00 -0.07 0.15 0.09 0.27 -0.14 0.50 -0.20 -0.31 -0.24  Rvol: 0.61 1.02 1.45 -0.33 -0.37 -0.15 0.14 0.14 0.74 1.22 1.63 -0.28 -0.21 0.03 0.30 
Loss: 0.821322  SIA Ef: -0.097853 Binding: 0.12 0.02 -0.17 0.14 0.12 0.29 -0.13 0.49 -0.17 -0.31 -0.24  Rvol: 0.60 1.01 1.45 -0.33 -0.37 -0.14 0.14 0.14 0.74 1.22 1.62 -0.28 -0.20 0.04 0.30 
Loss: 0.811217  SIA Ef: -0.034290 Binding: 0.11 0.01 -0.07 0.15 0.09 0.28 -0.13 0.50 -0.19 -0.31 -0.23  Rvol: 0.61 1.02 1.46 -0.33 -0.37 -0.14 0.14 0.14 0.74 1.22 1.63 -0.28 -0.21 0.04 0.30 
Loss: 0.812782  SIA Ef: -0.022897 Binding: 0.11 0.00 -0.07 0.15 0.09 0.28 -0.13 0.50 -0.19 -0.31 -0.23  Rvol: 0.61 1.02 1.46 -0.33 -0.37 -0.14 0.14 0.14 0.75 1.23 1.64 -0.28 -0.21 0.04 0.30 
Loss: 0.806350  SIA Ef: -0.062521 Binding: 0.11 0.00 -0.08 0.15 0.09 0.28 -0.13 0.50 -0.19 -0.31 -0.23  Rvol: 0.61 1.02 1.45 -0.33 -0.37 -0.14 0.14 0.14 0.74 1.22 1.63 -0.28 -0.21 0.04 0.30 
Loss: 0.804010  SIA Ef: -0.062343 Binding: 0.11 -0.00 -0.08 0.15 0.09 0.28 -0.13 0.50 -0.19 -0.31 -0.24  Rvol: 0.61 1.02 1.45 -0.33 -0.37 -0.14 0.14 0.14 0.74 1.22 1.63 -0.28 -0.21 0.04 0.30 
Loss: 0.802356  SIA Ef: -0.099050 Binding: 0.11 0.00 -0.12 0.14 0.09 0.28 -0.13 0.49 -0.18 -0.31 -0.24  Rvol: 0.61 1.01 1.45 -0.33 -0.37 -0.14 0.14 0.14 0.74 1.22 1.62 -0.28 -0.20 0.04 0.30 
Loss: 0.805193  SIA Ef: -0.123247 Binding: 0.11 -0.00 -0.12 0.14 0.09 0.28 -0.13 0.49 -0.18 -0.31 -0.24  Rvol: 0.60 1.01 1.45 -0.33 -0.37 -0.14 0.14 0.14 0.74 1.22 1.62 -0.28 -0.21 0.03 0.30 
Loss: 0.802113  SIA Ef: -0.094675 Binding: 0.11 0.00 -0.12 0.14 0.09 0.28 -0.13 0.49 -0.18 -0.31 -0.24  Rvol: 0.61 1.01 1.45 -0.33 -0.37 -0.14 0.14 0.14 0.74 1.22 1.62 -0.28 -0.20 0.04 0.30 
Loss: 0.799222  SIA Ef: -0.097831 Binding: 0.11 0.00 -0.11 0.14 0.10 0.28 -0.13 0.49 -0.18 -0.31 -0.24  Rvol: 0.61 1.01 1.45 -0.33 -0.37 -0.14 0.14 0.14 0.74 1.22 1.62 -0.28 -0.20 0.04 0.30 
Loss: 0.797758  SIA Ef: -0.087875 Binding: 0.11 -0.00 -0.12 0.14 0.09 0.29 -0.13 0.50 -0.18 -0.30 -0.23  Rvol: 0.61 1.01 1.45 -0.33 -0.37 -0.14 0.14 0.14 0.74 1.22 1.63 -0.28 -0.20 0.04 0.30 
Loss: 0.800109  SIA Ef: -0.105129 Binding: 0.11 0.00 -0.13 0.14 0.10 0.29 -0.13 0.49 -0.18 -0.30 -0.23  Rvol: 0.60 1.01 1.45 -0.33 -0.37 -0.14 0.14 0.14 0.74 1.22 1.62 -0.28 -0.20 0.04 0.30 
Loss: 0.797554  SIA Ef: -0.092688 Binding: 0.11 0.00 -0.12 0.14 0.09 0.29 -0.12 0.50 -0.18 -0.30 -0.23  Rvol: 0.61 1.01 1.45 -0.33 -0.37 -0.14 0.14 0.14 0.74 1.22 1.62 -0.28 -0.20 0.04 0.30 
Loss: 0.796162  SIA Ef: -0.093014 Binding: 0.11 -0.00 -0.11 0.14 0.09 0.29 -0.12 0.50 -0.18 -0.30 -0.23  Rvol: 0.61 1.01 1.45 -0.33 -0.37 -0.14 0.14 0.14 0.74 1.22 1.62 -0.28 -0.20 0.04 0.30 
Loss: 0.798023  SIA Ef: -0.102677 Binding: 0.11 -0.00 -0.12 0.14 0.09 0.29 -0.12 0.50 -0.18 -0.30 -0.23  Rvol: 0.60 1.01 1.45 -0.33 -0.37 -0.14 0.14 0.14 0.74 1.22 1.62 -0.28 -0.20 0.04 0.30 
Loss: 0.792110  SIA Ef: -0.070307 Binding: 0.11 -0.00 -0.11 0.14 0.09 0.29 -0.12 0.50 -0.18 -0.30 -0.22  Rvol: 0.61 1.01 1.45 -0.33 -0.37 -0.14 0.14 0.14 0.74 1.22 1.63 -0.28 -0.20 0.04 0.30 
Loss: 0.791566  SIA Ef: -0.063341 Binding: 0.11 0.00 -0.11 0.14 0.10 0.29 -0.11 0.51 -0.18 -0.29 -0.22  Rvol: 0.61 1.02 1.45 -0.33 -0.37 -0.14 0.14 0.14 0.74 1.22 1.63 -0.28 -0.20 0.04 0.30 
Loss: 0.790591  SIA Ef: -0.084763 Binding: 0.10 0.00 -0.13 0.14 0.10 0.29 -0.11 0.50 -0.17 -0.29 -0.22  Rvol: 0.60 1.01 1.45 -0.33 -0.37 -0.14 0.14 0.14 0.74 1.22 1.62 -0.28 -0.20 0.04 0.30 
Loss: 0.784972  SIA Ef: -0.077566 Binding: 0.10 -0.00 -0.11 0.14 0.09 0.29 -0.11 0.50 -0.18 -0.29 -0.22  Rvol: 0.61 1.01 1.45 -0.33 -0.37 -0.14 0.14 0.14 0.74 1.22 1.62 -0.28 -0.20 0.04 0.30 
Loss: 0.787576  SIA Ef: -0.062963 Binding: 0.10 -0.01 -0.10 0.14 0.09 0.29 -0.11 0.50 -0.18 -0.30 -0.22  Rvol: 0.61 1.02 1.45 -0.33 -0.37 -0.14 0.14 0.14 0.74 1.22 1.63 -0.28 -0.20 0.03 0.30 
Loss: 0.784317  SIA Ef: -0.070952 Binding: 0.10 -0.01 -0.11 0.14 0.09 0.29 -0.11 0.50 -0.18 -0.29 -0.22  Rvol: 0.61 1.02 1.45 -0.33 -0.37 -0.14 0.14 0.14 0.74 1.22 1.63 -0.28 -0.20 0.04 0.30 
Loss: 0.784376  SIA Ef: -0.075789 Binding: 0.10 -0.01 -0.10 0.14 0.09 0.29 -0.11 0.50 -0.18 -0.29 -0.21  Rvol: 0.61 1.02 1.45 -0.33 -0.37 -0.14 0.14 0.14 0.74 1.22 1.63 -0.28 -0.20 0.03 0.30 
Loss: 0.788315  SIA Ef: -0.069672 Binding: 0.10 -0.01 -0.12 0.14 0.08 0.29 -0.11 0.51 -0.17 -0.29 -0.21  Rvol: 0.61 1.02 1.45 -0.33 -0.37 -0.14 0.14 0.14 0.74 1.22 1.63 -0.28 -0.20 0.04 0.30 
Loss: 0.785893  SIA Ef: -0.078098 Binding: 0.10 -0.01 -0.10 0.14 0.09 0.29 -0.11 0.50 -0.18 -0.30 -0.22  Rvol: 0.61 1.01 1.45 -0.33 -0.37 -0.14 0.14 0.14 0.74 1.22 1.62 -0.28 -0.20 0.03 0.30 
Loss: 0.785829  SIA Ef: -0.077133 Binding: 0.10 -0.00 -0.11 0.14 0.09 0.29 -0.11 0.51 -0.18 -0.29 -0.21  Rvol: 0.61 1.01 1.45 -0.33 -0.37 -0.14 0.14 0.14 0.74 1.22 1.62 -0.28 -0.20 0.04 0.30 
Loss: 0.788977  SIA Ef: -0.083374 Binding: 0.10 -0.01 -0.10 0.14 0.08 0.29 -0.11 0.51 -0.18 -0.29 -0.21  Rvol: 0.61 1.01 1.45 -0.33 -0.37 -0.14 0.14 0.14 0.74 1.22 1.63 -0.28 -0.20 0.04 0.30 
Loss: 0.784399  SIA Ef: -0.074601 Binding: 0.10 -0.01 -0.10 0.14 0.09 0.29 -0.11 0.50 -0.18 -0.29 -0.22  Rvol: 0.61 1.02 1.45 -0.33 -0.37 -0.14 0.14 0.14 0.74 1.22 1.63 -0.28 -0.20 0.04 0.30 
Loss: 0.788691  SIA Ef: -0.057755 Binding: 0.11 -0.01 -0.11 0.14 0.09 0.29 -0.11 0.51 -0.18 -0.29 -0.22  Rvol: 0.61 1.02 1.45 -0.33 -0.37 -0.14 0.14 0.14 0.74 1.22 1.63 -0.28 -0.20 0.04 0.30 
Loss: 0.782937  SIA Ef: -0.066241 Binding: 0.10 -0.00 -0.10 0.14 0.09 0.29 -0.11 0.50 -0.18 -0.29 -0.22  Rvol: 0.61 1.02 1.45 -0.33 -0.37 -0.14 0.14 0.14 0.74 1.22 1.63 -0.28 -0.20 0.04 0.30 
Loss: 0.784959  SIA Ef: -0.066674 Binding: 0.10 -0.00 -0.11 0.14 0.09 0.29 -0.11 0.50 -0.18 -0.29 -0.22  Rvol: 0.61 1.02 1.45 -0.33 -0.37 -0.14 0.14 0.14 0.74 1.22 1.63 -0.28 -0.20 0.03 0.30 
Loss: 0.787985  SIA Ef: -0.090110 Binding: 0.10 -0.00 -0.12 0.14 0.09 0.29 -0.11 0.50 -0.17 -0.29 -0.22  Rvol: 0.60 1.01 1.45 -0.33 -0.37 -0.14 0.14 0.14 0.74 1.22 1.62 -0.28 -0.20 0.04 0.30 
Loss: 0.785677  SIA Ef: -0.063496 Binding: 0.10 -0.00 -0.10 0.14 0.09 0.29 -0.11 0.50 -0.18 -0.30 -0.22  Rvol: 0.61 1.02 1.45 -0.33 -0.37 -0.14 0.14 0.14 0.74 1.22 1.63 -0.28 -0.20 0.03 0.30 
Loss: 0.789347  SIA Ef: -0.058741 Binding: 0.10 -0.01 -0.09 0.14 0.08 0.29 -0.12 0.51 -0.18 -0.30 -0.22  Rvol: 0.61 1.02 1.45 -0.33 -0.37 -0.14 0.14 0.14 0.74 1.22 1.63 -0.28 -0.20 0.03 0.30 
Loss: 0.783118  SIA Ef: -0.063668 Binding: 0.10 -0.00 -0.11 0.14 0.09 0.29 -0.11 0.50 -0.18 -0.29 -0.22  Rvol: 0.61 1.02 1.45 -0.33 -0.37 -0.14 0.14 0.14 0.74 1.22 1.63 -0.28 -0.20 0.04 0.30 
Loss: 0.786136  SIA Ef: -0.057876 Binding: 0.10 -0.01 -0.10 0.14 0.08 0.29 -0.12 0.50 -0.18 -0.29 -0.22  Rvol: 0.61 1.02 1.45 -0.33 -0.37 -0.14 0.14 0.14 0.74 1.22 1.63 -0.28 -0.20 0.04 0.30 
Loss: 0.783516  SIA Ef: -0.065027 Binding: 0.10 -0.00 -0.11 0.14 0.09 0.29 -0.12 0.50 -0.18 -0.29 -0.22  Rvol: 0.61 1.02 1.45 -0.33 -0.37 -0.14 0.14 0.14 0.74 1.22 1.63 -0.28 -0.20 0.04 0.30 
Loss: 0.782111  SIA Ef: -0.062769 Binding: 0.10 -0.01 -0.11 0.14 0.08 0.29 -0.11 0.50 -0.18 -0.29 -0.22  Rvol: 0.61 1.02 1.45 -0.33 -0.37 -0.14 0.14 0.14 0.74 1.22 1.63 -0.28 -0.20 0.04 0.30 
Loss: 0.782289  SIA Ef: -0.065417 Binding: 0.10 -0.01 -0.10 0.14 0.09 0.29 -0.11 0.50 -0.18 -0.29 -0.22  Rvol: 0.61 1.02 1.45 -0.33 -0.37 -0.14 0.14 0.14 0.74 1.22 1.63 -0.28 -0.20 0.04 0.30 
Loss: 0.782125  SIA Ef: -0.061856 Binding: 0.10 -0.01 -0.11 0.14 0.08 0.29 -0.11 0.50 -0.18 -0.29 -0.22  Rvol: 0.61 1.02 1.45 -0.33 -0.37 -0.14 0.14 0.14 0.74 1.22 1.63 -0.28 -0.20 0.04 0.30 
Loss: 0.782801  SIA Ef: -0.059040 Binding: 0.10 -0.01 -0.10 0.14 0.08 0.29 -0.11 0.50 -0.18 -0.29 -0.22  Rvol: 0.61 1.02 1.45 -0.33 -0.37 -0.14 0.14 0.14 0.74 1.22 1.62 -0.28 -0.20 0.04 0.30 
Loss: 0.782265  SIA Ef: -0.068108 Binding: 0.10 -0.01 -0.11 0.14 0.09 0.29 -0.11 0.50 -0.18 -0.29 -0.22  Rvol: 0.61 1.02 1.45 -0.33 -0.37 -0.14 0.14 0.14 0.74 1.22 1.63 -0.28 -0.20 0.04 0.30 
Loss: 0.785518  SIA Ef: -0.067611 Binding: 0.10 -0.01 -0.11 0.14 0.08 0.29 -0.11 0.51 -0.18 -0.29 -0.22  Rvol: 0.61 1.02 1.45 -0.33 -0.37 -0.14 0.14 0.14 0.74 1.22 1.63 -0.28 -0.20 0.04 0.30 
Loss: 0.781830  SIA Ef: -0.061292 Binding: 0.10 -0.01 -0.10 0.14 0.08 0.29 -0.11 0.50 -0.18 -0.29 -0.22  Rvol: 0.61 1.02 1.45 -0.33 -0.37 -0.14 0.14 0.14 0.74 1.22 1.63 -0.28 -0.20 0.04 0.30 
Loss: 0.782928  SIA Ef: -0.056766 Binding: 0.10 -0.01 -0.10 0.14 0.09 0.29 -0.11 0.50 -0.18 -0.29 -0.22  Rvol: 0.61 1.02 1.45 -0.33 -0.37 -0.14 0.14 0.14 0.74 1.22 1.63 -0.28 -0.20 0.04 0.30 
Loss: 0.781529  SIA Ef: -0.061935 Binding: 0.10 -0.01 -0.10 0.14 0.08 0.29 -0.11 0.50 -0.18 -0.29 -0.22  Rvol: 0.61 1.02 1.45 -0.33 -0.37 -0.14 0.14 0.14 0.74 1.22 1.63 -0.28 -0.20 0.04 0.30 
Loss: 0.781467  SIA Ef: -0.059246 Binding: 0.10 -0.01 -0.10 0.14 0.09 0.29 -0.11 0.50 -0.18 -0.29 -0.21  Rvol: 0.61 1.02 1.45 -0.33 -0.37 -0.14 0.14 0.14 0.74 1.22 1.63 -0.28 -0.20 0.04 0.30 
Loss: 0.783551  SIA Ef: -0.060733 Binding: 0.10 -0.01 -0.10 0.14 0.09 0.29 -0.11 0.50 -0.18 -0.29 -0.22  Rvol: 0.61 1.02 1.45 -0.33 -0.37 -0.14 0.14 0.14 0.74 1.22 1.63 -0.28 -0.20 0.03 0.30 
Loss: 0.785428  SIA Ef: -0.057450 Binding: 0.10 -0.01 -0.11 0.14 0.09 0.29 -0.11 0.51 -0.18 -0.29 -0.21  Rvol: 0.61 1.02 1.45 -0.33 -0.37 -0.14 0.14 0.14 0.74 1.22 1.63 -0.28 -0.20 0.04 0.30 
Loss: 0.781394  SIA Ef: -0.057863 Binding: 0.10 -0.01 -0.10 0.14 0.08 0.29 -0.11 0.50 -0.18 -0.29 -0.21  Rvol: 0.61 1.02 1.45 -0.33 -0.37 -0.14 0.14 0.14 0.74 1.22 1.63 -0.28 -0.20 0.04 0.30 
Loss: 0.783289  SIA Ef: -0.053366 Binding: 0.10 -0.01 -0.10 0.14 0.09 0.29 -0.11 0.51 -0.18 -0.29 -0.21  Rvol: 0.61 1.02 1.45 -0.33 -0.37 -0.14 0.14 0.14 0.74 1.22 1.63 -0.28 -0.20 0.04 0.30 
Loss: 0.782086  SIA Ef: -0.055844 Binding: 0.10 -0.01 -0.10 0.14 0.08 0.29 -0.11 0.51 -0.18 -0.29 -0.21  Rvol: 0.61 1.02 1.45 -0.33 -0.37 -0.14 0.14 0.14 0.74 1.22 1.63 -0.28 -0.20 0.04 0.30 
Loss: 0.780907  SIA Ef: -0.057561 Binding: 0.10 -0.01 -0.10 0.14 0.08 0.29 -0.11 0.50 -0.18 -0.29 -0.21  Rvol: 0.61 1.02 1.45 -0.33 -0.37 -0.14 0.14 0.14 0.74 1.22 1.63 -0.28 -0.20 0.04 0.30 
Loss: 0.784752  SIA Ef: -0.057607 Binding: 0.10 -0.01 -0.11 0.14 0.08 0.29 -0.11 0.51 -0.18 -0.29 -0.21  Rvol: 0.61 1.02 1.45 -0.33 -0.37 -0.14 0.14 0.14 0.74 1.22 1.63 -0.28 -0.20 0.04 0.30 
Loss: 0.785086  SIA Ef: -0.056828 Binding: 0.10 -0.01 -0.10 0.14 0.08 0.29 -0.11 0.51 -0.18 -0.29 -0.21  Rvol: 0.61 1.02 1.45 -0.33 -0.37 -0.14 0.14 0.14 0.74 1.22 1.63 -0.28 -0.20 0.04 0.30 
Loss: 0.781146  SIA Ef: -0.057091 Binding: 0.10 -0.01 -0.10 0.14 0.08 0.29 -0.11 0.50 -0.18 -0.29 -0.21  Rvol: 0.61 1.02 1.45 -0.33 -0.37 -0.14 0.14 0.14 0.74 1.22 1.63 -0.28 -0.20 0.04 0.30 
Loss: 0.780974  SIA Ef: -0.054878 Binding: 0.10 -0.01 -0.10 0.14 0.08 0.29 -0.11 0.50 -0.18 -0.29 -0.21  Rvol: 0.61 1.02 1.45 -0.33 -0.37 -0.14 0.14 0.14 0.74 1.22 1.63 -0.28 -0.20 0.04 0.30 
Loss: 0.785242  SIA Ef: -0.058882 Binding: 0.10 -0.01 -0.11 0.14 0.08 0.29 -0.11 0.51 -0.18 -0.29 -0.21  Rvol: 0.61 1.02 1.45 -0.33 -0.37 -0.14 0.14 0.14 0.74 1.22 1.63 -0.28 -0.20 0.04 0.30 
Loss: 0.780918  SIA Ef: -0.058055 Binding: 0.10 -0.01 -0.10 0.14 0.08 0.29 -0.11 0.50 -0.18 -0.29 -0.21  Rvol: 0.61 1.02 1.45 -0.33 -0.37 -0.14 0.14 0.14 0.74 1.22 1.63 -0.28 -0.20 0.04 0.30 
Loss: 0.785285  SIA Ef: -0.059165 Binding: 0.10 -0.01 -0.10 0.14 0.08 0.29 -0.11 0.51 -0.18 -0.29 -0.21  Rvol: 0.61 1.02 1.45 -0.33 -0.37 -0.14 0.14 0.14 0.74 1.22 1.63 -0.28 -0.20 0.04 0.30 
Loss: 0.780820  SIA Ef: -0.056984 Binding: 0.10 -0.01 -0.10 0.14 0.08 0.29 -0.11 0.50 -0.18 -0.29 -0.21  Rvol: 0.61 1.02 1.45 -0.33 -0.37 -0.14 0.14 0.14 0.74 1.22 1.63 -0.28 -0.20 0.04 0.30 
Loss: 0.782673  SIA Ef: -0.058870 Binding: 0.10 -0.01 -0.10 0.14 0.08 0.29 -0.11 0.50 -0.18 -0.29 -0.21  Rvol: 0.61 1.02 1.45 -0.33 -0.37 -0.14 0.14 0.14 0.74 1.22 1.63 -0.28 -0.20 0.03 0.30 
Loss: 0.780865  SIA Ef: -0.056246 Binding: 0.10 -0.01 -0.10 0.14 0.08 0.29 -0.11 0.50 -0.18 -0.29 -0.21  Rvol: 0.61 1.02 1.45 -0.33 -0.37 -0.14 0.14 0.14 0.74 1.22 1.63 -0.28 -0.20 0.04 0.30 
Loss: 0.780965  SIA Ef: -0.053044 Binding: 0.10 -0.01 -0.10 0.14 0.08 0.29 -0.11 0.51 -0.18 -0.29 -0.21  Rvol: 0.61 1.02 1.45 -0.33 -0.37 -0.14 0.14 0.14 0.74 1.22 1.63 -0.28 -0.20 0.04 0.30 
Loss: 0.780900  SIA Ef: -0.056741 Binding: 0.10 -0.01 -0.10 0.14 0.08 0.29 -0.11 0.50 -0.18 -0.29 -0.21  Rvol: 0.61 1.02 1.45 -0.33 -0.37 -0.14 0.14 0.14 0.74 1.22 1.63 -0.28 -0.20 0.04 0.30 
Loss: 0.780869  SIA Ef: -0.057135 Binding: 0.10 -0.01 -0.10 0.14 0.08 0.29 -0.11 0.50 -0.18 -0.29 -0.21  Rvol: 0.61 1.02 1.45 -0.33 -0.37 -0.14 0.14 0.14 0.74 1.22 1.63 -0.28 -0.20 0.04 0.30 
Loss: 0.784844  SIA Ef: -0.057031 Binding: 0.10 -0.01 -0.10 0.14 0.08 0.29 -0.11 0.51 -0.18 -0.29 -0.21  Rvol: 0.61 1.02 1.45 -0.33 -0.37 -0.14 0.14 0.14 0.74 1.22 1.63 -0.28 -0.20 0.04 0.30 
Loss: 0.780806  SIA Ef: -0.056873 Binding: 0.10 -0.01 -0.10 0.14 0.08 0.29 -0.11 0.50 -0.18 -0.29 -0.21  Rvol: 0.61 1.02 1.45 -0.33 -0.37 -0.14 0.14 0.14 0.74 1.22 1.63 -0.28 -0.20 0.04 0.30 
Loss: 0.780951  SIA Ef: -0.057801 Binding: 0.10 -0.01 -0.10 0.14 0.08 0.29 -0.11 0.50 -0.18 -0.29 -0.21  Rvol: 0.61 1.02 1.45 -0.33 -0.37 -0.14 0.14 0.14 0.74 1.22 1.63 -0.28 -0.20 0.04 0.30 
Loss: 0.780796  SIA Ef: -0.056373 Binding: 0.10 -0.01 -0.10 0.14 0.08 0.29 -0.11 0.50 -0.18 -0.29 -0.21  Rvol: 0.61 1.02 1.45 -0.33 -0.37 -0.14 0.14 0.14 0.74 1.22 1.63 -0.28 -0.20 0.04 0.30 
Loss: 0.780910  SIA Ef: -0.054601 Binding: 0.10 -0.01 -0.10 0.14 0.08 0.29 -0.11 0.50 -0.18 -0.29 -0.21  Rvol: 0.61 1.02 1.45 -0.33 -0.37 -0.14 0.14 0.14 0.74 1.22 1.63 -0.28 -0.20 0.04 0.30 
Loss: 0.780636  SIA Ef: -0.057293 Binding: 0.10 -0.01 -0.10 0.14 0.08 0.29 -0.11 0.50 -0.18 -0.29 -0.21  Rvol: 0.61 1.02 1.45 -0.33 -0.37 -0.14 0.14 0.14 0.74 1.22 1.63 -0.28 -0.20 0.04 0.30 
Loss: 0.780666  SIA Ef: -0.057324 Binding: 0.10 -0.01 -0.10 0.14 0.08 0.29 -0.11 0.50 -0.18 -0.29 -0.21  Rvol: 0.61 1.02 1.45 -0.33 -0.37 -0.14 0.14 0.14 0.74 1.22 1.63 -0.28 -0.20 0.04 0.30 
Loss: 0.780623  SIA Ef: -0.057729 Binding: 0.10 -0.01 -0.10 0.14 0.08 0.29 -0.11 0.50 -0.18 -0.29 -0.21  Rvol: 0.61 1.02 1.45 -0.33 -0.37 -0.14 0.14 0.14 0.74 1.22 1.63 -0.28 -0.20 0.04 0.30 
Loss: 0.780502  SIA Ef: -0.058130 Binding: 0.10 -0.01 -0.10 0.14 0.08 0.29 -0.11 0.50 -0.18 -0.29 -0.21  Rvol: 0.61 1.02 1.45 -0.33 -0.37 -0.14 0.14 0.14 0.74 1.22 1.63 -0.28 -0.20 0.04 0.30 
Loss: 0.784549  SIA Ef: -0.058531 Binding: 0.10 -0.01 -0.10 0.14 0.08 0.29 -0.11 0.51 -0.18 -0.29 -0.21  Rvol: 0.61 1.02 1.45 -0.33 -0.37 -0.14 0.14 0.14 0.74 1.22 1.63 -0.28 -0.20 0.04 0.30 
Loss: 0.780504  SIA Ef: -0.058037 Binding: 0.10 -0.01 -0.10 0.14 0.08 0.29 -0.11 0.50 -0.18 -0.29 -0.21  Rvol: 0.61 1.02 1.45 -0.33 -0.37 -0.14 0.14 0.14 0.74 1.22 1.63 -0.28 -0.20 0.04 0.30 
Loss: 0.784555  SIA Ef: -0.058536 Binding: 0.10 -0.01 -0.10 0.14 0.08 0.29 -0.11 0.51 -0.18 -0.29 -0.21  Rvol: 0.61 1.02 1.45 -0.33 -0.37 -0.14 0.14 0.14 0.74 1.22 1.63 -0.28 -0.20 0.04 0.30 
Loss: 0.784688  SIA Ef: -0.058243 Binding: 0.10 -0.01 -0.10 0.14 0.08 0.29 -0.11 0.51 -0.18 -0.29 -0.21  Rvol: 0.61 1.02 1.45 -0.33 -0.37 -0.14 0.14 0.14 0.74 1.22 1.63 -0.28 -0.20 0.04 0.30 
Loss: 0.780505  SIA Ef: -0.057909 Binding: 0.10 -0.01 -0.10 0.14 0.08 0.29 -0.11 0.50 -0.18 -0.29 -0.21  Rvol: 0.61 1.02 1.45 -0.33 -0.37 -0.14 0.14 0.14 0.74 1.22 1.63 -0.28 -0.20 0.04 0.30 
Loss: 0.784683  SIA Ef: -0.058307 Binding: 0.10 -0.01 -0.10 0.14 0.08 0.29 -0.11 0.51 -0.18 -0.29 -0.21  Rvol: 0.61 1.02 1.45 -0.33 -0.37 -0.14 0.14 0.14 0.74 1.22 1.63 -0.28 -0.20 0.04 0.30 
Loss: 0.780499  SIA Ef: -0.057782 Binding: 0.10 -0.01 -0.10 0.14 0.08 0.29 -0.11 0.50 -0.18 -0.29 -0.21  Rvol: 0.61 1.02 1.45 -0.33 -0.37 -0.14 0.14 0.14 0.74 1.22 1.63 -0.28 -0.20 0.04 0.30 
Loss: 0.780504  SIA Ef: -0.058179 Binding: 0.10 -0.01 -0.10 0.14 0.08 0.29 -0.11 0.50 -0.18 -0.29 -0.21  Rvol: 0.61 1.02 1.45 -0.33 -0.37 -0.14 0.14 0.14 0.74 1.22 1.63 -0.28 -0.20 0.04 0.30 
Loss: 0.780381  SIA Ef: -0.058126 Binding: 0.10 -0.01 -0.10 0.14 0.08 0.29 -0.11 0.50 -0.18 -0.29 -0.21  Rvol: 0.61 1.02 1.45 -0.33 -0.37 -0.14 0.14 0.14 0.74 1.22 1.63 -0.28 -0.20 0.04 0.30 
Loss: 0.786653  SIA Ef: -0.058511 Binding: 0.10 -0.01 -0.10 0.14 0.08 0.29 -0.11 0.51 -0.18 -0.29 -0.21  Rvol: 0.61 1.02 1.45 -0.33 -0.37 -0.14 0.14 0.14 0.74 1.22 1.63 -0.28 -0.20 0.03 0.30 
Loss: 0.780382  SIA Ef: -0.058033 Binding: 0.10 -0.01 -0.10 0.14 0.08 0.29 -0.11 0.50 -0.18 -0.29 -0.21  Rvol: 0.61 1.02 1.45 -0.33 -0.37 -0.14 0.14 0.14 0.74 1.22 1.63 -0.28 -0.20 0.04 0.30 
Loss: 0.786651  SIA Ef: -0.058518 Binding: 0.10 -0.01 -0.10 0.14 0.08 0.29 -0.11 0.51 -0.18 -0.29 -0.21  Rvol: 0.61 1.02 1.45 -0.33 -0.37 -0.14 0.14 0.14 0.74 1.22 1.63 -0.28 -0.20 0.03 0.30 
Loss: 0.780379  SIA Ef: -0.057919 Binding: 0.10 -0.01 -0.10 0.14 0.08 0.29 -0.11 0.50 -0.18 -0.29 -0.21  Rvol: 0.61 1.02 1.45 -0.33 -0.37 -0.14 0.14 0.14 0.74 1.22 1.63 -0.28 -0.20 0.04 0.30 
Loss: 0.786654  SIA Ef: -0.058300 Binding: 0.10 -0.01 -0.10 0.14 0.08 0.29 -0.11 0.51 -0.18 -0.29 -0.21  Rvol: 0.61 1.02 1.45 -0.33 -0.37 -0.14 0.14 0.14 0.74 1.22 1.63 -0.28 -0.20 0.03 0.30 
Loss: 0.782606  SIA Ef: -0.058071 Binding: 0.10 -0.01 -0.10 0.14 0.08 0.29 -0.11 0.50 -0.18 -0.29 -0.21  Rvol: 0.61 1.02 1.45 -0.33 -0.37 -0.14 0.14 0.14 0.74 1.22 1.63 -0.28 -0.20 0.03 0.30 
Loss: 0.784551  SIA Ef: -0.057626 Binding: 0.10 -0.01 -0.10 0.14 0.08 0.29 -0.11 0.51 -0.18 -0.29 -0.21  Rvol: 0.61 1.02 1.45 -0.33 -0.37 -0.14 0.14 0.14 0.74 1.22 1.63 -0.28 -0.20 0.04 0.30 
Loss: 0.780380  SIA Ef: -0.057877 Binding: 0.10 -0.01 -0.10 0.14 0.08 0.29 -0.11 0.50 -0.18 -0.29 -0.21  Rvol: 0.61 1.02 1.45 -0.33 -0.37 -0.14 0.14 0.14 0.74 1.22 1.63 -0.28 -0.20 0.04 0.30 
Loss: 0.782601  SIA Ef: -0.058233 Binding: 0.10 -0.01 -0.10 0.14 0.08 0.29 -0.11 0.50 -0.18 -0.29 -0.21  Rvol: 0.61 1.02 1.45 -0.33 -0.37 -0.14 0.14 0.14 0.74 1.22 1.63 -0.28 -0.20 0.03 0.30 
Loss: 0.780380  SIA Ef: -0.058321 Binding: 0.10 -0.01 -0.10 0.14 0.08 0.29 -0.11 0.50 -0.18 -0.29 -0.21  Rvol: 0.61 1.02 1.45 -0.33 -0.37 -0.14 0.14 0.14 0.74 1.22 1.63 -0.28 -0.20 0.04 0.30 
Loss: 0.782602  SIA Ef: -0.058231 Binding: 0.10 -0.01 -0.10 0.14 0.08 0.29 -0.11 0.50 -0.18 -0.29 -0.21  Rvol: 0.61 1.02 1.45 -0.33 -0.37 -0.14 0.14 0.14 0.74 1.22 1.63 -0.28 -0.20 0.03 0.30 
