Start Optimization 
19.585221 -0.529740 -0.223905 -0.189976 -0.450359 0.658612 0.550887 0.303937 0.098937 0.283056 
20.585221 -0.529740 -0.223905 -0.189976 -0.450359 0.658612 0.550887 0.303937 0.098937 0.283056 
20.585221 0.470260 -0.223905 -0.189976 -0.450359 0.658612 0.550887 0.303937 0.098937 0.283056 
20.585221 -0.529740 0.776095 -0.189976 -0.450359 0.658612 0.550887 0.303937 0.098937 0.283056 
20.585221 -0.529740 -0.223905 0.810024 -0.450359 0.658612 0.550887 0.303937 0.098937 0.283056 
20.585221 -0.529740 -0.223905 -0.189976 0.549641 0.658612 0.550887 0.303937 0.098937 0.283056 
20.585221 -0.529740 -0.223905 -0.189976 -0.450359 1.658612 0.550887 0.303937 0.098937 0.283056 
20.585221 -0.529740 -0.223905 -0.189976 -0.450359 0.658612 1.550887 0.303937 0.098937 0.283056 
20.585221 -0.529740 -0.223905 -0.189976 -0.450359 0.658612 1.550887 1.303937 0.098937 0.283056 
20.585221 -0.529740 -0.223905 -0.189976 -0.450359 0.658612 1.550887 0.303937 1.098937 0.283056 
20.585221 -0.529740 -0.223905 -0.189976 -0.450359 0.658612 1.550887 0.303937 0.098937 1.283056 
20.585703 -0.707617 -0.432453 -1.146962 -0.544336 0.653799 1.552498 0.297120 0.087181 1.284763 
20.585366 -0.583379 -0.286793 0.302310 -0.478698 0.657161 1.551373 0.301881 0.095392 1.283571 
20.835220 -0.529062 -0.223905 -0.189976 -0.450359 0.658612 1.550887 0.303937 0.098937 1.283056 
20.833925 -0.029796 -0.238810 -0.168465 -0.457075 0.658268 1.551002 0.303450 0.098097 1.283178 
20.835220 -0.529062 -0.121195 -0.189976 -0.678286 0.658612 1.550887 0.303937 0.098937 1.283056 
20.835277 -0.520838 0.230097 -0.160739 -0.243097 0.658144 1.551043 0.303275 0.097795 1.283222 
20.835220 -0.529207 -0.224075 -0.190755 -0.450435 0.408613 1.550887 0.303937 0.098937 1.283056 
20.836121 -0.583410 -0.450761 -0.625318 -0.527086 0.661747 1.552377 0.297630 0.088062 1.284635 
20.835220 -0.529165 -0.224025 -0.189035 -0.450413 0.658609 1.800885 0.303937 0.098937 1.283056 
20.835778 -0.589031 -0.379883 0.278775 -0.507255 0.658134 1.799495 0.300625 0.093226 1.283885 
20.835221 -0.529336 -0.224225 -0.190905 -0.450503 0.658615 1.800892 0.053944 0.098937 1.283056 
20.836014 -0.574725 -0.422455 -0.642668 -0.517163 0.661599 1.803279 0.054388 0.089270 1.284459 
20.835221 -0.529443 -0.214799 -0.190311 -0.446256 0.658606 1.800895 0.053931 -0.150848 1.283056 
20.835507 -0.537145 0.227000 -0.162524 -0.238206 0.658712 1.801367 0.052055 0.120265 1.283611 
20.835204 -0.523291 -0.224406 -0.190644 -0.450585 0.658611 1.800893 0.053938 0.098927 1.532983 
20.833917 -0.024195 -0.240835 -0.169211 -0.455772 0.658404 1.801088 0.053145 0.098208 1.520981 
20.960144 -0.523770 -0.277962 -0.183369 -0.337681 0.783530 1.675927 0.053886 0.098837 1.532996 
20.818635 -0.590114 -0.376428 0.274171 -0.524642 0.641000 1.816647 0.048817 0.093980 1.534608 
20.833170 -0.529700 0.001827 -0.173199 -0.346452 0.656470 1.803309 0.052957 0.109596 1.533535 
20.829077 -0.558192 -0.265044 -0.434301 -0.462005 0.653653 1.808925 0.053852 0.097616 1.534720 
20.834411 -0.398358 -0.225396 -0.188286 -0.450593 0.658109 1.801453 0.053702 0.098908 1.530004 
20.816344 -0.398865 -0.248619 -0.185208 -0.401828 0.640031 1.819510 0.053680 0.098869 1.530010 
20.833671 -0.396915 -0.247203 -0.068202 -0.477469 0.657198 1.802087 0.052057 0.098298 1.530084 
20.808896 -0.398430 -0.225423 -0.188196 -0.450596 0.709139 1.826969 0.053703 0.098906 1.530005 
20.833478 -0.384646 -0.274295 -0.293506 -0.494761 0.654692 1.803854 0.052126 0.097255 1.530555 
20.878602 -0.398274 -0.224777 -0.188070 -0.450301 0.658108 1.845645 0.053701 0.098938 1.530005 
20.877007 -0.390638 -0.108375 -0.203394 -0.408562 0.656229 1.845966 0.052426 0.104635 1.530370 
20.883269 -0.398334 -0.226827 -0.188260 -0.446106 0.662776 1.840979 -0.008098 0.098934 1.530005 
20.941086 -0.395637 -0.245464 -0.190556 -0.394363 0.720264 1.783250 0.073551 0.099273 1.530074 
20.878642 -0.404512 -0.227070 -0.188333 -0.451357 0.658136 1.845616 0.053716 0.160986 1.533312 
20.879862 -0.513700 -0.221872 -0.194491 -0.451022 0.658886 1.844671 0.054733 0.147218 1.592001 
20.878898 -0.433667 -0.224308 -0.190194 -0.453963 0.656159 1.839462 0.053816 0.161020 1.478572 
20.880017 -0.404975 -0.251646 -0.187282 -0.404079 0.696911 1.950519 0.057121 0.162600 1.517185 
20.880738 -0.393978 -0.218491 -0.068050 -0.480685 0.657454 1.843509 0.060243 0.164554 1.526420 
20.877439 -0.391019 -0.237900 -0.243305 -0.474342 0.654031 1.845181 0.057983 0.162695 1.529184 
20.891154 -0.405226 -0.249330 -0.186390 -0.447974 0.670691 1.833933 0.057454 0.160139 1.533267 
20.895502 -0.398478 -0.186414 -0.198281 -0.416347 0.675469 1.829644 0.060208 0.164015 1.532211 
20.894213 -0.393092 -0.172073 -0.172289 -0.423053 0.673164 1.830615 0.062142 0.165888 1.529730 
20.893649 -0.416403 -0.160531 -0.161554 -0.426121 0.672323 1.832528 0.063790 0.163794 1.542518 
20.897086 -0.416390 -0.160028 -0.161811 -0.427492 0.681421 1.844565 0.063718 0.163873 1.540945 
20.883816 -0.415344 -0.158654 -0.145200 -0.407421 0.662439 1.844675 0.065687 0.165160 1.539797 
20.905954 -0.416274 -0.160500 -0.161946 -0.426239 0.663283 1.835820 0.063780 0.163804 1.542484 
20.904330 -0.409164 -0.138898 -0.154105 -0.445261 0.659416 1.835784 0.066983 0.166259 1.541008 
20.916986 -0.408664 -0.144395 -0.132217 -0.448602 0.670294 1.824102 0.073345 0.166891 1.541167 
20.904573 -0.410695 -0.139563 -0.154179 -0.445309 0.659657 1.835543 0.063891 0.181456 1.541818 
20.906496 -0.409776 -0.135125 -0.148954 -0.445061 0.661091 1.833631 0.034081 0.175928 1.541558 
20.904537 -0.403447 -0.140339 -0.153948 -0.444566 0.660188 1.837058 0.063856 0.181434 1.555523 
20.908164 -0.420153 -0.116955 -0.169760 -0.438501 0.661338 1.832668 0.070327 0.184953 1.544855 
20.895095 -0.418897 -0.153368 -0.152843 -0.465744 0.648779 1.844791 0.063109 0.181449 1.544065 
20.893639 -0.406930 -0.157868 -0.156162 -0.468591 0.646787 1.845431 0.063079 0.183441 1.536918 
20.893212 -0.418885 -0.153587 -0.152432 -0.464737 0.644072 1.838998 0.063177 0.181433 1.544802 
20.889754 -0.418174 -0.151805 -0.144008 -0.459149 0.643490 1.852322 0.064417 0.182600 1.542227 
20.901283 -0.418990 -0.153313 -0.153297 -0.465532 0.644323 1.846410 0.063119 0.181437 1.544124 
20.897786 -0.425883 -0.146966 -0.162078 -0.470890 0.640775 1.848870 0.066559 0.183870 1.545510 
20.902341 -0.417406 -0.149279 -0.149177 -0.469995 0.644700 1.845103 0.064516 0.182035 1.543824 
20.906565 -0.422751 -0.159478 -0.142546 -0.472447 0.648079 1.841502 0.068670 0.183458 1.544020 
20.902573 -0.420534 -0.148431 -0.148691 -0.470298 0.644625 1.844212 0.061180 0.181391 1.537675 
20.903104 -0.419541 -0.149321 -0.145571 -0.473548 0.644689 1.844350 0.047800 0.179645 1.543975 
20.901563 -0.420589 -0.149422 -0.148530 -0.472206 0.643484 1.845199 0.062561 0.174238 1.537506 
20.908411 -0.418093 -0.142389 -0.148560 -0.461691 0.650708 1.838540 0.062435 0.176809 1.536353 
20.902444 -0.414788 -0.150942 -0.150199 -0.471993 0.644068 1.843931 0.061127 0.182590 1.533839 
20.901758 -0.419751 -0.148671 -0.145986 -0.468386 0.643793 1.845620 0.061149 0.181417 1.537152 
20.901054 -0.424642 -0.145322 -0.152012 -0.473084 0.642868 1.845289 0.063270 0.183547 1.537308 
20.903008 -0.428644 -0.149630 -0.150346 -0.475367 0.644412 1.843299 0.065775 0.184967 1.537168 
20.906537 -0.432263 -0.149510 -0.151090 -0.475379 0.647655 1.839445 0.068812 0.184958 1.536605 
20.907479 -0.432267 -0.149403 -0.151290 -0.475887 0.650009 1.842342 0.068753 0.184962 1.536249 
20.907208 -0.435428 -0.151944 -0.150351 -0.479806 0.647696 1.838447 0.064955 0.186165 1.539283 
20.907408 -0.433273 -0.155900 -0.152215 -0.483797 0.647211 1.837417 0.066581 0.188587 1.535893 
20.910450 -0.433274 -0.155886 -0.152285 -0.483581 0.644938 1.838307 0.066584 0.188583 1.535892 
20.906116 -0.437269 -0.158272 -0.147348 -0.483828 0.646066 1.838678 0.068825 0.190919 1.535053 
20.904156 -0.442806 -0.157716 -0.146133 -0.486110 0.644065 1.839847 0.070805 0.194073 1.534499 
20.904239 -0.445649 -0.157381 -0.143129 -0.485213 0.644152 1.839079 0.068055 0.198664 1.530788 
20.903024 -0.449532 -0.161886 -0.146080 -0.481714 0.643528 1.840251 0.067316 0.199597 1.530544 
20.904525 -0.444625 -0.157333 -0.143374 -0.484476 0.644585 1.839026 0.068770 0.201492 1.532984 
20.904148 -0.447139 -0.156872 -0.137549 -0.487657 0.643933 1.838735 0.070572 0.204037 1.532713 
20.905424 -0.448476 -0.156680 -0.138358 -0.487718 0.645995 1.836556 0.071989 0.203884 1.532373 
20.900170 -0.447768 -0.155611 -0.140709 -0.490883 0.648312 1.835165 0.071291 0.206120 1.530513 
20.899442 -0.447540 -0.155641 -0.140745 -0.490365 0.645883 1.832268 0.071316 0.206035 1.530834 
20.903647 -0.448019 -0.154001 -0.144107 -0.494367 0.645815 1.835645 0.071324 0.209090 1.527808 
20.903117 -0.446827 -0.154001 -0.143905 -0.492970 0.645491 1.836172 0.073918 0.209392 1.525719 
20.901596 -0.449503 -0.147261 -0.144368 -0.490672 0.645807 1.836701 0.073921 0.209891 1.525727 
20.903910 -0.446241 -0.154033 -0.142756 -0.491618 0.646300 1.835314 0.071687 0.210654 1.523938 
20.903887 -0.441963 -0.156483 -0.142372 -0.495424 0.649807 1.832813 0.072703 0.211075 1.522412 
20.904118 -0.445467 -0.154266 -0.143182 -0.490669 0.646692 1.835334 0.072350 0.213518 1.526102 
20.902315 -0.449704 -0.159253 -0.145044 -0.489445 0.646801 1.835775 0.072372 0.216309 1.524684 
20.901818 -0.450592 -0.159076 -0.142023 -0.490971 0.645976 1.836172 0.072896 0.217580 1.524637 
20.898826 -0.447275 -0.160140 -0.141403 -0.491363 0.642482 1.840283 0.070085 0.219107 1.524921 
20.907300 -0.451598 -0.161311 -0.138367 -0.489533 0.644207 1.837060 0.074730 0.218168 1.526022 
20.900597 -0.452074 -0.156599 -0.141237 -0.490852 0.646804 1.835901 0.073501 0.219495 1.524553 
20.899709 -0.451348 -0.156845 -0.140338 -0.492850 0.648635 1.834493 0.074477 0.221139 1.524256 
20.900108 -0.451478 -0.156809 -0.140058 -0.493001 0.649806 1.835657 0.074017 0.220913 1.523515 
20.899786 -0.452075 -0.156198 -0.138636 -0.492576 0.649245 1.833789 0.072460 0.220785 1.521070 
20.901016 -0.451732 -0.156428 -0.140894 -0.494052 0.649269 1.835684 0.073602 0.221565 1.523216 
20.900827 -0.453182 -0.156363 -0.140367 -0.494952 0.650069 1.835095 0.071263 0.221407 1.525571 
20.900362 -0.454263 -0.157612 -0.140844 -0.494674 0.650082 1.835216 0.071288 0.222056 1.525210 
20.899262 -0.456457 -0.156445 -0.140821 -0.496806 0.649567 1.835722 0.072565 0.221006 1.524937 
20.901699 -0.455002 -0.157732 -0.140513 -0.494365 0.650502 1.834567 0.072057 0.221827 1.525352 
20.902686 -0.455662 -0.156932 -0.139058 -0.494124 0.649992 1.835408 0.071973 0.224922 1.526046 
20.903062 -0.456399 -0.155071 -0.140779 -0.493249 0.651504 1.834688 0.071671 0.227022 1.526315 
20.902371 -0.455085 -0.157382 -0.138681 -0.495203 0.650860 1.834694 0.072414 0.225550 1.525898 
20.905132 -0.455994 -0.158210 -0.138196 -0.494852 0.648531 1.836114 0.070844 0.226312 1.526694 
20.902780 -0.455353 -0.157276 -0.139615 -0.494219 0.650490 1.836476 0.072731 0.224872 1.527189 
20.902484 -0.456317 -0.156901 -0.136599 -0.492912 0.651945 1.836931 0.071331 0.224835 1.525200 
20.902049 -0.455747 -0.157017 -0.138407 -0.493365 0.649253 1.834613 0.072481 0.225256 1.526966 
20.902887 -0.455067 -0.157145 -0.139164 -0.493620 0.649928 1.835437 0.072197 0.225125 1.525656 
20.902591 -0.456404 -0.156247 -0.138968 -0.494828 0.649303 1.835842 0.073059 0.225094 1.525405 
20.903222 -0.455380 -0.156422 -0.138769 -0.494167 0.650092 1.835193 0.072155 0.224584 1.526237 
20.901901 -0.454718 -0.156148 -0.138967 -0.494588 0.649529 1.835914 0.071045 0.225171 1.526322 
20.902591 -0.455921 -0.157196 -0.139392 -0.494325 0.650035 1.835038 0.071527 0.224377 1.526194 
20.902972 -0.455669 -0.157055 -0.139102 -0.494274 0.649763 1.835378 0.071876 0.225129 1.526155 
20.903117 -0.456023 -0.157222 -0.138477 -0.494183 0.650071 1.835682 0.071459 0.225260 1.526211 
20.903155 -0.456075 -0.157047 -0.138674 -0.494032 0.650289 1.835552 0.071337 0.225490 1.526309 
20.903159 -0.456730 -0.156537 -0.138896 -0.494205 0.650353 1.835564 0.071413 0.225895 1.526200 
20.903180 -0.457226 -0.156231 -0.139265 -0.494361 0.650611 1.835884 0.071631 0.226225 1.526557 
20.903152 -0.456921 -0.156678 -0.138786 -0.494012 0.650295 1.835332 0.071649 0.225916 1.526339 
20.902813 -0.456939 -0.156274 -0.138489 -0.493962 0.649897 1.834903 0.071271 0.226175 1.526164 
20.902908 -0.457028 -0.156182 -0.138591 -0.493652 0.649678 1.835082 0.071182 0.226039 1.526165 
20.903183 -0.457082 -0.156372 -0.138571 -0.493832 0.650056 1.834615 0.071276 0.226270 1.525361 
20.903186 -0.456972 -0.156337 -0.138349 -0.493777 0.649972 1.834854 0.071502 0.226483 1.525249 
20.903179 -0.457575 -0.156488 -0.138129 -0.494273 0.649829 1.834798 0.071243 0.225839 1.525171 
20.902907 -0.457671 -0.156777 -0.138273 -0.494247 0.649764 1.834905 0.071158 0.225981 1.525082 
20.902859 -0.458344 -0.156335 -0.138394 -0.494501 0.649882 1.834869 0.071213 0.226433 1.525035 
20.903194 -0.457653 -0.156920 -0.138307 -0.494390 0.649534 1.834874 0.071057 0.226172 1.525196 
20.903298 -0.457577 -0.157233 -0.137728 -0.494095 0.649882 1.834901 0.070520 0.226211 1.525269 
20.903028 -0.457130 -0.157150 -0.138321 -0.494514 0.649065 1.834549 0.071263 0.225795 1.524923 
20.903292 -0.457754 -0.156826 -0.138405 -0.494083 0.649307 1.835042 0.070967 0.226037 1.525177 
20.903182 -0.457559 -0.156832 -0.138347 -0.494482 0.649544 1.834969 0.070924 0.226174 1.525120 
20.903363 -0.457537 -0.157009 -0.138514 -0.494549 0.649745 1.835215 0.071070 0.226038 1.525147 
20.903174 -0.457612 -0.156847 -0.138456 -0.494512 0.649583 1.834854 0.070811 0.226066 1.525190 
20.902997 -0.457487 -0.156779 -0.138289 -0.494550 0.649453 1.835133 0.070938 0.226138 1.525509 
20.903184 -0.457419 -0.156817 -0.138451 -0.494367 0.649596 1.834925 0.070930 0.226266 1.525167 
20.903162 -0.457879 -0.156597 -0.138438 -0.494608 0.649576 1.834959 0.070967 0.226402 1.525095 
20.903122 -0.458185 -0.156361 -0.138534 -0.494767 0.649557 1.834918 0.071036 0.226609 1.525035 
20.903072 -0.458240 -0.156207 -0.138408 -0.494983 0.649368 1.834969 0.071048 0.226667 1.524711 
20.902988 -0.458232 -0.156510 -0.138597 -0.494750 0.649530 1.834972 0.070985 0.226681 1.524992 
20.903197 -0.458378 -0.156361 -0.138523 -0.494621 0.649834 1.834918 0.070905 0.226749 1.525281 
20.903099 -0.458127 -0.156433 -0.138500 -0.494924 0.649688 1.834871 0.071095 0.226652 1.525039 
20.903236 -0.458162 -0.156490 -0.138791 -0.494989 0.649728 1.835110 0.071316 0.226517 1.525032 
20.903235 -0.458112 -0.156504 -0.138512 -0.494999 0.649568 1.834865 0.071044 0.226744 1.525110 
20.902979 -0.458040 -0.156390 -0.138458 -0.495105 0.649426 1.834973 0.071096 0.226719 1.525435 
20.903225 -0.457977 -0.156410 -0.138623 -0.495008 0.649614 1.834902 0.070940 0.226814 1.525083 
20.903163 -0.457979 -0.156507 -0.138603 -0.494828 0.649464 1.834575 0.071273 0.226918 1.525121 
20.903237 -0.458158 -0.156461 -0.138614 -0.495039 0.649526 1.834731 0.070972 0.226610 1.525138 
20.902999 -0.458043 -0.156808 -0.138453 -0.495160 0.649674 1.834734 0.070896 0.226807 1.525067 
20.903253 -0.458193 -0.156465 -0.138455 -0.494911 0.649664 1.834809 0.070955 0.226823 1.525227 
20.903242 -0.458184 -0.156417 -0.138381 -0.494915 0.649615 1.834782 0.070918 0.226832 1.525180 
20.903246 -0.458340 -0.156321 -0.138334 -0.494974 0.649649 1.834781 0.070926 0.226969 1.525163 
20.903253 -0.458496 -0.156224 -0.138282 -0.495029 0.649683 1.834781 0.070931 0.227106 1.525147 
20.903309 -0.458345 -0.156253 -0.138342 -0.494926 0.649622 1.834815 0.070960 0.226944 1.525176 
20.903238 -0.458494 -0.156241 -0.138280 -0.495040 0.649689 1.834773 0.070923 0.227111 1.525144 
20.903266 -0.458363 -0.156327 -0.138307 -0.495011 0.649674 1.834853 0.070866 0.226918 1.525162 
20.903237 -0.458492 -0.156240 -0.138282 -0.495037 0.649687 1.834768 0.070927 0.227115 1.525144 
20.903311 -0.458354 -0.156352 -0.138346 -0.494945 0.649684 1.834754 0.070912 0.226972 1.525083 
20.903233 -0.458491 -0.156239 -0.138281 -0.495039 0.649685 1.834770 0.070928 0.227114 1.525149 
20.903218 -0.458629 -0.156149 -0.138199 -0.495096 0.649710 1.834747 0.070916 0.227258 1.525128 
20.903273 -0.458445 -0.156216 -0.138243 -0.495095 0.649739 1.834733 0.070965 0.227099 1.525167 
20.903153 -0.458590 -0.156279 -0.138352 -0.494930 0.649579 1.834842 0.070855 0.227153 1.525111 
20.903152 -0.458550 -0.156310 -0.138296 -0.494897 0.649595 1.834905 0.070884 0.227206 1.525101 
20.903135 -0.458690 -0.156223 -0.138215 -0.494951 0.649616 1.834886 0.070870 0.227352 1.525079 
20.903110 -0.458824 -0.156133 -0.138120 -0.494991 0.649619 1.834860 0.070839 0.227493 1.525050 
20.903138 -0.458746 -0.156273 -0.138155 -0.494936 0.649585 1.834863 0.070912 0.227308 1.525092 
20.903110 -0.458816 -0.156126 -0.138129 -0.494992 0.649623 1.834863 0.070833 0.227499 1.525048 
20.903202 -0.458678 -0.156259 -0.138220 -0.494984 0.649554 1.834881 0.070841 0.227395 1.525114 
20.903177 -0.458804 -0.156162 -0.138133 -0.495026 0.649561 1.834859 0.070804 0.227541 1.525083 
20.903202 -0.458971 -0.156084 -0.138093 -0.495070 0.649608 1.834883 0.070797 0.227675 1.525056 
20.903203 -0.458814 -0.156163 -0.138113 -0.494943 0.649594 1.834857 0.070739 0.227539 1.525122 
20.903089 -0.458693 -0.156146 -0.138027 -0.494979 0.649438 1.834838 0.070739 0.227547 1.525006 
20.903145 -0.458817 -0.156244 -0.138135 -0.495059 0.649600 1.834852 0.070749 0.227546 1.525047 
20.903036 -0.458759 -0.156264 -0.138129 -0.495077 0.649636 1.834734 0.070786 0.227610 1.525198 
20.903150 -0.458835 -0.156260 -0.138194 -0.495004 0.649578 1.834788 0.070767 0.227578 1.525002 
20.903081 -0.458903 -0.156178 -0.138221 -0.495104 0.649515 1.834804 0.070643 0.227439 1.525097 
20.903198 -0.458795 -0.156209 -0.138110 -0.495097 0.649630 1.834775 0.070747 0.227514 1.525023 
20.903168 -0.458729 -0.156379 -0.138055 -0.494968 0.649698 1.834855 0.070670 0.227575 1.525006 
20.903205 -0.458784 -0.156278 -0.138151 -0.495082 0.649555 1.834858 0.070760 0.227566 1.525076 
20.903143 -0.458793 -0.156224 -0.138161 -0.495065 0.649613 1.834862 0.070733 0.227562 1.525042 
20.903140 -0.458778 -0.156247 -0.138153 -0.495043 0.649623 1.834871 0.070822 0.227507 1.525039 
20.903161 -0.458841 -0.156254 -0.138154 -0.495064 0.649631 1.834855 0.070750 0.227546 1.525062 
20.903174 -0.458857 -0.156233 -0.138116 -0.495073 0.649648 1.834869 0.070793 0.227616 1.525044 
20.903169 -0.458876 -0.156205 -0.138133 -0.495092 0.649628 1.834868 0.070807 0.227610 1.525052 
20.903166 -0.458941 -0.156172 -0.138113 -0.495117 0.649641 1.834867 0.070805 0.227667 1.525046 
20.903191 -0.458887 -0.156201 -0.138135 -0.495088 0.649621 1.834892 0.070801 0.227596 1.525021 
20.903164 -0.458837 -0.156208 -0.138149 -0.495076 0.649652 1.834886 0.070884 0.227575 1.525045 
20.903159 -0.458873 -0.156232 -0.138141 -0.495127 0.649625 1.834867 0.070811 0.227614 1.525034 
20.903235 -0.458843 -0.156228 -0.138144 -0.495100 0.649584 1.834875 0.070818 0.227630 1.525089 
