Start Optimization 
17.583574 -0.375457 -0.181995 -0.135068 -0.018537 -0.125840 0.528138 0.250225 -0.755333 0.896330 
18.583574 -0.375457 -0.181995 -0.135068 -0.018537 -0.125840 0.528138 0.250225 -0.755333 0.896330 
17.583574 0.624543 -0.181995 -0.135068 -0.018537 -0.125840 0.528138 0.250225 -0.755333 0.896330 
17.583574 -0.375457 0.818005 -0.135068 -0.018537 -0.125840 0.528138 0.250225 -0.755333 0.896330 
17.583574 -0.375457 -0.181995 0.864932 -0.018537 -0.125840 0.528138 0.250225 -0.755333 0.896330 
17.583574 -0.375457 -0.181995 -0.135068 0.981463 -0.125840 0.528138 0.250225 -0.755333 0.896330 
17.583574 -0.375457 -0.181995 -0.135068 -0.018537 0.874160 0.528138 0.250225 -0.755333 0.896330 
17.583574 -0.375457 -0.181995 -0.135068 -0.018537 -0.125840 1.528138 0.250225 -0.755333 0.896330 
17.583574 -0.375457 -0.181995 -0.135068 -0.018537 -0.125840 0.528138 1.250225 -0.755333 0.896330 
17.583574 -0.375457 -0.181995 -0.135068 -0.018537 -0.125840 0.528138 1.250225 0.244667 0.896330 
17.583574 -0.375457 -0.181995 -0.135068 -0.018537 -0.125840 0.528138 1.250225 -0.755333 1.896330 
17.583143 -0.610928 -0.392751 -1.083444 -0.024487 -0.151480 0.527685 1.250621 -0.759908 1.898035 
17.583397 -0.472299 -0.268673 0.347620 -0.020984 -0.136385 0.527952 1.250388 -0.757214 1.897031 
17.333574 -0.374999 -0.181995 -0.135068 -0.018537 -0.125840 0.528138 1.250225 -0.755333 1.896330 
17.334452 0.123354 -0.210737 -0.106720 -0.019348 -0.129337 0.528076 1.250279 -0.755957 1.896562 
17.333574 -0.374999 -0.174940 -0.135068 -0.268437 -0.125840 0.528138 1.250225 -0.755333 1.896330 
17.333553 -0.368090 0.316999 -0.107842 -0.004228 -0.129198 0.528079 1.250277 -0.755932 1.896553 
17.333572 -0.376488 -0.183328 -0.141066 -0.018575 -0.375760 0.528138 1.250225 -0.755333 1.896330 
17.333172 -0.483776 -0.387603 -0.576786 -0.023004 -0.098582 0.527781 1.250537 -0.758937 1.897673 
17.333574 -0.375046 -0.182037 -0.134835 -0.018538 -0.125845 0.278138 1.250225 -0.755333 1.896330 
17.333154 -0.512747 -0.394717 0.295889 -0.023438 -0.121908 0.529059 1.250483 -0.758311 1.897440 
17.333574 -0.375018 -0.182012 -0.135232 -0.018537 -0.125836 0.528138 1.500225 -0.755333 1.896330 
17.333231 -0.465507 -0.357455 -0.593701 -0.022324 -0.100347 0.528241 1.248751 -0.758478 1.897502 
17.333574 -0.375215 -0.182188 -0.136960 -0.018542 -0.125792 0.528136 1.250224 -1.005326 1.896330 
17.333232 -0.465343 -0.357168 -0.592758 -0.022317 -0.100391 0.528241 1.248753 -0.723611 1.897500 
17.333403 -0.420171 -0.269581 -0.363913 -0.020427 -0.113116 0.528190 1.249489 -0.739472 1.896915 
17.333577 -0.373626 -0.182074 -0.134990 -0.018539 -0.125850 0.528138 1.250225 -0.755335 2.021322 
17.333992 -0.128553 -0.223102 -0.141170 -0.019478 -0.124491 0.528184 1.250019 -0.750176 1.893507 
17.333546 -0.368139 -0.058444 -0.150868 -0.014780 -0.123161 0.528213 1.249957 -0.748840 1.896229 
17.333370 -0.416061 -0.192363 -0.019325 -0.017980 -0.118844 0.528608 1.249456 -0.735715 1.896342 
17.333452 -0.402954 -0.202144 -0.185427 -0.018636 -0.119123 0.528294 1.249724 -0.743613 1.896457 
17.302325 -0.374846 -0.182011 -0.135070 -0.018537 -0.125840 0.528138 1.250225 -0.755333 1.896329 
17.333859 -0.319676 -0.201543 -0.153063 -0.018652 -0.120758 0.528296 1.249783 -0.744705 1.895536 
17.333574 -0.375000 -0.181996 -0.135125 -0.018537 -0.127002 0.559366 1.250225 -0.755333 1.896330 
17.333580 -0.374607 -0.185262 -0.141168 -0.018511 -0.189012 0.557068 1.250104 -0.752442 1.896272 
17.333574 -0.375001 -0.182878 -0.135135 0.012674 -0.127001 0.559366 1.250225 -0.756630 1.896330 
17.333589 -0.373253 -0.188909 -0.146470 -0.022257 -0.127700 0.559365 1.249939 -0.816261 1.896193 
17.333574 -0.374942 -0.180993 -0.135232 -0.018507 -0.126980 0.559367 1.218991 -0.755280 1.896330 
17.333580 -0.368810 -0.124727 -0.158646 -0.018065 -0.126530 0.559406 1.252608 -0.749974 1.896148 
17.333453 -0.403851 -0.199660 -0.095464 -0.024957 -0.123668 0.559899 1.251900 -0.721672 1.895725 
17.333711 -0.349032 -0.194370 -0.140145 -0.019846 -0.124264 0.559524 1.250367 -0.744635 1.895871 
17.333570 -0.376088 -0.182648 -0.136788 -0.018540 -0.126780 0.559372 1.250209 -0.754948 1.880852 
17.333507 -0.390564 -0.193300 -0.160765 -0.018915 -0.123400 0.559470 1.250055 -0.747743 1.884745 
17.333509 -0.391445 -0.204885 -0.158113 -0.019660 -0.123523 0.559469 1.249654 -0.757813 1.884758 
17.333456 -0.401075 -0.175235 -0.182254 -0.022844 -0.119851 0.559755 1.252029 -0.754179 1.882617 
17.333501 -0.391789 -0.193200 -0.157738 -0.018887 -0.108144 0.560043 1.250057 -0.747142 1.884735 
17.333429 -0.407688 -0.201982 -0.144288 -0.019631 -0.110419 0.560046 1.250184 -0.725713 1.883841 
17.333530 -0.389076 -0.215905 -0.149314 -0.020668 -0.106035 0.560267 1.250299 -0.705981 1.882700 
17.349054 -0.407764 -0.201975 -0.144287 -0.019601 -0.110419 0.560046 1.250184 -0.725714 1.883842 
17.333361 -0.409601 -0.203496 -0.144364 0.011477 -0.109881 0.560086 1.250311 -0.724106 1.883627 
17.333428 -0.407722 -0.201201 -0.144857 -0.019556 -0.111067 0.560021 1.234618 -0.725032 1.883896 
17.333399 -0.415124 -0.213471 -0.129045 -0.022611 -0.087912 0.561011 1.248541 -0.731235 1.881138 
17.333384 -0.416920 -0.196283 -0.150130 -0.021958 -0.112297 0.560050 1.251730 -0.716738 1.883178 
17.333344 -0.426208 -0.202537 -0.156417 -0.024193 -0.120556 0.559804 1.252590 -0.714454 1.883071 
17.333384 -0.416895 -0.196269 -0.150107 -0.021958 -0.112592 0.567849 1.251730 -0.716747 1.883526 
17.333377 -0.417981 -0.193229 -0.149121 -0.022401 -0.111579 0.567275 1.252161 -0.713410 1.898354 
17.333376 -0.418309 -0.193082 -0.142882 -0.022484 -0.115263 0.567159 1.252212 -0.710642 1.897506 
17.333367 -0.419059 -0.180592 -0.139725 -0.023826 -0.116887 0.567358 1.253670 -0.702560 1.895120 
17.333329 -0.427331 -0.182849 -0.133286 -0.025394 -0.106722 0.567889 1.253298 -0.698009 1.893624 
17.333371 -0.419724 -0.188734 -0.135903 -0.026039 -0.104617 0.568025 1.253565 -0.686201 1.892986 
17.333366 -0.419870 -0.189230 -0.135641 -0.023439 -0.104267 0.568040 1.260899 -0.686385 1.892942 
17.333325 -0.422527 -0.188556 -0.135971 -0.009156 -0.104323 0.568076 1.256034 -0.683413 1.892793 
17.325513 -0.422488 -0.188561 -0.135971 -0.009171 -0.104323 0.568076 1.256034 -0.683414 1.892793 
17.325486 -0.424366 -0.186704 -0.122363 -0.009512 -0.100806 0.568445 1.257478 -0.677350 1.893512 
17.325512 -0.422696 -0.188703 -0.136105 -0.009227 -0.104824 0.575860 1.256056 -0.683365 1.893138 
17.325458 -0.433868 -0.191692 -0.140253 -0.011925 -0.111546 0.575114 1.257594 -0.677219 1.892965 
17.325451 -0.434778 -0.193045 -0.140259 -0.011961 -0.112176 0.575833 1.257688 -0.677802 1.877466 
17.325454 -0.434051 -0.185041 -0.142778 -0.012594 -0.109925 0.575301 1.258347 -0.674728 1.892251 
17.325411 -0.440723 -0.182663 -0.152571 -0.013841 -0.100552 0.576009 1.259797 -0.672272 1.892440 
17.325454 -0.430962 -0.176594 -0.147127 -0.012339 -0.121006 0.575142 1.260617 -0.670696 1.892037 
17.325441 -0.433190 -0.173904 -0.141589 -0.013302 -0.120242 0.575365 1.261225 -0.666670 1.891876 
17.325447 -0.431402 -0.172258 -0.140180 -0.012939 -0.119210 0.582570 1.261274 -0.666798 1.891986 
17.325436 -0.432986 -0.171210 -0.139573 -0.012047 -0.119534 0.582547 1.263369 -0.669244 1.892102 
17.325436 -0.433910 -0.169460 -0.139305 -0.015091 -0.120198 0.582664 1.255272 -0.668920 1.892027 
17.324857 -0.431871 -0.172042 -0.140193 -0.009372 -0.119107 0.582465 1.260049 -0.666165 1.891946 
17.317856 -0.429900 -0.170597 -0.138888 -0.010345 -0.117795 0.581310 1.260402 -0.665786 1.891655 
17.318046 -0.429405 -0.170188 -0.138785 -0.010270 -0.117467 0.580965 1.260341 -0.665790 1.895472 
17.320940 -0.426154 -0.167363 -0.136066 -0.009899 -0.114935 0.578798 1.260312 -0.664475 1.890027 
17.320931 -0.427503 -0.165823 -0.138408 -0.010253 -0.112821 0.578968 1.260720 -0.663589 1.889950 
17.320586 -0.430254 -0.166408 -0.135825 -0.011379 -0.112682 0.579624 1.261504 -0.656961 1.890229 
17.320141 -0.432037 -0.166610 -0.134427 -0.012488 -0.113221 0.580358 1.262242 -0.649679 1.890387 
17.319685 -0.433659 -0.165363 -0.135925 -0.013639 -0.112730 0.581148 1.263102 -0.642505 1.890361 
17.319243 -0.436202 -0.167405 -0.133995 -0.014817 -0.110166 0.581928 1.263275 -0.636353 1.890531 
17.318784 -0.440036 -0.166634 -0.131345 -0.015390 -0.109723 0.582495 1.265754 -0.630742 1.890732 
17.318818 -0.440793 -0.167425 -0.129216 -0.016483 -0.109271 0.582858 1.265898 -0.623411 1.890624 
17.319011 -0.443469 -0.166720 -0.128962 -0.017371 -0.104799 0.583087 1.267051 -0.617843 1.890313 
17.318668 -0.444491 -0.163081 -0.131733 -0.018017 -0.106343 0.583604 1.268773 -0.612107 1.890191 
17.314603 -0.446472 -0.164485 -0.131834 -0.019036 -0.106249 0.584740 1.269401 -0.609560 1.884770 
17.314314 -0.449968 -0.161743 -0.130633 -0.021689 -0.106693 0.585043 1.263735 -0.609010 1.884967 
17.314511 -0.449330 -0.161022 -0.130065 -0.020572 -0.106289 0.588572 1.263427 -0.609061 1.884866 
17.315531 -0.452598 -0.162745 -0.131610 -0.015372 -0.107306 0.583652 1.261609 -0.607314 1.883932 
17.317344 -0.450809 -0.162543 -0.131150 -0.022798 -0.107352 0.585688 1.264136 -0.609234 1.883493 
17.316197 -0.454272 -0.164920 -0.131843 -0.024830 -0.106923 0.587495 1.265499 -0.604205 1.886113 
17.316179 -0.456304 -0.163825 -0.129304 -0.026459 -0.105689 0.587428 1.267627 -0.597852 1.885664 
17.316178 -0.457482 -0.163259 -0.127886 -0.028422 -0.103899 0.587445 1.268844 -0.590888 1.885129 
17.315655 -0.461765 -0.161062 -0.126137 -0.029616 -0.102296 0.587659 1.272408 -0.586673 1.884971 
17.315032 -0.462438 -0.161307 -0.122430 -0.030727 -0.106519 0.587976 1.273805 -0.581648 1.885132 
17.315189 -0.463979 -0.165063 -0.116617 -0.031457 -0.103648 0.587780 1.273705 -0.580264 1.885112 
17.315726 -0.465335 -0.163507 -0.116021 -0.032567 -0.103878 0.587738 1.270868 -0.580422 1.886109 
17.319841 -0.463918 -0.162200 -0.115095 -0.031670 -0.103425 0.586745 1.272839 -0.578439 1.891560 
17.319462 -0.462554 -0.161681 -0.114623 -0.034836 -0.103177 0.587397 1.273884 -0.579460 1.891899 
17.325433 -0.464676 -0.160930 -0.114120 -0.032552 -0.104425 0.586338 1.273297 -0.577221 1.886764 
17.325164 -0.465148 -0.161530 -0.114642 -0.033547 -0.104820 0.582718 1.273537 -0.577354 1.886822 
17.322672 -0.463191 -0.156943 -0.111387 -0.031767 -0.103914 0.580230 1.273103 -0.574841 1.885184 
17.325193 -0.463968 -0.162296 -0.116219 -0.034533 -0.103503 0.582862 1.272271 -0.574826 1.886562 
17.325076 -0.467982 -0.163687 -0.117769 -0.036485 -0.104909 0.583359 1.272185 -0.568984 1.887197 
17.325951 -0.467512 -0.167279 -0.117849 -0.037568 -0.108975 0.583219 1.269124 -0.564542 1.887760 
17.327279 -0.471592 -0.168900 -0.120655 -0.039096 -0.106656 0.582887 1.267802 -0.559805 1.888094 
17.328211 -0.474934 -0.170118 -0.122978 -0.042992 -0.104811 0.583064 1.267305 -0.555008 1.888581 
17.330376 -0.477379 -0.173139 -0.125366 -0.040338 -0.103461 0.581733 1.263558 -0.551713 1.888608 
17.331051 -0.475937 -0.175953 -0.125147 -0.044766 -0.106760 0.582108 1.261567 -0.547776 1.889272 
17.328508 -0.476221 -0.173219 -0.123507 -0.044697 -0.107639 0.580714 1.261182 -0.541409 1.888319 
17.328259 -0.476197 -0.170014 -0.129024 -0.045074 -0.111409 0.580862 1.261138 -0.538989 1.888479 
17.330123 -0.475144 -0.169791 -0.128732 -0.044340 -0.111127 0.580389 1.262856 -0.537979 1.890872 
17.328533 -0.474639 -0.173530 -0.129232 -0.043716 -0.111551 0.580535 1.267439 -0.533866 1.888524 
17.323246 -0.475006 -0.175030 -0.129660 -0.043665 -0.111032 0.580838 1.266670 -0.532469 1.893777 
17.323514 -0.474255 -0.174640 -0.129549 -0.042947 -0.110321 0.584380 1.266121 -0.531710 1.893657 
17.324812 -0.478240 -0.173997 -0.126058 -0.043563 -0.112808 0.586145 1.266509 -0.527270 1.894808 
17.325815 -0.478632 -0.172780 -0.123412 -0.045704 -0.112331 0.586815 1.265877 -0.520527 1.895316 
17.326565 -0.478061 -0.172038 -0.119822 -0.045790 -0.114043 0.587366 1.264619 -0.514073 1.895791 
17.328281 -0.480408 -0.170962 -0.120160 -0.049544 -0.113501 0.589179 1.265371 -0.508447 1.896987 
17.330242 -0.483956 -0.170649 -0.120210 -0.051163 -0.116727 0.591890 1.266362 -0.503982 1.898776 
17.331307 -0.487916 -0.169428 -0.120498 -0.049006 -0.112877 0.591444 1.265808 -0.499222 1.898720 
17.330212 -0.489167 -0.165330 -0.117750 -0.051608 -0.111204 0.592731 1.268956 -0.495650 1.898910 
17.331475 -0.490974 -0.165877 -0.113977 -0.055317 -0.108241 0.594286 1.270044 -0.491812 1.899790 
17.331268 -0.488594 -0.162622 -0.116292 -0.055043 -0.106957 0.599116 1.270195 -0.488037 1.899575 
17.327434 -0.491212 -0.161653 -0.116730 -0.057570 -0.107947 0.599931 1.267223 -0.486466 1.895212 
17.325131 -0.491471 -0.161781 -0.116857 -0.057645 -0.107628 0.600054 1.266119 -0.486447 1.898129 
17.328054 -0.492355 -0.156242 -0.116090 -0.059316 -0.107760 0.599682 1.262290 -0.487261 1.899599 
17.327644 -0.492454 -0.151812 -0.117908 -0.061721 -0.108369 0.596859 1.262845 -0.482593 1.900904 
17.327818 -0.496430 -0.149558 -0.121573 -0.064223 -0.106058 0.598868 1.265142 -0.484864 1.901691 
17.328364 -0.494139 -0.152103 -0.117778 -0.061132 -0.111257 0.598137 1.263267 -0.481825 1.901747 
17.325999 -0.491197 -0.147950 -0.113054 -0.058901 -0.108257 0.597009 1.261139 -0.479918 1.900440 
17.324964 -0.486703 -0.147060 -0.111096 -0.063545 -0.111414 0.598410 1.261541 -0.481066 1.900843 
17.327068 -0.492051 -0.149282 -0.111303 -0.060645 -0.106766 0.597693 1.261079 -0.478324 1.900956 
17.329171 -0.490464 -0.150570 -0.113015 -0.060035 -0.106644 0.597159 1.255159 -0.474619 1.901199 
17.329498 -0.492798 -0.151674 -0.110262 -0.060842 -0.107905 0.590912 1.252863 -0.474869 1.901480 
17.328242 -0.489986 -0.150937 -0.113006 -0.059426 -0.106111 0.597047 1.255016 -0.475021 1.904830 
17.335184 -0.487506 -0.149730 -0.112498 -0.057926 -0.105927 0.596042 1.257862 -0.473652 1.902032 
17.327678 -0.489306 -0.152712 -0.113043 -0.059256 -0.107148 0.596377 1.256634 -0.472854 1.900621 
17.330021 -0.492338 -0.147204 -0.114785 -0.060464 -0.102968 0.600805 1.252773 -0.471518 1.901408 
17.331401 -0.492212 -0.149609 -0.112613 -0.057736 -0.101016 0.605088 1.249453 -0.474072 1.900193 
17.329262 -0.490301 -0.146936 -0.114857 -0.061545 -0.100430 0.599677 1.252441 -0.472448 1.900630 
17.329900 -0.486987 -0.144774 -0.114075 -0.066365 -0.103188 0.602584 1.250728 -0.471403 1.901651 
17.331190 -0.487996 -0.147119 -0.115030 -0.068527 -0.102366 0.602921 1.251386 -0.471562 1.902140 
17.332402 -0.487881 -0.146181 -0.122236 -0.068937 -0.103116 0.603206 1.249982 -0.473552 1.902128 
17.332048 -0.488111 -0.147911 -0.114837 -0.068545 -0.102694 0.600884 1.248566 -0.470295 1.902311 
17.333158 -0.492012 -0.146338 -0.110387 -0.072071 -0.100381 0.599432 1.248659 -0.469044 1.903225 
17.332221 -0.491348 -0.147921 -0.110075 -0.072310 -0.099656 0.599923 1.249168 -0.465856 1.902919 
17.332854 -0.491051 -0.149756 -0.108353 -0.071726 -0.098613 0.602020 1.247639 -0.466091 1.902451 
17.331011 -0.491979 -0.148268 -0.110067 -0.072881 -0.100188 0.599940 1.248761 -0.466206 1.901951 
17.334058 -0.490698 -0.148011 -0.109639 -0.072671 -0.100639 0.598854 1.250549 -0.465344 1.900302 
17.331837 -0.490792 -0.148718 -0.109131 -0.072336 -0.100289 0.599287 1.249675 -0.466344 1.903646 
17.332093 -0.492318 -0.146579 -0.112813 -0.073066 -0.098743 0.599883 1.248837 -0.463989 1.902924 
17.333050 -0.492933 -0.146686 -0.113244 -0.072722 -0.096977 0.602199 1.247039 -0.463171 1.901799 
17.332722 -0.491971 -0.146507 -0.113292 -0.073254 -0.095724 0.601596 1.246850 -0.463767 1.901426 
17.334502 -0.494920 -0.144688 -0.113279 -0.073522 -0.096888 0.601707 1.246299 -0.465088 1.902100 
17.333059 -0.492012 -0.145895 -0.112945 -0.073652 -0.097742 0.602869 1.246548 -0.462898 1.901993 
17.331708 -0.491921 -0.143563 -0.111987 -0.071454 -0.097541 0.602373 1.246171 -0.461795 1.901220 
17.332732 -0.492492 -0.145568 -0.112249 -0.074259 -0.097110 0.603557 1.247815 -0.462699 1.902021 
17.332233 -0.491559 -0.144918 -0.114440 -0.073173 -0.097526 0.605313 1.249172 -0.464230 1.901481 
17.331771 -0.492695 -0.145674 -0.112279 -0.074080 -0.096745 0.603957 1.247241 -0.463041 1.903458 
17.332400 -0.492476 -0.146537 -0.113064 -0.075358 -0.096245 0.603029 1.247646 -0.459357 1.902358 
17.334529 -0.490996 -0.146967 -0.112220 -0.074456 -0.095081 0.603047 1.248206 -0.457859 1.904063 
17.333814 -0.490283 -0.148178 -0.111428 -0.074083 -0.095346 0.603503 1.248230 -0.457773 1.903537 
17.334748 -0.492407 -0.147259 -0.112439 -0.076345 -0.094096 0.602247 1.247200 -0.455235 1.904187 
17.334582 -0.492980 -0.147371 -0.114455 -0.077724 -0.093119 0.602251 1.247183 -0.452415 1.904287 
17.335253 -0.494138 -0.147102 -0.114995 -0.079691 -0.091997 0.602307 1.248006 -0.449865 1.903393 
17.334199 -0.494078 -0.147403 -0.115732 -0.080902 -0.092718 0.599874 1.248656 -0.448160 1.904902 
17.332881 -0.494203 -0.145313 -0.115245 -0.079097 -0.092104 0.599395 1.247841 -0.446167 1.904275 
17.333246 -0.495086 -0.145441 -0.115192 -0.078591 -0.093440 0.600010 1.247972 -0.445595 1.904620 
17.333786 -0.492728 -0.144711 -0.116254 -0.080719 -0.092883 0.599607 1.245464 -0.444816 1.903921 
17.334530 -0.492858 -0.145309 -0.116823 -0.079981 -0.093002 0.598583 1.245361 -0.444792 1.902949 
17.333271 -0.494281 -0.145650 -0.117646 -0.081187 -0.090766 0.599945 1.244126 -0.443619 1.905232 
17.334410 -0.493519 -0.145682 -0.117311 -0.080629 -0.090231 0.599960 1.244486 -0.443100 1.906142 
17.335387 -0.493582 -0.143260 -0.119737 -0.080605 -0.089914 0.599958 1.245728 -0.443539 1.906988 
17.333721 -0.492635 -0.146322 -0.118140 -0.080238 -0.090294 0.600731 1.245102 -0.442626 1.905816 
17.333966 -0.491609 -0.147961 -0.115741 -0.080829 -0.089554 0.600683 1.245251 -0.440441 1.905764 
17.333819 -0.490080 -0.149860 -0.113407 -0.080706 -0.089136 0.600405 1.244635 -0.438812 1.906507 
17.333509 -0.491524 -0.147840 -0.116173 -0.081367 -0.090052 0.599442 1.245967 -0.439898 1.906479 
17.334799 -0.492054 -0.147154 -0.115897 -0.082899 -0.088916 0.600068 1.247900 -0.438106 1.905142 
17.334127 -0.492052 -0.146015 -0.115711 -0.081902 -0.088667 0.599854 1.247610 -0.437245 1.904821 
17.333504 -0.490115 -0.146589 -0.117876 -0.081163 -0.088467 0.601481 1.249114 -0.436469 1.904741 
17.333558 -0.491342 -0.145899 -0.115790 -0.082449 -0.087412 0.599238 1.247486 -0.437929 1.904342 
17.331847 -0.493845 -0.147439 -0.116278 -0.082953 -0.088872 0.600347 1.246956 -0.436296 1.903488 
17.332302 -0.493176 -0.147010 -0.116832 -0.083769 -0.089338 0.600427 1.245745 -0.435768 1.903302 
17.333006 -0.494869 -0.147038 -0.118247 -0.084060 -0.087075 0.600512 1.245042 -0.434646 1.905013 
17.331546 -0.493093 -0.146269 -0.116280 -0.084508 -0.089360 0.601412 1.245859 -0.435978 1.904202 
17.331523 -0.494155 -0.144974 -0.116151 -0.086477 -0.090268 0.601256 1.247197 -0.435194 1.901900 
17.331478 -0.492501 -0.147103 -0.115130 -0.084806 -0.089146 0.601316 1.245793 -0.434843 1.904250 
17.331730 -0.492152 -0.147799 -0.113945 -0.084808 -0.088646 0.602079 1.245352 -0.434200 1.903700 
17.331813 -0.492590 -0.147691 -0.113439 -0.084905 -0.088750 0.601658 1.244894 -0.434472 1.903785 
17.331103 -0.491400 -0.148408 -0.113856 -0.085148 -0.088979 0.601333 1.245813 -0.433146 1.904306 
17.330738 -0.491382 -0.147848 -0.113782 -0.084617 -0.088872 0.601245 1.245635 -0.432759 1.904171 
17.329545 -0.490895 -0.147509 -0.113818 -0.084341 -0.088987 0.602343 1.245185 -0.432989 1.904870 
17.331039 -0.491764 -0.147904 -0.113766 -0.084346 -0.089455 0.601552 1.245686 -0.432400 1.904444 
17.331244 -0.492405 -0.147585 -0.114176 -0.084648 -0.088188 0.601767 1.245611 -0.431591 1.905275 
17.332158 -0.491589 -0.146550 -0.113710 -0.084418 -0.087823 0.601844 1.246136 -0.431482 1.906014 
17.332375 -0.491316 -0.146268 -0.114002 -0.084881 -0.088087 0.601887 1.245597 -0.431230 1.905849 
17.331958 -0.491885 -0.145310 -0.113929 -0.085805 -0.088005 0.602382 1.246248 -0.430444 1.905351 
17.332111 -0.492040 -0.144799 -0.114937 -0.085648 -0.087283 0.602603 1.245773 -0.429157 1.905248 
17.331986 -0.492836 -0.144095 -0.114300 -0.086128 -0.087094 0.602040 1.244728 -0.428699 1.905863 
17.332122 -0.492659 -0.144463 -0.113711 -0.086147 -0.086849 0.602422 1.244515 -0.428387 1.905595 
17.332417 -0.492406 -0.145207 -0.113670 -0.087390 -0.086454 0.603007 1.244487 -0.427539 1.906183 
17.333279 -0.493037 -0.145050 -0.113716 -0.087831 -0.085835 0.604195 1.243969 -0.428099 1.905908 
17.333013 -0.492649 -0.145376 -0.113651 -0.087528 -0.086396 0.602458 1.244712 -0.427424 1.905833 
17.332454 -0.491878 -0.145245 -0.113639 -0.088177 -0.085082 0.601921 1.244546 -0.427819 1.905314 
17.332910 -0.491437 -0.144733 -0.113387 -0.088048 -0.084947 0.601952 1.244815 -0.427795 1.905656 
17.332448 -0.491351 -0.145476 -0.113061 -0.088720 -0.085082 0.602233 1.244127 -0.426329 1.904710 
17.332089 -0.491952 -0.146033 -0.112461 -0.088380 -0.083953 0.602443 1.244773 -0.425498 1.905046 
17.332693 -0.491173 -0.145669 -0.113524 -0.088257 -0.084807 0.602116 1.243644 -0.426115 1.904879 
17.333091 -0.490512 -0.146897 -0.112757 -0.088442 -0.084841 0.601861 1.242771 -0.426206 1.905380 
17.332784 -0.490746 -0.146093 -0.113703 -0.088027 -0.084845 0.602475 1.244106 -0.426269 1.904519 
17.332628 -0.491242 -0.145085 -0.114875 -0.088884 -0.084591 0.602114 1.243773 -0.425034 1.904990 
17.332410 -0.491478 -0.144003 -0.115368 -0.088271 -0.084337 0.601970 1.243374 -0.424124 1.904068 
17.332208 -0.490930 -0.145175 -0.114858 -0.088657 -0.084919 0.601502 1.244027 -0.424819 1.905154 
17.332443 -0.490630 -0.145471 -0.115653 -0.089658 -0.084731 0.601256 1.243476 -0.423822 1.905897 
17.332686 -0.489711 -0.146184 -0.116765 -0.089813 -0.084646 0.601811 1.244124 -0.423301 1.905529 
17.331748 -0.490333 -0.146852 -0.117700 -0.090241 -0.084169 0.601326 1.243792 -0.423879 1.905159 
17.332085 -0.489293 -0.145957 -0.116729 -0.089790 -0.084487 0.602267 1.243897 -0.423405 1.905794 
17.331932 -0.490069 -0.146237 -0.117229 -0.089393 -0.085617 0.603039 1.243721 -0.422835 1.906483 
17.332269 -0.488995 -0.145673 -0.117030 -0.089952 -0.085047 0.602159 1.243583 -0.423833 1.905636 
17.332546 -0.489211 -0.145371 -0.117253 -0.089718 -0.083575 0.602080 1.244604 -0.423124 1.907030 
17.331831 -0.489485 -0.145608 -0.116658 -0.090414 -0.084692 0.602380 1.244401 -0.423310 1.905661 
17.331916 -0.488975 -0.146180 -0.115833 -0.091045 -0.084282 0.602496 1.244091 -0.421945 1.905699 
17.331304 -0.488177 -0.146727 -0.115072 -0.090793 -0.084427 0.601877 1.244623 -0.420864 1.905782 
17.331419 -0.488079 -0.147255 -0.114801 -0.091074 -0.084550 0.601977 1.244832 -0.421360 1.906213 
17.331578 -0.488299 -0.146293 -0.114878 -0.090771 -0.083625 0.602566 1.244183 -0.419648 1.904940 
17.330807 -0.488742 -0.146694 -0.115675 -0.091479 -0.082973 0.601934 1.243431 -0.419078 1.904825 
17.330655 -0.489501 -0.145894 -0.114593 -0.091519 -0.082930 0.601317 1.242567 -0.418879 1.905308 
17.330764 -0.489046 -0.145687 -0.114421 -0.091751 -0.082512 0.600924 1.242574 -0.419260 1.904940 
17.331103 -0.488784 -0.145417 -0.115277 -0.092092 -0.083673 0.601204 1.241719 -0.417990 1.905363 
17.330392 -0.489196 -0.144504 -0.115768 -0.092918 -0.083972 0.601306 1.242191 -0.417163 1.904750 
17.329153 -0.488606 -0.144255 -0.115975 -0.092508 -0.084033 0.601995 1.241151 -0.417142 1.904441 
17.329083 -0.488379 -0.143898 -0.116179 -0.092479 -0.083560 0.602121 1.241362 -0.417050 1.905100 
17.329413 -0.488660 -0.143638 -0.117211 -0.091902 -0.083188 0.601544 1.240946 -0.415855 1.904803 
17.329599 -0.488677 -0.144072 -0.117275 -0.093187 -0.082790 0.602136 1.240381 -0.414819 1.904991 
17.329080 -0.488235 -0.144689 -0.117382 -0.094175 -0.083035 0.601697 1.240238 -0.413637 1.905550 
17.328935 -0.488321 -0.144995 -0.118095 -0.095585 -0.083176 0.601680 1.239622 -0.412953 1.906121 
17.329157 -0.487633 -0.145004 -0.117425 -0.095915 -0.083311 0.602158 1.239772 -0.411382 1.906120 
17.329120 -0.486991 -0.145045 -0.117318 -0.095915 -0.083551 0.601858 1.239892 -0.409588 1.906202 
17.329842 -0.486895 -0.144781 -0.117312 -0.096068 -0.083163 0.602538 1.239569 -0.408049 1.905873 
17.329936 -0.486173 -0.143816 -0.117431 -0.096167 -0.082876 0.603079 1.240044 -0.407448 1.907042 
17.330019 -0.485077 -0.143538 -0.117052 -0.097001 -0.081951 0.602497 1.239957 -0.407211 1.906386 
17.329457 -0.485457 -0.143602 -0.115955 -0.097377 -0.081180 0.602491 1.239874 -0.406050 1.906629 
17.329144 -0.484920 -0.144536 -0.116213 -0.097688 -0.080570 0.603171 1.240734 -0.405204 1.906307 
17.329796 -0.484089 -0.145485 -0.115684 -0.097445 -0.080178 0.603189 1.239946 -0.404742 1.906992 
17.328525 -0.484628 -0.144408 -0.116307 -0.097471 -0.080608 0.603518 1.240220 -0.405218 1.906144 
17.328324 -0.484360 -0.143825 -0.115799 -0.098336 -0.081051 0.603792 1.240533 -0.403969 1.905491 
17.327947 -0.484673 -0.143538 -0.116855 -0.098795 -0.080329 0.603187 1.240279 -0.402867 1.905496 
17.327792 -0.484649 -0.142907 -0.116940 -0.097874 -0.079469 0.602749 1.240736 -0.401857 1.904883 
17.327754 -0.485151 -0.142383 -0.117316 -0.098777 -0.078203 0.603324 1.240535 -0.401329 1.904607 
17.326581 -0.485003 -0.142232 -0.117608 -0.099582 -0.077659 0.602561 1.240950 -0.400603 1.904897 
17.326282 -0.485678 -0.143095 -0.117607 -0.099900 -0.077554 0.601939 1.240472 -0.400241 1.903606 
17.326033 -0.486318 -0.143245 -0.117364 -0.099664 -0.077683 0.602200 1.240480 -0.399911 1.903994 
17.325932 -0.486520 -0.143144 -0.118747 -0.099947 -0.077846 0.602285 1.240561 -0.398617 1.903777 
17.325981 -0.487029 -0.141971 -0.118504 -0.100230 -0.077906 0.601353 1.239562 -0.398227 1.903911 
17.325404 -0.486139 -0.143129 -0.118777 -0.099708 -0.077837 0.602625 1.239970 -0.398577 1.903698 
17.326067 -0.485473 -0.143968 -0.118307 -0.099856 -0.077200 0.602452 1.239479 -0.397575 1.904251 
17.326044 -0.485534 -0.144742 -0.118920 -0.099466 -0.075865 0.601975 1.238965 -0.397510 1.904889 
17.326046 -0.485447 -0.144454 -0.118719 -0.098838 -0.075550 0.601870 1.239283 -0.397199 1.904541 
17.325981 -0.484822 -0.144949 -0.117929 -0.099445 -0.074891 0.602133 1.239183 -0.395910 1.904459 
17.325760 -0.483931 -0.145793 -0.117457 -0.099261 -0.075339 0.601398 1.239159 -0.394817 1.904715 
17.325918 -0.484288 -0.146239 -0.117382 -0.099206 -0.075428 0.601299 1.238827 -0.394831 1.904032 
17.326722 -0.483374 -0.145561 -0.117197 -0.099269 -0.074783 0.602448 1.238828 -0.393977 1.905196 
17.325373 -0.482710 -0.145304 -0.117137 -0.099249 -0.074318 0.603276 1.238136 -0.393709 1.905017 
17.325130 -0.482608 -0.145726 -0.117833 -0.099832 -0.073789 0.603912 1.239312 -0.392901 1.904865 
17.324630 -0.483642 -0.146207 -0.116912 -0.099480 -0.073723 0.604579 1.239700 -0.392626 1.905652 
17.325223 -0.482150 -0.146131 -0.117556 -0.099721 -0.073659 0.604125 1.239582 -0.393484 1.904785 
17.325100 -0.482556 -0.144834 -0.118007 -0.100876 -0.073052 0.603348 1.239226 -0.391890 1.904778 
17.325109 -0.482439 -0.143851 -0.118653 -0.099969 -0.072656 0.603108 1.239580 -0.390850 1.904364 
17.325095 -0.482454 -0.143934 -0.120068 -0.100366 -0.072170 0.602882 1.238916 -0.390200 1.905070 
17.325096 -0.482242 -0.143063 -0.120441 -0.101248 -0.073211 0.603310 1.238981 -0.389321 1.904842 
17.325024 -0.481887 -0.143574 -0.120194 -0.101146 -0.073450 0.602929 1.238895 -0.388791 1.904814 
17.325360 -0.482494 -0.144089 -0.120242 -0.101368 -0.073076 0.603070 1.238202 -0.388118 1.903427 
17.324465 -0.482341 -0.144035 -0.120286 -0.101357 -0.073016 0.603161 1.237973 -0.388227 1.903209 
17.324994 -0.483097 -0.144255 -0.120699 -0.101767 -0.073368 0.601618 1.238928 -0.387931 1.903022 
17.325110 -0.482804 -0.144393 -0.120171 -0.101449 -0.072874 0.603509 1.238731 -0.387751 1.903638 
17.324928 -0.483104 -0.143991 -0.119281 -0.101370 -0.072547 0.603222 1.238019 -0.386443 1.904205 
17.325034 -0.481957 -0.144043 -0.118964 -0.101796 -0.071613 0.603154 1.238110 -0.385300 1.904093 
17.325029 -0.481287 -0.144376 -0.118865 -0.101359 -0.071419 0.603304 1.237773 -0.383607 1.904207 
17.325001 -0.480896 -0.145184 -0.118201 -0.102556 -0.071306 0.603367 1.237107 -0.382938 1.904681 
17.325006 -0.480795 -0.144764 -0.117967 -0.102843 -0.071918 0.603626 1.237326 -0.382724 1.904376 
17.325005 -0.480489 -0.144875 -0.116459 -0.102111 -0.071425 0.603464 1.237750 -0.382384 1.903798 
17.325199 -0.481226 -0.144829 -0.118082 -0.102991 -0.071645 0.603837 1.237015 -0.382587 1.903701 
17.325230 -0.481256 -0.143750 -0.119117 -0.103536 -0.071090 0.604184 1.236812 -0.381815 1.904165 
17.325199 -0.481484 -0.143989 -0.120104 -0.102999 -0.071869 0.604569 1.236152 -0.380726 1.904421 
17.325375 -0.481288 -0.143879 -0.119864 -0.102734 -0.071757 0.605314 1.235860 -0.380971 1.904599 
17.325220 -0.481483 -0.142915 -0.120447 -0.103191 -0.070958 0.604708 1.236170 -0.379440 1.904385 
17.325153 -0.481964 -0.142681 -0.120611 -0.104694 -0.070801 0.604953 1.235457 -0.379012 1.905067 
17.325424 -0.480777 -0.143153 -0.121570 -0.105454 -0.070474 0.605405 1.235766 -0.378765 1.904684 
17.326329 -0.480917 -0.143194 -0.121529 -0.105462 -0.070543 0.605295 1.235971 -0.378671 1.904893 
17.325852 -0.479990 -0.142416 -0.121749 -0.105482 -0.070651 0.604573 1.234519 -0.378975 1.904351 
17.325860 -0.479950 -0.141980 -0.121580 -0.105730 -0.071299 0.604831 1.234783 -0.378913 1.904019 
17.325914 -0.480518 -0.141550 -0.123267 -0.105651 -0.070135 0.604824 1.234675 -0.379269 1.904454 
17.325666 -0.479567 -0.142191 -0.121789 -0.105417 -0.070838 0.604416 1.234796 -0.378995 1.905089 
17.325611 -0.478953 -0.142481 -0.121183 -0.105810 -0.070440 0.604398 1.234519 -0.377388 1.905187 
17.325548 -0.478385 -0.142885 -0.120580 -0.106396 -0.070133 0.604397 1.234134 -0.375859 1.905381 
17.325344 -0.477729 -0.142099 -0.120333 -0.106036 -0.070054 0.604597 1.235065 -0.374587 1.905449 
17.325477 -0.477373 -0.141826 -0.119358 -0.106529 -0.068726 0.604167 1.235395 -0.374964 1.905002 
17.325651 -0.477199 -0.141656 -0.119142 -0.106342 -0.068564 0.604929 1.235071 -0.375130 1.905209 
17.325707 -0.476879 -0.142566 -0.119311 -0.105361 -0.068326 0.603869 1.234970 -0.374182 1.904252 
17.325856 -0.476577 -0.142616 -0.120042 -0.105685 -0.068002 0.604090 1.235055 -0.374156 1.904060 
17.325842 -0.477638 -0.141770 -0.120524 -0.105675 -0.067165 0.603916 1.234392 -0.373410 1.904174 
17.324936 -0.477500 -0.141728 -0.120566 -0.105666 -0.067097 0.604026 1.234187 -0.373506 1.903965 
17.324846 -0.476945 -0.141665 -0.121193 -0.106561 -0.066482 0.603961 1.233978 -0.372272 1.904558 
17.324643 -0.476710 -0.141702 -0.120951 -0.106646 -0.066019 0.603489 1.233425 -0.370673 1.905150 
17.324806 -0.476476 -0.141221 -0.120928 -0.107519 -0.066148 0.603535 1.232839 -0.369280 1.904489 
17.324591 -0.476991 -0.141762 -0.120905 -0.108127 -0.065575 0.604090 1.233129 -0.367827 1.904398 
17.324526 -0.476690 -0.141415 -0.121250 -0.108676 -0.065047 0.603944 1.232824 -0.366162 1.904511 
17.323925 -0.476497 -0.141078 -0.121325 -0.109000 -0.064597 0.603839 1.232349 -0.364513 1.904332 
17.324364 -0.476009 -0.140623 -0.121903 -0.109626 -0.064114 0.603555 1.232139 -0.363116 1.904713 
17.324406 -0.476004 -0.140983 -0.122159 -0.110554 -0.063578 0.603326 1.231165 -0.361910 1.904827 
17.325050 -0.476908 -0.140476 -0.122190 -0.110431 -0.063039 0.603011 1.230668 -0.360624 1.904680 
17.325283 -0.476337 -0.140171 -0.121842 -0.110377 -0.062571 0.604448 1.229916 -0.360256 1.905160 
17.325027 -0.476142 -0.139551 -0.120898 -0.111624 -0.061839 0.604320 1.230047 -0.359882 1.905574 
17.324579 -0.476279 -0.139217 -0.121052 -0.112443 -0.062568 0.604707 1.229752 -0.358859 1.906562 
17.324649 -0.475318 -0.139448 -0.120709 -0.113110 -0.062153 0.604847 1.229586 -0.357427 1.906618 
17.324445 -0.474629 -0.139267 -0.121003 -0.114118 -0.061408 0.605276 1.229353 -0.356268 1.906465 
17.324543 -0.474058 -0.138758 -0.120838 -0.114677 -0.060852 0.605665 1.229475 -0.354718 1.906401 
17.324303 -0.473776 -0.139039 -0.120473 -0.115594 -0.060239 0.606041 1.228853 -0.353420 1.906215 
17.324485 -0.473247 -0.139009 -0.120977 -0.116550 -0.059816 0.605101 1.228879 -0.352305 1.906379 
17.323991 -0.472595 -0.139175 -0.121275 -0.116563 -0.058688 0.605042 1.228915 -0.351471 1.907407 
17.323904 -0.471313 -0.138456 -0.121326 -0.117045 -0.058466 0.604727 1.228046 -0.350772 1.907526 
17.324738 -0.470511 -0.138552 -0.121572 -0.118158 -0.057962 0.605029 1.228034 -0.350029 1.908046 
17.324250 -0.469448 -0.138628 -0.121708 -0.119182 -0.057737 0.604947 1.228503 -0.348983 1.908008 
17.324125 -0.469441 -0.137967 -0.122351 -0.120204 -0.057200 0.604963 1.228207 -0.347806 1.908384 
17.324158 -0.469275 -0.137502 -0.122597 -0.121108 -0.056861 0.604782 1.227934 -0.346349 1.908973 
17.323956 -0.468391 -0.137542 -0.122483 -0.122011 -0.056740 0.604525 1.228176 -0.344963 1.909296 
17.323876 -0.468103 -0.136871 -0.122198 -0.123171 -0.055572 0.604156 1.228330 -0.344397 1.909355 
17.323917 -0.467517 -0.136778 -0.123092 -0.123769 -0.054989 0.604200 1.228117 -0.343022 1.909192 
17.323722 -0.466963 -0.136854 -0.123972 -0.124750 -0.054536 0.604139 1.227698 -0.341871 1.909329 
17.324060 -0.466712 -0.136580 -0.124492 -0.125209 -0.054069 0.604008 1.227290 -0.340256 1.909598 
17.324044 -0.465856 -0.135946 -0.125644 -0.125766 -0.053842 0.603951 1.227788 -0.339421 1.909804 
17.323565 -0.465475 -0.135867 -0.125498 -0.126244 -0.053400 0.605313 1.227380 -0.338468 1.909561 
17.324062 -0.465586 -0.135599 -0.125510 -0.127323 -0.054142 0.605275 1.227143 -0.337979 1.908348 
17.324521 -0.465885 -0.136036 -0.125604 -0.127612 -0.054014 0.605595 1.227608 -0.337991 1.908540 
17.323462 -0.466554 -0.136401 -0.125933 -0.127788 -0.053570 0.605331 1.227985 -0.336824 1.908094 
17.323747 -0.465497 -0.137105 -0.126053 -0.128128 -0.052643 0.605272 1.227467 -0.335986 1.907694 
17.324023 -0.465658 -0.136934 -0.127023 -0.128427 -0.051449 0.605588 1.226498 -0.335804 1.907300 
17.324085 -0.465620 -0.137298 -0.127511 -0.127951 -0.051934 0.605822 1.226331 -0.335650 1.907207 
17.323848 -0.464830 -0.137259 -0.126568 -0.129514 -0.051097 0.605450 1.226124 -0.334790 1.907843 
17.324016 -0.463934 -0.137276 -0.125901 -0.130135 -0.050457 0.605413 1.226100 -0.333480 1.907995 
17.323768 -0.462796 -0.137578 -0.125419 -0.131127 -0.049841 0.605438 1.226106 -0.332603 1.908031 
17.323541 -0.463180 -0.137256 -0.125064 -0.131715 -0.049623 0.605276 1.225914 -0.331032 1.908711 
17.324614 -0.462657 -0.136804 -0.125060 -0.132149 -0.049040 0.605532 1.224794 -0.330843 1.909262 
17.324722 -0.463064 -0.137771 -0.123723 -0.132013 -0.048803 0.605527 1.223942 -0.330696 1.908954 
17.324938 -0.462771 -0.136681 -0.125088 -0.132623 -0.049483 0.605306 1.224736 -0.330739 1.908685 
17.325474 -0.462321 -0.136983 -0.125459 -0.132572 -0.049185 0.603694 1.225009 -0.330427 1.909166 
17.325933 -0.462620 -0.137419 -0.125552 -0.132859 -0.049060 0.604014 1.225474 -0.330442 1.909359 
17.325822 -0.461513 -0.136503 -0.124646 -0.132723 -0.050231 0.603786 1.225497 -0.330325 1.910047 
17.325501 -0.462098 -0.137440 -0.125875 -0.132309 -0.049621 0.603911 1.224750 -0.330041 1.909188 
17.325876 -0.461479 -0.136774 -0.126386 -0.132163 -0.048868 0.604186 1.225130 -0.328820 1.908653 
17.325504 -0.460921 -0.136430 -0.127463 -0.133258 -0.048379 0.604212 1.224882 -0.328094 1.908897 
17.325963 -0.461483 -0.135423 -0.128562 -0.133122 -0.048242 0.604120 1.224580 -0.327222 1.909308 
17.326552 -0.460409 -0.134982 -0.129837 -0.133232 -0.047711 0.604257 1.224484 -0.327364 1.908917 
17.326406 -0.461398 -0.135525 -0.128179 -0.133250 -0.047950 0.604217 1.223906 -0.327107 1.909432 
17.326363 -0.461358 -0.135664 -0.127933 -0.133737 -0.047271 0.604060 1.223389 -0.325452 1.909395 
17.327377 -0.462217 -0.134983 -0.128062 -0.132727 -0.047251 0.603948 1.223021 -0.324830 1.909504 
17.327732 -0.462180 -0.134774 -0.127926 -0.133193 -0.047861 0.603794 1.223057 -0.324722 1.909131 
17.327964 -0.461300 -0.134133 -0.127410 -0.133175 -0.048233 0.604201 1.223341 -0.324254 1.910437 
17.327640 -0.461591 -0.133492 -0.127272 -0.133429 -0.048304 0.605870 1.222887 -0.324051 1.910131 
17.327195 -0.461375 -0.132937 -0.127057 -0.133236 -0.048290 0.605499 1.222523 -0.324155 1.909940 
17.328060 -0.462065 -0.132660 -0.126746 -0.134260 -0.047231 0.605682 1.223531 -0.324372 1.910359 
17.327479 -0.461906 -0.133378 -0.127739 -0.133823 -0.048476 0.605709 1.222511 -0.324136 1.910620 
17.328634 -0.460810 -0.133743 -0.126175 -0.133319 -0.048208 0.606098 1.222451 -0.323307 1.910498 
17.329101 -0.460398 -0.133831 -0.125027 -0.133054 -0.048420 0.606253 1.222774 -0.322009 1.910910 
17.328675 -0.460412 -0.133584 -0.126728 -0.133492 -0.047863 0.606056 1.222483 -0.322793 1.910285 
17.329813 -0.459200 -0.133210 -0.127304 -0.133316 -0.047597 0.606420 1.222239 -0.323322 1.910203 
17.329825 -0.458930 -0.133227 -0.127155 -0.133985 -0.048109 0.606324 1.222372 -0.323406 1.909864 
17.328941 -0.457971 -0.134076 -0.126924 -0.134513 -0.047239 0.606652 1.222265 -0.323650 1.910220 
17.329619 -0.458711 -0.133660 -0.127428 -0.133575 -0.048639 0.606422 1.222052 -0.323250 1.909733 
17.330416 -0.459247 -0.133793 -0.127076 -0.134387 -0.047425 0.606052 1.221407 -0.323029 1.908739 
17.330631 -0.459371 -0.133614 -0.127589 -0.135261 -0.047647 0.605756 1.220303 -0.322630 1.909825 
17.330446 -0.459506 -0.133264 -0.127508 -0.135378 -0.047681 0.606569 1.220057 -0.322534 1.909662 
17.329739 -0.458912 -0.132213 -0.126963 -0.135004 -0.047613 0.605755 1.219258 -0.322583 1.909328 
17.330131 -0.459770 -0.133196 -0.128098 -0.135494 -0.047613 0.606479 1.219993 -0.323133 1.909454 
17.331024 -0.458916 -0.133224 -0.127506 -0.135894 -0.047497 0.606477 1.219944 -0.320860 1.909586 
17.331808 -0.458355 -0.133307 -0.127186 -0.136425 -0.047402 0.606416 1.219617 -0.319319 1.909614 
17.332466 -0.457795 -0.133308 -0.127182 -0.137035 -0.047227 0.606305 1.219361 -0.317713 1.909527 
17.333198 -0.457981 -0.133620 -0.125963 -0.137145 -0.047579 0.607334 1.218782 -0.317700 1.909889 
17.333042 -0.457267 -0.133178 -0.127522 -0.136962 -0.047144 0.606384 1.219227 -0.318127 1.909572 
17.333595 -0.457391 -0.133922 -0.127539 -0.137222 -0.047367 0.605102 1.218923 -0.318383 1.910584 
17.333488 -0.457743 -0.132764 -0.127630 -0.136715 -0.047589 0.606212 1.219285 -0.318015 1.909368 
17.333559 -0.457385 -0.134055 -0.127128 -0.136677 -0.046445 0.605977 1.219190 -0.318348 1.908222 
17.333246 -0.457503 -0.132745 -0.127260 -0.137325 -0.046581 0.606293 1.219537 -0.318276 1.909725 
17.333137 -0.457570 -0.133179 -0.127761 -0.135610 -0.046165 0.606573 1.218879 -0.317640 1.910261 
17.333270 -0.457272 -0.133564 -0.127652 -0.136883 -0.047234 0.606625 1.220020 -0.318027 1.909732 
17.332869 -0.456015 -0.132530 -0.126546 -0.136276 -0.047328 0.605858 1.219471 -0.318104 1.909632 
17.332995 -0.456705 -0.132720 -0.128421 -0.137632 -0.046682 0.607034 1.218075 -0.318384 1.909528 
17.332799 -0.455202 -0.131880 -0.127741 -0.137168 -0.046701 0.606729 1.217903 -0.318455 1.909573 
17.332471 -0.455360 -0.131895 -0.127699 -0.136882 -0.046834 0.606855 1.217906 -0.319292 1.909634 
17.333515 -0.455050 -0.130934 -0.128090 -0.137714 -0.045629 0.606696 1.217453 -0.317682 1.909695 
17.334104 -0.454043 -0.131141 -0.128753 -0.137945 -0.045428 0.607503 1.218418 -0.317255 1.910026 
17.334769 -0.453512 -0.131897 -0.128643 -0.137833 -0.044570 0.607393 1.218317 -0.317310 1.908711 
17.335052 -0.453627 -0.131889 -0.128063 -0.137845 -0.044686 0.608068 1.218090 -0.317254 1.908733 
17.335726 -0.452886 -0.132710 -0.128590 -0.138346 -0.044516 0.606751 1.217773 -0.317288 1.909644 
17.334149 -0.453424 -0.132193 -0.128389 -0.138116 -0.044060 0.607521 1.218318 -0.317209 1.908917 
17.335545 -0.452959 -0.131432 -0.129339 -0.137858 -0.044976 0.607433 1.218421 -0.316165 1.907862 
17.336598 -0.452598 -0.130653 -0.130195 -0.137565 -0.044421 0.607820 1.218644 -0.316930 1.907622 
17.335515 -0.452801 -0.131262 -0.129179 -0.138613 -0.045245 0.607371 1.218596 -0.316517 1.907594 
17.335199 -0.451610 -0.131617 -0.128942 -0.136959 -0.045837 0.607359 1.218578 -0.316423 1.907663 
17.335754 -0.452947 -0.131077 -0.128795 -0.137749 -0.044719 0.607061 1.218893 -0.315977 1.907978 
17.336105 -0.453927 -0.132442 -0.129620 -0.137964 -0.045430 0.607446 1.219455 -0.315872 1.907559 
17.335496 -0.453328 -0.131368 -0.129335 -0.137583 -0.045050 0.606840 1.218156 -0.316544 1.907458 
17.335960 -0.453090 -0.131136 -0.129155 -0.138670 -0.044892 0.607848 1.217597 -0.314756 1.907908 
17.335125 -0.452890 -0.131380 -0.129472 -0.139370 -0.043629 0.607980 1.217748 -0.313927 1.907587 
17.334299 -0.453222 -0.130671 -0.130218 -0.140025 -0.043611 0.608011 1.217958 -0.313050 1.908436 
17.334609 -0.453039 -0.131042 -0.130393 -0.140303 -0.043433 0.607497 1.217782 -0.313162 1.908925 
17.334558 -0.451912 -0.131764 -0.130308 -0.140917 -0.042949 0.607500 1.217499 -0.312011 1.908938 
17.334501 -0.450914 -0.132526 -0.130125 -0.141619 -0.042319 0.607612 1.217161 -0.310928 1.909049 
17.333977 -0.450206 -0.131968 -0.130652 -0.141286 -0.043069 0.607573 1.217585 -0.309882 1.908342 
17.334231 -0.450335 -0.132090 -0.131070 -0.141336 -0.042890 0.606038 1.216858 -0.309722 1.907568 
17.334199 -0.449846 -0.131503 -0.131130 -0.141224 -0.042582 0.606116 1.216449 -0.310001 1.907652 
17.335548 -0.449623 -0.131449 -0.132184 -0.141382 -0.042156 0.606448 1.217129 -0.309991 1.907424 
17.333978 -0.449867 -0.131883 -0.131692 -0.141235 -0.042817 0.606478 1.215993 -0.310207 1.907560 
17.333976 -0.449648 -0.132083 -0.131470 -0.139690 -0.042010 0.605812 1.216684 -0.309773 1.908278 
17.333709 -0.449653 -0.131645 -0.131256 -0.141456 -0.042268 0.605966 1.216919 -0.310429 1.907405 
17.334079 -0.448537 -0.132011 -0.131156 -0.141611 -0.043370 0.605336 1.217136 -0.310894 1.908029 
17.333941 -0.449426 -0.131902 -0.130818 -0.141111 -0.042290 0.606190 1.216863 -0.310621 1.906788 
17.333320 -0.449112 -0.131456 -0.130725 -0.141238 -0.041871 0.606431 1.217035 -0.309106 1.906049 
17.332779 -0.449656 -0.130263 -0.130906 -0.140628 -0.042189 0.606458 1.217569 -0.308620 1.905168 
17.333302 -0.448950 -0.132004 -0.130118 -0.141977 -0.040571 0.606640 1.216623 -0.308294 1.906148 
17.333264 -0.447423 -0.132363 -0.129934 -0.142424 -0.041152 0.606284 1.216793 -0.307530 1.906358 
17.332639 -0.447101 -0.133135 -0.130956 -0.142622 -0.041423 0.607062 1.215911 -0.307271 1.906015 
17.333904 -0.446755 -0.133112 -0.132010 -0.142840 -0.040948 0.607440 1.216568 -0.307045 1.905727 
17.333849 -0.446747 -0.132916 -0.131744 -0.143198 -0.041167 0.608182 1.216825 -0.307171 1.905909 
17.333545 -0.446407 -0.133580 -0.132124 -0.141545 -0.040487 0.607980 1.217125 -0.306738 1.906592 
17.333876 -0.446265 -0.132528 -0.132068 -0.142726 -0.040642 0.607519 1.216157 -0.307330 1.905810 
17.334502 -0.445220 -0.133465 -0.131639 -0.142601 -0.040611 0.608006 1.215787 -0.307539 1.904896 
17.334018 -0.445035 -0.133609 -0.131773 -0.142837 -0.040302 0.607849 1.216255 -0.307986 1.904669 
17.334743 -0.444313 -0.134053 -0.132478 -0.143599 -0.040498 0.608032 1.215323 -0.307136 1.905602 
17.334784 -0.443287 -0.134380 -0.133346 -0.144530 -0.040350 0.608178 1.214962 -0.306243 1.905853 
17.334684 -0.442221 -0.134307 -0.134248 -0.145368 -0.040093 0.608326 1.214547 -0.305332 1.906088 
17.334616 -0.441158 -0.134314 -0.135150 -0.146232 -0.039855 0.608470 1.214134 -0.304435 1.906346 
17.334870 -0.440258 -0.134992 -0.135970 -0.147237 -0.039776 0.608516 1.213713 -0.303960 1.906969 
17.335494 -0.439468 -0.134688 -0.136169 -0.147242 -0.039931 0.609021 1.212730 -0.302769 1.906898 
17.335358 -0.438025 -0.134518 -0.136732 -0.147735 -0.039497 0.609366 1.212311 -0.302118 1.906429 
17.335714 -0.436584 -0.134881 -0.137187 -0.148274 -0.039272 0.609762 1.211630 -0.301595 1.906237 
17.335460 -0.435881 -0.134700 -0.138083 -0.149054 -0.039157 0.609880 1.211461 -0.300273 1.906332 
17.335818 -0.434783 -0.135131 -0.138741 -0.149791 -0.039125 0.610173 1.210859 -0.299354 1.906479 
17.335177 -0.433437 -0.135088 -0.139304 -0.150393 -0.038419 0.610273 1.211015 -0.299398 1.905866 
17.335167 -0.432549 -0.134164 -0.140381 -0.150248 -0.039117 0.610193 1.210650 -0.299759 1.906351 
17.334937 -0.433849 -0.135273 -0.139785 -0.150314 -0.038323 0.610715 1.210597 -0.299565 1.905651 
17.335524 -0.433217 -0.134491 -0.138843 -0.150956 -0.036974 0.610137 1.210666 -0.299049 1.906504 
17.336418 -0.433234 -0.134423 -0.139290 -0.150994 -0.036400 0.608910 1.210582 -0.298626 1.905616 
17.336229 -0.433350 -0.134248 -0.138994 -0.151597 -0.036727 0.608691 1.210145 -0.298772 1.905382 
17.335306 -0.432769 -0.134655 -0.138428 -0.151109 -0.036373 0.607882 1.209439 -0.298066 1.905736 
17.335394 -0.431954 -0.134331 -0.137472 -0.151854 -0.035824 0.608101 1.209612 -0.296980 1.905635 
17.335207 -0.431704 -0.134944 -0.137435 -0.153111 -0.035290 0.607457 1.210138 -0.296769 1.906496 
17.335978 -0.430701 -0.135578 -0.136578 -0.153175 -0.034864 0.607534 1.209610 -0.297549 1.906483 
17.334706 -0.431483 -0.134727 -0.137438 -0.153098 -0.034930 0.607378 1.210492 -0.297206 1.906104 
17.334342 -0.432204 -0.133590 -0.136740 -0.153131 -0.034588 0.606855 1.210908 -0.296417 1.906545 
17.334165 -0.431161 -0.132476 -0.137646 -0.153389 -0.034857 0.606679 1.210623 -0.296076 1.907058 
17.333448 -0.431341 -0.132204 -0.138377 -0.153989 -0.034051 0.607213 1.209993 -0.295109 1.906870 
17.332698 -0.430830 -0.132033 -0.138694 -0.154376 -0.034745 0.607011 1.210526 -0.293795 1.906452 
17.331584 -0.430941 -0.132259 -0.139180 -0.153795 -0.034766 0.605966 1.209784 -0.293645 1.906972 
17.333181 -0.430781 -0.132089 -0.139033 -0.154099 -0.034336 0.606583 1.210703 -0.293539 1.906178 
17.332917 -0.430402 -0.132251 -0.139293 -0.153238 -0.033877 0.607484 1.211520 -0.293105 1.907120 
17.332904 -0.430971 -0.132169 -0.139892 -0.153362 -0.034128 0.607510 1.211876 -0.293331 1.907200 
17.332940 -0.429265 -0.131464 -0.138901 -0.153743 -0.033162 0.607591 1.211119 -0.292207 1.907191 
17.332100 -0.428477 -0.131262 -0.138839 -0.153457 -0.032647 0.606844 1.210216 -0.291480 1.907629 
17.332114 -0.428319 -0.130221 -0.138725 -0.152461 -0.032880 0.607488 1.209609 -0.291026 1.906819 
17.331631 -0.428201 -0.131137 -0.138897 -0.153442 -0.032317 0.606807 1.210534 -0.291976 1.907205 
17.332376 -0.427126 -0.132054 -0.139386 -0.153977 -0.032625 0.607354 1.209610 -0.291237 1.907455 
17.332254 -0.426690 -0.132521 -0.138536 -0.154683 -0.031727 0.607546 1.209574 -0.290103 1.907250 
17.332751 -0.425225 -0.132204 -0.137877 -0.154858 -0.032077 0.606987 1.209954 -0.289892 1.907733 
17.332594 -0.426674 -0.132637 -0.138147 -0.154432 -0.031294 0.607651 1.209204 -0.290596 1.907432 
17.332058 -0.426654 -0.131811 -0.139614 -0.155734 -0.031104 0.607780 1.209310 -0.289514 1.907630 
17.331385 -0.426459 -0.131914 -0.140801 -0.156135 -0.030620 0.608191 1.209362 -0.288476 1.908137 
17.331418 -0.426227 -0.130785 -0.141021 -0.156087 -0.030705 0.608851 1.208651 -0.287690 1.907204 
17.331911 -0.426249 -0.130870 -0.141366 -0.155827 -0.030351 0.608376 1.208808 -0.287497 1.906883 
17.330801 -0.426383 -0.130800 -0.141268 -0.157610 -0.030998 0.608403 1.207805 -0.287600 1.907057 
17.331965 -0.426580 -0.130929 -0.140971 -0.156132 -0.031082 0.608966 1.208435 -0.287282 1.907572 
17.331834 -0.426296 -0.130637 -0.141240 -0.157106 -0.030647 0.610032 1.209661 -0.287919 1.906961 
17.331256 -0.426526 -0.130712 -0.140409 -0.156230 -0.030283 0.608752 1.208862 -0.287239 1.907171 
17.330688 -0.427235 -0.129292 -0.140593 -0.156082 -0.030315 0.608521 1.209197 -0.287187 1.908037 
17.330804 -0.426553 -0.129103 -0.140418 -0.156251 -0.030630 0.608222 1.209503 -0.286918 1.908201 
17.330818 -0.426980 -0.129127 -0.140245 -0.156181 -0.029022 0.609133 1.208243 -0.287369 1.908801 
17.330171 -0.426820 -0.129212 -0.140649 -0.155596 -0.030572 0.608852 1.209038 -0.287439 1.907968 
17.330760 -0.428627 -0.129858 -0.140366 -0.156637 -0.029944 0.608414 1.209465 -0.286209 1.907917 
17.331122 -0.428949 -0.129597 -0.139822 -0.156738 -0.030062 0.608229 1.209342 -0.286656 1.907631 
17.330657 -0.428661 -0.130086 -0.140276 -0.156518 -0.029956 0.608119 1.209417 -0.286323 1.908140 
17.330837 -0.428677 -0.129963 -0.140507 -0.157041 -0.029852 0.608825 1.210062 -0.286655 1.908055 
17.330551 -0.428612 -0.129849 -0.140445 -0.156993 -0.030042 0.608348 1.209259 -0.286268 1.907884 
17.330823 -0.428620 -0.129538 -0.141044 -0.157080 -0.029646 0.608165 1.209257 -0.286207 1.907413 
17.330692 -0.428740 -0.129907 -0.140665 -0.156934 -0.030425 0.608329 1.209277 -0.286272 1.907884 
17.330983 -0.428588 -0.129705 -0.140409 -0.157185 -0.029897 0.608828 1.208770 -0.286084 1.908312 
17.330834 -0.428760 -0.129349 -0.140455 -0.157142 -0.029909 0.608775 1.208852 -0.286075 1.908528 
17.330658 -0.428554 -0.129604 -0.140165 -0.157136 -0.029981 0.609521 1.208695 -0.285848 1.907836 
17.330688 -0.428856 -0.129734 -0.140089 -0.157298 -0.029913 0.609464 1.208795 -0.285565 1.907820 
17.330902 -0.428284 -0.129494 -0.139811 -0.157628 -0.030154 0.609322 1.209111 -0.285166 1.907821 
17.330440 -0.428879 -0.130356 -0.139771 -0.157298 -0.029443 0.609623 1.208424 -0.285573 1.907966 
17.330817 -0.428861 -0.129620 -0.140338 -0.157356 -0.029650 0.609454 1.208743 -0.285514 1.907558 
17.330717 -0.428885 -0.129679 -0.139991 -0.157224 -0.029948 0.609353 1.208652 -0.285525 1.907755 
17.330889 -0.429038 -0.129611 -0.139775 -0.157383 -0.029939 0.609417 1.208724 -0.285822 1.907648 
17.330623 -0.428887 -0.129679 -0.140045 -0.157396 -0.030023 0.609319 1.208551 -0.285555 1.907738 
17.330904 -0.429039 -0.129812 -0.140181 -0.157130 -0.030254 0.609475 1.208608 -0.285474 1.907696 
17.330652 -0.428853 -0.129789 -0.139989 -0.157190 -0.029978 0.609257 1.208744 -0.285569 1.907612 
17.330364 -0.429072 -0.129522 -0.140025 -0.157100 -0.029959 0.609189 1.208889 -0.285566 1.907643 
17.330713 -0.428904 -0.129831 -0.140067 -0.157178 -0.029940 0.609103 1.208739 -0.285653 1.907725 
17.330782 -0.428579 -0.129697 -0.139866 -0.157377 -0.030037 0.609128 1.208898 -0.285359 1.907634 
17.330488 -0.428908 -0.130049 -0.139884 -0.157136 -0.029741 0.609414 1.208533 -0.285610 1.907607 
17.330639 -0.428714 -0.129707 -0.140038 -0.157107 -0.030021 0.609289 1.208702 -0.285707 1.907607 
17.330657 -0.428834 -0.129774 -0.140069 -0.157182 -0.029923 0.609247 1.208724 -0.285520 1.907570 
17.330757 -0.428929 -0.129720 -0.139967 -0.157270 -0.029917 0.609284 1.208769 -0.285677 1.907493 
17.330725 -0.428942 -0.129822 -0.140085 -0.157140 -0.030144 0.609315 1.208744 -0.285532 1.907579 
17.330678 -0.428802 -0.129764 -0.139967 -0.157227 -0.029994 0.609226 1.208780 -0.285528 1.907619 
17.330676 -0.428749 -0.129794 -0.139916 -0.157260 -0.029963 0.609226 1.208775 -0.285488 1.907624 
17.330697 -0.428802 -0.129763 -0.139956 -0.157192 -0.029978 0.609233 1.208801 -0.285522 1.907622 
17.330629 -0.428838 -0.129699 -0.139977 -0.157215 -0.030002 0.609206 1.208819 -0.285522 1.907624 
17.330684 -0.428808 -0.129753 -0.139947 -0.157212 -0.030001 0.609203 1.208751 -0.285520 1.907605 
17.330720 -0.428824 -0.129768 -0.140006 -0.157215 -0.030067 0.609239 1.208789 -0.285511 1.907607 
17.330688 -0.428829 -0.129782 -0.139971 -0.157237 -0.029982 0.609200 1.208786 -0.285519 1.907635 
17.330700 -0.428769 -0.129747 -0.140001 -0.157207 -0.029997 0.609182 1.208774 -0.285588 1.907651 
17.330665 -0.428795 -0.129786 -0.139967 -0.157220 -0.030000 0.609206 1.208799 -0.285537 1.907589 
17.330711 -0.428822 -0.129755 -0.139956 -0.157257 -0.029976 0.609214 1.208813 -0.285578 1.907541 
17.330671 -0.428768 -0.129774 -0.139984 -0.157227 -0.030001 0.609201 1.208792 -0.285565 1.907609 
17.330688 -0.428820 -0.129794 -0.139975 -0.157161 -0.030003 0.609138 1.208811 -0.285561 1.907586 
