Start Optimization 
Loss: 3.379385  SIA Ef: -0.720441 Binding: -0.73 -0.59 0.07 -0.21 -0.65 0.18 -0.28 -0.26 -0.28 -0.71 -0.83  Rvol: 0.53 0.88 1.28 -0.33 -0.29 -0.05 0.19 0.14 0.72 1.17 1.48 -0.28 -0.14 0.11 0.35 
Loss: 3.364537  SIA Ef: -0.660258 Binding: -0.73 -0.58 0.07 -0.20 -0.64 0.17 -0.31 -0.28 -0.29 -0.74 -0.85  Rvol: 0.53 0.89 1.28 -0.33 -0.29 -0.05 0.20 0.14 0.73 1.18 1.49 -0.28 -0.14 0.11 0.36 
Loss: 48.291827  SIA Ef: 4.033007 Binding: 0.71 1.42 4.38 2.14 1.33 0.18 -0.59 0.16 -0.66 -0.86 -0.67  Rvol: 0.73 1.42 2.03 -0.33 -0.02 0.36 0.76 0.14 0.94 1.65 2.28 -0.28 0.13 0.53 0.95 
Loss: 51.791935  SIA Ef: -0.036266 Binding: 0.23 -0.47 -5.47 0.51 -0.79 0.88 -0.18 -0.63 3.90 0.51 1.34  Rvol: 0.53 1.13 1.78 -0.33 -0.09 0.96 0.98 0.14 0.79 1.34 1.44 -0.28 0.20 1.08 1.07 
Loss: 220.944561  SIA Ef: 11.302950 Binding: 2.46 0.39 8.09 2.50 0.59 1.11 -1.63 0.65 -0.95 -1.38 -1.45  Rvol: 1.27 2.03 2.96 -0.33 -0.22 -0.02 0.42 0.14 1.36 2.25 3.00 -0.28 -0.05 0.18 0.60 
Loss: 5.550341  SIA Ef: -0.660258 Binding: -0.73 -0.58 0.07 -0.20 -0.64 -0.20 0.89 0.27 -0.83 -1.24 -0.78  Rvol: 0.53 0.89 1.28 -0.33 -0.29 -0.05 0.20 0.14 0.73 1.07 1.50 -0.28 -0.02 0.15 0.45 
Loss: 6.523795  SIA Ef: -0.660258 Binding: -0.73 -0.58 0.07 -0.20 -0.64 0.01 -0.55 -1.11 -0.43 -0.98 -1.43  Rvol: 0.53 0.89 1.28 -0.33 -0.29 -0.05 0.20 0.14 0.72 1.18 1.45 -0.28 -0.17 0.07 0.29 
Loss: 2.541780  SIA Ef: -0.660258 Binding: -0.73 -0.58 0.07 -0.20 -0.64 0.27 -0.14 0.08 -0.20 -0.57 -0.52  Rvol: 0.53 0.89 1.28 -0.33 -0.29 -0.05 0.20 0.14 0.73 1.17 1.49 -0.28 -0.13 0.12 0.38 
Loss: 13.311125  SIA Ef: -0.660258 Binding: -0.96 -2.18 0.07 -1.18 -2.21 0.27 0.10 0.49 -0.20 -0.52 -0.35  Rvol: 0.53 1.03 1.38 -0.33 -0.29 -0.02 0.30 0.14 0.73 1.27 1.63 -0.28 -0.13 0.15 0.48 
Loss: 3.191878  SIA Ef: -0.660258 Binding: -0.73 -0.67 0.07 -0.13 -0.73 0.27 -0.59 -0.15 -0.20 -0.60 -0.57  Rvol: 0.53 0.87 1.23 -0.33 -0.29 -0.07 0.14 0.14 0.73 1.11 1.44 -0.28 -0.13 0.10 0.32 
Loss: 2.147221  SIA Ef: -0.660258 Binding: -0.67 -0.45 0.07 -0.20 -0.51 0.27 -0.09 0.16 -0.20 -0.56 -0.49  Rvol: 0.53 0.90 1.30 -0.33 -0.29 -0.04 0.22 0.14 0.73 1.17 1.51 -0.28 -0.13 0.13 0.40 
Loss: 287.382918  SIA Ef: -15.746648 Binding: -0.38 -0.56 -4.56 -0.67 -0.57 0.37 -1.04 -0.04 3.00 -0.53 1.24  Rvol: -0.13 -0.24 -0.56 -0.33 -0.37 -0.63 -0.72 0.14 0.27 -0.23 -0.63 -0.28 -0.33 -0.60 -0.46 
Loss: 50.525245  SIA Ef: 4.978955 Binding: 0.01 -0.53 4.44 0.78 -0.59 -0.06 -0.75 0.42 -0.78 -0.88 -0.82  Rvol: 0.90 1.58 2.15 -0.33 -0.29 -0.10 0.31 0.14 1.05 1.73 2.44 -0.28 -0.11 0.15 0.52 
Loss: 2.132097  SIA Ef: -0.644807 Binding: -0.66 -0.45 0.07 -0.19 -0.50 0.27 -0.09 0.16 -0.20 -0.56 -0.50  Rvol: 0.53 0.90 1.30 -0.33 -0.29 -0.04 0.22 0.14 0.73 1.17 1.51 -0.28 -0.13 0.13 0.40 
Loss: 14.000918  SIA Ef: 2.046789 Binding: -0.09 0.14 2.62 0.90 0.14 0.20 -0.55 0.44 -0.56 -0.66 -0.33  Rvol: 0.64 1.19 1.69 -0.33 -0.16 0.15 0.50 0.14 0.89 1.37 1.98 -0.28 -0.01 0.33 0.70 
Loss: 2.081198  SIA Ef: -0.625068 Binding: -0.67 -0.43 -0.03 -0.21 -0.49 0.46 0.33 0.60 0.02 -0.15 -0.00  Rvol: 0.53 0.89 1.30 -0.33 -0.29 -0.03 0.23 0.14 0.73 1.17 1.50 -0.28 -0.14 0.13 0.38 
Loss: 34.910350  SIA Ef: 0.426431 Binding: -0.33 -0.34 -4.35 1.35 -1.08 0.81 0.42 0.24 2.98 -1.19 1.04  Rvol: 0.49 1.01 1.46 -0.33 -0.24 0.24 0.46 0.14 0.78 1.27 1.42 -0.28 0.04 0.22 0.67 
Loss: 3.078263  SIA Ef: -0.663566 Binding: -0.67 -0.43 -0.05 -0.21 -0.48 0.56 0.48 0.99 0.12 0.01 0.36  Rvol: 0.53 0.89 1.30 -0.33 -0.29 -0.03 0.23 0.14 0.73 1.17 1.50 -0.28 -0.13 0.14 0.40 
Loss: 59.808868  SIA Ef: -7.277133 Binding: -0.08 -0.33 -1.95 -0.19 0.25 0.66 -0.29 0.10 1.25 -0.08 0.40  Rvol: 0.20 0.67 0.52 -0.33 -0.31 -0.23 -0.15 0.14 0.51 0.67 0.51 -0.28 -0.25 -0.12 -0.07 
Loss: 2.210206  SIA Ef: -0.599771 Binding: -0.67 -0.44 -0.01 -0.21 -0.50 0.48 0.36 0.69 0.04 -0.11 0.07  Rvol: 0.53 0.90 1.30 -0.33 -0.29 -0.03 0.23 0.14 0.73 1.18 1.50 -0.28 -0.13 0.13 0.38 
Loss: 46.852173  SIA Ef: 4.180985 Binding: 0.11 -0.40 4.97 1.02 -0.45 0.25 -0.31 0.83 -0.56 -0.52 -0.30  Rvol: 0.89 1.55 2.09 -0.33 -0.30 -0.13 0.25 0.14 1.04 1.68 2.33 -0.28 -0.12 0.09 0.44 
Loss: 1.216251  SIA Ef: -0.057687 Binding: -0.38 0.03 0.50 0.21 0.03 0.43 0.21 0.62 -0.08 -0.18 -0.01  Rvol: 0.55 0.95 1.34 -0.33 -0.27 0.00 0.27 0.14 0.75 1.20 1.56 -0.28 -0.11 0.16 0.42 
Loss: 17.345468  SIA Ef: 2.182818 Binding: 0.04 0.33 3.02 1.11 0.33 0.39 -0.12 0.91 -0.35 -0.27 0.14  Rvol: 0.65 1.23 1.75 -0.33 -0.15 0.17 0.52 0.14 0.89 1.41 2.01 -0.28 0.00 0.34 0.70 
Loss: 1.338954  SIA Ef: -0.071562 Binding: -0.32 0.14 0.49 0.22 0.14 0.43 0.28 0.69 -0.08 -0.16 0.00  Rvol: 0.55 0.95 1.36 -0.33 -0.27 0.01 0.28 0.14 0.75 1.22 1.57 -0.28 -0.11 0.17 0.44 
Loss: 54.504764  SIA Ef: -6.880635 Binding: 0.23 0.15 -1.88 0.12 0.76 0.66 -0.51 0.04 1.26 -0.09 0.35  Rvol: 0.21 0.68 0.54 -0.33 -0.29 -0.19 -0.11 0.14 0.53 0.68 0.54 -0.28 -0.23 -0.07 -0.03 
Loss: 1.247490  SIA Ef: -0.047414 Binding: -0.36 0.05 0.51 0.21 0.06 0.43 0.22 0.64 -0.09 -0.17 -0.01  Rvol: 0.55 0.95 1.35 -0.33 -0.27 0.00 0.27 0.14 0.75 1.20 1.57 -0.28 -0.11 0.17 0.43 
Loss: 55.028584  SIA Ef: 4.457419 Binding: 0.50 0.34 5.39 1.49 0.27 0.33 -0.21 0.88 -0.57 -0.54 -0.28  Rvol: 0.90 1.58 2.12 -0.33 -0.28 -0.10 0.28 0.14 1.06 1.72 2.37 -0.28 -0.10 0.12 0.47 
Loss: 1.496654  SIA Ef: -0.317842 Binding: -0.53 -0.20 0.17 -0.01 -0.23 0.51 0.41 0.67 0.05 -0.02 0.13  Rvol: 0.54 0.92 1.32 -0.33 -0.28 -0.01 0.25 0.14 0.74 1.19 1.51 -0.28 -0.13 0.14 0.39 
Loss: 31.583476  SIA Ef: 0.614949 Binding: -0.50 0.42 -4.08 1.49 -0.60 0.79 0.61 0.17 2.83 -1.18 0.93  Rvol: 0.49 0.90 1.41 -0.33 -0.21 0.23 0.45 0.14 0.78 1.24 1.39 -0.28 0.03 0.23 0.65 
Loss: 13.537192  SIA Ef: -3.457293 Binding: -0.02 0.08 -0.79 0.13 0.44 0.58 -0.15 0.26 0.47 -0.14 0.12  Rvol: 0.38 0.86 0.92 -0.33 -0.27 -0.08 0.09 0.14 0.63 0.90 1.03 -0.28 -0.17 0.06 0.20 
Loss: 1.666734  SIA Ef: -0.063312 Binding: -0.43 0.18 -0.75 0.04 0.20 0.53 0.31 0.45 0.35 -0.11 0.10  Rvol: 0.53 0.89 1.32 -0.33 -0.25 0.03 0.31 0.14 0.74 1.18 1.48 -0.28 -0.10 0.18 0.46 
Loss: 1.120820  SIA Ef: -0.155687 Binding: -0.40 -0.01 0.38 0.15 -0.03 0.43 0.23 0.62 -0.08 -0.17 -0.02  Rvol: 0.55 0.94 1.34 -0.33 -0.28 -0.02 0.24 0.14 0.75 1.19 1.56 -0.28 -0.13 0.14 0.40 
Loss: 6.253567  SIA Ef: 1.557303 Binding: -0.25 -0.34 1.43 0.32 -0.30 0.29 -0.08 0.86 -0.28 -0.23 0.07  Rvol: 0.65 1.13 1.62 -0.33 -0.27 -0.00 0.32 0.14 0.82 1.34 1.85 -0.28 -0.12 0.18 0.49 
Loss: 1.117592  SIA Ef: -0.152858 Binding: -0.40 -0.01 0.38 0.15 -0.03 0.43 0.23 0.62 -0.08 -0.18 -0.03  Rvol: 0.55 0.94 1.34 -0.33 -0.28 -0.02 0.24 0.14 0.75 1.19 1.56 -0.28 -0.13 0.15 0.40 
Loss: 4.423355  SIA Ef: -1.851076 Binding: -0.39 0.23 -0.44 0.08 0.21 0.52 0.22 0.38 0.21 -0.16 0.02  Rvol: 0.46 0.76 1.12 -0.33 -0.28 -0.05 0.17 0.14 0.68 1.04 1.28 -0.28 -0.14 0.10 0.30 
Loss: 0.989579  SIA Ef: -0.194598 Binding: -0.42 -0.05 0.37 0.12 -0.07 0.38 0.13 0.48 -0.13 -0.28 -0.17  Rvol: 0.55 0.94 1.34 -0.33 -0.28 -0.02 0.24 0.14 0.75 1.19 1.55 -0.28 -0.13 0.14 0.40 
Loss: 6.095734  SIA Ef: 1.488742 Binding: -0.26 -0.37 1.48 0.32 -0.32 0.23 -0.22 0.69 -0.35 -0.35 -0.12  Rvol: 0.65 1.13 1.62 -0.33 -0.27 -0.01 0.32 0.14 0.82 1.33 1.85 -0.28 -0.12 0.18 0.48 
Loss: 1.009480  SIA Ef: -0.150039 Binding: -0.40 -0.00 0.41 0.16 -0.02 0.38 0.13 0.50 -0.13 -0.27 -0.15  Rvol: 0.55 0.94 1.34 -0.33 -0.28 -0.02 0.24 0.14 0.75 1.19 1.56 -0.28 -0.12 0.15 0.40 
Loss: 1.303654  SIA Ef: -0.419206 Binding: -0.53 -0.22 0.16 -0.04 -0.26 0.42 0.20 0.59 -0.06 -0.22 -0.05  Rvol: 0.54 0.92 1.32 -0.33 -0.29 -0.04 0.22 0.14 0.74 1.19 1.53 -0.28 -0.13 0.13 0.39 
Loss: 0.862096  SIA Ef: -0.131325 Binding: -0.40 0.03 0.26 0.14 0.01 0.38 0.11 0.45 -0.11 -0.30 -0.17  Rvol: 0.55 0.94 1.34 -0.33 -0.28 -0.01 0.25 0.14 0.75 1.19 1.55 -0.28 -0.12 0.15 0.41 
Loss: 1.960441  SIA Ef: -0.188735 Binding: -0.47 0.15 -0.99 -0.04 0.14 0.49 0.23 0.30 0.39 -0.22 -0.03  Rvol: 0.53 0.88 1.31 -0.33 -0.26 0.01 0.29 0.14 0.73 1.18 1.47 -0.28 -0.10 0.16 0.45 
Loss: 0.858518  SIA Ef: -0.137855 Binding: -0.40 0.03 0.26 0.14 0.00 0.38 0.11 0.45 -0.11 -0.30 -0.17  Rvol: 0.55 0.94 1.34 -0.33 -0.28 -0.01 0.25 0.14 0.75 1.18 1.55 -0.28 -0.12 0.15 0.41 
Loss: 4.204689  SIA Ef: -1.824305 Binding: -0.38 0.24 -0.44 0.09 0.23 0.46 0.08 0.22 0.16 -0.30 -0.15  Rvol: 0.46 0.77 1.13 -0.33 -0.28 -0.05 0.17 0.14 0.68 1.03 1.29 -0.28 -0.14 0.10 0.32 
Loss: 0.858286  SIA Ef: -0.124090 Binding: -0.41 0.00 0.26 0.14 -0.02 0.38 0.10 0.44 -0.11 -0.30 -0.17  Rvol: 0.55 0.94 1.34 -0.33 -0.28 -0.02 0.25 0.14 0.75 1.18 1.55 -0.28 -0.12 0.15 0.41 
Loss: 6.345034  SIA Ef: 1.516897 Binding: -0.24 -0.33 1.51 0.37 -0.26 0.22 -0.35 0.69 -0.38 -0.39 -0.13  Rvol: 0.65 1.13 1.61 -0.33 -0.27 -0.01 0.31 0.14 0.82 1.32 1.85 -0.28 -0.11 0.18 0.49 
Loss: 0.884349  SIA Ef: -0.159820 Binding: -0.45 0.07 -0.37 0.03 0.03 0.44 0.13 0.34 0.09 -0.27 -0.14  Rvol: 0.54 0.91 1.32 -0.33 -0.26 -0.00 0.27 0.14 0.74 1.18 1.51 -0.28 -0.11 0.16 0.42 
Loss: 0.861501  SIA Ef: -0.195136 Binding: -0.44 -0.04 0.19 0.10 -0.07 0.38 0.11 0.45 -0.10 -0.30 -0.16  Rvol: 0.55 0.93 1.33 -0.33 -0.28 -0.03 0.23 0.14 0.74 1.17 1.54 -0.28 -0.13 0.14 0.40 
Loss: 0.906607  SIA Ef: -0.173290 Binding: -0.45 -0.05 0.22 0.11 -0.07 0.40 0.13 0.49 -0.08 -0.28 -0.12  Rvol: 0.55 0.93 1.33 -0.33 -0.27 -0.01 0.25 0.14 0.75 1.17 1.54 -0.28 -0.12 0.16 0.42 
Loss: 0.857624  SIA Ef: -0.123480 Binding: -0.41 0.00 0.26 0.14 -0.02 0.38 0.10 0.44 -0.11 -0.30 -0.18  Rvol: 0.55 0.94 1.34 -0.33 -0.28 -0.02 0.25 0.14 0.75 1.18 1.55 -0.28 -0.12 0.15 0.41 
Loss: 1.656373  SIA Ef: -0.988105 Binding: -0.41 0.13 -0.20 0.09 0.10 0.43 0.10 0.30 0.05 -0.29 -0.17  Rvol: 0.50 0.84 1.22 -0.33 -0.27 -0.03 0.21 0.14 0.72 1.09 1.41 -0.28 -0.13 0.13 0.37 
Loss: 1.278173  SIA Ef: 0.300237 Binding: -0.40 -0.10 0.50 0.18 -0.07 0.35 0.06 0.53 -0.18 -0.32 -0.19  Rvol: 0.57 0.98 1.40 -0.33 -0.27 -0.01 0.27 0.14 0.76 1.22 1.62 -0.28 -0.12 0.16 0.43 
Loss: 0.844993  SIA Ef: -0.167417 Binding: -0.42 -0.00 0.25 0.14 -0.03 0.37 0.08 0.40 -0.12 -0.33 -0.21  Rvol: 0.55 0.93 1.33 -0.33 -0.28 -0.02 0.24 0.14 0.75 1.17 1.54 -0.28 -0.12 0.15 0.41 
Loss: 1.015027  SIA Ef: -0.584803 Binding: -0.41 0.07 0.02 0.11 0.04 0.40 0.08 0.34 -0.04 -0.32 -0.20  Rvol: 0.52 0.89 1.28 -0.33 -0.28 -0.02 0.22 0.14 0.73 1.13 1.47 -0.28 -0.13 0.14 0.39 
Loss: 0.845432  SIA Ef: -0.173720 Binding: -0.42 -0.01 0.24 0.13 -0.04 0.37 0.07 0.39 -0.12 -0.33 -0.22  Rvol: 0.55 0.93 1.33 -0.33 -0.28 -0.02 0.24 0.14 0.75 1.17 1.54 -0.28 -0.12 0.15 0.41 
Loss: 1.141134  SIA Ef: 0.229997 Binding: -0.40 -0.05 0.46 0.17 -0.06 0.33 0.03 0.44 -0.19 -0.36 -0.24  Rvol: 0.57 0.98 1.39 -0.33 -0.27 -0.01 0.26 0.14 0.76 1.22 1.61 -0.28 -0.12 0.16 0.43 
Loss: 0.845278  SIA Ef: -0.169492 Binding: -0.42 -0.00 0.24 0.14 -0.03 0.37 0.07 0.40 -0.12 -0.33 -0.21  Rvol: 0.55 0.93 1.33 -0.33 -0.28 -0.02 0.24 0.14 0.75 1.17 1.54 -0.28 -0.12 0.15 0.41 
Loss: 0.905168  SIA Ef: -0.189282 Binding: -0.43 -0.04 0.30 0.12 -0.07 0.36 0.08 0.41 -0.13 -0.32 -0.21  Rvol: 0.55 0.93 1.33 -0.33 -0.28 -0.02 0.24 0.14 0.75 1.17 1.54 -0.28 -0.12 0.14 0.40 
Loss: 0.844982  SIA Ef: -0.164034 Binding: -0.42 -0.01 0.25 0.14 -0.03 0.37 0.07 0.40 -0.12 -0.33 -0.21  Rvol: 0.55 0.93 1.33 -0.33 -0.28 -0.02 0.24 0.14 0.75 1.17 1.54 -0.28 -0.12 0.15 0.41 
Loss: 0.863539  SIA Ef: -0.185137 Binding: -0.44 -0.03 0.23 0.12 -0.06 0.38 0.09 0.42 -0.11 -0.32 -0.18  Rvol: 0.55 0.93 1.33 -0.33 -0.28 -0.02 0.24 0.14 0.75 1.17 1.54 -0.28 -0.12 0.15 0.41 
Loss: 0.771251  SIA Ef: -0.171560 Binding: -0.43 0.01 0.09 0.11 -0.02 0.38 0.08 0.37 -0.08 -0.32 -0.21  Rvol: 0.55 0.92 1.33 -0.33 -0.28 -0.01 0.25 0.14 0.74 1.17 1.53 -0.28 -0.12 0.15 0.41 
Loss: 0.759240  SIA Ef: -0.171512 Binding: -0.44 0.00 -0.01 0.08 -0.03 0.40 0.11 0.37 -0.04 -0.29 -0.19  Rvol: 0.54 0.92 1.32 -0.33 -0.28 -0.01 0.25 0.14 0.74 1.17 1.53 -0.28 -0.12 0.15 0.41 
Loss: 0.751115  SIA Ef: -0.016409 Binding: -0.45 -0.01 -0.02 0.08 -0.04 0.40 0.11 0.37 -0.04 -0.30 -0.20  Rvol: 0.55 0.93 1.34 -0.33 -0.27 -0.01 0.26 0.14 0.75 1.18 1.55 -0.28 -0.12 0.16 0.42 
Loss: 0.744646  SIA Ef: -0.000649 Binding: -0.44 0.00 -0.01 0.09 -0.02 0.39 0.10 0.37 -0.04 -0.30 -0.20  Rvol: 0.55 0.93 1.34 -0.33 -0.27 -0.01 0.26 0.14 0.75 1.18 1.55 -0.28 -0.12 0.16 0.42 
Loss: 0.758423  SIA Ef: -0.131325 Binding: -0.44 0.04 -0.19 0.07 0.01 0.41 0.10 0.32 0.02 -0.30 -0.19  Rvol: 0.54 0.91 1.32 -0.33 -0.27 -0.00 0.26 0.14 0.74 1.17 1.52 -0.28 -0.12 0.16 0.42 
Loss: 0.744610  SIA Ef: -0.000582 Binding: -0.44 0.00 -0.01 0.09 -0.02 0.39 0.10 0.37 -0.04 -0.30 -0.20  Rvol: 0.55 0.93 1.34 -0.33 -0.27 -0.01 0.26 0.14 0.75 1.18 1.55 -0.28 -0.12 0.16 0.42 
Loss: 0.747137  SIA Ef: -0.000818 Binding: -0.45 -0.01 -0.02 0.08 -0.04 0.39 0.10 0.36 -0.04 -0.30 -0.20  Rvol: 0.55 0.93 1.34 -0.33 -0.27 -0.01 0.26 0.14 0.75 1.18 1.55 -0.28 -0.12 0.16 0.42 
Loss: 0.746798  SIA Ef: -0.017456 Binding: -0.45 -0.00 -0.02 0.08 -0.03 0.39 0.10 0.36 -0.04 -0.31 -0.20  Rvol: 0.55 0.93 1.34 -0.33 -0.27 -0.01 0.26 0.14 0.75 1.18 1.54 -0.28 -0.12 0.16 0.42 
Loss: 0.763534  SIA Ef: 0.030633 Binding: -0.44 0.00 -0.02 0.09 -0.02 0.41 0.13 0.40 -0.03 -0.28 -0.16  Rvol: 0.55 0.93 1.34 -0.33 -0.27 -0.00 0.26 0.14 0.75 1.18 1.55 -0.28 -0.12 0.16 0.42 
Loss: 0.743658  SIA Ef: 0.002293 Binding: -0.44 0.01 -0.00 0.09 -0.02 0.39 0.10 0.37 -0.04 -0.30 -0.20  Rvol: 0.55 0.93 1.34 -0.33 -0.27 -0.01 0.26 0.14 0.75 1.18 1.55 -0.28 -0.12 0.16 0.42 
Loss: 0.762067  SIA Ef: 0.063041 Binding: -0.44 -0.00 0.06 0.10 -0.02 0.38 0.09 0.37 -0.06 -0.31 -0.21  Rvol: 0.55 0.94 1.35 -0.33 -0.27 -0.00 0.26 0.14 0.75 1.18 1.56 -0.28 -0.12 0.16 0.42 
Loss: 0.743896  SIA Ef: 0.002382 Binding: -0.44 0.00 -0.02 0.09 -0.02 0.40 0.11 0.37 -0.03 -0.29 -0.19  Rvol: 0.55 0.93 1.34 -0.33 -0.27 -0.01 0.26 0.14 0.75 1.18 1.54 -0.28 -0.12 0.16 0.42 
Loss: 0.773232  SIA Ef: 0.080705 Binding: -0.43 0.00 0.09 0.11 -0.02 0.38 0.09 0.37 -0.07 -0.31 -0.22  Rvol: 0.56 0.94 1.35 -0.33 -0.27 -0.00 0.27 0.14 0.75 1.19 1.56 -0.28 -0.12 0.16 0.42 
Loss: 0.739399  SIA Ef: -0.075201 Binding: -0.44 0.01 0.01 0.09 -0.01 0.40 0.10 0.37 -0.04 -0.30 -0.19  Rvol: 0.55 0.93 1.33 -0.33 -0.27 -0.01 0.26 0.14 0.75 1.17 1.54 -0.28 -0.12 0.16 0.41 
Loss: 0.735852  SIA Ef: -0.105712 Binding: -0.44 0.02 -0.03 0.09 -0.01 0.40 0.10 0.36 -0.03 -0.30 -0.20  Rvol: 0.55 0.92 1.33 -0.33 -0.27 -0.01 0.25 0.14 0.74 1.17 1.53 -0.28 -0.12 0.15 0.41 
Loss: 0.742458  SIA Ef: -0.164248 Binding: -0.44 0.04 -0.10 0.08 0.01 0.41 0.11 0.35 -0.00 -0.29 -0.18  Rvol: 0.54 0.91 1.32 -0.33 -0.27 -0.01 0.25 0.14 0.74 1.16 1.52 -0.28 -0.12 0.15 0.42 
Loss: 0.732806  SIA Ef: -0.103631 Binding: -0.44 0.02 -0.02 0.09 -0.01 0.40 0.10 0.36 -0.03 -0.30 -0.19  Rvol: 0.55 0.92 1.33 -0.33 -0.27 -0.01 0.25 0.14 0.74 1.17 1.53 -0.28 -0.12 0.16 0.42 
Loss: 0.728807  SIA Ef: -0.111373 Binding: -0.43 0.03 -0.00 0.10 0.00 0.39 0.09 0.35 -0.04 -0.31 -0.20  Rvol: 0.55 0.92 1.33 -0.33 -0.27 -0.01 0.25 0.14 0.75 1.17 1.53 -0.28 -0.12 0.15 0.42 
Loss: 0.729974  SIA Ef: -0.114639 Binding: -0.43 0.03 0.02 0.11 0.01 0.39 0.08 0.34 -0.05 -0.32 -0.21  Rvol: 0.55 0.92 1.33 -0.33 -0.27 -0.01 0.25 0.14 0.75 1.17 1.53 -0.28 -0.12 0.15 0.42 
Loss: 0.731243  SIA Ef: -0.105895 Binding: -0.43 0.03 -0.00 0.10 0.00 0.39 0.10 0.35 -0.04 -0.31 -0.21  Rvol: 0.55 0.92 1.33 -0.33 -0.27 -0.01 0.25 0.14 0.75 1.17 1.53 -0.28 -0.12 0.15 0.41 
Loss: 0.739020  SIA Ef: -0.157633 Binding: -0.44 0.02 -0.02 0.09 -0.01 0.39 0.09 0.34 -0.04 -0.31 -0.20  Rvol: 0.54 0.92 1.32 -0.33 -0.28 -0.01 0.25 0.14 0.74 1.16 1.53 -0.28 -0.12 0.15 0.41 
Loss: 0.728742  SIA Ef: -0.110880 Binding: -0.43 0.03 -0.00 0.10 0.00 0.39 0.09 0.35 -0.04 -0.31 -0.20  Rvol: 0.55 0.92 1.33 -0.33 -0.27 -0.01 0.25 0.14 0.75 1.17 1.53 -0.28 -0.12 0.15 0.42 
Loss: 0.727742  SIA Ef: -0.067000 Binding: -0.43 0.03 0.01 0.11 0.00 0.39 0.09 0.35 -0.05 -0.32 -0.21  Rvol: 0.55 0.93 1.33 -0.33 -0.27 -0.01 0.26 0.14 0.75 1.17 1.54 -0.28 -0.12 0.16 0.42 
Loss: 0.728831  SIA Ef: -0.071972 Binding: -0.43 0.03 0.01 0.11 0.01 0.39 0.08 0.35 -0.05 -0.32 -0.21  Rvol: 0.55 0.93 1.33 -0.33 -0.27 -0.01 0.26 0.14 0.75 1.17 1.54 -0.28 -0.12 0.16 0.42 
Loss: 0.726687  SIA Ef: -0.008924 Binding: -0.43 0.03 -0.00 0.10 0.00 0.39 0.09 0.34 -0.05 -0.32 -0.21  Rvol: 0.55 0.93 1.34 -0.33 -0.27 -0.00 0.26 0.14 0.75 1.18 1.54 -0.28 -0.12 0.16 0.42 
Loss: 0.719861  SIA Ef: -0.046904 Binding: -0.43 0.04 -0.05 0.10 0.01 0.39 0.09 0.33 -0.03 -0.32 -0.21  Rvol: 0.55 0.93 1.33 -0.33 -0.27 -0.00 0.26 0.14 0.75 1.17 1.54 -0.28 -0.12 0.16 0.42 
Loss: 0.716156  SIA Ef: -0.076863 Binding: -0.43 0.06 -0.09 0.10 0.03 0.40 0.09 0.33 -0.02 -0.31 -0.20  Rvol: 0.54 0.92 1.33 -0.33 -0.27 -0.00 0.26 0.14 0.75 1.17 1.53 -0.28 -0.11 0.16 0.42 
Loss: 0.721806  SIA Ef: -0.101845 Binding: -0.43 0.06 -0.12 0.10 0.03 0.40 0.09 0.31 -0.00 -0.31 -0.21  Rvol: 0.54 0.92 1.32 -0.33 -0.27 -0.00 0.26 0.14 0.75 1.17 1.52 -0.28 -0.11 0.16 0.42 
Loss: 0.715545  SIA Ef: -0.087563 Binding: -0.43 0.06 -0.08 0.10 0.03 0.39 0.09 0.32 -0.02 -0.32 -0.20  Rvol: 0.54 0.92 1.33 -0.33 -0.27 -0.00 0.26 0.14 0.75 1.17 1.53 -0.28 -0.11 0.16 0.42 
Loss: 0.740164  SIA Ef: -0.145471 Binding: -0.43 0.07 -0.16 0.09 0.04 0.40 0.08 0.31 0.01 -0.31 -0.21  Rvol: 0.54 0.91 1.32 -0.33 -0.27 -0.00 0.26 0.14 0.74 1.16 1.52 -0.28 -0.11 0.16 0.42 
Loss: 0.718984  SIA Ef: -0.084721 Binding: -0.43 0.06 -0.09 0.10 0.03 0.40 0.09 0.33 -0.01 -0.31 -0.20  Rvol: 0.54 0.92 1.33 -0.33 -0.27 -0.00 0.26 0.14 0.75 1.17 1.53 -0.28 -0.11 0.16 0.42 
Loss: 0.712297  SIA Ef: -0.075736 Binding: -0.42 0.07 -0.08 0.11 0.04 0.40 0.09 0.33 -0.02 -0.31 -0.20  Rvol: 0.54 0.92 1.33 -0.33 -0.27 -0.00 0.26 0.14 0.75 1.17 1.53 -0.28 -0.12 0.16 0.42 
Loss: 0.712248  SIA Ef: -0.075560 Binding: -0.42 0.07 -0.08 0.11 0.04 0.40 0.09 0.33 -0.02 -0.31 -0.20  Rvol: 0.54 0.92 1.33 -0.33 -0.27 -0.00 0.26 0.14 0.75 1.17 1.53 -0.28 -0.12 0.16 0.42 
Loss: 0.714170  SIA Ef: -0.085345 Binding: -0.42 0.07 -0.07 0.11 0.04 0.40 0.09 0.32 -0.02 -0.32 -0.21  Rvol: 0.54 0.92 1.33 -0.33 -0.27 -0.00 0.26 0.14 0.74 1.17 1.53 -0.28 -0.12 0.16 0.42 
Loss: 0.713030  SIA Ef: -0.071458 Binding: -0.42 0.07 -0.08 0.11 0.04 0.40 0.09 0.32 -0.02 -0.31 -0.20  Rvol: 0.54 0.92 1.33 -0.33 -0.27 -0.00 0.26 0.14 0.75 1.17 1.53 -0.28 -0.12 0.16 0.42 
Loss: 0.722351  SIA Ef: -0.148850 Binding: -0.42 0.07 -0.08 0.11 0.04 0.40 0.09 0.33 -0.01 -0.31 -0.19  Rvol: 0.54 0.92 1.32 -0.33 -0.27 -0.01 0.25 0.14 0.74 1.16 1.52 -0.28 -0.12 0.16 0.42 
Loss: 0.722730  SIA Ef: 0.008453 Binding: -0.41 0.06 0.01 0.13 0.04 0.39 0.08 0.35 -0.05 -0.32 -0.21  Rvol: 0.55 0.93 1.34 -0.33 -0.27 -0.00 0.27 0.14 0.75 1.18 1.54 -0.28 -0.12 0.16 0.43 
Loss: 0.716195  SIA Ef: -0.086676 Binding: -0.42 0.08 -0.10 0.11 0.05 0.40 0.09 0.32 -0.01 -0.31 -0.20  Rvol: 0.54 0.92 1.33 -0.33 -0.27 -0.00 0.26 0.14 0.75 1.17 1.53 -0.28 -0.11 0.16 0.42 
Loss: 0.713671  SIA Ef: -0.084830 Binding: -0.42 0.08 -0.09 0.11 0.04 0.40 0.09 0.32 -0.01 -0.31 -0.20  Rvol: 0.54 0.92 1.33 -0.33 -0.27 -0.00 0.26 0.14 0.75 1.17 1.53 -0.28 -0.11 0.16 0.42 
Loss: 0.711303  SIA Ef: -0.071691 Binding: -0.42 0.07 -0.08 0.11 0.03 0.39 0.09 0.32 -0.02 -0.31 -0.21  Rvol: 0.54 0.92 1.33 -0.33 -0.27 -0.00 0.26 0.14 0.75 1.17 1.53 -0.28 -0.12 0.16 0.42 
Loss: 0.711281  SIA Ef: -0.076710 Binding: -0.42 0.07 -0.08 0.11 0.04 0.39 0.09 0.32 -0.02 -0.32 -0.21  Rvol: 0.54 0.92 1.33 -0.33 -0.27 -0.00 0.26 0.14 0.75 1.17 1.53 -0.28 -0.12 0.16 0.42 
Loss: 0.713775  SIA Ef: -0.065200 Binding: -0.42 0.07 -0.09 0.10 0.03 0.39 0.09 0.32 -0.02 -0.31 -0.20  Rvol: 0.55 0.92 1.33 -0.33 -0.27 -0.00 0.26 0.14 0.75 1.17 1.53 -0.28 -0.12 0.16 0.42 
Loss: 0.712727  SIA Ef: -0.083388 Binding: -0.42 0.07 -0.08 0.10 0.03 0.39 0.09 0.32 -0.02 -0.32 -0.21  Rvol: 0.54 0.92 1.33 -0.33 -0.27 -0.00 0.26 0.14 0.75 1.17 1.53 -0.28 -0.12 0.16 0.42 
Loss: 0.714460  SIA Ef: -0.029353 Binding: -0.42 0.06 -0.03 0.11 0.03 0.39 0.08 0.33 -0.04 -0.32 -0.21  Rvol: 0.55 0.93 1.33 -0.33 -0.27 -0.00 0.26 0.14 0.75 1.17 1.54 -0.28 -0.12 0.16 0.42 
Loss: 0.711604  SIA Ef: -0.077726 Binding: -0.42 0.07 -0.08 0.11 0.03 0.39 0.09 0.32 -0.02 -0.31 -0.21  Rvol: 0.54 0.92 1.33 -0.33 -0.27 -0.00 0.26 0.14 0.75 1.17 1.53 -0.28 -0.12 0.16 0.42 
Loss: 0.715061  SIA Ef: -0.104667 Binding: -0.42 0.07 -0.07 0.11 0.03 0.40 0.09 0.32 -0.02 -0.32 -0.21  Rvol: 0.54 0.92 1.33 -0.33 -0.27 -0.01 0.26 0.14 0.74 1.17 1.53 -0.28 -0.12 0.16 0.42 
Loss: 0.711999  SIA Ef: -0.078613 Binding: -0.42 0.07 -0.09 0.11 0.04 0.39 0.08 0.32 -0.02 -0.32 -0.21  Rvol: 0.54 0.92 1.33 -0.33 -0.27 -0.00 0.26 0.14 0.75 1.17 1.53 -0.28 -0.12 0.16 0.42 
Loss: 0.711247  SIA Ef: -0.078927 Binding: -0.42 0.07 -0.08 0.11 0.04 0.39 0.09 0.32 -0.02 -0.32 -0.21  Rvol: 0.54 0.92 1.33 -0.33 -0.27 -0.00 0.26 0.14 0.75 1.17 1.53 -0.28 -0.12 0.16 0.42 
Loss: 0.712276  SIA Ef: -0.085770 Binding: -0.42 0.07 -0.09 0.11 0.04 0.39 0.09 0.32 -0.02 -0.32 -0.21  Rvol: 0.54 0.92 1.33 -0.33 -0.27 -0.00 0.26 0.14 0.75 1.17 1.53 -0.28 -0.12 0.16 0.42 
Loss: 0.711242  SIA Ef: -0.078967 Binding: -0.42 0.07 -0.08 0.11 0.04 0.39 0.09 0.32 -0.02 -0.32 -0.21  Rvol: 0.54 0.92 1.33 -0.33 -0.27 -0.00 0.26 0.14 0.75 1.17 1.53 -0.28 -0.12 0.16 0.42 
Loss: 0.711949  SIA Ef: -0.093824 Binding: -0.42 0.07 -0.07 0.11 0.04 0.39 0.09 0.32 -0.02 -0.32 -0.21  Rvol: 0.54 0.92 1.33 -0.33 -0.27 -0.00 0.26 0.14 0.75 1.17 1.53 -0.28 -0.12 0.16 0.42 
Loss: 0.711294  SIA Ef: -0.080870 Binding: -0.42 0.07 -0.08 0.11 0.04 0.39 0.09 0.32 -0.02 -0.32 -0.21  Rvol: 0.54 0.92 1.33 -0.33 -0.27 -0.00 0.26 0.14 0.75 1.17 1.53 -0.28 -0.12 0.16 0.42 
Loss: 0.712205  SIA Ef: -0.075021 Binding: -0.42 0.07 -0.08 0.11 0.04 0.39 0.09 0.32 -0.02 -0.31 -0.20  Rvol: 0.54 0.92 1.33 -0.33 -0.27 -0.00 0.26 0.14 0.75 1.17 1.53 -0.28 -0.12 0.16 0.42 
Loss: 0.712352  SIA Ef: -0.056240 Binding: -0.42 0.07 -0.05 0.11 0.04 0.39 0.09 0.32 -0.03 -0.32 -0.21  Rvol: 0.55 0.92 1.33 -0.33 -0.27 -0.00 0.26 0.14 0.75 1.17 1.53 -0.28 -0.12 0.16 0.42 
Loss: 0.711450  SIA Ef: -0.079926 Binding: -0.42 0.07 -0.08 0.11 0.04 0.39 0.08 0.32 -0.02 -0.32 -0.21  Rvol: 0.54 0.92 1.33 -0.33 -0.27 -0.00 0.26 0.14 0.75 1.17 1.53 -0.28 -0.12 0.16 0.42 
Loss: 0.711259  SIA Ef: -0.080236 Binding: -0.42 0.07 -0.08 0.11 0.04 0.39 0.09 0.32 -0.02 -0.32 -0.21  Rvol: 0.54 0.92 1.33 -0.33 -0.27 -0.00 0.26 0.14 0.75 1.17 1.53 -0.28 -0.12 0.16 0.42 
Loss: 0.711346  SIA Ef: -0.079104 Binding: -0.42 0.07 -0.08 0.11 0.04 0.39 0.09 0.32 -0.02 -0.32 -0.21  Rvol: 0.54 0.92 1.33 -0.33 -0.27 -0.00 0.26 0.14 0.75 1.17 1.53 -0.28 -0.12 0.16 0.42 
Loss: 0.711339  SIA Ef: -0.078579 Binding: -0.42 0.07 -0.08 0.11 0.04 0.39 0.09 0.32 -0.02 -0.32 -0.21  Rvol: 0.54 0.92 1.33 -0.33 -0.27 -0.00 0.26 0.14 0.75 1.17 1.53 -0.28 -0.12 0.16 0.42 
Loss: 0.712128  SIA Ef: -0.085104 Binding: -0.42 0.07 -0.08 0.11 0.04 0.39 0.08 0.32 -0.02 -0.32 -0.21  Rvol: 0.54 0.92 1.33 -0.33 -0.27 -0.00 0.26 0.14 0.75 1.17 1.53 -0.28 -0.12 0.16 0.42 
Loss: 0.711362  SIA Ef: -0.082739 Binding: -0.42 0.07 -0.08 0.11 0.04 0.39 0.09 0.32 -0.02 -0.32 -0.21  Rvol: 0.54 0.92 1.33 -0.33 -0.27 -0.00 0.26 0.14 0.75 1.17 1.53 -0.28 -0.12 0.16 0.42 
Loss: 0.711534  SIA Ef: -0.080308 Binding: -0.42 0.07 -0.08 0.11 0.04 0.39 0.09 0.32 -0.02 -0.32 -0.21  Rvol: 0.54 0.92 1.33 -0.33 -0.27 -0.00 0.26 0.14 0.75 1.17 1.53 -0.28 -0.12 0.16 0.42 
Loss: 0.712838  SIA Ef: -0.073258 Binding: -0.42 0.07 -0.07 0.11 0.04 0.39 0.09 0.32 -0.02 -0.32 -0.21  Rvol: 0.54 0.92 1.33 -0.33 -0.27 -0.00 0.26 0.14 0.75 1.17 1.53 -0.28 -0.12 0.16 0.42 
Loss: 0.711243  SIA Ef: -0.079552 Binding: -0.42 0.07 -0.08 0.11 0.04 0.39 0.09 0.32 -0.02 -0.32 -0.21  Rvol: 0.54 0.92 1.33 -0.33 -0.27 -0.00 0.26 0.14 0.75 1.17 1.53 -0.28 -0.12 0.16 0.42 
Loss: 0.711365  SIA Ef: -0.079991 Binding: -0.42 0.07 -0.08 0.11 0.04 0.39 0.08 0.32 -0.02 -0.32 -0.21  Rvol: 0.54 0.92 1.33 -0.33 -0.27 -0.00 0.26 0.14 0.75 1.17 1.53 -0.28 -0.12 0.16 0.42 
Loss: 0.711234  SIA Ef: -0.079041 Binding: -0.42 0.07 -0.08 0.11 0.04 0.39 0.09 0.32 -0.02 -0.32 -0.21  Rvol: 0.54 0.92 1.33 -0.33 -0.27 -0.00 0.26 0.14 0.75 1.17 1.53 -0.28 -0.12 0.16 0.42 
Loss: 0.711756  SIA Ef: -0.080767 Binding: -0.42 0.07 -0.08 0.11 0.04 0.39 0.09 0.32 -0.02 -0.32 -0.21  Rvol: 0.54 0.92 1.33 -0.33 -0.27 -0.00 0.26 0.14 0.75 1.17 1.53 -0.28 -0.12 0.16 0.42 
Loss: 0.711305  SIA Ef: -0.079147 Binding: -0.42 0.07 -0.08 0.11 0.04 0.39 0.09 0.32 -0.02 -0.32 -0.21  Rvol: 0.54 0.92 1.33 -0.33 -0.27 -0.00 0.26 0.14 0.75 1.17 1.53 -0.28 -0.12 0.16 0.42 
Loss: 0.711587  SIA Ef: -0.083848 Binding: -0.42 0.07 -0.08 0.11 0.04 0.39 0.09 0.32 -0.02 -0.32 -0.21  Rvol: 0.54 0.92 1.33 -0.33 -0.27 -0.00 0.26 0.14 0.75 1.17 1.53 -0.28 -0.12 0.16 0.42 
Loss: 0.710902  SIA Ef: -0.076282 Binding: -0.42 0.07 -0.07 0.11 0.04 0.39 0.09 0.32 -0.02 -0.32 -0.21  Rvol: 0.54 0.92 1.33 -0.33 -0.27 -0.00 0.26 0.14 0.75 1.17 1.53 -0.28 -0.12 0.16 0.42 
Loss: 0.712821  SIA Ef: -0.073392 Binding: -0.42 0.07 -0.07 0.11 0.04 0.39 0.09 0.32 -0.02 -0.32 -0.21  Rvol: 0.54 0.92 1.33 -0.33 -0.27 -0.00 0.26 0.14 0.75 1.17 1.53 -0.28 -0.12 0.16 0.42 
Loss: 0.710898  SIA Ef: -0.076132 Binding: -0.42 0.07 -0.07 0.11 0.04 0.39 0.09 0.32 -0.02 -0.32 -0.21  Rvol: 0.54 0.92 1.33 -0.33 -0.27 -0.00 0.26 0.14 0.75 1.17 1.53 -0.28 -0.12 0.16 0.42 
Loss: 0.712823  SIA Ef: -0.073238 Binding: -0.42 0.07 -0.07 0.11 0.04 0.39 0.09 0.32 -0.02 -0.32 -0.21  Rvol: 0.54 0.92 1.33 -0.33 -0.27 -0.00 0.26 0.14 0.75 1.17 1.53 -0.28 -0.12 0.16 0.42 
Loss: 0.710897  SIA Ef: -0.076212 Binding: -0.42 0.07 -0.07 0.11 0.04 0.39 0.09 0.32 -0.02 -0.32 -0.21  Rvol: 0.54 0.92 1.33 -0.33 -0.27 -0.00 0.26 0.14 0.75 1.17 1.53 -0.28 -0.12 0.16 0.42 
Loss: 0.711026  SIA Ef: -0.076404 Binding: -0.42 0.07 -0.08 0.11 0.04 0.39 0.09 0.32 -0.02 -0.32 -0.21  Rvol: 0.54 0.92 1.33 -0.33 -0.27 -0.00 0.26 0.14 0.75 1.17 1.53 -0.28 -0.12 0.16 0.42 
Loss: 0.710903  SIA Ef: -0.076449 Binding: -0.42 0.07 -0.07 0.11 0.04 0.39 0.09 0.32 -0.02 -0.32 -0.21  Rvol: 0.54 0.92 1.33 -0.33 -0.27 -0.00 0.26 0.14 0.75 1.17 1.53 -0.28 -0.12 0.16 0.42 
Loss: 0.710982  SIA Ef: -0.078013 Binding: -0.42 0.07 -0.08 0.11 0.04 0.39 0.09 0.32 -0.02 -0.32 -0.21  Rvol: 0.54 0.92 1.33 -0.33 -0.27 -0.00 0.26 0.14 0.75 1.17 1.53 -0.28 -0.12 0.16 0.42 
Loss: 0.710895  SIA Ef: -0.076887 Binding: -0.42 0.07 -0.07 0.11 0.04 0.39 0.09 0.32 -0.02 -0.32 -0.21  Rvol: 0.54 0.92 1.33 -0.33 -0.27 -0.00 0.26 0.14 0.75 1.17 1.53 -0.28 -0.12 0.16 0.42 
Loss: 0.710950  SIA Ef: -0.077706 Binding: -0.42 0.07 -0.07 0.11 0.04 0.39 0.09 0.32 -0.02 -0.32 -0.21  Rvol: 0.54 0.92 1.33 -0.33 -0.27 -0.00 0.26 0.14 0.75 1.17 1.53 -0.28 -0.12 0.16 0.42 
Loss: 0.710904  SIA Ef: -0.077162 Binding: -0.42 0.07 -0.07 0.11 0.04 0.39 0.09 0.32 -0.02 -0.32 -0.21  Rvol: 0.54 0.92 1.33 -0.33 -0.27 -0.00 0.26 0.14 0.75 1.17 1.53 -0.28 -0.12 0.16 0.42 
Loss: 0.710883  SIA Ef: -0.077208 Binding: -0.42 0.07 -0.07 0.11 0.04 0.39 0.09 0.32 -0.02 -0.32 -0.21  Rvol: 0.54 0.92 1.33 -0.33 -0.27 -0.00 0.26 0.14 0.75 1.17 1.53 -0.28 -0.12 0.16 0.42 
Loss: 0.710896  SIA Ef: -0.077164 Binding: -0.42 0.07 -0.07 0.11 0.04 0.39 0.09 0.32 -0.02 -0.32 -0.21  Rvol: 0.54 0.92 1.33 -0.33 -0.27 -0.00 0.26 0.14 0.75 1.17 1.53 -0.28 -0.12 0.16 0.42 
Loss: 0.710972  SIA Ef: -0.079190 Binding: -0.42 0.07 -0.07 0.11 0.04 0.39 0.09 0.32 -0.02 -0.32 -0.21  Rvol: 0.54 0.92 1.33 -0.33 -0.27 -0.00 0.26 0.14 0.75 1.17 1.53 -0.28 -0.12 0.16 0.42 
Loss: 0.710984  SIA Ef: -0.078003 Binding: -0.42 0.07 -0.07 0.11 0.04 0.39 0.09 0.32 -0.02 -0.32 -0.21  Rvol: 0.54 0.92 1.33 -0.33 -0.27 -0.00 0.26 0.14 0.75 1.17 1.53 -0.28 -0.12 0.16 0.42 
Loss: 0.710851  SIA Ef: -0.077229 Binding: -0.42 0.07 -0.07 0.11 0.04 0.39 0.09 0.32 -0.02 -0.32 -0.21  Rvol: 0.54 0.92 1.33 -0.33 -0.27 -0.00 0.26 0.14 0.75 1.17 1.53 -0.28 -0.12 0.16 0.42 
Loss: 0.710737  SIA Ef: -0.076176 Binding: -0.42 0.07 -0.07 0.11 0.04 0.39 0.09 0.32 -0.02 -0.32 -0.21  Rvol: 0.54 0.92 1.33 -0.33 -0.27 -0.00 0.26 0.14 0.75 1.17 1.53 -0.28 -0.12 0.16 0.42 
Loss: 0.712835  SIA Ef: -0.075462 Binding: -0.42 0.07 -0.07 0.11 0.04 0.39 0.09 0.32 -0.02 -0.32 -0.21  Rvol: 0.54 0.92 1.33 -0.33 -0.27 -0.00 0.26 0.14 0.75 1.17 1.53 -0.28 -0.12 0.16 0.42 
Loss: 0.710735  SIA Ef: -0.076288 Binding: -0.42 0.07 -0.07 0.11 0.04 0.39 0.09 0.32 -0.02 -0.32 -0.21  Rvol: 0.54 0.92 1.33 -0.33 -0.27 -0.00 0.26 0.14 0.75 1.17 1.53 -0.28 -0.12 0.16 0.42 
Loss: 0.712940  SIA Ef: -0.076211 Binding: -0.42 0.07 -0.07 0.11 0.04 0.39 0.09 0.32 -0.02 -0.32 -0.21  Rvol: 0.54 0.92 1.33 -0.33 -0.27 -0.00 0.26 0.14 0.75 1.17 1.53 -0.28 -0.12 0.16 0.42 
Loss: 0.710737  SIA Ef: -0.076454 Binding: -0.42 0.07 -0.07 0.11 0.04 0.39 0.09 0.32 -0.02 -0.32 -0.21  Rvol: 0.54 0.92 1.33 -0.33 -0.27 -0.00 0.26 0.14 0.75 1.17 1.53 -0.28 -0.12 0.16 0.42 
Loss: 0.710740  SIA Ef: -0.076199 Binding: -0.42 0.07 -0.07 0.11 0.04 0.39 0.09 0.32 -0.02 -0.32 -0.21  Rvol: 0.54 0.92 1.33 -0.33 -0.27 -0.00 0.26 0.14 0.75 1.17 1.53 -0.28 -0.12 0.16 0.42 
Loss: 0.710734  SIA Ef: -0.076404 Binding: -0.42 0.07 -0.07 0.11 0.04 0.39 0.09 0.32 -0.02 -0.32 -0.21  Rvol: 0.54 0.92 1.33 -0.33 -0.27 -0.00 0.26 0.14 0.75 1.17 1.53 -0.28 -0.12 0.16 0.42 
Loss: 0.710728  SIA Ef: -0.076559 Binding: -0.42 0.07 -0.07 0.11 0.04 0.39 0.09 0.32 -0.02 -0.32 -0.21  Rvol: 0.54 0.92 1.33 -0.33 -0.27 -0.00 0.26 0.14 0.75 1.17 1.53 -0.28 -0.12 0.16 0.42 
Loss: 0.710727  SIA Ef: -0.076620 Binding: -0.42 0.07 -0.07 0.11 0.04 0.39 0.09 0.32 -0.02 -0.32 -0.21  Rvol: 0.54 0.92 1.33 -0.33 -0.27 -0.00 0.26 0.14 0.75 1.17 1.53 -0.28 -0.12 0.16 0.42 
Loss: 0.710731  SIA Ef: -0.076126 Binding: -0.42 0.07 -0.07 0.11 0.04 0.39 0.09 0.32 -0.02 -0.32 -0.21  Rvol: 0.54 0.92 1.33 -0.33 -0.27 -0.00 0.26 0.14 0.75 1.17 1.53 -0.28 -0.12 0.16 0.42 
Loss: 0.710723  SIA Ef: -0.076279 Binding: -0.42 0.07 -0.07 0.11 0.04 0.39 0.09 0.32 -0.02 -0.32 -0.21  Rvol: 0.54 0.92 1.33 -0.33 -0.27 -0.00 0.26 0.14 0.75 1.17 1.53 -0.28 -0.12 0.16 0.42 
Loss: 0.710758  SIA Ef: -0.076846 Binding: -0.42 0.07 -0.07 0.11 0.04 0.39 0.09 0.32 -0.02 -0.32 -0.21  Rvol: 0.54 0.92 1.33 -0.33 -0.27 -0.00 0.26 0.14 0.75 1.17 1.53 -0.28 -0.12 0.16 0.42 
Loss: 0.710686  SIA Ef: -0.076040 Binding: -0.42 0.07 -0.07 0.11 0.04 0.39 0.09 0.32 -0.02 -0.32 -0.21  Rvol: 0.54 0.92 1.33 -0.33 -0.27 -0.00 0.26 0.14 0.75 1.17 1.53 -0.28 -0.12 0.16 0.42 
