3.000015157740563154e-01
4.889145437045954168e-01
4.889153466065181419e-01
1.773381194943794981e-01
4.889955896651372313e-01
4.890148993290495127e-01
4.889764760155230761e-01
2.810703196737449616e-01
4.889574572589481249e-01
4.890414793480886146e-01
4.889908234763424844e-01
4.889441858977079391e-01
4.889294804452219978e-01
4.889700941712362692e-01
4.889772411988815293e-01
4.889269535779021680e-01
4.889318550121970475e-01
4.889956874249037355e-01
4.889641338959336281e-01
4.889980040024966002e-01
4.888754981657257304e-01
4.889949430507840589e-01
4.889746263943379745e-01
4.888786870287731290e-01
4.889255625021178275e-01
4.889329696743516251e-01
4.889516146067762747e-01
4.888744288182351738e-01
4.889157482248265296e-01
4.889822928525973111e-01
4.889228155807359144e-01
4.889512257650494576e-01
4.889193847920978442e-01
4.889126331545412540e-01
4.889678740437375382e-01
4.889805756538407877e-01
4.889702513173688203e-01
1.773744361271383241e-01
4.889263863587984815e-01
4.888989542814670131e-01
4.889318358036689460e-01
4.889516649418510497e-01
4.889284007804235443e-01
4.889730961876921356e-01
4.890000696614151821e-01
4.890018401929410174e-01
3.000014581048162654e-01
4.889989427465479821e-01
4.889872279891278595e-01
4.888765781943220645e-01
2.810012787958839908e-01
4.888219631102401763e-01
4.889582023752154782e-01
4.889339360233861953e-01
4.889668738178443164e-01
4.889540460426360369e-01
4.889592129766242579e-01
4.889412172196898609e-01
4.889368595613632351e-01
4.889280709612648934e-01
4.889452449860982597e-01
4.889413091732421890e-01
4.889576310379197821e-01
2.812665613746503368e-01
4.888905358966439962e-01
4.889324856922030449e-01
5.174323388200718910e-02
4.889185975334839895e-01
4.889069105411181226e-01
4.889075793180381879e-01
4.889333389874082059e-01
4.889012362837092951e-01
4.889436136145377532e-01
4.889195055147865787e-01
4.889335864863824099e-01
4.889831945329206064e-01
4.889226263767341152e-01
4.889384848211193457e-01
4.889845114958006889e-01
4.889739041973371059e-01
4.889369811135111377e-01
4.889253983419621363e-01
4.889592960971640423e-01
2.999791221373016015e-01
1.773926072200993076e-01
4.890013072727015242e-01
4.889417664235224947e-01
4.889899837144184858e-01
4.890030355309136212e-01
4.889877652894938365e-01
4.889562391181243584e-01
1.773847385629778728e-01
3.000381624733563513e-01
4.889704247470945120e-01
4.889800181845203042e-01
4.889448858448304236e-01
1.773642848274903372e-01
4.889106018817983568e-01
4.889697366743348539e-01
4.889142574538709596e-01
4.889452055067522451e-01
1.773808234866010025e-01
4.889606080687372014e-01
4.889755703625269234e-01
4.889409248280571774e-01
4.889279610943049192e-01
4.889392709301318973e-01
4.889729597343830392e-01
1.773522658768342808e-01
4.889168483932735398e-01
4.890236192150041461e-01
4.889496864925604314e-01
4.890028249355964363e-01
4.889558006107108667e-01
4.889361945242853835e-01
4.889374138292623684e-01
4.889077306143008173e-01
4.889206295192707330e-01
2.814081800024723634e-01
2.811695724813034758e-01
2.999120484018931165e-01
4.889610599784646183e-01
1.774402011797064915e-01
4.889661719789728522e-01
4.889471190108451992e-01
4.889424111606786028e-01
4.889946728944778442e-01
4.889380148961208761e-01
4.890108663530554622e-01
4.889244571531889960e-01
4.889198463497450575e-01
4.888981661351863295e-01
4.888765526411589235e-01
4.889729349670233205e-01
4.889316707995021716e-01
4.889769100554985926e-01
4.889277986221713945e-01
4.889011999766808003e-01
1.773613916157046333e-01
4.889426637964788824e-01
4.889904295123415068e-01
4.889164576743496582e-01
4.889645636721979827e-01
4.889781081874389201e-01
4.889620670146541670e-01
4.890076928568305448e-01
4.889827625302132219e-01
4.889996403508121148e-01
2.999809326138347387e-01
4.889686901151435450e-01
4.889471708593191579e-01
4.890228066215058789e-01
4.889464042062172666e-01
4.889088803174672648e-01
4.889645696384832263e-01
1.774187164555769414e-01
4.888925217674113810e-01
4.889516572438878939e-01
4.889425364817725495e-01
4.889100632572080940e-01
4.889624636707594618e-01
4.889881054550642148e-01
4.888366178784053773e-01
4.889342261158162728e-01
1.773417895310558379e-01
4.889939915738068521e-01
4.889184304192895070e-01
4.888944174163043499e-01
4.889594749838579446e-01
4.890129978011827916e-01
2.965331754385260865e-01
4.889609297533752397e-01
4.889323428214993328e-01
4.889489018969470635e-01
4.889154159027384594e-01
4.890148050908464938e-01
4.889840671676211059e-01
1.774396288674324751e-01
4.889726830006111413e-01
4.889505024766549468e-01
1.773722535435808823e-01
1.774589876004029065e-01
4.889812978071859106e-01
4.888976004731375724e-01
4.889464779553236440e-01
1.773987896158359945e-01
4.889215399161912501e-01
4.889509290806017816e-01
4.889445830631302670e-01
4.889185987121891230e-01
4.888798493193462491e-01
4.889376105275005102e-01
4.889520190336043015e-01
4.889800943637965247e-01
4.890340816637035459e-01
2.811354609584668651e-01
4.889810764725552872e-01
4.889253118599299341e-01
1.774608093837741762e-01
4.889559896255377680e-01
4.889788244181545451e-01
4.890054135175887495e-01
4.889648095413576812e-01
4.889042741269804537e-01
4.889249990665121004e-01
4.889518207637593150e-01
4.889130571536952630e-01
4.889109625946730375e-01
4.889298124762717634e-01
4.890053467679535970e-01
4.889709295093780383e-01
4.889849434839561582e-01
4.889389410964213312e-01
4.889510801585856825e-01
4.889043629082152620e-01
5.182793144194874913e-02
4.889116817648755386e-01
4.889131310192169622e-01
4.889929149503586814e-01
4.889564455370418727e-01
4.888916716299718246e-01
4.888932478352217004e-01
4.889612885890528560e-01
4.889675649465061724e-01
4.889793909824220464e-01
4.889284548262367025e-01
4.888947741565061733e-01
4.888733014813624322e-01
1.773952453950187191e-01
2.999584749195491895e-01
4.889789688604651019e-01
4.888576023367932066e-01
4.889686454844195396e-01
3.000354333344148472e-01
4.889264748053392395e-01
4.888244531321106479e-01
4.888273373944684863e-01
4.888974308123579249e-01
4.889384923735633492e-01
4.889908224577084184e-01
4.889492218208033592e-01
4.889920641871867701e-01
4.889240760094253346e-01
4.889617690350860357e-01
2.811153161455877125e-01
4.889880034897942096e-01
4.889333293976960704e-01
4.889811643952270970e-01
4.889353116159327328e-01
4.890357296826550737e-01
4.887700329563813284e-01
4.888389366533374414e-01
4.889341656962642446e-01
4.888981706608319655e-01
4.889448129106312990e-01
4.889597772853448987e-01
4.889338961365865543e-01
4.889599719899706542e-01
4.889865245495457202e-01
4.888770145771559328e-01
4.889440898987231776e-01
4.888922185491537675e-01
4.889085751783568412e-01
2.811323003115830943e-01
4.889871259656501934e-01
4.889412273769266903e-01
4.890264396817656234e-01
4.889272955188062042e-01
4.889054626255529001e-01
4.889481844438705593e-01
4.889660424960311502e-01
4.889342803508043289e-01
4.889726704714121297e-01
2.810267422755714506e-01
4.889744893007446080e-01
4.889750987058505416e-01
1.773952202347572893e-01
1.773981381702469662e-01
4.890032679686555639e-01
4.889615161082474515e-01
4.889516926486976445e-01
1.773706327367108315e-01
4.889678553299745545e-01
4.889170773967634887e-01
4.889762520178919658e-01
2.814636841649189591e-01
2.811542519193608314e-01
4.889877412497298792e-01
4.889641487825429067e-01
4.889552648965036497e-01
4.888915763876866549e-01
1.774136899330187589e-01
4.890398884017486125e-01
1.774119395995512605e-01
4.889815749193076044e-01
4.889088042400544509e-01
4.889933811791706830e-01
4.890029494563350454e-01
1.773285699746338651e-01
1.773564815666759387e-01
4.889071100478759035e-01
4.889797631622059271e-01
4.889034769439604133e-01
4.889110339863691479e-01
4.889228756364900619e-01
4.889926250325515866e-01
4.889138011349132285e-01
1.774480851745465770e-01
4.889780306693864986e-01
4.889560189913026989e-01
4.889457897661486641e-01
4.889084480091696605e-01
4.890031610120786354e-01
4.889371070457855240e-01
4.889572532265447080e-01
4.889633842976763844e-01
4.889910673955455422e-01
4.889713531447341666e-01
4.889857020170893520e-01
4.889344429684570059e-01
4.889172862458508462e-01
4.889304664247902110e-01
4.889051485079107806e-01
4.889819383242866024e-01
4.889672906429041177e-01
4.889459552941843867e-01
4.889822631521383300e-01
4.888878047058824450e-01
4.890186606498900801e-01
4.889393705088878050e-01
2.812095926492474973e-01
4.889655612059868872e-01
4.889630828547524288e-01
4.889622271148255095e-01
4.888837869948474690e-01
4.889374292397405952e-01
3.000051679846365005e-01
4.889911274658516049e-01
4.889632660924689844e-01
4.890104234946193174e-01
4.890323611325584352e-01
1.773367604328086600e-01
4.890243838017340750e-01
4.889911299105733633e-01
4.889568850485375151e-01
4.890112470020540059e-01
4.890635592746548355e-01
2.810529651032993570e-01
4.889506636973237619e-01
4.889548822684446350e-01
4.889571615785825998e-01
2.965168586670188233e-01
4.889680105261504650e-01
4.889486229803878814e-01
4.889439408434554935e-01
4.889185692882165313e-01
4.889617259177612141e-01
4.889290468563558534e-01
1.774170057469746098e-01
4.888780887704342604e-01
4.889069056371226907e-01
4.889942210866138339e-01
4.889778517099330202e-01
4.889595173444831744e-01
1.773815081833163276e-01
4.889715103490743786e-01
2.966253598278854042e-01
4.889173609408317134e-01
4.889497795520583168e-01
4.889662517525721341e-01
4.889702650689287111e-01
4.889859777176752687e-01
4.889964542817324400e-01
4.889305371616501361e-01
4.889563438773620874e-01
4.889086046459851786e-01
4.889275473251473159e-01
4.889195821306202561e-01
4.889747459092177451e-01
4.889310244179796427e-01
4.889761676604393870e-01
4.889565644261892885e-01
4.889379184751305729e-01
4.889037579414434731e-01
4.889620589237893000e-01
4.889089819480432197e-01
4.889595863642171025e-01
4.890054737770697102e-01
4.889487064647255465e-01
4.889843226555967703e-01
4.889664671500213444e-01
2.811780627962434664e-01
4.889759432699065655e-01
1.773134978720918298e-01
4.890087709209183231e-01
4.889775127376196906e-01
1.773694701550994068e-01
2.966703516431152821e-01
4.889114716352196410e-01
4.889165028143906966e-01
4.888835323363309726e-01
4.888888157292967662e-01
4.889765057305339724e-01
4.890039485326269642e-01
4.889800603123148903e-01
4.889552040403941646e-01
4.889739408681634814e-01
4.889104333997238427e-01
4.889680841442896053e-01
4.889811496104812250e-01
4.889509070781059563e-01
4.889627088414272293e-01
4.889146263012662530e-01
4.889290047722170129e-01
2.964216158725321293e-01
4.889757787750568241e-01
2.967937523062573746e-01
4.889723594387760386e-01
4.889088540221564472e-01
4.889540278236381710e-01
4.889352640602737665e-01
4.889569918159395456e-01
4.889529784413753077e-01
4.889623895287513733e-01
4.889119380532065406e-01
4.889920400310074911e-01
4.889575511479051784e-01
4.889179851743392646e-01
1.773165382473962381e-01
4.890049843379529193e-01
4.889739687932888046e-01
4.889851421612547711e-01
4.889338127977680415e-01
4.889480749552603811e-01
4.889703989174449816e-01
4.888689200888620690e-01
4.889738781348569319e-01
4.890034789423225448e-01
4.889429974718950689e-01
4.890038686426123604e-01
4.889873373904265463e-01
4.889510994835291058e-01
4.889721559738973156e-01
4.889576688292436302e-01
4.889725241519045085e-01
2.810705377341946587e-01
4.889013504289323464e-01
1.773548365745227784e-01
4.888986936712171882e-01
4.889844244462437928e-01
4.888391817657975480e-01
4.889428313472308218e-01
4.889398281811736524e-01
4.889235643640859053e-01
4.889752946619410068e-01
4.888771665137028322e-01
4.889390251773875207e-01
4.888254251563921571e-01
4.889080175489652902e-01
4.888723093754379079e-01
4.889602533512515947e-01
4.889678275940241292e-01
4.889472251525148749e-01
4.889352097816299647e-01
3.000551068107597530e-01
4.889837024384178221e-01
4.889673616853542626e-01
4.889792106550885364e-01
5.192839969822671264e-02
2.811235308035975322e-01
2.810884879436343908e-01
2.967401876812800765e-01
4.889708666451042518e-01
4.889490427012788132e-01
4.888870980066712946e-01
4.889777800126466900e-01
4.889787456922931597e-01
4.890190095466095954e-01
4.889598046720493585e-01
4.889895605447236449e-01
1.774261259270133451e-01
4.888992243650136515e-01
4.888968021841719747e-01
4.889514187379973009e-01
1.773887864255812019e-01
4.889560196606907994e-01
4.889397494116565213e-01
4.890012714458862320e-01
2.999286450212821364e-01
2.811868759890785441e-01
4.889609664242016152e-01
4.889918678672984242e-01
4.889685560483485460e-01
2.999993763223756105e-01
2.812128518708050251e-01
4.890058883756864816e-01
4.889385908172698691e-01
4.889273671578848734e-01
4.889592952094972134e-01
4.889501293801004067e-01
4.889213247952284291e-01
4.889806491555646062e-01
4.889785628038225695e-01
4.889703989319968969e-01
4.889670101547380909e-01
4.889967307826736942e-01
4.890076686133397743e-01
4.889482994331046939e-01
4.889782471436774358e-01
3.000159169459948316e-01
4.889714481105329469e-01
5.176172942447010428e-02
4.889714615565026179e-01
4.889715170866111293e-01
1.774163815862266347e-01
4.889553641405655071e-01
3.000140259246109053e-01
4.889919895795173943e-01
1.773172137181973085e-01
2.811045042035402730e-01
2.810927070386242121e-01
4.889608725206926465e-01
4.890267678129021078e-01
4.889890589984133840e-01
2.811041327368002385e-01
4.889662145142210647e-01
4.889171201211865991e-01
2.711889838101342320e-01
4.889022453571669757e-01
4.889415217185160145e-01
4.889389383752131835e-01
3.000305411114823073e-01
4.889337861532112584e-01
4.889424475550185889e-01
3.765142764314077795e-02
4.889487876062048599e-01
4.889862037525745109e-01
4.889510244538541883e-01
4.889591804530937225e-01
4.889380054955836385e-01
4.890327786852139980e-01
4.889650465192971751e-01
4.889209415705408901e-01
4.889580303424736485e-01
2.811852866143453866e-01
4.889168111549224705e-01
4.889144922199193388e-01
2.969063358759740368e-01
4.889613073464715853e-01
4.889145072229439393e-01
4.889930127392290160e-01
4.889591985847800970e-01
4.889717272890266031e-01
4.889416342048207298e-01
4.888872742449166253e-01
4.889144982153084129e-01
4.888962078111944720e-01
4.889097307604970410e-01
4.889847945159999654e-01
4.889430593611905351e-01
4.889434980577789247e-01
4.889856903901090845e-01
4.889998732833191752e-01
4.890043324849102646e-01
4.889928562915883958e-01
4.889968846400734037e-01
4.889528407074976712e-01
4.890044020867208019e-01
4.889442477142438293e-01
3.000410311942687258e-01
4.889572406827937812e-01
4.889612256520194933e-01
4.889610125392209738e-01
4.889083693706197664e-01
4.889509142667520791e-01
4.890373055968666449e-01
4.889490895147901028e-01
5.173277512949425727e-02
4.888676406553713605e-01
4.889070491481106728e-01
4.889900219568517059e-01
4.889559466537320986e-01
4.889203055790858343e-01
4.889710783172631636e-01
4.889331806480186060e-01
4.889680872583994642e-01
4.888848127011442557e-01
4.889101465087151155e-01
4.889839123206911609e-01
4.889569212973583490e-01
4.890061589248944074e-01
2.711974183475831524e-01
4.889908704208210111e-01
4.889843816781649366e-01
4.889994610275607556e-01
4.890104318328667432e-01
4.889735100732650608e-01
4.889318935311166570e-01
4.889827406295808032e-01
4.889923418086254969e-01
4.889441015257034451e-01
1.773499193368479609e-01
4.889757773053133860e-01
4.889541256416123360e-01
4.889473150542471558e-01
4.889225210790755227e-01
4.890057155716931447e-01
4.889640197361586615e-01
4.889558049035258591e-01
4.889461878774454817e-01
4.888813499128445983e-01
-1.333735146909020841e-01
4.888463545357808471e-01
4.888634872477268800e-01
4.888340741163119674e-01
4.888484167895512655e-01
4.889559689036104828e-01
4.889909745979821309e-01
4.889585820201318711e-01
4.889187286753440276e-01
-1.333839071739930660e-01
4.890179147914750502e-01
2.999155530851567164e-01
1.773522448056610301e-01
4.889429603499593213e-01
4.889529217325616628e-01
4.889181558828568086e-01
4.889385459973709658e-01
2.965322494565043598e-01
4.889483599690720439e-01
4.889669225376565009e-01
4.889873493666527793e-01
4.889351112506119534e-01
4.889551265223417431e-01
4.889686151145724580e-01
4.889803327823756263e-01
4.889530350337736309e-01
4.888907105341786519e-01
4.889728058478794992e-01
3.000037794408854097e-01
2.998743479984113947e-01
4.889933664962882176e-01
4.889517203846480697e-01
4.889739855279913172e-01
4.888843198859831318e-01
4.889651556150056422e-01
4.889360548986587673e-01
4.889120316220214590e-01
4.889249159896280617e-01
4.888606196473119780e-01
4.889398513769265264e-01
4.889196230651577935e-01
4.889636536245234311e-01
4.889790654415264726e-01
4.889152973919408396e-01
2.811238329450134188e-01
4.889410111209144816e-01
4.889581050811102614e-01
1.772747814538888633e-01
4.889547479688189924e-01
4.889159193407977000e-01
4.889568217040505260e-01
4.889156937279039994e-01
4.889522238663630560e-01
4.890057202865136787e-01
4.889458977268077433e-01
4.889893233339535072e-01
4.889371824829140678e-01
4.889337228378280997e-01
4.889591741230105981e-01
4.889761343802092597e-01
4.890449026861460879e-01
2.811293071717955172e-01
4.889311558799818158e-01
4.889563732140231878e-01
4.889069523633224890e-01
4.889552070671925321e-01
4.889695761521579698e-01
4.889360468514496461e-01
4.889689612609799951e-01
4.889894824591465294e-01
2.999472307274118066e-01
4.889590339880669490e-01
4.889224289945559576e-01
4.889592993131373078e-01
4.889797121286392212e-01
4.889518999261781573e-01
4.889122514723567292e-01
4.889693176664877683e-01
4.889624941861256957e-01
4.889723438827786595e-01
4.889945406175684184e-01
4.889732960000401363e-01
4.889640099427197129e-01
4.889491613866994157e-01
4.889755476615391672e-01
4.889681539934827015e-01
4.889897626271704212e-01
4.889772615279071033e-01
4.889680867781862617e-01
4.889265075762523338e-01
4.889924205781426281e-01
1.774840195284923539e-01
2.811484464764362201e-01
4.889142640167847276e-01
2.964786986121907830e-01
1.774186974071199074e-01
4.889425352594116703e-01
2.810579637589398772e-01
4.889791417372180149e-01
4.889461719285463914e-01
4.889222185593098402e-01
4.890211666206596419e-01
1.774017936986638233e-01
4.889124514593277127e-01
4.889761146623641253e-01
4.889146047935355455e-01
4.889338127250084653e-01
4.889929671044228598e-01
4.889817306102486327e-01
4.888936538482084870e-01
4.889818799420027062e-01
4.889975899714045227e-01
4.889747338893357664e-01
4.889457349781878293e-01
4.889816526556387544e-01
4.889770542358746752e-01
4.889996216952567920e-01
4.889686904643895105e-01
4.889263262884924188e-01
2.999848201725399122e-01
4.888946613355074078e-01
4.889215237490134314e-01
4.889862673153402284e-01
4.889704313973197713e-01
2.813510110718198121e-01
4.889347677963087335e-01
4.889604038471588865e-01
4.889162369945552200e-01
1.773717174510238692e-01
4.888856156903784722e-01
3.000489396217744797e-01
4.889865463337628171e-01
4.889739732607267797e-01
2.966479519382119179e-01
4.889863149001030251e-01
4.889461087150266394e-01
4.889387128205271438e-01
4.889070913341129199e-01
4.889401426335098222e-01
4.888857585028745234e-01
4.889197074371622875e-01
4.889395940554095432e-01
4.889295083994511515e-01
4.889040742418728769e-01
4.889008498139446601e-01
4.888227254414232448e-01
4.889370020537171513e-01
1.773021622066153213e-01
4.889498853444820270e-01
4.889255722227972001e-01
2.811203949822811410e-01
4.889460580598097295e-01
4.889857924863463268e-01
4.889554569090250880e-01
4.889159605954773724e-01
4.889302964438684285e-01
4.889090212091105059e-01
4.889587882789783180e-01
4.889371955941896886e-01
4.889898515248205513e-01
4.889514754613628611e-01
1.774658360664034262e-01
4.889302880765171722e-01
4.889360774686792865e-01
4.889415715006180108e-01
4.889178889425238594e-01
4.889105046022450551e-01
4.889255959278671071e-01
4.889748382411198691e-01
4.889853755739750341e-01
4.889891818311298266e-01
2.809998497687047347e-01
4.889760596706764773e-01
1.774793249496724457e-01
4.889697474573040381e-01
4.889289192069554701e-01
4.890371316578239202e-01
4.890292920463252813e-01
4.889695870369905606e-01
4.889549778017681092e-01
4.889493229711661115e-01
4.889591925602871925e-01
2.967793672141851857e-01
3.000553853053133935e-01
4.889679186890134588e-01
4.889414213830605149e-01
4.889536868868162856e-01
1.774713376944418997e-01
1.774373555672354996e-01
4.890263282286468893e-01
4.889194539136951789e-01
4.889224666549125686e-01
2.999927767668850720e-01
4.889157060970319435e-01
5.169993237359449267e-02
4.889982130116550252e-01
2.711808722087880597e-01
5.164690759556833655e-02
4.889054218365345150e-01
4.888951163593446836e-01
4.889358903456013650e-01
4.888931835303083062e-01
4.889848429302219301e-01
4.889497598051093519e-01
4.889770706649869680e-01
2.811165630409959704e-01
4.888860088394721970e-01
4.889441632549278438e-01
4.889299423230113462e-01
1.773978704004548490e-01
4.889046561002032831e-01
4.889937383995857090e-01
4.889223514182958752e-01
4.889601013710489497e-01
4.888970706524560228e-01
4.889659622131148353e-01
4.890195846819551662e-01
4.890018994628917426e-01
4.889667806128272787e-01
4.889813262852840126e-01
4.890205941337626427e-01
4.889456101227551699e-01
4.889942187583073974e-01
4.889705319656059146e-01
4.889201063197106123e-01
4.889858070964692160e-01
4.889233908324968070e-01
4.889706101093906909e-01
4.889854189823381603e-01
4.889344560942845419e-01
4.889652761194156483e-01
4.889942388981580734e-01
4.889307542034657672e-01
4.889073366794036701e-01
4.889660203916719183e-01
4.888687122293049470e-01
4.889859006798360497e-01
4.889397177466889843e-01
4.890258897357853130e-01
4.889601882605347782e-01
4.889677305473014712e-01
4.889366558636538684e-01
4.889104472676990554e-01
4.889920631831046194e-01
2.965000490221427754e-01
4.889365261624334380e-01
4.889492512156721205e-01
4.889727357222000137e-01
5.175738409161567688e-02
4.889955072576412931e-01
4.889471214701188728e-01
2.999677109473850578e-01
4.889601954637328163e-01
4.889156025164993480e-01
2.810323938174406067e-01
4.889597512083128095e-01
4.889666205563116819e-01
4.889351433230331168e-01
4.889929459168342873e-01
4.889194907300407067e-01
1.774623344826977700e-01
4.889410827163374051e-01
4.889749419089639559e-01
5.190596100874245167e-02
4.889454028452746570e-01
4.889722427615197375e-01
4.889705941750435159e-01
4.889899310655891895e-01
4.889871222403598949e-01
4.889971552474889904e-01
4.889375185157405213e-01
4.889123122702585533e-01
1.773539912537671626e-01
4.889736460027052090e-01
4.889929752534953877e-01
4.889286280667874962e-01
4.889880097762215883e-01
4.889405251014977694e-01
4.889356652565766126e-01
1.773500632698414847e-01
4.889757185010239482e-01
4.889835290232440457e-01
4.889357738138642162e-01
2.810597688367124647e-01
4.889321454975288361e-01
4.890221963869407773e-01
4.889854049979476258e-01
2.811588070326251909e-01
4.889260384952649474e-01
4.889339173096232116e-01
4.890262643748428673e-01
4.889017350506037474e-01
4.888704950135434046e-01
2.811083887499989942e-01
4.889901639107847586e-01
4.889663891080999747e-01
4.889289233542513102e-01
4.888843447988620028e-01
4.889569213701179251e-01
4.889488592307316139e-01
4.888998558453749865e-01
4.889148882648441941e-01
4.889657333987997845e-01
4.889580178423784673e-01
4.889246052043745294e-01
4.889397777878912166e-01
4.889815251372056082e-01
2.810191400931216776e-01
2.811494646739447489e-01
5.196071886166464537e-02
4.889050914935069159e-01
4.889274932502303272e-01
4.889592401741538197e-01
4.889351755409734324e-01
4.889656364248367026e-01
4.889856300578685477e-01
4.889693859877297655e-01
4.889969950454542413e-01
2.998021862586028874e-01
4.889758239587536082e-01
4.889312728482764214e-01
4.889753807510714978e-01
4.889205726794898510e-01
4.888344396604225039e-01
4.888842595391906798e-01
4.888480748340953141e-01
4.889643425121903419e-01
4.889862843556329608e-01
4.889671090350020677e-01
4.889409027091460302e-01
4.889748455607332289e-01
4.888584783766418695e-01
4.889236482995329425e-01
1.773599753068992868e-01
4.889378260559169576e-01
4.889273406879510731e-01
4.889351296733366325e-01
4.889342224778374657e-01
4.889684803783893585e-01
4.890161372313741595e-01
4.889065044844755903e-01
4.888850804127287120e-01
4.888897335185902193e-01
4.888959805248305202e-01
4.889657056482974440e-01
4.888927241554483771e-01
4.889547377679264173e-01
4.889527545019518584e-01
4.889440736878896132e-01
4.889177250879583880e-01
4.890238448278978467e-01
3.000370263762306422e-01
4.889716355100972578e-01
4.889237080642487854e-01
4.889579407317796722e-01
4.889912518410710618e-01
4.890082833153428510e-01
4.889789940207265317e-01
4.889723066153237596e-01
4.889489667402813211e-01
4.889214157301466912e-01
4.889554568217135966e-01
4.889469584595644847e-01
4.889602600160287693e-01
4.889463371800957248e-01
4.890112926950678229e-01
4.889971093216445297e-01
2.811025659466395155e-01
1.774939455353887752e-01
2.965148566581774503e-01
4.889295031753135845e-01
4.889191134134307504e-01
4.889342882815981284e-01
4.889141425665002316e-01
4.888386665697908029e-01
4.888734144042246044e-01
2.811446645355317742e-01
4.889625190844526514e-01
4.889339475776068866e-01
4.888802626956021413e-01
4.889254467998398468e-01
4.888462507806252688e-01
4.889087663759710267e-01
4.888847305410308763e-01
4.889591642568120733e-01
4.889510654757032171e-01
4.889277119364123791e-01
4.889663632056908682e-01
4.889593005646020174e-01
