Start Optimization 
10.355147 -0.938375 -0.184365 -0.006457 -0.721666 0.440291 -0.002168 -0.749946 0.170529 -0.721078 
11.355147 -0.938375 -0.184365 -0.006457 -0.721666 0.440291 -0.002168 -0.749946 0.170529 -0.721078 
11.355147 0.061625 -0.184365 -0.006457 -0.721666 0.440291 -0.002168 -0.749946 0.170529 -0.721078 
11.355147 -0.938375 0.815635 -0.006457 -0.721666 0.440291 -0.002168 -0.749946 0.170529 -0.721078 
11.355147 -0.938375 -0.184365 0.993543 -0.721666 0.440291 -0.002168 -0.749946 0.170529 -0.721078 
11.355147 -0.938375 -0.184365 -0.006457 0.278334 0.440291 -0.002168 -0.749946 0.170529 -0.721078 
11.355147 -0.938375 -0.184365 -0.006457 -0.721666 1.440291 -0.002168 -0.749946 0.170529 -0.721078 
11.355147 -0.938375 -0.184365 -0.006457 -0.721666 1.440291 0.997832 -0.749946 0.170529 -0.721078 
11.355147 -0.938375 -0.184365 -0.006457 -0.721666 1.440291 0.997832 0.250054 0.170529 -0.721078 
11.355147 -0.938375 -0.184365 -0.006457 -0.721666 1.440291 0.997832 -0.749946 1.170529 -0.721078 
11.355147 -0.938375 -0.184365 -0.006457 -0.721666 1.440291 0.997832 -0.749946 0.170529 0.278922 
11.356783 -1.119190 -0.524850 -0.927116 -0.778211 1.441307 0.998243 -0.773627 0.170315 -0.721672 
11.355272 -0.952177 0.310457 -0.076735 -0.725982 1.440369 0.997863 -0.751754 0.170513 -0.721123 
11.605137 -0.936113 -0.184365 -0.006457 -0.721666 1.440291 0.997832 -0.749946 0.170529 -0.721078 
11.600726 -0.437569 -0.189188 -0.043932 -0.723968 1.440332 0.997849 -0.750910 0.170520 -0.721102 
11.605137 -0.936113 -0.184365 0.008869 -0.971196 1.440291 0.997832 -0.749946 0.170529 -0.721078 
11.605704 -0.907478 -0.224647 0.488504 -0.671610 1.440636 0.997972 -0.757997 0.170456 -0.721280 
11.605137 -0.936148 -0.184430 -0.006634 -0.721677 1.690291 0.997832 -0.749946 0.170529 -0.721078 
11.607702 -0.987968 -0.521072 -0.370816 -0.694164 1.439120 0.998187 -0.770376 0.170345 -0.721590 
11.605781 -0.944898 0.054723 -0.078203 -0.712640 1.440081 0.997928 -0.755448 0.170479 -0.721216 
11.605137 -0.936121 -0.184427 -0.006497 -0.721668 1.440291 1.122832 -0.749946 0.170529 -0.721078 
11.606206 -0.958423 -0.378671 -0.161542 -0.710563 1.439789 0.997678 -0.758395 0.170453 -0.721290 
11.605134 -0.935791 -0.184976 0.001093 -0.721202 1.440296 0.997834 -0.874715 0.170529 -0.721078 
11.605929 -0.927539 -0.262003 0.235811 -0.686100 1.440105 0.997864 -0.861549 0.170452 -0.721291 
11.605134 -0.935794 -0.184911 0.001074 -0.721203 1.440296 0.997834 -0.874717 0.045529 -0.721078 
11.607109 -0.952739 0.060363 -0.012220 -0.678678 1.439638 0.997936 -0.879888 0.172653 -0.721523 
11.605134 -0.935814 -0.185213 0.000905 -0.721214 1.440296 0.997834 -0.874725 0.170529 -0.846078 
11.607258 -0.967795 -0.375501 -0.153869 -0.687060 1.439417 0.997674 -0.886418 0.172464 -0.845542 
11.606171 -1.050438 -0.184104 0.012530 -0.769676 1.440287 0.997830 -0.874504 0.170531 -0.846072 
11.604609 -0.823327 -0.185065 0.006540 -0.944402 1.440113 0.997834 -0.875811 0.171067 -0.846102 
11.606519 -0.897440 0.054612 -0.013988 -0.664126 1.439679 0.997937 -0.879608 0.172550 -0.846579 
11.605426 -0.917381 -0.220068 0.117238 -0.698984 1.440193 0.997851 -0.868212 0.170995 -0.846207 
11.667921 -0.916897 -0.220551 0.116844 -0.698897 1.440193 0.997851 -0.868233 0.170995 -0.846206 
11.666738 -0.890669 -0.333572 0.096202 -0.657358 1.439639 0.997780 -0.871081 0.172383 -0.846013 
11.667924 -0.916905 -0.220235 0.116876 -0.698849 1.377694 0.997851 -0.868235 0.170995 -0.846207 
11.668650 -0.877794 -0.125097 0.159378 -0.642587 1.440737 0.997902 -0.868731 0.172809 -0.846516 
11.667778 -0.846096 -0.211995 0.141211 -0.798620 1.440163 0.997859 -0.868306 0.171797 -0.846287 
11.668606 -0.974649 -0.213402 0.139456 -0.701655 1.440247 0.997853 -0.868079 0.171617 -0.846262 
11.668606 -0.974650 -0.213383 0.139452 -0.701657 1.440247 0.966603 -0.868080 0.171617 -0.846275 
11.668644 -0.988968 -0.196120 0.103549 -0.701579 1.440319 0.966637 -0.870930 0.171970 -0.892165 
11.668635 -0.989400 -0.195299 0.102156 -0.702082 1.440323 0.966637 -0.901206 0.178666 -0.888702 
11.668665 -0.997999 -0.184999 0.079345 -0.701809 1.440363 0.966636 -0.855654 0.221731 -0.872024 
11.668614 -0.995450 -0.191324 0.087127 -0.692185 1.440343 0.966634 -0.871884 0.155343 -0.875544 
11.668958 -0.995105 -0.171218 0.093567 -0.755109 1.440401 0.966654 -0.870856 0.157183 -0.900208 
11.668437 -0.995888 -0.223080 0.093225 -0.711330 1.440171 0.966622 -0.870984 0.171658 -0.892088 
11.668924 -1.001658 -0.180559 0.105898 -0.656970 1.440437 0.966649 -0.871721 0.172623 -0.930978 
11.669095 -1.001868 -0.177092 0.122817 -0.643987 1.440473 0.908206 -0.870282 0.172408 -0.926326 
11.700337 -1.001375 -0.177367 0.122522 -0.643932 1.440727 0.908206 -0.870293 0.172405 -0.926325 
11.699305 -0.963332 -0.176273 0.106444 -0.634458 1.485497 0.904000 -0.870319 0.171922 -0.935613 
11.699076 -0.945348 -0.176477 0.094289 -0.633489 1.464109 0.900147 -0.870724 0.171753 -0.941259 
11.699614 -0.923159 -0.166414 0.130253 -0.592801 1.457655 0.916177 -0.866861 0.170887 -0.934248 
11.699114 -0.942155 -0.177809 0.103839 -0.641412 1.464101 0.900149 -0.877943 0.146246 -0.951647 
11.699830 -0.959274 -0.129952 0.074334 -0.649439 1.469138 0.888895 -0.863720 0.185826 -0.963520 
11.698947 -0.962885 -0.225605 0.074110 -0.618523 1.467918 0.890621 -0.868613 0.178913 -0.961085 
11.699075 -0.939497 -0.181498 0.100228 -0.642634 1.465142 0.876714 -0.868014 0.173802 -0.925879 
11.699069 -0.947441 -0.175109 0.089094 -0.630049 1.464116 0.900146 -0.860153 0.163574 -0.936740 
11.699071 -0.952544 -0.170539 0.076427 -0.620391 1.464598 0.898012 -0.881201 0.156727 -0.923278 
11.714683 -0.947140 -0.175327 0.088865 -0.630265 1.464242 0.900393 -0.860162 0.163571 -0.936595 
11.713698 -0.941292 -0.182607 0.081260 -0.646762 1.465667 0.920448 -0.856861 0.165440 -0.924773 
11.714442 -0.937186 -0.174798 0.085827 -0.626880 1.475158 0.899769 -0.860068 0.163430 -0.938705 
11.714728 -0.929945 -0.172348 0.101708 -0.605811 1.469297 0.908859 -0.852034 0.166742 -0.933280 
11.714549 -0.935357 -0.160147 0.087346 -0.631378 1.474946 0.900373 -0.859571 0.164074 -0.937119 
11.714849 -0.947052 -0.173851 0.074823 -0.616795 1.477193 0.896571 -0.844508 0.172915 -0.956281 
11.714511 -0.934805 -0.177982 0.088523 -0.628267 1.475667 0.887733 -0.854515 0.165973 -0.932646 
11.714386 -0.932647 -0.174871 0.082953 -0.626769 1.469823 0.898807 -0.860289 0.162964 -0.940286 
11.714591 -0.938458 -0.176763 0.092876 -0.627620 1.478395 0.898275 -0.858012 0.151780 -0.944685 
11.714603 -0.939063 -0.172794 0.084750 -0.622457 1.475012 0.896146 -0.864153 0.161800 -0.938181 
11.714184 -0.941115 -0.179352 0.080892 -0.625002 1.481707 0.905909 -0.859149 0.160898 -0.929104 
11.714557 -0.940436 -0.174322 0.083972 -0.624671 1.476600 0.899104 -0.856301 0.166336 -0.942797 
11.714521 -0.941228 -0.174640 0.082048 -0.627304 1.477414 0.897971 -0.857439 0.166034 -0.943548 
11.714619 -0.939770 -0.175697 0.089128 -0.621888 1.477428 0.900667 -0.858316 0.170420 -0.943502 
11.714720 -0.939106 -0.169668 0.092782 -0.620794 1.478329 0.902228 -0.856875 0.172004 -0.942136 
11.714691 -0.939676 -0.171860 0.094093 -0.615969 1.479711 0.905914 -0.855299 0.172505 -0.938576 
11.714799 -0.939668 -0.172913 0.099145 -0.614262 1.480513 0.905913 -0.853657 0.168125 -0.941569 
11.718595 -0.939623 -0.171915 0.094042 -0.616031 1.479719 0.905978 -0.855301 0.172504 -0.938535 
11.714753 -0.944671 -0.172082 0.096142 -0.616864 1.474500 0.906536 -0.855138 0.173634 -0.937098 
11.714714 -0.939562 -0.172631 0.095049 -0.616320 1.480386 0.903069 -0.853918 0.173175 -0.936931 
11.714673 -0.935331 -0.171621 0.093245 -0.612620 1.475668 0.906734 -0.854938 0.176109 -0.938730 
11.714590 -0.934403 -0.172643 0.093699 -0.614991 1.475770 0.908489 -0.852997 0.176878 -0.938990 
11.714716 -0.936814 -0.170165 0.092713 -0.609512 1.477773 0.907734 -0.859970 0.179837 -0.937270 
11.714798 -0.939683 -0.167231 0.088115 -0.605963 1.478261 0.907723 -0.856844 0.180365 -0.937669 
11.714811 -0.938842 -0.164131 0.089221 -0.606436 1.478241 0.908299 -0.856499 0.179727 -0.936044 
11.714693 -0.938908 -0.168539 0.084256 -0.604217 1.476506 0.908223 -0.859917 0.177269 -0.933378 
11.714815 -0.939904 -0.168367 0.089963 -0.603624 1.479013 0.909165 -0.855793 0.179404 -0.937066 
11.714963 -0.940517 -0.168624 0.094230 -0.597731 1.479805 0.910375 -0.855510 0.177755 -0.938723 
11.714823 -0.940582 -0.170873 0.094709 -0.597605 1.482195 0.915908 -0.852693 0.180175 -0.936358 
11.714935 -0.938024 -0.168608 0.093330 -0.597330 1.482474 0.909717 -0.855420 0.177277 -0.939254 
11.715032 -0.941023 -0.170055 0.096053 -0.596312 1.480594 0.905351 -0.853313 0.179846 -0.934443 
11.711059 -0.940573 -0.168568 0.094281 -0.597672 1.479801 0.910312 -0.855508 0.177752 -0.938764 
11.711099 -0.945363 -0.168701 0.094921 -0.599749 1.484235 0.909940 -0.856359 0.174232 -0.938107 
11.711032 -0.939986 -0.169442 0.094148 -0.598573 1.478774 0.910123 -0.852814 0.175532 -0.938961 
11.711241 -0.941281 -0.167770 0.098409 -0.592381 1.480210 0.910932 -0.854672 0.176770 -0.942315 
11.711030 -0.940233 -0.169387 0.093340 -0.595737 1.479119 0.910950 -0.856944 0.175921 -0.936879 
11.711021 -0.940548 -0.171025 0.092955 -0.595629 1.479111 0.910665 -0.857226 0.176218 -0.937669 
11.710999 -0.938710 -0.170397 0.096037 -0.597100 1.478917 0.911204 -0.858429 0.175393 -0.936434 
11.711011 -0.940098 -0.169021 0.092814 -0.596192 1.478911 0.912181 -0.857497 0.175442 -0.937921 
11.711057 -0.941486 -0.167973 0.090565 -0.594115 1.479079 0.910753 -0.855854 0.176180 -0.936639 
11.711081 -0.942498 -0.166336 0.087853 -0.592375 1.478872 0.910598 -0.855085 0.176242 -0.935922 
11.711090 -0.941430 -0.167432 0.090451 -0.594255 1.478474 0.909360 -0.856588 0.175603 -0.937194 
11.711069 -0.942507 -0.166556 0.087928 -0.592343 1.479100 0.911119 -0.854820 0.176457 -0.935724 
11.711011 -0.941248 -0.168160 0.089596 -0.595436 1.478945 0.910611 -0.856150 0.176549 -0.935759 
11.711150 -0.942162 -0.167317 0.091943 -0.591150 1.479347 0.911106 -0.855062 0.175510 -0.938189 
11.711197 -0.943302 -0.165851 0.090273 -0.588442 1.479474 0.911560 -0.853863 0.175470 -0.938046 
11.711139 -0.940942 -0.167298 0.091835 -0.590677 1.478241 0.911199 -0.854863 0.176398 -0.938357 
11.711186 -0.941955 -0.165833 0.090157 -0.587927 1.478257 0.911661 -0.853648 0.176449 -0.938232 
11.711154 -0.942182 -0.167303 0.092305 -0.590880 1.476902 0.911515 -0.854920 0.176628 -0.938103 
11.711230 -0.940582 -0.166550 0.093588 -0.589805 1.477451 0.909318 -0.856151 0.174897 -0.939986 
11.711150 -0.941316 -0.167341 0.091797 -0.590232 1.478738 0.911202 -0.856221 0.177564 -0.938507 
11.711126 -0.941602 -0.170406 0.090727 -0.590312 1.477896 0.910478 -0.854443 0.176295 -0.940082 
11.709188 -0.940970 -0.167270 0.091861 -0.590648 1.478239 0.911167 -0.854862 0.176398 -0.938378 
11.711185 -0.941531 -0.166139 0.092407 -0.592142 1.478884 0.910429 -0.853220 0.178189 -0.940402 
11.711160 -0.940831 -0.168593 0.093748 -0.590156 1.478852 0.909425 -0.853830 0.177405 -0.936349 
11.711111 -0.940418 -0.167941 0.092844 -0.591246 1.478453 0.912442 -0.855068 0.176340 -0.938741 
11.711113 -0.940587 -0.167357 0.091136 -0.592042 1.477835 0.910418 -0.855481 0.176452 -0.937941 
11.711145 -0.940912 -0.167622 0.092310 -0.590554 1.478392 0.910751 -0.854608 0.176650 -0.937853 
11.711138 -0.940854 -0.167405 0.091846 -0.590474 1.478131 0.911207 -0.855112 0.176124 -0.938189 
11.711165 -0.940908 -0.167028 0.092299 -0.590612 1.478112 0.910678 -0.855013 0.176208 -0.938917 
11.711141 -0.940860 -0.166907 0.091970 -0.590718 1.478284 0.911290 -0.854913 0.176411 -0.938142 
11.711153 -0.941198 -0.167033 0.091389 -0.589997 1.478244 0.911174 -0.854467 0.176409 -0.938362 
11.711165 -0.941432 -0.166804 0.090993 -0.589293 1.478268 0.911265 -0.854040 0.176418 -0.938406 
11.711240 -0.941551 -0.166892 0.090608 -0.588892 1.478365 0.911640 -0.853471 0.176551 -0.938759 
11.711157 -0.941127 -0.166780 0.090924 -0.589229 1.477972 0.911220 -0.854032 0.176632 -0.938406 
11.711101 -0.941311 -0.166425 0.090625 -0.589240 1.477861 0.910581 -0.854294 0.176485 -0.937970 
11.711160 -0.941036 -0.166712 0.091029 -0.589312 1.477831 0.911110 -0.853756 0.176328 -0.938487 
11.711191 -0.941091 -0.166503 0.091524 -0.588943 1.477855 0.910832 -0.854036 0.176423 -0.939086 
11.711577 -0.941279 -0.166504 0.091590 -0.588969 1.477649 0.910885 -0.854042 0.176458 -0.939036 
11.710599 -0.941576 -0.166538 0.091750 -0.588980 1.477351 0.911044 -0.854003 0.176528 -0.939039 
11.711193 -0.941128 -0.166834 0.091642 -0.588834 1.477895 0.910591 -0.853893 0.176517 -0.938972 
11.711207 -0.940938 -0.166449 0.092211 -0.588710 1.478120 0.910841 -0.853664 0.176707 -0.938493 
11.711192 -0.941104 -0.166958 0.091688 -0.588584 1.477874 0.910721 -0.854074 0.176211 -0.938852 
11.711212 -0.940418 -0.167254 0.091813 -0.588639 1.477411 0.910960 -0.854166 0.176485 -0.938995 
11.711231 -0.941193 -0.167108 0.091719 -0.588543 1.478049 0.911012 -0.853872 0.176203 -0.939071 
11.711231 -0.941181 -0.167046 0.091609 -0.588373 1.477986 0.911010 -0.853780 0.176250 -0.939072 
11.711237 -0.941310 -0.166935 0.091432 -0.588015 1.477998 0.910977 -0.853560 0.176241 -0.939093 
11.711245 -0.941395 -0.166843 0.091254 -0.587643 1.477977 0.910963 -0.853335 0.176252 -0.939126 
11.711252 -0.941602 -0.166736 0.091100 -0.587326 1.478067 0.910931 -0.853116 0.176201 -0.939151 
11.711265 -0.941663 -0.166674 0.090934 -0.586953 1.478041 0.910956 -0.852876 0.176223 -0.939214 
11.711279 -0.941854 -0.166608 0.090796 -0.586634 1.478140 0.910979 -0.852632 0.176178 -0.939280 
11.711267 -0.941604 -0.166652 0.090994 -0.587003 1.477966 0.910912 -0.852742 0.176075 -0.939261 
11.711269 -0.941282 -0.166709 0.090944 -0.586882 1.477688 0.910978 -0.852750 0.176256 -0.939287 
11.711276 -0.941290 -0.166665 0.091076 -0.586792 1.477690 0.910908 -0.852841 0.176265 -0.939424 
11.711244 -0.941266 -0.166601 0.091035 -0.586647 1.477573 0.910757 -0.853056 0.176039 -0.939148 
11.711391 -0.941145 -0.166597 0.090979 -0.586641 1.477698 0.910698 -0.853064 0.176014 -0.939159 
11.711220 -0.941340 -0.166794 0.090988 -0.586698 1.477515 0.910362 -0.852974 0.176194 -0.939130 
11.711051 -0.941170 -0.166599 0.091007 -0.586635 1.477678 0.910730 -0.853051 0.176024 -0.939169 
11.711063 -0.941102 -0.166464 0.091291 -0.586585 1.477773 0.910705 -0.852893 0.176189 -0.938904 
11.711055 -0.941110 -0.166262 0.091208 -0.586649 1.477735 0.910653 -0.852894 0.176245 -0.938929 
11.711043 -0.940986 -0.166316 0.091364 -0.587021 1.477711 0.910650 -0.853128 0.176262 -0.938890 
11.711062 -0.941190 -0.166166 0.091084 -0.586265 1.477737 0.910647 -0.852648 0.176246 -0.938943 
11.711058 -0.941150 -0.166214 0.091146 -0.586457 1.477736 0.910650 -0.852771 0.176246 -0.938936 
11.711062 -0.941190 -0.166166 0.091084 -0.586265 1.477737 0.910647 -0.852648 0.176247 -0.938942 
11.711059 -0.941120 -0.166204 0.091177 -0.586485 1.477699 0.910628 -0.852706 0.176172 -0.938959 
11.711062 -0.941191 -0.166166 0.091083 -0.586264 1.477739 0.910649 -0.852652 0.176251 -0.938941 
11.711059 -0.941068 -0.166230 0.091136 -0.586434 1.477667 0.910667 -0.852778 0.176291 -0.938942 
11.711062 -0.941193 -0.166166 0.091083 -0.586264 1.477740 0.910648 -0.852652 0.176250 -0.938941 
11.711061 -0.941153 -0.166192 0.091213 -0.586414 1.477737 0.910615 -0.852818 0.176250 -0.939004 
11.711061 -0.941193 -0.166167 0.091079 -0.586266 1.477740 0.910650 -0.852650 0.176250 -0.938937 
11.711050 -0.941143 -0.166199 0.091137 -0.586424 1.477707 0.910612 -0.852827 0.176189 -0.938867 
11.711062 -0.941193 -0.166168 0.091079 -0.586267 1.477741 0.910651 -0.852649 0.176251 -0.938939 
11.711064 -0.941131 -0.166166 0.091158 -0.586446 1.477751 0.910749 -0.852793 0.176207 -0.938941 
11.711061 -0.941194 -0.166170 0.091079 -0.586268 1.477740 0.910647 -0.852648 0.176253 -0.938938 
11.710984 -0.941211 -0.166216 0.091174 -0.586461 1.477674 0.910679 -0.852767 0.176258 -0.938930 
11.711062 -0.941193 -0.166169 0.091079 -0.586267 1.477741 0.910647 -0.852648 0.176252 -0.938939 
11.710962 -0.941102 -0.166214 0.091132 -0.586452 1.477789 0.910637 -0.852770 0.176238 -0.938947 
11.710966 -0.941145 -0.166169 0.091065 -0.586262 1.477793 0.910633 -0.852646 0.176245 -0.938949 
11.710965 -0.941083 -0.166182 0.091207 -0.586451 1.477812 0.910630 -0.852737 0.176280 -0.938880 
11.710956 -0.941060 -0.166069 0.091190 -0.586635 1.477784 0.910594 -0.852826 0.176320 -0.938894 
11.711028 -0.941128 -0.166216 0.091169 -0.586484 1.477862 0.910618 -0.852716 0.176322 -0.938865 
11.710962 -0.941045 -0.166350 0.091310 -0.586536 1.477833 0.910670 -0.852823 0.176237 -0.938859 
11.710966 -0.941100 -0.166164 0.091180 -0.586373 1.477814 0.910629 -0.852686 0.176282 -0.938881 
11.710968 -0.941118 -0.166150 0.091154 -0.586294 1.477817 0.910629 -0.852636 0.176284 -0.938881 
11.710970 -0.941135 -0.166135 0.091129 -0.586215 1.477819 0.910628 -0.852585 0.176286 -0.938881 
11.710970 -0.941151 -0.166121 0.091105 -0.586135 1.477822 0.910629 -0.852535 0.176287 -0.938881 
11.710970 -0.941132 -0.166175 0.091148 -0.586200 1.477826 0.910640 -0.852585 0.176274 -0.938876 
11.710971 -0.941148 -0.166160 0.091123 -0.586121 1.477828 0.910639 -0.852534 0.176275 -0.938875 
11.710971 -0.941164 -0.166145 0.091100 -0.586041 1.477831 0.910639 -0.852484 0.176277 -0.938875 
11.710959 -0.941154 -0.166160 0.091116 -0.586104 1.477837 0.910651 -0.852567 0.176301 -0.938867 
11.710971 -0.941164 -0.166145 0.091100 -0.586041 1.477831 0.910639 -0.852484 0.176277 -0.938875 
11.710956 -0.941140 -0.166165 0.091099 -0.586132 1.477821 0.910659 -0.852523 0.176270 -0.938846 
11.710972 -0.941165 -0.166145 0.091100 -0.586041 1.477831 0.910639 -0.852484 0.176277 -0.938876 
11.710952 -0.941148 -0.166178 0.091119 -0.586120 1.477813 0.910603 -0.852532 0.176289 -0.938868 
11.710972 -0.941165 -0.166145 0.091100 -0.586041 1.477831 0.910639 -0.852484 0.176277 -0.938876 
11.710953 -0.941142 -0.166168 0.091127 -0.586130 1.477829 0.910656 -0.852515 0.176301 -0.938901 
11.710972 -0.941165 -0.166145 0.091100 -0.586041 1.477831 0.910639 -0.852484 0.176277 -0.938875 
11.710942 -0.941178 -0.166155 0.091129 -0.586128 1.477850 0.910636 -0.852531 0.176261 -0.938874 
11.710943 -0.941195 -0.166140 0.091106 -0.586048 1.477852 0.910636 -0.852481 0.176262 -0.938874 
11.710935 -0.941146 -0.166154 0.091117 -0.586126 1.477883 0.910624 -0.852532 0.176255 -0.938879 
11.710859 -0.941165 -0.166148 0.091156 -0.586138 1.477845 0.910645 -0.852534 0.176292 -0.938842 
11.710961 -0.941185 -0.166156 0.091140 -0.586138 1.477871 0.910631 -0.852516 0.176285 -0.938851 
11.710919 -0.941216 -0.166203 0.091068 -0.586158 1.477866 0.910640 -0.852541 0.176285 -0.938886 
11.710957 -0.941151 -0.166210 0.091194 -0.586125 1.477854 0.910653 -0.852548 0.176228 -0.938862 
