Start Optimization 
11.687108 0.095262 0.059267 -0.261342 0.805026 0.014176 -0.822153 0.578877 0.543805 0.675622 
12.687108 0.095262 0.059267 -0.261342 0.805026 0.014176 -0.822153 0.578877 0.543805 0.675622 
12.687108 1.095262 0.059267 -0.261342 0.805026 0.014176 -0.822153 0.578877 0.543805 0.675622 
12.687108 0.095262 1.059267 -0.261342 0.805026 0.014176 -0.822153 0.578877 0.543805 0.675622 
12.687108 0.095262 0.059267 0.738658 0.805026 0.014176 -0.822153 0.578877 0.543805 0.675622 
12.687108 0.095262 0.059267 -0.261342 1.805026 0.014176 -0.822153 0.578877 0.543805 0.675622 
12.687108 0.095262 0.059267 -0.261342 0.805026 1.014176 -0.822153 0.578877 0.543805 0.675622 
12.687108 0.095262 0.059267 -0.261342 0.805026 0.014176 0.177847 0.578877 0.543805 0.675622 
12.687108 0.095262 0.059267 -0.261342 0.805026 0.014176 -0.822153 1.578877 0.543805 0.675622 
12.687108 0.095262 0.059267 -0.261342 0.805026 0.014176 -0.822153 0.578877 1.543805 0.675622 
12.687108 0.095262 0.059267 -0.261342 0.805026 0.014176 -0.822153 0.578877 0.543805 1.675622 
12.687231 -0.145262 -0.174303 -1.189092 0.781855 -0.147514 -0.831105 0.568566 0.542160 1.677351 
12.687158 -0.003067 -0.036219 0.214812 0.795553 -0.051925 -0.825813 0.574662 0.543133 1.676329 
12.937108 0.095390 0.059267 -0.261342 0.805026 0.014176 -0.822153 0.578877 0.543805 1.675622 
12.686722 0.593063 0.026690 -0.236645 0.801794 -0.008376 -0.823402 0.577439 0.543576 1.675863 
12.687108 0.095262 0.083947 -0.261342 0.556247 0.014176 -0.822153 0.578877 0.543805 1.675622 
12.686967 0.101825 0.554998 -0.235195 0.859335 -0.009699 -0.823475 0.577354 0.543562 1.675877 
12.687108 0.095262 0.059267 -0.261342 0.805026 0.027996 -1.071771 0.578877 0.543805 1.675622 
12.687014 0.099623 0.035107 -0.243968 0.806038 0.512481 -0.794133 0.577865 0.543644 1.675792 
12.687108 0.094603 0.058627 -0.263882 0.804963 0.013733 -0.822178 0.328892 0.543805 1.675622 
12.686576 -0.007853 -0.222139 -0.655551 0.798869 -0.054053 -0.823176 0.587868 0.542775 1.676705 
12.687108 0.095157 0.059165 -0.261747 0.805016 0.014105 -0.822157 0.578882 0.293805 1.675622 
12.686576 -0.007843 -0.222118 -0.655513 0.798870 -0.054047 -0.823176 0.587867 0.550555 1.676705 
12.686842 0.043710 -0.081425 -0.458428 0.801948 -0.019935 -0.822665 0.583372 0.547180 1.676163 
12.687108 0.095274 0.059279 -0.261294 0.805027 0.015814 -0.822062 0.578874 0.543804 1.800611 
12.687032 0.091957 0.032048 -0.273624 0.805208 0.261940 -0.808071 0.579153 0.544553 1.672224 
12.686980 0.059732 -0.020542 -0.173083 0.802547 0.000205 -0.822238 0.579271 0.545197 1.675504 
12.687078 0.153137 0.035921 -0.259488 0.802710 0.012483 -0.822247 0.578769 0.543788 1.675640 
12.686533 0.122769 0.173968 -0.272029 0.837265 -0.008441 -0.820765 0.582362 0.549458 1.674837 
12.687044 0.095464 0.060344 -0.264411 0.807519 0.076417 -0.818405 0.579218 0.544443 1.674682 
12.655869 0.095246 0.059350 -0.261342 0.804187 0.014176 -0.822153 0.578877 0.543805 1.675622 
12.657500 0.095625 0.069956 -0.262562 0.742662 0.016114 -0.821841 0.579162 0.544247 1.675513 
12.655873 0.095851 0.061023 -0.259031 0.804222 0.014575 -0.822131 0.578847 0.512694 1.675616 
12.655702 0.082693 0.035931 -0.317604 0.802577 0.011122 -0.821686 0.580442 0.539315 1.675429 
12.655701 0.082395 0.035158 -0.316343 0.802559 0.011028 -0.821691 0.611655 0.539330 1.675430 
12.655290 0.049287 -0.012053 -0.292843 0.797934 0.010961 -0.819939 0.611713 0.541295 1.674717 
12.654021 0.001152 -0.046802 -0.276964 0.801942 0.006326 -0.815696 0.616139 0.548348 1.672952 
12.655288 0.053417 -0.013719 -0.292710 0.797768 0.009131 -0.789063 0.611706 0.541294 1.674718 
12.654986 0.090423 -0.057523 -0.285536 0.793038 0.011130 -0.828120 0.612394 0.542522 1.674230 
12.655434 0.049317 -0.011148 -0.292957 0.792660 0.010686 -0.819937 0.611738 0.541333 1.643930 
12.657000 0.042953 -0.006846 -0.292517 0.731597 0.012739 -0.819115 0.612259 0.542141 1.654423 
12.655396 0.047651 -0.011797 -0.294062 0.794033 0.041810 -0.819568 0.611845 0.541584 1.645081 
12.654862 0.049938 -0.022387 -0.292827 0.790516 0.006191 -0.777719 0.614965 0.545517 1.599838 
12.654685 0.050808 -0.015745 -0.296196 0.792492 0.004761 -0.778057 0.645177 0.546724 1.600071 
12.639364 0.049968 -0.022241 -0.292683 0.790102 0.006216 -0.777718 0.614963 0.543577 1.599837 
12.643181 0.047906 -0.023152 -0.289829 0.790323 0.005921 -0.776340 0.616405 0.512872 1.598475 
12.643207 0.049949 -0.019272 -0.274928 0.790465 0.006633 -0.775944 0.617139 0.514075 1.598026 
12.643060 0.042916 -0.018172 -0.318599 0.794148 0.001230 -0.775220 0.609502 0.509403 1.597236 
12.643410 0.063043 -0.021657 -0.292188 0.788674 0.006807 -0.776944 0.615580 0.511576 1.597526 
12.642815 0.050129 -0.053079 -0.291826 0.789541 0.004195 -0.781989 0.621773 0.512997 1.601228 
12.643274 0.046295 -0.022134 -0.289904 0.786906 0.006522 -0.787170 0.616430 0.512908 1.587932 
12.644072 0.042869 -0.020352 -0.292114 0.756885 0.007067 -0.782401 0.617695 0.512717 1.593428 
12.643129 0.046391 -0.024978 -0.289911 0.786417 0.006512 -0.776564 0.617243 0.513967 1.576909 
12.643281 0.044080 -0.022537 -0.293348 0.788512 0.037422 -0.786451 0.617379 0.512440 1.588679 
12.643242 0.045893 -0.018927 -0.292193 0.788120 0.005729 -0.786725 0.631454 0.512946 1.588591 
12.642242 0.064231 -0.018234 -0.293347 0.782095 0.004129 -0.803963 0.615325 0.521156 1.572228 
12.643245 0.042862 -0.016284 -0.302181 0.789573 0.002567 -0.786195 0.611939 0.511317 1.586933 
12.635525 0.046295 -0.022171 -0.289831 0.786705 0.006525 -0.787168 0.616450 0.511936 1.587962 
12.635552 0.046544 -0.036531 -0.294252 0.786875 0.004115 -0.790037 0.618114 0.511595 1.589133 
12.637837 0.046876 -0.022306 -0.288167 0.786517 0.006370 -0.788682 0.616140 0.504948 1.586827 
12.624000 0.049511 -0.017813 -0.294838 0.784947 0.007424 -0.782119 0.620276 0.512643 1.584445 
12.636252 0.045842 -0.022328 -0.291188 0.787253 0.014065 -0.787831 0.616093 0.512786 1.588006 
12.635951 0.045359 -0.022205 -0.290203 0.783213 0.006707 -0.786396 0.616444 0.511659 1.589038 
12.636600 0.049767 -0.020704 -0.289195 0.783905 0.005928 -0.790999 0.615769 0.515908 1.585482 
12.634752 0.043312 -0.022099 -0.289586 0.786484 0.006376 -0.788566 0.616912 0.512081 1.586109 
12.634250 0.040911 -0.020389 -0.285844 0.787625 0.005800 -0.786152 0.616151 0.516988 1.588553 
12.633772 0.043174 -0.022525 -0.289890 0.786348 0.006287 -0.788259 0.613235 0.511876 1.585541 
12.636411 0.041776 -0.019524 -0.295950 0.787615 0.004504 -0.788808 0.612466 0.512462 1.586154 
12.632073 0.043154 -0.022002 -0.289905 0.786414 0.006273 -0.790650 0.613070 0.511420 1.588019 
12.631104 0.043544 -0.028799 -0.292721 0.786242 0.005212 -0.791690 0.613989 0.513060 1.588205 
12.629069 0.045499 -0.028242 -0.293465 0.787915 0.004548 -0.790000 0.614543 0.512923 1.588296 
12.627095 0.042604 -0.027880 -0.295005 0.781560 0.006929 -0.792214 0.615564 0.512717 1.584998 
12.631722 0.044713 -0.030049 -0.292561 0.786361 0.004775 -0.792766 0.613887 0.509921 1.587373 
12.631525 0.044402 -0.029923 -0.292127 0.785815 0.002998 -0.792677 0.613979 0.509948 1.587312 
12.630969 0.043965 -0.033045 -0.290070 0.786122 0.002754 -0.792968 0.613321 0.509862 1.587629 
12.631403 0.043079 -0.030068 -0.292657 0.786109 0.003028 -0.791911 0.614144 0.509065 1.587825 
12.632822 0.043243 -0.028868 -0.295728 0.786447 0.001979 -0.792868 0.613762 0.509234 1.587623 
12.630673 0.042467 -0.029423 -0.292290 0.787064 0.003005 -0.793092 0.614158 0.508946 1.587646 
12.631360 0.044266 -0.029087 -0.292730 0.784212 0.003316 -0.791808 0.613661 0.508188 1.590686 
12.631595 0.043177 -0.030471 -0.292788 0.786161 0.002966 -0.792378 0.615893 0.509271 1.588338 
12.633067 0.043492 -0.028812 -0.292150 0.785301 0.003339 -0.789395 0.613283 0.508529 1.586285 
12.630556 0.043348 -0.029770 -0.292772 0.784825 0.002644 -0.792305 0.614450 0.509247 1.586905 
12.629421 0.042386 -0.031246 -0.294849 0.784156 0.004566 -0.791322 0.613470 0.508582 1.586694 
12.628475 0.043386 -0.031282 -0.295167 0.785033 0.004022 -0.790461 0.613508 0.508554 1.586788 
12.629248 0.044584 -0.029658 -0.295832 0.781993 0.004909 -0.791800 0.612851 0.508969 1.585531 
12.629711 0.042617 -0.032294 -0.294660 0.783820 0.003789 -0.791335 0.612300 0.509251 1.586789 
12.629882 0.042899 -0.032603 -0.294591 0.783855 0.003685 -0.791564 0.612275 0.508457 1.586565 
12.630748 0.042745 -0.032210 -0.294171 0.783813 0.003768 -0.790098 0.611899 0.508204 1.585977 
12.629692 0.043015 -0.032469 -0.294213 0.783541 0.003837 -0.791423 0.612075 0.508175 1.587259 
12.628905 0.043182 -0.033089 -0.293000 0.783233 0.004370 -0.791334 0.612483 0.508500 1.586450 
12.629365 0.042768 -0.032099 -0.294037 0.783855 0.003852 -0.791675 0.611459 0.508061 1.587011 
12.630483 0.042827 -0.031941 -0.295403 0.783844 0.003241 -0.791535 0.611636 0.507824 1.588086 
12.629356 0.042615 -0.032390 -0.294273 0.783106 0.003219 -0.791292 0.612242 0.507978 1.587130 
12.630152 0.042432 -0.031862 -0.295462 0.783415 0.002633 -0.791405 0.611801 0.507630 1.587958 
12.629388 0.042065 -0.032791 -0.294015 0.783643 0.003144 -0.791176 0.612407 0.507883 1.587412 
12.629234 0.042059 -0.034309 -0.293376 0.783288 0.002413 -0.791569 0.611960 0.507640 1.587346 
12.629115 0.041806 -0.033142 -0.294532 0.783467 0.003644 -0.790944 0.612180 0.507707 1.587357 
12.629899 0.041204 -0.032000 -0.293888 0.783272 0.004017 -0.791805 0.613216 0.507428 1.587296 
12.628902 0.042455 -0.032579 -0.294212 0.784110 0.003073 -0.790785 0.612680 0.507710 1.587438 
12.629447 0.042061 -0.032790 -0.293757 0.783587 0.003243 -0.790864 0.612396 0.507879 1.587172 
12.629722 0.042029 -0.032623 -0.294619 0.783808 0.002789 -0.791268 0.612127 0.507784 1.587858 
12.629143 0.042137 -0.032953 -0.294076 0.783644 0.003101 -0.791514 0.612465 0.507979 1.587532 
12.629188 0.042205 -0.033028 -0.294059 0.783652 0.003078 -0.791573 0.612461 0.507779 1.587476 
12.629221 0.042048 -0.032784 -0.294123 0.783647 0.003270 -0.791742 0.612717 0.507648 1.587510 
12.629140 0.042234 -0.032994 -0.293964 0.783573 0.003116 -0.791538 0.612411 0.507709 1.587650 
12.629306 0.042217 -0.032912 -0.294266 0.783656 0.002938 -0.791585 0.612271 0.507659 1.587872 
12.629222 0.042296 -0.033087 -0.294008 0.783494 0.003112 -0.791475 0.612565 0.507737 1.587712 
12.629227 0.042230 -0.033445 -0.293863 0.783396 0.002920 -0.791617 0.612472 0.507641 1.587723 
12.629355 0.042334 -0.033131 -0.293970 0.783530 0.003254 -0.791552 0.612495 0.507801 1.587736 
12.629227 0.042604 -0.033060 -0.294042 0.783842 0.003377 -0.791418 0.612571 0.507775 1.587781 
12.629423 0.042405 -0.033039 -0.293844 0.783568 0.003130 -0.791611 0.612550 0.507846 1.587747 
12.629261 0.042479 -0.033074 -0.294228 0.783262 0.003432 -0.791531 0.612361 0.507787 1.587607 
12.629484 0.042341 -0.033143 -0.293974 0.783568 0.003223 -0.791447 0.612465 0.507723 1.587587 
12.629344 0.042060 -0.033103 -0.293985 0.783524 0.003477 -0.791264 0.612451 0.507760 1.587898 
12.629366 0.042252 -0.033121 -0.294047 0.783571 0.003332 -0.791663 0.612613 0.507698 1.587689 
12.629314 0.042338 -0.033152 -0.293895 0.783509 0.003299 -0.791540 0.612530 0.507813 1.587681 
12.629369 0.042309 -0.033240 -0.294121 0.783595 0.003180 -0.791572 0.612404 0.507777 1.587809 
12.629394 0.042268 -0.033190 -0.294138 0.783591 0.003204 -0.791527 0.612396 0.507768 1.587857 
12.629382 0.042281 -0.033247 -0.294114 0.783563 0.003168 -0.791585 0.612396 0.507779 1.587805 
12.629384 0.042327 -0.033208 -0.294168 0.783515 0.003177 -0.791602 0.612375 0.507778 1.587786 
12.629382 0.042295 -0.033253 -0.294097 0.783553 0.003170 -0.791589 0.612388 0.507740 1.587822 
12.629424 0.042313 -0.033210 -0.294086 0.783578 0.003113 -0.791625 0.612406 0.507744 1.587842 
12.629399 0.042308 -0.033272 -0.294106 0.783536 0.003169 -0.791576 0.612420 0.507746 1.587834 
12.629368 0.042298 -0.033323 -0.294074 0.783536 0.003142 -0.791620 0.612356 0.507705 1.587821 
12.629355 0.042301 -0.033394 -0.294050 0.783518 0.003114 -0.791650 0.612323 0.507670 1.587821 
12.629341 0.042298 -0.033458 -0.294025 0.783501 0.003092 -0.791676 0.612283 0.507626 1.587827 
12.629355 0.042314 -0.033391 -0.294036 0.783510 0.003101 -0.791624 0.612299 0.507690 1.587834 
12.629341 0.042295 -0.033458 -0.294028 0.783502 0.003095 -0.791682 0.612289 0.507622 1.587824 
12.629328 0.042300 -0.033391 -0.294049 0.783511 0.003121 -0.791672 0.612329 0.507686 1.587851 
12.629342 0.042295 -0.033458 -0.294028 0.783503 0.003095 -0.791681 0.612288 0.507621 1.587822 
12.629382 0.042309 -0.033402 -0.294042 0.783526 0.003144 -0.791666 0.612309 0.507683 1.587826 
12.629331 0.042292 -0.033453 -0.294032 0.783500 0.003082 -0.791673 0.612296 0.507616 1.587820 
12.629364 0.042285 -0.033399 -0.294082 0.783529 0.003109 -0.791644 0.612308 0.507661 1.587845 
12.629329 0.042296 -0.033452 -0.294025 0.783498 0.003083 -0.791675 0.612299 0.507618 1.587815 
12.629356 0.042275 -0.033403 -0.294022 0.783539 0.003116 -0.791638 0.612336 0.507669 1.587832 
12.629351 0.042354 -0.033376 -0.294106 0.783477 0.003111 -0.791676 0.612297 0.507671 1.587797 
12.629370 0.042273 -0.033383 -0.294044 0.783484 0.003113 -0.791656 0.612319 0.507670 1.587820 
12.629343 0.042265 -0.033443 -0.294015 0.783470 0.003083 -0.791677 0.612298 0.507618 1.587816 
12.629352 0.042265 -0.033390 -0.294050 0.783470 0.003148 -0.791636 0.612307 0.507666 1.587818 
12.629372 0.042266 -0.033337 -0.294044 0.783456 0.003160 -0.791654 0.612256 0.507661 1.587877 
12.629337 0.042246 -0.033381 -0.294050 0.783487 0.003143 -0.791648 0.612282 0.507682 1.587797 
12.629378 0.042248 -0.033418 -0.294085 0.783442 0.003143 -0.791637 0.612306 0.507743 1.587839 
12.629359 0.042234 -0.033495 -0.294070 0.783413 0.003114 -0.791657 0.612283 0.507717 1.587847 
12.629341 0.042221 -0.033571 -0.294054 0.783383 0.003085 -0.791677 0.612259 0.507692 1.587855 
