Start Optimization 
11.805565 -0.980057 -0.311016 0.040893 -0.631375 0.390570 0.835496 -0.683374 -0.049142 0.710353 
12.805565 -0.980057 -0.311016 0.040893 -0.631375 0.390570 0.835496 -0.683374 -0.049142 0.710353 
12.805565 0.019943 -0.311016 0.040893 -0.631375 0.390570 0.835496 -0.683374 -0.049142 0.710353 
12.805565 -0.980057 0.688984 0.040893 -0.631375 0.390570 0.835496 -0.683374 -0.049142 0.710353 
12.805565 -0.980057 -0.311016 1.040893 -0.631375 0.390570 0.835496 -0.683374 -0.049142 0.710353 
12.805565 -0.980057 -0.311016 0.040893 0.368625 0.390570 0.835496 -0.683374 -0.049142 0.710353 
12.805565 -0.980057 -0.311016 0.040893 -0.631375 1.390570 0.835496 -0.683374 -0.049142 0.710353 
12.805565 -0.980057 -0.311016 0.040893 -0.631375 1.390570 1.835496 -0.683374 -0.049142 0.710353 
12.805565 -0.980057 -0.311016 0.040893 -0.631375 1.390570 0.835496 0.316626 -0.049142 0.710353 
12.805565 -0.980057 -0.311016 0.040893 -0.631375 1.390570 0.835496 -0.683374 0.950858 0.710353 
12.805565 -0.980057 -0.311016 0.040893 -0.631375 1.390570 0.835496 -0.683374 -0.049142 1.710353 
12.806529 -1.194489 -0.565352 -0.900968 -0.673008 1.393646 0.835195 -0.705423 -0.049619 0.710172 
12.805619 -0.992168 0.185991 -0.012303 -0.633726 1.390744 0.835479 -0.684619 -0.049169 0.710343 
13.055562 -0.978933 -0.311016 0.040893 -0.631375 1.390570 0.835496 -0.683374 -0.049142 0.710353 
13.053363 -0.481028 -0.315031 -0.004543 -0.633383 1.390718 0.835481 -0.684438 -0.049165 0.710344 
13.055562 -0.978933 -0.311016 0.051933 -0.881131 1.390570 0.835496 -0.683374 -0.049142 0.710353 
13.055765 -0.957719 -0.340829 0.538236 -0.596063 1.391672 0.835388 -0.691273 -0.049313 0.710288 
13.056147 -1.028351 -0.436440 -0.169308 -0.624469 1.391909 0.835365 -0.692973 -0.049350 0.710274 
13.055563 -0.978973 -0.309371 0.040717 -0.631383 1.515559 0.835496 -0.683374 -0.049142 0.710353 
13.055800 -0.996574 -0.071409 -0.033600 -0.627606 1.512512 0.835439 -0.687559 -0.049233 0.710319 
13.055563 -0.978969 -0.309376 0.040797 -0.631379 1.515559 0.710496 -0.683374 -0.049142 0.710353 
13.056245 -1.002876 -0.322919 0.286113 -0.594883 1.516784 0.710610 -0.698576 -0.049471 0.710229 
13.055387 -0.940016 -0.309690 0.037242 -0.631536 1.515571 0.710495 -0.802096 -0.049142 0.710353 
13.054632 -0.741756 -0.312245 0.038008 -0.625398 1.515838 0.710491 -0.604778 -0.049220 0.710323 
13.055563 -0.978969 -0.309376 0.040868 -0.632982 1.515559 0.710496 -0.683374 -0.174132 0.710353 
13.055621 -0.975365 -0.309929 0.061971 -0.880430 1.515674 0.710497 -0.682122 -0.045862 0.710337 
13.055563 -0.978985 -0.309416 0.040729 -0.631377 1.515560 0.710496 -0.683377 -0.049142 0.585353 
13.056447 -1.008565 -0.481806 -0.137153 -0.616687 1.518493 0.710330 -0.683585 -0.048675 0.710576 
13.055789 -0.984752 -0.190571 0.002640 -0.627016 1.514186 0.710451 -0.683454 -0.049018 0.710354 
13.118061 -0.978716 -0.309392 0.041084 -0.631336 1.515560 0.710496 -0.683392 -0.049142 0.710353 
13.118010 -0.988184 -0.287511 0.161219 -0.606854 1.515887 0.710545 -0.688374 -0.049021 0.710315 
13.118122 -0.978646 -0.305963 0.051104 -0.692927 1.515585 0.710497 -0.683354 -0.048298 0.710350 
13.117934 -0.949152 -0.307248 0.043317 -0.630815 1.515544 0.710498 -0.673765 -0.049148 0.710347 
13.119216 -0.923780 -0.355592 0.016467 -0.630617 1.517347 0.710409 -0.659673 -0.048186 0.710459 
13.117936 -0.949204 -0.305927 0.042980 -0.630783 1.546764 0.710498 -0.673772 -0.049148 0.710347 
13.118461 -0.944735 -0.248187 0.019894 -0.628918 1.545178 0.710456 -0.670163 -0.048860 0.710369 
13.118781 -0.940628 -0.217503 0.072428 -0.615365 1.545950 0.710455 -0.668279 -0.048557 0.710369 
13.119625 -0.927980 -0.180926 0.118327 -0.599557 1.547787 0.710418 -0.661408 -0.047880 0.710406 
13.118827 -0.950251 -0.218506 0.072701 -0.615369 1.545987 0.710455 -0.638566 -0.048556 0.710370 
13.119617 -0.926457 -0.180795 0.118247 -0.599569 1.547780 0.710418 -0.666147 -0.047880 0.710406 
13.118781 -0.940602 -0.217734 0.072279 -0.614974 1.545959 0.710455 -0.668278 -0.017310 0.710369 
13.119617 -0.926431 -0.181028 0.118095 -0.599175 1.547788 0.710418 -0.666145 -0.016426 0.710406 
13.118782 -0.940594 -0.217733 0.072253 -0.614980 1.545958 0.710455 -0.668275 -0.017310 0.741619 
13.119478 -0.931289 -0.177116 0.025892 -0.617354 1.545084 0.710394 -0.664971 -0.016931 0.710297 
13.118781 -0.940597 -0.217775 0.072283 -0.614976 1.546032 0.679205 -0.668277 -0.017311 0.710369 
13.118953 -0.936138 -0.229208 0.072908 -0.614363 1.607226 0.710624 -0.667883 -0.017312 0.710358 
13.123476 -0.949424 -0.219990 0.066912 -0.586089 1.545952 0.710454 -0.671165 -0.017707 0.710373 
13.145432 -0.989267 -0.206179 0.081034 -0.633339 1.551046 0.710453 -0.684221 -0.016832 0.710377 
13.091048 -0.954040 -0.215826 0.070516 -0.615172 1.547420 0.710453 -0.672508 -0.017291 0.710371 
13.113061 -0.931262 -0.201047 0.129467 -0.599733 1.543959 0.710471 -0.667411 -0.016704 0.710374 
13.119592 -0.943746 -0.246929 0.066688 -0.619969 1.539014 0.710493 -0.671311 -0.017283 0.710344 
13.119624 -0.938459 -0.208464 0.059991 -0.616137 1.546557 0.710453 -0.667822 -0.017165 0.710345 
13.115391 -0.934467 -0.218905 0.072036 -0.612491 1.545267 0.710456 -0.666321 -0.017356 0.710368 
13.119392 -0.939652 -0.206764 0.082996 -0.612318 1.545707 0.710461 -0.668949 -0.016981 0.710354 
13.121952 -0.939402 -0.199964 0.095297 -0.611125 1.540631 0.710499 -0.672440 -0.016202 0.710293 
13.119393 -0.937298 -0.207261 0.082976 -0.612279 1.549509 0.710471 -0.675335 -0.016988 0.710354 
13.119978 -0.940821 -0.205241 0.086430 -0.611462 1.558789 0.710502 -0.661439 -0.016819 0.710341 
13.115942 -0.938713 -0.206072 0.084109 -0.619130 1.545832 0.710461 -0.668628 -0.016886 0.710353 
13.107705 -0.947500 -0.204758 0.082316 -0.606431 1.546340 0.710462 -0.671483 -0.016981 0.710351 
13.107705 -0.947503 -0.204752 0.082327 -0.606440 1.546340 0.710462 -0.671483 -0.017796 0.702581 
13.107684 -0.947637 -0.204217 0.082660 -0.606248 1.546331 0.710463 -0.671536 -0.032506 0.711980 
13.107688 -0.947628 -0.204161 0.082599 -0.606253 1.546316 0.718275 -0.671533 -0.032505 0.711979 
13.108313 -0.946603 -0.191944 0.073148 -0.604307 1.546844 0.718143 -0.671521 -0.032299 0.711959 
13.104995 -0.940424 -0.192172 0.073822 -0.601612 1.546135 0.718144 -0.669634 -0.032317 0.711956 
13.099027 -0.938006 -0.196926 0.066755 -0.590379 1.545443 0.718244 -0.667793 -0.032602 0.711988 
13.104949 -0.939875 -0.192271 0.073305 -0.601913 1.539369 0.718128 -0.673453 -0.032323 0.711957 
13.104718 -0.939666 -0.183794 0.084757 -0.594350 1.545426 0.718227 -0.669999 -0.031742 0.711922 
13.093316 -0.936189 -0.177141 0.089545 -0.600101 1.545317 0.718299 -0.668688 -0.031549 0.711939 
13.105343 -0.941588 -0.183407 0.084814 -0.594703 1.541609 0.718217 -0.663511 -0.031736 0.711922 
13.114289 -0.928192 -0.181230 0.087984 -0.593312 1.545481 0.718298 -0.668322 -0.031745 0.711943 
13.099974 -0.939906 -0.185090 0.083238 -0.579605 1.545256 0.718332 -0.669640 -0.031706 0.711922 
13.104351 -0.948829 -0.174574 0.080977 -0.575659 1.546824 0.718353 -0.673032 -0.031330 0.711911 
13.099980 -0.939921 -0.185124 0.083249 -0.579607 1.545256 0.718420 -0.669644 -0.030891 0.719691 
13.100353 -0.941952 -0.188050 0.087431 -0.578839 1.545300 0.732905 -0.670319 -0.031728 0.711732 
13.099980 -0.940022 -0.184898 0.083468 -0.579543 1.545253 0.718282 -0.669679 -0.039469 0.712737 
13.100772 -0.944773 -0.192318 0.093776 -0.577381 1.545447 0.711365 -0.671277 -0.031125 0.711877 
13.100303 -0.941004 -0.186536 0.082073 -0.580734 1.552490 0.718323 -0.668011 -0.031779 0.711923 
13.096399 -0.935052 -0.183535 0.077499 -0.574173 1.542948 0.719229 -0.657945 -0.031518 0.711917 
13.095646 -0.934365 -0.186483 0.071134 -0.575237 1.541565 0.719561 -0.660709 -0.031601 0.711914 
13.092969 -0.936544 -0.182970 0.077658 -0.575127 1.542868 0.719228 -0.657944 -0.031488 0.711916 
13.095162 -0.929192 -0.179720 0.079503 -0.574903 1.544920 0.719550 -0.659368 -0.031318 0.711915 
13.094634 -0.926974 -0.180785 0.085355 -0.572381 1.545393 0.716226 -0.657755 -0.030841 0.711889 
13.095576 -0.928384 -0.180725 0.080064 -0.578082 1.544076 0.719527 -0.657855 -0.031369 0.711916 
13.097987 -0.931126 -0.172986 0.078880 -0.576173 1.544923 0.719998 -0.658085 -0.030986 0.711896 
13.095042 -0.928861 -0.179308 0.080421 -0.574307 1.541544 0.720851 -0.660189 -0.031285 0.711898 
13.095250 -0.929341 -0.180653 0.080963 -0.574499 1.547816 0.726521 -0.658449 -0.031260 0.711821 
13.095161 -0.929147 -0.179916 0.079236 -0.575004 1.544896 0.719579 -0.659514 -0.027451 0.711509 
13.094521 -0.925446 -0.180143 0.073573 -0.575922 1.545142 0.720578 -0.663092 -0.027758 0.711534 
13.095130 -0.929153 -0.179895 0.079233 -0.575011 1.544896 0.719534 -0.659513 -0.027858 0.707624 
13.088135 -0.931368 -0.178299 0.079248 -0.576980 1.545034 0.719773 -0.659895 -0.027330 0.711569 
13.095938 -0.930221 -0.180192 0.080555 -0.576189 1.545783 0.719182 -0.662552 -0.027775 0.711542 
13.096318 -0.928914 -0.180071 0.080095 -0.578087 1.540936 0.723006 -0.659014 -0.022822 0.710986 
13.096408 -0.929900 -0.176472 0.078418 -0.575464 1.545278 0.719610 -0.659036 -0.027577 0.711535 
13.095154 -0.929024 -0.179794 0.079090 -0.575200 1.543919 0.717945 -0.659659 -0.027167 0.711499 
13.094680 -0.926425 -0.178939 0.080852 -0.573796 1.544497 0.717300 -0.659079 -0.025995 0.711395 
13.095622 -0.930975 -0.181119 0.077645 -0.573126 1.543370 0.717374 -0.658358 -0.026290 0.711418 
13.095004 -0.927974 -0.179847 0.077651 -0.575342 1.543904 0.718164 -0.660398 -0.027176 0.711500 
13.093195 -0.928290 -0.179428 0.077397 -0.575743 1.543894 0.718221 -0.660513 -0.027018 0.711503 
13.095119 -0.928006 -0.179790 0.077767 -0.575483 1.543379 0.718609 -0.660537 -0.026539 0.711428 
13.095365 -0.927282 -0.180235 0.077471 -0.577007 1.543256 0.718688 -0.659768 -0.026619 0.711437 
13.095250 -0.927106 -0.180108 0.077490 -0.576754 1.542631 0.718933 -0.659497 -0.027168 0.711493 
13.095577 -0.926681 -0.180202 0.077612 -0.577353 1.542153 0.719065 -0.661042 -0.027882 0.711570 
13.095306 -0.926618 -0.181097 0.077725 -0.577148 1.542041 0.719052 -0.661093 -0.027820 0.711560 
13.096347 -0.926679 -0.179372 0.076080 -0.577336 1.541743 0.719168 -0.660996 -0.027823 0.711572 
13.095583 -0.926671 -0.180204 0.077619 -0.577347 1.542155 0.719075 -0.661040 -0.027776 0.712541 
13.095485 -0.925053 -0.179469 0.078191 -0.577037 1.542380 0.718970 -0.661020 -0.027375 0.712486 
13.095538 -0.924805 -0.179350 0.078282 -0.576971 1.543328 0.720624 -0.660991 -0.027669 0.712501 
13.096395 -0.924814 -0.179536 0.078611 -0.576765 1.543335 0.720566 -0.660830 -0.027741 0.712499 
13.094672 -0.924456 -0.178059 0.079183 -0.577628 1.543231 0.720567 -0.660877 -0.027601 0.712519 
13.095674 -0.924875 -0.179296 0.078264 -0.577013 1.542804 0.721051 -0.661086 -0.026996 0.712425 
13.095777 -0.923969 -0.178703 0.076708 -0.576643 1.542769 0.721014 -0.661239 -0.026774 0.712415 
13.095093 -0.922657 -0.179383 0.075975 -0.576056 1.542600 0.721099 -0.661449 -0.026329 0.712375 
13.094994 -0.922703 -0.179272 0.075055 -0.576062 1.542453 0.721260 -0.661511 -0.026171 0.714068 
13.094927 -0.922861 -0.179127 0.076109 -0.575281 1.542306 0.721201 -0.661619 -0.026600 0.712402 
13.095110 -0.922883 -0.179103 0.075864 -0.575628 1.543665 0.720690 -0.662537 -0.025348 0.712171 
13.095275 -0.922697 -0.179162 0.075915 -0.575933 1.543422 0.720758 -0.663309 -0.025713 0.712195 
13.094894 -0.922964 -0.178878 0.074421 -0.575593 1.543519 0.720871 -0.662459 -0.025395 0.710920 
13.095135 -0.922756 -0.179034 0.075919 -0.575599 1.544138 0.721517 -0.662521 -0.025495 0.712179 
13.094899 -0.921551 -0.177713 0.076529 -0.575743 1.544081 0.721341 -0.662336 -0.025189 0.712267 
13.096468 -0.920716 -0.177833 0.076683 -0.575041 1.544142 0.721188 -0.662072 -0.025047 0.712334 
13.096343 -0.920558 -0.177829 0.076550 -0.574963 1.544661 0.720758 -0.661992 -0.025697 0.712408 
13.095749 -0.919522 -0.178171 0.077916 -0.574703 1.544946 0.720652 -0.661865 -0.025288 0.712661 
13.096561 -0.920887 -0.177692 0.077095 -0.575115 1.544762 0.720674 -0.661913 -0.025875 0.711773 
13.096954 -0.921095 -0.176640 0.076285 -0.575305 1.544779 0.720757 -0.661851 -0.025692 0.713640 
13.097117 -0.920891 -0.176894 0.076130 -0.576081 1.545067 0.720659 -0.661678 -0.025425 0.713595 
13.097127 -0.920211 -0.176089 0.074699 -0.576038 1.544873 0.720821 -0.661545 -0.025316 0.712846 
13.097146 -0.921051 -0.176829 0.076049 -0.575856 1.545694 0.720657 -0.662210 -0.025001 0.713492 
13.097337 -0.921004 -0.177336 0.075903 -0.576048 1.545686 0.722300 -0.661385 -0.025993 0.713743 
13.097257 -0.920575 -0.176812 0.076247 -0.576392 1.544871 0.720791 -0.662416 -0.025767 0.713628 
13.097698 -0.921656 -0.178019 0.075151 -0.576001 1.544665 0.720125 -0.661929 -0.025504 0.713975 
13.096519 -0.919684 -0.176925 0.076634 -0.575948 1.545403 0.720667 -0.661260 -0.024730 0.714573 
13.094845 -0.920287 -0.176763 0.076435 -0.576647 1.545410 0.720837 -0.661408 -0.024713 0.714783 
13.096633 -0.919945 -0.176849 0.077005 -0.576379 1.545402 0.720414 -0.660664 -0.024742 0.714220 
13.096312 -0.918679 -0.176469 0.077068 -0.575196 1.546105 0.721206 -0.662031 -0.024363 0.715108 
13.096599 -0.919704 -0.177542 0.076235 -0.575867 1.545265 0.720396 -0.661265 -0.024559 0.715101 
13.096555 -0.919309 -0.177297 0.075467 -0.575853 1.545119 0.720370 -0.661025 -0.024400 0.714898 
13.096658 -0.919314 -0.177560 0.075179 -0.575911 1.545363 0.721107 -0.660658 -0.024615 0.714963 
13.096702 -0.919456 -0.177105 0.075475 -0.575938 1.544939 0.720535 -0.661033 -0.024150 0.715069 
13.096384 -0.919138 -0.177747 0.075570 -0.575758 1.544730 0.720627 -0.661112 -0.023948 0.714404 
13.096276 -0.919320 -0.177688 0.075582 -0.575374 1.544710 0.720614 -0.660911 -0.023910 0.714410 
13.096221 -0.919000 -0.177564 0.075127 -0.575200 1.544029 0.720583 -0.660881 -0.024268 0.714459 
13.096366 -0.919203 -0.177509 0.074357 -0.575039 1.544162 0.720454 -0.661170 -0.024084 0.714116 
13.096624 -0.918825 -0.177580 0.075214 -0.575022 1.544057 0.720551 -0.660846 -0.024257 0.714412 
13.096404 -0.918092 -0.177442 0.075186 -0.574891 1.544193 0.720518 -0.660577 -0.023889 0.714734 
13.096511 -0.917968 -0.177499 0.075163 -0.575208 1.544018 0.720153 -0.659787 -0.023751 0.714607 
13.096409 -0.917668 -0.176828 0.075383 -0.575240 1.544061 0.720399 -0.659616 -0.023852 0.714105 
13.096359 -0.917672 -0.176700 0.075538 -0.575212 1.543942 0.720033 -0.659802 -0.023747 0.714076 
13.096388 -0.916973 -0.176851 0.075605 -0.575085 1.543943 0.720599 -0.659101 -0.023859 0.714382 
13.096497 -0.916640 -0.176675 0.074906 -0.574947 1.544196 0.720528 -0.658934 -0.023473 0.714167 
13.095941 -0.916454 -0.176468 0.074202 -0.575074 1.544057 0.720535 -0.658777 -0.023365 0.714165 
13.095704 -0.916794 -0.176368 0.074217 -0.574463 1.544368 0.720519 -0.658350 -0.023026 0.714105 
13.096022 -0.916535 -0.176423 0.074236 -0.575122 1.543802 0.720743 -0.658807 -0.023033 0.714181 
13.096432 -0.916630 -0.175811 0.074001 -0.575242 1.543983 0.720689 -0.658670 -0.023039 0.714708 
13.095878 -0.916481 -0.176454 0.074366 -0.575373 1.544092 0.720764 -0.658845 -0.022827 0.714254 
13.096045 -0.916031 -0.176733 0.074064 -0.575417 1.544318 0.720796 -0.658823 -0.022422 0.713675 
13.095726 -0.915295 -0.177024 0.074238 -0.575359 1.544215 0.721011 -0.658522 -0.022212 0.713676 
13.095617 -0.915335 -0.177101 0.074228 -0.575647 1.544356 0.721706 -0.658130 -0.022444 0.713303 
13.095655 -0.915178 -0.176814 0.074266 -0.575177 1.544310 0.721214 -0.658817 -0.022249 0.713627 
13.095715 -0.915295 -0.177691 0.073856 -0.575187 1.544374 0.721322 -0.658720 -0.022126 0.714082 
13.095455 -0.915440 -0.177221 0.074339 -0.575352 1.544091 0.720943 -0.658690 -0.022222 0.713459 
13.095786 -0.914538 -0.176888 0.074129 -0.575476 1.544335 0.720964 -0.658202 -0.021750 0.713693 
13.095866 -0.913905 -0.177155 0.073795 -0.575467 1.544547 0.721125 -0.658040 -0.021323 0.713984 
13.096294 -0.913290 -0.177303 0.074172 -0.575410 1.544770 0.721158 -0.657817 -0.020972 0.713968 
13.095986 -0.913736 -0.177204 0.073787 -0.575772 1.544389 0.721134 -0.658253 -0.021491 0.714014 
13.096014 -0.913853 -0.176994 0.073457 -0.575191 1.543847 0.721383 -0.657861 -0.020981 0.713898 
13.095822 -0.913416 -0.176910 0.072912 -0.574856 1.543870 0.721133 -0.657502 -0.021301 0.713783 
13.095607 -0.913324 -0.176898 0.073131 -0.574810 1.543717 0.721209 -0.657385 -0.021409 0.714064 
13.095200 -0.913258 -0.176500 0.072850 -0.575046 1.543747 0.721313 -0.657151 -0.020864 0.714422 
13.095481 -0.913351 -0.176410 0.072729 -0.574998 1.543859 0.721429 -0.657088 -0.020993 0.714704 
13.094884 -0.913200 -0.177241 0.072597 -0.574792 1.543713 0.721556 -0.657328 -0.020631 0.714591 
13.094939 -0.913189 -0.177204 0.072605 -0.574650 1.543639 0.721205 -0.657523 -0.020519 0.714777 
13.094895 -0.913482 -0.177627 0.072630 -0.575062 1.543401 0.721166 -0.656700 -0.020545 0.714580 
13.094694 -0.913804 -0.177549 0.072475 -0.575078 1.543292 0.721154 -0.656827 -0.020735 0.714576 
13.094935 -0.912924 -0.177677 0.073091 -0.574791 1.543320 0.721224 -0.656378 -0.020112 0.714355 
13.095086 -0.912193 -0.177825 0.073126 -0.575271 1.542958 0.721244 -0.656475 -0.020069 0.714359 
13.094970 -0.911978 -0.177802 0.072890 -0.575135 1.543055 0.721086 -0.656315 -0.020273 0.714311 
13.094727 -0.911690 -0.178015 0.073321 -0.575274 1.543743 0.720839 -0.656167 -0.020205 0.714347 
13.094998 -0.912013 -0.177817 0.072721 -0.575221 1.543146 0.720974 -0.656427 -0.020065 0.713959 
13.095613 -0.911779 -0.177816 0.072412 -0.574834 1.543192 0.721124 -0.656016 -0.019780 0.713957 
13.095391 -0.911516 -0.177646 0.072402 -0.574313 1.542703 0.721161 -0.655730 -0.019618 0.713524 
13.095483 -0.911661 -0.177875 0.071959 -0.574372 1.542270 0.720872 -0.655108 -0.019636 0.713408 
13.095165 -0.911497 -0.177479 0.072230 -0.574447 1.542751 0.721320 -0.655624 -0.019393 0.713673 
13.095048 -0.911447 -0.177839 0.072030 -0.574440 1.542874 0.722070 -0.655539 -0.019659 0.713339 
13.095282 -0.911525 -0.177168 0.072343 -0.574625 1.542797 0.721368 -0.655451 -0.019544 0.713512 
13.095420 -0.911178 -0.176469 0.071898 -0.574318 1.542733 0.721358 -0.655615 -0.019503 0.713498 
13.095345 -0.911151 -0.177254 0.072388 -0.574873 1.542654 0.721368 -0.655494 -0.019515 0.713516 
13.095197 -0.910734 -0.177310 0.072770 -0.574813 1.543083 0.721187 -0.655000 -0.019155 0.713394 
13.095454 -0.910824 -0.177251 0.073227 -0.574922 1.542766 0.721473 -0.654890 -0.018480 0.713319 
13.095264 -0.910664 -0.177295 0.072887 -0.574670 1.543002 0.721319 -0.654827 -0.019313 0.713734 
13.094432 -0.910571 -0.177178 0.073144 -0.575055 1.542871 0.720964 -0.654939 -0.019281 0.713277 
13.095338 -0.910700 -0.177366 0.072731 -0.575111 1.543384 0.721095 -0.654952 -0.019093 0.713529 
13.095368 -0.910738 -0.177381 0.072648 -0.575127 1.543274 0.720958 -0.654818 -0.019069 0.713537 
13.095377 -0.910646 -0.177569 0.072454 -0.575177 1.543292 0.721147 -0.654542 -0.019100 0.713333 
13.095502 -0.910364 -0.177371 0.072226 -0.575076 1.543320 0.721043 -0.654447 -0.018983 0.713249 
13.095779 -0.910178 -0.177454 0.072249 -0.574971 1.543337 0.720819 -0.654360 -0.019054 0.713034 
13.095704 -0.910009 -0.177690 0.072040 -0.574824 1.543338 0.720728 -0.654391 -0.018805 0.713141 
13.095703 -0.910111 -0.177530 0.071838 -0.574639 1.543532 0.720658 -0.654148 -0.018662 0.713068 
13.095839 -0.910025 -0.177373 0.071429 -0.574684 1.543450 0.720640 -0.654077 -0.018591 0.713026 
13.095586 -0.910076 -0.177533 0.071762 -0.574630 1.543588 0.720576 -0.654166 -0.018831 0.713082 
13.095513 -0.909898 -0.177432 0.072000 -0.574723 1.543515 0.720576 -0.653908 -0.018455 0.712985 
13.095602 -0.909741 -0.177396 0.072089 -0.574580 1.543497 0.720676 -0.653637 -0.018515 0.713283 
13.095538 -0.909765 -0.177371 0.072092 -0.574436 1.543328 0.720694 -0.653634 -0.018540 0.713218 
13.095548 -0.909486 -0.177296 0.072187 -0.574424 1.543701 0.720879 -0.653645 -0.018365 0.713139 
13.095560 -0.909430 -0.177045 0.072342 -0.574311 1.543723 0.720618 -0.653735 -0.018163 0.713273 
13.095697 -0.909362 -0.177114 0.072382 -0.574266 1.543729 0.720508 -0.653699 -0.018216 0.713165 
13.095373 -0.909441 -0.177077 0.072453 -0.574317 1.543782 0.720665 -0.653424 -0.017867 0.713268 
13.095413 -0.909215 -0.176856 0.072240 -0.574464 1.543651 0.720727 -0.653279 -0.017704 0.713236 
13.095453 -0.909272 -0.176502 0.072369 -0.574619 1.543654 0.720834 -0.653097 -0.017789 0.713111 
13.095542 -0.909265 -0.176552 0.072492 -0.574687 1.543548 0.720919 -0.653163 -0.017708 0.713125 
13.095223 -0.908928 -0.176406 0.072202 -0.574708 1.543623 0.720787 -0.652977 -0.017740 0.713154 
13.095273 -0.908849 -0.176254 0.071862 -0.574613 1.543675 0.720850 -0.652822 -0.017515 0.713185 
13.095069 -0.908792 -0.176220 0.071735 -0.574543 1.543794 0.720840 -0.652512 -0.017269 0.713200 
13.095066 -0.908574 -0.176148 0.071596 -0.574597 1.543701 0.720972 -0.652370 -0.016931 0.713260 
13.095000 -0.908389 -0.175882 0.071382 -0.574599 1.543749 0.721074 -0.652160 -0.016772 0.713287 
13.094738 -0.908367 -0.176079 0.071544 -0.574616 1.543777 0.721023 -0.651939 -0.016546 0.713299 
13.094934 -0.908182 -0.176209 0.071558 -0.574577 1.543755 0.720799 -0.651728 -0.016496 0.713076 
13.094792 -0.908249 -0.176211 0.071446 -0.574724 1.543768 0.720689 -0.651877 -0.016277 0.712764 
13.094859 -0.908240 -0.176241 0.071437 -0.574876 1.543924 0.720658 -0.651879 -0.016261 0.712837 
13.094842 -0.908383 -0.176294 0.071307 -0.575015 1.543670 0.720435 -0.651680 -0.016214 0.712989 
13.094848 -0.908261 -0.176343 0.071360 -0.574946 1.543910 0.720799 -0.651806 -0.016345 0.712763 
13.094786 -0.908024 -0.176547 0.071338 -0.574688 1.544003 0.720602 -0.651867 -0.016078 0.712908 
13.094935 -0.908138 -0.176653 0.071468 -0.574550 1.544081 0.720689 -0.651683 -0.015754 0.712856 
13.094890 -0.907846 -0.176788 0.071726 -0.574614 1.544018 0.720701 -0.651561 -0.015551 0.712815 
13.094726 -0.907836 -0.176877 0.071809 -0.574443 1.544264 0.720533 -0.651300 -0.015543 0.712715 
13.094711 -0.907745 -0.176730 0.071691 -0.574443 1.544286 0.720587 -0.651209 -0.015478 0.712728 
13.094877 -0.907491 -0.176645 0.071483 -0.574326 1.544329 0.720625 -0.651067 -0.015240 0.712691 
13.094740 -0.907373 -0.176554 0.071349 -0.574252 1.544405 0.720817 -0.650969 -0.014923 0.712838 
13.094613 -0.906936 -0.176492 0.071370 -0.574368 1.544336 0.720795 -0.650888 -0.014886 0.712831 
13.094604 -0.907021 -0.176545 0.071222 -0.574475 1.544102 0.720586 -0.650639 -0.014773 0.712979 
13.094533 -0.907058 -0.176567 0.071151 -0.574562 1.544106 0.720562 -0.650696 -0.014684 0.712810 
13.094546 -0.907027 -0.176766 0.070995 -0.574642 1.544088 0.720860 -0.650459 -0.014806 0.712728 
13.094613 -0.907021 -0.176793 0.070987 -0.574796 1.544243 0.720829 -0.650461 -0.014792 0.712800 
13.094706 -0.906955 -0.176517 0.070939 -0.574865 1.544240 0.720877 -0.650184 -0.014553 0.712722 
13.094674 -0.906801 -0.176346 0.070549 -0.574818 1.544303 0.720813 -0.650071 -0.014466 0.712764 
13.094626 -0.906959 -0.176576 0.070992 -0.574779 1.544360 0.720788 -0.650063 -0.014555 0.712671 
13.094742 -0.906829 -0.176774 0.071113 -0.574741 1.544322 0.720799 -0.649939 -0.014188 0.712646 
13.094524 -0.906833 -0.176761 0.071307 -0.574876 1.544299 0.720887 -0.649709 -0.013924 0.712705 
13.094719 -0.906716 -0.176787 0.071463 -0.574987 1.544209 0.720722 -0.649457 -0.013865 0.712487 
13.094760 -0.906904 -0.176828 0.071400 -0.574986 1.544146 0.720652 -0.649393 -0.013836 0.712545 
13.094918 -0.907095 -0.176797 0.071462 -0.574828 1.544347 0.720840 -0.649332 -0.013602 0.712433 
13.095004 -0.907098 -0.177035 0.071460 -0.575060 1.544631 0.720770 -0.649349 -0.013495 0.712586 
13.094968 -0.907060 -0.176861 0.071446 -0.574805 1.544338 0.720973 -0.649202 -0.013707 0.712507 
13.095039 -0.907042 -0.176628 0.071665 -0.574650 1.544362 0.720692 -0.649315 -0.013551 0.712740 
13.094914 -0.907170 -0.176898 0.071637 -0.574824 1.544303 0.720866 -0.649411 -0.013667 0.712416 
13.094830 -0.906980 -0.176809 0.071140 -0.574702 1.544329 0.720796 -0.649179 -0.013338 0.712397 
13.094991 -0.906922 -0.176665 0.070945 -0.574878 1.544143 0.720954 -0.649233 -0.013106 0.712452 
13.094885 -0.906948 -0.176427 0.070660 -0.574925 1.544279 0.720908 -0.648998 -0.013024 0.712390 
13.095099 -0.906862 -0.176679 0.071015 -0.574928 1.544097 0.720867 -0.649116 -0.013088 0.712339 
13.095385 -0.906800 -0.176726 0.070759 -0.574759 1.544147 0.720756 -0.649262 -0.013194 0.712242 
13.095042 -0.906740 -0.176699 0.071011 -0.574978 1.544164 0.720974 -0.649170 -0.013108 0.712200 
13.095077 -0.906402 -0.176552 0.071142 -0.574814 1.544242 0.720940 -0.649156 -0.012947 0.712355 
13.095004 -0.906235 -0.176736 0.071126 -0.574682 1.544077 0.720952 -0.649067 -0.012611 0.712278 
13.095000 -0.906320 -0.176519 0.071287 -0.574573 1.544027 0.720894 -0.649237 -0.012368 0.712049 
13.094924 -0.906171 -0.176661 0.071100 -0.574642 1.543910 0.720924 -0.649071 -0.012722 0.712258 
13.094910 -0.906041 -0.176828 0.071099 -0.574921 1.544072 0.720668 -0.649198 -0.012456 0.712344 
13.095017 -0.906024 -0.176761 0.071048 -0.575030 1.543976 0.720780 -0.649231 -0.012396 0.712391 
13.095098 -0.905712 -0.176865 0.071150 -0.575021 1.543902 0.720884 -0.649038 -0.012152 0.712420 
13.094973 -0.905646 -0.177017 0.071162 -0.574874 1.543861 0.721072 -0.649305 -0.012031 0.712646 
13.094929 -0.905759 -0.176782 0.071160 -0.575087 1.543929 0.720938 -0.648950 -0.012093 0.712472 
13.094914 -0.905657 -0.176648 0.070778 -0.574999 1.544042 0.720911 -0.648838 -0.011921 0.712438 
13.094997 -0.905777 -0.176566 0.070641 -0.574880 1.543946 0.720711 -0.648641 -0.011729 0.712669 
13.094926 -0.905744 -0.176559 0.070282 -0.574921 1.543964 0.720735 -0.648465 -0.011511 0.712521 
13.094976 -0.905516 -0.176246 0.070182 -0.574892 1.544198 0.720707 -0.648404 -0.011480 0.712644 
13.094971 -0.905483 -0.176357 0.070099 -0.574939 1.544224 0.720744 -0.648339 -0.011605 0.712768 
13.094821 -0.905478 -0.176302 0.070071 -0.574662 1.544189 0.720850 -0.648650 -0.011294 0.712814 
13.095102 -0.905565 -0.176341 0.070206 -0.574907 1.544350 0.720726 -0.648419 -0.011392 0.712648 
13.095367 -0.905299 -0.176463 0.070153 -0.574701 1.544218 0.720647 -0.648418 -0.011399 0.712533 
13.095468 -0.905366 -0.176386 0.070134 -0.574669 1.544163 0.720828 -0.648384 -0.011427 0.712535 
13.095232 -0.905360 -0.176512 0.070232 -0.574369 1.544386 0.720650 -0.648192 -0.011479 0.712423 
13.095268 -0.905460 -0.176478 0.070111 -0.574328 1.544428 0.720574 -0.648297 -0.011583 0.712380 
13.095264 -0.905154 -0.176608 0.070374 -0.574351 1.544363 0.720593 -0.647950 -0.011159 0.712408 
13.095288 -0.905191 -0.176559 0.070513 -0.574243 1.544379 0.720819 -0.647619 -0.010954 0.712398 
13.095220 -0.904881 -0.176665 0.070628 -0.574324 1.544490 0.720973 -0.647598 -0.010852 0.712154 
13.095318 -0.904727 -0.176697 0.071026 -0.574233 1.544483 0.720893 -0.647577 -0.010800 0.712321 
13.095269 -0.904961 -0.176725 0.070705 -0.574423 1.544427 0.720921 -0.647518 -0.010930 0.712045 
13.095079 -0.904993 -0.176974 0.070580 -0.574211 1.544295 0.721073 -0.647703 -0.010661 0.712133 
13.095301 -0.904890 -0.176811 0.070583 -0.574368 1.544613 0.721013 -0.647561 -0.010883 0.712248 
13.095050 -0.904665 -0.176660 0.070386 -0.574356 1.544347 0.720964 -0.647325 -0.010885 0.712236 
13.094789 -0.904761 -0.176587 0.070359 -0.574605 1.544502 0.720883 -0.647264 -0.010649 0.712293 
13.094879 -0.904736 -0.176543 0.070351 -0.574744 1.544395 0.720979 -0.647317 -0.010598 0.712352 
13.095040 -0.904666 -0.176470 0.070060 -0.574699 1.544435 0.720899 -0.647216 -0.010328 0.712195 
13.094915 -0.904646 -0.176305 0.069766 -0.574688 1.544511 0.721174 -0.647099 -0.010286 0.712085 
13.095003 -0.904635 -0.176501 0.069945 -0.574774 1.544444 0.720832 -0.647366 -0.010416 0.712140 
13.095059 -0.904389 -0.176451 0.070088 -0.574643 1.544392 0.720731 -0.647061 -0.010048 0.712349 
13.095116 -0.904575 -0.176324 0.069923 -0.574541 1.544265 0.720535 -0.646961 -0.009980 0.712628 
13.094984 -0.904435 -0.176596 0.070055 -0.574576 1.544303 0.720786 -0.647121 -0.009945 0.712350 
13.095026 -0.904358 -0.176732 0.070134 -0.574722 1.544163 0.720673 -0.646812 -0.009795 0.712166 
13.094963 -0.904327 -0.176477 0.070315 -0.574628 1.544017 0.720585 -0.646910 -0.009584 0.711957 
13.094889 -0.904418 -0.176472 0.070342 -0.574749 1.544144 0.720556 -0.646928 -0.009472 0.711987 
13.095136 -0.904228 -0.176586 0.070452 -0.574670 1.544271 0.720554 -0.646850 -0.009177 0.711959 
13.095196 -0.904067 -0.176542 0.070579 -0.574929 1.544057 0.720734 -0.646866 -0.009063 0.712138 
13.095150 -0.904250 -0.176671 0.070616 -0.574661 1.544250 0.720439 -0.646905 -0.009243 0.712018 
13.094916 -0.904034 -0.176515 0.070327 -0.574571 1.544374 0.720662 -0.646581 -0.009030 0.711882 
13.094900 -0.903799 -0.176523 0.070008 -0.574684 1.544389 0.720513 -0.646664 -0.008905 0.711728 
13.094968 -0.903786 -0.176460 0.069753 -0.574717 1.544440 0.720654 -0.646513 -0.008713 0.711443 
13.094810 -0.903501 -0.176515 0.069615 -0.574696 1.544526 0.720527 -0.646356 -0.008536 0.711267 
13.094764 -0.903408 -0.176499 0.069474 -0.574653 1.544617 0.720623 -0.646090 -0.008325 0.710997 
13.094699 -0.903107 -0.176425 0.069384 -0.574848 1.544508 0.720777 -0.645995 -0.008112 0.711036 
13.094733 -0.903120 -0.176301 0.069159 -0.574763 1.544410 0.720596 -0.645791 -0.007889 0.711212 
13.094656 -0.903171 -0.176439 0.069123 -0.574689 1.544329 0.720657 -0.645868 -0.007794 0.711223 
13.094656 -0.902823 -0.176175 0.069006 -0.574695 1.544628 0.720743 -0.645875 -0.007756 0.711136 
13.094736 -0.903123 -0.176187 0.069267 -0.574727 1.544330 0.720540 -0.645870 -0.007793 0.711118 
13.094944 -0.902954 -0.176364 0.069353 -0.574899 1.544270 0.720446 -0.645797 -0.007582 0.710928 
13.094787 -0.903032 -0.176382 0.069392 -0.575244 1.544352 0.720340 -0.645768 -0.007356 0.710798 
13.094814 -0.903048 -0.176356 0.069230 -0.575300 1.544268 0.720315 -0.645843 -0.007428 0.710698 
13.094753 -0.902802 -0.176473 0.069663 -0.575220 1.544239 0.720337 -0.645509 -0.007237 0.710707 
13.095012 -0.902864 -0.176432 0.069822 -0.575283 1.544234 0.720600 -0.645391 -0.007005 0.710696 
13.095004 -0.902769 -0.176406 0.069847 -0.575392 1.544140 0.720626 -0.645472 -0.007007 0.710842 
13.095143 -0.902725 -0.176607 0.070053 -0.575207 1.544376 0.720346 -0.645417 -0.006841 0.710705 
13.095048 -0.903016 -0.176472 0.069906 -0.575312 1.544125 0.720522 -0.645353 -0.007076 0.710732 
13.094854 -0.902880 -0.176108 0.070006 -0.575127 1.544154 0.720585 -0.645517 -0.006881 0.710586 
13.095029 -0.902871 -0.176370 0.069709 -0.575241 1.544185 0.720510 -0.645289 -0.006895 0.710784 
13.095061 -0.902742 -0.176108 0.069736 -0.575348 1.544381 0.720457 -0.645011 -0.007035 0.710827 
13.094950 -0.902803 -0.176125 0.069736 -0.575514 1.544431 0.720420 -0.645002 -0.006934 0.710784 
13.094713 -0.902712 -0.176211 0.069644 -0.575362 1.544438 0.720585 -0.644747 -0.006771 0.710910 
13.094717 -0.902488 -0.176208 0.069413 -0.575377 1.544253 0.720600 -0.644560 -0.006617 0.710706 
13.094705 -0.902402 -0.176140 0.069049 -0.575303 1.544299 0.720683 -0.644436 -0.006366 0.710726 
13.094753 -0.902147 -0.176300 0.069196 -0.575214 1.544379 0.720453 -0.644358 -0.006141 0.710733 
13.094736 -0.902029 -0.176441 0.069287 -0.575143 1.544219 0.720256 -0.644051 -0.005960 0.710738 
13.094822 -0.901971 -0.176686 0.069349 -0.575080 1.544422 0.720382 -0.643877 -0.005921 0.710471 
13.094786 -0.901945 -0.176813 0.069228 -0.575111 1.544452 0.720294 -0.643873 -0.006045 0.710512 
13.094539 -0.901797 -0.176602 0.069389 -0.574859 1.544457 0.720223 -0.643903 -0.005879 0.710268 
13.094553 -0.901724 -0.176473 0.069414 -0.574926 1.544552 0.720206 -0.643777 -0.005959 0.710294 
13.094502 -0.901322 -0.176584 0.069518 -0.575026 1.544482 0.720300 -0.643784 -0.005810 0.710365 
13.094405 -0.901389 -0.176596 0.069523 -0.575200 1.544531 0.720253 -0.643789 -0.005718 0.710315 
13.094677 -0.901279 -0.176553 0.069498 -0.575223 1.544523 0.719949 -0.643797 -0.005563 0.710133 
13.094678 -0.901303 -0.176621 0.069625 -0.575065 1.544756 0.719761 -0.643693 -0.005319 0.710310 
13.094668 -0.901284 -0.176572 0.069430 -0.575037 1.544772 0.719824 -0.643639 -0.005216 0.710319 
13.094634 -0.901243 -0.176492 0.069121 -0.574985 1.544697 0.719871 -0.643388 -0.004988 0.710230 
13.094662 -0.901141 -0.176359 0.068801 -0.574947 1.544904 0.719991 -0.643475 -0.004801 0.710151 
13.094448 -0.901234 -0.176420 0.068806 -0.574789 1.545063 0.720093 -0.643306 -0.004656 0.710415 
13.094457 -0.901272 -0.176248 0.068894 -0.574779 1.544985 0.720136 -0.643355 -0.004559 0.710449 
13.094348 -0.901210 -0.176161 0.068640 -0.574825 1.544837 0.719894 -0.643413 -0.004574 0.710702 
13.094510 -0.901225 -0.176136 0.068912 -0.574874 1.545072 0.720142 -0.643230 -0.004642 0.710503 
13.094752 -0.901412 -0.176407 0.068793 -0.574921 1.544907 0.720292 -0.643305 -0.004409 0.710594 
13.094480 -0.901063 -0.176292 0.068938 -0.574743 1.544931 0.720200 -0.643355 -0.004537 0.710504 
13.094686 -0.901106 -0.176215 0.068856 -0.574362 1.544885 0.720230 -0.643297 -0.004707 0.710537 
13.094391 -0.901088 -0.176277 0.068879 -0.574782 1.544861 0.720366 -0.643378 -0.004650 0.710507 
13.094436 -0.900877 -0.176328 0.068944 -0.574694 1.544895 0.720242 -0.643085 -0.004249 0.710304 
13.094440 -0.900614 -0.176415 0.069053 -0.574634 1.545054 0.720327 -0.643016 -0.003936 0.710200 
13.094396 -0.900543 -0.176593 0.069371 -0.574617 1.544890 0.720262 -0.642770 -0.003856 0.710188 
13.094322 -0.900640 -0.176421 0.068997 -0.574576 1.545089 0.720316 -0.642957 -0.003877 0.710373 
13.094318 -0.900393 -0.176314 0.068679 -0.574614 1.545030 0.720181 -0.642980 -0.003674 0.710370 
13.094488 -0.900334 -0.176219 0.068514 -0.574224 1.545065 0.720248 -0.642872 -0.003663 0.710341 
13.094361 -0.900254 -0.176111 0.068567 -0.574183 1.545127 0.720175 -0.642862 -0.003758 0.710287 
13.094662 -0.900251 -0.176048 0.068496 -0.574448 1.545230 0.720316 -0.642607 -0.003721 0.710469 
13.094671 -0.900289 -0.175876 0.068584 -0.574438 1.545152 0.720359 -0.642656 -0.003625 0.710502 
13.094552 -0.900412 -0.176006 0.068288 -0.574506 1.545441 0.720267 -0.642544 -0.003469 0.710276 
13.094561 -0.900223 -0.176044 0.068440 -0.574474 1.545150 0.720494 -0.642555 -0.003754 0.710415 
13.094675 -0.899952 -0.176103 0.068395 -0.574447 1.545358 0.720398 -0.642869 -0.003679 0.710675 
13.094664 -0.899844 -0.176181 0.068518 -0.574422 1.545368 0.720409 -0.642779 -0.003552 0.710637 
13.094659 -0.899569 -0.176319 0.068567 -0.574392 1.545173 0.720236 -0.642580 -0.003389 0.710718 
13.094904 -0.899359 -0.176333 0.068634 -0.574484 1.545114 0.720229 -0.642670 -0.003384 0.710386 
13.094746 -0.899549 -0.176275 0.068497 -0.574193 1.545193 0.720276 -0.642524 -0.003392 0.710703 
13.094768 -0.899447 -0.176500 0.068804 -0.574033 1.545319 0.720386 -0.642391 -0.003311 0.710773 
13.094859 -0.899643 -0.176374 0.068428 -0.574238 1.545151 0.720343 -0.642531 -0.003275 0.710739 
13.094720 -0.899600 -0.176327 0.068251 -0.574249 1.545345 0.720254 -0.642457 -0.002942 0.710591 
13.094737 -0.899596 -0.176011 0.068409 -0.574219 1.545192 0.720327 -0.642541 -0.002677 0.710672 
13.094823 -0.899555 -0.175926 0.068399 -0.574331 1.545273 0.720365 -0.642407 -0.002707 0.710734 
13.094617 -0.899440 -0.175939 0.068274 -0.574370 1.545111 0.720708 -0.642297 -0.002712 0.710637 
13.094610 -0.899576 -0.175920 0.068337 -0.574368 1.545048 0.720669 -0.642158 -0.002719 0.710530 
13.094626 -0.899517 -0.175862 0.068035 -0.574347 1.544919 0.720461 -0.642007 -0.002480 0.710532 
13.094490 -0.899692 -0.175907 0.068302 -0.574324 1.545085 0.720679 -0.642121 -0.002729 0.710690 
13.094713 -0.899709 -0.175789 0.068269 -0.574405 1.545268 0.720827 -0.642307 -0.002648 0.710236 
13.094686 -0.899537 -0.175936 0.068351 -0.574167 1.545094 0.720727 -0.642081 -0.002703 0.710534 
13.094643 -0.899384 -0.176168 0.068634 -0.574232 1.545169 0.720741 -0.641965 -0.002466 0.710523 
13.094426 -0.899119 -0.176013 0.068801 -0.574143 1.545265 0.720590 -0.641895 -0.002565 0.710402 
13.094690 -0.899399 -0.176177 0.068732 -0.574336 1.545018 0.720705 -0.641956 -0.002560 0.710463 
13.094801 -0.899246 -0.176371 0.068699 -0.574037 1.545238 0.720912 -0.641920 -0.002270 0.710714 
13.094829 -0.899303 -0.176372 0.068721 -0.574079 1.545362 0.720983 -0.641952 -0.002169 0.710567 
13.094836 -0.899298 -0.176298 0.068730 -0.574079 1.545313 0.720975 -0.641959 -0.002089 0.710577 
13.094852 -0.899255 -0.176364 0.068599 -0.574105 1.545292 0.720865 -0.641873 -0.001983 0.710515 
13.094751 -0.899350 -0.176398 0.068573 -0.574144 1.545306 0.720811 -0.641765 -0.001841 0.710559 
13.094655 -0.899247 -0.176430 0.068484 -0.574272 1.545282 0.720881 -0.641822 -0.001768 0.710578 
13.094627 -0.899255 -0.176400 0.068315 -0.574232 1.545233 0.720935 -0.641726 -0.001673 0.710513 
13.094540 -0.899140 -0.176365 0.068264 -0.574206 1.545269 0.720866 -0.641640 -0.001549 0.710440 
13.094542 -0.899108 -0.176401 0.068198 -0.574270 1.545181 0.720837 -0.641538 -0.001398 0.710355 
13.094595 -0.899068 -0.176438 0.068075 -0.574224 1.545231 0.720816 -0.641534 -0.001225 0.710415 
13.094548 -0.899077 -0.176553 0.067966 -0.574252 1.545343 0.720830 -0.641462 -0.001191 0.710304 
13.094486 -0.898988 -0.176637 0.067901 -0.574197 1.545255 0.720804 -0.641339 -0.001216 0.710401 
13.094529 -0.898969 -0.176592 0.067894 -0.574255 1.545295 0.720818 -0.641276 -0.001236 0.710433 
13.094485 -0.898982 -0.176496 0.067736 -0.574314 1.545260 0.720689 -0.641267 -0.001190 0.710431 
13.094467 -0.899037 -0.176587 0.067927 -0.574267 1.545310 0.720828 -0.641246 -0.001194 0.710479 
13.094465 -0.898957 -0.176567 0.067969 -0.574222 1.545304 0.720985 -0.641167 -0.001063 0.710451 
13.094421 -0.898829 -0.176650 0.068041 -0.574355 1.545329 0.720985 -0.641226 -0.000991 0.710498 
13.094414 -0.898799 -0.176632 0.068095 -0.574315 1.545370 0.720910 -0.641193 -0.000978 0.710474 
13.094539 -0.898816 -0.176747 0.068179 -0.574317 1.545356 0.720926 -0.641093 -0.000866 0.710486 
13.094523 -0.898740 -0.176779 0.068203 -0.574222 1.545507 0.721025 -0.641085 -0.000829 0.710581 
13.094504 -0.898828 -0.176801 0.068145 -0.574340 1.545406 0.720937 -0.641056 -0.000880 0.710416 
13.094433 -0.898768 -0.176782 0.068302 -0.574375 1.545344 0.721026 -0.640961 -0.000924 0.710367 
13.094469 -0.898788 -0.176831 0.068097 -0.574320 1.545359 0.720910 -0.640998 -0.000886 0.710461 
13.094449 -0.898742 -0.176764 0.068008 -0.574358 1.545370 0.720880 -0.640961 -0.000687 0.710429 
13.094344 -0.898858 -0.176746 0.068009 -0.574422 1.545416 0.720815 -0.640912 -0.000567 0.710518 
13.094295 -0.898875 -0.176788 0.068025 -0.574361 1.545377 0.720821 -0.640961 -0.000528 0.710488 
13.094378 -0.898760 -0.176720 0.067903 -0.574466 1.545439 0.720746 -0.640887 -0.000400 0.710484 
13.094319 -0.898672 -0.176624 0.067925 -0.574517 1.545394 0.720811 -0.640773 -0.000285 0.710423 
13.094356 -0.898715 -0.176512 0.067830 -0.574427 1.545389 0.720836 -0.640652 -0.000194 0.710368 
13.094364 -0.898719 -0.176529 0.067716 -0.574529 1.545324 0.720990 -0.640674 -0.000117 0.710407 
13.094359 -0.898752 -0.176492 0.067815 -0.574473 1.545315 0.720787 -0.640659 -0.000217 0.710321 
13.094216 -0.898628 -0.176377 0.067759 -0.574410 1.545459 0.720819 -0.640709 -0.000218 0.710360 
13.094375 -0.898690 -0.176472 0.067844 -0.574397 1.545326 0.720816 -0.640666 -0.000183 0.710449 
13.094453 -0.898735 -0.176429 0.067958 -0.574457 1.545457 0.720858 -0.640715 -0.000080 0.710315 
13.094399 -0.898804 -0.176427 0.067970 -0.574487 1.545480 0.720826 -0.640693 -0.000040 0.710366 
13.094490 -0.898638 -0.176493 0.068042 -0.574452 1.545486 0.720823 -0.640565 0.000030 0.710281 
13.094410 -0.898494 -0.176400 0.068066 -0.574442 1.545592 0.720789 -0.640524 0.000112 0.710230 
13.094412 -0.898387 -0.176397 0.068050 -0.574507 1.545636 0.720892 -0.640462 0.000277 0.710220 
13.094454 -0.898307 -0.176374 0.068012 -0.574491 1.545729 0.720933 -0.640372 0.000449 0.710190 
13.094481 -0.898211 -0.176344 0.067991 -0.574521 1.545788 0.720966 -0.640280 0.000627 0.710138 
13.094481 -0.898134 -0.176260 0.067979 -0.574439 1.545911 0.720884 -0.640206 0.000719 0.710074 
13.094544 -0.898079 -0.176184 0.068000 -0.574487 1.546028 0.720974 -0.640064 0.000711 0.710123 
13.094491 -0.898031 -0.176203 0.068047 -0.574381 1.546073 0.721087 -0.640019 0.000861 0.710090 
13.094531 -0.897912 -0.176290 0.068025 -0.574405 1.546202 0.721067 -0.640058 0.000985 0.710129 
13.094449 -0.897770 -0.176235 0.068088 -0.574483 1.546218 0.721061 -0.640015 0.001091 0.710050 
13.094541 -0.897762 -0.176335 0.068176 -0.574463 1.546193 0.720993 -0.639874 0.001164 0.710001 
13.094487 -0.897751 -0.176182 0.068127 -0.574462 1.546173 0.721047 -0.640041 0.001124 0.710114 
13.094373 -0.897670 -0.176254 0.067938 -0.574439 1.546163 0.721056 -0.639914 0.001108 0.710124 
13.094441 -0.897532 -0.176226 0.067810 -0.574383 1.546145 0.721135 -0.639916 0.001121 0.710031 
13.094380 -0.897529 -0.176177 0.067652 -0.574391 1.546189 0.721158 -0.639849 0.001266 0.710045 
13.094268 -0.897377 -0.176185 0.067606 -0.574288 1.546269 0.721169 -0.639797 0.001249 0.710081 
13.094229 -0.897305 -0.176282 0.067575 -0.574377 1.546198 0.721326 -0.639781 0.001282 0.710141 
13.094137 -0.897287 -0.176369 0.067528 -0.574321 1.546097 0.721257 -0.639893 0.001362 0.710079 
13.094176 -0.897248 -0.176404 0.067500 -0.574373 1.546142 0.721205 -0.639929 0.001365 0.710111 
13.094062 -0.897213 -0.176309 0.067411 -0.574389 1.545977 0.721215 -0.639813 0.001313 0.710038 
13.094114 -0.897320 -0.176338 0.067478 -0.574314 1.546104 0.721288 -0.639962 0.001310 0.710116 
13.094220 -0.897295 -0.176503 0.067484 -0.574216 1.546067 0.721250 -0.639765 0.001428 0.710086 
13.094277 -0.897206 -0.176414 0.067545 -0.574164 1.545979 0.721233 -0.639774 0.001547 0.710194 
13.094288 -0.897107 -0.176430 0.067620 -0.574155 1.546004 0.721267 -0.639724 0.001722 0.710101 
13.094186 -0.897116 -0.176483 0.067727 -0.574181 1.546012 0.721210 -0.639628 0.001856 0.710164 
13.094227 -0.896983 -0.176563 0.067884 -0.574139 1.545950 0.721208 -0.639611 0.001834 0.710111 
13.094213 -0.897145 -0.176517 0.067733 -0.574253 1.545955 0.721265 -0.639641 0.001875 0.710173 
13.094271 -0.897229 -0.176399 0.067714 -0.574193 1.546006 0.721109 -0.639611 0.001976 0.710078 
13.094253 -0.897240 -0.176354 0.067600 -0.574157 1.546069 0.721188 -0.639608 0.002155 0.710101 
13.094290 -0.897285 -0.176283 0.067582 -0.574083 1.545976 0.721136 -0.639639 0.002188 0.710279 
13.094200 -0.897209 -0.176368 0.067546 -0.574162 1.546000 0.721148 -0.639625 0.002168 0.710068 
13.094225 -0.897145 -0.176264 0.067483 -0.574251 1.545986 0.721152 -0.639448 0.002150 0.710084 
13.094276 -0.897107 -0.176318 0.067449 -0.574285 1.546025 0.721099 -0.639463 0.002163 0.710116 
13.094220 -0.897061 -0.176191 0.067487 -0.574414 1.546087 0.721071 -0.639579 0.002207 0.710126 
13.094228 -0.897186 -0.176328 0.067403 -0.574316 1.546057 0.721083 -0.639457 0.002125 0.710138 
13.094367 -0.897025 -0.176330 0.067454 -0.574261 1.546048 0.721094 -0.639415 0.002344 0.710026 
13.094479 -0.896964 -0.176287 0.067452 -0.574193 1.545999 0.721054 -0.639395 0.002517 0.710075 
13.094622 -0.896912 -0.176231 0.067343 -0.574160 1.546016 0.721111 -0.639456 0.002518 0.709961 
13.094448 -0.896931 -0.176256 0.067447 -0.574121 1.546056 0.721003 -0.639382 0.002494 0.710068 
13.094434 -0.896823 -0.176380 0.067497 -0.574200 1.546026 0.721131 -0.639333 0.002643 0.710103 
13.094466 -0.896739 -0.176454 0.067632 -0.574240 1.546007 0.721069 -0.639246 0.002748 0.710044 
13.094412 -0.896804 -0.176498 0.067559 -0.574258 1.546088 0.721077 -0.639174 0.002929 0.710052 
13.094454 -0.896761 -0.176648 0.067475 -0.574271 1.546128 0.721038 -0.639119 0.002991 0.710179 
13.094412 -0.896689 -0.176586 0.067481 -0.574401 1.546212 0.721001 -0.639211 0.003095 0.710243 
13.094351 -0.896643 -0.176537 0.067452 -0.574433 1.546206 0.721069 -0.639066 0.003233 0.710313 
13.094219 -0.896585 -0.176582 0.067370 -0.574418 1.546093 0.721037 -0.639086 0.003356 0.710291 
13.094163 -0.896581 -0.176616 0.067404 -0.574379 1.546130 0.721120 -0.639057 0.003552 0.710363 
13.094043 -0.896541 -0.176684 0.067370 -0.574463 1.546209 0.721199 -0.638958 0.003641 0.710344 
13.094154 -0.896451 -0.176652 0.067265 -0.574445 1.546236 0.721262 -0.638949 0.003768 0.710267 
13.094094 -0.896361 -0.176598 0.067245 -0.574307 1.546355 0.721170 -0.638896 0.003785 0.710261 
13.094123 -0.896343 -0.176621 0.067316 -0.574330 1.546337 0.721115 -0.638858 0.003818 0.710219 
13.094163 -0.896319 -0.176596 0.067287 -0.574353 1.546342 0.721071 -0.638756 0.004025 0.710205 
13.094198 -0.896153 -0.176599 0.067320 -0.574360 1.546312 0.721098 -0.638677 0.004172 0.710221 
13.094217 -0.896089 -0.176640 0.067331 -0.574410 1.546400 0.721045 -0.638751 0.004354 0.710179 
13.094159 -0.896090 -0.176496 0.067403 -0.574405 1.546378 0.721110 -0.638730 0.004448 0.710051 
13.094191 -0.896087 -0.176571 0.067398 -0.574314 1.546361 0.721144 -0.638617 0.004592 0.709953 
13.094308 -0.896100 -0.176520 0.067474 -0.574344 1.546502 0.721207 -0.638516 0.004633 0.709978 
13.094259 -0.896078 -0.176547 0.067440 -0.574410 1.546534 0.721219 -0.638469 0.004606 0.709937 
13.094312 -0.895986 -0.176472 0.067373 -0.574454 1.546479 0.721137 -0.638379 0.004712 0.709852 
13.094348 -0.895897 -0.176400 0.067315 -0.574499 1.546422 0.721053 -0.638279 0.004831 0.709777 
13.094227 -0.895850 -0.176414 0.067308 -0.574599 1.546423 0.721016 -0.638137 0.004932 0.709755 
13.094175 -0.895776 -0.176341 0.067134 -0.574556 1.546491 0.721075 -0.638105 0.005001 0.709761 
13.094220 -0.895781 -0.176348 0.067040 -0.574696 1.546408 0.721187 -0.638093 0.005094 0.709730 
13.094223 -0.895679 -0.176364 0.067078 -0.574688 1.546385 0.721230 -0.638095 0.005081 0.709749 
13.094206 -0.895507 -0.176346 0.067032 -0.574705 1.546415 0.721212 -0.638013 0.005118 0.709616 
13.094229 -0.895403 -0.176258 0.067051 -0.574688 1.546414 0.721210 -0.637905 0.005263 0.709700 
13.094100 -0.895383 -0.176310 0.067101 -0.574750 1.546520 0.721297 -0.637800 0.005314 0.709735 
13.094081 -0.895394 -0.176254 0.067069 -0.574712 1.546427 0.721349 -0.637624 0.005208 0.709746 
13.094140 -0.895382 -0.176404 0.067066 -0.574716 1.546523 0.721281 -0.637765 0.005327 0.709755 
13.094154 -0.895283 -0.176419 0.066986 -0.574837 1.546565 0.721190 -0.637735 0.005285 0.709880 
13.094058 -0.895376 -0.176426 0.067054 -0.574709 1.546454 0.721241 -0.637779 0.005356 0.709762 
13.094077 -0.895258 -0.176492 0.067013 -0.574619 1.546473 0.721289 -0.637714 0.005510 0.709784 
13.094140 -0.895182 -0.176582 0.067111 -0.574629 1.546438 0.721256 -0.637603 0.005640 0.709763 
13.094149 -0.895271 -0.176562 0.066974 -0.574661 1.546474 0.721234 -0.637526 0.005786 0.709717 
13.094112 -0.895285 -0.176542 0.066939 -0.574536 1.546594 0.721117 -0.637441 0.005859 0.709711 
13.094135 -0.895363 -0.176560 0.066864 -0.574498 1.546607 0.721157 -0.637388 0.006028 0.709823 
13.094120 -0.895327 -0.176632 0.066713 -0.574493 1.546658 0.721180 -0.637323 0.006134 0.709716 
13.093985 -0.895421 -0.176720 0.066694 -0.574525 1.546570 0.721067 -0.637306 0.006181 0.709709 
13.094145 -0.895324 -0.176652 0.066722 -0.574503 1.546690 0.721145 -0.637420 0.006179 0.709707 
13.094259 -0.895301 -0.176581 0.066628 -0.574429 1.546563 0.721053 -0.637421 0.006215 0.709681 
13.094137 -0.895374 -0.176644 0.066763 -0.574443 1.546669 0.721191 -0.637435 0.006200 0.709644 
13.094053 -0.895265 -0.176501 0.066743 -0.574567 1.546713 0.721154 -0.637409 0.006317 0.709686 
13.094109 -0.895354 -0.176441 0.066752 -0.574661 1.546836 0.721130 -0.637325 0.006421 0.709633 
13.094028 -0.895438 -0.176337 0.066607 -0.574650 1.546920 0.721162 -0.637397 0.006397 0.709646 
13.094085 -0.895336 -0.176436 0.066772 -0.574582 1.546893 0.721071 -0.637300 0.006419 0.709643 
13.094105 -0.895222 -0.176503 0.066878 -0.574583 1.546899 0.721077 -0.637220 0.006574 0.709647 
13.094095 -0.895095 -0.176518 0.066968 -0.574642 1.546914 0.721014 -0.637178 0.006567 0.709486 
13.094162 -0.895052 -0.176470 0.066989 -0.574627 1.546953 0.721067 -0.637192 0.006536 0.709498 
13.094096 -0.895124 -0.176487 0.067152 -0.574674 1.546860 0.720938 -0.637150 0.006632 0.709581 
13.094149 -0.895086 -0.176513 0.066947 -0.574628 1.546902 0.720959 -0.637255 0.006612 0.709472 
13.094216 -0.895053 -0.176448 0.066865 -0.574565 1.546787 0.720930 -0.637105 0.006657 0.709448 
13.094224 -0.895004 -0.176457 0.066824 -0.574625 1.546808 0.720884 -0.637090 0.006635 0.709511 
13.094327 -0.895064 -0.176632 0.066850 -0.574516 1.546815 0.720924 -0.637019 0.006701 0.709426 
13.094343 -0.895117 -0.176590 0.066836 -0.574558 1.546883 0.720917 -0.636989 0.006747 0.709402 
13.094276 -0.895036 -0.176582 0.066763 -0.574534 1.546930 0.720953 -0.636945 0.006939 0.709383 
13.094219 -0.895028 -0.176543 0.066725 -0.574386 1.547047 0.720836 -0.636886 0.006957 0.709365 
13.094211 -0.895026 -0.176555 0.066636 -0.574390 1.547059 0.720863 -0.636907 0.006912 0.709307 
13.094220 -0.895022 -0.176506 0.066767 -0.574401 1.547041 0.720793 -0.636787 0.007167 0.709381 
13.094214 -0.894919 -0.176609 0.066810 -0.574309 1.546984 0.720783 -0.636728 0.007304 0.709434 
13.094336 -0.894822 -0.176514 0.066858 -0.574266 1.547073 0.720865 -0.636689 0.007374 0.709465 
13.094344 -0.894938 -0.176497 0.066775 -0.574202 1.547066 0.720917 -0.636697 0.007449 0.709628 
13.094301 -0.894942 -0.176493 0.066784 -0.574206 1.547063 0.720966 -0.636603 0.007411 0.709639 
13.094261 -0.894940 -0.176551 0.066870 -0.574242 1.547193 0.720926 -0.636700 0.007597 0.709660 
13.094381 -0.895006 -0.176611 0.066938 -0.574233 1.547207 0.720839 -0.636579 0.007698 0.709662 
13.094343 -0.895073 -0.176546 0.067043 -0.574119 1.547139 0.720893 -0.636594 0.007793 0.709569 
13.094369 -0.895000 -0.176572 0.067009 -0.574234 1.547186 0.720792 -0.636590 0.007667 0.709728 
13.094369 -0.894926 -0.176605 0.066820 -0.574271 1.547215 0.720827 -0.636506 0.007875 0.709632 
13.094357 -0.894844 -0.176626 0.066697 -0.574264 1.547261 0.720811 -0.636431 0.008042 0.709597 
13.094331 -0.894756 -0.176552 0.066658 -0.574345 1.547210 0.720748 -0.636368 0.008200 0.709645 
13.094376 -0.894706 -0.176605 0.066605 -0.574464 1.547149 0.720839 -0.636342 0.008350 0.709630 
13.094387 -0.894773 -0.176490 0.066520 -0.574582 1.547226 0.720830 -0.636301 0.008439 0.709560 
13.094260 -0.894849 -0.176594 0.066453 -0.574630 1.547137 0.720735 -0.636291 0.008481 0.709524 
13.094423 -0.894741 -0.176498 0.066533 -0.574594 1.547231 0.720775 -0.636382 0.008455 0.709511 
13.094379 -0.894628 -0.176508 0.066610 -0.574656 1.547238 0.720773 -0.636264 0.008400 0.709376 
13.094463 -0.894657 -0.176517 0.066608 -0.574638 1.547201 0.720730 -0.636208 0.008396 0.709366 
13.094472 -0.894541 -0.176425 0.066464 -0.574616 1.547092 0.720765 -0.636207 0.008380 0.709311 
13.094483 -0.894627 -0.176549 0.066560 -0.574694 1.547235 0.720704 -0.636203 0.008341 0.709413 
13.094486 -0.894548 -0.176512 0.066655 -0.574644 1.547235 0.720721 -0.636132 0.008591 0.709358 
13.094514 -0.894482 -0.176442 0.066770 -0.574754 1.547169 0.720726 -0.636095 0.008726 0.709379 
13.094569 -0.894415 -0.176497 0.066784 -0.574754 1.547229 0.720801 -0.636037 0.008892 0.709286 
13.094546 -0.894328 -0.176423 0.066825 -0.574692 1.547313 0.720712 -0.635952 0.009024 0.709255 
13.094542 -0.894186 -0.176528 0.066914 -0.574584 1.547250 0.720712 -0.635938 0.009069 0.709306 
13.094537 -0.894325 -0.176460 0.066816 -0.574715 1.547290 0.720639 -0.636014 0.009048 0.709205 
13.094408 -0.894399 -0.176501 0.066737 -0.574767 1.547241 0.720624 -0.635886 0.009137 0.709210 
13.094447 -0.894479 -0.176452 0.066637 -0.574759 1.547265 0.720618 -0.635933 0.009306 0.709298 
13.094482 -0.894418 -0.176476 0.066535 -0.574906 1.547366 0.720561 -0.635869 0.009338 0.709357 
13.094538 -0.894553 -0.176434 0.066518 -0.574959 1.547397 0.720506 -0.635764 0.009460 0.709299 
13.094391 -0.894573 -0.176382 0.066509 -0.575037 1.547500 0.720564 -0.635813 0.009567 0.709279 
13.094392 -0.894498 -0.176265 0.066354 -0.575045 1.547416 0.720594 -0.635787 0.009610 0.709201 
13.094398 -0.894581 -0.176437 0.066457 -0.574982 1.547556 0.720590 -0.635809 0.009563 0.709233 
13.094304 -0.894652 -0.176375 0.066369 -0.574924 1.547612 0.720448 -0.635790 0.009536 0.709311 
13.094388 -0.894512 -0.176437 0.066495 -0.574931 1.547571 0.720558 -0.635774 0.009623 0.709235 
13.094399 -0.894462 -0.176547 0.066506 -0.574949 1.547531 0.720600 -0.635729 0.009814 0.709286 
13.094394 -0.894343 -0.176613 0.066513 -0.575084 1.547603 0.720565 -0.635605 0.009808 0.709253 
13.094393 -0.894336 -0.176647 0.066508 -0.575104 1.547584 0.720494 -0.635674 0.009827 0.709202 
13.094523 -0.894264 -0.176575 0.066569 -0.575081 1.547698 0.720600 -0.635629 0.009953 0.709270 
13.094494 -0.894228 -0.176596 0.066697 -0.575039 1.547672 0.720658 -0.635548 0.010096 0.709182 
13.094475 -0.894153 -0.176618 0.066715 -0.575034 1.547654 0.720717 -0.635602 0.010060 0.709187 
13.094474 -0.894204 -0.176604 0.066636 -0.575000 1.547736 0.720560 -0.635488 0.010237 0.709309 
13.094641 -0.894171 -0.176663 0.066629 -0.574931 1.547656 0.720486 -0.635396 0.010238 0.709357 
13.094641 -0.894210 -0.176723 0.066704 -0.574927 1.547699 0.720473 -0.635410 0.010215 0.709395 
13.094675 -0.894175 -0.176651 0.066440 -0.574949 1.547680 0.720536 -0.635353 0.010360 0.709309 
13.094690 -0.894163 -0.176530 0.066383 -0.575075 1.547590 0.720527 -0.635323 0.010477 0.709362 
13.094693 -0.894090 -0.176379 0.066282 -0.575019 1.547648 0.720462 -0.635263 0.010527 0.709296 
13.094653 -0.893917 -0.176406 0.066180 -0.574990 1.547599 0.720536 -0.635306 0.010582 0.709355 
13.094520 -0.893947 -0.176446 0.066165 -0.574943 1.547487 0.720528 -0.635184 0.010656 0.709290 
13.094522 -0.893982 -0.176400 0.066167 -0.574893 1.547487 0.720599 -0.635152 0.010641 0.709343 
13.094538 -0.894025 -0.176414 0.066141 -0.574835 1.547412 0.720486 -0.635340 0.010745 0.709274 
13.094486 -0.893976 -0.176453 0.066096 -0.574948 1.547481 0.720478 -0.635188 0.010601 0.709340 
13.094590 -0.893904 -0.176414 0.066102 -0.575007 1.547406 0.720630 -0.635156 0.010671 0.709129 
13.094673 -0.893888 -0.176446 0.066101 -0.574972 1.547367 0.720593 -0.635111 0.010671 0.709154 
13.094698 -0.893854 -0.176483 0.066099 -0.575000 1.547450 0.720605 -0.635039 0.010880 0.709158 
13.094689 -0.893721 -0.176430 0.066208 -0.575017 1.547435 0.720576 -0.634976 0.011028 0.709154 
13.094683 -0.893599 -0.176483 0.066268 -0.574925 1.547518 0.720584 -0.634916 0.011139 0.709072 
13.094687 -0.893558 -0.176594 0.066383 -0.574999 1.547463 0.720650 -0.634903 0.011273 0.709110 
13.094648 -0.893671 -0.176488 0.066298 -0.574917 1.547494 0.720554 -0.634855 0.011147 0.709027 
13.094806 -0.893588 -0.176372 0.066335 -0.574978 1.547640 0.720527 -0.634896 0.011211 0.709038 
13.094758 -0.893482 -0.176308 0.066222 -0.574988 1.547645 0.720452 -0.634806 0.011332 0.709063 
13.094862 -0.893363 -0.176298 0.066225 -0.574922 1.547554 0.720343 -0.634710 0.011323 0.709089 
13.094868 -0.893375 -0.176311 0.066214 -0.574906 1.547523 0.720285 -0.634792 0.011368 0.709053 
13.094882 -0.893404 -0.176191 0.066197 -0.574770 1.547485 0.720365 -0.634794 0.011492 0.709098 
13.094853 -0.893423 -0.176210 0.066228 -0.574738 1.547528 0.720312 -0.634802 0.011494 0.709180 
13.094777 -0.893268 -0.176059 0.066194 -0.574772 1.547478 0.720333 -0.634803 0.011577 0.709034 
13.094806 -0.893220 -0.176057 0.066038 -0.574749 1.547533 0.720316 -0.634755 0.011729 0.708982 
13.094830 -0.893230 -0.175953 0.065904 -0.574850 1.547472 0.720272 -0.634739 0.011838 0.709031 
13.094807 -0.893243 -0.176002 0.065985 -0.574712 1.547562 0.720285 -0.634765 0.011659 0.708962 
13.094886 -0.893145 -0.176086 0.066124 -0.574736 1.547598 0.720352 -0.634740 0.011896 0.708907 
13.094896 -0.893008 -0.176187 0.066113 -0.574640 1.547495 0.720355 -0.634678 0.011977 0.708895 
13.094811 -0.892991 -0.176243 0.066148 -0.574592 1.547605 0.720275 -0.634675 0.012090 0.709015 
13.094831 -0.892940 -0.176218 0.066130 -0.574585 1.547634 0.720352 -0.634680 0.012072 0.709077 
13.094752 -0.893060 -0.176193 0.066185 -0.574556 1.547608 0.720354 -0.634480 0.012130 0.709006 
13.094734 -0.893110 -0.176176 0.066180 -0.574496 1.547576 0.720396 -0.634541 0.012170 0.709007 
13.094650 -0.893011 -0.176304 0.066160 -0.574631 1.547665 0.720446 -0.634465 0.012224 0.708919 
13.094779 -0.893101 -0.176459 0.066128 -0.574630 1.547701 0.720480 -0.634408 0.012275 0.708956 
13.094772 -0.893107 -0.176475 0.066201 -0.574688 1.547644 0.720499 -0.634418 0.012285 0.709003 
13.094795 -0.893007 -0.176465 0.066142 -0.574545 1.547809 0.720469 -0.634335 0.012396 0.708850 
13.094696 -0.892972 -0.176589 0.066150 -0.574414 1.547876 0.720483 -0.634281 0.012315 0.708805 
13.094787 -0.892960 -0.176484 0.066086 -0.574524 1.547730 0.720452 -0.634305 0.012422 0.708873 
13.094761 -0.892944 -0.176430 0.065927 -0.574575 1.547759 0.720411 -0.634236 0.012566 0.708873 
13.094806 -0.892906 -0.176374 0.065777 -0.574627 1.547721 0.720440 -0.634160 0.012656 0.708766 
13.094761 -0.892855 -0.176360 0.065745 -0.574678 1.547726 0.720384 -0.634097 0.012853 0.708840 
13.094754 -0.892950 -0.176443 0.065621 -0.574772 1.547715 0.720384 -0.634037 0.012920 0.708944 
13.094736 -0.892921 -0.176376 0.065760 -0.574661 1.547686 0.720330 -0.634117 0.012886 0.708783 
13.094709 -0.892942 -0.176320 0.065710 -0.574536 1.547681 0.720445 -0.634216 0.012999 0.708819 
13.094734 -0.892875 -0.176431 0.065735 -0.574699 1.547701 0.720321 -0.634201 0.012895 0.708763 
13.094805 -0.892850 -0.176294 0.065701 -0.574599 1.547730 0.720154 -0.634111 0.012937 0.708803 
13.094800 -0.892861 -0.176221 0.065703 -0.574657 1.547678 0.720145 -0.634156 0.012921 0.708832 
13.094600 -0.892767 -0.176259 0.065663 -0.574595 1.547763 0.720126 -0.634046 0.012945 0.708756 
13.094601 -0.892814 -0.176223 0.065676 -0.574632 1.547857 0.720132 -0.634059 0.012960 0.708732 
13.094630 -0.892718 -0.176221 0.065786 -0.574671 1.547854 0.720139 -0.633980 0.013120 0.708668 
13.094587 -0.892667 -0.176264 0.065965 -0.574662 1.547896 0.720088 -0.633966 0.013221 0.708747 
13.094639 -0.892571 -0.176246 0.066013 -0.574691 1.547890 0.720110 -0.633870 0.013352 0.708615 
13.094657 -0.892588 -0.176189 0.066074 -0.574735 1.548063 0.720111 -0.633834 0.013428 0.708500 
13.094640 -0.892563 -0.176033 0.066120 -0.574876 1.547975 0.720099 -0.633879 0.013478 0.708512 
13.094651 -0.892571 -0.176073 0.066121 -0.574951 1.547975 0.720045 -0.633823 0.013438 0.708514 
13.094625 -0.892611 -0.176070 0.066011 -0.574918 1.547985 0.720131 -0.633826 0.013659 0.708588 
13.094534 -0.892546 -0.176085 0.065940 -0.574914 1.547975 0.720149 -0.633729 0.013837 0.708579 
13.094558 -0.892485 -0.176080 0.065860 -0.574886 1.547971 0.720105 -0.633654 0.014037 0.708599 
13.094512 -0.892458 -0.176158 0.065925 -0.574898 1.547956 0.720163 -0.633589 0.014227 0.708648 
13.094364 -0.892447 -0.176141 0.065888 -0.574881 1.548034 0.720087 -0.633569 0.014339 0.708751 
13.094322 -0.892604 -0.176096 0.065907 -0.574811 1.547950 0.720050 -0.633466 0.014403 0.708699 
13.094383 -0.892433 -0.176090 0.065896 -0.574866 1.548052 0.720131 -0.633496 0.014310 0.708806 
13.094319 -0.892386 -0.176175 0.065771 -0.574926 1.548038 0.720164 -0.633518 0.014506 0.708728 
13.094359 -0.892328 -0.176205 0.065679 -0.574943 1.548049 0.720178 -0.633482 0.014713 0.708750 
13.094317 -0.892311 -0.176293 0.065688 -0.575000 1.548055 0.720284 -0.633453 0.014894 0.708789 
13.094268 -0.892194 -0.176205 0.065674 -0.574940 1.548015 0.720352 -0.633496 0.015044 0.708750 
13.094225 -0.892119 -0.176262 0.065576 -0.574908 1.547849 0.720364 -0.633492 0.015086 0.708844 
13.094229 -0.892126 -0.176314 0.065557 -0.574812 1.547889 0.720392 -0.633497 0.015078 0.708836 
13.094185 -0.891988 -0.176260 0.065542 -0.574945 1.547864 0.720361 -0.633409 0.015248 0.708772 
13.094150 -0.891901 -0.176222 0.065460 -0.574995 1.547885 0.720397 -0.633374 0.015435 0.708724 
13.094117 -0.891791 -0.176266 0.065493 -0.575014 1.547913 0.720300 -0.633448 0.015601 0.708723 
13.094215 -0.891684 -0.176314 0.065514 -0.575053 1.547855 0.720328 -0.633465 0.015736 0.708617 
13.094181 -0.891759 -0.176301 0.065550 -0.575003 1.547776 0.720255 -0.633404 0.015904 0.708545 
13.094205 -0.891639 -0.176273 0.065596 -0.574997 1.547780 0.720241 -0.633332 0.016093 0.708566 
13.094128 -0.891779 -0.176349 0.065607 -0.575034 1.547775 0.720324 -0.633403 0.015921 0.708560 
13.094173 -0.891737 -0.176262 0.065419 -0.574983 1.547752 0.720139 -0.633466 0.015839 0.708411 
13.094175 -0.891770 -0.176228 0.065549 -0.574976 1.547765 0.720304 -0.633477 0.015931 0.708551 
13.094281 -0.891887 -0.176266 0.065422 -0.575039 1.547814 0.720288 -0.633512 0.016006 0.708615 
13.094159 -0.891747 -0.176248 0.065512 -0.574975 1.547670 0.720301 -0.633483 0.015928 0.708608 
13.094226 -0.891797 -0.176130 0.065647 -0.575130 1.547706 0.720216 -0.633500 0.015896 0.708568 
13.094176 -0.891761 -0.176276 0.065592 -0.574943 1.547783 0.720247 -0.633549 0.015941 0.708577 
13.094334 -0.891821 -0.176184 0.065555 -0.574880 1.547697 0.720349 -0.633391 0.015854 0.708525 
13.094134 -0.891807 -0.176195 0.065544 -0.574944 1.547794 0.720255 -0.633427 0.015911 0.708610 
13.094130 -0.891742 -0.176059 0.065427 -0.575023 1.547775 0.720405 -0.633478 0.015911 0.708527 
13.094191 -0.891757 -0.176202 0.065550 -0.574931 1.547777 0.720285 -0.633554 0.015917 0.708569 
13.094161 -0.891794 -0.176236 0.065535 -0.574976 1.547755 0.720292 -0.633488 0.015909 0.708526 
13.094196 -0.891721 -0.176222 0.065511 -0.574972 1.547768 0.720241 -0.633454 0.015944 0.708519 
13.094166 -0.891723 -0.176219 0.065515 -0.574978 1.547767 0.720231 -0.633469 0.015979 0.708515 
13.094197 -0.891760 -0.176184 0.065527 -0.574931 1.547725 0.720237 -0.633448 0.016015 0.708490 
13.094155 -0.891717 -0.176234 0.065491 -0.574949 1.547780 0.720252 -0.633464 0.015986 0.708511 
13.094151 -0.891713 -0.176144 0.065472 -0.575007 1.547768 0.720266 -0.633470 0.015971 0.708507 
13.094188 -0.891747 -0.176227 0.065489 -0.574991 1.547777 0.720228 -0.633476 0.015995 0.708528 
13.094150 -0.891681 -0.176227 0.065548 -0.575005 1.547779 0.720232 -0.633451 0.016054 0.708517 
13.094158 -0.891644 -0.176203 0.065569 -0.574974 1.547798 0.720213 -0.633520 0.016082 0.708537 
13.094149 -0.891696 -0.176213 0.065561 -0.575000 1.547819 0.720224 -0.633440 0.016052 0.708507 
13.094109 -0.891718 -0.176213 0.065546 -0.575004 1.547801 0.720203 -0.633369 0.016047 0.708552 
13.094122 -0.891706 -0.176218 0.065573 -0.575007 1.547808 0.720200 -0.633456 0.016037 0.708490 
13.094153 -0.891718 -0.176247 0.065546 -0.575041 1.547813 0.720257 -0.633401 0.016055 0.708445 
