Start Optimization 
19.420070 -0.775799 -0.068628 -0.026070 -0.437956 0.861853 0.797714 -0.147095 0.067321 0.515631 
20.420070 -0.775799 -0.068628 -0.026070 -0.437956 0.861853 0.797714 -0.147095 0.067321 0.515631 
19.420070 0.224201 -0.068628 -0.026070 -0.437956 0.861853 0.797714 -0.147095 0.067321 0.515631 
19.420070 -0.775799 0.931372 -0.026070 -0.437956 0.861853 0.797714 -0.147095 0.067321 0.515631 
19.420070 -0.775799 -0.068628 0.973930 -0.437956 0.861853 0.797714 -0.147095 0.067321 0.515631 
19.420070 -0.775799 -0.068628 -0.026070 0.562044 0.861853 0.797714 -0.147095 0.067321 0.515631 
19.420070 -0.775799 -0.068628 -0.026070 -0.437956 1.861853 0.797714 -0.147095 0.067321 0.515631 
19.420070 -0.775799 -0.068628 -0.026070 -0.437956 0.861853 1.797714 -0.147095 0.067321 0.515631 
19.420070 -0.775799 -0.068628 -0.026070 -0.437956 0.861853 1.797714 0.852905 0.067321 0.515631 
19.420070 -0.775799 -0.068628 -0.026070 -0.437956 0.861853 1.797714 -0.147095 1.067321 0.515631 
19.420070 -0.775799 -0.068628 -0.026070 -0.437956 0.861853 1.797714 -0.147095 0.067321 1.515631 
19.419634 -0.947786 -0.359941 -0.960854 -0.545729 0.857258 1.799697 -0.153670 0.060021 1.516316 
19.420039 -0.787826 0.426876 -0.091440 -0.445493 0.861532 1.797853 -0.147555 0.066810 1.515679 
19.170071 -0.775165 -0.068628 -0.026070 -0.437956 0.861853 1.797714 -0.147095 0.067321 1.515631 
19.171324 -0.276716 -0.072116 -0.064991 -0.442443 0.861662 1.797797 -0.147369 0.067017 1.515660 
19.170071 -0.775165 -0.068628 0.002563 -0.686311 0.861853 1.797714 -0.147095 0.067321 1.515631 
19.170021 -0.749799 -0.102403 0.497568 -0.630041 0.860000 1.798514 -0.149746 0.064378 1.515907 
19.170070 -0.775337 -0.068919 0.001629 -0.686419 0.611855 1.797714 -0.147095 0.067321 1.515631 
19.169689 -0.837016 -0.324315 -0.419462 -0.736541 0.872182 1.799286 -0.152308 0.061532 1.516174 
19.170071 -0.775213 -0.066640 0.002301 -0.686341 0.861852 2.047706 -0.147095 0.067321 1.515631 
19.169938 -0.792523 0.414000 -0.125832 -0.701738 0.865116 1.792713 -0.149163 0.065025 1.515846 
19.170071 -0.775054 -0.068843 0.005722 -0.685947 0.861841 1.797719 -0.397075 0.067321 1.515631 
19.169863 -0.765373 -0.189679 0.487693 -0.632010 0.868835 1.796523 -0.393462 0.061328 1.516193 
19.170070 -0.775506 -0.071019 0.002124 -0.686362 0.861858 1.797732 -0.397119 -0.182643 1.515631 
19.169760 -0.829097 -0.365515 -0.389951 -0.732785 0.870225 1.797648 -0.403905 0.081377 1.516052 
19.170071 -0.775076 -0.068283 0.005573 -0.685964 0.861841 1.797714 -0.397077 0.067318 1.765630 
19.169871 -0.799217 0.410394 -0.133474 -0.702969 0.867019 1.792159 -0.400873 0.069698 1.513427 
19.170072 -0.774773 -0.070320 0.021975 -0.809892 0.986827 1.672739 -0.272056 0.067284 1.515634 
19.169836 -0.768038 -0.197526 0.484318 -0.621403 0.858555 1.807414 -0.404785 0.069575 1.514308 
19.169953 -0.771546 -0.133184 0.245020 -0.653675 0.860198 1.802566 -0.400930 0.068448 1.514970 
19.169754 -0.899896 -0.075098 0.005874 -0.685976 0.861980 1.797699 -0.397077 0.067599 1.515634 
19.170012 -0.746541 -0.255968 -0.156394 -0.702022 0.864059 1.801043 -0.403998 0.075500 1.514965 
19.169985 -0.762954 0.031124 -0.067748 -0.692069 0.863225 1.798651 -0.402585 0.071271 1.514483 
19.107571 -0.774889 -0.068965 0.005657 -0.685954 0.861842 1.797720 -0.397075 0.067323 1.515631 
19.107875 -0.762939 -0.173314 -0.061619 -0.692793 0.862707 1.799182 -0.399606 0.070682 1.515477 
19.107874 -0.762865 -0.173715 -0.061074 -0.674567 0.916775 1.817233 -0.417619 0.070655 1.515480 
19.107954 -0.741025 -0.243635 0.038993 -0.660398 0.912929 1.819953 -0.421169 0.073760 1.514765 
19.107873 -0.762874 -0.173547 -0.064060 -0.649226 0.916797 1.766205 -0.443140 0.070656 1.515478 
19.108089 -0.676911 -0.146876 -0.138356 -0.674282 0.924101 1.842313 -0.438693 0.090561 1.510903 
19.107860 -0.768377 -0.174030 -0.055469 -0.718235 0.916779 1.817233 -0.461636 0.070667 1.515480 
19.107588 -0.883904 -0.191454 -0.073758 -0.657184 0.918564 1.825109 -0.408404 0.077336 1.514065 
19.107875 -0.762733 -0.173512 -0.057869 -0.693513 0.935959 1.798043 -0.398418 0.119970 1.515480 
19.107902 -0.754628 -0.177963 -0.055937 -0.741648 0.987412 1.749526 -0.347492 0.044978 1.515046 
19.089685 -0.763564 -0.165959 -0.052875 -0.693005 0.935895 1.797936 -0.398230 0.119723 1.456384 
18.983244 -0.764803 -0.122341 -0.025362 -0.689983 0.936810 1.797331 -0.396082 0.118551 1.496609 
19.009007 -0.765927 -0.076349 -0.001012 -0.678310 0.942881 1.811766 -0.389398 0.108208 1.496763 
18.993651 -0.770642 -0.109951 0.009950 -0.737974 0.906845 1.710527 -0.421628 0.170418 1.494747 
18.973047 -0.712586 -0.120823 -0.054656 -0.693921 0.938952 1.794466 -0.398200 0.131653 1.493318 
18.983204 -0.779111 -0.107989 -0.048524 -0.694082 0.936945 1.794160 -0.396414 0.120105 1.496662 
18.976770 -0.749463 -0.162381 0.017643 -0.679334 0.939309 1.802755 -0.391583 0.120575 1.494889 
19.000949 -0.727847 -0.123334 0.050451 -0.669827 0.943415 1.812786 -0.387531 0.115208 1.494330 
18.976762 -0.752193 -0.161436 0.018106 -0.674340 0.929615 1.818596 -0.410673 0.135862 1.494990 
18.974419 -0.747945 -0.167208 0.024504 -0.716453 0.947119 1.831206 -0.441228 0.110644 1.494848 
18.976762 -0.752195 -0.161366 0.019507 -0.691709 0.916592 1.831550 -0.393262 0.141550 1.494990 
18.974115 -0.744084 -0.166380 0.016206 -0.665350 0.881580 1.810077 -0.420859 0.100636 1.494918 
18.980186 -0.750810 -0.166086 0.009791 -0.665223 0.935424 1.835393 -0.405793 0.125919 1.513711 
18.996689 -0.747944 -0.170855 0.017165 -0.680118 0.926155 1.807853 -0.414034 0.143567 1.559570 
18.953291 -0.749070 -0.155169 0.015490 -0.664625 0.935735 1.835130 -0.405342 0.126141 1.523595 
18.973939 -0.696757 -0.173966 -0.015980 -0.666560 0.937804 1.833275 -0.407506 0.139184 1.508385 
18.965642 -0.772901 -0.213657 -0.008980 -0.643422 0.939777 1.833702 -0.400406 0.133724 1.511617 
18.984526 -0.765911 -0.223114 0.011746 -0.593318 0.951251 1.847194 -0.388228 0.134197 1.508589 
18.969467 -0.784173 -0.201536 -0.034542 -0.637811 0.940630 1.832219 -0.400486 0.133809 1.511886 
18.966186 -0.774701 -0.212703 -0.008235 -0.647412 0.952400 1.836297 -0.399386 0.141214 1.511628 
18.965039 -0.775049 -0.226681 -0.007885 -0.658340 0.960546 1.844354 -0.415330 0.124659 1.510819 
18.969126 -0.787254 -0.211301 -0.001649 -0.648118 0.951202 1.834671 -0.399720 0.139394 1.516586 
18.976419 -0.779162 -0.220215 -0.003193 -0.651251 0.948912 1.821835 -0.403780 0.150210 1.538098 
18.969122 -0.788597 -0.210830 -0.001297 -0.647203 0.945276 1.843616 -0.407567 0.147421 1.516636 
18.969783 -0.791045 -0.217986 -0.001129 -0.660697 0.935782 1.855604 -0.385369 0.150561 1.517206 
18.979251 -0.789706 -0.214021 -0.001300 -0.650025 0.943506 1.838980 -0.409132 0.150138 1.507270 
18.946993 -0.793350 -0.209755 0.008884 -0.647589 0.942937 1.830706 -0.409653 0.157256 1.507354 
18.969799 -0.785040 -0.200315 0.000003 -0.657355 0.943077 1.842378 -0.410053 0.145821 1.517403 
18.977055 -0.776310 -0.188239 0.019972 -0.641900 0.947501 1.847985 -0.406594 0.144917 1.516734 
18.967533 -0.788295 -0.200725 -0.005985 -0.647982 0.943777 1.849694 -0.414172 0.147683 1.522887 
18.967714 -0.801035 -0.183696 -0.027028 -0.646839 0.945304 1.842022 -0.411556 0.147969 1.519414 
18.964557 -0.788868 -0.207554 -0.003911 -0.651674 0.947790 1.854577 -0.422719 0.140124 1.523375 
18.968953 -0.786414 -0.200687 -0.006093 -0.646999 0.945024 1.844651 -0.418363 0.148772 1.525847 
18.968910 -0.784342 -0.207633 -0.005375 -0.649951 0.941093 1.846789 -0.413783 0.154685 1.536162 
18.962785 -0.788143 -0.201822 -0.005130 -0.646849 0.943934 1.842519 -0.419393 0.151652 1.524213 
18.968662 -0.782510 -0.196952 0.004967 -0.638098 0.946582 1.847591 -0.418324 0.150264 1.525760 
18.969258 -0.787471 -0.199975 -0.006034 -0.649005 0.951322 1.845785 -0.417798 0.152515 1.525730 
18.968418 -0.793298 -0.188981 -0.012845 -0.643172 0.952828 1.843879 -0.417940 0.152459 1.527235 
18.970755 -0.781806 -0.199874 -0.010055 -0.648088 0.950565 1.844527 -0.419495 0.150508 1.524941 
18.960859 -0.782321 -0.200134 -0.007401 -0.648219 0.955502 1.851425 -0.413662 0.159984 1.520996 
18.961846 -0.781826 -0.196951 -0.006864 -0.651218 0.952402 1.854136 -0.417577 0.162795 1.520531 
18.967595 -0.786339 -0.206730 -0.008639 -0.642512 0.954867 1.851481 -0.415311 0.166304 1.513125 
18.962229 -0.780393 -0.197270 -0.001326 -0.654724 0.957003 1.843748 -0.407895 0.160557 1.513490 
18.958621 -0.783346 -0.202632 -0.005802 -0.649071 0.959272 1.853745 -0.417515 0.156922 1.519720 
18.960388 -0.783561 -0.201166 -0.009940 -0.650600 0.955398 1.851029 -0.413348 0.160160 1.520845 
18.961689 -0.779812 -0.201583 -0.003368 -0.645370 0.955077 1.852507 -0.412303 0.162121 1.525446 
18.960182 -0.782541 -0.199454 -0.007711 -0.647782 0.957030 1.849155 -0.415373 0.161656 1.521886 
18.959604 -0.784619 -0.193922 -0.008136 -0.642983 0.958081 1.849694 -0.414809 0.160983 1.521250 
18.960807 -0.779073 -0.192333 -0.010926 -0.640020 0.958397 1.848556 -0.416637 0.159129 1.520001 
18.958481 -0.779407 -0.193201 -0.011076 -0.638787 0.955883 1.848029 -0.417512 0.158844 1.519979 
18.960011 -0.778515 -0.189242 -0.006588 -0.639715 0.958487 1.844673 -0.415236 0.159050 1.516185 
18.964122 -0.781101 -0.188432 -0.005278 -0.639197 0.956784 1.841709 -0.417385 0.155283 1.518264 
18.961907 -0.779338 -0.190478 -0.007086 -0.638259 0.957838 1.844399 -0.415150 0.160961 1.514472 
18.961085 -0.780745 -0.190984 -0.004139 -0.635452 0.961536 1.845976 -0.418889 0.159828 1.511289 
18.960461 -0.783068 -0.186694 -0.004168 -0.631583 0.963585 1.843444 -0.417929 0.161194 1.508378 
18.960893 -0.780686 -0.184742 -0.004494 -0.628589 0.965678 1.839204 -0.419026 0.161479 1.504058 
18.961580 -0.779068 -0.183426 -0.000121 -0.623824 0.966016 1.839336 -0.417893 0.164089 1.506542 
18.961745 -0.778936 -0.181696 -0.000007 -0.625003 0.965248 1.839617 -0.420387 0.166066 1.506704 
18.962614 -0.780033 -0.179911 0.001125 -0.621584 0.964385 1.841939 -0.415535 0.162223 1.501891 
18.964912 -0.779803 -0.179257 0.001369 -0.623041 0.966848 1.842482 -0.414626 0.162582 1.501969 
18.960273 -0.784492 -0.180684 0.003633 -0.620532 0.966131 1.838033 -0.414160 0.164036 1.499844 
18.958223 -0.783203 -0.181103 0.002957 -0.620793 0.966982 1.839533 -0.413093 0.165918 1.498824 
18.957577 -0.785117 -0.180310 -0.001439 -0.615567 0.969810 1.840110 -0.413845 0.166256 1.499647 
18.953255 -0.784657 -0.176303 -0.001883 -0.614440 0.973041 1.839522 -0.413884 0.163143 1.501682 
18.957836 -0.785013 -0.178891 -0.002976 -0.615981 0.968442 1.838609 -0.411646 0.167212 1.500515 
18.958812 -0.785894 -0.183312 -0.004256 -0.609917 0.971477 1.840726 -0.415269 0.167696 1.497981 
18.955125 -0.782037 -0.185427 -0.003981 -0.610375 0.972558 1.842605 -0.413264 0.170837 1.494944 
18.955368 -0.781748 -0.185195 -0.001795 -0.608690 0.972286 1.843551 -0.412487 0.172042 1.497046 
18.953161 -0.786777 -0.187422 -0.005856 -0.611654 0.972382 1.847426 -0.412172 0.171397 1.495839 
18.955662 -0.782512 -0.183502 -0.003342 -0.609346 0.971668 1.843944 -0.412290 0.170067 1.492610 
18.955244 -0.783025 -0.180070 -0.003601 -0.609842 0.971483 1.844418 -0.417129 0.174953 1.491630 
18.956000 -0.784342 -0.183453 -0.002090 -0.609752 0.973908 1.842544 -0.411141 0.171081 1.491753 
18.960513 -0.781725 -0.182275 -0.003740 -0.611334 0.977980 1.845640 -0.410367 0.171194 1.492401 
18.962720 -0.781855 -0.184075 -0.002959 -0.612403 0.976137 1.845658 -0.410386 0.172301 1.491532 
18.960262 -0.779261 -0.183675 -0.001637 -0.607702 0.981710 1.844087 -0.411426 0.168977 1.488801 
18.961019 -0.780463 -0.180657 -0.007534 -0.608920 0.977468 1.842288 -0.405980 0.173497 1.491857 
18.959573 -0.780664 -0.180906 -0.001817 -0.613791 0.978059 1.845249 -0.409671 0.170196 1.492369 
18.959492 -0.781392 -0.182955 -0.003875 -0.611567 0.978196 1.846579 -0.409805 0.171948 1.491840 
18.959386 -0.784282 -0.183784 -0.004475 -0.610931 0.979198 1.848425 -0.410067 0.170973 1.491969 
18.959339 -0.781573 -0.182741 -0.004909 -0.612394 0.978307 1.846184 -0.410627 0.171861 1.490787 
18.959387 -0.781554 -0.181586 -0.002731 -0.610433 0.978546 1.847432 -0.411613 0.174496 1.492221 
18.959267 -0.781894 -0.182354 -0.002626 -0.610970 0.979560 1.846480 -0.411675 0.175105 1.492920 
18.958630 -0.780163 -0.183885 -0.003401 -0.610259 0.979043 1.847200 -0.413252 0.174794 1.495165 
18.959178 -0.782387 -0.181737 -0.003462 -0.611606 0.978812 1.846656 -0.411130 0.175689 1.493843 
18.959541 -0.781451 -0.182548 -0.003022 -0.608124 0.980507 1.845497 -0.409862 0.176342 1.492782 
18.958950 -0.780703 -0.182140 -0.000951 -0.606562 0.982055 1.845115 -0.407819 0.176990 1.493342 
18.960778 -0.780806 -0.182349 -0.003392 -0.608573 0.981423 1.846267 -0.409671 0.176427 1.492898 
18.962885 -0.781222 -0.184504 -0.002726 -0.608220 0.979884 1.846199 -0.409429 0.178015 1.492203 
18.960612 -0.782048 -0.182981 -0.003503 -0.608174 0.981877 1.847326 -0.409387 0.175958 1.493112 
18.961714 -0.783425 -0.181891 -0.004791 -0.606326 0.982972 1.846332 -0.411284 0.176236 1.492974 
18.959857 -0.781724 -0.183592 -0.004596 -0.608322 0.982315 1.847431 -0.409041 0.176336 1.492070 
18.960877 -0.782410 -0.182795 -0.003482 -0.608439 0.981926 1.846934 -0.408925 0.175605 1.492721 
18.960810 -0.781441 -0.183782 -0.004198 -0.607792 0.981673 1.846860 -0.409114 0.174839 1.493854 
18.960537 -0.782331 -0.183108 -0.003708 -0.608579 0.982063 1.846995 -0.409250 0.176377 1.493667 
18.960529 -0.782445 -0.182217 -0.004523 -0.608318 0.981058 1.847621 -0.408427 0.176705 1.493967 
18.960606 -0.782503 -0.183154 -0.004009 -0.609144 0.981704 1.847164 -0.409784 0.176136 1.493589 
18.959984 -0.781971 -0.183406 -0.002479 -0.608440 0.983246 1.847110 -0.408676 0.176439 1.493778 
18.960996 -0.782373 -0.183587 -0.003539 -0.608231 0.981833 1.846886 -0.409002 0.176839 1.493517 
18.961374 -0.782612 -0.184746 -0.003012 -0.609277 0.981530 1.847340 -0.409689 0.176877 1.493158 
18.961402 -0.782882 -0.183345 -0.003893 -0.607120 0.982806 1.846299 -0.409756 0.177133 1.493351 
18.961561 -0.783210 -0.182521 -0.004361 -0.605894 0.982887 1.846626 -0.409020 0.177894 1.493565 
18.961532 -0.782611 -0.183731 -0.004203 -0.606735 0.982873 1.846003 -0.409608 0.176659 1.493714 
18.961105 -0.783161 -0.183459 -0.003822 -0.606976 0.982649 1.846240 -0.409768 0.177063 1.493348 
18.961235 -0.782471 -0.183101 -0.003754 -0.607001 0.982606 1.845603 -0.409910 0.177438 1.493201 
18.961424 -0.782552 -0.182949 -0.003481 -0.606965 0.982495 1.845577 -0.409998 0.177343 1.493461 
18.961517 -0.782515 -0.183327 -0.003740 -0.606821 0.982801 1.845256 -0.410466 0.177889 1.492858 
18.961349 -0.782728 -0.183053 -0.004245 -0.607162 0.982972 1.844908 -0.410822 0.178066 1.493212 
18.961303 -0.782340 -0.183416 -0.003610 -0.606748 0.982965 1.845412 -0.410580 0.178033 1.493074 
18.961235 -0.782369 -0.183442 -0.003098 -0.606717 0.983623 1.845108 -0.410233 0.178041 1.492877 
18.961077 -0.782038 -0.183158 -0.002883 -0.606327 0.983855 1.845275 -0.410601 0.177713 1.492413 
18.961186 -0.782276 -0.183645 -0.002977 -0.607040 0.983576 1.845047 -0.410386 0.177852 1.492831 
18.961360 -0.782256 -0.183465 -0.002937 -0.606182 0.983604 1.845169 -0.409814 0.178698 1.492839 
18.961204 -0.782468 -0.183011 -0.003239 -0.605963 0.984089 1.844922 -0.409820 0.179107 1.493113 
18.961672 -0.782942 -0.182813 -0.003503 -0.605732 0.984210 1.844508 -0.409812 0.179245 1.492736 
18.961785 -0.782688 -0.183157 -0.003805 -0.605234 0.984408 1.844169 -0.409714 0.178916 1.493120 
18.961475 -0.782904 -0.183234 -0.003717 -0.605077 0.984228 1.844018 -0.409747 0.178889 1.493096 
18.961787 -0.783220 -0.183299 -0.003883 -0.604975 0.984920 1.844681 -0.409724 0.179039 1.493312 
18.961983 -0.783285 -0.183186 -0.003594 -0.604909 0.984853 1.844632 -0.409892 0.179016 1.493556 
18.961941 -0.783373 -0.182464 -0.003625 -0.604746 0.984942 1.844538 -0.409352 0.178987 1.493850 
18.961948 -0.783298 -0.183292 -0.003327 -0.605037 0.985133 1.844451 -0.409744 0.178986 1.493487 
18.961896 -0.783188 -0.183265 -0.003249 -0.605056 0.985583 1.843997 -0.410022 0.179633 1.493649 
18.962203 -0.783042 -0.183529 -0.002822 -0.604681 0.985591 1.843943 -0.409665 0.180175 1.493499 
18.962284 -0.783203 -0.183694 -0.002922 -0.604918 0.985450 1.843869 -0.409502 0.180282 1.493720 
18.962429 -0.783201 -0.183558 -0.002547 -0.604866 0.986225 1.843393 -0.409902 0.180250 1.493527 
18.962424 -0.783016 -0.183751 -0.002660 -0.604653 0.986306 1.843280 -0.409855 0.180072 1.493763 
18.961976 -0.782871 -0.183577 -0.002070 -0.605205 0.986407 1.843670 -0.409948 0.180493 1.493882 
18.962262 -0.783547 -0.183661 -0.002533 -0.604671 0.986349 1.843532 -0.409924 0.180288 1.493598 
18.961804 -0.783711 -0.183676 -0.002344 -0.604496 0.985890 1.842890 -0.409975 0.180268 1.493440 
18.962286 -0.783603 -0.183294 -0.002483 -0.604579 0.986376 1.843477 -0.409706 0.180269 1.493791 
18.962096 -0.783635 -0.183161 -0.003033 -0.604576 0.986779 1.843348 -0.409211 0.180474 1.493431 
18.962395 -0.783836 -0.182775 -0.003644 -0.604261 0.986927 1.843259 -0.409243 0.180886 1.493394 
18.962311 -0.783947 -0.183125 -0.003006 -0.604593 0.987005 1.843391 -0.408588 0.179992 1.493066 
18.962039 -0.783851 -0.183030 -0.002977 -0.604709 0.987239 1.843468 -0.408381 0.180147 1.493133 
18.961751 -0.783925 -0.182978 -0.002951 -0.604636 0.987112 1.843147 -0.408283 0.180182 1.493030 
18.961814 -0.783849 -0.183078 -0.002884 -0.604502 0.987118 1.843122 -0.408187 0.180265 1.493045 
18.961719 -0.783715 -0.183175 -0.003096 -0.604389 0.987250 1.843016 -0.408162 0.180019 1.493278 
18.961687 -0.783621 -0.183089 -0.003045 -0.604280 0.987319 1.843044 -0.408244 0.179965 1.493165 
18.961865 -0.783356 -0.182996 -0.003026 -0.604508 0.987385 1.842785 -0.408209 0.179979 1.493114 
18.961856 -0.783256 -0.182916 -0.003081 -0.604497 0.987226 1.842865 -0.408123 0.179952 1.493120 
18.961745 -0.783193 -0.183254 -0.003185 -0.604594 0.987494 1.842823 -0.408185 0.180079 1.492842 
18.961611 -0.782978 -0.183270 -0.003007 -0.604625 0.987816 1.842767 -0.408048 0.180205 1.492824 
18.961669 -0.782820 -0.183422 -0.002850 -0.604588 0.988061 1.842600 -0.407913 0.180127 1.492605 
18.961670 -0.783049 -0.183168 -0.003136 -0.604572 0.987905 1.842762 -0.407953 0.180256 1.492780 
18.961690 -0.782982 -0.183025 -0.003361 -0.604446 0.988054 1.842679 -0.408032 0.180587 1.492809 
18.961451 -0.783091 -0.182761 -0.003536 -0.604605 0.988208 1.842581 -0.408013 0.180604 1.492710 
18.961675 -0.782918 -0.183065 -0.003476 -0.604420 0.988134 1.842675 -0.408047 0.180453 1.492933 
18.961924 -0.782967 -0.182935 -0.003398 -0.604585 0.988265 1.842991 -0.408073 0.180696 1.492791 
18.962005 -0.782958 -0.182975 -0.003433 -0.604742 0.988230 1.842888 -0.407997 0.180744 1.492865 
18.961935 -0.783143 -0.183094 -0.003520 -0.604596 0.988325 1.842999 -0.407745 0.180990 1.492970 
18.961939 -0.782867 -0.182905 -0.003624 -0.604519 0.988170 1.843108 -0.407483 0.181050 1.492934 
18.961955 -0.782876 -0.182780 -0.003484 -0.604486 0.988225 1.843070 -0.407448 0.181042 1.493064 
18.962242 -0.783061 -0.182586 -0.003598 -0.604266 0.988238 1.842964 -0.407425 0.181137 1.493092 
18.961997 -0.782816 -0.182830 -0.003438 -0.604455 0.988365 1.842988 -0.407360 0.181017 1.492947 
18.961930 -0.782595 -0.182872 -0.003295 -0.604413 0.988627 1.842913 -0.407343 0.181310 1.492970 
18.961892 -0.782499 -0.182918 -0.003045 -0.604428 0.988921 1.842931 -0.407095 0.181428 1.492939 
18.962123 -0.782494 -0.182806 -0.003111 -0.604194 0.989086 1.842729 -0.407105 0.181638 1.492908 
18.962134 -0.782326 -0.182868 -0.003323 -0.604081 0.989348 1.842690 -0.407099 0.181500 1.493151 
18.962166 -0.782209 -0.183104 -0.003181 -0.603803 0.989204 1.842497 -0.407049 0.181517 1.493251 
18.962184 -0.782325 -0.182896 -0.003366 -0.604237 0.989310 1.842563 -0.407020 0.181542 1.493218 
18.961867 -0.782379 -0.182715 -0.003480 -0.604184 0.989422 1.842307 -0.406975 0.181569 1.493144 
18.961878 -0.782221 -0.182607 -0.003522 -0.604163 0.989334 1.842348 -0.406874 0.181570 1.493113 
18.961974 -0.782202 -0.182526 -0.003457 -0.604301 0.989677 1.842134 -0.407186 0.181569 1.493064 
18.961981 -0.782159 -0.182647 -0.003758 -0.604320 0.989870 1.842158 -0.407171 0.181801 1.492867 
18.961967 -0.782208 -0.182435 -0.003866 -0.604307 0.990046 1.842212 -0.407192 0.182110 1.493089 
18.962150 -0.782373 -0.182291 -0.004033 -0.604262 0.990292 1.842138 -0.406997 0.182007 1.492980 
18.962025 -0.782254 -0.182394 -0.004000 -0.604260 0.989928 1.842170 -0.407317 0.182087 1.493100 
18.961686 -0.782030 -0.182521 -0.003833 -0.604535 0.990280 1.842305 -0.407146 0.182147 1.493102 
18.961634 -0.781831 -0.182684 -0.003660 -0.604380 0.990429 1.842115 -0.407050 0.182366 1.493108 
18.961562 -0.781878 -0.182621 -0.003427 -0.604519 0.990426 1.842108 -0.407006 0.182655 1.492847 
18.961467 -0.781886 -0.182567 -0.003402 -0.604360 0.990479 1.842193 -0.407075 0.182619 1.492771 
18.961789 -0.781704 -0.182786 -0.003279 -0.604524 0.990591 1.842371 -0.407036 0.182756 1.492874 
18.961547 -0.782045 -0.182738 -0.003386 -0.604534 0.990501 1.842076 -0.407096 0.182654 1.492881 
18.961369 -0.781945 -0.182801 -0.003463 -0.604415 0.990339 1.842239 -0.406684 0.182790 1.492921 
18.961308 -0.781915 -0.182778 -0.003326 -0.604421 0.990223 1.842261 -0.406753 0.182788 1.493051 
18.961337 -0.781913 -0.182706 -0.003373 -0.604413 0.990664 1.842067 -0.406401 0.182730 1.492901 
18.961202 -0.781719 -0.182819 -0.003570 -0.604409 0.990857 1.841865 -0.406377 0.182914 1.492763 
18.961341 -0.781779 -0.182676 -0.003701 -0.604211 0.990962 1.841728 -0.406333 0.183234 1.492826 
18.961454 -0.781709 -0.182798 -0.003747 -0.604005 0.991005 1.841450 -0.406195 0.183344 1.492600 
18.961407 -0.781682 -0.182719 -0.004012 -0.604039 0.991265 1.841365 -0.406077 0.183581 1.492490 
18.961251 -0.781499 -0.182669 -0.004033 -0.603975 0.991438 1.841128 -0.406042 0.183860 1.492586 
18.961074 -0.781436 -0.182809 -0.004221 -0.603870 0.991357 1.841123 -0.405976 0.184213 1.492621 
18.961100 -0.781295 -0.182851 -0.004485 -0.603708 0.991551 1.840993 -0.405947 0.184101 1.492848 
18.961177 -0.781273 -0.182815 -0.004181 -0.603862 0.991387 1.841252 -0.405941 0.184255 1.492613 
18.961254 -0.781360 -0.183059 -0.004030 -0.603884 0.991697 1.841286 -0.406042 0.184440 1.492632 
18.961062 -0.781351 -0.182946 -0.003977 -0.603568 0.991835 1.841440 -0.406164 0.184409 1.492467 
18.961298 -0.781298 -0.183058 -0.004099 -0.603920 0.991663 1.841249 -0.406247 0.184460 1.492578 
18.961339 -0.781184 -0.182953 -0.003898 -0.603929 0.991907 1.841228 -0.405947 0.184769 1.492566 
18.961460 -0.781101 -0.183005 -0.003937 -0.603908 0.992032 1.841336 -0.405822 0.185168 1.492466 
18.961312 -0.780838 -0.183168 -0.003890 -0.604075 0.992209 1.841334 -0.405706 0.185273 1.492281 
18.961385 -0.781128 -0.182914 -0.004000 -0.604028 0.992095 1.841455 -0.405856 0.185188 1.492550 
18.961677 -0.781120 -0.183072 -0.003772 -0.603603 0.991859 1.841151 -0.405827 0.185214 1.492479 
18.961336 -0.781047 -0.183032 -0.003896 -0.603893 0.991954 1.841361 -0.405869 0.185263 1.492612 
18.961647 -0.781301 -0.182722 -0.003956 -0.603898 0.992076 1.841484 -0.405920 0.185232 1.492680 
18.961448 -0.781170 -0.182989 -0.003799 -0.603991 0.991928 1.841408 -0.405842 0.185199 1.492361 
18.961495 -0.780864 -0.182999 -0.003990 -0.603999 0.992394 1.841362 -0.405722 0.185336 1.492477 
18.961551 -0.780957 -0.183036 -0.003879 -0.603909 0.992031 1.841470 -0.405820 0.185085 1.492501 
18.961411 -0.781000 -0.182970 -0.004042 -0.603996 0.992389 1.841239 -0.405726 0.185410 1.492445 
18.961475 -0.781184 -0.183146 -0.003854 -0.603927 0.992163 1.841337 -0.405902 0.185166 1.492508 
18.961429 -0.780932 -0.182721 -0.004106 -0.603871 0.991777 1.841332 -0.405660 0.185179 1.492383 
18.961525 -0.780936 -0.182777 -0.004132 -0.604029 0.991708 1.841255 -0.405599 0.185194 1.492466 
18.961373 -0.780808 -0.182649 -0.004232 -0.603951 0.992108 1.841236 -0.405544 0.185424 1.492349 
18.961381 -0.781001 -0.182726 -0.004043 -0.603833 0.991802 1.841371 -0.405458 0.185145 1.492440 
18.961448 -0.781100 -0.182943 -0.004371 -0.603774 0.991597 1.841548 -0.405673 0.185153 1.492364 
18.961373 -0.781005 -0.182736 -0.004186 -0.603884 0.991849 1.841210 -0.405680 0.185025 1.492372 
18.961370 -0.780917 -0.182610 -0.003927 -0.603875 0.991495 1.841394 -0.405787 0.184921 1.492538 
18.961536 -0.780958 -0.182763 -0.004053 -0.603716 0.991726 1.841206 -0.405655 0.185194 1.492376 
18.961477 -0.781007 -0.182655 -0.004114 -0.603873 0.991802 1.841350 -0.405682 0.185193 1.492414 
18.961413 -0.781047 -0.182740 -0.004006 -0.603950 0.991731 1.841325 -0.405664 0.185195 1.492219 
18.961470 -0.780899 -0.182662 -0.004144 -0.603869 0.991752 1.841339 -0.405614 0.185144 1.492327 
18.961557 -0.780898 -0.182809 -0.004036 -0.603889 0.991880 1.841418 -0.405682 0.185076 1.492367 
18.961417 -0.780928 -0.182699 -0.004069 -0.603872 0.991720 1.841345 -0.405686 0.185126 1.492415 
18.961431 -0.780949 -0.182743 -0.004132 -0.603861 0.991758 1.841354 -0.405661 0.185176 1.492381 
18.961417 -0.780887 -0.182732 -0.004104 -0.603881 0.991835 1.841319 -0.405640 0.185241 1.492379 
18.961406 -0.780842 -0.182742 -0.004101 -0.603891 0.991890 1.841307 -0.405621 0.185305 1.492375 
18.961392 -0.780799 -0.182753 -0.004102 -0.603902 0.991950 1.841289 -0.405602 0.185363 1.492370 
18.961410 -0.780761 -0.182757 -0.004081 -0.603901 0.991951 1.841327 -0.405583 0.185439 1.492371 
18.961391 -0.780774 -0.182768 -0.004039 -0.603937 0.991971 1.841310 -0.405577 0.185480 1.492308 
18.961422 -0.780760 -0.182787 -0.004018 -0.603881 0.991981 1.841250 -0.405569 0.185513 1.492306 
18.961393 -0.780696 -0.182782 -0.003995 -0.603890 0.992025 1.841231 -0.405568 0.185554 1.492327 
18.961373 -0.780667 -0.182825 -0.004031 -0.603884 0.992072 1.841230 -0.405555 0.185612 1.492322 
18.961369 -0.780657 -0.182838 -0.004061 -0.603882 0.992136 1.841227 -0.405549 0.185679 1.492327 
18.961363 -0.780596 -0.182850 -0.004101 -0.603878 0.992160 1.841219 -0.405510 0.185706 1.492288 
18.961373 -0.780651 -0.182842 -0.004048 -0.603861 0.992161 1.841250 -0.405561 0.185663 1.492313 
18.961406 -0.780667 -0.182899 -0.004034 -0.603925 0.992152 1.841227 -0.405562 0.185669 1.492369 
18.961357 -0.780670 -0.182839 -0.004050 -0.603875 0.992145 1.841232 -0.405508 0.185672 1.492339 
18.961295 -0.780702 -0.182830 -0.004037 -0.603831 0.992123 1.841243 -0.405541 0.185703 1.492353 
18.961377 -0.780660 -0.182831 -0.004034 -0.603874 0.992129 1.841259 -0.405500 0.185697 1.492342 
18.961360 -0.780664 -0.182756 -0.004021 -0.603886 0.992177 1.841209 -0.405519 0.185669 1.492360 
18.961353 -0.780685 -0.182842 -0.004026 -0.603892 0.992148 1.841224 -0.405506 0.185685 1.492304 
18.961414 -0.780707 -0.182839 -0.004073 -0.603812 0.992136 1.841205 -0.405502 0.185676 1.492340 
18.961360 -0.780693 -0.182825 -0.004080 -0.603895 0.992144 1.841248 -0.405516 0.185678 1.492335 
18.961344 -0.780647 -0.182864 -0.004035 -0.603826 0.992153 1.841271 -0.405474 0.185618 1.492361 
