Start Optimization 
16.367040 -0.369971 -0.622004 0.559173 -0.418378 0.842630 0.395876 -0.190617 0.901751 0.328265 
17.367040 -0.369971 -0.622004 0.559173 -0.418378 0.842630 0.395876 -0.190617 0.901751 0.328265 
16.367040 0.630029 -0.622004 0.559173 -0.418378 0.842630 0.395876 -0.190617 0.901751 0.328265 
16.367040 -0.369971 0.377996 0.559173 -0.418378 0.842630 0.395876 -0.190617 0.901751 0.328265 
16.367040 -0.369971 -0.622004 1.559173 -0.418378 0.842630 0.395876 -0.190617 0.901751 0.328265 
16.367040 -0.369971 -0.622004 0.559173 0.581622 0.842630 0.395876 -0.190617 0.901751 0.328265 
16.367040 -0.369971 -0.622004 0.559173 -0.418378 1.842630 0.395876 -0.190617 0.901751 0.328265 
16.367040 -0.369971 -0.622004 0.559173 -0.418378 0.842630 1.395876 -0.190617 0.901751 0.328265 
16.367040 -0.369971 -0.622004 0.559173 -0.418378 0.842630 1.395876 0.809383 0.901751 0.328265 
16.367040 -0.369971 -0.622004 0.559173 -0.418378 0.842630 1.395876 -0.190617 1.901751 0.328265 
16.367040 -0.369971 -0.622004 0.559173 -0.418378 0.842630 1.395876 -0.190617 1.901751 1.328265 
16.364887 -1.039454 -1.055665 -0.043880 -0.424073 0.842413 1.396152 -0.192960 1.905182 0.326466 
16.366345 0.068770 -0.762003 0.364490 -0.420217 0.842560 1.395965 -0.191374 1.902859 0.327684 
16.117043 -0.369971 -0.620763 0.559173 -0.418378 0.842630 1.395876 -0.190617 1.901751 0.328265 
16.118533 -0.363220 -0.151939 0.385530 -0.420018 0.842568 1.395956 -0.191292 1.902739 0.327747 
16.117043 -0.369971 -0.620763 0.561534 -0.668367 0.842630 1.395876 -0.190617 1.901751 0.328265 
16.114820 -0.345691 -0.461189 1.034719 -0.664445 0.842406 1.396162 -0.193044 1.905304 0.326402 
16.117043 -0.370072 -0.620828 0.561443 -0.668367 0.592630 1.395876 -0.190617 1.901751 0.328265 
16.114081 -0.734971 -0.745393 0.243170 -0.671799 0.592050 1.396099 -0.192503 1.904512 0.326817 
16.114081 -0.734811 -0.745289 0.244427 -0.671787 0.592050 1.396099 -0.442500 1.904512 0.326817 
16.107736 -1.088953 -0.649256 0.583685 -0.669821 0.589494 1.396746 -0.453997 1.912549 0.322601 
16.114081 -0.734509 -0.745386 0.244293 -0.671788 0.592050 1.646098 -0.442500 1.904512 0.326817 
16.102917 -0.415590 -0.927465 -0.093848 -0.676844 0.588257 1.646069 -0.463648 1.916599 0.320476 
16.114088 -0.737644 -0.743942 0.249490 -0.671739 0.592049 1.646105 -0.442476 2.154434 0.326817 
16.093156 -1.107097 -0.725102 0.573318 -0.672497 0.584217 1.647980 -0.481192 1.886076 0.313822 
16.114230 -0.734075 -0.715285 0.233144 -0.671894 0.592046 1.646103 -0.442544 1.904576 0.078887 
16.114569 -0.736017 -0.254132 0.046311 -0.674012 0.591264 1.646299 -0.447017 1.905142 0.127903 
16.108722 -0.848616 0.223680 -0.046848 -0.676384 0.588146 1.647057 -0.463042 1.900247 0.125154 
16.113466 -0.572242 -0.263548 -0.142217 -0.675985 0.590875 1.646059 -0.449878 1.910830 0.127212 
15.988560 -0.571818 -0.264773 -0.141041 -0.675973 0.590875 1.646058 -0.449872 1.910821 0.122706 
16.123016 -0.553629 -0.279993 -0.162353 -0.676440 0.590332 1.646106 -0.452764 1.911103 -0.120533 
16.113467 -0.572155 -0.263888 -0.140842 -0.800972 0.590875 1.646822 -0.449877 1.910065 0.127358 
16.113719 -0.554010 -0.278967 -0.163977 -0.672333 0.590407 1.821416 -0.452390 1.735809 0.134566 
16.113467 -0.572158 -0.264243 -0.141797 -0.675980 0.465902 1.647593 -0.449875 1.912731 0.127506 
16.113731 -0.558477 -0.275037 -0.157295 -0.674474 0.596381 1.817377 -0.452356 2.091159 0.133808 
16.112727 -0.662634 -0.300271 -0.218636 -0.676807 0.590740 1.643126 -0.465732 1.911506 0.129228 
16.114568 -0.454762 -0.244846 -0.075151 -0.673362 0.591673 1.635991 -0.658854 1.910967 0.135572 
16.115795 -0.430759 -0.363418 -0.048563 -0.672781 0.592364 1.627238 -0.646703 1.911987 0.142988 
16.115743 -0.277237 -0.142691 -0.005036 -0.668836 0.592833 1.627273 -0.534429 1.911082 0.142801 
16.139773 -0.513214 -0.232201 0.024326 -0.647768 0.616405 1.634726 -0.643367 1.907943 0.135335 
16.008774 -0.517811 -0.253133 -0.018357 -0.779578 0.484544 1.726564 -0.754167 1.911431 0.072395 
16.023997 -0.603501 -0.268604 -0.074643 -0.762587 0.500673 1.709500 -0.814612 1.911462 0.084620 
15.998326 -0.518957 -0.248973 -0.012387 -0.787719 0.476448 1.731431 -0.755510 1.911529 0.132274 
15.986378 -0.458520 -0.152521 -0.005834 -0.795577 0.462262 1.728456 -0.742657 1.912075 0.051436 
16.000156 -0.518242 -0.258782 -0.010114 -0.788775 0.476004 1.686801 -0.755821 1.956030 0.071170 
16.005416 -0.481593 -0.366897 0.008863 -0.780959 0.480594 1.736692 -0.746416 1.890587 0.074457 
16.008013 -0.535273 -0.247183 0.013642 -0.780245 0.482620 1.692113 -0.752226 1.874765 0.070877 
16.038879 -0.562674 -0.240628 0.057599 -0.748546 0.515741 1.775515 -0.739633 1.958723 0.072613 
15.990642 -0.513442 -0.252415 -0.015575 -0.808294 0.536164 1.725736 -0.761856 1.910473 0.071959 
16.087638 -0.534933 -0.253445 -0.030332 -0.867396 0.469928 1.729772 -0.722046 1.910902 0.073398 
16.049217 -0.563709 -0.257863 -0.028414 -0.888613 0.448786 1.748963 -0.711479 1.910972 0.059193 
16.077818 -0.551885 -0.253398 -0.075053 -0.836267 0.501803 1.705517 -0.619835 1.910336 0.088245 
16.078470 -0.528775 -0.234032 -0.100364 -0.813335 0.482186 1.730855 -0.617926 1.903571 0.060788 
16.071620 -0.484343 -0.130733 -0.117678 -0.852285 0.480647 1.702560 -0.613376 1.907818 0.077357 
16.080995 -0.491391 -0.280456 -0.105783 -0.812937 0.474708 1.737984 -0.608810 1.892415 0.058976 
16.075767 -0.535404 -0.238853 -0.123306 -0.816135 0.479676 1.719575 -0.630733 1.895494 0.063038 
16.104067 -0.555935 -0.227300 -0.093320 -0.784575 0.495710 1.761487 -0.620987 1.924471 0.055898 
16.106664 -0.558938 -0.223244 -0.090619 -0.787472 0.503683 1.773288 -0.620041 1.898510 0.063040 
16.113967 -0.571392 -0.217178 -0.062416 -0.761707 0.487766 1.746183 -0.614452 1.875636 0.037361 
16.119864 -0.577159 -0.216639 -0.062387 -0.761888 0.463508 1.749870 -0.608735 1.875984 0.053894 
16.077262 -0.598800 -0.217159 -0.053476 -0.777391 0.477014 1.770460 -0.600771 1.876823 0.013105 
16.094317 -0.568692 -0.218355 -0.058330 -0.742936 0.489140 1.747352 -0.621784 1.875624 0.049838 
16.099895 -0.549930 -0.163531 -0.041046 -0.741919 0.496879 1.746564 -0.613384 1.881832 0.056769 
16.091896 -0.572473 -0.219003 -0.069524 -0.735199 0.497042 1.741338 -0.596131 1.875347 0.053578 
16.111912 -0.531616 -0.245440 -0.035513 -0.727702 0.490348 1.767597 -0.605577 1.870212 0.044140 
16.096741 -0.579939 -0.224870 -0.040789 -0.751508 0.500511 1.737149 -0.621013 1.879930 0.062801 
16.100786 -0.576346 -0.216995 -0.058395 -0.735648 0.492467 1.754425 -0.623650 1.880418 0.048747 
16.096548 -0.568659 -0.210970 -0.079439 -0.737197 0.485797 1.738239 -0.633665 1.861744 0.046602 
16.094784 -0.563760 -0.211423 -0.086287 -0.731975 0.476506 1.724086 -0.636813 1.884069 0.037650 
16.087638 -0.578354 -0.205760 -0.080442 -0.742012 0.483916 1.739573 -0.633359 1.862751 0.042994 
16.080312 -0.568876 -0.205668 -0.088984 -0.735847 0.473530 1.750063 -0.630937 1.850110 0.024596 
16.075309 -0.559938 -0.205393 -0.108773 -0.746672 0.478794 1.763780 -0.635360 1.857469 0.033153 
16.081588 -0.563437 -0.191644 -0.086165 -0.734904 0.474097 1.750767 -0.628845 1.851290 0.025512 
16.083975 -0.559183 -0.166714 -0.076728 -0.728704 0.472480 1.740655 -0.626969 1.842871 0.020562 
16.080893 -0.545666 -0.149857 -0.090703 -0.736602 0.477442 1.751691 -0.628975 1.848783 0.028122 
16.080971 -0.556948 -0.168159 -0.076144 -0.729188 0.485026 1.738734 -0.629757 1.842946 0.012908 
16.081490 -0.562882 -0.175865 -0.073809 -0.718486 0.457911 1.738207 -0.624212 1.827008 0.003754 
16.082688 -0.561074 -0.175704 -0.068148 -0.722544 0.454093 1.741254 -0.637030 1.827275 0.002119 
16.075186 -0.551235 -0.163058 -0.092613 -0.716197 0.451804 1.747734 -0.614473 1.820159 0.000830 
16.071650 -0.561564 -0.176456 -0.071761 -0.709119 0.458603 1.738785 -0.627880 1.827010 0.010003 
16.067590 -0.586806 -0.168456 -0.076105 -0.728591 0.455919 1.731721 -0.624537 1.827033 0.002154 
16.074189 -0.594030 -0.165562 -0.080768 -0.720455 0.458335 1.736417 -0.628889 1.828537 0.000418 
16.061641 -0.590761 -0.166379 -0.056802 -0.730035 0.453846 1.742608 -0.609094 1.838976 -0.004367 
16.068740 -0.589349 -0.168576 -0.072561 -0.731243 0.460774 1.738573 -0.623049 1.816057 0.007008 
16.066662 -0.590569 -0.173951 -0.069641 -0.736716 0.453772 1.706180 -0.617507 1.821364 0.011375 
16.064308 -0.589083 -0.180928 -0.081405 -0.732890 0.455168 1.735715 -0.624094 1.829717 0.003617 
16.066398 -0.586559 -0.170105 -0.074931 -0.728505 0.461934 1.730103 -0.625825 1.826990 -0.001719 
16.061306 -0.581125 -0.158562 -0.080598 -0.732016 0.454854 1.730994 -0.621974 1.822491 -0.001548 
16.067111 -0.587517 -0.170674 -0.074788 -0.726528 0.451953 1.731448 -0.625231 1.823187 -0.002126 
16.068211 -0.585558 -0.165823 -0.069369 -0.735056 0.453346 1.732353 -0.636235 1.828804 0.003189 
16.062188 -0.585825 -0.168894 -0.074796 -0.724550 0.456090 1.731655 -0.626069 1.826934 0.005357 
16.067813 -0.594483 -0.161430 -0.074750 -0.716706 0.457993 1.730102 -0.629118 1.828308 0.007108 
16.062768 -0.586712 -0.167498 -0.071119 -0.725398 0.455066 1.733528 -0.621255 1.830906 0.004899 
16.054097 -0.585060 -0.169266 -0.060369 -0.723366 0.457130 1.734061 -0.623433 1.826505 0.001059 
16.061735 -0.589556 -0.167863 -0.070042 -0.728073 0.454415 1.727623 -0.619577 1.829799 0.006923 
16.070713 -0.575873 -0.169455 -0.067776 -0.722861 0.455189 1.729274 -0.618858 1.830147 0.009100 
16.060726 -0.588448 -0.177407 -0.076843 -0.731112 0.453663 1.738852 -0.621084 1.836400 0.008478 
16.060483 -0.583931 -0.162276 -0.074128 -0.727959 0.454459 1.733618 -0.619540 1.830032 0.003842 
16.061744 -0.586694 -0.155817 -0.076090 -0.725666 0.455033 1.733555 -0.620117 1.830552 0.004053 
16.061261 -0.584612 -0.162095 -0.073711 -0.728967 0.455504 1.735423 -0.618698 1.827677 0.005377 
16.058824 -0.582905 -0.165729 -0.076826 -0.733319 0.454401 1.737559 -0.617589 1.829323 0.006151 
16.061903 -0.584351 -0.161172 -0.072265 -0.730990 0.454719 1.735730 -0.621221 1.828317 0.005880 
16.057122 -0.583066 -0.161281 -0.068926 -0.727613 0.456601 1.735254 -0.619034 1.824756 0.002878 
16.060886 -0.583191 -0.161826 -0.073452 -0.728771 0.458206 1.734808 -0.618761 1.829032 0.007221 
16.065726 -0.579767 -0.161880 -0.072561 -0.727851 0.453450 1.733317 -0.617069 1.825800 0.005810 
16.062417 -0.584517 -0.162334 -0.073983 -0.730394 0.457309 1.734597 -0.618623 1.828005 0.002604 
16.064685 -0.588122 -0.161850 -0.072065 -0.728882 0.458607 1.738106 -0.618179 1.824014 0.007304 
16.063817 -0.587576 -0.163874 -0.072986 -0.731052 0.458571 1.739862 -0.617200 1.823566 0.007862 
16.064962 -0.587472 -0.161695 -0.072353 -0.728128 0.458756 1.739519 -0.618644 1.824366 0.006775 
16.064782 -0.589061 -0.158813 -0.074339 -0.727771 0.458799 1.739691 -0.618361 1.824790 0.006603 
16.065133 -0.587730 -0.161441 -0.071390 -0.728277 0.458493 1.739953 -0.617488 1.825414 0.006652 
16.065546 -0.588232 -0.164737 -0.071284 -0.726873 0.458697 1.739071 -0.619767 1.825315 0.006704 
16.066451 -0.586971 -0.161813 -0.073058 -0.728194 0.458231 1.739207 -0.618313 1.824608 0.007314 
16.066750 -0.584472 -0.161909 -0.071087 -0.727788 0.457909 1.738826 -0.617639 1.822624 0.006841 
16.066799 -0.587439 -0.161625 -0.072701 -0.728909 0.456936 1.739542 -0.619086 1.824286 0.006759 
16.066701 -0.585828 -0.161091 -0.071810 -0.729799 0.459372 1.739225 -0.620240 1.825862 0.008941 
16.065834 -0.586990 -0.161780 -0.072964 -0.727575 0.457327 1.739688 -0.618309 1.824432 0.008714 
16.065076 -0.586329 -0.163845 -0.073904 -0.729863 0.457444 1.741327 -0.617349 1.824015 0.008973 
16.066688 -0.587876 -0.161703 -0.072563 -0.727553 0.458102 1.740358 -0.618178 1.823519 0.009195 
16.066733 -0.588881 -0.158580 -0.074590 -0.726979 0.458133 1.740269 -0.617999 1.823460 0.009075 
16.067007 -0.588229 -0.163217 -0.072008 -0.726907 0.458073 1.740123 -0.618734 1.823971 0.009166 
16.066714 -0.587880 -0.161530 -0.072490 -0.727956 0.458392 1.740402 -0.618684 1.824008 0.009611 
16.066911 -0.586511 -0.161433 -0.071303 -0.728108 0.458501 1.740226 -0.618808 1.823392 0.009756 
16.066349 -0.587528 -0.162584 -0.072928 -0.729097 0.458459 1.741220 -0.618220 1.823794 0.009749 
16.066792 -0.588035 -0.160687 -0.072893 -0.727758 0.458434 1.740329 -0.618739 1.823981 0.009620 
16.066807 -0.588109 -0.159808 -0.073294 -0.727695 0.458471 1.740307 -0.618700 1.823895 0.009630 
16.066757 -0.587974 -0.160804 -0.073112 -0.727699 0.458492 1.740216 -0.619027 1.823720 0.009640 
16.066957 -0.588354 -0.161163 -0.072647 -0.727542 0.458515 1.740202 -0.619169 1.824498 0.009749 
16.066852 -0.587866 -0.160698 -0.072970 -0.727600 0.458470 1.740703 -0.618837 1.824064 0.009489 
16.066599 -0.588047 -0.161069 -0.073166 -0.728462 0.458566 1.740645 -0.618705 1.824121 0.009867 
16.067166 -0.587876 -0.160739 -0.073031 -0.727780 0.458304 1.740249 -0.618654 1.824025 0.009755 
16.066814 -0.587433 -0.160651 -0.072264 -0.727986 0.458611 1.740287 -0.618987 1.823873 0.009810 
16.066706 -0.587919 -0.160746 -0.072977 -0.727576 0.458756 1.740247 -0.618538 1.824054 0.009755 
16.066915 -0.588114 -0.161285 -0.072670 -0.727460 0.458801 1.740475 -0.618192 1.823513 0.009666 
16.066550 -0.587922 -0.160740 -0.072953 -0.727421 0.458528 1.740366 -0.618537 1.824011 0.010103 
16.066329 -0.587509 -0.161180 -0.073008 -0.727506 0.458321 1.739992 -0.618368 1.824235 0.009391 
16.066531 -0.588079 -0.160810 -0.073007 -0.727965 0.458716 1.740361 -0.618452 1.824101 0.009792 
16.066875 -0.587480 -0.161229 -0.073376 -0.727687 0.459103 1.740474 -0.618728 1.824164 0.010083 
16.066709 -0.588039 -0.160353 -0.073234 -0.727527 0.458768 1.740243 -0.618508 1.824058 0.009749 
16.066680 -0.587757 -0.160652 -0.072922 -0.727653 0.458772 1.740265 -0.618499 1.823939 0.009763 
16.066714 -0.587885 -0.160847 -0.072591 -0.727653 0.458797 1.740178 -0.618743 1.824185 0.009836 
16.066612 -0.587816 -0.160856 -0.072985 -0.727559 0.458648 1.740184 -0.618496 1.824099 0.009664 
16.066711 -0.587859 -0.160763 -0.073039 -0.727596 0.458791 1.740257 -0.618580 1.824100 0.009796 
16.066773 -0.587904 -0.160925 -0.072962 -0.727566 0.458811 1.740326 -0.618488 1.823952 0.009778 
16.066621 -0.587928 -0.160748 -0.072974 -0.727543 0.458815 1.740277 -0.618570 1.824037 0.009727 
16.066711 -0.587984 -0.160548 -0.073100 -0.727552 0.458760 1.740243 -0.618524 1.824058 0.009752 
16.066715 -0.588050 -0.160347 -0.073220 -0.727528 0.458764 1.740237 -0.618512 1.824065 0.009751 
16.066715 -0.587967 -0.160532 -0.073069 -0.727530 0.458784 1.740295 -0.618456 1.824128 0.009749 
16.066715 -0.588050 -0.160348 -0.073221 -0.727529 0.458763 1.740235 -0.618515 1.824062 0.009751 
16.066685 -0.587993 -0.160557 -0.073100 -0.727548 0.458810 1.740162 -0.618471 1.824057 0.009799 
16.066717 -0.588050 -0.160348 -0.073221 -0.727529 0.458759 1.740240 -0.618518 1.824062 0.009748 
16.066754 -0.587943 -0.160535 -0.073082 -0.727457 0.458770 1.740213 -0.618551 1.824050 0.009745 
16.066715 -0.588051 -0.160348 -0.073221 -0.727533 0.458759 1.740242 -0.618517 1.824063 0.009748 
16.066750 -0.587983 -0.160550 -0.073105 -0.727591 0.458817 1.740213 -0.618525 1.824069 0.009665 
16.066714 -0.588051 -0.160348 -0.073221 -0.727532 0.458757 1.740242 -0.618517 1.824062 0.009751 
16.066673 -0.587936 -0.160557 -0.073186 -0.727529 0.458789 1.740273 -0.618505 1.824030 0.009736 
16.066673 -0.587998 -0.160360 -0.073315 -0.727508 0.458790 1.740276 -0.618496 1.824030 0.009733 
16.066673 -0.587991 -0.160549 -0.073179 -0.727570 0.458704 1.740296 -0.618540 1.824007 0.009761 
16.066672 -0.588048 -0.160353 -0.073309 -0.727544 0.458713 1.740297 -0.618529 1.824010 0.009756 
16.066673 -0.588015 -0.160469 -0.073232 -0.727559 0.458708 1.740296 -0.618535 1.824008 0.009759 
16.066646 -0.587978 -0.160528 -0.073176 -0.727577 0.458704 1.740287 -0.618564 1.824028 0.009761 
16.066643 -0.588000 -0.160447 -0.073228 -0.727567 0.458707 1.740287 -0.618561 1.824030 0.009759 
16.066654 -0.587986 -0.160517 -0.073172 -0.727584 0.458735 1.740306 -0.618583 1.824018 0.009782 
16.066652 -0.588008 -0.160436 -0.073225 -0.727574 0.458737 1.740305 -0.618579 1.824021 0.009779 
16.066652 -0.588014 -0.160533 -0.073191 -0.727567 0.458740 1.740306 -0.618596 1.824043 0.009781 
16.066658 -0.587930 -0.160485 -0.073135 -0.727617 0.458723 1.740306 -0.618556 1.823968 0.009783 
16.066632 -0.588009 -0.160501 -0.073160 -0.727567 0.458741 1.740310 -0.618576 1.824000 0.009762 
16.066629 -0.588030 -0.160419 -0.073212 -0.727557 0.458743 1.740309 -0.618572 1.824003 0.009759 
16.066613 -0.588018 -0.160508 -0.073171 -0.727601 0.458752 1.740319 -0.618554 1.824008 0.009759 
16.066649 -0.587985 -0.160523 -0.073117 -0.727508 0.458724 1.740302 -0.618627 1.823982 0.009765 
16.066625 -0.588010 -0.160512 -0.073180 -0.727578 0.458749 1.740283 -0.618591 1.823973 0.009756 
16.066618 -0.588005 -0.160519 -0.073107 -0.727566 0.458735 1.740370 -0.618549 1.824047 0.009768 
16.066605 -0.588003 -0.160508 -0.073172 -0.727553 0.458737 1.740311 -0.618565 1.823990 0.009795 
16.066651 -0.588019 -0.160530 -0.073134 -0.727616 0.458761 1.740304 -0.618605 1.824002 0.009696 
16.066618 -0.587992 -0.160512 -0.073184 -0.727565 0.458737 1.740339 -0.618585 1.823987 0.009749 
16.066615 -0.588037 -0.160524 -0.073115 -0.727583 0.458757 1.740248 -0.618559 1.824003 0.009804 
