Start Optimization 
3.653430 0.031769 0.025454 0.468990 0.929669 0.579695 -0.981667 -0.061263 -0.911894 0.428012 
4.653430 0.031769 0.025454 0.468990 0.929669 0.579695 -0.981667 -0.061263 -0.911894 0.428012 
3.653430 1.031769 0.025454 0.468990 0.929669 0.579695 -0.981667 -0.061263 -0.911894 0.428012 
3.653430 0.031769 1.025454 0.468990 0.929669 0.579695 -0.981667 -0.061263 -0.911894 0.428012 
3.653430 0.031769 0.025454 1.468990 0.929669 0.579695 -0.981667 -0.061263 -0.911894 0.428012 
3.653430 0.031769 0.025454 0.468990 1.929669 0.579695 -0.981667 -0.061263 -0.911894 0.428012 
3.653430 0.031769 0.025454 0.468990 0.929669 1.579695 -0.981667 -0.061263 -0.911894 0.428012 
3.653430 0.031769 0.025454 0.468990 0.929669 1.579695 0.018333 -0.061263 -0.911894 0.428012 
3.653430 0.031769 0.025454 0.468990 0.929669 1.579695 -0.981667 0.938737 -0.911894 0.428012 
3.653430 0.031769 0.025454 0.468990 0.929669 1.579695 -0.981667 0.938737 0.088106 0.428012 
3.653430 0.031769 0.025454 0.468990 0.929669 1.579695 -0.981667 0.938737 0.088106 1.428012 
3.650379 -0.314334 -0.891400 0.270239 0.926425 1.580732 -0.982157 0.943038 0.094163 0.424406 
3.646618 -0.740867 -0.802295 0.025300 0.922427 1.582011 -0.982761 0.948339 0.101628 0.419961 
3.650379 -0.189838 -0.891400 0.053442 0.926425 1.580732 -0.982157 0.943038 0.094163 0.424406 
3.639078 -0.013176 -1.350987 0.133099 0.914411 1.584574 -0.983973 0.958967 0.116594 0.411050 
3.650379 -0.186512 -0.882590 0.055352 0.676914 1.580732 -0.982157 0.943038 0.102878 0.415691 
3.647541 -0.090048 -0.693779 0.105276 0.957224 1.581697 -0.982613 0.947038 0.409408 0.111439 
3.399488 -0.087111 -0.685999 0.106962 0.957252 1.581697 -0.982613 0.970997 0.393144 0.103743 
3.461091 -0.036755 -0.588562 0.132931 0.959172 1.582217 -0.982859 1.364544 0.162676 -0.055951 
3.399496 -0.086276 -0.683786 0.107442 0.957260 1.831328 -0.994052 0.966375 0.388518 0.101554 
3.399982 -0.052472 -0.623148 0.124484 0.958741 1.554577 -1.409881 0.812635 0.240227 -0.009327 
3.399460 -0.090289 -0.694416 0.105138 0.957222 1.581707 -0.860044 0.848464 0.270627 -0.028043 
3.402266 0.113521 -0.309684 0.209453 0.965383 1.579921 -0.896392 0.880136 0.331430 0.298816 
3.398263 -0.287701 -0.622649 -0.015081 0.958739 1.581665 -0.994423 0.983706 0.423120 0.057345 
3.392244 -0.375563 -0.769116 -0.084785 0.960172 1.582453 -1.028002 1.023029 0.512419 -0.076003 
3.398279 -0.222744 -0.617184 -0.121590 0.958756 1.581660 -0.992615 0.981878 0.421283 0.061993 
3.398257 -0.258263 -0.384033 -0.134926 0.964505 1.580740 -0.956054 0.944038 0.417735 0.124329 
3.393173 -0.375515 -0.196061 -0.217609 0.973372 1.580176 -0.935435 0.926538 0.487906 0.095661 
3.266036 -0.312956 -0.154229 -0.179627 0.975962 1.463774 -0.919443 0.953182 0.594939 0.210780 
3.393180 -0.377409 -0.200923 -0.218684 1.098051 1.580173 -0.935434 0.926529 0.482820 0.100742 
3.395838 -0.482000 -0.200452 -0.278757 1.085593 1.580862 -0.926814 0.915233 0.334183 0.260412 
3.404284 -0.375752 -0.195550 -0.217826 1.098113 1.585850 -0.857437 1.022255 0.471064 0.093548 
3.375699 -0.339320 -0.103980 -0.198766 1.101710 1.532290 -1.086133 1.025774 0.371635 0.039743 
3.304975 -0.377913 -0.200976 -0.218988 1.098054 1.580634 -0.892391 0.891989 0.434022 0.051573 
3.527184 -0.333273 -0.157012 -0.192062 1.102175 1.469670 -0.825234 0.810454 0.443486 0.076967 
3.394275 -0.310541 -0.169062 -0.173799 1.098243 1.656665 -0.926116 0.911130 0.461013 0.139112 
3.393932 -0.538104 -0.210987 -0.334785 1.106650 1.629260 -0.902849 0.894932 0.602972 0.036589 
3.333574 -0.361149 -0.192641 -0.208627 1.099108 1.508825 -0.922753 0.934915 0.534568 0.161052 
3.393046 -0.344175 -0.201084 -0.271580 1.098019 1.581258 -0.934990 0.926075 0.482371 0.102132 
3.387993 -0.476390 -0.204886 -0.237261 1.102325 1.596368 -0.918810 0.912383 0.546031 0.074522 
3.391113 -0.469284 -0.262153 -0.232046 1.100056 1.603539 -0.902592 0.902839 0.551413 0.084507 
3.381212 -0.523900 -0.215005 -0.218490 1.105415 1.539522 -0.985632 0.955880 0.522692 0.022329 
3.397388 -0.448344 -0.201713 -0.221057 1.105938 1.587966 -0.912345 0.906687 0.578193 0.034942 
3.459083 -0.472490 -0.174437 -0.216084 1.106843 1.520155 -0.863246 0.854898 0.550599 0.031240 
3.463328 -0.491083 -0.094884 -0.138344 1.116859 1.559549 -0.864976 0.833986 0.574400 0.016069 
3.463660 -0.462281 -0.153459 -0.267251 1.110841 1.515153 -0.867431 0.850520 0.564500 0.009979 
3.472242 -0.478084 -0.180391 -0.215816 1.106625 1.530844 -0.872010 0.857118 0.535403 0.013644 
3.445945 -0.488758 -0.181138 -0.200000 1.108102 1.476166 -0.887524 0.875457 0.553190 0.016749 
3.446959 -0.489048 -0.181780 -0.200172 1.137133 1.476682 -0.880417 0.884178 0.550935 0.017276 
3.451105 -0.491799 -0.173896 -0.198386 1.085889 1.476666 -0.851570 0.919861 0.551882 0.009300 
3.473198 -0.490463 -0.173835 -0.198083 1.085836 1.476353 -0.862523 0.928660 0.563297 0.021901 
3.474377 -0.442245 -0.163867 -0.185459 1.083970 1.462914 -0.871209 0.936422 0.532567 0.029456 
3.478050 -0.476528 -0.186679 -0.189756 1.086840 1.474488 -0.855690 0.923818 0.578590 0.007204 
3.478487 -0.503921 -0.235843 -0.180062 1.082815 1.467807 -0.840812 0.919027 0.581533 0.025392 
3.493143 -0.483329 -0.175905 -0.184453 1.087587 1.460225 -0.843948 0.910233 0.573197 0.005511 
3.486392 -0.498709 -0.145801 -0.143529 1.091614 1.479905 -0.849926 0.909278 0.595431 -0.004910 
3.494431 -0.486619 -0.165043 -0.203563 1.089609 1.453741 -0.845715 0.909401 0.587841 -0.009205 
3.486728 -0.478845 -0.172601 -0.184246 1.087665 1.454713 -0.839835 0.909216 0.579662 0.014554 
3.497624 -0.461416 -0.168075 -0.174201 1.087341 1.453103 -0.850543 0.913753 0.559992 0.000141 
3.492836 -0.482938 -0.175483 -0.184611 1.073079 1.460633 -0.847129 0.905570 0.574284 0.005467 
3.500427 -0.474434 -0.170710 -0.191516 1.074201 1.482636 -0.834357 0.895668 0.573799 0.010886 
3.494123 -0.483754 -0.173756 -0.184193 1.067519 1.460747 -0.838116 0.916663 0.573954 0.003643 
3.495473 -0.499860 -0.196844 -0.174403 1.072069 1.455242 -0.841726 0.899992 0.578067 0.009718 
3.508916 -0.511887 -0.190598 -0.177609 1.071300 1.455161 -0.853948 0.908468 0.576539 0.029153 
3.496184 -0.501790 -0.191288 -0.164005 1.073096 1.460044 -0.843855 0.900514 0.586134 0.007089 
3.478375 -0.519348 -0.179532 -0.154977 1.073561 1.465560 -0.842445 0.896348 0.577284 0.005318 
3.478906 -0.512466 -0.181473 -0.145201 1.072748 1.465963 -0.843286 0.897464 0.568624 0.009719 
3.480845 -0.525506 -0.172674 -0.135863 1.075847 1.461932 -0.848228 0.893929 0.592786 -0.009587 
3.489067 -0.526134 -0.166897 -0.135409 1.076474 1.461547 -0.839978 0.885684 0.590458 -0.008821 
3.478881 -0.526053 -0.176752 -0.131905 1.077180 1.489629 -0.843753 0.890227 0.603954 -0.006014 
3.473872 -0.522617 -0.176039 -0.132102 1.081574 1.486100 -0.848228 0.880924 0.608246 0.001055 
3.465238 -0.520299 -0.169516 -0.127074 1.075101 1.478317 -0.830630 0.892061 0.620990 0.012464 
3.474140 -0.522610 -0.175148 -0.132494 1.067102 1.486551 -0.851988 0.876708 0.609225 0.001837 
3.486421 -0.536580 -0.166088 -0.131282 1.069329 1.488501 -0.864554 0.885129 0.611455 0.019285 
3.472975 -0.514650 -0.163627 -0.135593 1.067788 1.490085 -0.855035 0.879545 0.608854 -0.000737 
3.460131 -0.544897 -0.178617 -0.130545 1.065122 1.483945 -0.851815 0.862476 0.615464 -0.002109 
3.482792 -0.516747 -0.181919 -0.134565 1.066731 1.483917 -0.853252 0.876783 0.617948 0.001628 
3.483498 -0.515987 -0.181006 -0.127357 1.066984 1.483243 -0.854783 0.876594 0.618697 -0.000298 
3.484486 -0.509212 -0.187120 -0.121169 1.065262 1.484435 -0.854660 0.876389 0.611192 0.007503 
3.479306 -0.515782 -0.183830 -0.127601 1.066679 1.483391 -0.858911 0.880677 0.619853 -0.000769 
3.482944 -0.524573 -0.180148 -0.124134 1.067137 1.480386 -0.854640 0.869600 0.626873 -0.006215 
3.482891 -0.515342 -0.180944 -0.126688 1.067380 1.490383 -0.853971 0.875920 0.621382 0.000285 
3.483761 -0.507496 -0.169299 -0.128481 1.067845 1.490580 -0.857804 0.876547 0.624007 -0.004272 
3.485348 -0.516134 -0.182604 -0.127920 1.068701 1.492534 -0.858042 0.873757 0.617953 -0.002990 
3.488231 -0.518908 -0.181184 -0.125175 1.062297 1.492954 -0.848092 0.885232 0.620185 -0.006453 
3.486419 -0.518689 -0.178470 -0.126044 1.068040 1.490362 -0.856988 0.877904 0.621871 0.004425 
3.475948 -0.518522 -0.185646 -0.130558 1.066693 1.499129 -0.855113 0.875866 0.629461 0.002563 
3.482861 -0.515370 -0.181529 -0.126240 1.074635 1.490121 -0.851951 0.877706 0.621708 -0.000355 
3.480696 -0.516490 -0.179309 -0.126364 1.067487 1.491340 -0.853711 0.876222 0.619100 0.000502 
3.482785 -0.519219 -0.180109 -0.123914 1.067159 1.487355 -0.853004 0.871755 0.623596 -0.001995 
3.484211 -0.511720 -0.183646 -0.122356 1.066336 1.490160 -0.852606 0.874224 0.619490 0.003550 
3.482948 -0.513463 -0.178216 -0.127318 1.067426 1.490294 -0.854777 0.875971 0.622647 -0.000989 
3.482052 -0.513315 -0.178442 -0.127742 1.067929 1.490464 -0.855510 0.875017 0.623179 -0.000124 
3.481285 -0.514205 -0.178967 -0.128961 1.067208 1.492457 -0.855475 0.875958 0.625641 -0.000951 
3.481994 -0.514298 -0.178512 -0.129797 1.067265 1.493027 -0.854387 0.875112 0.625504 -0.000565 
3.481531 -0.514600 -0.178622 -0.132963 1.066890 1.490886 -0.854361 0.875536 0.625603 -0.000619 
3.481453 -0.513936 -0.178211 -0.129314 1.066895 1.492544 -0.853370 0.875599 0.626181 0.000419 
3.481755 -0.511339 -0.178581 -0.130163 1.065902 1.493869 -0.853173 0.874363 0.627860 0.001081 
3.481860 -0.509793 -0.178898 -0.130821 1.068694 1.494587 -0.852075 0.874453 0.629533 0.001056 
3.483652 -0.509811 -0.177774 -0.131384 1.068460 1.495419 -0.853334 0.874658 0.631297 0.003289 
3.483803 -0.509996 -0.177181 -0.131099 1.067766 1.495123 -0.852868 0.872068 0.633959 0.002860 
3.483119 -0.509400 -0.175873 -0.131510 1.066843 1.496163 -0.852395 0.869766 0.636203 0.003114 
3.483453 -0.509512 -0.177139 -0.131640 1.065907 1.496746 -0.851565 0.867459 0.638527 0.004059 
3.485042 -0.508299 -0.175296 -0.131566 1.064677 1.496729 -0.850645 0.867716 0.639973 0.002231 
3.484211 -0.509243 -0.176640 -0.131743 1.066214 1.496383 -0.850852 0.866544 0.637518 0.004624 
3.483376 -0.507330 -0.175825 -0.130848 1.066707 1.494787 -0.852804 0.865087 0.638204 0.005115 
3.484285 -0.509277 -0.176481 -0.130005 1.066414 1.497185 -0.850656 0.866572 0.637453 0.004805 
3.482995 -0.510559 -0.175382 -0.131964 1.066170 1.494865 -0.848820 0.867593 0.638531 0.005985 
3.483083 -0.510113 -0.175543 -0.132269 1.067845 1.495141 -0.848388 0.867738 0.639123 0.005758 
3.483248 -0.513389 -0.174106 -0.133512 1.066486 1.495714 -0.849134 0.866452 0.638492 0.005018 
3.482121 -0.510586 -0.175832 -0.131623 1.066151 1.494387 -0.848093 0.866980 0.638166 0.004775 
3.480765 -0.509313 -0.175892 -0.133598 1.064983 1.496158 -0.846589 0.867379 0.637285 0.005225 
3.483902 -0.511310 -0.178104 -0.132604 1.065469 1.493009 -0.846838 0.868123 0.637797 0.004539 
3.481527 -0.509854 -0.175555 -0.132270 1.066005 1.493116 -0.848633 0.866370 0.638440 0.005011 
3.482184 -0.510636 -0.176164 -0.131531 1.065954 1.494590 -0.847888 0.866406 0.638713 0.005052 
3.481790 -0.510579 -0.175805 -0.129933 1.065765 1.494770 -0.847137 0.866246 0.638506 0.005578 
3.481750 -0.510951 -0.176647 -0.131544 1.066244 1.494613 -0.848152 0.866388 0.638404 0.005478 
3.481394 -0.510819 -0.176519 -0.131336 1.065464 1.494874 -0.848405 0.867294 0.639839 0.004460 
3.481195 -0.511484 -0.176090 -0.131608 1.065522 1.494705 -0.848050 0.867333 0.640038 0.004581 
3.481312 -0.512504 -0.175731 -0.132109 1.065387 1.495474 -0.848512 0.866423 0.639996 0.003728 
3.481617 -0.511841 -0.176214 -0.131182 1.065742 1.494186 -0.848336 0.867295 0.640216 0.004447 
3.482140 -0.512228 -0.177167 -0.131833 1.065148 1.493634 -0.847323 0.867909 0.640230 0.004462 
3.481913 -0.511541 -0.176221 -0.131378 1.066277 1.494306 -0.847977 0.867041 0.640693 0.004318 
3.480578 -0.512284 -0.176406 -0.130995 1.066800 1.494094 -0.848455 0.868416 0.639958 0.004461 
3.481229 -0.511639 -0.176032 -0.131442 1.065542 1.493506 -0.848558 0.867089 0.640400 0.004630 
3.481801 -0.511860 -0.176178 -0.131404 1.065778 1.494271 -0.848587 0.867465 0.640299 0.004662 
3.481690 -0.511955 -0.175819 -0.130634 1.065447 1.494269 -0.848098 0.867421 0.640358 0.004988 
3.481538 -0.512102 -0.176103 -0.130604 1.065423 1.494398 -0.848158 0.867234 0.640536 0.005145 
3.481514 -0.512802 -0.175801 -0.130627 1.065065 1.494671 -0.848362 0.866940 0.640448 0.004962 
3.481422 -0.512075 -0.176089 -0.130548 1.065308 1.494458 -0.848220 0.867474 0.640841 0.004920 
3.480879 -0.512478 -0.176123 -0.130353 1.065755 1.494469 -0.848265 0.867917 0.640686 0.005101 
3.481478 -0.512219 -0.176372 -0.130521 1.065178 1.494316 -0.848017 0.867556 0.640708 0.004744 
3.481585 -0.512173 -0.176045 -0.130957 1.064909 1.494479 -0.848067 0.867753 0.641197 0.005521 
3.481693 -0.511851 -0.176266 -0.130647 1.064377 1.494754 -0.848521 0.867832 0.641209 0.005870 
3.482014 -0.511717 -0.176342 -0.130468 1.064254 1.495140 -0.848396 0.867611 0.641907 0.006152 
3.481840 -0.511978 -0.176257 -0.130525 1.064426 1.494408 -0.848727 0.867812 0.641348 0.005916 
3.481039 -0.511586 -0.176179 -0.130867 1.063937 1.494384 -0.848559 0.867582 0.641196 0.005940 
3.481201 -0.511486 -0.176308 -0.131198 1.063929 1.494402 -0.848742 0.867474 0.641230 0.005769 
3.480494 -0.511800 -0.176271 -0.130947 1.064063 1.494491 -0.848865 0.868120 0.640960 0.006300 
3.480622 -0.511550 -0.175642 -0.130903 1.063742 1.494372 -0.848818 0.868586 0.640584 0.006280 
3.480516 -0.511481 -0.176469 -0.130931 1.064216 1.494332 -0.848729 0.868280 0.640980 0.006359 
3.480463 -0.512295 -0.176713 -0.130835 1.063502 1.494404 -0.848599 0.868227 0.640704 0.006126 
3.480639 -0.511848 -0.176274 -0.131094 1.064074 1.494441 -0.848772 0.867967 0.640764 0.006647 
3.480355 -0.511878 -0.176202 -0.130637 1.064219 1.494604 -0.849047 0.867486 0.640219 0.006555 
3.480385 -0.512161 -0.175961 -0.131089 1.063782 1.494821 -0.848667 0.867868 0.641295 0.007049 
3.480245 -0.512379 -0.175796 -0.131255 1.063990 1.494705 -0.848462 0.867849 0.641277 0.006918 
3.480321 -0.512159 -0.175942 -0.131084 1.063720 1.494626 -0.848750 0.867816 0.641344 0.007078 
3.480596 -0.512381 -0.175934 -0.130893 1.063809 1.494585 -0.848949 0.867930 0.641433 0.007166 
3.480298 -0.512205 -0.176106 -0.131156 1.063794 1.494660 -0.848807 0.867720 0.641421 0.007068 
3.480415 -0.512075 -0.175834 -0.131301 1.063445 1.494729 -0.849010 0.867881 0.641272 0.007056 
3.480470 -0.512126 -0.175919 -0.131102 1.063669 1.494595 -0.848663 0.867720 0.641439 0.006999 
3.480256 -0.512086 -0.175869 -0.130775 1.063636 1.494737 -0.848850 0.867549 0.641180 0.007095 
3.480248 -0.512219 -0.175971 -0.130748 1.063493 1.494721 -0.848789 0.867570 0.641116 0.007050 
3.480210 -0.512084 -0.176174 -0.130569 1.063235 1.494686 -0.848673 0.867748 0.641112 0.007229 
3.480059 -0.512284 -0.176147 -0.130452 1.062971 1.494590 -0.848502 0.867867 0.640915 0.007245 
3.479920 -0.512426 -0.176538 -0.130451 1.062802 1.494638 -0.848549 0.867761 0.640914 0.007292 
3.480180 -0.512344 -0.176150 -0.130484 1.062996 1.494558 -0.848496 0.867819 0.640836 0.007418 
3.480376 -0.512534 -0.176127 -0.130211 1.063002 1.494535 -0.848687 0.868019 0.640937 0.007389 
3.480166 -0.512345 -0.176232 -0.130390 1.063147 1.494461 -0.848399 0.867799 0.640808 0.007383 
3.480321 -0.512165 -0.176200 -0.130588 1.062887 1.494465 -0.848650 0.867919 0.640526 0.007267 
3.480192 -0.512328 -0.176123 -0.130488 1.062918 1.494370 -0.848529 0.867728 0.640923 0.007408 
3.480444 -0.512290 -0.176022 -0.130501 1.062687 1.494511 -0.848264 0.867636 0.641010 0.007341 
3.480474 -0.512347 -0.176074 -0.130649 1.062707 1.494453 -0.848206 0.867772 0.641081 0.007326 
3.480374 -0.512226 -0.175793 -0.130751 1.062526 1.494467 -0.848181 0.867895 0.641161 0.007589 
3.480380 -0.512309 -0.175613 -0.130802 1.062609 1.494447 -0.848178 0.867867 0.641112 0.007503 
3.480309 -0.512358 -0.176036 -0.130879 1.062237 1.494596 -0.848269 0.867762 0.641242 0.007685 
3.480470 -0.512135 -0.176104 -0.131016 1.062363 1.494733 -0.848445 0.867653 0.641484 0.007742 
3.480340 -0.512485 -0.176003 -0.130751 1.062258 1.494626 -0.848303 0.867809 0.641380 0.007723 
3.480546 -0.512450 -0.176104 -0.130660 1.061978 1.494583 -0.848495 0.868025 0.641273 0.007696 
3.480570 -0.512417 -0.176399 -0.130501 1.061724 1.494504 -0.848343 0.868094 0.641307 0.007855 
3.480693 -0.512495 -0.176390 -0.130536 1.061772 1.494464 -0.848343 0.868038 0.641217 0.008003 
3.480563 -0.512596 -0.176380 -0.130562 1.061360 1.494557 -0.848484 0.868140 0.641323 0.007643 
3.480560 -0.512520 -0.176121 -0.130540 1.061057 1.494516 -0.848533 0.868398 0.641354 0.007607 
3.480536 -0.512555 -0.176111 -0.130543 1.060943 1.494880 -0.848524 0.868671 0.641227 0.007597 
3.480549 -0.512579 -0.176186 -0.130679 1.061112 1.494439 -0.848519 0.868541 0.641409 0.007603 
3.480348 -0.512486 -0.176061 -0.130396 1.060878 1.494365 -0.848866 0.868387 0.641314 0.007634 
3.480314 -0.512573 -0.176041 -0.130299 1.060915 1.494283 -0.848784 0.868432 0.641187 0.007545 
3.480609 -0.512305 -0.175975 -0.130397 1.060657 1.494372 -0.848940 0.868307 0.641537 0.007495 
3.480473 -0.512313 -0.175930 -0.130438 1.060350 1.494375 -0.848722 0.868172 0.641727 0.007637 
3.480711 -0.512462 -0.175757 -0.130568 1.060198 1.494330 -0.848784 0.868070 0.641622 0.007887 
3.480510 -0.512418 -0.175910 -0.130299 1.060399 1.494396 -0.848741 0.868220 0.641861 0.007701 
3.480582 -0.512081 -0.175984 -0.130164 1.060339 1.494307 -0.848631 0.868325 0.641881 0.007948 
3.480456 -0.512357 -0.175701 -0.130334 1.060471 1.494393 -0.848721 0.868261 0.641889 0.007704 
3.480477 -0.512483 -0.176105 -0.130331 1.060244 1.494551 -0.848806 0.867920 0.642070 0.007616 
3.480516 -0.512430 -0.175944 -0.130363 1.060476 1.494199 -0.848739 0.868166 0.641942 0.007704 
3.480500 -0.512524 -0.176013 -0.130496 1.060188 1.494403 -0.848777 0.868558 0.641981 0.007644 
3.480530 -0.512599 -0.176001 -0.130401 1.060070 1.494342 -0.848680 0.868570 0.641939 0.007522 
3.480442 -0.512519 -0.176000 -0.130460 1.060148 1.494365 -0.848859 0.868557 0.641966 0.007654 
3.480371 -0.512643 -0.176097 -0.130520 1.060203 1.494439 -0.848702 0.868580 0.641913 0.007736 
3.480451 -0.512488 -0.176056 -0.130463 1.060238 1.494414 -0.848773 0.868588 0.641997 0.007578 
3.480663 -0.512590 -0.176058 -0.130534 1.060186 1.494445 -0.848904 0.868592 0.641903 0.007638 
3.480527 -0.512471 -0.176028 -0.130462 1.060192 1.494363 -0.848752 0.868619 0.641944 0.007697 
3.480514 -0.512470 -0.176065 -0.130515 1.060039 1.494477 -0.848762 0.868472 0.642109 0.007688 
3.480486 -0.512479 -0.175869 -0.130605 1.059988 1.494535 -0.848743 0.868496 0.642182 0.007688 
3.480532 -0.512523 -0.176056 -0.130449 1.060066 1.494480 -0.848771 0.868494 0.642178 0.007720 
3.480522 -0.512489 -0.176108 -0.130641 1.060045 1.494303 -0.848755 0.868398 0.642180 0.007674 
3.480533 -0.512470 -0.176024 -0.130495 1.060090 1.494486 -0.848742 0.868379 0.642086 0.007700 
3.480446 -0.512389 -0.176162 -0.130508 1.059861 1.494507 -0.848813 0.868522 0.642079 0.007667 
3.480536 -0.512355 -0.176254 -0.130573 1.059859 1.494591 -0.848659 0.868591 0.642105 0.007629 
3.480617 -0.512309 -0.176235 -0.130563 1.059859 1.494585 -0.848715 0.868595 0.642120 0.007579 
3.480580 -0.512501 -0.176309 -0.130680 1.059843 1.494675 -0.848752 0.868602 0.642029 0.007643 
3.480499 -0.512308 -0.176282 -0.130606 1.059915 1.494636 -0.848701 0.868582 0.642150 0.007649 
3.480600 -0.512295 -0.176231 -0.130598 1.059840 1.494526 -0.848641 0.868683 0.642021 0.007803 
3.480578 -0.512285 -0.176203 -0.130551 1.059877 1.494581 -0.848644 0.868737 0.641962 0.007779 
3.480568 -0.512345 -0.176266 -0.130665 1.059787 1.494344 -0.848563 0.868747 0.641998 0.007741 
3.480582 -0.512299 -0.176146 -0.130646 1.059803 1.494552 -0.848637 0.868718 0.642062 0.007800 
3.480620 -0.512303 -0.176083 -0.130647 1.059658 1.494581 -0.848526 0.868590 0.642027 0.007852 
3.480582 -0.512355 -0.176164 -0.130575 1.059782 1.494562 -0.848608 0.868753 0.642120 0.007818 
3.480688 -0.512266 -0.176113 -0.130727 1.059734 1.494499 -0.848777 0.868747 0.642098 0.007902 
3.480640 -0.512307 -0.176140 -0.130682 1.059853 1.494563 -0.848588 0.868724 0.642078 0.007803 
3.480579 -0.512336 -0.176127 -0.130646 1.059818 1.494543 -0.848649 0.868703 0.642052 0.007806 
3.480569 -0.512241 -0.176108 -0.130612 1.059825 1.494508 -0.848622 0.868705 0.642093 0.007809 
3.480559 -0.512297 -0.176154 -0.130658 1.059811 1.494554 -0.848626 0.868725 0.642056 0.007838 
3.480579 -0.512272 -0.176182 -0.130672 1.059766 1.494584 -0.848646 0.868707 0.642097 0.007740 
3.480571 -0.512306 -0.176155 -0.130658 1.059815 1.494524 -0.848642 0.868747 0.642066 0.007783 
3.480606 -0.512298 -0.176137 -0.130646 1.059741 1.494521 -0.848589 0.868728 0.642016 0.007788 
3.480607 -0.512280 -0.176152 -0.130645 1.059794 1.494553 -0.848659 0.868741 0.642064 0.007817 
3.480639 -0.512328 -0.176116 -0.130649 1.059788 1.494542 -0.848724 0.868710 0.642064 0.007815 
3.480600 -0.512280 -0.176133 -0.130627 1.059807 1.494581 -0.848661 0.868748 0.642042 0.007800 
3.480638 -0.512243 -0.176189 -0.130647 1.059794 1.494537 -0.848663 0.868817 0.642074 0.007823 
