Start Optimization 
1.592168 -0.429081 -0.855979 0.521984 0.418349 0.655770 -0.420226 -0.689995 0.587843 -0.109487 
2.592168 -0.429081 -0.855979 0.521984 0.418349 0.655770 -0.420226 -0.689995 0.587843 -0.109487 
2.592168 0.570919 -0.855979 0.521984 0.418349 0.655770 -0.420226 -0.689995 0.587843 -0.109487 
2.592168 -0.429081 0.144021 0.521984 0.418349 0.655770 -0.420226 -0.689995 0.587843 -0.109487 
2.592168 -0.429081 -0.855979 1.521984 0.418349 0.655770 -0.420226 -0.689995 0.587843 -0.109487 
2.592168 -0.429081 -0.855979 0.521984 1.418349 0.655770 -0.420226 -0.689995 0.587843 -0.109487 
2.592168 -0.429081 -0.855979 0.521984 1.418349 1.655770 -0.420226 -0.689995 0.587843 -0.109487 
2.592168 -0.429081 -0.855979 0.521984 1.418349 0.655770 0.579774 -0.689995 0.587843 -0.109487 
2.592168 -0.429081 -0.855979 0.521984 1.418349 0.655770 -0.420226 0.310005 0.587843 -0.109487 
2.592168 -0.429081 -0.855979 0.521984 1.418349 0.655770 -0.420226 0.310005 1.587843 -0.109487 
2.592168 -0.429081 -0.855979 0.521984 1.418349 0.655770 -0.420226 0.310005 1.587843 0.890513 
2.592664 -1.094075 -0.999302 -0.210902 1.426928 0.649119 -0.420872 0.310780 1.588661 0.890827 
3.092168 -0.428708 -0.855979 0.521984 1.418349 0.655770 -0.420226 0.310005 1.587843 0.890513 
3.091725 0.511230 -0.921485 0.187020 1.422270 0.652730 -0.420521 0.310359 1.588217 0.890656 
3.092168 -0.428708 -0.365274 0.426021 1.418349 0.655770 -0.420226 0.310005 1.587843 0.890513 
3.092683 -0.415378 -0.110501 1.392877 1.426335 0.649578 -0.420827 0.310726 1.588605 0.890805 
3.092171 -0.432229 -0.366033 0.422141 1.918321 0.655770 -0.420226 0.310005 1.587843 0.890513 
3.093259 -1.096377 -0.437368 -0.321970 1.910142 0.648778 -0.420905 0.310819 1.588703 0.890843 
3.092164 -0.423358 -0.366652 0.418979 1.918358 0.155859 -0.420226 0.310005 1.587843 0.890513 
3.091825 0.476969 -0.409828 -0.014043 1.922606 0.160265 -0.420606 0.310461 1.588324 0.890698 
3.092164 -0.423352 -0.366565 0.419422 1.918362 0.155857 -0.920226 0.310005 1.587843 0.890513 
3.093044 -0.521543 -0.079563 1.370804 1.928734 0.112812 -0.417902 0.311113 1.589013 0.890962 
3.092700 -0.781620 -0.400807 0.072258 1.914173 0.140093 -0.420066 0.310375 1.588233 0.890663 
3.092164 -0.423357 -0.366601 0.419239 1.918360 0.155858 -0.420226 0.560005 1.587843 0.890513 
3.093008 -0.684974 -0.208412 0.812650 1.922422 0.120416 -0.418700 0.293745 1.588785 0.890875 
3.092164 -0.422850 -0.366699 0.418739 1.918360 0.155870 -0.420226 0.310006 1.837843 0.890513 
3.092595 -0.008000 -0.327759 0.143937 1.922185 0.132851 -0.419143 0.292238 1.840221 0.890925 
3.093307 -0.422849 -0.367820 0.418958 1.918360 0.155870 -0.420226 0.310006 1.837843 1.140508 
3.454569 -0.389132 -0.707558 0.454341 1.919039 0.149289 -0.419951 0.305891 1.838544 0.887115 
2.938150 -0.390363 -0.522307 0.452480 1.918615 0.121206 -0.385008 0.239572 1.767351 0.890489 
2.928601 -0.475573 -0.528030 0.364063 1.918927 0.279841 -0.561233 0.583637 2.123016 0.890162 
2.883544 -0.490157 -0.466925 0.577569 1.925511 0.263899 -0.597774 0.631319 2.206870 0.889156 
2.928605 -0.479036 -0.528467 0.360588 2.043824 0.279441 -0.560866 0.582901 2.122279 0.890163 
2.912762 -0.649947 -0.548391 0.184622 2.036486 0.251374 -0.553000 0.557941 2.110003 0.889839 
2.928605 -0.479268 -0.528435 0.360749 2.043824 0.288969 -0.677276 0.551415 2.090793 0.890163 
2.924989 -0.473994 -0.528032 0.369260 2.045003 0.529206 -0.636785 0.511088 2.053304 0.890071 
2.848008 -0.442593 -0.448440 0.323563 2.044080 0.287982 -0.677222 0.551034 2.090295 0.890923 
2.891383 -0.221901 -0.481043 0.225188 2.049419 0.290708 -0.689982 0.568935 2.115864 0.890361 
2.890920 -0.221680 -0.478623 0.231384 2.049598 0.289319 -0.689920 0.480370 2.203811 0.890369 
2.814213 -0.092419 -0.379278 0.373659 2.062478 0.289971 -0.720417 0.639659 2.151639 0.890311 
2.968438 -0.242991 -0.403328 0.203330 2.048986 0.306516 -0.706593 0.601918 2.149202 0.890377 
2.961957 -0.324227 -0.412617 -0.030557 2.041640 0.302423 -0.696475 0.577155 2.132383 0.890273 
2.933024 -0.354100 -0.320247 -0.256050 2.040527 0.303244 -0.711166 0.607126 2.148977 0.890103 
2.962149 -0.324079 -0.412709 -0.030550 2.041645 0.302367 -0.696469 0.577129 2.132369 0.765274 
3.138016 -0.282476 -0.565295 -0.109087 2.041707 0.306806 -0.702560 0.586018 2.144504 0.891268 
3.004274 -0.308098 -0.374633 -0.024262 2.041363 0.273526 -0.660658 0.507684 2.060636 0.890367 
2.914660 -0.345866 -0.203189 -0.174037 2.040251 0.257887 -0.652548 0.494638 2.033541 0.891542 
3.058157 -0.322868 -0.250195 -0.370866 2.039490 0.247767 -0.648850 0.486017 2.018266 0.893540 
2.910148 -0.351708 -0.203667 -0.175389 2.040045 0.140781 -0.675946 0.520966 2.058321 0.891571 
2.760267 -0.400047 -0.151259 -0.240347 2.040213 0.323011 -0.704123 0.600532 2.136102 0.891728 
2.914610 -0.349007 -0.202479 -0.174961 2.165153 0.257301 -0.652052 0.493750 2.032438 0.888311 
2.881933 -0.320061 -0.073649 -0.140836 2.159718 0.239754 -0.637140 0.469720 1.994053 0.687757 
2.914895 -0.351209 -0.202811 -0.173763 2.165110 0.266814 -0.768351 0.462135 2.000765 0.888309 
2.930760 -0.591819 -0.209494 -0.128705 2.158980 0.260813 -0.747726 0.436453 1.967276 0.889024 
2.900814 -0.347449 -0.219848 -0.175725 2.165017 0.265197 -0.765278 0.542888 1.908107 0.888299 
2.743865 -0.322809 -0.322875 -0.200756 2.164860 0.230555 -0.729720 0.350361 1.956079 0.889157 
2.886257 -0.269535 -0.124574 -0.024139 2.172671 0.272072 -0.778359 0.485343 2.014023 1.048314 
2.930344 -0.341039 -0.283231 -0.122203 2.165806 0.286254 -0.787417 0.497790 2.043129 0.839842 
2.969761 -0.327426 -0.296478 -0.107359 2.165809 0.270057 -0.774602 0.471476 2.017587 0.839812 
2.978998 -0.324943 -0.312490 -0.226054 2.166183 0.297535 -0.800199 0.520920 2.065572 0.834528 
2.926677 -0.341133 -0.264313 -0.130676 2.163984 0.282233 -0.783618 0.490755 2.034456 0.782358 
2.905525 -0.281681 -0.197622 -0.049822 2.166316 0.287835 -0.792525 0.510916 2.046090 0.782743 
2.963463 -0.378707 -0.240836 -0.119244 2.163232 0.288797 -0.788729 0.509916 2.039198 0.782280 
2.929107 -0.485147 -0.272038 -0.093922 2.160462 0.282172 -0.774317 0.480201 2.021886 0.774622 
2.965778 -0.375767 -0.240621 -0.118692 2.163335 0.347356 -0.777039 0.496770 2.026822 0.782267 
3.031214 -0.374358 -0.252476 -0.212598 2.163398 0.362808 -0.792920 0.530754 2.052345 0.773046 
2.968605 -0.354322 -0.201532 -0.079994 2.164331 0.352902 -0.783470 0.513398 2.034776 0.782452 
2.965712 -0.376660 -0.240483 -0.118903 2.194557 0.347194 -0.776892 0.496497 2.026514 0.781461 
2.950406 -0.431064 -0.246535 -0.096959 2.192860 0.346402 -0.771445 0.486493 2.020411 0.776605 
2.972557 -0.376423 -0.237368 -0.117181 2.194580 0.346186 -0.776533 0.474321 2.047107 0.781496 
3.011154 -0.368599 -0.249924 -0.098476 2.194414 0.330586 -0.763612 0.455711 2.014092 0.780442 
2.972483 -0.377069 -0.236693 -0.117367 2.194563 0.348380 -0.805408 0.466087 2.038795 0.781952 
2.965214 -0.383670 -0.196329 -0.141450 2.194172 0.336427 -0.764755 0.457158 2.026468 0.805413 
3.008128 -0.400334 -0.237220 -0.155474 2.193909 0.355181 -0.783414 0.490275 2.060143 0.774447 
2.960867 -0.370019 -0.236470 -0.125193 2.193896 0.343125 -0.773328 0.465376 2.042675 0.756714 
2.972921 -0.375445 -0.237588 -0.117062 2.194622 0.360800 -0.773604 0.470958 2.044041 0.781865 
2.958812 -0.369502 -0.254846 -0.121602 2.195260 0.344108 -0.775727 0.467920 2.049725 0.800508 
2.976268 -0.362613 -0.233840 -0.120182 2.195033 0.346672 -0.778148 0.477549 2.048957 0.782634 
2.967088 -0.390672 -0.223155 -0.094475 2.194250 0.348432 -0.777189 0.476686 2.049542 0.778505 
2.975486 -0.417746 -0.216056 -0.093253 2.193464 0.352893 -0.779195 0.482355 2.054666 0.772327 
2.991740 -0.424956 -0.217844 -0.076722 2.193070 0.346409 -0.772950 0.473668 2.039821 0.769697 
2.977202 -0.415873 -0.226475 -0.087224 2.193573 0.355314 -0.782130 0.486572 2.059866 0.766541 
2.957812 -0.436638 -0.206093 -0.090189 2.193195 0.353214 -0.777434 0.477848 2.056545 0.785423 
2.945976 -0.439225 -0.196336 -0.094936 2.192250 0.351217 -0.774269 0.470523 2.052229 0.760426 
2.945947 -0.439657 -0.196263 -0.095045 2.207861 0.351137 -0.774197 0.470390 2.052077 0.760024 
2.950896 -0.436909 -0.167161 -0.092908 2.192056 0.354315 -0.776674 0.478008 2.056276 0.758456 
2.955864 -0.441743 -0.159384 -0.102057 2.191644 0.331678 -0.769709 0.477420 2.071150 0.757177 
2.948718 -0.437047 -0.168007 -0.092740 2.192050 0.354750 -0.765201 0.487860 2.053163 0.758208 
2.947348 -0.442467 -0.162507 -0.099367 2.191687 0.343628 -0.793498 0.492587 2.040182 0.757601 
2.954029 -0.452084 -0.163643 -0.106605 2.191384 0.350424 -0.793350 0.493711 2.041084 0.755367 
2.937194 -0.429663 -0.139794 -0.105128 2.191425 0.344732 -0.792447 0.487849 2.029269 0.761666 
2.939968 -0.438495 -0.164410 -0.105736 2.191906 0.347397 -0.797288 0.497894 2.048718 0.757333 
2.948321 -0.451477 -0.157975 -0.073904 2.191205 0.339510 -0.798438 0.499283 2.043505 0.746286 
2.953537 -0.430323 -0.165153 -0.098589 2.191902 0.340437 -0.794610 0.494860 2.039187 0.751845 
2.965433 -0.458326 -0.158740 -0.111208 2.190866 0.356193 -0.792795 0.494060 2.036345 0.749373 
2.954069 -0.442851 -0.162343 -0.096627 2.192055 0.343826 -0.795249 0.496753 2.041360 0.770613 
2.947334 -0.442265 -0.162715 -0.099325 2.183883 0.343650 -0.793520 0.492609 2.040234 0.757814 
2.945542 -0.449198 -0.172420 -0.100013 2.191906 0.338756 -0.791972 0.487787 2.034009 0.760704 
2.947101 -0.441814 -0.164395 -0.097829 2.191756 0.349914 -0.795151 0.492888 2.036686 0.757349 
2.956847 -0.450701 -0.159243 -0.106190 2.191296 0.346854 -0.792325 0.493379 2.040304 0.753559 
2.948431 -0.442388 -0.162068 -0.099454 2.191690 0.343415 -0.799229 0.487654 2.041735 0.757728 
2.943555 -0.441251 -0.150778 -0.099269 2.191565 0.343007 -0.790710 0.487717 2.033714 0.761723 
2.946970 -0.445815 -0.161639 -0.093289 2.191604 0.342694 -0.794676 0.494282 2.041748 0.755505 
2.947915 -0.445428 -0.162063 -0.092066 2.191633 0.343710 -0.792391 0.492160 2.043078 0.755626 
2.942899 -0.446758 -0.162860 -0.095325 2.191756 0.344424 -0.795885 0.496356 2.047050 0.756529 
2.944584 -0.445396 -0.165357 -0.095291 2.191829 0.343818 -0.796449 0.497446 2.047916 0.755227 
2.938653 -0.445057 -0.156935 -0.095208 2.191862 0.343221 -0.796799 0.497112 2.046770 0.757963 
2.934258 -0.448953 -0.158479 -0.095644 2.191981 0.340327 -0.796838 0.495512 2.044427 0.760706 
2.934540 -0.454690 -0.154617 -0.099173 2.191855 0.340843 -0.797010 0.496047 2.044187 0.760579 
2.932582 -0.448801 -0.158686 -0.096184 2.191896 0.340831 -0.796553 0.494513 2.043829 0.757481 
2.930210 -0.447567 -0.160204 -0.093609 2.192086 0.345905 -0.798628 0.495066 2.040566 0.759456 
2.932649 -0.448871 -0.158610 -0.096142 2.195793 0.340885 -0.796398 0.494367 2.043882 0.757387 
2.930926 -0.447224 -0.158762 -0.093498 2.195518 0.340423 -0.792161 0.490063 2.046882 0.758989 
2.932127 -0.448896 -0.158849 -0.096100 2.195792 0.340985 -0.793536 0.496840 2.043106 0.757312 
2.931056 -0.445411 -0.161313 -0.095938 2.196185 0.335575 -0.798711 0.496616 2.043915 0.756732 
2.932579 -0.450567 -0.158211 -0.093117 2.195747 0.340460 -0.796971 0.495216 2.044670 0.756287 
2.932586 -0.454185 -0.154769 -0.100371 2.195711 0.341107 -0.796221 0.494344 2.043761 0.757630 
2.931407 -0.448208 -0.159371 -0.094925 2.195895 0.343414 -0.797403 0.494574 2.042253 0.758438 
2.932929 -0.448407 -0.157457 -0.095670 2.195774 0.340319 -0.796264 0.494016 2.042655 0.757371 
2.935156 -0.449290 -0.159791 -0.095305 2.195711 0.340077 -0.795578 0.492980 2.041212 0.756866 
2.933908 -0.447780 -0.157586 -0.096247 2.196170 0.341023 -0.796485 0.494116 2.043717 0.756848 
2.933794 -0.446732 -0.155670 -0.093744 2.194568 0.340801 -0.795576 0.495013 2.041634 0.756594 
2.932823 -0.449669 -0.156464 -0.096768 2.195822 0.340377 -0.796287 0.493997 2.042686 0.757473 
2.932620 -0.450837 -0.155546 -0.097980 2.195913 0.340161 -0.796447 0.494086 2.042743 0.757557 
2.932895 -0.449618 -0.156595 -0.096991 2.195855 0.340097 -0.796844 0.494579 2.042355 0.757271 
2.932596 -0.450862 -0.155498 -0.097920 2.195903 0.340246 -0.796275 0.493905 2.042846 0.757620 
2.932400 -0.449624 -0.156521 -0.096902 2.195802 0.340494 -0.796215 0.493745 2.042542 0.756668 
2.932602 -0.450863 -0.155497 -0.097918 2.195904 0.340245 -0.796276 0.493909 2.042848 0.757632 
2.932960 -0.449578 -0.156354 -0.096847 2.195736 0.339556 -0.796008 0.493961 2.043015 0.757272 
2.932714 -0.450794 -0.155402 -0.097989 2.195834 0.339569 -0.796045 0.493879 2.043120 0.757466 
2.932892 -0.449029 -0.156375 -0.097421 2.195639 0.339525 -0.795795 0.493783 2.042642 0.757573 
2.932050 -0.449902 -0.156711 -0.095583 2.196253 0.339076 -0.796679 0.493877 2.043454 0.757353 
2.933235 -0.449445 -0.155961 -0.096707 2.195471 0.339485 -0.796560 0.493424 2.042896 0.757219 
2.933588 -0.449523 -0.155078 -0.095547 2.195137 0.339719 -0.796052 0.494265 2.042568 0.756657 
2.933243 -0.449427 -0.155097 -0.095616 2.194374 0.339834 -0.796186 0.494487 2.042955 0.756741 
2.934336 -0.450541 -0.156232 -0.095206 2.194403 0.339635 -0.795953 0.493989 2.042321 0.756378 
2.933992 -0.449381 -0.155247 -0.095684 2.195366 0.339818 -0.795951 0.494511 2.043252 0.756307 
2.933847 -0.449497 -0.154901 -0.094926 2.195277 0.340754 -0.797437 0.493727 2.042721 0.756572 
2.933506 -0.450300 -0.154641 -0.095852 2.195222 0.339724 -0.796146 0.494326 2.042763 0.756613 
2.933278 -0.450386 -0.154756 -0.095576 2.195365 0.339528 -0.796211 0.494365 2.042919 0.756613 
2.933511 -0.450939 -0.154090 -0.096340 2.195208 0.339759 -0.796107 0.494348 2.042790 0.756618 
2.933470 -0.450325 -0.154576 -0.095741 2.195206 0.339864 -0.795867 0.494035 2.042928 0.756714 
2.933514 -0.450937 -0.154095 -0.096348 2.195209 0.339748 -0.796128 0.494370 2.042778 0.756610 
2.933718 -0.450322 -0.154612 -0.095785 2.195232 0.339665 -0.796182 0.494452 2.042835 0.757016 
2.933507 -0.450937 -0.154096 -0.096350 2.195209 0.339750 -0.796127 0.494366 2.042776 0.756598 
2.933651 -0.450220 -0.154464 -0.095832 2.195098 0.339408 -0.796242 0.494124 2.042837 0.756524 
2.933643 -0.450863 -0.153930 -0.096331 2.195093 0.339456 -0.796216 0.494178 2.042845 0.756515 
2.933582 -0.450164 -0.154484 -0.095923 2.195109 0.339149 -0.795893 0.494232 2.042698 0.756564 
2.933651 -0.449834 -0.154289 -0.095382 2.195403 0.339490 -0.796328 0.493917 2.042197 0.756634 
2.933828 -0.450390 -0.154434 -0.095556 2.194917 0.339450 -0.796126 0.494272 2.042764 0.756362 
2.933865 -0.450496 -0.155182 -0.095878 2.194988 0.339271 -0.796301 0.493693 2.042545 0.756619 
2.933759 -0.450140 -0.154586 -0.096032 2.195260 0.339591 -0.796227 0.494275 2.042716 0.756264 
2.934119 -0.449868 -0.154664 -0.095540 2.195452 0.339216 -0.796051 0.494029 2.043364 0.756492 
2.933555 -0.449911 -0.154634 -0.095793 2.194800 0.339485 -0.796262 0.494207 2.042863 0.756533 
2.933651 -0.450123 -0.154420 -0.095719 2.195175 0.339428 -0.796263 0.494072 2.042677 0.756551 
2.933709 -0.450174 -0.154490 -0.095794 2.195142 0.339384 -0.796218 0.494112 2.042902 0.756520 
2.933652 -0.450383 -0.154333 -0.095958 2.195098 0.339419 -0.796238 0.494132 2.042844 0.756523 
2.933657 -0.450543 -0.154202 -0.096085 2.195097 0.339431 -0.796233 0.494139 2.042850 0.756525 
2.933593 -0.450362 -0.154281 -0.095927 2.195132 0.339420 -0.796243 0.494197 2.042881 0.756497 
2.933529 -0.450489 -0.154476 -0.095922 2.195126 0.339361 -0.796313 0.494131 2.042822 0.756489 
2.933696 -0.450368 -0.154325 -0.095972 2.195087 0.339354 -0.796308 0.494185 2.042826 0.756535 
2.933556 -0.450296 -0.154365 -0.096001 2.194912 0.339473 -0.796279 0.494156 2.042854 0.756535 
2.933643 -0.450361 -0.154299 -0.095959 2.195084 0.339375 -0.796249 0.494070 2.042833 0.756440 
2.933600 -0.450334 -0.154276 -0.095883 2.195139 0.339470 -0.796296 0.494091 2.042666 0.756593 
2.933609 -0.450343 -0.154342 -0.096023 2.195132 0.339366 -0.796197 0.494125 2.042833 0.756559 
2.933658 -0.450416 -0.154338 -0.095887 2.195016 0.339350 -0.796090 0.494222 2.042740 0.756489 
2.933669 -0.450360 -0.154368 -0.096005 2.195131 0.339468 -0.796239 0.494171 2.042802 0.756460 
2.933655 -0.450549 -0.154206 -0.096082 2.195094 0.339433 -0.796233 0.494141 2.042847 0.756523 
2.933670 -0.450319 -0.154382 -0.095907 2.195112 0.339408 -0.796232 0.494126 2.042862 0.756522 
2.933651 -0.450376 -0.154332 -0.095972 2.195115 0.339433 -0.796268 0.494114 2.042865 0.756530 
2.933652 -0.450444 -0.154280 -0.096024 2.195114 0.339439 -0.796268 0.494117 2.042868 0.756531 
2.933677 -0.450351 -0.154306 -0.095977 2.195111 0.339444 -0.796252 0.494114 2.042871 0.756537 
2.933663 -0.450317 -0.154387 -0.095920 2.195130 0.339420 -0.796266 0.494108 2.042882 0.756528 
2.933671 -0.450394 -0.154325 -0.095964 2.195153 0.339422 -0.796260 0.494109 2.042863 0.756528 
2.933668 -0.450464 -0.154277 -0.096015 2.195151 0.339428 -0.796261 0.494112 2.042865 0.756527 
2.933683 -0.450398 -0.154342 -0.095974 2.195147 0.339411 -0.796248 0.494117 2.042901 0.756514 
2.933678 -0.450332 -0.154375 -0.095907 2.195171 0.339413 -0.796262 0.494100 2.042865 0.756531 
