Start Optimization 
0.748994 0.551781 -0.987596 -0.607333 -0.446294 0.490356 -0.955665 0.558303 0.960129 -0.430955 
1.748994 0.551781 -0.987596 -0.607333 -0.446294 0.490356 -0.955665 0.558303 0.960129 -0.430955 
0.748994 1.551781 -0.987596 -0.607333 -0.446294 0.490356 -0.955665 0.558303 0.960129 -0.430955 
0.748994 0.551781 0.012404 -0.607333 -0.446294 0.490356 -0.955665 0.558303 0.960129 -0.430955 
0.748994 0.551781 -0.987596 0.392667 -0.446294 0.490356 -0.955665 0.558303 0.960129 -0.430955 
0.748994 0.551781 -0.987596 -0.607333 0.553706 0.490356 -0.955665 0.558303 0.960129 -0.430955 
0.748994 0.551781 -0.987596 -0.607333 0.553706 1.490356 -0.955665 0.558303 0.960129 -0.430955 
0.748994 0.551781 -0.987596 -0.607333 0.553706 0.490356 0.044335 0.558303 0.960129 -0.430955 
0.748994 0.551781 -0.987596 -0.607333 0.553706 0.490356 0.044335 1.558303 0.960129 -0.430955 
0.748994 0.551781 -0.987596 -0.607333 0.553706 0.490356 0.044335 1.558303 1.960129 -0.430955 
0.748994 0.551781 -0.987596 -0.607333 0.553706 0.490356 0.044335 1.558303 1.960129 0.569045 
0.746871 -0.430971 -1.154965 -0.678028 0.585651 0.485478 0.044956 1.569467 1.963577 0.571037 
0.248995 0.552861 -0.987596 -0.607333 0.553706 0.490356 0.044335 1.558303 1.960129 0.569045 
0.247227 1.287288 -1.601867 -0.866796 0.670947 0.472451 0.046615 1.599276 1.972783 0.576358 
0.248995 0.552861 -0.793044 -1.067930 0.553706 0.490356 0.044335 1.558303 1.960129 0.569045 
0.248301 0.510633 -0.450910 0.235086 0.574765 0.487140 0.044745 1.565662 1.962402 0.570358 
0.248341 0.529061 -0.461824 0.230476 1.074285 0.487140 0.044745 1.565662 1.962402 0.570358 
0.247956 0.760309 -1.227995 0.811031 0.530786 0.482417 0.045346 1.576469 1.965740 0.572287 
0.248306 0.513031 -0.449219 0.232222 0.574687 -0.012843 0.044745 1.565662 1.962402 0.570358 
0.247448 0.579120 0.426422 -0.245818 0.560820 -0.012621 0.045425 1.577894 1.966180 0.572541 
0.248302 0.511154 -0.449539 0.232087 0.574748 -0.012852 0.544741 1.565662 1.962402 0.570358 
0.245957 -0.485161 -0.528221 0.246163 0.604876 -0.019098 0.541617 1.568018 1.963130 0.570779 
0.245961 -0.483428 -0.535234 0.246355 0.604661 -0.019114 0.541619 2.067966 1.963130 0.570779 
0.243794 -0.905243 -1.256884 0.785763 0.576640 -0.033932 0.544061 1.549189 1.967867 0.573516 
0.245958 -0.484942 -0.526773 0.243902 0.604879 -0.019079 0.541618 1.568039 2.463123 0.570779 
0.242826 -1.174571 0.120277 -0.076329 0.598620 -0.027868 0.545030 1.566753 1.959820 0.574359 
0.245771 -0.394893 -0.467994 0.241424 0.592866 -0.020638 1.029519 1.565557 1.962830 0.571610 
0.245774 -0.393457 -0.468038 0.241123 0.592809 -0.023947 1.028818 1.565552 1.962828 0.821582 
0.245611 -0.300018 -0.408211 0.233935 0.581083 -0.511052 1.015414 1.563191 1.962539 0.814945 
-0.004360 -0.298574 -0.407305 0.235136 0.577989 -0.510509 1.014877 1.563199 1.962542 0.814946 
0.253095 -0.219635 -0.250882 0.414652 0.153168 -0.470590 0.979047 1.563441 1.962836 0.815257 
0.245687 -0.322735 -0.523607 0.053391 0.455739 -0.524262 1.028974 1.561666 1.962068 0.814673 
0.244211 -0.017380 -0.469135 -0.245069 0.706775 -0.485230 1.025045 1.549451 1.960166 0.814769 
0.246276 -0.190093 -0.709326 0.155380 0.455619 -0.523090 1.028337 1.558562 1.963010 0.814014 
0.240905 -0.724215 -0.551256 -0.055348 0.656179 -0.641742 1.177409 1.548182 1.961525 0.817720 
0.249390 -0.239828 -0.377906 0.057107 0.274044 -0.493412 1.008975 1.559507 1.961545 0.815055 
0.251444 -0.354205 -0.209611 0.002546 0.154581 -0.518587 1.064670 1.549445 1.960590 0.817195 
0.251713 -0.247904 -0.072055 -0.166668 0.209413 -0.494351 1.060244 1.544048 1.959229 0.817676 
0.251453 -0.359451 -0.211227 0.002871 0.155274 -0.518502 1.038616 1.430108 1.934621 0.817151 
0.252170 -0.420432 -0.200104 0.010596 0.115802 -0.528879 0.885796 1.501332 1.765788 0.817258 
0.252173 -0.420386 -0.200564 0.010464 0.115863 -0.530520 0.881809 1.501348 1.769516 0.942127 
0.252869 -0.482043 -0.189039 0.016648 0.078008 -0.538715 0.724587 1.499462 1.941624 0.806799 
0.252175 -0.451657 -0.203697 0.006200 0.118719 -0.408072 0.889161 1.502106 1.765803 0.818945 
0.255823 -0.447946 -0.225145 0.132691 -0.088284 -0.530019 0.949916 1.485204 1.752917 0.819718 
0.377129 -0.421667 -0.201786 0.009188 0.117706 -0.529362 0.886223 1.501332 1.765788 0.817255 
0.372253 -0.566452 -0.332851 -0.132506 0.119623 -0.577356 0.930148 1.498754 1.761903 0.817534 
0.317984 -0.432756 -0.179853 0.025625 0.163402 -0.591963 0.888347 1.510547 1.723483 0.759232 
0.436108 -0.512991 -0.098898 0.157164 0.223779 -0.488721 0.904977 1.490706 1.803281 0.875775 
0.371035 -0.339350 -0.127511 -0.036465 0.103139 -0.514940 0.861214 1.502592 1.755951 0.809080 
0.377100 -0.422409 -0.205350 0.010244 0.120009 -0.528907 0.872312 1.441957 1.752847 0.817197 
0.372976 -0.352062 -0.277743 0.054212 0.152727 -0.516231 0.850123 1.516506 1.763384 0.811947 
0.385408 -0.408688 -0.205593 0.010048 0.123012 -0.518884 0.928923 1.500316 1.726168 0.828302 
0.359209 -0.419664 -0.198153 0.070312 0.014923 -0.545252 0.902857 1.495808 1.759401 0.797615 
0.387269 -0.439810 -0.200398 0.009678 0.108632 -0.522656 0.849795 1.518478 1.725530 0.827410 
0.383873 -0.495631 -0.246417 -0.087831 0.101337 -0.544334 0.868257 1.516200 1.725578 0.825866 
0.403518 -0.456996 -0.188132 0.013840 0.122737 -0.524683 0.858538 1.534641 1.776879 0.828702 
0.403756 -0.494998 -0.146276 0.048353 0.157214 -0.498465 0.854440 1.486245 1.676588 0.865899 
0.382348 -0.454586 -0.195381 0.037506 0.058484 -0.532075 0.863621 1.515797 1.729131 0.820390 
0.374945 -0.445553 -0.199770 0.008062 0.108376 -0.497993 0.851111 1.519791 1.728223 0.814384 
0.375900 -0.415530 -0.154327 -0.019845 0.100378 -0.494001 0.842999 1.521260 1.731115 0.812426 
0.378709 -0.365128 -0.157457 -0.019319 0.119027 -0.479688 0.818191 1.531611 1.739524 0.811028 
0.354022 -0.414939 -0.154166 -0.020137 0.099517 -0.494349 0.842648 1.523445 1.737279 0.833726 
0.375383 -0.435946 -0.157893 -0.077749 0.098620 -0.501538 0.849521 1.518270 1.727636 0.812679 
0.382521 -0.465052 -0.124485 -0.094416 0.120397 -0.493546 0.853804 1.502634 1.704559 0.829436 
0.367452 -0.466070 -0.119233 -0.092866 0.135122 -0.509001 0.853766 1.508410 1.701513 0.814599 
0.374245 -0.482588 -0.107444 -0.123871 0.077802 -0.509499 0.867309 1.500418 1.705458 0.818696 
0.372993 -0.491182 -0.107018 -0.123504 0.074744 -0.512109 0.839301 1.492403 1.710936 0.816259 
0.377287 -0.474731 -0.118331 -0.178099 0.093188 -0.506178 0.829249 1.497119 1.712942 0.818688 
0.378006 -0.496318 -0.104413 -0.122724 0.070690 -0.509619 0.831082 1.519321 1.701029 0.818440 
0.407665 -0.470181 -0.078835 -0.115674 0.071101 -0.507080 0.835533 1.484970 1.703787 0.780928 
0.363092 -0.485595 -0.115297 -0.123418 0.068371 -0.505460 0.835745 1.484768 1.686371 0.811839 
0.362162 -0.520385 -0.114658 -0.121192 0.078812 -0.470595 0.848376 1.496311 1.724449 0.787067 
0.389138 -0.504259 -0.124306 -0.124282 0.077828 -0.523669 0.843225 1.489597 1.704814 0.809815 
0.352261 -0.500868 -0.082726 -0.084645 0.060522 -0.518479 0.844379 1.486881 1.708798 0.847545 
0.366958 -0.477100 -0.121044 -0.114449 0.060852 -0.516792 0.837802 1.500062 1.722970 0.809743 
0.368590 -0.495533 -0.102102 -0.130287 0.066945 -0.518408 0.842519 1.492805 1.710660 0.811305 
0.359395 -0.489244 -0.104192 -0.116761 0.094913 -0.524206 0.837156 1.498213 1.708110 0.804640 
0.351730 -0.492817 -0.111557 -0.122753 0.097170 -0.524911 0.837263 1.500272 1.709917 0.812969 
0.362604 -0.466075 -0.090168 -0.122135 0.103734 -0.517680 0.828270 1.498691 1.709537 0.806152 
0.358579 -0.491773 -0.107046 -0.121824 0.097404 -0.514368 0.837669 1.500031 1.711824 0.795533 
0.350127 -0.500698 -0.096146 -0.093297 0.092490 -0.514038 0.841353 1.496532 1.710262 0.807777 
0.368600 -0.494006 -0.111236 -0.111617 0.098128 -0.529283 0.838432 1.496448 1.705203 0.801271 
0.360417 -0.493155 -0.100230 -0.119693 0.097492 -0.523745 0.837868 1.496380 1.705192 0.805713 
0.355162 -0.491538 -0.100159 -0.119300 0.085737 -0.531777 0.840214 1.499289 1.709197 0.797930 
0.361308 -0.491102 -0.101861 -0.115866 0.096390 -0.525216 0.838186 1.500044 1.714290 0.806015 
0.355322 -0.495469 -0.098676 -0.104233 0.094217 -0.519428 0.839771 1.498908 1.713834 0.807259 
0.360058 -0.489707 -0.102463 -0.116115 0.097442 -0.525796 0.840195 1.493323 1.716781 0.805514 
0.361945 -0.477149 -0.094954 -0.116000 0.099457 -0.526096 0.836115 1.494435 1.718891 0.805608 
0.359674 -0.491919 -0.102316 -0.116093 0.096541 -0.526554 0.833250 1.491336 1.718168 0.804818 
0.355793 -0.494686 -0.098700 -0.119053 0.087621 -0.534331 0.836845 1.492521 1.719600 0.798250 
0.362310 -0.490433 -0.103448 -0.116668 0.090521 -0.523995 0.833248 1.489821 1.717834 0.807070 
0.366463 -0.501179 -0.098513 -0.120686 0.099364 -0.524284 0.836051 1.491097 1.724838 0.808167 
0.363892 -0.492783 -0.106376 -0.112805 0.097152 -0.529452 0.833460 1.490594 1.716870 0.802779 
0.363555 -0.492928 -0.105998 -0.112353 0.097068 -0.531788 0.833470 1.490374 1.716414 0.805789 
0.360687 -0.493464 -0.112733 -0.114013 0.097533 -0.531903 0.833116 1.491606 1.717525 0.806928 
0.362105 -0.494964 -0.105996 -0.109848 0.096421 -0.530532 0.834182 1.490030 1.716192 0.806047 
0.363098 -0.492307 -0.102732 -0.103508 0.096987 -0.530268 0.833139 1.489536 1.716530 0.805496 
0.363479 -0.496018 -0.105746 -0.109720 0.096567 -0.530487 0.834766 1.490885 1.719459 0.806694 
0.366139 -0.501358 -0.104367 -0.112284 0.098038 -0.529499 0.835945 1.488626 1.716823 0.807317 
0.361666 -0.497171 -0.105533 -0.109625 0.094402 -0.531791 0.835656 1.490739 1.718447 0.805155 
0.366642 -0.495330 -0.103796 -0.111818 0.095441 -0.534161 0.835451 1.492459 1.724200 0.805226 
0.362389 -0.496408 -0.108995 -0.110472 0.096817 -0.530636 0.834688 1.491692 1.720740 0.807336 
0.363149 -0.495645 -0.105861 -0.109749 0.096828 -0.530615 0.835260 1.489201 1.720070 0.806569 
0.363895 -0.494702 -0.103238 -0.107328 0.096794 -0.530461 0.834987 1.488678 1.719427 0.806036 
0.362566 -0.496194 -0.105494 -0.109747 0.098364 -0.531184 0.835302 1.489493 1.720050 0.806051 
0.364814 -0.497972 -0.105174 -0.111570 0.096971 -0.530118 0.835895 1.488070 1.718993 0.806987 
0.363276 -0.496077 -0.105626 -0.109974 0.096506 -0.531091 0.833683 1.488870 1.720774 0.806276 
0.364544 -0.494818 -0.104915 -0.110976 0.096387 -0.532236 0.836777 1.490290 1.721944 0.805924 
0.362378 -0.495558 -0.104802 -0.110418 0.096736 -0.529763 0.835070 1.489820 1.720362 0.807204 
0.360262 -0.494758 -0.104921 -0.111707 0.096336 -0.530309 0.835959 1.487219 1.720772 0.806666 
0.362617 -0.495071 -0.106309 -0.109767 0.096468 -0.529364 0.835669 1.489580 1.720246 0.807610 
0.361492 -0.496144 -0.108231 -0.111504 0.097022 -0.529545 0.835036 1.491332 1.721636 0.808233 
0.363493 -0.496149 -0.106353 -0.110584 0.096478 -0.529016 0.836163 1.488924 1.719681 0.807929 
0.362538 -0.495103 -0.106206 -0.109642 0.096446 -0.529947 0.835672 1.489522 1.720128 0.808361 
0.362607 -0.494450 -0.105289 -0.108081 0.096528 -0.529707 0.835674 1.489334 1.720201 0.808315 
0.362847 -0.494579 -0.106215 -0.109937 0.097007 -0.529826 0.835386 1.489336 1.720204 0.808574 
0.362803 -0.493962 -0.106518 -0.110563 0.096580 -0.530275 0.835108 1.489829 1.718754 0.808197 
0.363466 -0.494424 -0.106117 -0.109996 0.096876 -0.530101 0.835740 1.489813 1.720492 0.808507 
0.362255 -0.494000 -0.106231 -0.110753 0.096662 -0.530415 0.836212 1.488392 1.720750 0.808221 
0.362291 -0.495113 -0.107180 -0.110805 0.097273 -0.529944 0.835041 1.490200 1.720903 0.808880 
0.363282 -0.495118 -0.106241 -0.110350 0.097013 -0.529655 0.835632 1.489010 1.719922 0.808737 
0.362794 -0.494655 -0.106271 -0.109843 0.097363 -0.529980 0.835575 1.489366 1.720098 0.808433 
0.362819 -0.494318 -0.105817 -0.109065 0.097411 -0.529854 0.835565 1.489283 1.720145 0.808427 
0.362638 -0.494524 -0.106152 -0.109962 0.097372 -0.529786 0.835791 1.489561 1.719928 0.808564 
0.362704 -0.494290 -0.106389 -0.110236 0.097146 -0.530134 0.835522 1.489706 1.719277 0.808294 
0.362687 -0.494392 -0.106528 -0.109815 0.097299 -0.529698 0.835956 1.489483 1.719910 0.808659 
0.362334 -0.494264 -0.106108 -0.110405 0.097213 -0.530094 0.836180 1.489103 1.720207 0.808375 
0.362371 -0.494807 -0.106634 -0.110409 0.097506 -0.529839 0.835625 1.489985 1.720271 0.808718 
0.362856 -0.494794 -0.106165 -0.110170 0.097376 -0.529700 0.835914 1.489399 1.719787 0.808645 
0.362618 -0.494532 -0.106126 -0.109930 0.097367 -0.529931 0.835791 1.489546 1.719899 0.808752 
0.362625 -0.494372 -0.105880 -0.109548 0.097398 -0.529871 0.835779 1.489513 1.719927 0.808750 
0.362614 -0.494217 -0.105643 -0.109162 0.097441 -0.529809 0.835754 1.489506 1.719982 0.808759 
0.362701 -0.494243 -0.105885 -0.109624 0.097539 -0.529841 0.835706 1.489469 1.719948 0.808804 
0.362612 -0.494221 -0.105643 -0.109160 0.097437 -0.529810 0.835756 1.489507 1.719981 0.808757 
0.362470 -0.494411 -0.105905 -0.109534 0.097431 -0.529802 0.835690 1.489395 1.719856 0.808767 
0.362451 -0.494262 -0.105670 -0.109145 0.097471 -0.529739 0.835664 1.489384 1.719907 0.808775 
0.362418 -0.494500 -0.105916 -0.109532 0.097493 -0.529757 0.835726 1.489419 1.720032 0.808868 
0.362395 -0.494440 -0.106011 -0.109633 0.097401 -0.530122 0.835606 1.489488 1.719748 0.809051 
0.362405 -0.494342 -0.105862 -0.109609 0.097392 -0.529886 0.835798 1.489258 1.719919 0.808749 
0.362456 -0.494258 -0.105669 -0.109146 0.097468 -0.529736 0.835662 1.489382 1.719896 0.808764 
0.362463 -0.494335 -0.105787 -0.109340 0.097449 -0.529769 0.835676 1.489388 1.719876 0.808765 
0.362449 -0.494256 -0.105672 -0.109144 0.097466 -0.529763 0.835654 1.489391 1.719888 0.808790 
0.362401 -0.494284 -0.105819 -0.109338 0.097444 -0.529815 0.835637 1.489444 1.719901 0.808754 
0.362467 -0.494271 -0.105663 -0.109144 0.097467 -0.529750 0.835665 1.489374 1.719880 0.808793 
0.362450 -0.494355 -0.105802 -0.109319 0.097538 -0.529808 0.835723 1.489396 1.719849 0.808731 
0.362454 -0.494291 -0.105678 -0.109123 0.097557 -0.529789 0.835713 1.489382 1.719853 0.808758 
0.362438 -0.494390 -0.105712 -0.109361 0.097556 -0.529832 0.835682 1.489416 1.719852 0.808708 
0.362455 -0.494288 -0.105686 -0.109119 0.097556 -0.529787 0.835717 1.489380 1.719852 0.808760 
0.362411 -0.494322 -0.105773 -0.109349 0.097540 -0.529760 0.835777 1.489445 1.719806 0.808764 
0.362457 -0.494290 -0.105688 -0.109118 0.097556 -0.529790 0.835714 1.489378 1.719855 0.808758 
0.362455 -0.494366 -0.105793 -0.109304 0.097533 -0.529876 0.835717 1.489392 1.719813 0.808823 
0.362461 -0.494297 -0.105680 -0.109104 0.097552 -0.529839 0.835709 1.489374 1.719828 0.808827 
0.362450 -0.494389 -0.105833 -0.109329 0.097532 -0.529860 0.835672 1.489395 1.719744 0.808810 
0.362439 -0.494392 -0.105793 -0.109289 0.097504 -0.529882 0.835732 1.489401 1.719809 0.808812 
0.362462 -0.494308 -0.105794 -0.109352 0.097572 -0.529881 0.835704 1.489341 1.719814 0.808833 
0.362425 -0.494384 -0.105798 -0.109301 0.097547 -0.529859 0.835709 1.489378 1.719828 0.808840 
0.362527 -0.494354 -0.105804 -0.109314 0.097559 -0.529870 0.835705 1.489450 1.719824 0.808835 
0.362481 -0.494386 -0.105780 -0.109304 0.097536 -0.529857 0.835733 1.489369 1.719803 0.808828 
0.362463 -0.494325 -0.105758 -0.109237 0.097545 -0.529858 0.835686 1.489388 1.719781 0.808812 
0.362481 -0.494355 -0.105797 -0.109341 0.097486 -0.529923 0.835758 1.489396 1.719795 0.808788 
