Start Optimization 
1.381423 0.806662 -0.637157 0.206701 0.661554 0.890536 -0.507531 -0.290594 -0.375678 0.645624 
2.381423 0.806662 -0.637157 0.206701 0.661554 0.890536 -0.507531 -0.290594 -0.375678 0.645624 
1.381423 1.806662 -0.637157 0.206701 0.661554 0.890536 -0.507531 -0.290594 -0.375678 0.645624 
1.381423 0.806662 0.362843 0.206701 0.661554 0.890536 -0.507531 -0.290594 -0.375678 0.645624 
1.381423 0.806662 -0.637157 1.206701 0.661554 0.890536 -0.507531 -0.290594 -0.375678 0.645624 
1.381423 0.806662 -0.637157 0.206701 1.661554 0.890536 -0.507531 -0.290594 -0.375678 0.645624 
1.381423 0.806662 -0.637157 0.206701 0.661554 1.890536 -0.507531 -0.290594 -0.375678 0.645624 
1.381423 0.806662 -0.637157 0.206701 0.661554 0.890536 0.492469 -0.290594 -0.375678 0.645624 
1.381423 0.806662 -0.637157 0.206701 0.661554 0.890536 0.492469 0.709406 -0.375678 0.645624 
1.381423 0.806662 -0.637157 0.206701 0.661554 0.890536 0.492469 0.709406 0.624322 0.645624 
1.381423 0.806662 -0.637157 0.206701 0.661554 0.890536 0.492469 0.709406 0.624322 1.645624 
1.376662 0.154281 -1.223678 -0.273243 0.660511 0.890438 0.492990 0.711720 0.627523 0.643367 
1.371758 0.779261 -1.827806 -0.767595 0.659437 0.890336 0.493526 0.714103 0.630820 0.641043 
1.376662 0.154281 -0.907034 -0.660201 0.660511 0.890438 0.492990 0.711720 0.627523 0.643367 
1.367329 -0.783872 -0.962670 -0.046149 0.658467 0.890244 0.494011 0.716256 0.633799 0.638943 
0.876672 0.154281 -1.221247 -0.271254 0.660511 0.890438 0.492990 0.711720 0.627523 0.643367 
0.877496 -0.783933 -0.960271 -0.044185 0.658467 0.890244 0.494011 0.716256 0.633799 0.638943 
0.876671 0.155301 -1.221394 -0.271374 0.160512 0.890438 0.492990 0.711720 0.627523 0.643367 
0.867177 -0.056534 -1.991870 -0.868026 0.730975 0.889954 0.495545 0.723072 0.643228 0.632295 
0.876673 0.154466 -1.221081 -0.271118 0.660511 0.390438 0.492990 0.711720 0.627756 0.643134 
0.878949 0.352364 -0.874551 0.018050 0.672433 0.390943 0.493413 0.713601 1.243357 0.028301 
0.878956 0.353327 -0.873685 0.018758 0.672435 0.390943 0.993387 0.717510 1.240660 0.027089 
0.880084 0.450013 -0.701321 0.162643 0.678470 0.390827 0.483159 1.499453 0.767088 -0.279938 
0.697741 0.474766 -0.815262 0.066565 0.854341 0.572661 0.493242 0.478111 1.007490 -0.109943 
1.327021 0.229149 -0.686089 0.178062 0.237085 -0.056463 0.493534 0.320597 0.911493 -0.233696 
1.437219 0.147187 -0.936912 -0.006538 0.165878 -0.171849 0.494190 0.332037 1.140406 -0.485156 
1.615539 0.245438 -0.839323 0.104911 0.051350 -0.354095 0.494644 0.347107 1.487321 -0.344810 
1.428913 0.099919 -1.078198 0.193700 0.174190 -0.163443 0.494241 0.332266 1.140719 -0.485375 
1.414569 -0.253566 -0.680915 -0.116944 0.204255 -0.149699 0.494754 0.337831 1.230460 -0.517606 
1.235004 -0.280538 -0.622165 -0.188699 -0.212488 0.029165 0.494857 0.340148 1.280007 -0.534952 
1.237810 -0.254334 -0.681456 -0.117410 0.204205 -0.326455 0.494752 0.337823 1.227951 -0.515100 
1.518091 -0.436093 -0.633605 -0.493570 0.189659 -0.236960 0.494923 0.344986 1.131034 -0.307567 
1.452712 -0.256981 -0.653971 -0.094250 0.167595 -0.187717 0.492484 0.565529 1.171614 -0.558703 
1.403906 -0.165831 -0.358291 -0.106673 0.274823 -0.140170 0.491130 0.555144 1.255567 -0.920384 
1.346395 -0.467199 -0.390789 0.228312 0.304058 -0.076874 0.490598 0.576630 1.326556 -1.099931 
1.403769 -0.166253 -0.358783 -0.107183 0.274972 -0.140025 0.241141 0.553150 1.256294 -0.919630 
1.478177 -0.397074 -0.104934 -0.438288 0.333252 -0.195273 0.239854 0.608733 1.210278 -0.993509 
1.483202 -0.164038 -0.403515 -0.098704 0.186792 -0.218974 0.241060 0.461057 1.118827 -1.032437 
1.275616 -0.094071 -0.677038 -0.294713 0.381805 -0.009185 0.240474 0.654964 1.259185 -1.149860 
1.503723 -0.098656 -0.350503 -0.083666 0.206018 -0.239554 0.240935 0.566205 1.434396 -0.947320 
1.448212 -0.157673 -0.373454 -0.088156 0.379025 -0.184271 0.241111 0.552506 1.242713 -0.914214 
1.373408 -0.030511 -0.221733 0.002975 0.269893 -0.101601 0.239836 0.558410 1.160025 -0.881743 
1.490412 -0.173724 -0.361129 -0.098807 0.275199 -0.050762 0.241145 0.552993 1.258967 -0.922984 
1.456859 -0.353167 -0.373229 0.050850 0.283366 -0.047967 0.240985 0.553718 1.301843 -0.991671 
1.433725 -0.340675 -0.349926 0.039081 0.312844 -0.025041 0.241850 0.449354 1.338573 -1.016489 
1.456399 -0.430203 -0.458659 0.015900 0.279444 -0.043191 0.243376 0.347971 1.347261 -0.843836 
1.402094 -0.284856 -0.442810 0.080884 0.315026 0.003099 0.241852 0.451408 1.347921 -1.032159 
1.422129 -0.433221 -0.373212 -0.133700 0.367711 -0.002227 0.241451 0.495464 1.363476 -1.147364 
1.420439 -0.335761 -0.242244 0.071403 0.325973 -0.000668 0.241093 0.447712 1.295334 -1.028528 
1.417029 -0.339200 -0.338591 0.037683 0.332636 -0.008453 0.241870 0.472572 1.377979 -0.989358 
1.470449 -0.316960 -0.297644 0.053904 0.298339 -0.056917 0.241584 0.473295 1.454437 -1.020430 
1.470449 -0.317158 -0.297910 0.053726 0.298332 -0.056913 0.179090 0.472675 1.454619 -1.020004 
1.495663 -0.377870 -0.275196 0.042076 0.281389 -0.070102 0.179971 0.417255 1.466012 -0.936406 
1.502765 -0.448677 -0.249364 -0.044926 0.303149 -0.063260 0.179694 0.419425 1.488407 -0.972428 
1.504313 -0.522729 -0.233341 -0.093929 0.316647 -0.028725 0.179365 0.368176 1.547394 -0.972203 
1.485048 -0.462598 -0.247355 -0.045063 0.250562 -0.047077 0.179546 0.438506 1.489876 -0.973413 
1.541801 -0.516112 -0.253093 -0.013672 0.328990 -0.102650 0.178895 0.495500 1.468246 -0.960214 
1.457942 -0.460835 -0.247249 -0.035891 0.306556 -0.101594 0.179758 0.409834 1.494610 -0.979616 
1.498466 -0.392881 -0.221896 -0.133040 0.290218 -0.101084 0.179522 0.433327 1.467603 -0.930586 
1.510878 -0.395712 -0.276064 -0.147501 0.276719 -0.118596 0.179866 0.425393 1.472891 -0.935166 
1.525619 -0.398622 -0.178169 -0.135719 0.262335 -0.116323 0.179216 0.378507 1.386733 -0.979374 
1.551079 -0.385304 -0.158820 -0.127268 0.246017 -0.139794 0.170954 0.380921 1.424147 -0.997916 
1.503628 -0.376058 -0.174621 -0.149638 0.281227 -0.094244 0.069028 0.395298 1.374243 -1.011030 
1.531336 -0.377665 -0.186222 -0.142219 0.285512 -0.097779 0.204207 0.391366 1.387279 -1.020068 
1.446261 -0.374738 -0.103594 -0.156774 0.228170 -0.127818 0.207206 0.401235 1.378501 -0.970161 
1.548976 -0.420462 -0.162318 -0.131025 0.280765 -0.132186 0.178087 0.418027 1.366732 -0.971894 
1.548774 -0.439909 -0.156216 -0.150483 0.284436 -0.128183 0.178004 0.413237 1.376630 -0.977554 
1.573981 -0.409051 -0.135722 -0.119473 0.305246 -0.109732 0.176443 0.398019 1.365736 -0.943567 
1.560752 -0.416365 -0.164215 -0.141612 0.262031 -0.117109 0.178030 0.427688 1.363768 -0.966885 
1.568832 -0.415740 -0.189239 -0.140544 0.291082 -0.173972 0.174793 0.407028 1.345604 -0.956284 
1.560890 -0.434774 -0.177437 -0.115759 0.280130 -0.123882 0.172787 0.413158 1.368954 -0.978378 
1.522655 -0.436817 -0.134079 -0.093745 0.266487 -0.137925 0.187476 0.430652 1.350323 -0.969629 
1.504147 -0.438214 -0.148187 -0.080540 0.280183 -0.136173 0.189280 0.462260 1.383553 -0.939777 
1.498049 -0.438623 -0.145311 -0.081859 0.278315 -0.136205 0.159173 0.462624 1.380857 -0.936338 
1.486407 -0.420124 -0.138649 -0.068446 0.306750 -0.123065 0.155139 0.490643 1.367487 -0.971593 
1.509172 -0.432413 -0.133247 -0.075691 0.270568 -0.145099 0.155382 0.465463 1.400093 -0.946293 
1.497295 -0.448070 -0.157479 -0.073312 0.275991 -0.180121 0.161342 0.457278 1.354753 -0.905571 
1.481934 -0.418912 -0.152544 -0.081772 0.276787 -0.141335 0.160610 0.448208 1.386426 -0.938884 
1.490639 -0.475942 -0.138817 -0.064575 0.254435 -0.102869 0.162284 0.450692 1.377765 -0.919766 
1.488389 -0.455100 -0.136695 -0.099740 0.288480 -0.143143 0.160971 0.459518 1.387578 -0.939213 
1.484795 -0.457927 -0.143534 -0.103064 0.279299 -0.145456 0.161228 0.465806 1.387175 -0.945212 
1.492275 -0.447090 -0.125858 -0.119486 0.283700 -0.137020 0.163893 0.467781 1.383098 -0.923958 
1.484555 -0.455408 -0.141157 -0.096892 0.292208 -0.142405 0.161112 0.467080 1.396314 -0.931906 
1.506866 -0.462175 -0.150757 -0.111967 0.297801 -0.137998 0.154931 0.450205 1.388705 -0.939054 
1.489408 -0.449060 -0.137409 -0.101487 0.297383 -0.147504 0.159959 0.466878 1.383397 -0.944879 
1.479359 -0.467853 -0.119267 -0.091732 0.294358 -0.132911 0.163610 0.462743 1.373356 -0.941591 
1.484395 -0.473516 -0.118902 -0.088842 0.293087 -0.143391 0.163830 0.465036 1.368746 -0.935250 
1.459447 -0.457957 -0.114895 -0.093734 0.297503 -0.142379 0.167450 0.446224 1.366100 -0.937204 
1.483657 -0.466974 -0.110120 -0.089817 0.291109 -0.137037 0.162522 0.457256 1.381474 -0.945165 
1.470880 -0.463414 -0.103056 -0.093253 0.300197 -0.129875 0.163136 0.485180 1.370515 -0.949641 
1.484234 -0.473271 -0.118787 -0.097398 0.302437 -0.127373 0.161005 0.456164 1.370421 -0.943606 
1.483634 -0.472205 -0.118585 -0.096358 0.301206 -0.126843 0.153646 0.455985 1.369291 -0.942536 
1.489848 -0.465375 -0.118537 -0.088687 0.299636 -0.120079 0.156119 0.453039 1.363212 -0.942270 
1.482353 -0.473398 -0.120433 -0.091081 0.305263 -0.128085 0.152943 0.455769 1.370562 -0.945095 
1.481244 -0.477578 -0.121957 -0.100642 0.291502 -0.126500 0.152536 0.454282 1.365917 -0.950904 
1.481052 -0.476549 -0.116150 -0.093871 0.299767 -0.123440 0.154475 0.455313 1.369875 -0.939663 
1.484392 -0.469379 -0.121932 -0.103222 0.302526 -0.124199 0.151624 0.456715 1.378106 -0.933251 
1.487135 -0.473885 -0.117706 -0.096046 0.301080 -0.124575 0.152751 0.461808 1.370673 -0.944356 
1.481377 -0.470312 -0.107226 -0.100756 0.305899 -0.125137 0.152324 0.466417 1.366064 -0.944311 
1.489860 -0.475326 -0.117357 -0.096393 0.300695 -0.129780 0.151462 0.461461 1.367336 -0.941019 
1.490043 -0.483176 -0.114641 -0.093425 0.303620 -0.121274 0.159159 0.469225 1.373357 -0.940825 
1.490347 -0.469699 -0.116647 -0.093822 0.300124 -0.121181 0.154022 0.460741 1.367486 -0.943020 
1.491922 -0.470897 -0.115640 -0.094978 0.301723 -0.120271 0.153298 0.458646 1.367583 -0.943847 
1.493462 -0.469397 -0.111026 -0.093346 0.298933 -0.122550 0.153421 0.457342 1.371695 -0.944775 
1.491668 -0.472246 -0.115140 -0.094222 0.300294 -0.120451 0.153820 0.458612 1.365641 -0.946384 
1.492279 -0.471092 -0.116047 -0.099594 0.296491 -0.117483 0.152442 0.457434 1.363903 -0.946110 
1.493329 -0.473613 -0.117450 -0.093144 0.299006 -0.120020 0.154284 0.457931 1.366880 -0.946107 
1.491783 -0.473880 -0.110670 -0.094599 0.303248 -0.118089 0.156187 0.462217 1.363829 -0.944958 
1.490725 -0.470521 -0.114832 -0.093273 0.302389 -0.120629 0.152212 0.457982 1.364239 -0.947397 
1.491767 -0.472479 -0.114307 -0.093618 0.299621 -0.120140 0.152478 0.458923 1.366104 -0.946204 
1.492180 -0.470959 -0.111876 -0.093834 0.298981 -0.121528 0.153654 0.458025 1.367405 -0.946982 
1.492424 -0.472208 -0.114653 -0.094098 0.299923 -0.120233 0.152187 0.460094 1.366631 -0.947267 
1.489567 -0.473195 -0.114573 -0.094732 0.300351 -0.119330 0.152277 0.459858 1.368488 -0.948363 
1.492339 -0.473172 -0.114595 -0.093813 0.300530 -0.121744 0.151987 0.460260 1.366822 -0.947074 
1.491884 -0.472272 -0.114198 -0.097225 0.298933 -0.120787 0.150843 0.460188 1.365341 -0.946800 
1.492615 -0.473021 -0.112545 -0.094006 0.301316 -0.118785 0.153398 0.461950 1.365833 -0.946545 
1.491711 -0.472318 -0.112790 -0.093485 0.300668 -0.119188 0.153736 0.463089 1.365663 -0.946162 
1.492887 -0.473469 -0.112693 -0.094182 0.300786 -0.118730 0.153784 0.462070 1.366188 -0.946315 
1.493204 -0.473126 -0.112523 -0.092820 0.301943 -0.117537 0.153346 0.462070 1.365665 -0.946769 
1.492579 -0.473252 -0.112276 -0.093839 0.300933 -0.118915 0.153601 0.461885 1.365443 -0.947207 
1.492945 -0.472086 -0.111298 -0.094028 0.301385 -0.119134 0.153958 0.461608 1.366679 -0.946599 
1.493287 -0.472788 -0.112540 -0.094000 0.301165 -0.119039 0.153306 0.462014 1.365320 -0.946254 
1.492879 -0.473268 -0.112503 -0.095218 0.301102 -0.118549 0.152498 0.462379 1.364390 -0.946058 
1.493269 -0.472424 -0.112902 -0.094330 0.301275 -0.118749 0.153920 0.461839 1.365074 -0.946382 
1.493260 -0.473229 -0.113441 -0.094159 0.302366 -0.119849 0.154497 0.461959 1.364766 -0.946299 
1.493591 -0.472269 -0.113127 -0.094572 0.301391 -0.118832 0.153745 0.462375 1.365356 -0.946929 
1.493233 -0.472189 -0.114224 -0.093971 0.300755 -0.119154 0.153284 0.460854 1.365181 -0.946631 
1.493079 -0.472424 -0.113068 -0.094039 0.301901 -0.118189 0.153654 0.461801 1.365241 -0.946372 
1.494223 -0.472777 -0.112968 -0.093255 0.300859 -0.118103 0.154481 0.462398 1.364445 -0.946417 
1.493441 -0.471984 -0.112312 -0.094358 0.301612 -0.118914 0.154201 0.461594 1.365395 -0.946357 
1.493026 -0.472193 -0.112969 -0.094133 0.301217 -0.118850 0.154005 0.462065 1.365128 -0.946295 
1.492938 -0.472601 -0.112909 -0.094871 0.301275 -0.118577 0.153650 0.462164 1.364545 -0.946205 
1.493272 -0.472382 -0.113233 -0.094277 0.301140 -0.118836 0.153742 0.461587 1.365055 -0.946440 
1.493299 -0.472330 -0.112840 -0.094323 0.301135 -0.118599 0.153864 0.461839 1.365090 -0.946393 
1.493503 -0.472592 -0.113003 -0.094073 0.301234 -0.118671 0.154062 0.461951 1.364878 -0.946393 
1.493597 -0.472582 -0.113076 -0.094128 0.301234 -0.118658 0.154061 0.461984 1.364961 -0.946207 
1.493360 -0.472878 -0.113085 -0.094101 0.301087 -0.118562 0.154242 0.461948 1.365114 -0.946476 
1.493591 -0.472527 -0.112950 -0.093978 0.301264 -0.118715 0.154140 0.461855 1.365005 -0.946428 
1.493448 -0.472756 -0.113018 -0.094263 0.301295 -0.118621 0.154028 0.462050 1.364486 -0.946361 
1.493190 -0.472690 -0.113129 -0.094201 0.301264 -0.118672 0.154081 0.462325 1.364238 -0.946267 
1.493127 -0.472775 -0.113031 -0.094104 0.301224 -0.118697 0.154028 0.462241 1.364216 -0.946138 
1.493291 -0.472900 -0.113090 -0.094249 0.301278 -0.118767 0.153776 0.462578 1.364205 -0.946381 
1.493202 -0.472948 -0.113186 -0.094146 0.301598 -0.118477 0.153628 0.462580 1.364212 -0.946385 
1.493274 -0.472940 -0.113260 -0.094233 0.301308 -0.118892 0.153739 0.462477 1.364188 -0.946398 
1.493368 -0.472866 -0.113128 -0.094359 0.300984 -0.118550 0.153592 0.462555 1.363991 -0.946444 
1.493507 -0.472924 -0.113161 -0.094209 0.300975 -0.118526 0.153677 0.462583 1.363925 -0.946457 
1.493339 -0.472933 -0.112902 -0.094723 0.301069 -0.118595 0.153572 0.462628 1.363810 -0.946477 
1.493431 -0.472694 -0.113084 -0.094308 0.301047 -0.118616 0.153509 0.462550 1.363918 -0.946415 
1.493218 -0.472537 -0.113183 -0.094122 0.300858 -0.118635 0.153416 0.462805 1.364037 -0.946425 
1.493338 -0.472701 -0.113029 -0.094229 0.301104 -0.118571 0.153490 0.462494 1.363873 -0.946591 
1.493323 -0.472719 -0.113170 -0.094198 0.301366 -0.118260 0.153318 0.462510 1.363918 -0.946451 
1.493354 -0.472725 -0.113021 -0.094283 0.301019 -0.118524 0.153423 0.462397 1.364046 -0.946642 
1.493659 -0.472549 -0.112897 -0.093998 0.301270 -0.118679 0.153454 0.462516 1.363876 -0.946614 
1.493326 -0.472723 -0.113200 -0.094217 0.301129 -0.118688 0.153433 0.462405 1.363811 -0.946606 
1.493316 -0.472759 -0.112979 -0.094187 0.301087 -0.118591 0.153439 0.462474 1.363860 -0.946538 
1.493279 -0.472596 -0.113018 -0.094188 0.301080 -0.118515 0.153608 0.462367 1.363835 -0.946502 
1.493379 -0.472682 -0.113035 -0.094236 0.301042 -0.118525 0.153447 0.462492 1.363805 -0.946604 
1.493349 -0.472694 -0.112969 -0.094398 0.301080 -0.118506 0.153439 0.462590 1.363679 -0.946633 
1.493325 -0.472650 -0.113053 -0.094209 0.301044 -0.118536 0.153471 0.462573 1.363840 -0.946641 
1.493405 -0.472661 -0.113045 -0.094211 0.300912 -0.118482 0.153307 0.462478 1.363706 -0.946507 
1.493456 -0.472659 -0.113001 -0.094217 0.301080 -0.118537 0.153441 0.462491 1.363791 -0.946616 
1.493382 -0.472681 -0.113021 -0.094239 0.301011 -0.118555 0.153462 0.462487 1.363799 -0.946616 
1.493396 -0.472749 -0.113065 -0.094225 0.301043 -0.118472 0.153478 0.462500 1.363789 -0.946601 
1.493391 -0.472701 -0.113037 -0.094249 0.301034 -0.118528 0.153420 0.462500 1.363829 -0.946623 
1.493348 -0.472638 -0.113030 -0.094266 0.301064 -0.118475 0.153457 0.462441 1.363818 -0.946583 
1.493362 -0.472687 -0.113028 -0.094218 0.301048 -0.118519 0.153434 0.462476 1.363787 -0.946636 
1.493376 -0.472677 -0.113108 -0.094250 0.301076 -0.118570 0.153438 0.462479 1.363777 -0.946591 
1.493369 -0.472691 -0.113016 -0.094268 0.301058 -0.118527 0.153450 0.462509 1.363785 -0.946609 
1.493374 -0.472664 -0.113033 -0.094208 0.301007 -0.118505 0.153397 0.462517 1.363770 -0.946550 
