Start Optimization 
10.998682 -0.130216 0.075459 -0.790993 -0.806098 0.170212 -0.170821 -0.051053 0.357732 -0.293659 0.769955 
11.998682 -0.130216 0.075459 -0.790993 -0.806098 0.170212 -0.170821 -0.051053 0.357732 -0.293659 0.769955 
11.998682 0.869784 0.075459 -0.790993 -0.806098 0.170212 -0.170821 -0.051053 0.357732 -0.293659 0.769955 
11.998682 -0.130216 1.075459 -0.790993 -0.806098 0.170212 -0.170821 -0.051053 0.357732 -0.293659 0.769955 
11.998682 -0.130216 0.075459 0.209007 -0.806098 0.170212 -0.170821 -0.051053 0.357732 -0.293659 0.769955 
11.998682 -0.130216 0.075459 0.209007 0.193902 0.170212 -0.170821 -0.051053 0.357732 -0.293659 0.769955 
11.998682 -0.130216 0.075459 0.209007 0.193902 1.170212 -0.170821 -0.051053 0.357732 -0.293659 0.769955 
11.998682 -0.130216 0.075459 0.209007 0.193902 0.170212 0.829179 -0.051053 0.357732 -0.293659 0.769955 
11.998682 -0.130216 0.075459 0.209007 0.193902 0.170212 -0.170821 0.948947 0.357732 -0.293659 0.769955 
11.998682 -0.130216 0.075459 0.209007 0.193902 0.170212 -0.170821 -0.051053 1.357732 -0.293659 0.769955 
11.998682 -0.130216 0.075459 0.209007 0.193902 0.170212 -0.170821 -0.051053 0.357732 0.706341 0.769955 
11.998682 -0.130216 0.075459 0.209007 0.193902 0.170212 -0.170821 -0.051053 0.357732 0.706341 1.769955 
12.003328 -1.075586 -0.246810 0.211314 0.197471 0.141176 -0.209651 -0.051610 0.353243 0.708785 1.771039 
12.498676 -0.127759 0.075459 0.209007 0.193902 0.170212 -0.170821 -0.051053 0.357732 0.706341 1.769955 
11.993767 0.869772 0.075459 0.209007 0.193902 0.170212 -0.170821 -0.051053 0.357732 0.706341 1.769955 
11.993767 0.869772 0.079039 0.708994 0.193902 0.170212 -0.170821 -0.051053 0.357732 0.706341 1.769955 
11.993767 0.869772 1.075433 0.201847 0.193902 0.170212 -0.170821 -0.051053 0.357732 0.706341 1.769955 
11.985736 1.417771 -0.592954 -0.288467 0.199254 0.126672 -0.229048 -0.051888 0.351000 0.710006 1.771580 
11.992510 0.955552 -0.025161 0.691069 0.194740 0.163397 -0.179936 -0.051184 0.356678 0.706915 1.770210 
11.993767 0.869772 0.075434 0.205467 0.193902 -0.079763 -0.170821 -0.051053 0.357732 0.706341 1.769955 
11.990506 1.092321 -0.197106 -0.148532 0.196076 -0.096898 -0.194468 -0.051392 0.354998 0.707830 1.770615 
11.993767 0.869772 0.097245 0.205311 0.193902 -0.079763 -0.419868 -0.051053 0.357732 0.706341 1.769955 
11.991576 1.019321 0.561485 0.103577 0.195363 -0.093271 -0.380216 -0.051281 0.355895 0.707341 1.770399 
11.988786 0.867250 0.097245 0.205311 0.443827 -0.079763 -0.419868 -0.051053 0.357732 0.706341 1.772452 
11.591973 0.719649 0.099338 0.170514 0.037954 -0.084537 -0.420041 -0.051134 0.357083 0.706695 1.971118 
11.585594 0.716420 0.099338 0.170514 0.037954 -0.084537 -0.420041 -0.051134 0.108436 0.725879 1.955131 
11.460007 0.669278 0.099984 0.159781 -0.006532 -0.086010 -0.420094 -0.051158 0.156678 1.093228 1.650769 
11.584856 0.716046 0.099338 0.170514 0.037954 -0.084537 -0.420041 -0.301118 0.108436 0.724028 1.953281 
11.447328 0.665670 0.100095 0.157945 -0.014140 -0.086261 -0.420103 -0.045607 0.104035 0.388856 1.620771 
11.637477 0.345933 0.104788 0.079950 -0.337388 -0.096963 -0.420490 -0.045286 0.076724 0.383751 1.632186 
11.417399 0.783165 0.061418 0.318795 -0.156175 -0.093735 -0.423964 -0.045518 0.091579 0.386840 1.625901 
11.447236 0.671998 -0.019675 0.124326 -0.014078 -0.085773 -0.430571 -0.045616 0.103957 0.388898 1.620789 
11.433582 0.781803 0.165716 -0.044147 -0.074144 -0.085627 -0.414389 -0.045669 0.097906 0.388436 1.623157 
11.447237 0.665624 0.100082 0.156176 -0.009585 -0.211166 -0.420103 -0.045607 0.104035 0.388856 1.620816 
11.389040 0.523991 0.127149 0.084848 0.165608 -0.076065 -0.418369 -0.044910 0.085621 0.382825 1.633512 
11.448350 0.664515 0.111016 0.157584 -0.015306 -0.086300 -0.544610 -0.045608 0.104024 0.388861 1.620761 
11.559684 0.504020 0.106245 0.111562 -0.160685 -0.090537 -0.413577 -0.045637 0.099635 0.388473 1.621484 
11.592262 0.516244 0.106078 0.114350 -0.149096 -0.090155 -0.413563 -0.045630 0.086713 0.296722 1.696895 
11.792674 0.577189 0.109861 0.120660 -0.066511 -0.086955 -0.410639 -0.045444 0.083809 0.297079 1.588640 
11.793100 0.577405 0.109861 0.120660 -0.066511 -0.086955 -0.410639 0.079528 0.086023 0.297834 1.589708 
11.802836 0.575061 0.112189 0.115614 -0.062747 -0.086513 -0.409257 -0.049900 0.332217 0.275663 1.601299 
11.826667 0.589808 0.114316 0.126988 -0.050999 -0.080669 -0.404426 -0.046824 0.085314 0.380993 1.671622 
11.834000 0.551779 0.012069 0.017581 -0.102498 -0.223853 -0.550582 -0.045858 0.077510 0.308875 1.601240 
11.809793 0.625984 0.092845 0.199130 -0.146060 -0.097321 -0.410761 -0.045814 0.078567 0.294025 1.583034 
11.794096 0.540608 0.090535 0.160552 -0.044342 -0.093319 -0.418948 -0.045392 0.084122 0.296834 1.588820 
11.785414 0.533532 0.155479 0.045553 -0.000345 -0.070532 -0.380661 -0.045629 0.066083 0.288230 1.586331 
11.797256 0.565877 0.162818 0.130823 -0.070758 -0.109705 -0.428352 -0.045434 0.083421 0.296978 1.588818 
11.784059 0.536444 0.140731 0.042136 0.001327 -0.063945 -0.375412 -0.045633 0.066070 0.288197 1.586264 
11.799568 0.564285 0.107300 0.115135 -0.073133 -0.123482 -0.362925 -0.045436 0.083205 0.296962 1.588900 
11.789706 0.525321 0.138903 0.036779 -0.003517 -0.094083 -0.335407 -0.045629 0.065395 0.288012 1.586457 
11.824807 0.529909 0.108232 0.107958 -0.109468 -0.096813 -0.361290 -0.045446 0.082205 0.296890 1.589026 
11.840557 0.591802 0.099126 0.174211 -0.189736 -0.105647 -0.344744 -0.046000 0.069381 0.289951 1.580892 
11.842979 0.534085 0.101808 0.102607 -0.106303 -0.105508 -0.370359 -0.045460 0.075821 0.253515 1.626424 
11.854531 0.517942 0.055837 0.047568 -0.126517 -0.170907 -0.435975 -0.045655 0.076303 0.283606 1.612583 
11.796003 0.520316 0.100710 0.101659 -0.125619 -0.106286 -0.371167 -0.045065 0.051879 0.255554 1.650001 
11.808301 0.520485 0.102744 0.095267 -0.120842 -0.105751 -0.369244 -0.047600 0.190487 0.243200 1.653085 
11.856627 0.545067 0.102634 0.107648 -0.095855 -0.113878 -0.360093 -0.046138 0.077079 0.294348 1.666663 
11.874465 0.497585 0.114539 0.082488 -0.125636 -0.012732 -0.424858 -0.045888 0.073595 0.272747 1.646628 
11.863083 0.459991 0.141628 0.005812 -0.048377 -0.004675 -0.388454 -0.046091 0.064535 0.267514 1.647325 
11.888121 0.525073 0.110238 0.111209 -0.171317 -0.007424 -0.424624 -0.046405 0.072895 0.271606 1.644696 
11.874384 0.496881 0.114196 0.083196 -0.125243 -0.012845 -0.425005 -0.077110 0.073048 0.272555 1.646364 
11.877501 0.460262 0.094288 0.124179 -0.106020 -0.017799 -0.433937 -0.074970 0.074100 0.272568 1.646756 
11.872679 0.501666 0.085979 0.075493 -0.124123 -0.004953 -0.419655 -0.077125 0.073264 0.274107 1.645584 
11.881910 0.486652 0.102822 0.059850 -0.137524 -0.048706 -0.461991 -0.077280 0.073731 0.287438 1.639753 
11.871873 0.486147 0.114136 0.079507 -0.135490 -0.014504 -0.416716 -0.077582 0.098023 0.270265 1.652344 
11.847029 0.523349 0.115772 0.090882 -0.103204 -0.006137 -0.457233 -0.077679 0.101065 0.270516 1.652456 
11.880325 0.498052 0.110940 0.080481 -0.124935 -0.017206 -0.429554 -0.077091 0.068320 0.251186 1.666443 
11.825692 0.482676 0.114070 0.083471 -0.145347 -0.012266 -0.425160 -0.076740 0.050128 0.280389 1.664861 
11.867543 0.491356 0.113809 0.080598 -0.130383 -0.008665 -0.430092 -0.076772 0.072410 0.252130 1.626243 
11.871070 0.476425 0.133241 0.047785 -0.085768 -0.011365 -0.408681 -0.077749 0.067328 0.272440 1.646667 
11.884487 0.509939 0.119330 0.096783 -0.146948 -0.010750 -0.422312 -0.077973 0.070444 0.273237 1.644866 
11.877624 0.493001 0.115803 0.080873 -0.127107 -0.001131 -0.432566 -0.077176 0.073465 0.274895 1.649028 
11.860603 0.512418 0.115771 0.088297 -0.114778 -0.011709 -0.439224 -0.077508 0.087046 0.271187 1.648771 
11.876489 0.494834 0.111633 0.077593 -0.128659 -0.021901 -0.434288 -0.077191 0.073229 0.276387 1.644638 
11.868447 0.495505 0.113971 0.083762 -0.128362 -0.012810 -0.425282 -0.077064 0.070303 0.273548 1.648645 
11.872207 0.492321 0.120296 0.074228 -0.116576 -0.012961 -0.420590 -0.077400 0.070639 0.272984 1.646907 
11.872664 0.481765 0.117851 0.082288 -0.108993 -0.014565 -0.421557 -0.076993 0.070110 0.273295 1.647076 
11.873186 0.491944 0.127117 0.076791 -0.118175 -0.014663 -0.421669 -0.077416 0.070497 0.272541 1.646997 
11.877956 0.491446 0.131552 0.072910 -0.115480 -0.012112 -0.410108 -0.078420 0.064630 0.274126 1.645982 
11.873526 0.497909 0.137527 0.070858 -0.104406 -0.009624 -0.407925 -0.079491 0.067337 0.274704 1.646638 
11.877263 0.492491 0.131497 0.073151 -0.114460 -0.011100 -0.412495 -0.078276 0.059919 0.271098 1.641482 
11.876697 0.483833 0.132048 0.069413 -0.121044 -0.011054 -0.405885 -0.078578 0.070524 0.266548 1.640502 
11.877284 0.483792 0.131638 0.069298 -0.120923 -0.011525 -0.406383 -0.085703 0.069916 0.264324 1.642490 
11.880596 0.483284 0.131025 0.067248 -0.121183 -0.012949 -0.405972 -0.072278 0.067255 0.257204 1.649536 
11.879313 0.484884 0.129914 0.067630 -0.120734 -0.019782 -0.403552 -0.072257 0.067078 0.256581 1.648026 
11.885342 0.478556 0.129123 0.059768 -0.124811 -0.025268 -0.407698 -0.072670 0.063730 0.261793 1.646336 
11.873256 0.482746 0.130804 0.066547 -0.122141 -0.019770 -0.403016 -0.072266 0.064024 0.257606 1.650299 
11.875246 0.482535 0.126352 0.074260 -0.132823 -0.018871 -0.397657 -0.072338 0.059972 0.258473 1.650401 
11.874650 0.487980 0.127452 0.070418 -0.136566 -0.018174 -0.397815 -0.072504 0.060638 0.258233 1.650390 
11.874156 0.471584 0.125347 0.081338 -0.128858 -0.020857 -0.390515 -0.072003 0.059103 0.257850 1.650521 
11.870877 0.464203 0.126012 0.085387 -0.130145 -0.022844 -0.378119 -0.071774 0.059036 0.256203 1.650708 
11.874430 0.456734 0.126968 0.086587 -0.130790 -0.012569 -0.378711 -0.068900 0.057182 0.253034 1.657439 
11.871530 0.463862 0.132502 0.088201 -0.131918 -0.024710 -0.379975 -0.071721 0.059292 0.255655 1.650867 
11.864751 0.459081 0.116854 0.091168 -0.131500 -0.027201 -0.382036 -0.070987 0.063969 0.254811 1.650566 
11.869954 0.463207 0.126089 0.084720 -0.130648 -0.021691 -0.379151 -0.071687 0.056388 0.251647 1.645387 
11.871670 0.466367 0.124113 0.089861 -0.123041 -0.024283 -0.374118 -0.071981 0.047818 0.260759 1.650537 
11.871707 0.465755 0.124440 0.089173 -0.123579 -0.024360 -0.374063 -0.065078 0.048078 0.263496 1.648399 
11.877657 0.457642 0.123109 0.082116 -0.127073 -0.030003 -0.374555 -0.068514 0.044484 0.268052 1.647152 
11.874059 0.456320 0.124348 0.082387 -0.127787 -0.026453 -0.375279 -0.071085 0.044604 0.272529 1.645048 
11.887798 0.457124 0.121461 0.084939 -0.124352 -0.027981 -0.370192 -0.070910 0.050464 0.270539 1.639931 
11.876402 0.455033 0.125064 0.080051 -0.120800 -0.030940 -0.375439 -0.068395 0.046275 0.267469 1.647131 
11.878840 0.462228 0.120266 0.077452 -0.137743 -0.030119 -0.367049 -0.068709 0.040458 0.270346 1.647542 
11.876058 0.458126 0.119011 0.080713 -0.138748 -0.032340 -0.363065 -0.068484 0.041648 0.269356 1.647466 
11.880305 0.461822 0.110585 0.082891 -0.142820 -0.032799 -0.375760 -0.068487 0.039152 0.273142 1.647222 
11.880035 0.459190 0.117367 0.076533 -0.137116 -0.024748 -0.366357 -0.067500 0.039530 0.269263 1.650356 
11.885292 0.455655 0.128711 0.081515 -0.141716 -0.022620 -0.365912 -0.066532 0.035765 0.268497 1.653339 
11.882917 0.460190 0.117014 0.077932 -0.136079 -0.025041 -0.364525 -0.068112 0.043606 0.273573 1.653449 
11.890638 0.460173 0.115630 0.079995 -0.134777 -0.021284 -0.360337 -0.070302 0.046245 0.271210 1.642151 
11.883285 0.461404 0.116011 0.080272 -0.132527 -0.025706 -0.362630 -0.070248 0.038170 0.274942 1.653998 
11.883242 0.462100 0.115833 0.079775 -0.134258 -0.025158 -0.363189 -0.083536 0.040547 0.268597 1.658153 
11.881759 0.465973 0.115865 0.084357 -0.132150 -0.023669 -0.362395 -0.068105 0.039440 0.271864 1.655046 
11.876458 0.462837 0.119586 0.074052 -0.131133 -0.020043 -0.354488 -0.072359 0.037225 0.280808 1.652014 
11.877723 0.462044 0.120800 0.070618 -0.126138 -0.022410 -0.352070 -0.070883 0.037488 0.278451 1.653170 
11.877524 0.464137 0.118610 0.073006 -0.133368 -0.020872 -0.352740 -0.071834 0.036301 0.280348 1.652562 
11.874655 0.460618 0.116944 0.075083 -0.130257 -0.018478 -0.356995 -0.074066 0.035925 0.286038 1.650181 
11.876326 0.457956 0.122464 0.077501 -0.131712 -0.016546 -0.356999 -0.074388 0.033575 0.287754 1.650838 
11.872752 0.460637 0.117271 0.074552 -0.130636 -0.019370 -0.358048 -0.073969 0.035360 0.286412 1.653136 
11.872522 0.460342 0.117043 0.074345 -0.130930 -0.018259 -0.358278 -0.081287 0.036414 0.284450 1.654086 
11.874094 0.462796 0.118005 0.072961 -0.130159 -0.018464 -0.360060 -0.074126 0.034801 0.286946 1.653068 
11.870839 0.462887 0.120011 0.075754 -0.131047 -0.024618 -0.358471 -0.075481 0.036185 0.288246 1.650111 
11.869525 0.462057 0.120196 0.074763 -0.131587 -0.024622 -0.359394 -0.075336 0.034076 0.286339 1.648505 
11.865214 0.465111 0.120007 0.079107 -0.130318 -0.021505 -0.359676 -0.074156 0.033888 0.285259 1.648044 
11.867928 0.462003 0.121278 0.072701 -0.132357 -0.023189 -0.358195 -0.075150 0.035514 0.287202 1.647907 
11.870278 0.459074 0.119418 0.075619 -0.134040 -0.025762 -0.364400 -0.073869 0.037872 0.285322 1.647997 
11.869668 0.458689 0.120313 0.073234 -0.125380 -0.027327 -0.359190 -0.075175 0.032936 0.286559 1.648743 
11.870171 0.462327 0.118388 0.074649 -0.133894 -0.025691 -0.358544 -0.075453 0.032215 0.287234 1.648636 
11.869412 0.462892 0.119397 0.074131 -0.131399 -0.025222 -0.359071 -0.075050 0.034728 0.285314 1.648604 
11.870816 0.461817 0.122978 0.075472 -0.132590 -0.024873 -0.358524 -0.074879 0.033484 0.284925 1.649459 
11.869065 0.461307 0.119915 0.075238 -0.131794 -0.024694 -0.358784 -0.076689 0.034462 0.285789 1.648686 
11.870495 0.463284 0.120561 0.073837 -0.131418 -0.023653 -0.361360 -0.077897 0.033506 0.286649 1.648600 
11.869234 0.462609 0.120840 0.075108 -0.131652 -0.025830 -0.359399 -0.075717 0.034333 0.286756 1.647482 
11.871608 0.461632 0.119495 0.075272 -0.131208 -0.023149 -0.358443 -0.075266 0.034345 0.285951 1.645947 
11.869764 0.460126 0.119549 0.075303 -0.132881 -0.024517 -0.361918 -0.074514 0.035496 0.286462 1.648504 
11.869516 0.460973 0.120006 0.074493 -0.130301 -0.024718 -0.359345 -0.075263 0.033373 0.286882 1.648767 
11.868686 0.461092 0.119662 0.075566 -0.129732 -0.023789 -0.359486 -0.074979 0.032686 0.287107 1.648943 
11.869985 0.460987 0.120185 0.074977 -0.130186 -0.025034 -0.359483 -0.075220 0.033109 0.286435 1.649019 
11.869066 0.460248 0.120652 0.073458 -0.130489 -0.023855 -0.358727 -0.075096 0.033406 0.287515 1.648849 
11.869511 0.460802 0.119651 0.074655 -0.130769 -0.025035 -0.358896 -0.074905 0.033088 0.287083 1.648786 
11.869869 0.461380 0.119200 0.073911 -0.130437 -0.024473 -0.360037 -0.076354 0.032768 0.287534 1.648797 
11.869210 0.460672 0.119994 0.074288 -0.130520 -0.024759 -0.359736 -0.075174 0.033001 0.286417 1.648363 
11.869562 0.460255 0.119531 0.074831 -0.130241 -0.024712 -0.360265 -0.074910 0.034661 0.287441 1.648878 
11.869913 0.460902 0.119767 0.074568 -0.130143 -0.024369 -0.359070 -0.075246 0.033476 0.286833 1.648066 
11.870375 0.460834 0.120936 0.074995 -0.129837 -0.024876 -0.359624 -0.075382 0.033290 0.286628 1.650006 
11.869181 0.461300 0.119672 0.074147 -0.129840 -0.024911 -0.359185 -0.075144 0.033667 0.286662 1.649047 
11.869623 0.461173 0.120092 0.074383 -0.130251 -0.024732 -0.359497 -0.074937 0.033284 0.287030 1.648696 
11.869153 0.460959 0.120352 0.074767 -0.130166 -0.025148 -0.359272 -0.075706 0.033476 0.287236 1.648473 
11.869709 0.460812 0.120112 0.074635 -0.130297 -0.024658 -0.359342 -0.075404 0.033365 0.286714 1.649070 
11.869611 0.460991 0.120051 0.074378 -0.130404 -0.024822 -0.359331 -0.075298 0.033472 0.286841 1.648739 
11.869316 0.461195 0.119986 0.074659 -0.130523 -0.024471 -0.359357 -0.075277 0.033469 0.286853 1.648779 
11.869447 0.460878 0.120136 0.074437 -0.130297 -0.024649 -0.359246 -0.075173 0.033429 0.286886 1.648772 
11.869443 0.460882 0.119882 0.074269 -0.130311 -0.024521 -0.359365 -0.075443 0.033253 0.287144 1.648839 
11.869499 0.460872 0.119929 0.074528 -0.130312 -0.024732 -0.359459 -0.075206 0.033519 0.286946 1.648762 
11.869583 0.460937 0.120120 0.074729 -0.130145 -0.024632 -0.359259 -0.075308 0.033154 0.286702 1.648972 
11.869402 0.460921 0.119998 0.074451 -0.130321 -0.024731 -0.359415 -0.075253 0.033266 0.286754 1.648673 
11.869457 0.461002 0.119996 0.074462 -0.130285 -0.024766 -0.359351 -0.075251 0.033383 0.286872 1.648848 
11.869546 0.461021 0.119915 0.074504 -0.130184 -0.024661 -0.359215 -0.075264 0.033415 0.286862 1.648658 
11.869499 0.460996 0.120066 0.074487 -0.130242 -0.024708 -0.359394 -0.075317 0.033407 0.286884 1.648747 
11.869483 0.460950 0.120049 0.074604 -0.130367 -0.024813 -0.359266 -0.075278 0.033303 0.287007 1.648709 
11.869556 0.461004 0.120019 0.074482 -0.130307 -0.024694 -0.359370 -0.075197 0.033339 0.286903 1.648764 
11.869496 0.460999 0.120004 0.074500 -0.130329 -0.024698 -0.359345 -0.075265 0.033386 0.286882 1.648762 
11.869558 0.460916 0.120007 0.074521 -0.130295 -0.024707 -0.359331 -0.075288 0.033356 0.286848 1.648808 
11.869512 0.460961 0.120003 0.074467 -0.130314 -0.024704 -0.359354 -0.075283 0.033359 0.286907 1.648777 
11.869524 0.460974 0.119959 0.074475 -0.130247 -0.024727 -0.359295 -0.075254 0.033382 0.286883 1.648726 
11.869532 0.460990 0.120023 0.074471 -0.130314 -0.024731 -0.359327 -0.075277 0.033366 0.286867 1.648764 
11.869536 0.460935 0.119998 0.074486 -0.130327 -0.024763 -0.359381 -0.075240 0.033430 0.286884 1.648749 
11.869502 0.460964 0.119998 0.074476 -0.130302 -0.024710 -0.359363 -0.075258 0.033359 0.286849 1.648753 
11.869482 0.460957 0.120030 0.074543 -0.130301 -0.024763 -0.359336 -0.075257 0.033328 0.286910 1.648742 
11.869530 0.460992 0.119979 0.074504 -0.130302 -0.024732 -0.359366 -0.075282 0.033361 0.286881 1.648766 
11.869481 0.460988 0.120003 0.074480 -0.130274 -0.024750 -0.359342 -0.075234 0.033385 0.286879 1.648842 
11.869523 0.460972 0.120030 0.074486 -0.130267 -0.024721 -0.359366 -0.075276 0.033376 0.286885 1.648762 
11.869492 0.460996 0.120014 0.074541 -0.130321 -0.024664 -0.359325 -0.075262 0.033424 0.286884 1.648763 
