Start Optimization 
6.118447 -0.028146 -0.739724 -0.721648 -0.062138 0.651456 0.382985 0.959558 0.458988 0.487714 -0.455843 
7.118447 -0.028146 -0.739724 -0.721648 -0.062138 0.651456 0.382985 0.959558 0.458988 0.487714 -0.455843 
7.118447 0.971854 -0.739724 -0.721648 -0.062138 0.651456 0.382985 0.959558 0.458988 0.487714 -0.455843 
7.118447 -0.028146 0.260276 -0.721648 -0.062138 0.651456 0.382985 0.959558 0.458988 0.487714 -0.455843 
7.118447 -0.028146 0.260276 0.278352 -0.062138 0.651456 0.382985 0.959558 0.458988 0.487714 -0.455843 
7.118447 -0.028146 0.260276 -0.721648 0.937862 0.651456 0.382985 0.959558 0.458988 0.487714 -0.455843 
7.118447 -0.028146 0.260276 -0.721648 -0.062138 1.651456 0.382985 0.959558 0.458988 0.487714 -0.455843 
7.118447 -0.028146 0.260276 -0.721648 -0.062138 1.651456 1.382985 0.959558 0.458988 0.487714 -0.455843 
7.118447 -0.028146 0.260276 -0.721648 -0.062138 1.651456 1.382985 1.959558 0.458988 0.487714 -0.455843 
7.118447 -0.028146 0.260276 -0.721648 -0.062138 1.651456 1.382985 1.959558 1.458988 0.487714 -0.455843 
7.118447 -0.028146 0.260276 -0.721648 -0.062138 1.651456 1.382985 1.959558 1.458988 1.487714 -0.455843 
7.118447 -0.028146 0.260276 -0.721648 -0.062138 1.651456 1.382985 1.959558 1.458988 0.487714 0.544157 
7.126992 -0.330241 0.363189 -1.442155 -0.677690 1.655225 1.384270 1.959994 1.463116 0.486130 -0.457315 
7.618247 -0.014009 0.260276 -0.721648 -0.062138 1.651456 1.382985 1.959558 1.458988 0.487714 -0.455843 
7.082659 0.947611 0.283587 -0.884847 -0.201564 1.652310 1.383276 1.959657 1.459923 0.487355 -0.456176 
7.118447 -0.028146 -0.234700 -0.792347 -0.062138 1.651456 1.382985 1.959558 1.458988 0.487714 -0.455843 
7.097878 -0.231725 -0.501019 0.036046 -0.510412 1.654201 1.383921 1.959876 1.461994 0.486561 -0.456915 
7.097878 -0.231725 -0.501019 0.036046 -0.507351 2.154191 1.383921 1.959876 1.461994 0.486561 -0.456915 
7.055418 -0.651974 -0.845213 0.306892 0.286181 2.150254 1.385852 1.960532 1.468199 0.484180 -0.459127 
7.097892 -0.232218 -0.500852 0.034872 -0.508354 2.154197 1.883918 1.959876 1.461994 0.486561 -0.456915 
7.079045 -0.777196 -0.622441 -0.462285 -1.172171 2.158843 1.884646 1.960289 1.465906 0.485060 -0.458309 
7.082457 0.219400 -0.539921 0.203662 -0.382722 2.153473 1.885314 1.959908 1.462298 0.486444 -0.457023 
7.097894 -0.232274 -0.500348 0.035185 -0.508479 2.154198 1.883918 2.209875 1.461994 0.486561 -0.456915 
7.099972 -0.336870 -0.137780 0.362446 -0.530808 2.154350 1.884513 2.208737 1.462094 0.486522 -0.456950 
7.099994 -0.337630 -0.137898 0.362404 -0.528659 2.154337 1.884517 2.208738 1.712084 0.486522 -0.456950 
7.104173 -0.534676 -0.252520 0.457771 -0.096571 2.151715 1.885604 2.209080 1.456357 0.486461 -0.457007 
7.099972 -0.336863 -0.137627 0.362252 -0.530757 2.154350 1.884513 2.208737 1.462094 0.236522 -0.456950 
7.088467 -0.574359 -0.072476 0.210281 -0.938051 2.157153 1.885064 2.209315 1.447063 0.236558 -0.457692 
7.099959 -0.336405 -0.137512 0.362258 -0.530552 2.154348 1.884514 2.208737 1.462094 0.236522 -0.706950 
7.083603 0.119422 -0.156287 0.540047 -0.433192 2.153811 1.885959 2.208851 1.459279 0.236400 -0.450071 
6.850646 -0.348351 -0.137480 0.360974 -0.516510 2.154262 1.884534 2.208744 1.461958 0.236526 -0.456947 
6.882897 -0.549402 -0.254354 0.459221 -0.086231 2.151678 1.885790 2.209152 1.454715 0.236455 -0.451922 
6.845101 -0.355021 -0.298696 0.531655 -0.601958 2.154785 1.884811 2.208812 1.462626 0.236277 -0.457099 
6.837445 0.110042 -0.031370 0.405583 -0.354058 2.153326 1.885754 2.208805 1.458654 0.236597 -0.450004 
6.851425 -0.496449 -0.044753 0.209805 -0.611673 2.154915 1.884259 2.208841 1.458313 0.236669 -0.450152 
6.850644 -0.348303 -0.137478 0.360982 -0.515738 2.279260 1.884534 2.208744 1.461958 0.236526 -0.456947 
6.842820 -0.137189 -0.025040 0.313079 -0.462280 2.279258 1.885156 2.208831 1.458078 0.236642 -0.449225 
6.850698 -0.348725 -0.137633 0.360819 -0.515334 2.279257 2.009532 2.208745 1.461951 0.236526 -0.456947 
6.867093 -0.432482 -0.144996 0.361432 -0.281121 2.278075 1.883277 2.208958 1.457349 0.236563 -0.452805 
6.850641 -0.348334 -0.137344 0.361250 -0.515859 2.279261 1.884534 2.333744 1.461958 0.236526 -0.456947 
6.840838 -0.316812 -0.286972 0.543057 -0.590725 2.280555 1.884207 2.208101 1.454104 0.236263 -0.441936 
6.851216 -0.377956 -0.044776 0.439020 -0.523595 2.279313 1.884676 2.208463 1.461992 0.236520 -0.456963 
6.849783 -0.514503 0.040022 0.282114 -0.632568 2.280705 1.883905 2.208302 1.455931 0.236656 -0.445640 
6.848216 -0.313458 -0.050065 0.384267 -0.528524 2.332351 1.831806 2.155569 1.462223 0.236560 -0.456853 
6.841480 -0.135615 0.089502 0.381496 -0.476045 2.279187 1.885244 2.208563 1.457713 0.236655 -0.448202 
6.856006 -0.353552 -0.064122 0.368918 -0.416732 2.350179 1.812788 2.137298 1.459706 0.236583 -0.454331 
6.848134 -0.312837 -0.051938 0.386062 -0.529863 2.332708 1.831461 2.155218 1.399797 0.236557 -0.456854 
6.843317 -0.300947 -0.137072 0.451976 -0.574093 2.357724 1.806930 2.130599 1.405708 0.236439 -0.450293 
6.848134 -0.312839 -0.051897 0.386009 -0.529853 2.332708 1.831461 2.155218 1.399797 0.174057 -0.456854 
6.847164 -0.380782 -0.021402 0.308114 -0.591351 2.341193 1.823332 2.147367 1.397404 0.173937 -0.452071 
6.848021 -0.308721 -0.048467 0.386092 -0.528575 2.331170 1.833002 2.156744 1.399684 0.174060 -0.394654 
6.843271 -0.215423 0.020918 0.383595 -0.512260 2.307315 1.857125 2.180670 1.397681 0.173818 -0.403804 
6.785920 -0.312482 -0.048731 0.385491 -0.522674 2.331468 1.832663 2.156415 1.399597 0.174061 -0.394601 
6.798288 -0.332469 -0.048344 0.368286 -0.404024 2.346045 1.816927 2.141439 1.396563 0.173880 -0.392365 
6.787040 -0.342432 -0.017862 0.428410 -0.522043 2.323015 1.841117 2.164766 1.399446 0.174015 -0.394690 
6.785909 -0.312397 -0.048656 0.385532 -0.522888 2.309505 1.810434 2.156524 1.399598 0.174061 -0.394601 
6.786206 -0.316440 -0.060617 0.382095 -0.520401 2.271658 1.847531 2.126187 1.399511 0.174038 -0.394641 
6.786453 -0.317795 -0.057323 0.379522 -0.519246 2.300996 1.818872 2.182579 1.399311 0.174061 -0.394890 
6.782143 -0.290434 -0.086750 0.425577 -0.540345 2.312773 1.806595 2.158504 1.402494 0.173762 -0.391081 
6.786924 -0.337063 -0.062562 0.381831 -0.529912 2.315320 1.804578 2.150727 1.399911 0.174055 -0.391618 
6.780536 -0.286901 -0.008349 0.364718 -0.554049 2.300779 1.818497 2.163998 1.398550 0.173782 -0.395183 
6.781772 -0.274608 0.003626 0.361306 -0.528231 2.300715 1.817727 2.163070 1.397648 0.173605 -0.395172 
6.779793 -0.249486 -0.001884 0.378464 -0.526188 2.299525 1.818326 2.166217 1.398467 0.173388 -0.394680 
6.781752 -0.274465 0.003151 0.361753 -0.528569 2.300808 1.817638 2.162979 1.382042 0.173604 -0.395170 
6.781871 -0.269544 0.016403 0.348025 -0.508937 2.306833 1.809163 2.155733 1.379792 0.172951 -0.389109 
6.781771 -0.274652 0.002851 0.361521 -0.528438 2.300510 1.817933 2.163903 1.382032 0.158019 -0.395180 
6.782166 -0.276228 -0.002865 0.355424 -0.522803 2.291840 1.826394 2.189462 1.381574 0.175840 -0.395509 
6.781577 -0.270338 -0.002547 0.354712 -0.528911 2.302480 1.815964 2.161325 1.382088 0.173612 -0.406858 
6.782100 -0.283210 0.016713 0.377738 -0.526418 2.297537 1.820752 2.165953 1.381824 0.173593 -0.415824 
6.766720 -0.275624 0.002355 0.361397 -0.526986 2.298566 1.819827 2.161043 1.382016 0.173603 -0.395160 
6.789490 -0.273494 -0.000679 0.360058 -0.526617 2.282081 1.835939 2.148532 1.381885 0.173598 -0.395319 
6.781685 -0.274739 0.002937 0.361809 -0.529661 2.289812 1.806597 2.163092 1.382069 0.173609 -0.395173 
6.779226 -0.275147 0.002526 0.362711 -0.560233 2.287933 1.811055 2.166355 1.382479 0.173818 -0.395852 
6.786639 -0.278719 -0.001893 0.367599 -0.530476 2.297483 1.806815 2.162110 1.377025 0.178851 -0.389386 
6.782243 -0.290999 -0.024188 0.375621 -0.526233 2.291181 1.802822 2.160257 1.384800 0.172133 -0.397280 
6.785690 -0.266363 -0.004875 0.376396 -0.529418 2.296785 1.807106 2.163654 1.377446 0.178735 -0.389255 
6.785036 -0.265858 -0.003430 0.377575 -0.530508 2.298297 1.804681 2.156927 1.378183 0.177542 -0.389809 
6.787170 -0.260942 -0.002507 0.379832 -0.517485 2.300668 1.800778 2.155014 1.376106 0.178969 -0.386805 
6.784282 -0.263617 -0.007085 0.373309 -0.531483 2.298291 1.803737 2.155976 1.378959 0.176828 -0.385334 
6.784132 -0.264503 -0.004087 0.381657 -0.545277 2.297744 1.806278 2.158427 1.377922 0.178058 -0.390717 
6.782439 -0.265965 -0.002762 0.377550 -0.530750 2.302302 1.799691 2.160306 1.378958 0.176799 -0.390308 
6.788729 -0.258043 -0.002092 0.384877 -0.522288 2.299675 1.802457 2.154036 1.374451 0.180486 -0.386814 
6.782916 -0.271177 -0.014681 0.382502 -0.528460 2.295105 1.802678 2.155818 1.381971 0.174267 -0.393781 
6.786779 -0.266118 -0.002488 0.378380 -0.530397 2.299576 1.805845 2.157224 1.385144 0.179308 -0.388494 
6.782549 -0.266820 -0.002513 0.378818 -0.530187 2.297513 1.805264 2.156918 1.378170 0.177404 -0.387643 
6.780929 -0.264971 -0.004914 0.376201 -0.529927 2.300879 1.807555 2.155707 1.378131 0.181488 -0.392447 
6.785545 -0.266241 -0.003926 0.378107 -0.530391 2.300797 1.806541 2.156960 1.377673 0.175539 -0.389232 
6.782965 -0.263425 -0.001377 0.375611 -0.530021 2.295918 1.805902 2.157391 1.380481 0.172826 -0.392569 
6.786340 -0.272387 -0.002304 0.374182 -0.531345 2.298331 1.803721 2.155718 1.377532 0.178161 -0.389649 
6.785107 -0.265779 -0.003771 0.378678 -0.534188 2.298031 1.804836 2.157271 1.377964 0.177871 -0.389863 
6.786625 -0.265157 -0.004232 0.381019 -0.535211 2.297855 1.803617 2.156939 1.376717 0.179188 -0.388910 
6.786874 -0.264474 -0.002790 0.380404 -0.535463 2.298229 1.803885 2.157046 1.376265 0.179549 -0.388457 
6.786556 -0.264401 -0.004159 0.381995 -0.537345 2.295933 1.803242 2.156915 1.377262 0.177316 -0.390147 
6.785804 -0.263786 -0.004621 0.381482 -0.534979 2.298149 1.804159 2.156917 1.376796 0.179662 -0.389387 
6.785969 -0.267277 -0.005010 0.380503 -0.536955 2.298396 1.803887 2.155971 1.376177 0.181177 -0.389844 
6.786874 -0.265684 -0.003706 0.381708 -0.534854 2.297634 1.804164 2.158120 1.376452 0.179508 -0.389733 
6.786967 -0.264737 -0.006132 0.379776 -0.535766 2.296928 1.804019 2.159337 1.376518 0.179490 -0.387296 
6.787405 -0.265175 -0.004223 0.381145 -0.535146 2.297251 1.804785 2.156312 1.377613 0.179603 -0.388612 
6.786699 -0.265310 -0.003850 0.381648 -0.535750 2.299398 1.802282 2.158142 1.379609 0.179672 -0.388471 
6.786723 -0.265386 -0.004475 0.381199 -0.535663 2.299001 1.804639 2.157048 1.376574 0.178167 -0.388758 
6.788357 -0.264985 -0.005040 0.382911 -0.533874 2.297904 1.801766 2.156629 1.375620 0.179359 -0.387705 
6.790447 -0.264368 -0.005894 0.381162 -0.532722 2.298482 1.800888 2.156663 1.375927 0.178984 -0.389719 
6.787379 -0.265618 -0.004965 0.382214 -0.532916 2.297459 1.801237 2.156302 1.375809 0.178723 -0.387548 
6.788889 -0.264565 -0.004729 0.385799 -0.533971 2.297844 1.802439 2.157681 1.375333 0.180279 -0.385741 
6.788127 -0.265852 -0.005538 0.382877 -0.534752 2.298050 1.801292 2.156089 1.375111 0.180435 -0.387894 
6.788356 -0.264867 -0.005490 0.382553 -0.534145 2.297505 1.801682 2.157146 1.375550 0.179311 -0.387395 
6.788435 -0.264652 -0.004498 0.383626 -0.534693 2.297201 1.801207 2.156146 1.375750 0.178470 -0.388313 
6.788414 -0.264807 -0.004995 0.382857 -0.533629 2.297408 1.802093 2.156393 1.374982 0.179501 -0.387836 
6.788425 -0.265441 -0.005504 0.383051 -0.534138 2.298855 1.802475 2.156390 1.375038 0.178150 -0.387525 
6.788805 -0.265321 -0.004431 0.382586 -0.534015 2.297879 1.801678 2.156685 1.375460 0.179314 -0.387383 
6.787497 -0.263654 -0.004634 0.382676 -0.533980 2.298817 1.801432 2.156459 1.375503 0.179626 -0.387584 
6.788603 -0.264785 -0.005275 0.382789 -0.533919 2.297794 1.801846 2.155969 1.375953 0.179382 -0.387240 
6.787870 -0.265260 -0.004832 0.383040 -0.533956 2.297818 1.802891 2.156988 1.376700 0.179700 -0.388571 
6.788764 -0.264931 -0.005337 0.383127 -0.533394 2.298114 1.801370 2.156783 1.375710 0.179398 -0.388136 
6.788111 -0.265101 -0.004967 0.383655 -0.533713 2.297819 1.801758 2.156808 1.375593 0.179484 -0.387217 
6.788130 -0.264674 -0.004919 0.382815 -0.533918 2.298134 1.801693 2.156628 1.375567 0.179415 -0.387733 
6.788243 -0.265057 -0.005048 0.382842 -0.533769 2.297867 1.801649 2.156572 1.375602 0.179278 -0.387677 
6.788356 -0.265070 -0.005014 0.382934 -0.533957 2.297853 1.802086 2.156714 1.375866 0.179447 -0.387911 
6.788329 -0.265043 -0.005049 0.382908 -0.533948 2.297862 1.801663 2.156583 1.375619 0.179544 -0.387743 
6.788417 -0.265097 -0.005230 0.383000 -0.534053 2.298138 1.801888 2.156572 1.375400 0.179201 -0.387711 
6.788411 -0.264896 -0.004988 0.383011 -0.534001 2.297823 1.801709 2.156615 1.375631 0.179283 -0.387765 
6.788129 -0.265149 -0.005046 0.382809 -0.533692 2.297818 1.801705 2.156550 1.375673 0.179051 -0.387741 
6.788489 -0.265030 -0.004899 0.382842 -0.533836 2.297949 1.801782 2.156688 1.375596 0.179340 -0.387620 
6.788381 -0.264960 -0.005040 0.382859 -0.533855 2.297863 1.801797 2.156595 1.375556 0.179366 -0.387757 
6.788292 -0.264952 -0.005064 0.383077 -0.533786 2.297870 1.801825 2.156667 1.375587 0.179393 -0.387605 
6.788347 -0.264974 -0.005032 0.382889 -0.533910 2.297885 1.801804 2.156553 1.375643 0.179359 -0.387636 
6.788450 -0.264934 -0.005163 0.382920 -0.533789 2.297985 1.801691 2.156643 1.375728 0.179349 -0.387751 
6.788325 -0.264964 -0.005134 0.382823 -0.533948 2.297837 1.801753 2.156797 1.375606 0.179338 -0.387653 
6.788306 -0.265034 -0.005020 0.382913 -0.533852 2.297906 1.801738 2.156632 1.375625 0.179310 -0.387735 
6.788337 -0.264954 -0.005018 0.382898 -0.533863 2.297906 1.801759 2.156635 1.375634 0.179369 -0.387707 
6.788351 -0.264984 -0.005053 0.382927 -0.533916 2.297979 1.801785 2.156635 1.375579 0.179360 -0.387718 
6.788354 -0.264997 -0.005030 0.382914 -0.533884 2.297897 1.801800 2.156641 1.375639 0.179368 -0.387722 
6.788413 -0.264987 -0.005103 0.382924 -0.533847 2.297927 1.801741 2.156621 1.375648 0.179351 -0.387713 
6.788356 -0.265006 -0.005039 0.382887 -0.533850 2.297921 1.801775 2.156635 1.375616 0.179375 -0.387688 
6.788412 -0.264992 -0.004986 0.382935 -0.533896 2.297891 1.801738 2.156649 1.375592 0.179343 -0.387686 
6.788355 -0.264997 -0.005031 0.382925 -0.533874 2.297906 1.801750 2.156605 1.375620 0.179392 -0.387717 
6.788331 -0.264989 -0.005090 0.382895 -0.533920 2.297866 1.801737 2.156668 1.375602 0.179373 -0.387695 
6.788351 -0.264994 -0.005053 0.382942 -0.533858 2.297891 1.801782 2.156627 1.375600 0.179357 -0.387692 
6.788329 -0.264900 -0.005023 0.382921 -0.533852 2.297919 1.801756 2.156651 1.375633 0.179353 -0.387707 
