Start Optimization 
4.697169 -0.853917 0.029273 0.197426 -0.474944 0.884868 -0.639385 -0.887297 0.573960 0.875268 
5.697169 -0.853917 0.029273 0.197426 -0.474944 0.884868 -0.639385 -0.887297 0.573960 0.875268 
4.697169 0.146083 0.029273 0.197426 -0.474944 0.884868 -0.639385 -0.887297 0.573960 0.875268 
4.697169 -0.853917 1.029273 0.197426 -0.474944 0.884868 -0.639385 -0.887297 0.573960 0.875268 
4.697169 -0.853917 0.029273 1.197426 -0.474944 0.884868 -0.639385 -0.887297 0.573960 0.875268 
4.697169 -0.853917 0.029273 0.197426 0.525056 0.884868 -0.639385 -0.887297 0.573960 0.875268 
4.697169 -0.853917 0.029273 0.197426 -0.474944 1.884868 -0.639385 -0.887297 0.573960 0.875268 
4.697169 -0.853917 0.029273 0.197426 -0.474944 0.884868 0.360615 -0.887297 0.573960 0.875268 
4.697169 -0.853917 0.029273 0.197426 -0.474944 0.884868 0.360615 0.112703 0.573960 0.875268 
4.697169 -0.853917 0.029273 0.197426 -0.474944 0.884868 0.360615 -0.887297 1.573960 0.875268 
4.697169 -0.853917 0.029273 0.197426 -0.474944 0.884868 0.360615 -0.887297 1.573960 1.875268 
4.696787 -1.093856 -0.264681 -0.724236 -0.552610 0.881824 0.360701 -0.910041 1.574405 0.875194 
4.697134 -0.875797 0.521617 0.113380 -0.482026 0.884590 0.360623 -0.889371 1.574001 0.875261 
4.447169 -0.853519 0.029273 0.197426 -0.474944 0.884868 0.360615 -0.887297 1.573960 0.875268 
4.447928 -0.358584 0.022861 0.127002 -0.480878 0.884635 0.360622 -0.889035 1.573994 0.875262 
4.447169 -0.853519 0.029273 0.218418 -0.724061 0.884868 0.360615 -0.887297 1.573960 0.875268 
4.446942 -0.838499 -0.026197 0.688518 -0.402171 0.882856 0.360672 -0.902332 1.574254 0.875219 
4.447169 -0.853790 0.028941 0.196385 -0.475032 0.634871 0.360615 -0.887297 1.573960 0.875268 
4.446701 -0.976651 -0.201528 -0.228362 -0.476852 0.887196 0.360676 -0.903569 1.574278 0.875215 
4.447169 -0.853523 0.029374 0.197409 -0.474945 0.884868 0.610615 -0.887297 1.573960 0.875268 
4.446955 -0.899956 0.502586 0.043389 -0.470403 0.884989 0.360339 -0.895689 1.574124 0.875241 
4.447170 -0.852978 0.028143 0.207425 -0.474101 0.884827 0.360616 -1.137092 1.573960 0.875268 
4.446561 -0.905806 -0.157973 0.644423 -0.371679 0.883499 0.360445 -0.845679 1.574575 0.875166 
4.446865 -0.879662 -0.064350 0.420925 -0.423312 0.884183 0.360530 -0.866488 1.574267 0.875217 
4.447170 -0.852850 0.029264 0.197331 -0.474952 0.884868 0.360615 -0.887299 1.698958 0.875268 
4.447508 -0.605679 0.010309 0.171215 -0.470191 0.884756 0.360596 -0.885304 1.572585 0.875257 
4.447169 -0.853530 0.029252 0.197388 -0.474947 0.884868 0.360615 -0.887298 1.573960 0.750268 
4.446940 -0.908750 -0.125619 0.009079 -0.473153 0.885977 0.360589 -0.888152 1.574031 0.750327 
4.416461 -0.939970 -0.080273 -0.018706 -0.444957 0.916486 0.330139 -0.858993 1.513323 0.811189 
4.497635 -0.905736 0.009670 -0.105818 -0.497879 0.835423 0.411354 -0.931985 1.675749 0.648324 
4.447236 -0.930942 -0.215733 0.088721 -0.449077 0.885367 0.361030 -0.878839 1.575082 0.749343 
4.440085 -0.816558 -0.255755 0.087722 -0.433878 0.892591 0.353746 -0.868368 1.559899 0.763863 
4.450694 -0.931041 -0.215475 0.088058 -0.469237 0.881918 0.364488 -0.820806 1.582000 0.742425 
4.439452 -0.938202 -0.240738 0.109673 -0.579646 0.893108 0.353293 -0.850851 1.559663 0.764772 
4.391112 -0.930888 -0.215419 0.088005 -0.469242 0.875950 0.370456 -0.820814 1.593936 0.730489 
4.482401 -0.973914 -0.249412 0.125763 -0.451241 0.850707 0.395608 -0.830459 1.644653 0.679789 
4.450672 -0.930997 -0.215470 0.088011 -0.469220 0.875352 0.305174 -0.820786 1.595132 0.729293 
4.430966 -1.007075 -0.227999 0.118650 -0.413847 0.902019 0.344662 -0.784499 1.542242 0.782398 
4.450694 -0.930887 -0.215338 0.088186 -0.469240 0.940843 0.364488 -0.820816 1.596730 0.727695 
4.454694 -0.980059 -0.187217 -0.022370 -0.462085 0.937929 0.368017 -0.817362 1.603544 0.720824 
4.450694 -0.931026 -0.215022 0.088348 -0.469272 0.940843 0.364487 -0.820826 1.552536 0.683502 
4.452216 -0.916190 -0.117498 0.164937 -0.466886 0.939273 0.365734 -0.818753 1.555289 0.681420 
4.477057 -0.902075 -0.211955 0.077633 -0.467751 0.920133 0.388140 -0.792418 1.537458 0.698464 
4.456008 -0.829523 -0.273652 0.138269 -0.426653 0.938173 0.368368 -0.787611 1.535255 0.699706 
4.500935 -0.924896 -0.227722 0.098971 -0.467686 0.898290 0.411014 -0.791254 1.561008 0.674904 
4.476151 -0.920297 -0.214718 0.084739 -0.454347 0.921822 0.386922 -0.780605 1.526037 0.709936 
4.478695 -0.930786 -0.223435 0.100062 -0.506800 0.921313 0.388511 -0.783732 1.507121 0.728836 
4.475764 -0.924260 -0.238690 0.065124 -0.454975 0.922271 0.386570 -0.780867 1.525446 0.710297 
4.481247 -0.942922 -0.161447 0.063013 -0.456725 0.917755 0.391453 -0.777696 1.527957 0.708022 
4.471840 -0.904605 -0.205259 0.106452 -0.444017 0.925714 0.382698 -0.777398 1.525272 0.710448 
4.470095 -0.906203 -0.206295 0.107810 -0.448198 0.926685 0.381318 -0.765271 1.531114 0.704609 
4.484987 -0.913416 -0.208372 0.121264 -0.439621 0.914098 0.395074 -0.783736 1.533895 0.701785 
4.484012 -0.904698 -0.205324 0.106591 -0.444426 0.932270 0.375441 -0.777422 1.525533 0.710188 
4.470867 -0.906434 -0.203719 0.118730 -0.468546 0.926325 0.382590 -0.778325 1.514856 0.720828 
4.471850 -0.904627 -0.205181 0.106423 -0.444026 0.937286 0.393189 -0.777401 1.525559 0.710162 
4.471184 -0.909946 -0.176583 0.096319 -0.439474 0.938056 0.392309 -0.775018 1.525811 0.709865 
4.466595 -0.909117 -0.154511 0.080306 -0.427315 0.942562 0.387751 -0.770740 1.524208 0.711043 
4.471348 -0.910143 -0.176578 0.096437 -0.439476 0.937911 0.392464 -0.775099 1.514866 0.698720 
4.483636 -0.921803 -0.163663 0.105729 -0.434039 0.927137 0.403997 -0.779964 1.523517 0.691018 
4.490189 -0.915109 -0.163012 0.103424 -0.435543 0.921969 0.409933 -0.773033 1.519122 0.695388 
4.487923 -0.921950 -0.147153 0.111597 -0.457033 0.923688 0.408546 -0.774805 1.510850 0.703638 
4.489871 -0.924328 -0.165765 0.106853 -0.429288 0.923842 0.410518 -0.767364 1.513455 0.701088 
4.491688 -0.912169 -0.161347 0.104159 -0.436266 0.943234 0.432057 -0.776049 1.521487 0.693047 
4.487872 -0.904022 -0.157984 0.114904 -0.430696 0.943234 0.431011 -0.776707 1.520035 0.694378 
4.480374 -0.914407 -0.163470 0.096081 -0.433561 0.930679 0.445110 -0.794168 1.514119 0.700516 
4.481674 -0.913373 -0.161114 0.104678 -0.438715 0.939559 0.436645 -0.767582 1.525350 0.689184 
4.510771 -0.922186 -0.159319 0.093218 -0.445911 0.937927 0.437676 -0.776845 1.532522 0.682414 
4.493319 -0.922902 -0.164018 0.106400 -0.430773 0.945023 0.434075 -0.770554 1.516707 0.697908 
4.492370 -0.911980 -0.167071 0.107667 -0.439361 0.942522 0.432756 -0.776908 1.520105 0.691554 
4.489686 -0.911026 -0.157491 0.097205 -0.434921 0.946376 0.429798 -0.774220 1.511507 0.685571 
4.490170 -0.909163 -0.161565 0.095061 -0.429627 0.946021 0.430068 -0.773686 1.513563 0.683726 
4.486222 -0.908830 -0.155350 0.088216 -0.437460 0.951982 0.425928 -0.771694 1.514064 0.694298 
4.493210 -0.907711 -0.156985 0.096185 -0.435702 0.943481 0.432739 -0.770855 1.509585 0.687488 
4.499108 -0.912442 -0.146656 0.093392 -0.434125 0.939954 0.434989 -0.772333 1.514339 0.682225 
4.495578 -0.906374 -0.156143 0.099182 -0.435816 0.946551 0.429517 -0.766542 1.511229 0.685807 
4.490957 -0.900287 -0.148767 0.106597 -0.428201 0.946033 0.429727 -0.767833 1.508112 0.688391 
4.491497 -0.900899 -0.148693 0.107051 -0.427706 0.951378 0.435325 -0.767867 1.508105 0.688415 
4.492027 -0.910782 -0.149454 0.108312 -0.421973 0.945189 0.428593 -0.761696 1.503007 0.693384 
4.485947 -0.900914 -0.148377 0.106748 -0.429266 0.944199 0.432006 -0.763583 1.510247 0.686644 
4.489971 -0.897327 -0.147429 0.109467 -0.429913 0.947571 0.428469 -0.766349 1.496297 0.679690 
4.492194 -0.899531 -0.149974 0.113385 -0.429586 0.944526 0.430627 -0.768548 1.509863 0.690074 
4.489422 -0.899071 -0.150672 0.106424 -0.428924 0.947260 0.428933 -0.767248 1.507238 0.690390 
4.490963 -0.899740 -0.142992 0.102212 -0.427226 0.947787 0.428263 -0.766693 1.508722 0.688949 
4.491445 -0.897458 -0.144559 0.099245 -0.421252 0.947939 0.428041 -0.765705 1.510046 0.686532 
4.490217 -0.898771 -0.144645 0.100253 -0.420907 0.949836 0.426095 -0.766514 1.511237 0.685338 
4.487997 -0.899335 -0.143137 0.095766 -0.419875 0.946523 0.429596 -0.770469 1.508490 0.686774 
4.492244 -0.898693 -0.145710 0.097776 -0.421868 0.947715 0.428228 -0.765925 1.512733 0.687902 
4.493495 -0.898707 -0.144375 0.095375 -0.423892 0.949259 0.426975 -0.763648 1.507457 0.682119 
4.491207 -0.894826 -0.144419 0.098998 -0.422839 0.948106 0.428348 -0.767247 1.511365 0.685332 
4.492376 -0.892043 -0.138133 0.100639 -0.420648 0.948279 0.427875 -0.766419 1.513227 0.686044 
4.489520 -0.888024 -0.138231 0.099186 -0.420621 0.951371 0.425695 -0.764685 1.512004 0.690018 
4.492007 -0.887715 -0.138618 0.099246 -0.420133 0.952103 0.424476 -0.766843 1.510919 0.690870 
4.491285 -0.884204 -0.138592 0.101669 -0.418992 0.947387 0.420149 -0.766671 1.511008 0.690857 
4.491309 -0.887250 -0.139812 0.101531 -0.418847 0.952334 0.426302 -0.767789 1.511548 0.692124 
4.494394 -0.884629 -0.135159 0.097913 -0.420515 0.955855 0.424681 -0.764554 1.509178 0.687782 
4.491584 -0.884559 -0.130916 0.094117 -0.419053 0.955440 0.425215 -0.768356 1.507273 0.687598 
4.493849 -0.885169 -0.133975 0.099866 -0.422993 0.955877 0.424707 -0.764915 1.507479 0.688328 
4.497707 -0.884378 -0.133907 0.095980 -0.423022 0.956972 0.423440 -0.762593 1.514197 0.690347 
4.495115 -0.883272 -0.135916 0.096577 -0.421165 0.954339 0.426387 -0.763743 1.507694 0.689214 
4.492391 -0.881557 -0.140161 0.094491 -0.422472 0.958108 0.423502 -0.762586 1.506207 0.689926 
4.495036 -0.884498 -0.134946 0.096838 -0.419303 0.954764 0.425633 -0.761862 1.506588 0.691155 
4.498951 -0.886019 -0.138846 0.095543 -0.420838 0.953471 0.426466 -0.761222 1.506104 0.684812 
4.494963 -0.881299 -0.135808 0.097760 -0.419517 0.953442 0.424377 -0.763218 1.508230 0.687871 
4.495759 -0.878573 -0.135225 0.097250 -0.423134 0.948459 0.422416 -0.762221 1.506634 0.690529 
4.495437 -0.880076 -0.136225 0.097776 -0.420335 0.953484 0.427655 -0.764346 1.508605 0.688601 
4.495951 -0.877065 -0.137249 0.102187 -0.416414 0.954725 0.423692 -0.760570 1.508537 0.689137 
4.494165 -0.880686 -0.134183 0.095020 -0.418642 0.952987 0.424316 -0.764817 1.507949 0.687177 
4.493893 -0.877878 -0.133330 0.094621 -0.416164 0.953205 0.423900 -0.765015 1.507832 0.687151 
4.494276 -0.875323 -0.132805 0.093603 -0.413676 0.953012 0.423714 -0.765088 1.507401 0.686243 
4.493361 -0.873854 -0.131237 0.091729 -0.413685 0.952938 0.424798 -0.766657 1.507099 0.687843 
4.493458 -0.875058 -0.132151 0.093462 -0.414118 0.953088 0.424292 -0.763778 1.507571 0.685653 
4.493147 -0.875520 -0.134360 0.095066 -0.411736 0.952068 0.422588 -0.764204 1.508867 0.685513 
4.495080 -0.875242 -0.132729 0.092887 -0.413788 0.953297 0.423422 -0.764661 1.508863 0.686621 
4.495624 -0.874700 -0.131662 0.095512 -0.413973 0.954784 0.422130 -0.764925 1.507068 0.684750 
4.494863 -0.876023 -0.131649 0.094127 -0.412969 0.952298 0.424188 -0.764900 1.507469 0.686549 
4.494669 -0.876024 -0.133606 0.093083 -0.412428 0.954589 0.423303 -0.762986 1.505690 0.687707 
4.494241 -0.875634 -0.133078 0.093793 -0.413113 0.954120 0.424946 -0.765537 1.507848 0.685863 
4.495679 -0.873364 -0.134160 0.095225 -0.414416 0.952298 0.425283 -0.764261 1.507290 0.687120 
4.496006 -0.876185 -0.134030 0.092336 -0.413823 0.952057 0.424045 -0.764599 1.506610 0.683692 
4.493686 -0.873832 -0.132608 0.093053 -0.413300 0.953353 0.423511 -0.765803 1.507146 0.686406 
4.492829 -0.872558 -0.132575 0.092685 -0.413452 0.953876 0.423217 -0.766670 1.506930 0.686777 
4.492833 -0.871336 -0.132806 0.091678 -0.413122 0.953889 0.423125 -0.767231 1.506392 0.686047 
4.492573 -0.872442 -0.132665 0.093015 -0.413405 0.953435 0.423116 -0.766944 1.507486 0.686368 
4.491885 -0.872436 -0.133168 0.093642 -0.412346 0.953781 0.422513 -0.766177 1.507674 0.687053 
4.491565 -0.872958 -0.132775 0.093266 -0.412127 0.953921 0.422146 -0.766375 1.507701 0.686850 
4.491893 -0.872405 -0.131789 0.094307 -0.412156 0.953504 0.422976 -0.766519 1.507908 0.688038 
4.491557 -0.872623 -0.133465 0.093188 -0.412276 0.953318 0.422902 -0.766224 1.507732 0.687426 
4.491546 -0.873148 -0.133629 0.094360 -0.413444 0.953637 0.421857 -0.766685 1.507192 0.687617 
4.492445 -0.872474 -0.133381 0.093441 -0.412208 0.953866 0.422207 -0.766537 1.508103 0.687399 
4.492113 -0.872334 -0.133075 0.093017 -0.413257 0.954243 0.422058 -0.765628 1.509223 0.687656 
4.491977 -0.872608 -0.133276 0.093208 -0.413244 0.954843 0.422596 -0.765896 1.509459 0.687583 
4.491995 -0.870666 -0.133025 0.092170 -0.412814 0.954412 0.421986 -0.765569 1.509346 0.687424 
4.492125 -0.869115 -0.132967 0.091305 -0.412249 0.954442 0.421988 -0.765208 1.509572 0.687054 
4.491926 -0.868344 -0.132730 0.089917 -0.411968 0.954306 0.421752 -0.766047 1.509968 0.687483 
4.492093 -0.869292 -0.133677 0.090940 -0.412448 0.954519 0.421681 -0.765193 1.509459 0.686690 
4.491954 -0.868333 -0.133254 0.092569 -0.412638 0.954817 0.421932 -0.764407 1.508949 0.686642 
4.491875 -0.869020 -0.133054 0.091644 -0.412217 0.953985 0.421877 -0.765473 1.510126 0.686653 
4.492936 -0.869638 -0.132687 0.091213 -0.412157 0.953634 0.421813 -0.763820 1.509848 0.686738 
4.492469 -0.869018 -0.132710 0.091180 -0.412834 0.954321 0.422331 -0.765481 1.509405 0.686645 
4.491893 -0.869461 -0.133442 0.091497 -0.411445 0.955564 0.422907 -0.765026 1.510302 0.686807 
4.492470 -0.868901 -0.133503 0.091411 -0.412412 0.954180 0.422316 -0.765236 1.509753 0.687557 
4.491518 -0.868614 -0.133905 0.091579 -0.411626 0.954362 0.421389 -0.765424 1.509677 0.688599 
4.492140 -0.868556 -0.133845 0.091782 -0.411603 0.954752 0.420895 -0.765653 1.509940 0.688594 
4.491934 -0.869175 -0.133886 0.091611 -0.411026 0.953741 0.420925 -0.763940 1.510069 0.688683 
4.491229 -0.868559 -0.133755 0.091409 -0.412236 0.954614 0.421282 -0.765145 1.510174 0.688811 
4.491202 -0.866946 -0.133101 0.090668 -0.411947 0.954634 0.421445 -0.765016 1.510404 0.689046 
4.491161 -0.865342 -0.132411 0.089948 -0.411679 0.954655 0.421617 -0.764900 1.510632 0.689325 
4.491182 -0.866144 -0.132756 0.090308 -0.411813 0.954645 0.421531 -0.764958 1.510518 0.689185 
4.491251 -0.866919 -0.132983 0.090655 -0.412174 0.954360 0.421218 -0.765070 1.510220 0.689124 
4.490906 -0.867317 -0.133183 0.090802 -0.412168 0.955170 0.421676 -0.764835 1.510919 0.689175 
4.491229 -0.867154 -0.133030 0.090366 -0.411843 0.954534 0.421473 -0.765227 1.510543 0.689157 
4.490603 -0.866895 -0.133392 0.090919 -0.411692 0.954631 0.421848 -0.765112 1.509947 0.689051 
4.491320 -0.867013 -0.133141 0.090461 -0.411986 0.954865 0.421464 -0.764885 1.510122 0.689199 
4.491048 -0.866768 -0.133757 0.090406 -0.412053 0.954641 0.421177 -0.764954 1.510585 0.688517 
4.491375 -0.866860 -0.133374 0.090725 -0.412013 0.954486 0.421602 -0.765002 1.510495 0.689299 
4.491145 -0.867109 -0.133089 0.090805 -0.411490 0.954302 0.421354 -0.764270 1.510547 0.689012 
4.491259 -0.866995 -0.133013 0.090567 -0.412131 0.954506 0.421768 -0.764913 1.510371 0.688825 
4.491542 -0.866824 -0.133198 0.091340 -0.411580 0.954904 0.421341 -0.765245 1.510561 0.688787 
4.491029 -0.866908 -0.133085 0.090915 -0.412164 0.954504 0.421178 -0.765021 1.510408 0.689145 
4.491142 -0.866745 -0.133041 0.090642 -0.411910 0.954674 0.421458 -0.764989 1.510480 0.689085 
4.491180 -0.866698 -0.133031 0.090626 -0.411882 0.954607 0.421430 -0.765012 1.510416 0.689069 
4.491128 -0.866803 -0.133072 0.090765 -0.411904 0.954823 0.421491 -0.764983 1.510609 0.689076 
4.491217 -0.866751 -0.133005 0.090611 -0.411942 0.954674 0.421408 -0.764977 1.510537 0.689085 
4.490971 -0.866829 -0.133068 0.090555 -0.411883 0.954642 0.421501 -0.765035 1.510531 0.689168 
4.491161 -0.866767 -0.132959 0.090675 -0.411897 0.954673 0.421492 -0.764997 1.510457 0.689151 
4.491113 -0.866727 -0.133120 0.090604 -0.411975 0.954798 0.421442 -0.764862 1.510364 0.689122 
4.491120 -0.866706 -0.133122 0.090587 -0.412032 0.954839 0.421453 -0.764955 1.510347 0.689127 
4.491077 -0.866685 -0.133102 0.090609 -0.412159 0.954784 0.421591 -0.764896 1.510359 0.689006 
4.491077 -0.866728 -0.133053 0.090572 -0.412016 0.954876 0.421414 -0.764959 1.510324 0.689063 
4.490984 -0.866750 -0.133247 0.090498 -0.412032 0.954789 0.421498 -0.764985 1.510420 0.689197 
4.491163 -0.866716 -0.133126 0.090525 -0.411978 0.954872 0.421520 -0.764954 1.510346 0.689102 
4.491108 -0.866672 -0.133253 0.090770 -0.412019 0.954893 0.421447 -0.764977 1.510402 0.689099 
4.491154 -0.866705 -0.133117 0.090556 -0.412064 0.954859 0.421415 -0.764943 1.510443 0.689107 
4.491145 -0.866726 -0.133175 0.090649 -0.412130 0.954754 0.421439 -0.764916 1.510212 0.689249 
4.491092 -0.866622 -0.133103 0.090588 -0.412023 0.954843 0.421463 -0.764941 1.510348 0.689162 
4.491097 -0.866602 -0.133124 0.090573 -0.412019 0.954824 0.421445 -0.764945 1.510336 0.689138 
4.491104 -0.866601 -0.133094 0.090603 -0.411996 0.954757 0.421458 -0.764996 1.510355 0.689144 
4.491068 -0.866614 -0.133128 0.090541 -0.412022 0.954810 0.421447 -0.764948 1.510342 0.689151 
4.491085 -0.866590 -0.133175 0.090649 -0.412002 0.954849 0.421452 -0.764957 1.510341 0.689122 
4.491106 -0.866606 -0.133128 0.090569 -0.411993 0.954836 0.421417 -0.764957 1.510333 0.689163 
4.491157 -0.866591 -0.133110 0.090613 -0.412048 0.954813 0.421435 -0.764923 1.510284 0.689157 
