Start Optimization 
8.463823 -0.403039 -0.227193 -0.134274 -0.325427 0.664317 0.277523 -0.374798 -0.102395 0.989485 
9.463823 -0.403039 -0.227193 -0.134274 -0.325427 0.664317 0.277523 -0.374798 -0.102395 0.989485 
8.463823 0.596961 -0.227193 -0.134274 -0.325427 0.664317 0.277523 -0.374798 -0.102395 0.989485 
8.463823 -0.403039 0.772807 -0.134274 -0.325427 0.664317 0.277523 -0.374798 -0.102395 0.989485 
8.463823 -0.403039 -0.227193 0.865726 -0.325427 0.664317 0.277523 -0.374798 -0.102395 0.989485 
8.463823 -0.403039 -0.227193 -0.134274 0.674573 0.664317 0.277523 -0.374798 -0.102395 0.989485 
8.463823 -0.403039 -0.227193 -0.134274 -0.325427 1.664317 0.277523 -0.374798 -0.102395 0.989485 
8.463823 -0.403039 -0.227193 -0.134274 -0.325427 1.664317 1.277523 -0.374798 -0.102395 0.989485 
8.463823 -0.403039 -0.227193 -0.134274 -0.325427 1.664317 0.277523 0.625202 -0.102395 0.989485 
8.463823 -0.403039 -0.227193 -0.134274 -0.325427 1.664317 0.277523 0.625202 0.897605 0.989485 
8.463823 -0.403039 -0.227193 -0.134274 -0.325427 1.664317 0.277523 0.625202 -0.102395 1.989485 
8.463421 -0.670339 -0.373460 -1.081699 -0.420981 1.664338 0.277123 0.626913 -0.122471 1.991728 
8.463797 0.093125 -0.236576 -0.195051 -0.331557 1.664318 0.277497 0.625312 -0.103683 1.989629 
8.213824 -0.403039 -0.226506 -0.134274 -0.325427 1.664317 0.277523 0.625202 -0.102395 1.989485 
8.215188 -0.399846 0.272300 -0.168453 -0.328874 1.664318 0.277509 0.625264 -0.103119 1.989566 
8.213824 -0.403039 -0.226506 -0.109187 -0.574165 1.664317 0.277523 0.625202 -0.102395 1.989485 
8.213565 -0.366374 -0.287709 0.357076 -0.266992 1.664326 0.277357 0.625911 -0.110712 1.990414 
8.213824 -0.403040 -0.226506 -0.134278 -0.325427 1.914317 0.277523 0.625202 -0.102395 1.989485 
8.213085 -0.504560 -0.433632 -0.576725 -0.353489 1.914381 0.277214 0.626524 -0.117906 1.991218 
8.213824 -0.403032 -0.226502 -0.134109 -0.325410 1.914317 0.027523 0.625202 -0.102395 1.989485 
8.213253 -0.390360 -0.372206 0.339230 -0.260993 1.914399 0.277926 0.626534 -0.118015 1.991230 
8.213829 -0.403075 -0.224629 -0.134401 -0.325440 1.914317 0.277523 0.875195 -0.102395 1.989485 
8.215116 -0.418537 0.271028 -0.180372 -0.322655 1.914350 0.277535 0.619158 -0.109346 1.990262 
8.213820 -0.318387 -0.228107 -0.144648 -0.326473 1.914317 0.277519 0.625221 -0.337390 1.989485 
8.213774 0.062822 -0.237664 -0.194843 -0.329639 1.914327 0.277506 0.624738 0.068373 1.989683 
8.213823 -0.402998 -0.226794 -0.133180 -0.325317 1.914317 0.277524 0.625205 -0.102427 2.239482 
8.213235 -0.380550 -0.379076 0.338070 -0.261228 1.914398 0.277924 0.621491 -0.112804 2.238473 
8.213666 -0.492525 -0.283848 -0.146547 -0.326665 2.019881 0.383076 0.520046 -0.021398 2.133936 
8.213164 -0.453819 -0.413213 -0.578908 -0.355976 1.863110 0.226021 0.673241 -0.152826 2.293599 
8.214454 -0.425853 0.016713 -0.157074 -0.323946 1.935552 0.298747 0.600980 -0.088340 2.218945 
8.213822 -0.511041 -0.227225 -0.109322 -0.322910 1.902217 0.265437 0.637305 -0.155280 2.251487 
8.213726 -0.358000 -0.220677 0.109255 -0.289685 1.920711 0.284086 0.615505 -0.089305 2.232920 
8.213671 -0.416177 -0.248677 -0.251635 -0.328296 1.900346 0.263477 0.636558 -0.115832 2.254676 
8.213822 -0.402200 -0.227320 -0.134862 -0.262848 1.914502 0.277712 0.625026 -0.102142 2.239276 
8.213598 -0.373621 -0.240364 -0.013483 -0.335409 1.907621 0.270913 0.626493 -0.102448 2.247129 
8.151326 -0.403037 -0.226239 -0.133218 -0.325315 1.914354 0.277561 0.625165 -0.102402 2.239446 
8.152371 -0.413263 -0.103918 -0.140942 -0.326639 1.924540 0.287744 0.613139 -0.095464 2.229683 
8.152362 -0.413319 -0.107422 -0.142113 -0.326757 1.916409 0.279612 0.552971 -0.104063 2.237815 
8.152291 -0.459097 -0.124145 -0.144312 -0.328999 1.982919 0.346120 0.585357 -0.049335 2.171523 
8.152371 -0.431450 -0.103685 -0.138122 -0.326392 1.906450 0.269655 0.613154 -0.044614 2.247771 
8.152078 -0.387094 -0.068449 -0.024729 -0.337412 1.928726 0.292014 0.616257 -0.097827 2.226631 
8.152371 -0.413297 -0.104009 -0.141190 -0.326639 1.898986 0.338735 0.613171 -0.095505 2.255239 
8.151835 -0.419565 -0.055458 -0.246852 -0.355061 1.892433 0.330124 0.635636 -0.118567 2.265362 
8.152370 -0.413225 -0.104103 -0.141135 -0.321528 1.943048 0.338751 0.613157 -0.095487 2.299268 
8.152345 -0.410583 -0.098820 -0.138672 -0.202249 1.893183 0.340216 0.613168 -0.095081 2.246561 
8.152230 -0.389886 -0.083804 -0.020997 -0.338486 1.904151 0.344069 0.611333 -0.092931 2.251141 
8.152331 -0.436076 -0.114122 -0.142943 -0.327932 1.928311 0.368070 0.599285 -0.072855 2.226014 
8.150965 -0.386262 -0.104596 -0.147104 -0.327233 1.901949 0.341695 0.610218 -0.082348 2.252297 
8.095820 -0.414070 -0.129827 -0.138945 -0.326370 1.896689 0.336448 0.616438 -0.098662 2.257435 
8.108965 -0.411590 -0.157389 -0.134400 -0.325309 1.894852 0.334674 0.618819 -0.099777 2.259084 
8.094131 -0.422686 -0.135226 -0.192329 -0.342773 1.890825 0.329569 0.632262 -0.115770 2.264939 
8.095815 -0.412863 -0.129442 -0.130061 -0.356204 1.898434 0.336513 0.616269 -0.098542 2.259139 
8.091146 -0.402681 -0.119269 -0.070301 -0.347319 1.899162 0.338260 0.619175 -0.101859 2.257126 
8.095112 -0.424311 -0.134321 -0.128879 -0.357621 1.913268 0.351332 0.609705 -0.087651 2.244427 
8.095813 -0.409498 -0.130073 -0.130780 -0.356269 1.900428 0.338507 0.606184 -0.109417 2.257146 
8.095180 -0.415821 -0.131213 -0.128387 -0.356949 1.891565 0.329634 0.583663 -0.095828 2.266065 
8.095156 -0.415389 -0.131199 -0.128499 -0.358236 1.880605 0.329679 0.583617 -0.095613 2.255015 
8.093330 -0.388334 -0.131762 -0.133242 -0.359215 1.884310 0.332650 0.580137 -0.082272 2.252817 
8.095158 -0.415400 -0.131223 -0.128574 -0.358240 1.874215 0.342425 0.583629 -0.095627 2.261405 
8.092540 -0.427442 -0.132937 -0.141969 -0.378899 1.869233 0.337750 0.584953 -0.107000 2.267549 
8.081170 -0.415114 -0.137080 -0.125286 -0.357341 1.873663 0.341947 0.584570 -0.096559 2.261824 
8.083419 -0.413994 -0.129772 -0.095413 -0.355144 1.872551 0.341876 0.584580 -0.100838 2.262070 
8.078166 -0.416259 -0.119007 -0.097633 -0.345768 1.872132 0.342223 0.583469 -0.101547 2.261256 
8.080559 -0.417873 -0.124413 -0.096598 -0.331793 1.869998 0.341285 0.583610 -0.103718 2.261465 
8.078132 -0.418929 -0.120103 -0.096721 -0.345248 1.875768 0.345908 0.581711 -0.098721 2.257552 
8.070939 -0.423095 -0.108390 -0.097045 -0.347758 1.870922 0.341838 0.582610 -0.106574 2.261991 
8.064979 -0.412655 -0.099751 -0.096368 -0.345780 1.871645 0.343048 0.580094 -0.103142 2.261271 
8.071463 -0.421187 -0.109705 -0.096782 -0.348705 1.871938 0.342802 0.577815 -0.111925 2.261082 
8.070060 -0.421798 -0.108437 -0.084105 -0.356635 1.870354 0.341874 0.578935 -0.114857 2.262919 
8.071379 -0.422796 -0.110164 -0.096265 -0.348623 1.869688 0.340564 0.572197 -0.108559 2.263315 
8.069851 -0.424116 -0.108940 -0.097897 -0.334687 1.869757 0.342111 0.577109 -0.117301 2.261138 
8.071449 -0.421258 -0.109846 -0.096781 -0.349306 1.866884 0.343222 0.577604 -0.111506 2.255191 
8.069788 -0.427208 -0.109817 -0.094874 -0.347509 1.875175 0.350661 0.573625 -0.106989 2.248962 
8.072653 -0.421288 -0.109353 -0.097100 -0.349385 1.863784 0.349541 0.577529 -0.111433 2.258302 
8.084732 -0.422296 -0.100246 -0.099383 -0.349172 1.865154 0.348073 0.575979 -0.111950 2.256783 
8.072227 -0.419490 -0.109931 -0.101170 -0.351951 1.868059 0.350997 0.577704 -0.114944 2.259481 
8.067183 -0.424153 -0.108822 -0.113536 -0.352883 1.862467 0.350074 0.575612 -0.112871 2.258411 
8.075576 -0.415182 -0.114558 -0.101530 -0.349837 1.869001 0.351657 0.577717 -0.113008 2.259063 
8.073690 -0.422077 -0.112060 -0.101130 -0.352593 1.867904 0.350696 0.578372 -0.115876 2.259710 
8.071790 -0.417824 -0.108828 -0.095340 -0.353887 1.869524 0.351967 0.578226 -0.118669 2.260855 
8.072531 -0.419082 -0.110080 -0.100950 -0.355268 1.867819 0.350940 0.577671 -0.113006 2.259159 
8.067894 -0.420298 -0.108484 -0.106017 -0.351866 1.865253 0.351450 0.576333 -0.117354 2.259972 
8.069961 -0.420443 -0.111401 -0.100443 -0.351649 1.869379 0.352657 0.577208 -0.114013 2.258572 
8.076170 -0.421590 -0.105689 -0.101911 -0.351273 1.871038 0.352877 0.575664 -0.114567 2.257165 
8.071886 -0.419780 -0.109104 -0.101549 -0.351471 1.868948 0.350942 0.580915 -0.113860 2.260792 
8.072334 -0.419743 -0.109934 -0.101118 -0.351847 1.868208 0.351190 0.576818 -0.114459 2.261108 
8.071635 -0.419838 -0.110057 -0.101035 -0.351712 1.869930 0.347823 0.576199 -0.114309 2.261000 
8.072235 -0.418916 -0.109556 -0.100134 -0.351959 1.868179 0.351094 0.577019 -0.115803 2.260733 
8.072116 -0.419530 -0.109773 -0.098189 -0.352938 1.868850 0.351671 0.577385 -0.115625 2.263754 
8.072018 -0.418569 -0.109780 -0.101321 -0.352638 1.869070 0.351495 0.576990 -0.116602 2.261099 
8.070284 -0.418312 -0.109280 -0.103356 -0.352654 1.866785 0.350914 0.577023 -0.117855 2.261914 
8.072125 -0.417409 -0.111186 -0.101307 -0.352279 1.868799 0.351315 0.577286 -0.116329 2.261388 
8.074113 -0.418426 -0.107625 -0.102669 -0.351981 1.870539 0.352321 0.576309 -0.117232 2.260596 
8.070657 -0.418942 -0.110030 -0.101156 -0.352341 1.869698 0.352304 0.576738 -0.116627 2.260370 
8.072255 -0.419126 -0.110179 -0.101346 -0.352256 1.869065 0.351439 0.577128 -0.117109 2.261132 
8.072528 -0.419682 -0.110584 -0.101395 -0.353804 1.868851 0.351330 0.577330 -0.117224 2.260261 
8.072311 -0.419124 -0.110367 -0.101247 -0.352329 1.869008 0.351292 0.576202 -0.117230 2.261194 
8.071850 -0.419277 -0.110230 -0.101321 -0.352321 1.869949 0.349664 0.576322 -0.117185 2.261140 
8.072559 -0.419235 -0.110500 -0.100698 -0.352534 1.869557 0.351509 0.576253 -0.117059 2.261565 
8.071411 -0.419596 -0.109841 -0.101558 -0.352780 1.868226 0.351239 0.576225 -0.117810 2.262315 
8.071326 -0.419912 -0.108587 -0.102622 -0.352844 1.867901 0.351395 0.575929 -0.118617 2.262674 
8.071066 -0.419213 -0.110515 -0.101626 -0.352836 1.867913 0.351102 0.576393 -0.117830 2.262601 
8.071389 -0.419393 -0.109744 -0.101299 -0.352800 1.868208 0.351210 0.576275 -0.118136 2.262217 
8.071306 -0.419998 -0.109667 -0.101082 -0.352579 1.867704 0.351031 0.576219 -0.117411 2.262221 
8.071148 -0.419551 -0.109805 -0.101523 -0.352441 1.868364 0.351386 0.576148 -0.117793 2.262365 
8.070909 -0.419974 -0.110029 -0.101569 -0.353208 1.868374 0.351504 0.576187 -0.117879 2.261824 
8.071505 -0.419877 -0.110030 -0.101574 -0.352592 1.868269 0.351133 0.576299 -0.118056 2.262328 
8.071115 -0.419583 -0.109676 -0.101616 -0.352864 1.868671 0.350454 0.576257 -0.117699 2.262321 
8.071446 -0.419598 -0.109938 -0.101494 -0.352822 1.868212 0.351171 0.575764 -0.117865 2.262356 
8.071521 -0.419824 -0.109833 -0.101176 -0.353053 1.868683 0.351497 0.576425 -0.117675 2.262893 
8.071626 -0.419508 -0.109916 -0.101640 -0.352648 1.868405 0.351274 0.576306 -0.117627 2.262029 
8.071393 -0.419681 -0.109567 -0.101927 -0.352763 1.868159 0.351292 0.576280 -0.117895 2.262359 
8.071453 -0.419660 -0.109813 -0.101505 -0.352841 1.868351 0.351316 0.576290 -0.117771 2.262453 
8.071354 -0.419626 -0.109870 -0.101575 -0.352838 1.868261 0.351277 0.576221 -0.117832 2.262260 
8.071359 -0.419734 -0.109781 -0.101470 -0.352760 1.868126 0.351225 0.576269 -0.117704 2.262263 
8.071445 -0.419594 -0.109869 -0.101553 -0.352770 1.868167 0.351335 0.576222 -0.117822 2.262317 
8.071358 -0.419543 -0.109999 -0.101612 -0.352775 1.868100 0.351304 0.576334 -0.117767 2.262406 
8.071470 -0.419651 -0.109904 -0.101569 -0.352786 1.868151 0.351316 0.576004 -0.117778 2.262377 
8.071473 -0.419626 -0.109870 -0.101512 -0.352794 1.868136 0.351310 0.575976 -0.117839 2.262380 
8.071517 -0.419592 -0.109842 -0.101462 -0.352781 1.868147 0.351310 0.575942 -0.117870 2.262344 
8.071515 -0.419601 -0.109771 -0.101503 -0.352782 1.868123 0.351317 0.575930 -0.117917 2.262361 
8.071510 -0.419605 -0.109703 -0.101539 -0.352785 1.868095 0.351321 0.575918 -0.117967 2.262382 
8.071506 -0.419609 -0.109634 -0.101574 -0.352788 1.868068 0.351326 0.575904 -0.118018 2.262402 
8.071502 -0.419613 -0.109564 -0.101609 -0.352790 1.868041 0.351330 0.575891 -0.118069 2.262422 
8.071486 -0.419616 -0.109506 -0.101645 -0.352797 1.868006 0.351332 0.575883 -0.118120 2.262454 
8.071470 -0.419619 -0.109446 -0.101681 -0.352804 1.867971 0.351333 0.575874 -0.118171 2.262486 
8.071502 -0.419627 -0.109369 -0.101707 -0.352794 1.867975 0.351347 0.575853 -0.118205 2.262465 
8.071479 -0.419648 -0.109463 -0.101678 -0.352786 1.867975 0.351322 0.575881 -0.118199 2.262488 
8.071459 -0.419616 -0.109459 -0.101603 -0.352802 1.867963 0.351315 0.575893 -0.118248 2.262493 
8.071455 -0.419642 -0.109458 -0.101673 -0.352749 1.867988 0.351336 0.575873 -0.118197 2.262496 
8.071504 -0.419613 -0.109449 -0.101664 -0.352708 1.867958 0.351300 0.575889 -0.118175 2.262540 
8.071442 -0.419653 -0.109453 -0.101668 -0.352738 1.867956 0.351323 0.575871 -0.118187 2.262469 
8.071452 -0.419582 -0.109498 -0.101717 -0.352736 1.867980 0.351317 0.575855 -0.118232 2.262469 
8.071443 -0.419644 -0.109447 -0.101674 -0.352754 1.868010 0.351296 0.575863 -0.118192 2.262497 
8.071465 -0.419657 -0.109480 -0.101656 -0.352758 1.867968 0.351342 0.575786 -0.118196 2.262524 
8.071403 -0.419666 -0.109490 -0.101701 -0.352760 1.867959 0.351336 0.575903 -0.118203 2.262550 
