Start Optimization 
14.252419 -0.303835 -0.106065 -0.267657 -0.535227 -0.061086 -0.276109 -0.034766 0.512974 0.002751 
15.252419 -0.303835 -0.106065 -0.267657 -0.535227 -0.061086 -0.276109 -0.034766 0.512974 0.002751 
15.252419 0.696165 -0.106065 -0.267657 -0.535227 -0.061086 -0.276109 -0.034766 0.512974 0.002751 
15.252419 -0.303835 0.893935 -0.267657 -0.535227 -0.061086 -0.276109 -0.034766 0.512974 0.002751 
15.252419 -0.303835 -0.106065 0.732343 -0.535227 -0.061086 -0.276109 -0.034766 0.512974 0.002751 
15.252419 -0.303835 -0.106065 -0.267657 0.464773 -0.061086 -0.276109 -0.034766 0.512974 0.002751 
15.252419 -0.303835 -0.106065 -0.267657 -0.535227 0.938914 -0.276109 -0.034766 0.512974 0.002751 
15.252419 -0.303835 -0.106065 -0.267657 -0.535227 0.938914 0.723891 -0.034766 0.512974 0.002751 
15.252419 -0.303835 -0.106065 -0.267657 -0.535227 0.938914 0.723891 0.965234 0.512974 0.002751 
15.252419 -0.303835 -0.106065 -0.267657 -0.535227 0.938914 0.723891 -0.034766 1.512974 0.002751 
15.252419 -0.303835 -0.106065 -0.267657 -0.535227 0.938914 0.723891 -0.034766 0.512974 1.002751 
15.253443 -0.508226 -0.383115 -1.205923 -0.553351 0.939744 0.724375 -0.062034 0.505844 0.002424 
15.252476 -0.315251 0.391046 -0.320064 -0.536239 0.938960 0.723918 -0.036289 0.512576 0.002733 
15.502416 -0.302583 -0.106065 -0.267657 -0.535227 0.938914 0.723891 -0.034766 0.512974 0.002751 
15.499957 0.195596 -0.126714 -0.304857 -0.535946 0.938947 0.723910 -0.035847 0.512691 0.002738 
15.502416 -0.302583 -0.106065 -0.262829 -0.785180 0.938914 0.723891 -0.034766 0.512974 0.002751 
15.502570 -0.283335 -0.246154 0.211734 -0.523785 0.939137 0.724021 -0.042101 0.511056 0.002663 
15.502416 -0.302610 -0.106102 -0.267783 -0.535229 1.188914 0.723891 -0.034766 0.512974 0.002751 
15.503159 -0.361554 -0.483328 -0.590153 -0.537552 0.937832 0.724124 -0.047889 0.509542 0.002594 
15.502743 -0.310129 0.134210 -0.335721 -0.534022 0.938362 0.724041 -0.043236 0.510759 0.002649 
15.502416 -0.302596 -0.106161 -0.267718 -0.535228 0.938914 0.848891 -0.034766 0.512974 0.002751 
15.502800 -0.332625 -0.291558 -0.432565 -0.536377 0.938353 0.848776 -0.041607 0.511185 0.002669 
15.502415 -0.302388 -0.108388 -0.260076 -0.535081 0.938918 0.848893 -0.159512 0.512974 0.002751 
15.502676 -0.300514 -0.201430 -0.028608 -0.528254 0.938504 0.849065 -0.144993 0.510904 0.002656 
15.502415 -0.302426 -0.106764 -0.260537 -0.535089 0.938918 0.848894 -0.159569 0.387985 0.002751 
15.503121 -0.317523 0.140019 -0.238355 -0.529166 0.937758 0.849395 -0.165743 0.517137 0.002530 
15.502415 -0.302403 -0.108492 -0.260169 -0.535082 0.938917 0.848893 -0.159516 0.512973 -0.122249 
15.503333 -0.350969 -0.295478 -0.418506 -0.532255 0.937513 0.848990 -0.169287 0.512226 -0.122017 
15.502990 -0.417150 -0.119643 -0.211966 -0.534151 0.938927 0.848896 -0.156554 0.512684 -0.122262 
15.502806 -0.325720 -0.212571 0.000819 -0.527655 0.938508 0.849070 -0.143050 0.511095 -0.122373 
15.503380 -0.436069 0.003789 -0.209261 -0.531521 0.938380 0.849132 -0.160079 0.514758 -0.122386 
15.565489 -0.416877 -0.119796 -0.212096 -0.534154 0.938927 0.848896 -0.156559 0.512682 -0.122262 
15.565450 -0.460148 -0.190740 -0.305228 -0.532437 0.938094 0.848984 -0.163058 0.512765 -0.122157 
15.565486 -0.415641 -0.120964 -0.210642 -0.471694 0.938929 0.848896 -0.156373 0.512657 -0.122263 
15.565527 -0.373623 -0.157156 -0.101526 -0.543817 0.938493 0.849048 -0.150320 0.512183 -0.122336 
15.565526 -0.373727 -0.157444 -0.101827 -0.543812 0.875994 0.849048 -0.150336 0.512181 -0.122335 
15.565517 -0.383629 -0.280660 -0.105583 -0.561884 0.875133 0.849307 -0.152078 0.511790 -0.122281 
15.565526 -0.373752 -0.157310 -0.101858 -0.543808 0.875994 0.911548 -0.150339 0.512183 -0.122336 
15.566251 -0.376291 -0.060154 -0.025868 -0.563520 0.873381 0.912060 -0.151980 0.514638 -0.122537 
15.565525 -0.373375 -0.158655 -0.097809 -0.529824 0.875996 0.911549 -0.211103 0.512177 -0.122336 
15.565586 -0.370077 -0.160884 -0.088917 -0.423758 0.875660 0.911667 -0.118417 0.512296 -0.122355 
15.565508 -0.370036 -0.157762 -0.103185 -0.543834 0.875993 0.911547 -0.150406 0.574427 -0.126363 
15.565167 -0.291035 -0.150626 -0.127191 -0.549194 0.875726 0.911637 -0.150318 0.500773 -0.211426 
15.565369 -0.337931 -0.148190 -0.112748 -0.543335 0.853078 0.888671 -0.150937 0.512275 -0.085291 
15.565346 -0.331165 -0.174001 -0.114864 -0.555622 0.949601 0.985715 -0.148356 0.511937 -0.074364 
15.622465 -0.382873 -0.148977 -0.124462 -0.544263 0.876400 0.912019 -0.150640 0.512199 -0.122262 
15.610289 -0.390553 -0.131802 -0.145654 -0.540936 0.878994 0.914526 -0.151714 0.512328 -0.122252 
15.618376 -0.414871 -0.158866 -0.189951 -0.560144 0.869244 0.905639 -0.148351 0.511816 -0.121815 
15.610355 -0.391616 -0.120549 -0.140270 -0.568860 0.878876 0.914464 -0.158037 0.512569 -0.122269 
15.633324 -0.403270 -0.068970 -0.127553 -0.554438 0.881200 0.918246 -0.144157 0.513058 -0.121928 
15.610392 -0.400000 -0.124454 -0.137676 -0.569691 0.890721 0.926295 -0.158021 0.514680 -0.097798 
15.618207 -0.359651 -0.120912 -0.155898 -0.575984 0.919566 0.955590 -0.156661 0.510865 -0.109033 
15.607508 -0.401047 -0.120531 -0.143031 -0.552164 0.892378 0.927922 -0.182729 0.514628 -0.097931 
15.636926 -0.399309 -0.129438 -0.116641 -0.610191 0.887398 0.923911 -0.190840 0.514381 -0.098331 
15.598585 -0.409485 -0.126258 -0.128889 -0.572237 0.888943 0.942256 -0.157811 0.497080 -0.107419 
15.597991 -0.414053 -0.127503 -0.127168 -0.572294 0.901334 0.935797 -0.157726 0.496432 -0.112185 
15.587635 -0.402287 -0.122407 -0.125143 -0.575746 0.902285 0.922093 -0.157897 0.477997 -0.099526 
15.590029 -0.409369 -0.125044 -0.118053 -0.572479 0.902335 0.936696 -0.158600 0.504600 -0.112772 
15.586180 -0.425775 -0.132124 -0.148409 -0.586173 0.899041 0.934952 -0.153556 0.499769 -0.112373 
15.594563 -0.415565 -0.120823 -0.130427 -0.562796 0.902318 0.936730 -0.148632 0.496566 -0.111909 
15.615300 -0.423479 -0.106544 -0.121266 -0.581643 0.901025 0.937453 -0.157058 0.491602 -0.112045 
15.599091 -0.404839 -0.124778 -0.132617 -0.575421 0.908441 0.943010 -0.157881 0.495528 -0.114973 
15.615387 -0.411323 -0.145309 -0.121750 -0.564323 0.902091 0.938901 -0.145536 0.486599 -0.113198 
15.598855 -0.416395 -0.125768 -0.130633 -0.563803 0.902022 0.937061 -0.169678 0.494007 -0.112197 
15.597579 -0.416344 -0.128550 -0.126989 -0.572878 0.904215 0.938675 -0.157622 0.497223 -0.106108 
15.593501 -0.423346 -0.130117 -0.137799 -0.579956 0.902268 0.937810 -0.155945 0.497891 -0.107229 
15.594923 -0.418422 -0.129508 -0.124481 -0.573244 0.903830 0.942732 -0.157221 0.492777 -0.108513 
15.606569 -0.416919 -0.138456 -0.128999 -0.570782 0.904502 0.938854 -0.150918 0.493962 -0.105252 
15.595817 -0.414100 -0.127871 -0.127460 -0.573986 0.904352 0.935137 -0.157261 0.492014 -0.102763 
15.597616 -0.417577 -0.128555 -0.126424 -0.573018 0.907294 0.937100 -0.157595 0.497048 -0.107293 
15.602094 -0.420028 -0.123711 -0.125360 -0.575687 0.906541 0.937687 -0.156907 0.495813 -0.106698 
15.601262 -0.419176 -0.123923 -0.123824 -0.577574 0.906434 0.937445 -0.154383 0.497012 -0.106730 
15.601056 -0.422801 -0.121426 -0.120596 -0.579257 0.907411 0.937475 -0.156891 0.500372 -0.103596 
15.601938 -0.421351 -0.122554 -0.120546 -0.581712 0.908060 0.938148 -0.158896 0.500233 -0.103995 
15.600362 -0.422009 -0.116602 -0.122630 -0.577716 0.910905 0.940486 -0.154228 0.501487 -0.102873 
15.604185 -0.425450 -0.117536 -0.122390 -0.575345 0.911911 0.940749 -0.149658 0.501869 -0.100440 
15.604586 -0.427228 -0.112581 -0.121556 -0.573132 0.910172 0.938070 -0.147625 0.503383 -0.103746 
15.604910 -0.423458 -0.117066 -0.119863 -0.573806 0.912396 0.940463 -0.150009 0.500968 -0.099702 
15.601507 -0.427839 -0.117509 -0.126599 -0.578614 0.912036 0.939073 -0.148527 0.499548 -0.097238 
15.603230 -0.427049 -0.117893 -0.121083 -0.575574 0.913846 0.941184 -0.149492 0.500110 -0.102127 
15.601808 -0.429189 -0.118774 -0.121424 -0.576005 0.909947 0.947331 -0.149050 0.500338 -0.102469 
15.600579 -0.428126 -0.119427 -0.120012 -0.577615 0.909910 0.947039 -0.146632 0.501630 -0.102555 
15.599936 -0.431029 -0.122229 -0.124661 -0.573352 0.912205 0.947677 -0.150958 0.504200 -0.103423 
15.599961 -0.432614 -0.121156 -0.123056 -0.574538 0.912781 0.947789 -0.152488 0.505843 -0.101929 
15.604704 -0.432986 -0.121507 -0.125957 -0.578554 0.914280 0.949644 -0.153540 0.506437 -0.104496 
15.605423 -0.433643 -0.124252 -0.124966 -0.579187 0.912741 0.948317 -0.154492 0.505846 -0.104432 
15.605733 -0.437666 -0.122331 -0.125664 -0.578516 0.908937 0.945111 -0.154611 0.506898 -0.108208 
15.607353 -0.435309 -0.124707 -0.124779 -0.577960 0.913257 0.948440 -0.152218 0.506013 -0.103196 
15.606699 -0.433771 -0.128308 -0.124692 -0.578189 0.912010 0.949707 -0.159364 0.502705 -0.102022 
15.606744 -0.432428 -0.124276 -0.122839 -0.577578 0.912684 0.949141 -0.155019 0.507026 -0.106034 
15.602862 -0.433269 -0.128824 -0.124552 -0.583933 0.912455 0.947542 -0.151899 0.507359 -0.103414 
15.602423 -0.435594 -0.128827 -0.125509 -0.584525 0.910429 0.945762 -0.152203 0.507269 -0.104426 
15.602390 -0.434059 -0.129000 -0.123895 -0.584036 0.913430 0.947763 -0.151831 0.506458 -0.104238 
15.602361 -0.434344 -0.130784 -0.124602 -0.584281 0.913538 0.948294 -0.153660 0.504474 -0.102274 
15.602211 -0.434373 -0.131338 -0.125199 -0.583679 0.914615 0.947382 -0.154115 0.505214 -0.102411 
15.603418 -0.433242 -0.129969 -0.123710 -0.585543 0.914160 0.945715 -0.153398 0.502924 -0.101666 
15.603431 -0.434021 -0.129375 -0.122939 -0.586135 0.914486 0.945806 -0.154145 0.503759 -0.100930 
15.603395 -0.434158 -0.128133 -0.125104 -0.588472 0.915841 0.946920 -0.153711 0.503285 -0.100679 
15.602043 -0.434090 -0.128752 -0.123039 -0.585571 0.914507 0.945515 -0.153626 0.503492 -0.100069 
15.603863 -0.433143 -0.130990 -0.120309 -0.587718 0.914040 0.946570 -0.155274 0.503421 -0.101246 
15.603784 -0.434627 -0.130306 -0.122796 -0.586422 0.914646 0.945729 -0.152809 0.504074 -0.100269 
15.606472 -0.436144 -0.129396 -0.122635 -0.584666 0.915027 0.946223 -0.152545 0.503132 -0.099600 
15.603833 -0.435777 -0.130165 -0.123107 -0.586796 0.913709 0.944948 -0.153479 0.504087 -0.100814 
15.602837 -0.436515 -0.131889 -0.123860 -0.587789 0.912954 0.944276 -0.150828 0.503141 -0.100307 
15.603360 -0.435784 -0.131914 -0.124510 -0.587918 0.911933 0.944056 -0.150819 0.503931 -0.099384 
15.602886 -0.436449 -0.131365 -0.123544 -0.587911 0.912623 0.944429 -0.150323 0.503335 -0.100670 
15.602837 -0.436581 -0.132239 -0.124130 -0.587718 0.913788 0.943246 -0.150380 0.504277 -0.100910 
15.603084 -0.436208 -0.131727 -0.123518 -0.588126 0.913074 0.943674 -0.150854 0.502758 -0.100174 
15.603119 -0.436121 -0.132847 -0.122386 -0.589167 0.912831 0.943690 -0.151155 0.502882 -0.100315 
15.602988 -0.436120 -0.131505 -0.123961 -0.588858 0.913350 0.943920 -0.150953 0.502788 -0.100259 
15.604401 -0.437009 -0.131331 -0.123952 -0.588006 0.913534 0.943537 -0.150268 0.502153 -0.099797 
15.602756 -0.436615 -0.131438 -0.123219 -0.588245 0.913231 0.943621 -0.150841 0.503059 -0.099561 
15.601463 -0.436080 -0.130790 -0.123660 -0.587877 0.913073 0.942788 -0.150859 0.502437 -0.099577 
15.602879 -0.437238 -0.131312 -0.123395 -0.588400 0.912800 0.943270 -0.151170 0.503026 -0.099809 
15.603972 -0.437093 -0.131060 -0.123576 -0.588027 0.913937 0.943633 -0.150060 0.502441 -0.099015 
15.603176 -0.436263 -0.131136 -0.122982 -0.587839 0.913328 0.943468 -0.151348 0.503075 -0.099784 
15.602261 -0.436993 -0.130833 -0.123295 -0.588776 0.913826 0.944530 -0.151562 0.504035 -0.099215 
15.602995 -0.436253 -0.131446 -0.123547 -0.588340 0.912758 0.943502 -0.150829 0.503486 -0.099083 
15.602753 -0.436635 -0.131498 -0.123301 -0.588220 0.913441 0.943368 -0.150720 0.503345 -0.099710 
15.602727 -0.436503 -0.132004 -0.122642 -0.588755 0.913160 0.943632 -0.150942 0.503162 -0.099571 
15.602432 -0.436520 -0.131214 -0.123404 -0.588134 0.913223 0.943506 -0.150828 0.502946 -0.099521 
15.602823 -0.436575 -0.131509 -0.123213 -0.588197 0.913179 0.943506 -0.150730 0.502926 -0.099577 
15.603032 -0.436794 -0.131297 -0.123354 -0.588212 0.913412 0.943734 -0.150700 0.503008 -0.099409 
15.602774 -0.436607 -0.131542 -0.123279 -0.588187 0.913317 0.943574 -0.150998 0.503014 -0.099490 
15.602984 -0.436420 -0.131320 -0.123119 -0.588017 0.913319 0.943518 -0.151171 0.503049 -0.099633 
15.602732 -0.436698 -0.131542 -0.123156 -0.588059 0.913287 0.943535 -0.150976 0.503067 -0.099379 
15.602773 -0.436632 -0.131716 -0.123428 -0.587907 0.913184 0.943796 -0.150975 0.503092 -0.099672 
15.602788 -0.436763 -0.131489 -0.123296 -0.588245 0.913196 0.943531 -0.151079 0.503026 -0.099563 
15.602905 -0.436638 -0.131685 -0.123485 -0.588061 0.913368 0.943240 -0.151032 0.502872 -0.099415 
15.602768 -0.436583 -0.131688 -0.123140 -0.588315 0.913300 0.943578 -0.151033 0.503039 -0.099494 
15.602755 -0.436557 -0.131831 -0.123001 -0.588444 0.913282 0.943581 -0.151070 0.503063 -0.099497 
15.602706 -0.436508 -0.131962 -0.122876 -0.588586 0.913277 0.943593 -0.151111 0.503077 -0.099495 
15.602845 -0.436604 -0.132050 -0.122772 -0.588565 0.913200 0.943545 -0.151100 0.503132 -0.099523 
15.602721 -0.436459 -0.131956 -0.122911 -0.588603 0.913211 0.943585 -0.151113 0.503134 -0.099441 
15.602586 -0.436406 -0.131908 -0.122953 -0.588660 0.913376 0.943670 -0.151125 0.503027 -0.099449 
15.602667 -0.436523 -0.131909 -0.122821 -0.588593 0.913239 0.943652 -0.151097 0.503113 -0.099520 
15.602510 -0.436469 -0.131929 -0.122810 -0.588537 0.913162 0.943528 -0.151144 0.503088 -0.099584 
15.602670 -0.436540 -0.131848 -0.122780 -0.588643 0.913253 0.943586 -0.151094 0.503098 -0.099479 
15.602550 -0.436437 -0.131796 -0.122858 -0.588716 0.913350 0.943667 -0.151108 0.503049 -0.099435 
15.602620 -0.436610 -0.131887 -0.122811 -0.588671 0.913232 0.943586 -0.151043 0.503095 -0.099447 
15.602615 -0.436595 -0.132047 -0.122690 -0.588805 0.913224 0.943598 -0.151070 0.503114 -0.099440 
15.602631 -0.436612 -0.131889 -0.122793 -0.588660 0.913176 0.943620 -0.151072 0.503008 -0.099406 
15.602626 -0.436597 -0.132048 -0.122672 -0.588794 0.913170 0.943632 -0.151099 0.503029 -0.099400 
15.602611 -0.436659 -0.131897 -0.122792 -0.588651 0.913196 0.943629 -0.151168 0.503047 -0.099373 
15.602605 -0.436645 -0.132056 -0.122672 -0.588784 0.913190 0.943641 -0.151198 0.503069 -0.099365 
15.602591 -0.436630 -0.131931 -0.122731 -0.588601 0.913228 0.943632 -0.151135 0.503063 -0.099310 
15.602592 -0.436625 -0.132083 -0.122627 -0.588753 0.913212 0.943644 -0.151176 0.503080 -0.099323 
15.602586 -0.436684 -0.131796 -0.122824 -0.588440 0.913238 0.943619 -0.151094 0.503056 -0.099268 
15.602591 -0.436630 -0.131994 -0.122688 -0.588663 0.913221 0.943637 -0.151152 0.503070 -0.099314 
15.602624 -0.436641 -0.131926 -0.122733 -0.588612 0.913244 0.943658 -0.151125 0.503068 -0.099297 
15.602619 -0.436661 -0.131871 -0.122772 -0.588545 0.913247 0.943650 -0.151109 0.503064 -0.099281 
15.602648 -0.436662 -0.131937 -0.122717 -0.588597 0.913224 0.943641 -0.151122 0.503078 -0.099306 
15.602649 -0.436663 -0.132000 -0.122674 -0.588658 0.913217 0.943646 -0.151139 0.503086 -0.099310 
15.602642 -0.436682 -0.131939 -0.122703 -0.588589 0.913251 0.943644 -0.151121 0.503054 -0.099328 
15.602644 -0.436682 -0.131881 -0.122756 -0.588530 0.913226 0.943633 -0.151106 0.503075 -0.099290 
15.602632 -0.436668 -0.131915 -0.122695 -0.588600 0.913208 0.943666 -0.151116 0.503093 -0.099316 
15.602652 -0.436659 -0.132001 -0.122679 -0.588659 0.913214 0.943642 -0.151139 0.503088 -0.099305 
15.602655 -0.436657 -0.132067 -0.122641 -0.588720 0.913204 0.943643 -0.151157 0.503099 -0.099303 
15.602653 -0.436666 -0.131975 -0.122663 -0.588679 0.913220 0.943615 -0.151138 0.503082 -0.099288 
15.602656 -0.436665 -0.132039 -0.122624 -0.588741 0.913209 0.943614 -0.151155 0.503092 -0.099285 
15.602634 -0.436696 -0.131987 -0.122680 -0.588683 0.913211 0.943613 -0.151116 0.503081 -0.099273 
15.602705 -0.436661 -0.131983 -0.122697 -0.588639 0.913189 0.943566 -0.151141 0.503101 -0.099261 
15.602658 -0.436667 -0.131975 -0.122657 -0.588674 0.913198 0.943630 -0.151150 0.503046 -0.099270 
15.602686 -0.436650 -0.131961 -0.122706 -0.588707 0.913263 0.943657 -0.151127 0.503086 -0.099243 
15.602637 -0.436679 -0.131976 -0.122665 -0.588669 0.913230 0.943617 -0.151175 0.503096 -0.099271 
15.602583 -0.436612 -0.131988 -0.122672 -0.588651 0.913240 0.943594 -0.151159 0.503084 -0.099239 
15.602630 -0.436670 -0.131961 -0.122690 -0.588692 0.913222 0.943603 -0.151188 0.503088 -0.099294 
15.602624 -0.436704 -0.132003 -0.122725 -0.588650 0.913203 0.943650 -0.151208 0.503082 -0.099234 
