Start Optimization 
Loss: 2.665753  SIA Ef: -0.237642 Binding: 0.29 0.58 0.26 0.35 0.78 0.50 0.58 0.78 0.04 0.01 0.18  Rvol: 0.53 1.01 1.37 -0.33 -0.25 0.04 0.34 0.14 0.73 1.24 1.59 -0.28 -0.13 0.16 0.44 
Loss: 2.603067  SIA Ef: -0.177583 Binding: 0.30 0.58 0.27 0.36 0.79 0.49 0.54 0.77 0.03 -0.02 0.14  Rvol: 0.53 1.02 1.38 -0.33 -0.25 0.04 0.35 0.14 0.73 1.24 1.59 -0.28 -0.12 0.16 0.45 
Loss: 63.162616  SIA Ef: 4.483088 Binding: 1.16 2.44 4.61 2.52 2.14 0.52 0.21 0.92 -0.21 -0.16 0.18  Rvol: 0.74 1.46 2.13 -0.33 0.04 0.44 0.87 0.14 0.93 1.66 2.34 -0.28 0.15 0.57 1.04 
Loss: 59.589168  SIA Ef: 0.436597 Binding: 1.67 0.89 -5.21 1.26 2.60 1.07 0.31 1.09 3.74 0.28 1.62  Rvol: 0.53 1.16 1.57 -0.33 -0.03 0.50 0.85 0.14 0.79 1.34 1.68 -0.28 0.17 0.52 1.05 
Loss: 232.361335  SIA Ef: 11.818621 Binding: 2.63 0.69 8.26 2.60 0.89 1.39 -0.20 0.78 -0.44 -0.57 -0.48  Rvol: 1.28 2.06 3.08 -0.33 -0.18 0.04 0.53 0.14 1.40 2.44 3.43 -0.28 -0.04 0.21 0.67 
Loss: 5.284472  SIA Ef: -0.177583 Binding: 0.30 0.58 0.27 0.36 0.79 -0.08 -0.80 0.52 -0.72 -1.33 -0.79  Rvol: 0.53 1.02 1.38 -0.33 -0.25 0.04 0.35 0.14 0.74 1.33 1.67 -0.28 -0.04 0.24 0.62 
Loss: 2.745128  SIA Ef: -0.177583 Binding: 0.30 0.58 0.27 0.36 0.79 0.49 0.55 0.86 0.05 0.01 -0.03  Rvol: 0.53 1.02 1.38 -0.33 -0.25 0.04 0.35 0.14 0.71 1.21 1.58 -0.28 -0.14 0.12 0.39 
Loss: 3.588955  SIA Ef: -0.177583 Binding: 0.30 0.58 0.27 0.36 0.79 0.54 0.66 1.12 0.07 0.07 0.35  Rvol: 0.53 1.02 1.38 -0.33 -0.25 0.04 0.35 0.14 0.74 1.26 1.60 -0.28 -0.11 0.18 0.49 
Loss: 3.491340  SIA Ef: -0.177583 Binding: 0.54 1.06 0.27 -0.39 0.13 0.49 0.57 0.86 0.03 0.09 0.39  Rvol: 0.53 1.06 1.46 -0.33 -0.25 0.11 0.50 0.14 0.73 1.27 1.71 -0.28 -0.12 0.21 0.56 
Loss: 0.911979  SIA Ef: -0.177583 Binding: -0.32 0.19 0.27 0.31 0.20 0.49 0.22 0.40 0.03 -0.08 -0.05  Rvol: 0.53 0.90 1.28 -0.33 -0.25 0.01 0.26 0.14 0.73 1.18 1.49 -0.28 -0.12 0.14 0.39 
Loss: 1.075978  SIA Ef: -0.177583 Binding: -0.28 0.28 0.27 0.31 0.30 0.49 0.30 0.46 0.03 -0.07 -0.02  Rvol: 0.53 0.91 1.30 -0.33 -0.25 0.02 0.27 0.14 0.73 1.19 1.50 -0.28 -0.12 0.14 0.40 
Loss: 272.983541  SIA Ef: -15.345853 Binding: -0.19 -0.14 -4.39 0.22 -0.76 0.52 -0.33 0.17 2.91 -0.43 1.99  Rvol: -0.13 -0.22 -0.31 -0.33 -0.35 -0.63 -0.67 0.14 0.28 -0.16 -0.58 -0.28 -0.33 -0.66 -0.49 
Loss: 54.060872  SIA Ef: 5.277838 Binding: 0.45 0.30 4.59 1.36 0.36 0.25 -0.17 0.77 -0.33 -0.32 -0.32  Rvol: 0.91 1.58 2.12 -0.33 -0.26 -0.05 0.33 0.14 1.08 1.67 2.39 -0.28 -0.12 0.12 0.50 
Loss: 0.898124  SIA Ef: -0.161301 Binding: -0.32 0.20 0.27 0.31 0.21 0.48 0.21 0.39 0.02 -0.09 -0.06  Rvol: 0.53 0.91 1.29 -0.33 -0.25 0.01 0.26 0.14 0.74 1.18 1.49 -0.28 -0.12 0.14 0.39 
Loss: 21.791342  SIA Ef: 2.547619 Binding: 0.37 0.95 2.95 1.58 1.10 0.42 -0.03 0.84 -0.19 -0.16 0.07  Rvol: 0.65 1.23 1.75 -0.33 -0.12 0.21 0.57 0.14 0.86 1.37 2.02 -0.28 0.00 0.35 0.72 
Loss: 3.088873  SIA Ef: -0.140619 Binding: -0.32 0.20 0.17 0.29 0.21 0.72 0.72 1.00 0.28 0.40 0.64  Rvol: 0.53 0.90 1.29 -0.33 -0.24 0.01 0.26 0.14 0.73 1.18 1.48 -0.28 -0.13 0.13 0.38 
Loss: 33.125935  SIA Ef: 0.916079 Binding: -0.48 0.43 -4.04 1.61 -0.64 0.78 0.91 -0.07 2.81 -1.13 1.26  Rvol: 0.50 0.92 1.43 -0.33 -0.19 0.31 0.50 0.14 0.78 1.33 1.41 -0.28 0.06 0.25 0.69 
Loss: 1.342124  SIA Ef: -0.163133 Binding: -0.32 0.20 0.27 0.31 0.21 0.53 0.27 0.69 0.06 -0.02 0.19  Rvol: 0.53 0.91 1.29 -0.33 -0.25 0.01 0.26 0.14 0.74 1.18 1.51 -0.28 -0.11 0.16 0.43 
Loss: 60.086855  SIA Ef: -7.127009 Binding: 0.26 0.04 -2.23 0.07 0.71 0.67 -0.46 -0.11 1.47 -0.04 0.53  Rvol: 0.19 0.66 0.47 -0.33 -0.28 -0.19 -0.12 0.14 0.51 0.74 0.49 -0.28 -0.23 -0.11 -0.09 
Loss: 0.855844  SIA Ef: -0.134500 Binding: -0.32 0.19 0.29 0.32 0.20 0.47 0.20 0.33 0.01 -0.10 -0.10  Rvol: 0.53 0.91 1.29 -0.33 -0.25 0.01 0.26 0.14 0.74 1.18 1.49 -0.28 -0.13 0.13 0.39 
Loss: 49.025163  SIA Ef: 4.380035 Binding: 0.50 0.39 4.94 1.50 0.43 0.28 -0.20 0.66 -0.35 -0.39 -0.44  Rvol: 0.88 1.54 2.04 -0.33 -0.27 -0.09 0.26 0.14 1.06 1.62 2.31 -0.28 -0.14 0.07 0.43 
Loss: 1.767128  SIA Ef: -0.152897 Binding: -0.07 0.67 0.28 0.57 0.68 0.47 0.10 0.30 0.01 -0.11 -0.11  Rvol: 0.53 0.91 1.28 -0.33 -0.25 0.01 0.25 0.14 0.73 1.14 1.48 -0.28 -0.13 0.13 0.38 
Loss: 62.202004  SIA Ef: -7.172873 Binding: 0.25 0.02 -2.43 0.08 0.71 0.66 -0.45 -0.16 1.62 -0.05 0.58  Rvol: 0.18 0.67 0.46 -0.33 -0.27 -0.18 -0.12 0.14 0.50 0.74 0.48 -0.28 -0.22 -0.12 -0.09 
Loss: 0.736258  SIA Ef: -0.117826 Binding: -0.33 0.15 0.24 0.32 0.16 0.47 0.08 0.28 0.02 -0.11 -0.11  Rvol: 0.53 0.91 1.28 -0.33 -0.25 0.01 0.25 0.14 0.74 1.14 1.48 -0.28 -0.12 0.13 0.38 
Loss: 35.439606  SIA Ef: 0.642493 Binding: -0.35 -0.07 -4.31 1.44 -0.96 0.77 0.50 -0.20 3.00 -1.20 1.27  Rvol: 0.49 1.16 1.36 -0.33 -0.20 0.30 0.45 0.14 0.77 1.31 1.36 -0.28 0.08 0.23 0.66 
Loss: 0.729427  SIA Ef: -0.112349 Binding: -0.33 0.15 0.24 0.33 0.16 0.47 0.06 0.27 0.02 -0.11 -0.12  Rvol: 0.53 0.90 1.27 -0.33 -0.25 0.01 0.25 0.14 0.74 1.14 1.48 -0.28 -0.12 0.13 0.37 
Loss: 22.114853  SIA Ef: 2.541495 Binding: 0.40 0.97 2.97 1.66 1.16 0.40 -0.07 0.74 -0.19 -0.19 -0.02  Rvol: 0.65 1.23 1.74 -0.33 -0.12 0.21 0.56 0.14 0.84 1.36 2.00 -0.28 -0.00 0.34 0.70 
Loss: 1.104519  SIA Ef: 0.003595 Binding: -0.32 0.12 0.41 0.36 0.14 0.33 -0.20 -0.09 -0.14 -0.37 -0.51  Rvol: 0.54 0.92 1.29 -0.33 -0.25 0.00 0.25 0.14 0.74 1.14 1.51 -0.28 -0.13 0.13 0.37 
Loss: 48.386450  SIA Ef: 4.245659 Binding: 0.57 0.46 4.94 1.60 0.55 0.30 -0.18 0.73 -0.33 -0.35 -0.39  Rvol: 0.88 1.52 2.01 -0.33 -0.27 -0.10 0.24 0.14 1.05 1.61 2.28 -0.28 -0.14 0.06 0.39 
Loss: 14.772358  SIA Ef: -3.553479 Binding: 0.09 -0.06 -1.01 0.12 0.35 0.60 -0.50 -0.03 0.52 -0.10 0.03  Rvol: 0.36 0.83 0.85 -0.33 -0.26 -0.06 0.08 0.14 0.62 0.88 0.98 -0.28 -0.17 0.04 0.14 
Loss: 8.168944  SIA Ef: -0.229413 Binding: -0.17 -0.15 -2.34 -0.11 0.25 0.65 0.06 -0.06 1.34 -0.03 0.43  Rvol: 0.48 1.05 1.22 -0.33 -0.22 0.05 0.31 0.14 0.72 1.22 1.34 -0.28 -0.04 0.14 0.43 
Loss: 1.853306  SIA Ef: 0.420790 Binding: -0.19 0.32 0.73 0.59 0.39 0.46 -0.07 0.34 -0.04 -0.13 -0.13  Rvol: 0.55 0.96 1.33 -0.33 -0.22 0.06 0.32 0.14 0.76 1.14 1.56 -0.28 -0.09 0.18 0.45 
Loss: 0.720272  SIA Ef: -0.101054 Binding: -0.32 0.14 0.27 0.33 0.15 0.45 0.02 0.22 -0.00 -0.15 -0.17  Rvol: 0.53 0.91 1.28 -0.33 -0.25 0.01 0.25 0.14 0.74 1.14 1.48 -0.28 -0.13 0.13 0.37 
Loss: 5.372817  SIA Ef: 1.325216 Binding: -0.24 -0.14 1.54 0.60 -0.03 0.32 -0.03 0.56 -0.17 -0.20 -0.13  Rvol: 0.63 1.09 1.53 -0.33 -0.25 -0.01 0.28 0.14 0.78 1.24 1.76 -0.28 -0.13 0.14 0.40 
Loss: 0.692602  SIA Ef: -0.114872 Binding: -0.33 0.15 0.17 0.30 0.15 0.41 -0.07 0.09 -0.03 -0.24 -0.30  Rvol: 0.53 0.90 1.27 -0.33 -0.24 0.01 0.25 0.14 0.74 1.14 1.48 -0.28 -0.12 0.14 0.38 
Loss: 1.559496  SIA Ef: 0.104936 Binding: -0.19 -0.08 -0.95 0.05 0.15 0.51 -0.15 -0.01 0.36 -0.17 -0.12  Rvol: 0.52 1.04 1.27 -0.33 -0.23 0.04 0.30 0.14 0.73 1.20 1.44 -0.28 -0.10 0.15 0.40 
Loss: 0.701921  SIA Ef: -0.130570 Binding: -0.33 0.15 0.16 0.30 0.15 0.41 -0.07 0.04 -0.04 -0.25 -0.32  Rvol: 0.53 0.90 1.27 -0.33 -0.24 0.01 0.25 0.14 0.74 1.14 1.47 -0.28 -0.12 0.13 0.37 
Loss: 4.963362  SIA Ef: -1.890945 Binding: -0.03 -0.08 -0.80 0.12 0.25 0.51 -0.40 -0.10 0.33 -0.21 -0.18  Rvol: 0.44 0.92 1.04 -0.33 -0.25 -0.02 0.17 0.14 0.67 1.03 1.20 -0.28 -0.14 0.09 0.26 
Loss: 0.715899  SIA Ef: -0.010345 Binding: -0.37 0.06 0.26 0.29 0.08 0.41 -0.06 0.11 -0.05 -0.24 -0.30  Rvol: 0.54 0.91 1.28 -0.33 -0.24 0.02 0.26 0.14 0.74 1.15 1.50 -0.28 -0.12 0.15 0.39 
Loss: 1.593554  SIA Ef: 0.290864 Binding: -0.04 0.28 0.52 0.57 0.47 0.41 -0.35 0.13 -0.07 -0.25 -0.31  Rvol: 0.54 1.01 1.31 -0.33 -0.21 0.06 0.31 0.14 0.75 1.14 1.54 -0.28 -0.10 0.18 0.44 
Loss: 0.690588  SIA Ef: -0.101391 Binding: -0.33 0.14 0.16 0.31 0.15 0.41 -0.10 0.08 -0.03 -0.24 -0.30  Rvol: 0.53 0.90 1.27 -0.33 -0.24 0.01 0.25 0.14 0.74 1.13 1.48 -0.28 -0.12 0.13 0.38 
Loss: 4.910448  SIA Ef: 1.383008 Binding: -0.27 -0.14 1.35 0.55 -0.07 0.29 -0.13 0.43 -0.21 -0.29 -0.23  Rvol: 0.63 1.08 1.52 -0.33 -0.25 -0.00 0.29 0.14 0.79 1.25 1.75 -0.28 -0.13 0.14 0.42 
Loss: 0.617139  SIA Ef: -0.105266 Binding: -0.34 0.15 0.00 0.27 0.15 0.46 -0.02 0.15 0.03 -0.17 -0.19  Rvol: 0.53 0.89 1.27 -0.33 -0.24 0.01 0.25 0.14 0.74 1.14 1.47 -0.28 -0.12 0.14 0.38 
Loss: 1.853883  SIA Ef: 0.139109 Binding: -0.18 -0.11 -1.06 0.03 0.14 0.54 -0.15 0.02 0.43 -0.13 -0.05  Rvol: 0.52 1.05 1.27 -0.33 -0.23 0.04 0.30 0.14 0.74 1.19 1.44 -0.28 -0.09 0.15 0.40 
Loss: 0.617015  SIA Ef: -0.103144 Binding: -0.34 0.15 0.01 0.27 0.15 0.46 -0.02 0.15 0.03 -0.17 -0.19  Rvol: 0.53 0.89 1.27 -0.33 -0.24 0.01 0.25 0.14 0.74 1.14 1.47 -0.28 -0.12 0.14 0.38 
Loss: 1.393206  SIA Ef: 0.312641 Binding: -0.03 0.26 0.38 0.55 0.46 0.45 -0.33 0.20 -0.01 -0.18 -0.20  Rvol: 0.54 1.01 1.30 -0.33 -0.21 0.06 0.32 0.14 0.75 1.13 1.53 -0.28 -0.09 0.18 0.44 
Loss: 0.668514  SIA Ef: -0.173869 Binding: -0.33 0.19 -0.09 0.26 0.18 0.45 -0.05 0.12 0.04 -0.21 -0.23  Rvol: 0.53 0.89 1.26 -0.33 -0.24 0.01 0.24 0.14 0.73 1.13 1.46 -0.28 -0.12 0.14 0.38 
Loss: 4.988149  SIA Ef: -1.865400 Binding: -0.02 -0.10 -0.86 0.11 0.24 0.55 -0.39 -0.01 0.40 -0.14 -0.08  Rvol: 0.44 0.92 1.04 -0.33 -0.25 -0.02 0.17 0.14 0.67 1.01 1.19 -0.28 -0.13 0.09 0.26 
Loss: 1.564244  SIA Ef: 0.637112 Binding: -0.32 0.03 0.63 0.39 0.07 0.40 -0.05 0.31 -0.09 -0.19 -0.21  Rvol: 0.58 0.98 1.37 -0.33 -0.25 0.01 0.27 0.14 0.76 1.18 1.60 -0.28 -0.12 0.14 0.40 
Loss: 0.618001  SIA Ef: -0.096459 Binding: -0.34 0.15 0.01 0.27 0.14 0.45 -0.04 0.13 0.02 -0.19 -0.22  Rvol: 0.53 0.90 1.27 -0.33 -0.24 0.01 0.25 0.14 0.74 1.14 1.48 -0.28 -0.12 0.14 0.38 
Loss: 0.785240  SIA Ef: 0.097548 Binding: -0.20 -0.05 -0.47 0.15 0.12 0.49 -0.14 0.09 0.16 -0.15 -0.17  Rvol: 0.53 1.02 1.28 -0.33 -0.24 0.03 0.28 0.14 0.74 1.16 1.47 -0.28 -0.11 0.15 0.40 
Loss: 0.652410  SIA Ef: 0.029407 Binding: -0.18 0.09 0.11 0.34 0.22 0.46 -0.18 0.16 0.02 -0.17 -0.20  Rvol: 0.53 0.98 1.28 -0.33 -0.23 0.02 0.27 0.14 0.74 1.13 1.49 -0.28 -0.11 0.15 0.40 
Loss: 0.617411  SIA Ef: -0.100370 Binding: -0.35 0.14 -0.01 0.26 0.14 0.45 -0.04 0.12 0.03 -0.19 -0.22  Rvol: 0.53 0.89 1.26 -0.33 -0.24 0.01 0.25 0.14 0.74 1.14 1.47 -0.28 -0.12 0.14 0.38 
Loss: 0.891257  SIA Ef: -0.529424 Binding: -0.14 -0.02 -0.26 0.22 0.18 0.49 -0.23 0.10 0.11 -0.16 -0.18  Rvol: 0.51 0.99 1.21 -0.33 -0.24 0.01 0.24 0.14 0.72 1.11 1.40 -0.28 -0.12 0.13 0.36 
Loss: 0.623350  SIA Ef: -0.120396 Binding: -0.34 0.17 -0.02 0.27 0.16 0.46 -0.03 0.14 0.04 -0.17 -0.20  Rvol: 0.53 0.89 1.26 -0.33 -0.24 0.01 0.25 0.14 0.73 1.13 1.47 -0.28 -0.12 0.13 0.38 
Loss: 0.600969  SIA Ef: -0.020330 Binding: -0.19 -0.04 -0.24 0.20 0.13 0.48 -0.16 0.12 0.09 -0.16 -0.18  Rvol: 0.53 1.01 1.27 -0.33 -0.24 0.02 0.27 0.14 0.74 1.15 1.47 -0.28 -0.12 0.14 0.39 
Loss: 0.603512  SIA Ef: -0.013600 Binding: -0.19 -0.04 -0.24 0.21 0.13 0.48 -0.17 0.13 0.09 -0.16 -0.18  Rvol: 0.53 1.01 1.27 -0.33 -0.24 0.02 0.27 0.14 0.74 1.15 1.47 -0.28 -0.12 0.14 0.39 
Loss: 0.760126  SIA Ef: 0.375308 Binding: -0.37 0.09 0.01 0.24 0.08 0.45 0.02 0.19 0.03 -0.16 -0.18  Rvol: 0.55 0.93 1.32 -0.33 -0.24 0.02 0.28 0.14 0.75 1.17 1.53 -0.28 -0.12 0.15 0.41 
Loss: 0.632266  SIA Ef: -0.049527 Binding: -0.18 -0.04 -0.30 0.19 0.14 0.49 -0.15 0.13 0.12 -0.14 -0.15  Rvol: 0.53 1.01 1.26 -0.33 -0.24 0.02 0.27 0.14 0.74 1.15 1.46 -0.28 -0.12 0.14 0.39 
Loss: 0.933980  SIA Ef: -0.385259 Binding: -0.16 -0.06 -0.48 0.16 0.15 0.50 -0.22 0.05 0.18 -0.16 -0.18  Rvol: 0.51 1.00 1.22 -0.33 -0.24 0.01 0.25 0.14 0.72 1.13 1.41 -0.28 -0.11 0.13 0.37 
Loss: 0.591269  SIA Ef: 0.033122 Binding: -0.18 -0.02 -0.19 0.23 0.15 0.48 -0.16 0.13 0.09 -0.15 -0.17  Rvol: 0.53 1.01 1.27 -0.33 -0.23 0.02 0.27 0.14 0.74 1.15 1.47 -0.28 -0.11 0.15 0.39 
Loss: 0.654130  SIA Ef: 0.140158 Binding: -0.15 0.04 -0.13 0.28 0.22 0.47 -0.19 0.13 0.07 -0.17 -0.19  Rvol: 0.54 1.01 1.28 -0.33 -0.23 0.03 0.28 0.14 0.74 1.15 1.49 -0.28 -0.11 0.16 0.41 
Loss: 0.591979  SIA Ef: 0.033569 Binding: -0.18 -0.02 -0.19 0.23 0.15 0.48 -0.16 0.13 0.09 -0.15 -0.17  Rvol: 0.53 1.01 1.27 -0.33 -0.23 0.02 0.27 0.14 0.74 1.15 1.47 -0.28 -0.11 0.15 0.39 
Loss: 0.618611  SIA Ef: 0.003657 Binding: -0.17 0.00 -0.25 0.23 0.17 0.48 -0.17 0.11 0.09 -0.15 -0.18  Rvol: 0.53 1.01 1.27 -0.33 -0.24 0.02 0.27 0.14 0.74 1.15 1.47 -0.28 -0.12 0.14 0.39 
Loss: 0.567972  SIA Ef: 0.012501 Binding: -0.20 0.00 -0.13 0.24 0.15 0.48 -0.13 0.16 0.08 -0.13 -0.15  Rvol: 0.53 0.99 1.27 -0.33 -0.24 0.02 0.26 0.14 0.74 1.14 1.48 -0.28 -0.12 0.14 0.39 
Loss: 0.585861  SIA Ef: 0.050339 Binding: -0.20 0.02 -0.04 0.28 0.17 0.49 -0.11 0.22 0.08 -0.11 -0.11  Rvol: 0.53 0.99 1.28 -0.33 -0.23 0.02 0.27 0.14 0.74 1.14 1.48 -0.28 -0.11 0.15 0.40 
Loss: 0.620072  SIA Ef: -0.161421 Binding: -0.16 -0.03 -0.22 0.22 0.16 0.49 -0.16 0.14 0.11 -0.13 -0.14  Rvol: 0.52 1.01 1.25 -0.33 -0.24 0.02 0.26 0.14 0.73 1.13 1.45 -0.28 -0.12 0.14 0.38 
Loss: 0.572311  SIA Ef: 0.016714 Binding: -0.19 -0.00 -0.15 0.24 0.15 0.49 -0.13 0.16 0.08 -0.13 -0.15  Rvol: 0.53 0.99 1.27 -0.33 -0.24 0.02 0.27 0.14 0.74 1.14 1.48 -0.28 -0.11 0.14 0.39 
Loss: 0.655251  SIA Ef: 0.183670 Binding: -0.35 0.13 0.00 0.26 0.13 0.47 0.02 0.20 0.05 -0.13 -0.15  Rvol: 0.54 0.92 1.30 -0.33 -0.24 0.02 0.27 0.14 0.75 1.15 1.51 -0.28 -0.12 0.15 0.40 
Loss: 0.586597  SIA Ef: 0.034712 Binding: -0.18 -0.01 -0.18 0.23 0.16 0.49 -0.13 0.17 0.10 -0.13 -0.14  Rvol: 0.53 1.00 1.27 -0.33 -0.24 0.02 0.27 0.14 0.74 1.15 1.48 -0.28 -0.11 0.15 0.39 
Loss: 0.589161  SIA Ef: 0.037468 Binding: -0.18 0.04 -0.08 0.28 0.19 0.48 -0.15 0.16 0.07 -0.14 -0.16  Rvol: 0.53 0.99 1.28 -0.33 -0.23 0.02 0.27 0.14 0.74 1.14 1.48 -0.28 -0.11 0.15 0.40 
Loss: 0.575127  SIA Ef: -0.012056 Binding: -0.18 0.01 -0.15 0.25 0.17 0.48 -0.14 0.15 0.08 -0.13 -0.15  Rvol: 0.53 0.99 1.27 -0.33 -0.24 0.02 0.26 0.14 0.74 1.14 1.47 -0.28 -0.12 0.14 0.39 
Loss: 0.570312  SIA Ef: 0.015672 Binding: -0.20 0.01 -0.11 0.25 0.16 0.49 -0.13 0.18 0.08 -0.13 -0.14  Rvol: 0.53 0.99 1.27 -0.33 -0.24 0.02 0.26 0.14 0.74 1.14 1.48 -0.28 -0.12 0.14 0.39 
Loss: 0.568798  SIA Ef: 0.016879 Binding: -0.20 0.01 -0.13 0.25 0.16 0.48 -0.13 0.17 0.08 -0.13 -0.15  Rvol: 0.53 0.99 1.27 -0.33 -0.24 0.02 0.27 0.14 0.74 1.14 1.48 -0.28 -0.12 0.14 0.39 
Loss: 0.572864  SIA Ef: -0.028929 Binding: -0.19 -0.01 -0.17 0.23 0.15 0.49 -0.13 0.17 0.09 -0.13 -0.14  Rvol: 0.53 1.00 1.27 -0.33 -0.24 0.02 0.26 0.14 0.74 1.14 1.47 -0.28 -0.12 0.14 0.39 
Loss: 0.567885  SIA Ef: 0.012705 Binding: -0.20 0.00 -0.13 0.24 0.15 0.48 -0.13 0.16 0.08 -0.13 -0.15  Rvol: 0.53 0.99 1.27 -0.33 -0.24 0.02 0.26 0.14 0.74 1.14 1.48 -0.28 -0.12 0.14 0.39 
Loss: 0.577554  SIA Ef: 0.023387 Binding: -0.19 0.02 -0.11 0.26 0.17 0.48 -0.14 0.16 0.07 -0.14 -0.15  Rvol: 0.53 0.99 1.27 -0.33 -0.23 0.02 0.27 0.14 0.74 1.14 1.48 -0.28 -0.11 0.15 0.39 
Loss: 0.568067  SIA Ef: 0.007611 Binding: -0.20 0.01 -0.13 0.24 0.16 0.48 -0.13 0.16 0.08 -0.14 -0.15  Rvol: 0.53 0.99 1.27 -0.33 -0.24 0.02 0.26 0.14 0.74 1.14 1.48 -0.28 -0.12 0.14 0.39 
Loss: 0.575978  SIA Ef: 0.003668 Binding: -0.19 -0.00 -0.16 0.24 0.16 0.49 -0.13 0.17 0.09 -0.13 -0.14  Rvol: 0.53 1.00 1.27 -0.33 -0.24 0.02 0.27 0.14 0.74 1.14 1.47 -0.28 -0.11 0.14 0.39 
Loss: 0.572383  SIA Ef: -0.035956 Binding: -0.19 -0.01 -0.15 0.24 0.16 0.49 -0.14 0.16 0.09 -0.13 -0.15  Rvol: 0.53 0.99 1.27 -0.33 -0.24 0.02 0.26 0.14 0.74 1.14 1.47 -0.28 -0.12 0.14 0.39 
Loss: 0.570281  SIA Ef: 0.010225 Binding: -0.19 0.00 -0.14 0.24 0.15 0.48 -0.13 0.16 0.08 -0.14 -0.15  Rvol: 0.53 0.99 1.27 -0.33 -0.24 0.02 0.27 0.14 0.74 1.14 1.48 -0.28 -0.12 0.14 0.39 
Loss: 0.625437  SIA Ef: 0.038443 Binding: -0.35 0.15 -0.09 0.25 0.15 0.48 0.02 0.17 0.07 -0.14 -0.15  Rvol: 0.54 0.90 1.28 -0.33 -0.24 0.02 0.26 0.14 0.74 1.14 1.48 -0.28 -0.12 0.14 0.39 
Loss: 0.567672  SIA Ef: 0.012345 Binding: -0.20 0.01 -0.13 0.24 0.15 0.48 -0.13 0.17 0.08 -0.13 -0.15  Rvol: 0.53 0.99 1.27 -0.33 -0.24 0.02 0.26 0.14 0.74 1.14 1.48 -0.28 -0.12 0.14 0.39 
Loss: 0.576599  SIA Ef: 0.012224 Binding: -0.19 -0.00 -0.16 0.24 0.16 0.49 -0.13 0.16 0.09 -0.13 -0.14  Rvol: 0.53 1.00 1.27 -0.33 -0.24 0.02 0.27 0.14 0.74 1.15 1.47 -0.28 -0.11 0.14 0.39 
Loss: 0.568750  SIA Ef: 0.022792 Binding: -0.20 0.01 -0.12 0.25 0.16 0.48 -0.13 0.17 0.08 -0.13 -0.15  Rvol: 0.53 0.99 1.27 -0.33 -0.24 0.02 0.27 0.14 0.74 1.14 1.48 -0.28 -0.12 0.14 0.39 
Loss: 0.571638  SIA Ef: 0.002508 Binding: -0.19 0.01 -0.13 0.25 0.16 0.48 -0.13 0.16 0.08 -0.13 -0.15  Rvol: 0.53 0.99 1.27 -0.33 -0.24 0.02 0.26 0.14 0.74 1.14 1.47 -0.28 -0.12 0.14 0.39 
Loss: 0.567952  SIA Ef: 0.011642 Binding: -0.20 0.00 -0.14 0.24 0.15 0.48 -0.13 0.16 0.08 -0.13 -0.15  Rvol: 0.53 0.99 1.27 -0.33 -0.24 0.02 0.26 0.14 0.74 1.14 1.48 -0.28 -0.12 0.14 0.39 
Loss: 0.571484  SIA Ef: 0.003676 Binding: -0.19 0.00 -0.14 0.24 0.16 0.49 -0.13 0.17 0.09 -0.13 -0.14  Rvol: 0.53 0.99 1.27 -0.33 -0.24 0.02 0.27 0.14 0.74 1.14 1.47 -0.28 -0.12 0.14 0.39 
Loss: 0.625695  SIA Ef: 0.036514 Binding: -0.35 0.15 -0.09 0.25 0.15 0.48 0.02 0.17 0.07 -0.13 -0.15  Rvol: 0.54 0.90 1.28 -0.33 -0.24 0.02 0.26 0.14 0.74 1.14 1.48 -0.28 -0.12 0.14 0.39 
Loss: 0.568927  SIA Ef: -0.012070 Binding: -0.19 0.00 -0.14 0.24 0.16 0.48 -0.13 0.16 0.08 -0.13 -0.15  Rvol: 0.53 0.99 1.27 -0.33 -0.24 0.02 0.26 0.14 0.74 1.14 1.47 -0.28 -0.12 0.14 0.39 
Loss: 0.567642  SIA Ef: 0.011603 Binding: -0.20 0.01 -0.13 0.24 0.15 0.48 -0.13 0.16 0.08 -0.13 -0.15  Rvol: 0.53 0.99 1.27 -0.33 -0.24 0.02 0.26 0.14 0.74 1.14 1.48 -0.28 -0.12 0.14 0.39 
Loss: 0.571791  SIA Ef: 0.010803 Binding: -0.19 0.00 -0.15 0.24 0.16 0.49 -0.13 0.16 0.08 -0.13 -0.15  Rvol: 0.53 0.99 1.27 -0.33 -0.24 0.02 0.27 0.14 0.74 1.14 1.47 -0.28 -0.12 0.14 0.39 
Loss: 0.567663  SIA Ef: 0.012776 Binding: -0.20 0.00 -0.13 0.24 0.15 0.48 -0.12 0.17 0.08 -0.13 -0.15  Rvol: 0.53 0.99 1.27 -0.33 -0.24 0.02 0.26 0.14 0.74 1.14 1.48 -0.28 -0.12 0.14 0.39 
Loss: 0.569485  SIA Ef: 0.006924 Binding: -0.19 0.00 -0.14 0.24 0.16 0.49 -0.13 0.17 0.08 -0.13 -0.15  Rvol: 0.53 0.99 1.27 -0.33 -0.24 0.02 0.26 0.14 0.74 1.14 1.47 -0.28 -0.12 0.14 0.39 
Loss: 0.563545  SIA Ef: 0.020896 Binding: -0.21 0.01 -0.11 0.25 0.15 0.48 -0.12 0.17 0.08 -0.13 -0.15  Rvol: 0.53 0.99 1.27 -0.33 -0.24 0.02 0.26 0.14 0.74 1.14 1.48 -0.28 -0.12 0.14 0.39 
Loss: 0.626647  SIA Ef: 0.025125 Binding: -0.35 0.15 -0.10 0.25 0.15 0.48 0.02 0.17 0.07 -0.14 -0.15  Rvol: 0.53 0.90 1.28 -0.33 -0.24 0.02 0.26 0.14 0.74 1.14 1.48 -0.28 -0.12 0.14 0.39 
Loss: 0.563805  SIA Ef: 0.018897 Binding: -0.21 0.01 -0.12 0.25 0.15 0.48 -0.12 0.17 0.08 -0.14 -0.15  Rvol: 0.53 0.99 1.27 -0.33 -0.24 0.02 0.26 0.14 0.74 1.14 1.48 -0.28 -0.12 0.14 0.39 
Loss: 0.562731  SIA Ef: 0.024775 Binding: -0.21 0.01 -0.12 0.24 0.15 0.48 -0.12 0.17 0.08 -0.13 -0.15  Rvol: 0.53 0.99 1.28 -0.33 -0.24 0.02 0.26 0.14 0.74 1.14 1.48 -0.28 -0.12 0.14 0.39 
Loss: 0.563114  SIA Ef: 0.025214 Binding: -0.21 0.01 -0.12 0.24 0.15 0.48 -0.12 0.17 0.08 -0.13 -0.15  Rvol: 0.53 0.99 1.28 -0.33 -0.24 0.02 0.26 0.14 0.74 1.14 1.48 -0.28 -0.12 0.14 0.39 
Loss: 0.563208  SIA Ef: 0.029462 Binding: -0.21 0.01 -0.12 0.24 0.15 0.48 -0.12 0.17 0.08 -0.13 -0.15  Rvol: 0.53 0.99 1.28 -0.33 -0.24 0.02 0.26 0.14 0.74 1.14 1.48 -0.28 -0.12 0.14 0.39 
Loss: 0.562637  SIA Ef: 0.017855 Binding: -0.21 0.01 -0.12 0.24 0.15 0.48 -0.12 0.17 0.08 -0.13 -0.15  Rvol: 0.53 0.99 1.27 -0.33 -0.24 0.02 0.26 0.14 0.74 1.14 1.48 -0.28 -0.12 0.14 0.39 
Loss: 0.562769  SIA Ef: 0.020828 Binding: -0.21 0.01 -0.12 0.24 0.15 0.48 -0.12 0.17 0.08 -0.13 -0.15  Rvol: 0.53 0.99 1.27 -0.33 -0.24 0.02 0.26 0.14 0.74 1.14 1.48 -0.28 -0.12 0.14 0.39 
Loss: 0.560635  SIA Ef: 0.016794 Binding: -0.21 0.01 -0.12 0.24 0.15 0.48 -0.12 0.17 0.08 -0.13 -0.15  Rvol: 0.53 0.99 1.27 -0.33 -0.24 0.02 0.26 0.14 0.74 1.14 1.48 -0.28 -0.12 0.14 0.39 
Loss: 0.624248  SIA Ef: 0.015290 Binding: -0.35 0.15 -0.11 0.24 0.14 0.48 0.03 0.17 0.07 -0.13 -0.15  Rvol: 0.53 0.90 1.27 -0.33 -0.24 0.02 0.26 0.14 0.74 1.14 1.48 -0.28 -0.12 0.14 0.39 
Loss: 0.560728  SIA Ef: 0.016815 Binding: -0.21 0.01 -0.12 0.24 0.15 0.48 -0.12 0.17 0.08 -0.13 -0.15  Rvol: 0.53 0.99 1.27 -0.33 -0.24 0.02 0.26 0.14 0.74 1.14 1.48 -0.28 -0.12 0.14 0.39 
Loss: 0.560637  SIA Ef: 0.016361 Binding: -0.21 0.01 -0.12 0.24 0.15 0.48 -0.12 0.17 0.08 -0.13 -0.15  Rvol: 0.53 0.99 1.27 -0.33 -0.24 0.02 0.26 0.14 0.74 1.14 1.48 -0.28 -0.12 0.14 0.39 
Loss: 0.560621  SIA Ef: 0.017536 Binding: -0.21 0.01 -0.12 0.24 0.15 0.48 -0.12 0.17 0.08 -0.13 -0.15  Rvol: 0.53 0.99 1.27 -0.33 -0.24 0.02 0.26 0.14 0.74 1.14 1.48 -0.28 -0.12 0.14 0.39 
Loss: 0.560608  SIA Ef: 0.017621 Binding: -0.21 0.01 -0.12 0.24 0.15 0.48 -0.12 0.17 0.08 -0.13 -0.15  Rvol: 0.53 0.99 1.27 -0.33 -0.24 0.02 0.26 0.14 0.74 1.14 1.48 -0.28 -0.12 0.14 0.39 
Loss: 0.560584  SIA Ef: 0.020359 Binding: -0.21 0.01 -0.12 0.24 0.14 0.48 -0.12 0.17 0.08 -0.13 -0.15  Rvol: 0.53 0.99 1.27 -0.33 -0.24 0.02 0.26 0.14 0.74 1.14 1.48 -0.28 -0.12 0.14 0.39 
Loss: 0.626143  SIA Ef: 0.029193 Binding: -0.35 0.15 -0.11 0.24 0.14 0.48 0.03 0.17 0.07 -0.13 -0.15  Rvol: 0.53 0.90 1.28 -0.33 -0.24 0.02 0.26 0.14 0.74 1.14 1.48 -0.28 -0.12 0.14 0.39 
Loss: 0.626566  SIA Ef: 0.020554 Binding: -0.35 0.15 -0.12 0.24 0.14 0.48 0.03 0.17 0.08 -0.13 -0.15  Rvol: 0.53 0.90 1.27 -0.33 -0.24 0.02 0.26 0.14 0.74 1.14 1.48 -0.28 -0.12 0.14 0.39 
Loss: 0.560961  SIA Ef: 0.017226 Binding: -0.21 0.01 -0.12 0.24 0.15 0.48 -0.12 0.17 0.08 -0.13 -0.15  Rvol: 0.53 0.99 1.27 -0.33 -0.24 0.02 0.26 0.14 0.74 1.14 1.48 -0.28 -0.12 0.14 0.39 
Loss: 0.560299  SIA Ef: 0.018831 Binding: -0.21 0.01 -0.12 0.24 0.14 0.48 -0.12 0.17 0.08 -0.13 -0.15  Rvol: 0.53 0.99 1.27 -0.33 -0.24 0.02 0.26 0.14 0.74 1.14 1.48 -0.28 -0.12 0.14 0.39 
Loss: 0.560275  SIA Ef: 0.017101 Binding: -0.21 0.01 -0.12 0.24 0.14 0.48 -0.12 0.17 0.08 -0.13 -0.15  Rvol: 0.53 0.99 1.27 -0.33 -0.24 0.02 0.26 0.14 0.74 1.14 1.48 -0.28 -0.12 0.14 0.39 
Loss: 0.625792  SIA Ef: 0.020967 Binding: -0.35 0.15 -0.11 0.24 0.14 0.48 0.03 0.17 0.07 -0.13 -0.15  Rvol: 0.53 0.90 1.27 -0.33 -0.24 0.02 0.26 0.14 0.74 1.14 1.48 -0.28 -0.12 0.14 0.39 
Loss: 0.560248  SIA Ef: 0.015626 Binding: -0.21 0.00 -0.12 0.24 0.14 0.48 -0.12 0.17 0.08 -0.13 -0.15  Rvol: 0.53 0.99 1.27 -0.33 -0.24 0.02 0.26 0.14 0.74 1.14 1.48 -0.28 -0.12 0.14 0.39 
Loss: 0.560483  SIA Ef: 0.012448 Binding: -0.21 0.00 -0.12 0.24 0.14 0.48 -0.12 0.17 0.08 -0.13 -0.15  Rvol: 0.53 0.99 1.27 -0.33 -0.24 0.02 0.26 0.14 0.74 1.14 1.48 -0.28 -0.12 0.14 0.39 
Loss: 0.559797  SIA Ef: 0.015446 Binding: -0.21 0.01 -0.12 0.24 0.14 0.48 -0.12 0.17 0.08 -0.13 -0.15  Rvol: 0.53 0.99 1.27 -0.33 -0.24 0.02 0.26 0.14 0.74 1.14 1.48 -0.28 -0.12 0.14 0.39 
Loss: 0.559742  SIA Ef: 0.012731 Binding: -0.21 0.00 -0.12 0.24 0.14 0.48 -0.12 0.17 0.08 -0.13 -0.15  Rvol: 0.53 0.99 1.27 -0.33 -0.24 0.02 0.26 0.14 0.74 1.14 1.48 -0.28 -0.12 0.14 0.39 
Loss: 0.559736  SIA Ef: 0.012540 Binding: -0.21 0.00 -0.12 0.24 0.14 0.48 -0.12 0.17 0.08 -0.13 -0.15  Rvol: 0.53 0.99 1.27 -0.33 -0.24 0.02 0.26 0.14 0.74 1.14 1.48 -0.28 -0.12 0.14 0.39 
Loss: 0.624520  SIA Ef: 0.012186 Binding: -0.36 0.15 -0.12 0.24 0.14 0.48 0.03 0.17 0.08 -0.13 -0.15  Rvol: 0.53 0.90 1.27 -0.33 -0.24 0.02 0.26 0.14 0.74 1.14 1.48 -0.28 -0.12 0.14 0.39 
Loss: 0.559739  SIA Ef: 0.012741 Binding: -0.21 0.00 -0.12 0.24 0.14 0.48 -0.12 0.17 0.08 -0.13 -0.15  Rvol: 0.53 0.99 1.27 -0.33 -0.24 0.02 0.26 0.14 0.74 1.14 1.48 -0.28 -0.12 0.14 0.39 
Loss: 0.560339  SIA Ef: 0.011775 Binding: -0.21 0.00 -0.12 0.24 0.14 0.48 -0.12 0.16 0.08 -0.13 -0.15  Rvol: 0.53 0.99 1.27 -0.33 -0.24 0.02 0.26 0.14 0.74 1.14 1.48 -0.28 -0.12 0.14 0.39 
Loss: 0.559738  SIA Ef: 0.012613 Binding: -0.21 0.00 -0.12 0.24 0.14 0.48 -0.12 0.17 0.08 -0.13 -0.15  Rvol: 0.53 0.99 1.27 -0.33 -0.24 0.02 0.26 0.14 0.74 1.14 1.48 -0.28 -0.12 0.14 0.39 
Loss: 0.559901  SIA Ef: 0.015541 Binding: -0.21 0.00 -0.12 0.24 0.14 0.48 -0.12 0.17 0.08 -0.13 -0.15  Rvol: 0.53 0.99 1.27 -0.33 -0.24 0.02 0.26 0.14 0.74 1.14 1.48 -0.28 -0.12 0.14 0.39 
Loss: 0.559731  SIA Ef: 0.012237 Binding: -0.21 0.00 -0.12 0.24 0.14 0.48 -0.12 0.17 0.08 -0.13 -0.15  Rvol: 0.53 0.99 1.27 -0.33 -0.24 0.02 0.26 0.14 0.74 1.14 1.48 -0.28 -0.12 0.14 0.39 
Loss: 0.560407  SIA Ef: 0.011340 Binding: -0.21 0.00 -0.12 0.24 0.14 0.48 -0.12 0.17 0.08 -0.13 -0.15  Rvol: 0.53 0.99 1.27 -0.33 -0.24 0.02 0.26 0.14 0.74 1.14 1.48 -0.28 -0.12 0.14 0.39 
Loss: 0.559810  SIA Ef: 0.010565 Binding: -0.21 0.00 -0.12 0.24 0.14 0.48 -0.12 0.17 0.08 -0.13 -0.15  Rvol: 0.53 0.99 1.27 -0.33 -0.24 0.02 0.26 0.14 0.74 1.14 1.48 -0.28 -0.12 0.14 0.39 
Loss: 0.560058  SIA Ef: 0.010780 Binding: -0.21 0.00 -0.12 0.24 0.14 0.48 -0.12 0.17 0.08 -0.13 -0.15  Rvol: 0.53 0.99 1.27 -0.33 -0.24 0.02 0.26 0.14 0.74 1.14 1.48 -0.28 -0.12 0.14 0.39 
Loss: 0.559249  SIA Ef: 0.012230 Binding: -0.21 0.00 -0.12 0.24 0.14 0.48 -0.12 0.17 0.08 -0.13 -0.15  Rvol: 0.53 0.99 1.27 -0.33 -0.24 0.02 0.26 0.14 0.74 1.14 1.48 -0.28 -0.12 0.14 0.39 
Loss: 0.624536  SIA Ef: 0.012126 Binding: -0.35 0.15 -0.12 0.24 0.14 0.48 0.03 0.17 0.08 -0.13 -0.15  Rvol: 0.53 0.90 1.27 -0.33 -0.24 0.02 0.26 0.14 0.74 1.14 1.48 -0.28 -0.12 0.14 0.39 
Loss: 0.559261  SIA Ef: 0.011349 Binding: -0.21 0.00 -0.12 0.24 0.14 0.48 -0.12 0.17 0.08 -0.13 -0.15  Rvol: 0.53 0.99 1.27 -0.33 -0.24 0.02 0.26 0.14 0.74 1.14 1.48 -0.28 -0.12 0.14 0.39 
Loss: 0.624527  SIA Ef: 0.012239 Binding: -0.35 0.15 -0.12 0.24 0.14 0.48 0.03 0.17 0.08 -0.13 -0.15  Rvol: 0.53 0.90 1.27 -0.33 -0.24 0.02 0.26 0.14 0.74 1.14 1.48 -0.28 -0.12 0.14 0.39 
Loss: 0.559238  SIA Ef: 0.011421 Binding: -0.21 0.00 -0.12 0.24 0.14 0.48 -0.12 0.17 0.08 -0.13 -0.15  Rvol: 0.53 0.99 1.27 -0.33 -0.24 0.02 0.26 0.14 0.74 1.14 1.48 -0.28 -0.12 0.14 0.39 
Loss: 0.624594  SIA Ef: 0.011556 Binding: -0.36 0.15 -0.12 0.24 0.14 0.48 0.03 0.17 0.08 -0.13 -0.15  Rvol: 0.53 0.90 1.27 -0.33 -0.24 0.02 0.26 0.14 0.74 1.14 1.48 -0.28 -0.12 0.14 0.39 
Loss: 0.559230  SIA Ef: 0.011857 Binding: -0.21 0.00 -0.12 0.24 0.14 0.48 -0.12 0.17 0.08 -0.13 -0.15  Rvol: 0.53 0.99 1.27 -0.33 -0.24 0.02 0.26 0.14 0.74 1.14 1.48 -0.28 -0.12 0.14 0.39 
Loss: 0.624580  SIA Ef: 0.011924 Binding: -0.36 0.15 -0.12 0.24 0.14 0.48 0.03 0.17 0.08 -0.13 -0.15  Rvol: 0.53 0.90 1.27 -0.33 -0.24 0.02 0.26 0.14 0.74 1.14 1.48 -0.28 -0.12 0.14 0.39 
Loss: 0.559239  SIA Ef: 0.011195 Binding: -0.21 0.00 -0.12 0.24 0.14 0.48 -0.12 0.17 0.08 -0.13 -0.15  Rvol: 0.53 0.99 1.27 -0.33 -0.24 0.02 0.26 0.14 0.74 1.14 1.48 -0.28 -0.12 0.14 0.39 
Loss: 0.559487  SIA Ef: 0.013118 Binding: -0.21 0.00 -0.12 0.24 0.14 0.48 -0.12 0.17 0.08 -0.13 -0.15  Rvol: 0.53 0.99 1.27 -0.33 -0.24 0.02 0.26 0.14 0.74 1.14 1.48 -0.28 -0.12 0.14 0.39 
Loss: 0.559352  SIA Ef: 0.011521 Binding: -0.21 0.00 -0.12 0.24 0.14 0.48 -0.12 0.17 0.08 -0.13 -0.15  Rvol: 0.53 0.99 1.27 -0.33 -0.24 0.02 0.26 0.14 0.74 1.14 1.48 -0.28 -0.12 0.14 0.39 
Loss: 0.559253  SIA Ef: 0.011993 Binding: -0.21 0.00 -0.12 0.24 0.14 0.48 -0.12 0.17 0.08 -0.13 -0.15  Rvol: 0.53 0.99 1.27 -0.33 -0.24 0.02 0.26 0.14 0.74 1.14 1.48 -0.28 -0.12 0.14 0.39 
Loss: 0.559228  SIA Ef: 0.011875 Binding: -0.21 0.00 -0.12 0.24 0.14 0.48 -0.12 0.17 0.08 -0.13 -0.15  Rvol: 0.53 0.99 1.27 -0.33 -0.24 0.02 0.26 0.14 0.74 1.14 1.48 -0.28 -0.12 0.14 0.39 
Loss: 0.559294  SIA Ef: 0.012255 Binding: -0.21 0.00 -0.12 0.24 0.14 0.48 -0.12 0.17 0.08 -0.13 -0.15  Rvol: 0.53 0.99 1.27 -0.33 -0.24 0.02 0.26 0.14 0.74 1.14 1.48 -0.28 -0.12 0.14 0.39 
Loss: 0.559309  SIA Ef: 0.011651 Binding: -0.21 0.00 -0.12 0.24 0.14 0.48 -0.12 0.17 0.08 -0.13 -0.15  Rvol: 0.53 0.99 1.27 -0.33 -0.24 0.02 0.26 0.14 0.74 1.14 1.48 -0.28 -0.12 0.14 0.39 
Loss: 0.559034  SIA Ef: 0.011894 Binding: -0.21 0.00 -0.12 0.24 0.14 0.48 -0.12 0.17 0.08 -0.13 -0.15  Rvol: 0.53 0.99 1.27 -0.33 -0.24 0.02 0.26 0.14 0.74 1.14 1.48 -0.28 -0.12 0.14 0.39 
Loss: 0.624731  SIA Ef: 0.012003 Binding: -0.36 0.15 -0.12 0.24 0.14 0.48 0.03 0.17 0.08 -0.13 -0.15  Rvol: 0.53 0.90 1.27 -0.33 -0.24 0.02 0.26 0.14 0.74 1.14 1.48 -0.28 -0.12 0.14 0.39 
Loss: 0.559032  SIA Ef: 0.012066 Binding: -0.21 0.00 -0.12 0.24 0.14 0.48 -0.12 0.17 0.08 -0.13 -0.15  Rvol: 0.53 0.99 1.27 -0.33 -0.24 0.02 0.26 0.14 0.74 1.14 1.48 -0.28 -0.12 0.14 0.39 
Loss: 0.624704  SIA Ef: 0.012157 Binding: -0.36 0.15 -0.12 0.24 0.14 0.48 0.03 0.17 0.08 -0.13 -0.15  Rvol: 0.53 0.90 1.27 -0.33 -0.24 0.02 0.26 0.14 0.74 1.14 1.48 -0.28 -0.12 0.14 0.39 
Loss: 0.624944  SIA Ef: 0.012443 Binding: -0.36 0.15 -0.12 0.24 0.14 0.48 0.03 0.17 0.08 -0.13 -0.15  Rvol: 0.53 0.90 1.27 -0.33 -0.24 0.02 0.26 0.14 0.74 1.14 1.48 -0.28 -0.12 0.14 0.39 
Loss: 0.559039  SIA Ef: 0.011314 Binding: -0.21 0.00 -0.12 0.24 0.14 0.48 -0.12 0.17 0.08 -0.13 -0.15  Rvol: 0.53 0.99 1.27 -0.33 -0.24 0.02 0.26 0.14 0.74 1.14 1.48 -0.28 -0.12 0.14 0.39 
Loss: 0.559034  SIA Ef: 0.011749 Binding: -0.21 0.00 -0.12 0.24 0.14 0.48 -0.12 0.17 0.08 -0.13 -0.15  Rvol: 0.53 0.99 1.27 -0.33 -0.24 0.02 0.26 0.14 0.74 1.14 1.48 -0.28 -0.12 0.14 0.39 
Loss: 0.624701  SIA Ef: 0.012192 Binding: -0.36 0.15 -0.12 0.24 0.14 0.48 0.03 0.17 0.08 -0.13 -0.15  Rvol: 0.53 0.90 1.27 -0.33 -0.24 0.02 0.26 0.14 0.74 1.14 1.48 -0.28 -0.12 0.14 0.39 
Loss: 0.559014  SIA Ef: 0.011846 Binding: -0.21 0.00 -0.12 0.24 0.14 0.48 -0.12 0.17 0.08 -0.13 -0.15  Rvol: 0.53 0.99 1.27 -0.33 -0.24 0.02 0.26 0.14 0.74 1.14 1.48 -0.28 -0.12 0.14 0.39 
Loss: 0.624669  SIA Ef: 0.011909 Binding: -0.36 0.15 -0.12 0.24 0.14 0.48 0.03 0.17 0.08 -0.13 -0.15  Rvol: 0.53 0.90 1.27 -0.33 -0.24 0.02 0.26 0.14 0.74 1.14 1.48 -0.28 -0.12 0.14 0.39 
