Start Optimization 
Loss: 3.577260  SIA Ef: -0.834355 Binding: -0.20 -1.08 0.60 0.30 -0.33 0.66 -0.34 0.45 0.20 0.00 0.20  Rvol: 0.44 1.04 1.15 -0.33 -0.08 0.25 0.45 0.14 0.74 1.18 1.34 -0.28 0.01 0.36 0.56 
Loss: 3.436842  SIA Ef: -0.774820 Binding: -0.20 -1.07 0.60 0.31 -0.32 0.66 -0.38 0.41 0.18 -0.03 0.16  Rvol: 0.44 1.05 1.15 -0.33 -0.07 0.26 0.46 0.14 0.75 1.18 1.34 -0.28 0.02 0.36 0.57 
Loss: 63.704458  SIA Ef: 3.746859 Binding: 1.38 2.01 5.05 3.03 1.87 0.88 0.29 1.03 -0.18 -0.12 0.37  Rvol: 0.66 1.50 2.22 -0.33 0.23 0.72 1.09 0.14 0.94 1.81 2.28 -0.28 0.34 0.83 1.26 
Loss: 42.520529  SIA Ef: -0.204937 Binding: -1.09 -0.69 -4.71 0.80 -0.48 0.82 0.92 -0.35 3.46 0.27 1.76  Rvol: 0.47 0.84 1.64 -0.33 0.01 0.34 0.81 0.14 0.74 1.22 1.33 -0.28 0.11 0.36 0.86 
Loss: 222.455409  SIA Ef: 11.545976 Binding: 2.00 -0.09 8.40 2.51 0.22 1.17 -0.39 0.81 -0.42 -0.46 -0.16  Rvol: 1.24 2.06 2.84 -0.33 -0.07 0.21 0.70 0.14 1.45 2.22 3.09 -0.28 0.08 0.39 0.88 
Loss: 14.598348  SIA Ef: -0.774820 Binding: -0.20 -1.07 0.60 0.31 -0.32 -0.10 -2.00 -1.46 -0.54 -1.67 -1.66  Rvol: 0.44 1.05 1.15 -0.33 -0.07 0.26 0.46 0.14 0.79 1.10 1.38 -0.28 0.00 0.42 0.68 
Loss: 3.294753  SIA Ef: -0.774820 Binding: -0.20 -1.07 0.60 0.31 -0.32 0.60 -0.51 0.12 0.13 -0.05 -0.09  Rvol: 0.44 1.05 1.15 -0.33 -0.07 0.26 0.46 0.14 0.71 0.96 1.34 -0.28 0.01 0.32 0.49 
Loss: 3.205726  SIA Ef: -0.774820 Binding: -0.20 -1.07 0.60 0.31 -0.32 0.59 -0.41 0.13 0.12 -0.08 -0.10  Rvol: 0.44 1.05 1.15 -0.33 -0.07 0.26 0.46 0.14 0.73 1.17 1.34 -0.28 0.01 0.33 0.50 
Loss: 14.014712  SIA Ef: -0.774820 Binding: -1.56 -1.88 0.60 -0.69 -1.77 0.59 1.13 1.25 0.12 -0.05 0.16  Rvol: 0.44 0.81 1.32 -0.33 -0.07 0.25 0.44 0.14 0.73 1.26 1.59 -0.28 0.01 0.31 0.46 
Loss: 3.789971  SIA Ef: -0.774820 Binding: -0.15 -1.00 0.60 0.42 -0.37 0.59 -0.87 0.05 0.12 -0.10 -0.17  Rvol: 0.44 1.03 1.12 -0.33 -0.07 0.27 0.48 0.14 0.73 0.98 1.34 -0.28 0.01 0.35 0.56 
Loss: 2.830072  SIA Ef: -0.774820 Binding: -0.18 -0.95 0.60 0.30 -0.18 0.59 -0.32 0.15 0.12 -0.07 -0.06  Rvol: 0.44 1.05 1.17 -0.33 -0.07 0.25 0.46 0.14 0.73 1.14 1.35 -0.28 0.01 0.32 0.49 
Loss: 310.425181  SIA Ef: -16.536914 Binding: -0.61 -1.69 -4.20 -0.02 -1.38 0.18 -0.00 0.13 2.43 0.13 1.42  Rvol: -0.15 -0.36 -0.73 -0.33 -0.32 -0.70 -0.65 0.14 -0.03 -0.27 -0.71 -0.28 -0.33 -0.70 -0.52 
Loss: 12.027324  SIA Ef: 0.792346 Binding: 0.58 -0.18 2.49 1.46 0.70 0.71 -0.53 0.56 -0.02 -0.10 -0.01  Rvol: 0.50 1.22 1.50 -0.33 0.08 0.50 0.73 0.14 0.85 1.29 1.73 -0.28 0.16 0.58 0.92 
Loss: 2.795803  SIA Ef: -0.758358 Binding: -0.18 -0.95 0.60 0.31 -0.18 0.59 -0.33 0.14 0.12 -0.08 -0.08  Rvol: 0.44 1.05 1.17 -0.33 -0.07 0.25 0.46 0.14 0.73 1.14 1.35 -0.28 0.01 0.33 0.49 
Loss: 39.627076  SIA Ef: -0.674881 Binding: -0.56 -0.88 -4.28 2.43 -0.98 0.69 0.16 -0.19 3.13 -1.24 0.87  Rvol: 0.37 1.00 1.12 -0.33 -0.05 0.27 0.46 0.14 0.71 1.09 1.11 -0.28 -0.00 0.23 0.52 
Loss: 4.469620  SIA Ef: -0.585607 Binding: -0.19 -0.94 0.70 0.31 -0.20 0.83 0.19 0.89 0.35 0.42 0.65  Rvol: 0.45 1.06 1.20 -0.33 -0.07 0.25 0.47 0.14 0.73 1.15 1.39 -0.28 0.01 0.33 0.50 
Loss: 62.884665  SIA Ef: 5.525333 Binding: 0.07 -0.18 5.26 1.33 -0.43 0.25 -0.04 0.37 -0.29 -0.33 -0.30  Rvol: 0.86 1.56 2.19 -0.33 -0.10 0.21 0.65 0.14 0.99 1.69 2.43 -0.28 0.03 0.35 0.82 
Loss: 2.773585  SIA Ef: -0.760022 Binding: -0.18 -0.95 0.60 0.31 -0.18 0.59 -0.31 0.12 0.12 -0.06 -0.08  Rvol: 0.44 1.05 1.17 -0.33 -0.07 0.25 0.46 0.14 0.72 1.11 1.36 -0.28 0.01 0.32 0.48 
Loss: 60.455999  SIA Ef: -7.469655 Binding: 0.17 -0.97 -1.00 0.26 0.28 0.65 -0.87 -0.19 0.79 -0.02 0.24  Rvol: 0.14 0.73 0.44 -0.33 -0.09 0.04 0.02 0.14 0.55 0.34 0.44 -0.28 -0.17 0.06 -0.06 
Loss: 2.778279  SIA Ef: -0.757776 Binding: -0.18 -0.95 0.60 0.31 -0.18 0.59 -0.32 0.12 0.12 -0.07 -0.08  Rvol: 0.44 1.05 1.17 -0.33 -0.07 0.25 0.46 0.14 0.72 1.13 1.36 -0.28 0.01 0.32 0.48 
Loss: 61.734999  SIA Ef: 4.913999 Binding: 0.21 -0.02 5.71 1.52 -0.34 0.29 -0.00 0.31 -0.27 -0.34 -0.36  Rvol: 0.85 1.54 2.15 -0.33 -0.10 0.18 0.58 0.14 0.99 1.67 2.35 -0.28 0.02 0.30 0.75 
Loss: 2.267699  SIA Ef: -0.735183 Binding: 0.06 -0.55 0.25 0.50 0.29 0.60 -0.55 0.06 0.19 -0.05 -0.07  Rvol: 0.44 1.06 1.15 -0.33 -0.07 0.26 0.46 0.14 0.72 0.94 1.32 -0.28 0.00 0.32 0.48 
Loss: 49.973615  SIA Ef: -1.148915 Binding: -0.53 -0.68 -4.90 2.71 -0.92 0.67 0.06 -0.28 3.52 -1.31 0.93  Rvol: 0.36 0.90 1.06 -0.33 -0.06 0.27 0.43 0.14 0.69 0.93 1.05 -0.28 -0.01 0.20 0.48 
Loss: 2.037829  SIA Ef: -0.709360 Binding: 0.09 -0.41 0.28 0.53 0.45 0.60 -0.29 0.09 0.18 -0.05 -0.03  Rvol: 0.44 1.06 1.17 -0.33 -0.07 0.26 0.47 0.14 0.72 1.12 1.34 -0.28 0.01 0.31 0.47 
Loss: 12.698947  SIA Ef: 0.786336 Binding: 0.84 0.30 2.21 1.63 1.28 0.70 -0.56 0.45 0.01 -0.08 -0.05  Rvol: 0.49 1.22 1.48 -0.33 0.09 0.51 0.74 0.14 0.85 1.26 1.67 -0.28 0.16 0.57 0.90 
Loss: 2.077283  SIA Ef: -0.720046 Binding: 0.11 -0.37 0.28 0.54 0.50 0.60 -0.28 0.10 0.18 -0.04 -0.03  Rvol: 0.44 1.06 1.17 -0.33 -0.07 0.25 0.47 0.14 0.72 1.11 1.34 -0.28 0.01 0.31 0.47 
Loss: 57.622187  SIA Ef: -7.259757 Binding: 0.43 -0.43 -1.03 0.55 0.85 0.65 -0.84 -0.17 0.81 -0.01 0.24  Rvol: 0.15 0.74 0.46 -0.33 -0.09 0.04 0.03 0.14 0.56 0.36 0.46 -0.28 -0.17 0.06 -0.04 
Loss: 15.698825  SIA Ef: 2.186231 Binding: -0.23 -0.24 2.92 0.91 -0.16 0.42 0.13 0.60 -0.14 -0.17 -0.15  Rvol: 0.63 1.20 1.67 -0.33 -0.10 0.24 0.61 0.14 0.78 1.35 1.94 -0.28 0.01 0.34 0.68 
Loss: 8.669474  SIA Ef: -0.202532 Binding: -0.03 -0.49 -1.88 1.36 -0.09 0.64 -0.10 -0.11 1.20 -0.79 0.31  Rvol: 0.42 1.10 1.17 -0.33 -0.06 0.27 0.50 0.14 0.73 1.16 1.27 -0.28 -0.01 0.27 0.50 
Loss: 2.824803  SIA Ef: -0.234471 Binding: 0.24 -0.27 0.73 0.77 0.62 0.61 -0.49 0.16 0.13 -0.06 -0.08  Rvol: 0.45 1.10 1.23 -0.33 -0.03 0.32 0.54 0.14 0.75 1.00 1.41 -0.28 0.05 0.38 0.56 
Loss: 2.034134  SIA Ef: -0.706246 Binding: 0.09 -0.41 0.28 0.54 0.45 0.60 -0.29 0.09 0.18 -0.05 -0.04  Rvol: 0.44 1.06 1.17 -0.33 -0.07 0.26 0.47 0.14 0.72 1.12 1.34 -0.28 0.01 0.32 0.47 
Loss: 8.388867  SIA Ef: -2.470883 Binding: 0.23 -0.46 -0.42 0.54 0.65 0.62 -0.60 -0.06 0.40 -0.04 0.07  Rvol: 0.35 0.98 0.96 -0.33 -0.07 0.20 0.35 0.14 0.68 0.77 1.07 -0.28 -0.05 0.25 0.33 
Loss: 2.058548  SIA Ef: -0.702185 Binding: 0.08 -0.41 0.17 0.52 0.46 0.54 -0.41 -0.11 0.14 -0.17 -0.21  Rvol: 0.44 1.06 1.17 -0.33 -0.07 0.26 0.47 0.14 0.72 1.13 1.33 -0.28 0.01 0.31 0.47 
Loss: 2.889690  SIA Ef: -0.521332 Binding: 0.04 -0.47 -0.83 0.47 0.60 0.64 -0.14 0.06 0.57 0.04 0.21  Rvol: 0.43 1.06 1.16 -0.33 -0.06 0.25 0.48 0.14 0.73 1.17 1.28 -0.28 -0.05 0.30 0.47 
Loss: 2.030107  SIA Ef: -0.705442 Binding: 0.09 -0.41 0.28 0.54 0.45 0.60 -0.28 0.09 0.18 -0.04 -0.03  Rvol: 0.44 1.06 1.17 -0.33 -0.07 0.26 0.47 0.14 0.72 1.11 1.34 -0.28 0.01 0.31 0.47 
Loss: 4.241332  SIA Ef: 0.911637 Binding: -0.11 -0.33 1.40 0.62 0.16 0.53 -0.06 0.32 -0.01 -0.08 -0.16  Rvol: 0.53 1.11 1.40 -0.33 -0.08 0.27 0.55 0.14 0.76 1.25 1.63 -0.28 0.01 0.34 0.61 
Loss: 2.029584  SIA Ef: -0.706022 Binding: 0.09 -0.41 0.28 0.54 0.45 0.60 -0.28 0.09 0.18 -0.04 -0.03  Rvol: 0.44 1.06 1.17 -0.33 -0.07 0.26 0.47 0.14 0.72 1.11 1.34 -0.28 0.01 0.31 0.47 
Loss: 2.857356  SIA Ef: -0.515338 Binding: 0.04 -0.47 -0.83 0.47 0.60 0.64 -0.13 0.06 0.55 0.04 0.21  Rvol: 0.43 1.06 1.16 -0.33 -0.06 0.25 0.48 0.14 0.73 1.16 1.29 -0.28 -0.04 0.29 0.47 
Loss: 2.151612  SIA Ef: -0.627501 Binding: 0.16 -0.29 0.26 0.62 0.58 0.60 -0.34 0.09 0.19 -0.04 -0.04  Rvol: 0.44 1.06 1.17 -0.33 -0.06 0.27 0.48 0.14 0.72 1.07 1.34 -0.28 0.01 0.32 0.48 
Loss: 2.629636  SIA Ef: -0.145656 Binding: 0.19 -0.33 0.80 0.73 0.53 0.61 -0.36 0.17 0.12 -0.05 -0.09  Rvol: 0.46 1.10 1.25 -0.33 -0.03 0.32 0.54 0.14 0.74 1.10 1.43 -0.28 0.04 0.38 0.56 
Loss: 2.058834  SIA Ef: -0.715401 Binding: 0.11 -0.38 0.28 0.55 0.50 0.60 -0.24 0.10 0.18 -0.04 -0.02  Rvol: 0.44 1.06 1.17 -0.33 -0.07 0.26 0.47 0.14 0.72 1.12 1.34 -0.28 0.01 0.31 0.47 
Loss: 8.414356  SIA Ef: -2.494278 Binding: 0.20 -0.48 -0.44 0.51 0.61 0.63 -0.57 -0.05 0.40 -0.03 0.08  Rvol: 0.35 0.98 0.96 -0.33 -0.07 0.20 0.35 0.14 0.67 0.77 1.07 -0.28 -0.05 0.24 0.33 
Loss: 2.012908  SIA Ef: -0.696038 Binding: 0.08 -0.42 0.28 0.53 0.43 0.60 -0.28 0.09 0.18 -0.04 -0.04  Rvol: 0.44 1.06 1.17 -0.33 -0.07 0.26 0.47 0.14 0.72 1.11 1.34 -0.28 0.01 0.31 0.47 
Loss: 4.169516  SIA Ef: 0.900024 Binding: -0.12 -0.35 1.39 0.61 0.14 0.53 -0.05 0.32 -0.00 -0.08 -0.16  Rvol: 0.53 1.11 1.39 -0.33 -0.08 0.27 0.55 0.14 0.76 1.25 1.63 -0.28 0.01 0.34 0.61 
Loss: 1.870285  SIA Ef: -0.662653 Binding: 0.03 -0.50 -0.10 0.45 0.41 0.61 -0.22 0.07 0.27 -0.01 0.04  Rvol: 0.44 1.06 1.16 -0.33 -0.07 0.25 0.46 0.14 0.73 1.14 1.32 -0.28 -0.00 0.30 0.46 
Loss: 3.174321  SIA Ef: -0.468105 Binding: 0.08 -0.47 -0.91 0.50 0.65 0.65 -0.16 0.06 0.61 0.05 0.23  Rvol: 0.43 1.09 1.16 -0.33 -0.06 0.26 0.49 0.14 0.73 1.16 1.29 -0.28 -0.05 0.30 0.48 
Loss: 1.729855  SIA Ef: -0.382750 Binding: 0.06 -0.49 0.16 0.52 0.43 0.61 -0.25 0.11 0.22 -0.02 0.01  Rvol: 0.45 1.08 1.20 -0.33 -0.05 0.28 0.50 0.14 0.73 1.13 1.37 -0.28 0.02 0.33 0.50 
Loss: 2.376335  SIA Ef: -0.812730 Binding: 0.11 -0.52 -0.10 0.52 0.49 0.62 -0.32 0.07 0.29 -0.01 0.05  Rvol: 0.42 1.07 1.14 -0.33 -0.05 0.27 0.47 0.14 0.73 1.10 1.29 -0.28 0.01 0.32 0.46 
Loss: 2.186166  SIA Ef: 0.341584 Binding: -0.02 -0.48 0.77 0.54 0.24 0.58 -0.18 0.21 0.09 -0.04 -0.09  Rvol: 0.49 1.12 1.30 -0.33 -0.06 0.29 0.54 0.14 0.75 1.18 1.51 -0.28 0.02 0.35 0.57 
Loss: 1.803817  SIA Ef: -0.382739 Binding: 0.06 -0.48 0.21 0.53 0.42 0.64 -0.19 0.21 0.24 0.04 0.09  Rvol: 0.45 1.08 1.20 -0.33 -0.05 0.28 0.50 0.14 0.73 1.13 1.37 -0.28 0.02 0.33 0.50 
Loss: 1.678984  SIA Ef: 0.017701 Binding: 0.06 -0.46 -0.04 0.53 0.49 0.62 -0.21 0.12 0.27 -0.00 0.05  Rvol: 0.46 1.11 1.23 -0.33 -0.05 0.29 0.53 0.14 0.75 1.18 1.40 -0.28 0.02 0.35 0.53 
Loss: 1.679356  SIA Ef: 0.019164 Binding: 0.06 -0.46 -0.04 0.53 0.49 0.61 -0.21 0.12 0.27 -0.00 0.05  Rvol: 0.46 1.11 1.23 -0.33 -0.05 0.29 0.53 0.14 0.75 1.18 1.40 -0.28 0.02 0.35 0.53 
Loss: 2.474746  SIA Ef: 0.804580 Binding: -0.02 -0.45 0.54 0.53 0.32 0.58 -0.14 0.20 0.13 -0.04 -0.06  Rvol: 0.50 1.15 1.34 -0.33 -0.05 0.31 0.57 0.14 0.76 1.22 1.54 -0.28 0.03 0.37 0.60 
Loss: 1.679086  SIA Ef: 0.016749 Binding: 0.06 -0.46 -0.04 0.53 0.49 0.62 -0.20 0.12 0.27 0.00 0.05  Rvol: 0.46 1.11 1.23 -0.33 -0.05 0.29 0.53 0.14 0.75 1.18 1.40 -0.28 0.02 0.34 0.53 
Loss: 3.020495  SIA Ef: -0.672235 Binding: 0.12 -0.51 -0.68 0.55 0.64 0.63 -0.29 0.02 0.51 0.01 0.15  Rvol: 0.42 1.08 1.14 -0.33 -0.04 0.27 0.49 0.14 0.72 1.12 1.26 -0.28 -0.03 0.32 0.47 
Loss: 1.641829  SIA Ef: -0.010562 Binding: 0.03 -0.49 -0.01 0.50 0.45 0.63 -0.14 0.18 0.27 0.03 0.10  Rvol: 0.46 1.10 1.23 -0.33 -0.05 0.29 0.53 0.14 0.75 1.18 1.40 -0.28 0.02 0.34 0.52 
Loss: 1.945706  SIA Ef: 0.060578 Binding: 0.07 -0.44 0.06 0.55 0.50 0.68 -0.07 0.34 0.31 0.14 0.24  Rvol: 0.46 1.11 1.24 -0.33 -0.05 0.30 0.53 0.14 0.75 1.17 1.41 -0.28 0.02 0.35 0.53 
Loss: 1.640098  SIA Ef: -0.007806 Binding: 0.03 -0.50 0.03 0.50 0.43 0.63 -0.17 0.18 0.26 0.03 0.09  Rvol: 0.46 1.10 1.23 -0.33 -0.05 0.29 0.53 0.14 0.75 1.18 1.40 -0.28 0.02 0.34 0.53 
Loss: 1.770888  SIA Ef: -0.013090 Binding: 0.08 -0.43 0.34 0.57 0.45 0.62 -0.20 0.19 0.20 0.01 0.03  Rvol: 0.46 1.10 1.24 -0.33 -0.05 0.30 0.53 0.14 0.74 1.16 1.42 -0.28 0.03 0.35 0.54 
Loss: 1.662634  SIA Ef: -0.000788 Binding: 0.05 -0.47 0.12 0.53 0.45 0.62 -0.19 0.17 0.24 0.02 0.06  Rvol: 0.46 1.10 1.23 -0.33 -0.05 0.30 0.53 0.14 0.74 1.17 1.41 -0.28 0.02 0.35 0.53 
Loss: 1.647969  SIA Ef: -0.080716 Binding: 0.01 -0.54 0.22 0.49 0.35 0.64 -0.12 0.23 0.23 0.05 0.10  Rvol: 0.46 1.09 1.23 -0.33 -0.05 0.29 0.52 0.14 0.74 1.17 1.41 -0.28 0.02 0.34 0.52 
Loss: 1.595879  SIA Ef: -0.139630 Binding: 0.01 -0.51 -0.10 0.47 0.42 0.63 -0.14 0.15 0.29 0.03 0.10  Rvol: 0.46 1.09 1.21 -0.33 -0.06 0.28 0.51 0.14 0.74 1.18 1.38 -0.28 0.01 0.33 0.51 
Loss: 1.847905  SIA Ef: -0.335686 Binding: 0.05 -0.53 -0.25 0.47 0.46 0.64 -0.18 0.14 0.34 0.04 0.13  Rvol: 0.44 1.09 1.19 -0.33 -0.06 0.27 0.50 0.14 0.73 1.17 1.34 -0.28 0.00 0.32 0.49 
Loss: 1.523471  SIA Ef: 0.219207 Binding: -0.04 -0.51 0.14 0.45 0.33 0.61 -0.11 0.17 0.22 0.01 0.04  Rvol: 0.48 1.10 1.26 -0.33 -0.06 0.28 0.53 0.14 0.75 1.19 1.45 -0.28 0.01 0.34 0.53 
Loss: 1.732175  SIA Ef: 0.369922 Binding: -0.04 -0.48 0.27 0.47 0.32 0.63 -0.06 0.27 0.21 0.05 0.10  Rvol: 0.48 1.11 1.28 -0.33 -0.06 0.29 0.54 0.14 0.75 1.19 1.47 -0.28 0.01 0.34 0.55 
Loss: 1.584528  SIA Ef: 0.303758 Binding: -0.03 -0.50 0.13 0.46 0.35 0.61 -0.10 0.18 0.22 0.01 0.05  Rvol: 0.48 1.11 1.27 -0.33 -0.06 0.29 0.54 0.14 0.75 1.20 1.46 -0.28 0.01 0.34 0.54 
Loss: 1.571732  SIA Ef: 0.179431 Binding: -0.03 -0.48 0.36 0.48 0.31 0.60 -0.14 0.18 0.17 -0.01 -0.01  Rvol: 0.47 1.10 1.27 -0.33 -0.06 0.28 0.53 0.14 0.74 1.18 1.46 -0.28 0.01 0.34 0.54 
Loss: 1.532328  SIA Ef: 0.237583 Binding: -0.03 -0.50 0.11 0.46 0.35 0.61 -0.13 0.16 0.22 0.00 0.03  Rvol: 0.48 1.10 1.26 -0.33 -0.06 0.28 0.53 0.14 0.75 1.19 1.44 -0.28 0.01 0.34 0.54 
Loss: 1.570880  SIA Ef: 0.232594 Binding: -0.02 -0.48 0.26 0.48 0.34 0.60 -0.13 0.18 0.19 -0.01 0.02  Rvol: 0.48 1.10 1.27 -0.33 -0.06 0.28 0.53 0.14 0.75 1.19 1.46 -0.28 0.02 0.34 0.54 
Loss: 1.523297  SIA Ef: 0.219987 Binding: -0.04 -0.51 0.14 0.45 0.33 0.61 -0.12 0.17 0.22 0.01 0.04  Rvol: 0.48 1.10 1.26 -0.33 -0.06 0.28 0.53 0.14 0.75 1.19 1.45 -0.28 0.01 0.34 0.53 
Loss: 1.538789  SIA Ef: 0.262170 Binding: -0.02 -0.48 0.13 0.47 0.36 0.59 -0.16 0.12 0.20 -0.02 -0.01  Rvol: 0.48 1.11 1.27 -0.33 -0.06 0.29 0.53 0.14 0.75 1.19 1.45 -0.28 0.01 0.34 0.54 
Loss: 1.487646  SIA Ef: 0.198530 Binding: -0.05 -0.53 0.13 0.43 0.30 0.61 -0.11 0.16 0.21 0.00 0.03  Rvol: 0.48 1.10 1.26 -0.33 -0.06 0.28 0.53 0.14 0.75 1.19 1.44 -0.28 0.01 0.34 0.53 
Loss: 1.380508  SIA Ef: 0.079407 Binding: -0.07 -0.57 0.00 0.40 0.28 0.59 -0.14 0.08 0.22 -0.04 -0.01  Rvol: 0.47 1.09 1.25 -0.33 -0.07 0.27 0.51 0.14 0.75 1.20 1.42 -0.28 0.00 0.33 0.52 
Loss: 1.341575  SIA Ef: 0.027604 Binding: -0.11 -0.61 -0.06 0.35 0.23 0.58 -0.14 0.04 0.22 -0.06 -0.03  Rvol: 0.47 1.09 1.24 -0.33 -0.07 0.26 0.50 0.14 0.74 1.20 1.42 -0.28 -0.00 0.32 0.51 
Loss: 1.386495  SIA Ef: 0.135104 Binding: -0.14 -0.64 -0.16 0.31 0.21 0.56 -0.12 0.00 0.23 -0.07 -0.05  Rvol: 0.47 1.10 1.25 -0.33 -0.07 0.26 0.51 0.14 0.74 1.22 1.43 -0.28 -0.01 0.31 0.52 
Loss: 1.345037  SIA Ef: 0.031586 Binding: -0.11 -0.62 -0.04 0.35 0.22 0.58 -0.15 0.04 0.21 -0.06 -0.04  Rvol: 0.47 1.09 1.24 -0.33 -0.07 0.26 0.51 0.14 0.74 1.20 1.42 -0.28 -0.00 0.32 0.51 
Loss: 1.385980  SIA Ef: 0.129352 Binding: -0.11 -0.62 0.04 0.37 0.22 0.57 -0.16 0.04 0.19 -0.08 -0.07  Rvol: 0.47 1.09 1.25 -0.33 -0.07 0.27 0.52 0.14 0.75 1.20 1.43 -0.28 0.01 0.33 0.52 
Loss: 1.420010  SIA Ef: -0.048285 Binding: -0.10 -0.62 -0.21 0.34 0.26 0.59 -0.13 0.04 0.26 -0.04 0.01  Rvol: 0.46 1.08 1.23 -0.33 -0.07 0.26 0.50 0.14 0.74 1.20 1.39 -0.28 -0.01 0.31 0.50 
Loss: 1.402421  SIA Ef: -0.288019 Binding: -0.10 -0.62 -0.09 0.34 0.24 0.57 -0.17 0.00 0.22 -0.07 -0.05  Rvol: 0.45 1.07 1.21 -0.33 -0.08 0.25 0.48 0.14 0.73 1.18 1.38 -0.28 -0.01 0.30 0.48 
Loss: 1.334472  SIA Ef: 0.008711 Binding: -0.11 -0.62 -0.03 0.34 0.22 0.58 -0.12 0.07 0.22 -0.04 -0.01  Rvol: 0.47 1.09 1.24 -0.33 -0.07 0.26 0.50 0.14 0.74 1.20 1.42 -0.28 -0.00 0.32 0.51 
Loss: 1.314691  SIA Ef: 0.071619 Binding: -0.12 -0.60 0.12 0.35 0.20 0.56 -0.15 0.05 0.17 -0.08 -0.08  Rvol: 0.47 1.09 1.25 -0.33 -0.08 0.26 0.51 0.14 0.75 1.20 1.44 -0.28 0.00 0.32 0.51 
Loss: 1.309191  SIA Ef: 0.080095 Binding: -0.11 -0.60 0.09 0.36 0.21 0.56 -0.15 0.03 0.17 -0.08 -0.08  Rvol: 0.47 1.09 1.25 -0.33 -0.08 0.26 0.51 0.14 0.75 1.20 1.43 -0.28 0.00 0.32 0.51 
Loss: 1.358203  SIA Ef: 0.186033 Binding: -0.10 -0.58 0.14 0.37 0.21 0.55 -0.18 0.02 0.15 -0.10 -0.12  Rvol: 0.48 1.11 1.27 -0.33 -0.08 0.26 0.51 0.14 0.75 1.21 1.45 -0.28 0.00 0.32 0.52 
Loss: 1.368396  SIA Ef: 0.187597 Binding: -0.11 -0.60 0.17 0.36 0.18 0.56 -0.15 0.06 0.16 -0.08 -0.09  Rvol: 0.48 1.11 1.27 -0.33 -0.08 0.26 0.51 0.14 0.75 1.20 1.45 -0.28 0.00 0.32 0.52 
Loss: 1.367764  SIA Ef: 0.083859 Binding: -0.12 -0.62 0.20 0.36 0.17 0.56 -0.15 0.07 0.16 -0.07 -0.08  Rvol: 0.47 1.09 1.26 -0.33 -0.08 0.26 0.51 0.14 0.74 1.19 1.44 -0.28 0.00 0.32 0.52 
Loss: 1.288793  SIA Ef: -0.085048 Binding: -0.11 -0.60 0.06 0.35 0.21 0.56 -0.17 0.01 0.18 -0.09 -0.10  Rvol: 0.47 1.08 1.23 -0.33 -0.08 0.26 0.50 0.14 0.74 1.19 1.41 -0.28 -0.00 0.31 0.50 
Loss: 1.276579  SIA Ef: -0.085631 Binding: -0.12 -0.60 0.03 0.34 0.21 0.56 -0.16 0.00 0.18 -0.09 -0.09  Rvol: 0.47 1.08 1.23 -0.33 -0.08 0.25 0.49 0.14 0.74 1.20 1.41 -0.28 -0.00 0.31 0.50 
Loss: 1.288385  SIA Ef: -0.001732 Binding: -0.12 -0.61 0.05 0.34 0.20 0.55 -0.17 -0.02 0.16 -0.11 -0.12  Rvol: 0.47 1.08 1.24 -0.33 -0.08 0.26 0.50 0.14 0.74 1.20 1.42 -0.28 -0.00 0.31 0.51 
Loss: 1.278350  SIA Ef: -0.063281 Binding: -0.11 -0.59 0.06 0.36 0.22 0.56 -0.16 0.01 0.18 -0.09 -0.09  Rvol: 0.47 1.08 1.24 -0.33 -0.08 0.26 0.50 0.14 0.74 1.19 1.41 -0.28 -0.00 0.31 0.50 
Loss: 1.368966  SIA Ef: -0.223864 Binding: -0.10 -0.61 -0.14 0.34 0.26 0.56 -0.17 -0.03 0.22 -0.09 -0.07  Rvol: 0.46 1.07 1.21 -0.33 -0.08 0.25 0.49 0.14 0.73 1.19 1.38 -0.28 -0.01 0.30 0.49 
Loss: 1.273839  SIA Ef: -0.090615 Binding: -0.12 -0.60 0.03 0.34 0.21 0.56 -0.15 0.01 0.18 -0.09 -0.08  Rvol: 0.47 1.08 1.23 -0.33 -0.08 0.25 0.49 0.14 0.74 1.20 1.41 -0.28 -0.00 0.31 0.50 
Loss: 1.287342  SIA Ef: -0.087004 Binding: -0.12 -0.62 0.12 0.34 0.18 0.56 -0.15 0.03 0.17 -0.08 -0.09  Rvol: 0.47 1.08 1.24 -0.33 -0.08 0.25 0.49 0.14 0.74 1.19 1.42 -0.28 -0.00 0.31 0.50 
Loss: 1.270380  SIA Ef: -0.066478 Binding: -0.12 -0.60 0.07 0.35 0.20 0.55 -0.16 0.01 0.17 -0.10 -0.10  Rvol: 0.47 1.08 1.24 -0.33 -0.08 0.25 0.49 0.14 0.74 1.20 1.42 -0.28 -0.00 0.31 0.50 
Loss: 1.265679  SIA Ef: -0.055125 Binding: -0.11 -0.59 0.06 0.35 0.21 0.55 -0.16 0.00 0.17 -0.10 -0.11  Rvol: 0.47 1.08 1.24 -0.33 -0.08 0.25 0.50 0.14 0.74 1.20 1.42 -0.28 -0.00 0.31 0.50 
Loss: 1.260407  SIA Ef: -0.046728 Binding: -0.12 -0.60 0.05 0.34 0.20 0.55 -0.16 -0.00 0.17 -0.10 -0.11  Rvol: 0.47 1.08 1.24 -0.33 -0.08 0.25 0.49 0.14 0.74 1.20 1.42 -0.28 -0.00 0.31 0.50 
Loss: 1.288741  SIA Ef: 0.028746 Binding: -0.11 -0.60 0.17 0.35 0.18 0.55 -0.16 0.02 0.14 -0.10 -0.12  Rvol: 0.47 1.10 1.25 -0.33 -0.08 0.25 0.50 0.14 0.74 1.20 1.44 -0.28 -0.00 0.31 0.51 
Loss: 1.265729  SIA Ef: -0.122302 Binding: -0.12 -0.60 -0.03 0.33 0.22 0.55 -0.16 -0.02 0.19 -0.10 -0.10  Rvol: 0.46 1.08 1.23 -0.33 -0.08 0.25 0.49 0.14 0.74 1.20 1.40 -0.28 -0.01 0.30 0.49 
Loss: 1.260796  SIA Ef: -0.033889 Binding: -0.12 -0.60 0.05 0.34 0.20 0.55 -0.16 -0.00 0.17 -0.10 -0.11  Rvol: 0.47 1.08 1.24 -0.33 -0.08 0.25 0.49 0.14 0.74 1.20 1.42 -0.28 -0.00 0.31 0.50 
Loss: 1.268877  SIA Ef: 0.019125 Binding: -0.12 -0.60 0.05 0.34 0.20 0.55 -0.15 0.01 0.17 -0.09 -0.10  Rvol: 0.47 1.09 1.25 -0.33 -0.08 0.25 0.50 0.14 0.74 1.21 1.43 -0.28 -0.00 0.31 0.51 
Loss: 1.262785  SIA Ef: -0.030914 Binding: -0.12 -0.60 0.04 0.34 0.20 0.55 -0.16 -0.01 0.17 -0.11 -0.11  Rvol: 0.47 1.08 1.24 -0.33 -0.08 0.25 0.49 0.14 0.74 1.20 1.42 -0.28 -0.00 0.31 0.50 
Loss: 1.268166  SIA Ef: -0.040404 Binding: -0.12 -0.61 0.08 0.33 0.19 0.55 -0.17 -0.00 0.16 -0.10 -0.12  Rvol: 0.47 1.09 1.24 -0.33 -0.08 0.25 0.49 0.14 0.74 1.20 1.42 -0.28 -0.00 0.31 0.50 
Loss: 1.260515  SIA Ef: -0.056938 Binding: -0.12 -0.60 0.05 0.33 0.20 0.55 -0.16 -0.00 0.17 -0.10 -0.11  Rvol: 0.47 1.08 1.24 -0.33 -0.08 0.25 0.49 0.14 0.74 1.20 1.42 -0.28 -0.01 0.31 0.50 
Loss: 1.263304  SIA Ef: -0.066236 Binding: -0.12 -0.59 0.05 0.34 0.21 0.55 -0.17 -0.01 0.17 -0.10 -0.11  Rvol: 0.47 1.08 1.24 -0.33 -0.08 0.25 0.49 0.14 0.74 1.20 1.42 -0.28 -0.00 0.31 0.50 
Loss: 1.259159  SIA Ef: -0.051196 Binding: -0.12 -0.60 0.04 0.34 0.20 0.55 -0.16 -0.00 0.17 -0.10 -0.10  Rvol: 0.47 1.08 1.24 -0.33 -0.08 0.25 0.49 0.14 0.74 1.20 1.42 -0.28 -0.01 0.31 0.50 
Loss: 1.265351  SIA Ef: -0.083877 Binding: -0.12 -0.60 0.00 0.33 0.21 0.56 -0.15 0.00 0.19 -0.09 -0.09  Rvol: 0.47 1.08 1.23 -0.33 -0.08 0.25 0.49 0.14 0.74 1.20 1.41 -0.28 -0.01 0.31 0.50 
Loss: 1.258833  SIA Ef: -0.049534 Binding: -0.12 -0.60 0.06 0.34 0.20 0.55 -0.16 0.01 0.17 -0.10 -0.10  Rvol: 0.47 1.08 1.24 -0.33 -0.08 0.25 0.49 0.14 0.74 1.20 1.42 -0.28 -0.00 0.31 0.50 
Loss: 1.259376  SIA Ef: -0.041689 Binding: -0.11 -0.59 0.08 0.34 0.20 0.55 -0.16 0.01 0.16 -0.10 -0.11  Rvol: 0.47 1.09 1.24 -0.33 -0.08 0.25 0.49 0.14 0.74 1.20 1.42 -0.28 -0.00 0.31 0.50 
Loss: 1.260206  SIA Ef: -0.057863 Binding: -0.11 -0.59 0.07 0.34 0.20 0.55 -0.17 0.00 0.17 -0.10 -0.11  Rvol: 0.47 1.08 1.24 -0.33 -0.08 0.25 0.49 0.14 0.74 1.20 1.42 -0.28 -0.00 0.31 0.50 
Loss: 1.264557  SIA Ef: -0.025257 Binding: -0.11 -0.60 0.08 0.34 0.20 0.55 -0.16 0.01 0.17 -0.10 -0.10  Rvol: 0.47 1.09 1.24 -0.33 -0.08 0.25 0.50 0.14 0.74 1.20 1.42 -0.28 -0.00 0.31 0.50 
Loss: 1.253862  SIA Ef: -0.082386 Binding: -0.11 -0.59 0.03 0.34 0.21 0.55 -0.16 -0.00 0.18 -0.10 -0.10  Rvol: 0.47 1.08 1.24 -0.33 -0.08 0.25 0.49 0.14 0.74 1.20 1.41 -0.28 -0.01 0.31 0.50 
Loss: 1.255124  SIA Ef: -0.110835 Binding: -0.12 -0.59 0.03 0.34 0.21 0.55 -0.16 -0.01 0.18 -0.10 -0.10  Rvol: 0.47 1.08 1.23 -0.33 -0.08 0.25 0.49 0.14 0.74 1.20 1.41 -0.28 -0.01 0.31 0.50 
Loss: 1.254124  SIA Ef: -0.080193 Binding: -0.11 -0.59 0.04 0.34 0.21 0.55 -0.16 0.00 0.17 -0.10 -0.10  Rvol: 0.47 1.08 1.24 -0.33 -0.08 0.25 0.49 0.14 0.74 1.20 1.41 -0.28 -0.01 0.31 0.50 
Loss: 1.261149  SIA Ef: -0.121488 Binding: -0.11 -0.59 0.00 0.34 0.22 0.56 -0.16 -0.00 0.18 -0.09 -0.09  Rvol: 0.47 1.08 1.23 -0.33 -0.08 0.25 0.49 0.14 0.74 1.20 1.41 -0.28 -0.01 0.31 0.50 
Loss: 1.254958  SIA Ef: -0.083345 Binding: -0.11 -0.59 0.03 0.34 0.21 0.55 -0.16 -0.00 0.18 -0.10 -0.10  Rvol: 0.47 1.08 1.24 -0.33 -0.08 0.25 0.49 0.14 0.74 1.20 1.41 -0.28 -0.01 0.31 0.50 
Loss: 1.253427  SIA Ef: -0.073847 Binding: -0.11 -0.59 0.03 0.34 0.21 0.55 -0.16 -0.01 0.17 -0.10 -0.11  Rvol: 0.47 1.08 1.24 -0.33 -0.08 0.25 0.49 0.14 0.74 1.20 1.41 -0.28 -0.01 0.31 0.50 
Loss: 1.253225  SIA Ef: -0.066181 Binding: -0.11 -0.59 0.03 0.34 0.21 0.55 -0.16 -0.01 0.17 -0.10 -0.11  Rvol: 0.47 1.08 1.24 -0.33 -0.08 0.25 0.49 0.14 0.74 1.20 1.41 -0.28 -0.01 0.31 0.50 
Loss: 1.253015  SIA Ef: -0.062813 Binding: -0.11 -0.59 0.03 0.34 0.21 0.55 -0.17 -0.01 0.17 -0.10 -0.11  Rvol: 0.47 1.08 1.24 -0.33 -0.08 0.25 0.49 0.14 0.74 1.20 1.42 -0.28 -0.01 0.31 0.50 
Loss: 1.252533  SIA Ef: -0.055772 Binding: -0.11 -0.59 0.03 0.34 0.21 0.55 -0.16 -0.01 0.17 -0.10 -0.11  Rvol: 0.47 1.08 1.24 -0.33 -0.08 0.25 0.49 0.14 0.74 1.20 1.42 -0.28 -0.01 0.31 0.50 
Loss: 1.250870  SIA Ef: -0.035583 Binding: -0.11 -0.59 0.03 0.34 0.21 0.55 -0.16 -0.01 0.17 -0.10 -0.11  Rvol: 0.47 1.09 1.24 -0.33 -0.08 0.25 0.49 0.14 0.74 1.20 1.42 -0.28 -0.01 0.31 0.50 
Loss: 1.248388  SIA Ef: -0.060227 Binding: -0.11 -0.59 -0.00 0.34 0.22 0.55 -0.16 -0.01 0.18 -0.10 -0.10  Rvol: 0.47 1.08 1.24 -0.33 -0.08 0.25 0.49 0.14 0.74 1.20 1.41 -0.28 -0.01 0.31 0.50 
Loss: 1.244351  SIA Ef: -0.052651 Binding: -0.11 -0.59 0.01 0.34 0.22 0.55 -0.15 -0.00 0.18 -0.10 -0.10  Rvol: 0.47 1.08 1.24 -0.33 -0.08 0.25 0.49 0.14 0.74 1.20 1.42 -0.28 -0.01 0.31 0.50 
Loss: 1.241371  SIA Ef: -0.044463 Binding: -0.11 -0.58 0.02 0.34 0.22 0.55 -0.15 0.00 0.18 -0.09 -0.10  Rvol: 0.47 1.09 1.24 -0.33 -0.08 0.25 0.49 0.14 0.74 1.20 1.42 -0.28 -0.01 0.31 0.50 
Loss: 1.240111  SIA Ef: -0.057509 Binding: -0.11 -0.58 -0.01 0.34 0.23 0.56 -0.15 0.00 0.18 -0.09 -0.09  Rvol: 0.47 1.09 1.24 -0.33 -0.08 0.25 0.49 0.14 0.74 1.20 1.41 -0.28 -0.01 0.30 0.50 
Loss: 1.239468  SIA Ef: -0.063583 Binding: -0.11 -0.58 -0.01 0.34 0.23 0.56 -0.15 0.00 0.19 -0.09 -0.08  Rvol: 0.47 1.08 1.24 -0.33 -0.08 0.25 0.49 0.14 0.74 1.20 1.41 -0.28 -0.01 0.30 0.50 
Loss: 1.239804  SIA Ef: -0.071081 Binding: -0.11 -0.58 -0.02 0.33 0.23 0.56 -0.14 0.00 0.19 -0.09 -0.08  Rvol: 0.47 1.08 1.24 -0.33 -0.08 0.25 0.49 0.14 0.74 1.20 1.41 -0.28 -0.01 0.30 0.50 
Loss: 1.236783  SIA Ef: -0.088345 Binding: -0.11 -0.57 -0.01 0.34 0.23 0.56 -0.15 0.00 0.18 -0.09 -0.09  Rvol: 0.47 1.08 1.24 -0.33 -0.08 0.25 0.49 0.14 0.74 1.20 1.41 -0.28 -0.01 0.30 0.50 
Loss: 1.237390  SIA Ef: -0.097917 Binding: -0.11 -0.57 -0.01 0.34 0.23 0.56 -0.14 0.01 0.19 -0.08 -0.08  Rvol: 0.47 1.08 1.23 -0.33 -0.08 0.25 0.49 0.14 0.74 1.20 1.41 -0.28 -0.01 0.30 0.49 
Loss: 1.236499  SIA Ef: -0.090391 Binding: -0.11 -0.58 -0.01 0.34 0.23 0.56 -0.15 0.00 0.18 -0.09 -0.09  Rvol: 0.47 1.08 1.24 -0.33 -0.08 0.25 0.49 0.14 0.74 1.20 1.41 -0.28 -0.01 0.30 0.50 
Loss: 1.237437  SIA Ef: -0.106367 Binding: -0.11 -0.58 -0.01 0.33 0.23 0.56 -0.15 0.00 0.18 -0.09 -0.09  Rvol: 0.47 1.08 1.23 -0.33 -0.08 0.24 0.49 0.14 0.74 1.20 1.41 -0.28 -0.01 0.30 0.49 
Loss: 1.235901  SIA Ef: -0.091457 Binding: -0.11 -0.57 -0.01 0.34 0.23 0.56 -0.15 -0.00 0.18 -0.09 -0.09  Rvol: 0.47 1.08 1.23 -0.33 -0.08 0.25 0.49 0.14 0.74 1.20 1.41 -0.28 -0.01 0.30 0.50 
Loss: 1.238372  SIA Ef: -0.117006 Binding: -0.10 -0.57 -0.01 0.34 0.23 0.56 -0.15 -0.00 0.18 -0.09 -0.09  Rvol: 0.47 1.08 1.23 -0.33 -0.08 0.25 0.49 0.14 0.74 1.20 1.41 -0.28 -0.01 0.30 0.49 
Loss: 1.233369  SIA Ef: -0.072526 Binding: -0.11 -0.58 0.01 0.34 0.23 0.55 -0.15 0.00 0.18 -0.09 -0.09  Rvol: 0.47 1.09 1.24 -0.33 -0.08 0.25 0.49 0.14 0.74 1.20 1.41 -0.28 -0.01 0.30 0.50 
Loss: 1.231372  SIA Ef: -0.041855 Binding: -0.11 -0.57 0.04 0.34 0.22 0.55 -0.15 0.01 0.17 -0.09 -0.10  Rvol: 0.47 1.09 1.24 -0.33 -0.08 0.25 0.49 0.14 0.74 1.20 1.42 -0.28 -0.01 0.30 0.50 
Loss: 1.231866  SIA Ef: -0.042030 Binding: -0.10 -0.57 0.06 0.34 0.22 0.55 -0.15 0.01 0.17 -0.09 -0.10  Rvol: 0.47 1.09 1.24 -0.33 -0.08 0.25 0.49 0.14 0.74 1.20 1.42 -0.28 -0.01 0.30 0.50 
Loss: 1.231465  SIA Ef: -0.041586 Binding: -0.11 -0.57 0.04 0.34 0.22 0.55 -0.15 0.01 0.17 -0.09 -0.10  Rvol: 0.47 1.09 1.24 -0.33 -0.08 0.25 0.49 0.14 0.74 1.20 1.42 -0.28 -0.01 0.30 0.50 
Loss: 1.236706  SIA Ef: -0.023490 Binding: -0.11 -0.58 0.07 0.34 0.21 0.55 -0.16 0.01 0.16 -0.10 -0.11  Rvol: 0.47 1.10 1.24 -0.33 -0.08 0.25 0.49 0.14 0.74 1.20 1.43 -0.28 -0.01 0.31 0.50 
Loss: 1.229352  SIA Ef: -0.052221 Binding: -0.11 -0.58 0.03 0.34 0.22 0.55 -0.15 0.01 0.17 -0.09 -0.10  Rvol: 0.47 1.09 1.24 -0.33 -0.08 0.24 0.49 0.14 0.74 1.20 1.42 -0.28 -0.01 0.30 0.50 
Loss: 1.228346  SIA Ef: -0.030215 Binding: -0.11 -0.58 0.02 0.33 0.22 0.55 -0.15 0.01 0.18 -0.09 -0.09  Rvol: 0.47 1.09 1.24 -0.33 -0.09 0.24 0.49 0.14 0.74 1.20 1.42 -0.28 -0.01 0.30 0.50 
Loss: 1.227854  SIA Ef: -0.030498 Binding: -0.11 -0.58 0.02 0.33 0.22 0.55 -0.15 0.01 0.18 -0.09 -0.09  Rvol: 0.47 1.09 1.24 -0.33 -0.09 0.24 0.49 0.14 0.74 1.20 1.42 -0.28 -0.01 0.30 0.50 
Loss: 1.225548  SIA Ef: -0.047796 Binding: -0.11 -0.58 0.02 0.33 0.21 0.56 -0.14 0.01 0.18 -0.09 -0.09  Rvol: 0.47 1.09 1.24 -0.33 -0.09 0.24 0.49 0.14 0.74 1.20 1.42 -0.28 -0.01 0.30 0.50 
Loss: 1.225805  SIA Ef: -0.046400 Binding: -0.11 -0.58 0.02 0.33 0.21 0.56 -0.14 0.01 0.18 -0.09 -0.09  Rvol: 0.47 1.09 1.24 -0.33 -0.09 0.24 0.49 0.14 0.74 1.20 1.42 -0.28 -0.01 0.30 0.50 
Loss: 1.224588  SIA Ef: -0.043959 Binding: -0.11 -0.58 0.01 0.33 0.21 0.56 -0.14 0.02 0.18 -0.08 -0.08  Rvol: 0.47 1.09 1.24 -0.33 -0.09 0.24 0.49 0.14 0.74 1.20 1.42 -0.28 -0.01 0.30 0.50 
Loss: 1.224873  SIA Ef: -0.058713 Binding: -0.11 -0.58 -0.00 0.33 0.22 0.56 -0.14 0.01 0.18 -0.08 -0.08  Rvol: 0.47 1.09 1.24 -0.33 -0.09 0.24 0.49 0.14 0.74 1.20 1.42 -0.28 -0.01 0.30 0.50 
Loss: 1.219710  SIA Ef: -0.052477 Binding: -0.12 -0.58 0.01 0.32 0.20 0.56 -0.13 0.01 0.18 -0.09 -0.08  Rvol: 0.47 1.10 1.24 -0.33 -0.09 0.24 0.49 0.14 0.74 1.19 1.42 -0.28 -0.01 0.30 0.50 
Loss: 1.215266  SIA Ef: -0.064162 Binding: -0.12 -0.59 0.01 0.31 0.20 0.56 -0.13 0.01 0.18 -0.09 -0.08  Rvol: 0.47 1.09 1.24 -0.33 -0.09 0.24 0.49 0.14 0.74 1.19 1.42 -0.28 -0.01 0.30 0.49 
Loss: 1.213741  SIA Ef: -0.077466 Binding: -0.13 -0.59 0.01 0.31 0.19 0.56 -0.12 0.01 0.18 -0.08 -0.08  Rvol: 0.47 1.09 1.24 -0.33 -0.09 0.24 0.48 0.14 0.74 1.19 1.42 -0.28 -0.01 0.30 0.49 
Loss: 1.204760  SIA Ef: -0.056329 Binding: -0.14 -0.59 0.01 0.31 0.18 0.55 -0.12 0.02 0.17 -0.09 -0.08  Rvol: 0.47 1.10 1.24 -0.33 -0.09 0.24 0.48 0.14 0.74 1.19 1.42 -0.28 -0.01 0.30 0.49 
Loss: 1.196418  SIA Ef: -0.035006 Binding: -0.14 -0.59 0.02 0.30 0.18 0.55 -0.11 0.02 0.17 -0.09 -0.09  Rvol: 0.47 1.10 1.25 -0.33 -0.09 0.24 0.49 0.14 0.74 1.19 1.43 -0.28 -0.01 0.30 0.49 
Loss: 1.192906  SIA Ef: -0.016246 Binding: -0.15 -0.59 0.03 0.30 0.17 0.55 -0.11 0.02 0.17 -0.09 -0.09  Rvol: 0.47 1.10 1.25 -0.33 -0.09 0.24 0.49 0.14 0.74 1.19 1.43 -0.28 -0.01 0.30 0.50 
Loss: 1.195458  SIA Ef: 0.015221 Binding: -0.15 -0.59 0.07 0.30 0.16 0.55 -0.11 0.03 0.16 -0.09 -0.09  Rvol: 0.48 1.10 1.25 -0.33 -0.09 0.24 0.49 0.14 0.74 1.20 1.43 -0.28 -0.01 0.30 0.50 
Loss: 1.193011  SIA Ef: -0.030034 Binding: -0.14 -0.59 0.03 0.30 0.17 0.55 -0.11 0.02 0.17 -0.09 -0.09  Rvol: 0.47 1.10 1.25 -0.33 -0.09 0.24 0.48 0.14 0.74 1.19 1.43 -0.28 -0.01 0.30 0.49 
Loss: 1.190717  SIA Ef: -0.037879 Binding: -0.15 -0.59 0.01 0.30 0.17 0.55 -0.11 0.01 0.17 -0.09 -0.09  Rvol: 0.47 1.10 1.24 -0.33 -0.09 0.24 0.48 0.14 0.74 1.19 1.42 -0.28 -0.01 0.30 0.49 
Loss: 1.190950  SIA Ef: -0.036971 Binding: -0.15 -0.59 0.01 0.30 0.17 0.55 -0.11 0.02 0.17 -0.09 -0.09  Rvol: 0.47 1.10 1.24 -0.33 -0.09 0.24 0.48 0.14 0.74 1.19 1.42 -0.28 -0.01 0.30 0.49 
Loss: 1.186433  SIA Ef: -0.035862 Binding: -0.15 -0.59 0.03 0.30 0.17 0.55 -0.12 0.01 0.17 -0.09 -0.10  Rvol: 0.47 1.09 1.25 -0.33 -0.09 0.24 0.48 0.14 0.74 1.19 1.43 -0.28 -0.01 0.30 0.49 
Loss: 1.182322  SIA Ef: -0.041054 Binding: -0.14 -0.59 0.02 0.30 0.17 0.55 -0.11 0.01 0.17 -0.09 -0.09  Rvol: 0.47 1.09 1.25 -0.33 -0.09 0.24 0.48 0.14 0.74 1.19 1.43 -0.28 -0.01 0.29 0.49 
Loss: 1.182258  SIA Ef: -0.032300 Binding: -0.14 -0.59 0.02 0.30 0.17 0.55 -0.12 0.01 0.17 -0.09 -0.10  Rvol: 0.47 1.09 1.25 -0.33 -0.09 0.24 0.48 0.14 0.74 1.19 1.43 -0.28 -0.01 0.30 0.49 
Loss: 1.177887  SIA Ef: -0.050765 Binding: -0.15 -0.59 0.01 0.29 0.17 0.55 -0.11 0.01 0.17 -0.09 -0.10  Rvol: 0.47 1.09 1.24 -0.33 -0.09 0.23 0.48 0.14 0.74 1.19 1.42 -0.28 -0.02 0.29 0.49 
Loss: 1.173809  SIA Ef: -0.035877 Binding: -0.15 -0.59 0.01 0.29 0.17 0.55 -0.11 0.00 0.17 -0.09 -0.10  Rvol: 0.47 1.09 1.25 -0.33 -0.09 0.23 0.48 0.14 0.74 1.19 1.43 -0.28 -0.02 0.29 0.49 
Loss: 1.167397  SIA Ef: -0.015081 Binding: -0.15 -0.58 0.03 0.29 0.17 0.55 -0.11 0.01 0.16 -0.10 -0.10  Rvol: 0.47 1.09 1.25 -0.33 -0.10 0.23 0.48 0.14 0.74 1.19 1.43 -0.28 -0.02 0.29 0.49 
Loss: 1.165612  SIA Ef: 0.008258 Binding: -0.15 -0.58 0.04 0.29 0.16 0.54 -0.11 0.00 0.16 -0.10 -0.11  Rvol: 0.48 1.09 1.25 -0.33 -0.10 0.23 0.48 0.14 0.74 1.20 1.43 -0.28 -0.02 0.29 0.49 
Loss: 1.163495  SIA Ef: 0.006106 Binding: -0.16 -0.58 0.05 0.29 0.15 0.54 -0.11 0.00 0.15 -0.10 -0.11  Rvol: 0.48 1.09 1.25 -0.33 -0.10 0.23 0.48 0.14 0.74 1.19 1.43 -0.28 -0.02 0.29 0.49 
Loss: 1.163984  SIA Ef: 0.019780 Binding: -0.16 -0.58 0.05 0.29 0.15 0.54 -0.11 0.01 0.16 -0.10 -0.11  Rvol: 0.48 1.09 1.26 -0.33 -0.10 0.23 0.48 0.14 0.74 1.20 1.44 -0.28 -0.02 0.29 0.49 
Loss: 1.157479  SIA Ef: 0.005911 Binding: -0.16 -0.58 0.06 0.29 0.15 0.54 -0.11 0.01 0.15 -0.10 -0.12  Rvol: 0.48 1.09 1.25 -0.33 -0.10 0.23 0.48 0.14 0.74 1.19 1.44 -0.28 -0.02 0.29 0.49 
Loss: 1.152144  SIA Ef: 0.000345 Binding: -0.16 -0.58 0.05 0.29 0.16 0.54 -0.11 0.00 0.15 -0.10 -0.12  Rvol: 0.48 1.09 1.25 -0.33 -0.10 0.23 0.48 0.14 0.74 1.19 1.44 -0.28 -0.02 0.29 0.49 
Loss: 1.150397  SIA Ef: 0.017496 Binding: -0.16 -0.57 0.08 0.29 0.15 0.54 -0.10 0.01 0.15 -0.10 -0.12  Rvol: 0.48 1.09 1.26 -0.33 -0.10 0.23 0.48 0.14 0.74 1.20 1.44 -0.28 -0.02 0.29 0.49 
Loss: 1.145890  SIA Ef: 0.011014 Binding: -0.16 -0.57 0.06 0.28 0.15 0.54 -0.10 0.00 0.15 -0.10 -0.12  Rvol: 0.48 1.09 1.26 -0.33 -0.10 0.23 0.48 0.14 0.74 1.20 1.44 -0.28 -0.02 0.29 0.49 
Loss: 1.139720  SIA Ef: 0.002679 Binding: -0.16 -0.57 0.05 0.28 0.15 0.54 -0.10 0.00 0.15 -0.10 -0.12  Rvol: 0.48 1.09 1.25 -0.33 -0.10 0.23 0.48 0.14 0.74 1.20 1.44 -0.28 -0.02 0.29 0.49 
Loss: 1.134636  SIA Ef: -0.006954 Binding: -0.17 -0.57 0.05 0.28 0.15 0.54 -0.10 -0.00 0.15 -0.10 -0.12  Rvol: 0.48 1.09 1.25 -0.33 -0.10 0.23 0.48 0.14 0.74 1.20 1.44 -0.28 -0.02 0.29 0.49 
Loss: 1.130478  SIA Ef: -0.000765 Binding: -0.17 -0.57 0.05 0.28 0.15 0.54 -0.10 -0.00 0.15 -0.11 -0.12  Rvol: 0.48 1.09 1.26 -0.33 -0.10 0.23 0.48 0.14 0.74 1.20 1.44 -0.28 -0.02 0.29 0.49 
Loss: 1.123891  SIA Ef: -0.030394 Binding: -0.17 -0.57 0.03 0.28 0.16 0.54 -0.09 -0.01 0.15 -0.11 -0.12  Rvol: 0.48 1.09 1.25 -0.33 -0.10 0.23 0.48 0.14 0.74 1.20 1.43 -0.28 -0.02 0.29 0.49 
Loss: 1.123061  SIA Ef: -0.062262 Binding: -0.17 -0.57 0.01 0.27 0.16 0.54 -0.09 -0.01 0.16 -0.11 -0.12  Rvol: 0.47 1.09 1.25 -0.33 -0.10 0.22 0.47 0.14 0.74 1.20 1.43 -0.28 -0.02 0.29 0.49 
Loss: 1.121270  SIA Ef: -0.048124 Binding: -0.17 -0.57 0.01 0.27 0.15 0.54 -0.09 -0.01 0.15 -0.11 -0.12  Rvol: 0.48 1.09 1.25 -0.33 -0.10 0.22 0.48 0.14 0.74 1.20 1.43 -0.28 -0.02 0.29 0.49 
Loss: 1.117000  SIA Ef: -0.036950 Binding: -0.17 -0.57 -0.00 0.27 0.15 0.54 -0.08 -0.01 0.16 -0.11 -0.12  Rvol: 0.48 1.09 1.25 -0.33 -0.10 0.22 0.48 0.14 0.74 1.21 1.43 -0.28 -0.02 0.28 0.49 
Loss: 1.114959  SIA Ef: -0.035971 Binding: -0.17 -0.57 -0.01 0.27 0.16 0.54 -0.08 -0.02 0.16 -0.11 -0.12  Rvol: 0.48 1.09 1.25 -0.33 -0.10 0.22 0.48 0.14 0.74 1.21 1.43 -0.28 -0.02 0.28 0.49 
Loss: 1.109138  SIA Ef: -0.029179 Binding: -0.18 -0.57 0.00 0.26 0.15 0.54 -0.08 -0.01 0.15 -0.11 -0.12  Rvol: 0.48 1.09 1.25 -0.33 -0.10 0.22 0.47 0.14 0.74 1.21 1.43 -0.28 -0.02 0.28 0.49 
Loss: 1.104402  SIA Ef: -0.017060 Binding: -0.18 -0.56 0.03 0.27 0.14 0.54 -0.08 -0.00 0.15 -0.11 -0.12  Rvol: 0.48 1.09 1.25 -0.33 -0.10 0.22 0.47 0.14 0.74 1.20 1.44 -0.28 -0.02 0.28 0.49 
Loss: 1.103295  SIA Ef: -0.030114 Binding: -0.18 -0.56 0.02 0.27 0.14 0.54 -0.08 -0.00 0.15 -0.10 -0.12  Rvol: 0.48 1.09 1.25 -0.33 -0.10 0.22 0.47 0.14 0.74 1.20 1.43 -0.28 -0.02 0.28 0.49 
Loss: 1.103147  SIA Ef: -0.031944 Binding: -0.18 -0.56 0.03 0.27 0.14 0.54 -0.08 -0.01 0.15 -0.11 -0.12  Rvol: 0.48 1.09 1.25 -0.33 -0.10 0.22 0.47 0.14 0.74 1.20 1.43 -0.28 -0.02 0.28 0.49 
Loss: 1.098435  SIA Ef: -0.024729 Binding: -0.18 -0.56 0.04 0.27 0.14 0.53 -0.08 -0.01 0.14 -0.11 -0.13  Rvol: 0.48 1.09 1.25 -0.33 -0.11 0.22 0.47 0.14 0.74 1.20 1.44 -0.28 -0.02 0.28 0.49 
Loss: 1.097114  SIA Ef: -0.041084 Binding: -0.18 -0.56 0.03 0.26 0.14 0.54 -0.08 -0.01 0.15 -0.11 -0.12  Rvol: 0.48 1.09 1.25 -0.33 -0.11 0.22 0.47 0.14 0.74 1.20 1.43 -0.28 -0.02 0.28 0.48 
Loss: 1.096839  SIA Ef: -0.056427 Binding: -0.18 -0.57 0.02 0.26 0.14 0.54 -0.08 -0.01 0.15 -0.11 -0.12  Rvol: 0.48 1.09 1.25 -0.33 -0.11 0.22 0.47 0.14 0.74 1.20 1.43 -0.28 -0.02 0.28 0.48 
Loss: 1.090240  SIA Ef: -0.029201 Binding: -0.19 -0.56 0.05 0.26 0.13 0.53 -0.07 -0.01 0.14 -0.11 -0.13  Rvol: 0.48 1.09 1.26 -0.33 -0.11 0.22 0.47 0.14 0.74 1.20 1.44 -0.28 -0.02 0.28 0.48 
Loss: 1.085441  SIA Ef: -0.007017 Binding: -0.19 -0.56 0.06 0.26 0.12 0.53 -0.07 -0.00 0.14 -0.11 -0.13  Rvol: 0.48 1.09 1.26 -0.33 -0.11 0.22 0.47 0.14 0.74 1.20 1.44 -0.28 -0.02 0.28 0.49 
Loss: 1.080497  SIA Ef: -0.011925 Binding: -0.19 -0.56 0.07 0.26 0.12 0.53 -0.06 0.01 0.14 -0.10 -0.12  Rvol: 0.48 1.08 1.26 -0.33 -0.11 0.22 0.47 0.14 0.74 1.20 1.44 -0.28 -0.02 0.28 0.48 
Loss: 1.079883  SIA Ef: 0.000383 Binding: -0.20 -0.56 0.11 0.26 0.12 0.53 -0.06 0.01 0.13 -0.11 -0.13  Rvol: 0.48 1.08 1.26 -0.33 -0.11 0.22 0.47 0.14 0.74 1.20 1.45 -0.28 -0.02 0.28 0.49 
Loss: 1.081310  SIA Ef: 0.003347 Binding: -0.20 -0.55 0.11 0.26 0.11 0.53 -0.06 0.01 0.13 -0.10 -0.13  Rvol: 0.48 1.08 1.26 -0.33 -0.11 0.22 0.47 0.14 0.74 1.20 1.45 -0.28 -0.02 0.28 0.49 
Loss: 1.076525  SIA Ef: 0.014192 Binding: -0.20 -0.55 0.10 0.25 0.11 0.53 -0.05 0.01 0.13 -0.10 -0.12  Rvol: 0.48 1.08 1.26 -0.33 -0.11 0.22 0.47 0.14 0.74 1.20 1.45 -0.28 -0.02 0.28 0.49 
Loss: 1.068323  SIA Ef: -0.018596 Binding: -0.20 -0.55 0.07 0.25 0.12 0.53 -0.06 0.01 0.14 -0.10 -0.12  Rvol: 0.48 1.08 1.26 -0.33 -0.11 0.22 0.47 0.14 0.74 1.20 1.44 -0.28 -0.03 0.28 0.48 
Loss: 1.066016  SIA Ef: -0.034346 Binding: -0.20 -0.56 0.07 0.25 0.12 0.53 -0.05 0.00 0.14 -0.10 -0.12  Rvol: 0.48 1.08 1.26 -0.33 -0.11 0.21 0.47 0.14 0.74 1.20 1.44 -0.28 -0.03 0.28 0.48 
Loss: 1.065238  SIA Ef: -0.024431 Binding: -0.20 -0.56 0.07 0.25 0.11 0.53 -0.05 0.00 0.14 -0.11 -0.12  Rvol: 0.48 1.08 1.26 -0.33 -0.11 0.21 0.47 0.14 0.74 1.20 1.44 -0.28 -0.03 0.28 0.48 
Loss: 1.065905  SIA Ef: -0.033560 Binding: -0.20 -0.56 0.06 0.24 0.11 0.53 -0.05 0.00 0.14 -0.10 -0.12  Rvol: 0.48 1.08 1.26 -0.33 -0.11 0.21 0.47 0.14 0.74 1.21 1.44 -0.28 -0.03 0.28 0.48 
Loss: 1.061742  SIA Ef: -0.034508 Binding: -0.20 -0.55 0.04 0.25 0.12 0.53 -0.04 0.00 0.14 -0.10 -0.12  Rvol: 0.48 1.08 1.26 -0.33 -0.11 0.21 0.47 0.14 0.74 1.21 1.44 -0.28 -0.03 0.28 0.48 
Loss: 1.057836  SIA Ef: -0.051824 Binding: -0.20 -0.55 0.03 0.25 0.13 0.53 -0.05 0.00 0.14 -0.10 -0.12  Rvol: 0.48 1.08 1.25 -0.33 -0.11 0.21 0.47 0.14 0.74 1.21 1.44 -0.28 -0.03 0.28 0.48 
Loss: 1.060372  SIA Ef: -0.089591 Binding: -0.20 -0.55 0.01 0.24 0.13 0.54 -0.05 -0.00 0.15 -0.10 -0.12  Rvol: 0.48 1.08 1.25 -0.33 -0.11 0.21 0.46 0.14 0.73 1.21 1.43 -0.28 -0.03 0.27 0.48 
Loss: 1.055808  SIA Ef: -0.044904 Binding: -0.20 -0.55 0.05 0.25 0.12 0.53 -0.05 0.00 0.14 -0.10 -0.12  Rvol: 0.48 1.08 1.26 -0.33 -0.11 0.21 0.47 0.14 0.74 1.21 1.44 -0.28 -0.03 0.28 0.48 
Loss: 1.053245  SIA Ef: -0.036645 Binding: -0.20 -0.55 0.04 0.24 0.12 0.53 -0.05 -0.01 0.14 -0.11 -0.13  Rvol: 0.48 1.08 1.26 -0.33 -0.11 0.21 0.47 0.14 0.74 1.21 1.44 -0.28 -0.03 0.27 0.48 
Loss: 1.050465  SIA Ef: -0.033740 Binding: -0.20 -0.55 0.05 0.24 0.12 0.53 -0.05 -0.00 0.14 -0.11 -0.13  Rvol: 0.48 1.08 1.26 -0.33 -0.11 0.21 0.47 0.14 0.74 1.21 1.44 -0.28 -0.03 0.27 0.48 
Loss: 1.052172  SIA Ef: -0.047664 Binding: -0.20 -0.55 0.05 0.25 0.12 0.53 -0.05 -0.01 0.14 -0.11 -0.13  Rvol: 0.48 1.08 1.26 -0.33 -0.11 0.21 0.47 0.14 0.74 1.21 1.44 -0.28 -0.03 0.27 0.48 
Loss: 1.045717  SIA Ef: -0.007051 Binding: -0.21 -0.54 0.07 0.24 0.12 0.53 -0.04 0.00 0.13 -0.11 -0.13  Rvol: 0.48 1.08 1.26 -0.33 -0.11 0.21 0.47 0.14 0.74 1.21 1.45 -0.28 -0.03 0.27 0.48 
Loss: 1.039520  SIA Ef: -0.011104 Binding: -0.21 -0.54 0.07 0.24 0.11 0.53 -0.04 0.00 0.13 -0.11 -0.13  Rvol: 0.48 1.08 1.26 -0.33 -0.11 0.21 0.47 0.14 0.74 1.21 1.45 -0.28 -0.03 0.27 0.48 
Loss: 1.036317  SIA Ef: 0.002843 Binding: -0.21 -0.53 0.08 0.24 0.12 0.53 -0.04 0.00 0.13 -0.11 -0.13  Rvol: 0.48 1.08 1.26 -0.33 -0.11 0.21 0.47 0.14 0.74 1.21 1.45 -0.28 -0.03 0.27 0.48 
Loss: 1.034313  SIA Ef: -0.006999 Binding: -0.21 -0.53 0.08 0.24 0.12 0.53 -0.04 0.00 0.13 -0.11 -0.13  Rvol: 0.48 1.08 1.26 -0.33 -0.11 0.21 0.47 0.14 0.74 1.20 1.45 -0.28 -0.03 0.27 0.48 
Loss: 1.033260  SIA Ef: -0.017691 Binding: -0.21 -0.54 0.07 0.24 0.12 0.53 -0.03 0.00 0.13 -0.11 -0.13  Rvol: 0.48 1.08 1.26 -0.33 -0.11 0.21 0.47 0.14 0.74 1.21 1.44 -0.28 -0.03 0.27 0.48 
Loss: 1.028554  SIA Ef: -0.019844 Binding: -0.21 -0.53 0.07 0.24 0.11 0.53 -0.03 0.00 0.13 -0.11 -0.13  Rvol: 0.48 1.08 1.26 -0.33 -0.12 0.21 0.46 0.14 0.74 1.21 1.45 -0.28 -0.03 0.27 0.48 
Loss: 1.025131  SIA Ef: -0.012689 Binding: -0.22 -0.53 0.08 0.24 0.10 0.53 -0.02 0.01 0.13 -0.11 -0.13  Rvol: 0.48 1.07 1.26 -0.33 -0.12 0.21 0.46 0.14 0.74 1.21 1.45 -0.28 -0.03 0.27 0.48 
Loss: 1.020279  SIA Ef: -0.030705 Binding: -0.22 -0.53 0.05 0.23 0.11 0.53 -0.02 0.00 0.13 -0.10 -0.12  Rvol: 0.48 1.08 1.26 -0.33 -0.12 0.21 0.46 0.14 0.74 1.21 1.44 -0.28 -0.03 0.27 0.48 
Loss: 1.018390  SIA Ef: -0.043267 Binding: -0.22 -0.53 0.05 0.23 0.11 0.53 -0.02 0.01 0.14 -0.10 -0.11  Rvol: 0.48 1.07 1.26 -0.33 -0.12 0.21 0.46 0.14 0.74 1.21 1.44 -0.28 -0.03 0.27 0.48 
Loss: 1.016274  SIA Ef: -0.049788 Binding: -0.22 -0.53 0.04 0.23 0.12 0.53 -0.02 0.01 0.14 -0.10 -0.12  Rvol: 0.48 1.07 1.26 -0.33 -0.12 0.21 0.46 0.14 0.74 1.21 1.44 -0.28 -0.03 0.27 0.48 
Loss: 1.014259  SIA Ef: -0.076834 Binding: -0.21 -0.53 0.04 0.23 0.12 0.53 -0.02 0.00 0.14 -0.10 -0.12  Rvol: 0.48 1.07 1.26 -0.33 -0.12 0.20 0.46 0.14 0.73 1.21 1.44 -0.28 -0.03 0.27 0.47 
Loss: 1.019629  SIA Ef: -0.111286 Binding: -0.21 -0.53 0.01 0.23 0.12 0.53 -0.02 -0.00 0.14 -0.10 -0.12  Rvol: 0.48 1.08 1.25 -0.33 -0.12 0.20 0.46 0.14 0.73 1.20 1.43 -0.28 -0.03 0.27 0.47 
Loss: 1.012700  SIA Ef: -0.066879 Binding: -0.21 -0.53 0.04 0.24 0.12 0.53 -0.02 0.00 0.14 -0.10 -0.12  Rvol: 0.48 1.07 1.26 -0.33 -0.12 0.21 0.46 0.14 0.74 1.21 1.44 -0.28 -0.03 0.27 0.47 
Loss: 1.007745  SIA Ef: -0.040371 Binding: -0.21 -0.52 0.04 0.24 0.12 0.53 -0.02 0.01 0.14 -0.10 -0.12  Rvol: 0.48 1.07 1.26 -0.33 -0.12 0.21 0.46 0.14 0.74 1.21 1.44 -0.28 -0.03 0.27 0.48 
Loss: 1.007033  SIA Ef: -0.014966 Binding: -0.22 -0.52 0.07 0.23 0.11 0.53 -0.01 0.02 0.13 -0.10 -0.12  Rvol: 0.48 1.07 1.26 -0.33 -0.12 0.21 0.46 0.14 0.74 1.21 1.45 -0.28 -0.03 0.27 0.48 
Loss: 1.007032  SIA Ef: -0.018770 Binding: -0.22 -0.52 0.06 0.23 0.11 0.53 -0.01 0.02 0.13 -0.10 -0.12  Rvol: 0.48 1.07 1.26 -0.33 -0.12 0.21 0.46 0.14 0.74 1.21 1.45 -0.28 -0.03 0.27 0.48 
Loss: 1.007376  SIA Ef: 0.004501 Binding: -0.22 -0.52 0.08 0.23 0.11 0.53 -0.01 0.02 0.13 -0.10 -0.12  Rvol: 0.48 1.07 1.27 -0.33 -0.12 0.21 0.46 0.14 0.74 1.21 1.45 -0.28 -0.03 0.27 0.48 
Loss: 1.007001  SIA Ef: -0.021156 Binding: -0.22 -0.52 0.05 0.23 0.11 0.53 -0.00 0.02 0.14 -0.10 -0.11  Rvol: 0.48 1.07 1.26 -0.33 -0.12 0.21 0.46 0.14 0.74 1.21 1.45 -0.28 -0.03 0.27 0.48 
Loss: 1.006764  SIA Ef: -0.008470 Binding: -0.22 -0.52 0.06 0.24 0.12 0.53 -0.01 0.02 0.14 -0.09 -0.11  Rvol: 0.48 1.08 1.26 -0.33 -0.12 0.21 0.46 0.14 0.74 1.21 1.45 -0.28 -0.03 0.27 0.48 
Loss: 1.006461  SIA Ef: -0.005812 Binding: -0.22 -0.52 0.05 0.24 0.12 0.53 -0.01 0.02 0.14 -0.10 -0.11  Rvol: 0.48 1.08 1.26 -0.33 -0.12 0.21 0.46 0.14 0.74 1.21 1.45 -0.28 -0.03 0.27 0.48 
Loss: 1.008099  SIA Ef: 0.014523 Binding: -0.22 -0.52 0.06 0.24 0.12 0.53 -0.01 0.01 0.13 -0.10 -0.12  Rvol: 0.48 1.08 1.27 -0.33 -0.12 0.21 0.46 0.14 0.74 1.21 1.45 -0.28 -0.03 0.27 0.48 
Loss: 1.003689  SIA Ef: -0.023294 Binding: -0.22 -0.52 0.05 0.24 0.12 0.53 -0.01 0.01 0.14 -0.10 -0.11  Rvol: 0.48 1.07 1.26 -0.33 -0.12 0.21 0.46 0.14 0.74 1.21 1.45 -0.28 -0.03 0.27 0.48 
Loss: 0.998905  SIA Ef: -0.032955 Binding: -0.22 -0.51 0.03 0.23 0.12 0.53 -0.01 0.01 0.14 -0.10 -0.11  Rvol: 0.48 1.07 1.26 -0.33 -0.12 0.20 0.46 0.14 0.74 1.21 1.44 -0.28 -0.03 0.27 0.48 
Loss: 0.996467  SIA Ef: -0.050536 Binding: -0.22 -0.51 0.03 0.23 0.12 0.53 -0.00 0.01 0.14 -0.10 -0.11  Rvol: 0.48 1.07 1.26 -0.33 -0.12 0.20 0.46 0.14 0.73 1.21 1.44 -0.28 -0.03 0.27 0.47 
Loss: 0.994806  SIA Ef: -0.080883 Binding: -0.22 -0.51 0.01 0.23 0.12 0.53 -0.01 0.01 0.14 -0.10 -0.11  Rvol: 0.48 1.07 1.26 -0.33 -0.12 0.20 0.46 0.14 0.73 1.21 1.44 -0.28 -0.03 0.26 0.47 
Loss: 0.994400  SIA Ef: -0.072824 Binding: -0.22 -0.51 0.00 0.22 0.12 0.53 -0.00 0.00 0.14 -0.10 -0.11  Rvol: 0.48 1.07 1.26 -0.33 -0.12 0.20 0.46 0.14 0.73 1.21 1.44 -0.28 -0.03 0.26 0.47 
Loss: 0.999233  SIA Ef: -0.088783 Binding: -0.22 -0.52 -0.01 0.22 0.13 0.53 -0.00 0.00 0.15 -0.10 -0.11  Rvol: 0.48 1.08 1.25 -0.33 -0.12 0.20 0.46 0.14 0.73 1.21 1.43 -0.28 -0.03 0.26 0.47 
Loss: 0.995380  SIA Ef: -0.077996 Binding: -0.22 -0.51 -0.01 0.23 0.13 0.53 -0.01 -0.00 0.14 -0.10 -0.12  Rvol: 0.48 1.08 1.26 -0.33 -0.12 0.20 0.46 0.14 0.73 1.21 1.44 -0.28 -0.03 0.26 0.47 
Loss: 0.996322  SIA Ef: -0.076636 Binding: -0.22 -0.52 -0.01 0.22 0.12 0.53 -0.00 0.00 0.14 -0.10 -0.11  Rvol: 0.48 1.08 1.26 -0.33 -0.12 0.20 0.46 0.14 0.73 1.21 1.44 -0.28 -0.03 0.26 0.47 
Loss: 0.986582  SIA Ef: -0.037365 Binding: -0.23 -0.51 0.02 0.22 0.12 0.53 0.00 0.00 0.14 -0.10 -0.12  Rvol: 0.48 1.07 1.26 -0.33 -0.12 0.20 0.46 0.14 0.73 1.21 1.44 -0.28 -0.03 0.26 0.47 
Loss: 0.983398  SIA Ef: -0.004265 Binding: -0.23 -0.50 0.05 0.23 0.11 0.53 0.01 0.01 0.13 -0.10 -0.12  Rvol: 0.48 1.07 1.27 -0.33 -0.12 0.20 0.46 0.14 0.74 1.21 1.45 -0.28 -0.03 0.27 0.48 
Loss: 0.983987  SIA Ef: 0.007250 Binding: -0.23 -0.50 0.07 0.23 0.11 0.53 0.00 0.01 0.13 -0.10 -0.13  Rvol: 0.49 1.07 1.27 -0.33 -0.12 0.20 0.46 0.14 0.74 1.21 1.45 -0.28 -0.03 0.27 0.48 
Loss: 0.983555  SIA Ef: -0.006606 Binding: -0.23 -0.50 0.04 0.23 0.12 0.53 0.01 0.01 0.13 -0.10 -0.11  Rvol: 0.48 1.07 1.27 -0.33 -0.12 0.20 0.46 0.14 0.74 1.21 1.45 -0.28 -0.03 0.27 0.48 
Loss: 0.982877  SIA Ef: 0.002722 Binding: -0.24 -0.50 0.07 0.22 0.11 0.53 0.01 0.01 0.13 -0.10 -0.12  Rvol: 0.49 1.07 1.27 -0.33 -0.12 0.20 0.46 0.14 0.74 1.21 1.45 -0.28 -0.03 0.27 0.48 
Loss: 0.980593  SIA Ef: -0.006802 Binding: -0.23 -0.50 0.06 0.23 0.11 0.53 0.01 0.01 0.13 -0.10 -0.12  Rvol: 0.48 1.07 1.27 -0.33 -0.12 0.20 0.46 0.14 0.74 1.21 1.45 -0.28 -0.03 0.27 0.48 
Loss: 0.986770  SIA Ef: 0.030671 Binding: -0.24 -0.50 0.08 0.23 0.11 0.53 0.01 0.01 0.12 -0.10 -0.13  Rvol: 0.49 1.07 1.27 -0.33 -0.12 0.20 0.46 0.14 0.74 1.21 1.46 -0.28 -0.03 0.27 0.48 
Loss: 0.981685  SIA Ef: -0.005839 Binding: -0.24 -0.50 0.07 0.22 0.11 0.53 0.01 0.01 0.13 -0.10 -0.12  Rvol: 0.48 1.07 1.27 -0.33 -0.12 0.20 0.46 0.14 0.74 1.21 1.45 -0.28 -0.03 0.27 0.48 
Loss: 0.975030  SIA Ef: -0.015525 Binding: -0.23 -0.50 0.05 0.22 0.11 0.53 0.01 0.01 0.13 -0.10 -0.12  Rvol: 0.48 1.07 1.27 -0.33 -0.12 0.20 0.46 0.14 0.74 1.21 1.45 -0.28 -0.03 0.26 0.47 
Loss: 0.972775  SIA Ef: -0.014550 Binding: -0.24 -0.50 0.05 0.22 0.11 0.53 0.01 0.01 0.13 -0.10 -0.12  Rvol: 0.48 1.07 1.27 -0.33 -0.12 0.20 0.46 0.14 0.74 1.21 1.45 -0.28 -0.04 0.26 0.47 
Loss: 0.972444  SIA Ef: -0.011439 Binding: -0.24 -0.50 0.04 0.22 0.11 0.53 0.02 0.01 0.13 -0.10 -0.12  Rvol: 0.48 1.07 1.27 -0.33 -0.12 0.20 0.46 0.14 0.74 1.21 1.45 -0.28 -0.04 0.26 0.47 
Loss: 0.967415  SIA Ef: -0.039339 Binding: -0.24 -0.50 0.03 0.22 0.11 0.53 0.02 0.01 0.13 -0.10 -0.12  Rvol: 0.48 1.07 1.26 -0.33 -0.12 0.20 0.46 0.14 0.73 1.21 1.45 -0.28 -0.04 0.26 0.47 
Loss: 0.970828  SIA Ef: -0.084072 Binding: -0.23 -0.50 -0.00 0.22 0.12 0.53 0.01 -0.00 0.14 -0.10 -0.12  Rvol: 0.48 1.07 1.26 -0.33 -0.12 0.20 0.45 0.14 0.73 1.21 1.44 -0.28 -0.04 0.26 0.47 
Loss: 0.968751  SIA Ef: -0.043499 Binding: -0.23 -0.50 0.02 0.22 0.11 0.53 0.02 0.01 0.14 -0.10 -0.12  Rvol: 0.48 1.07 1.26 -0.33 -0.12 0.20 0.46 0.14 0.73 1.21 1.44 -0.28 -0.04 0.26 0.47 
Loss: 0.963029  SIA Ef: -0.011232 Binding: -0.24 -0.49 0.05 0.22 0.11 0.53 0.02 0.01 0.13 -0.10 -0.12  Rvol: 0.48 1.07 1.27 -0.33 -0.12 0.20 0.46 0.14 0.74 1.21 1.45 -0.28 -0.04 0.26 0.47 
Loss: 0.962082  SIA Ef: 0.003631 Binding: -0.24 -0.49 0.07 0.22 0.11 0.53 0.03 0.02 0.12 -0.10 -0.12  Rvol: 0.49 1.07 1.27 -0.33 -0.12 0.20 0.46 0.14 0.74 1.21 1.45 -0.28 -0.04 0.26 0.47 
Loss: 0.963114  SIA Ef: 0.006076 Binding: -0.25 -0.49 0.08 0.22 0.10 0.53 0.03 0.02 0.12 -0.10 -0.13  Rvol: 0.49 1.07 1.27 -0.33 -0.12 0.20 0.46 0.14 0.74 1.21 1.46 -0.28 -0.04 0.26 0.47 
Loss: 0.961739  SIA Ef: 0.001375 Binding: -0.25 -0.49 0.07 0.22 0.10 0.53 0.03 0.02 0.13 -0.10 -0.12  Rvol: 0.49 1.06 1.27 -0.33 -0.12 0.20 0.46 0.14 0.74 1.21 1.45 -0.28 -0.04 0.26 0.47 
Loss: 0.961666  SIA Ef: 0.000567 Binding: -0.24 -0.49 0.07 0.22 0.10 0.53 0.03 0.02 0.13 -0.10 -0.12  Rvol: 0.49 1.07 1.27 -0.33 -0.12 0.20 0.46 0.14 0.74 1.21 1.45 -0.28 -0.04 0.26 0.47 
Loss: 0.961126  SIA Ef: 0.000071 Binding: -0.24 -0.48 0.07 0.22 0.11 0.53 0.03 0.03 0.13 -0.09 -0.11  Rvol: 0.49 1.07 1.27 -0.33 -0.12 0.20 0.46 0.14 0.74 1.21 1.45 -0.28 -0.04 0.26 0.47 
Loss: 0.960787  SIA Ef: 0.002921 Binding: -0.24 -0.48 0.07 0.22 0.11 0.53 0.03 0.03 0.13 -0.09 -0.11  Rvol: 0.49 1.07 1.27 -0.33 -0.12 0.20 0.46 0.14 0.74 1.21 1.45 -0.28 -0.04 0.26 0.47 
Loss: 0.960836  SIA Ef: -0.003469 Binding: -0.24 -0.48 0.08 0.23 0.11 0.53 0.03 0.03 0.13 -0.09 -0.11  Rvol: 0.49 1.07 1.27 -0.33 -0.12 0.20 0.46 0.14 0.74 1.21 1.45 -0.28 -0.04 0.26 0.47 
Loss: 0.965733  SIA Ef: 0.024968 Binding: -0.25 -0.48 0.08 0.22 0.10 0.53 0.04 0.03 0.13 -0.09 -0.11  Rvol: 0.49 1.07 1.27 -0.33 -0.12 0.20 0.46 0.14 0.74 1.21 1.46 -0.28 -0.04 0.26 0.48 
Loss: 0.953629  SIA Ef: -0.021237 Binding: -0.24 -0.48 0.05 0.22 0.11 0.53 0.03 0.02 0.13 -0.10 -0.11  Rvol: 0.48 1.07 1.27 -0.33 -0.12 0.20 0.46 0.14 0.74 1.21 1.45 -0.28 -0.04 0.26 0.47 
Loss: 0.952067  SIA Ef: -0.052441 Binding: -0.24 -0.49 0.03 0.22 0.11 0.53 0.03 0.01 0.13 -0.10 -0.11  Rvol: 0.48 1.06 1.26 -0.33 -0.13 0.19 0.45 0.14 0.73 1.21 1.45 -0.28 -0.04 0.26 0.47 
Loss: 0.951159  SIA Ef: -0.046521 Binding: -0.24 -0.48 0.03 0.22 0.11 0.53 0.03 0.02 0.13 -0.09 -0.11  Rvol: 0.48 1.06 1.26 -0.33 -0.13 0.19 0.45 0.14 0.73 1.21 1.45 -0.28 -0.04 0.26 0.47 
Loss: 0.956197  SIA Ef: -0.089734 Binding: -0.23 -0.49 -0.00 0.21 0.12 0.53 0.03 0.01 0.14 -0.09 -0.10  Rvol: 0.48 1.07 1.26 -0.33 -0.13 0.19 0.45 0.14 0.73 1.21 1.44 -0.28 -0.04 0.26 0.47 
Loss: 0.950934  SIA Ef: -0.047235 Binding: -0.24 -0.48 0.04 0.22 0.11 0.53 0.04 0.02 0.13 -0.09 -0.11  Rvol: 0.48 1.06 1.26 -0.33 -0.13 0.19 0.45 0.14 0.73 1.21 1.45 -0.28 -0.04 0.26 0.47 
Loss: 0.948558  SIA Ef: -0.042859 Binding: -0.25 -0.48 0.07 0.22 0.10 0.53 0.03 0.02 0.13 -0.10 -0.12  Rvol: 0.48 1.06 1.26 -0.33 -0.13 0.19 0.45 0.14 0.74 1.21 1.45 -0.28 -0.04 0.26 0.47 
Loss: 0.948667  SIA Ef: -0.043340 Binding: -0.24 -0.48 0.06 0.22 0.11 0.53 0.03 0.02 0.13 -0.10 -0.11  Rvol: 0.48 1.06 1.26 -0.33 -0.13 0.19 0.45 0.14 0.73 1.21 1.45 -0.28 -0.04 0.26 0.47 
Loss: 0.945344  SIA Ef: -0.015154 Binding: -0.25 -0.48 0.08 0.22 0.10 0.53 0.04 0.02 0.12 -0.10 -0.12  Rvol: 0.49 1.06 1.27 -0.33 -0.13 0.19 0.45 0.14 0.74 1.21 1.45 -0.28 -0.04 0.26 0.47 
Loss: 0.946422  SIA Ef: 0.003902 Binding: -0.26 -0.48 0.08 0.21 0.09 0.53 0.04 0.02 0.12 -0.10 -0.12  Rvol: 0.49 1.06 1.27 -0.33 -0.13 0.19 0.45 0.14 0.74 1.21 1.46 -0.28 -0.04 0.26 0.47 
Loss: 0.945543  SIA Ef: -0.014913 Binding: -0.25 -0.47 0.09 0.22 0.10 0.53 0.04 0.02 0.12 -0.10 -0.12  Rvol: 0.49 1.06 1.27 -0.33 -0.13 0.19 0.45 0.14 0.74 1.21 1.45 -0.28 -0.04 0.26 0.47 
Loss: 0.946100  SIA Ef: -0.013939 Binding: -0.25 -0.47 0.09 0.22 0.10 0.53 0.03 0.02 0.12 -0.10 -0.13  Rvol: 0.49 1.06 1.27 -0.33 -0.13 0.19 0.45 0.14 0.74 1.21 1.45 -0.28 -0.04 0.26 0.47 
Loss: 0.949769  SIA Ef: -0.000389 Binding: -0.25 -0.48 0.10 0.22 0.10 0.53 0.04 0.03 0.12 -0.10 -0.12  Rvol: 0.49 1.06 1.27 -0.33 -0.13 0.19 0.45 0.14 0.74 1.21 1.46 -0.28 -0.04 0.26 0.47 
Loss: 0.938642  SIA Ef: -0.038708 Binding: -0.25 -0.47 0.06 0.22 0.11 0.53 0.03 0.01 0.12 -0.10 -0.12  Rvol: 0.49 1.06 1.27 -0.33 -0.13 0.19 0.45 0.14 0.73 1.21 1.45 -0.28 -0.04 0.26 0.47 
Loss: 0.933435  SIA Ef: -0.056715 Binding: -0.25 -0.47 0.05 0.21 0.11 0.53 0.03 0.01 0.12 -0.10 -0.12  Rvol: 0.48 1.06 1.26 -0.33 -0.13 0.19 0.45 0.14 0.73 1.21 1.45 -0.28 -0.04 0.26 0.47 
Loss: 0.931265  SIA Ef: -0.046441 Binding: -0.25 -0.47 0.06 0.21 0.11 0.52 0.04 0.01 0.12 -0.10 -0.13  Rvol: 0.49 1.06 1.27 -0.33 -0.13 0.19 0.45 0.14 0.73 1.21 1.45 -0.28 -0.04 0.26 0.47 
Loss: 0.930755  SIA Ef: -0.021393 Binding: -0.25 -0.46 0.07 0.22 0.11 0.52 0.04 0.01 0.12 -0.11 -0.13  Rvol: 0.49 1.06 1.27 -0.33 -0.13 0.19 0.45 0.14 0.74 1.21 1.45 -0.28 -0.04 0.26 0.47 
Loss: 0.930965  SIA Ef: -0.023513 Binding: -0.25 -0.46 0.07 0.22 0.11 0.52 0.04 0.01 0.12 -0.10 -0.13  Rvol: 0.49 1.06 1.27 -0.33 -0.13 0.19 0.45 0.14 0.74 1.21 1.45 -0.28 -0.04 0.26 0.47 
Loss: 0.929178  SIA Ef: -0.039278 Binding: -0.25 -0.46 0.06 0.22 0.11 0.52 0.03 -0.00 0.12 -0.11 -0.14  Rvol: 0.49 1.06 1.27 -0.33 -0.13 0.19 0.45 0.14 0.73 1.21 1.45 -0.28 -0.04 0.26 0.47 
Loss: 0.929234  SIA Ef: -0.038998 Binding: -0.25 -0.46 0.06 0.22 0.11 0.52 0.03 -0.00 0.12 -0.11 -0.14  Rvol: 0.49 1.06 1.27 -0.33 -0.13 0.19 0.45 0.14 0.73 1.21 1.45 -0.28 -0.04 0.26 0.47 
Loss: 0.928297  SIA Ef: -0.052287 Binding: -0.24 -0.47 0.02 0.21 0.12 0.52 0.03 -0.01 0.13 -0.11 -0.13  Rvol: 0.48 1.06 1.26 -0.33 -0.13 0.19 0.45 0.14 0.73 1.21 1.45 -0.28 -0.04 0.26 0.47 
Loss: 0.930330  SIA Ef: -0.067917 Binding: -0.24 -0.47 0.02 0.22 0.12 0.52 0.02 -0.01 0.13 -0.11 -0.13  Rvol: 0.48 1.06 1.26 -0.33 -0.13 0.19 0.45 0.14 0.73 1.21 1.44 -0.28 -0.04 0.26 0.47 
Loss: 0.926885  SIA Ef: -0.061742 Binding: -0.25 -0.47 0.01 0.21 0.12 0.52 0.03 -0.01 0.13 -0.11 -0.14  Rvol: 0.48 1.06 1.26 -0.33 -0.13 0.19 0.45 0.14 0.73 1.21 1.44 -0.28 -0.04 0.26 0.47 
Loss: 0.923585  SIA Ef: -0.054351 Binding: -0.25 -0.46 0.02 0.21 0.12 0.52 0.02 -0.02 0.12 -0.12 -0.14  Rvol: 0.48 1.06 1.26 -0.33 -0.13 0.19 0.45 0.14 0.73 1.21 1.45 -0.28 -0.04 0.26 0.47 
Loss: 0.917933  SIA Ef: -0.037134 Binding: -0.25 -0.46 0.03 0.21 0.12 0.52 0.03 -0.01 0.12 -0.12 -0.15  Rvol: 0.49 1.06 1.27 -0.33 -0.13 0.19 0.45 0.14 0.73 1.21 1.45 -0.28 -0.04 0.26 0.47 
Loss: 0.914926  SIA Ef: -0.009415 Binding: -0.26 -0.45 0.05 0.21 0.11 0.51 0.03 -0.01 0.11 -0.12 -0.15  Rvol: 0.49 1.06 1.27 -0.33 -0.13 0.19 0.45 0.14 0.73 1.21 1.45 -0.28 -0.04 0.26 0.47 
Loss: 0.910257  SIA Ef: -0.029541 Binding: -0.25 -0.45 0.06 0.22 0.12 0.51 0.03 -0.02 0.11 -0.12 -0.15  Rvol: 0.49 1.06 1.27 -0.33 -0.13 0.19 0.45 0.14 0.73 1.21 1.45 -0.28 -0.04 0.26 0.47 
Loss: 0.907955  SIA Ef: -0.039866 Binding: -0.25 -0.44 0.05 0.22 0.12 0.51 0.03 -0.02 0.11 -0.12 -0.15  Rvol: 0.49 1.06 1.27 -0.33 -0.13 0.19 0.45 0.14 0.73 1.21 1.45 -0.28 -0.04 0.26 0.47 
Loss: 0.904463  SIA Ef: -0.048727 Binding: -0.25 -0.44 0.04 0.21 0.12 0.51 0.03 -0.02 0.11 -0.12 -0.15  Rvol: 0.49 1.05 1.27 -0.33 -0.13 0.19 0.45 0.14 0.73 1.21 1.45 -0.28 -0.04 0.25 0.47 
Loss: 0.903228  SIA Ef: -0.058206 Binding: -0.25 -0.44 0.02 0.21 0.13 0.52 0.03 -0.02 0.12 -0.12 -0.15  Rvol: 0.48 1.06 1.26 -0.33 -0.13 0.19 0.45 0.14 0.73 1.21 1.45 -0.28 -0.04 0.25 0.47 
Loss: 0.902565  SIA Ef: -0.046071 Binding: -0.25 -0.44 0.02 0.22 0.13 0.52 0.03 -0.02 0.12 -0.12 -0.15  Rvol: 0.49 1.06 1.27 -0.33 -0.13 0.19 0.45 0.14 0.73 1.21 1.45 -0.28 -0.04 0.25 0.47 
Loss: 0.898279  SIA Ef: -0.056072 Binding: -0.25 -0.43 0.02 0.22 0.13 0.52 0.03 -0.02 0.12 -0.12 -0.15  Rvol: 0.49 1.05 1.26 -0.33 -0.13 0.19 0.45 0.14 0.73 1.21 1.45 -0.28 -0.04 0.25 0.47 
Loss: 0.893493  SIA Ef: -0.031605 Binding: -0.25 -0.43 0.03 0.22 0.13 0.51 0.04 -0.02 0.11 -0.12 -0.16  Rvol: 0.49 1.05 1.27 -0.33 -0.13 0.19 0.45 0.14 0.73 1.21 1.45 -0.28 -0.04 0.25 0.47 
Loss: 0.890690  SIA Ef: -0.022411 Binding: -0.25 -0.42 0.03 0.22 0.13 0.51 0.03 -0.03 0.11 -0.13 -0.16  Rvol: 0.49 1.05 1.27 -0.33 -0.13 0.19 0.45 0.14 0.73 1.21 1.45 -0.28 -0.04 0.25 0.47 
Loss: 0.887345  SIA Ef: -0.010608 Binding: -0.25 -0.42 0.03 0.22 0.14 0.51 0.04 -0.03 0.11 -0.13 -0.16  Rvol: 0.49 1.05 1.27 -0.33 -0.13 0.19 0.45 0.14 0.73 1.21 1.45 -0.28 -0.04 0.25 0.47 
Loss: 0.883798  SIA Ef: -0.026216 Binding: -0.26 -0.42 0.03 0.21 0.13 0.51 0.04 -0.03 0.11 -0.13 -0.16  Rvol: 0.49 1.05 1.27 -0.33 -0.13 0.19 0.45 0.14 0.73 1.21 1.45 -0.28 -0.04 0.25 0.47 
Loss: 0.884974  SIA Ef: -0.034965 Binding: -0.26 -0.42 -0.01 0.21 0.14 0.51 0.04 -0.03 0.12 -0.13 -0.16  Rvol: 0.49 1.05 1.27 -0.33 -0.13 0.19 0.45 0.14 0.73 1.21 1.45 -0.28 -0.04 0.25 0.47 
Loss: 0.884643  SIA Ef: -0.025073 Binding: -0.26 -0.42 0.02 0.21 0.14 0.51 0.04 -0.03 0.11 -0.13 -0.16  Rvol: 0.49 1.05 1.27 -0.33 -0.13 0.19 0.45 0.14 0.73 1.21 1.45 -0.28 -0.04 0.25 0.47 
Loss: 0.883258  SIA Ef: -0.032869 Binding: -0.25 -0.42 0.03 0.22 0.14 0.51 0.03 -0.03 0.11 -0.13 -0.16  Rvol: 0.49 1.05 1.27 -0.33 -0.13 0.19 0.45 0.14 0.73 1.21 1.45 -0.28 -0.04 0.25 0.47 
Loss: 0.882622  SIA Ef: -0.024996 Binding: -0.25 -0.42 0.03 0.22 0.13 0.51 0.04 -0.03 0.11 -0.13 -0.16  Rvol: 0.49 1.05 1.27 -0.33 -0.13 0.19 0.45 0.14 0.73 1.21 1.45 -0.28 -0.04 0.25 0.47 
Loss: 0.991137  SIA Ef: -0.009553 Binding: -0.54 -0.14 0.06 0.22 0.13 0.51 0.32 -0.02 0.11 -0.13 -0.16  Rvol: 0.49 0.87 1.27 -0.33 -0.13 0.19 0.45 0.14 0.73 1.21 1.46 -0.28 -0.04 0.25 0.47 
Loss: 0.882268  SIA Ef: -0.031319 Binding: -0.26 -0.42 0.03 0.21 0.13 0.51 0.04 -0.03 0.11 -0.13 -0.16  Rvol: 0.49 1.05 1.27 -0.33 -0.13 0.19 0.45 0.14 0.73 1.21 1.45 -0.28 -0.04 0.25 0.47 
Loss: 0.884474  SIA Ef: -0.020843 Binding: -0.26 -0.42 0.02 0.21 0.13 0.51 0.03 -0.03 0.11 -0.13 -0.17  Rvol: 0.49 1.05 1.27 -0.33 -0.13 0.19 0.45 0.14 0.73 1.21 1.45 -0.28 -0.04 0.25 0.47 
Loss: 0.881722  SIA Ef: -0.034914 Binding: -0.25 -0.42 0.03 0.22 0.14 0.51 0.03 -0.03 0.11 -0.13 -0.16  Rvol: 0.49 1.05 1.27 -0.33 -0.13 0.19 0.45 0.14 0.73 1.21 1.45 -0.28 -0.04 0.25 0.47 
Loss: 0.885710  SIA Ef: -0.078655 Binding: -0.24 -0.42 -0.01 0.22 0.15 0.51 0.03 -0.03 0.12 -0.12 -0.16  Rvol: 0.48 1.05 1.26 -0.33 -0.13 0.19 0.44 0.14 0.73 1.21 1.44 -0.28 -0.04 0.25 0.46 
Loss: 0.882740  SIA Ef: -0.037480 Binding: -0.25 -0.42 0.02 0.22 0.14 0.51 0.03 -0.03 0.11 -0.13 -0.16  Rvol: 0.49 1.05 1.27 -0.33 -0.13 0.19 0.45 0.14 0.73 1.21 1.45 -0.28 -0.04 0.25 0.47 
Loss: 0.885040  SIA Ef: -0.062590 Binding: -0.25 -0.42 0.02 0.22 0.14 0.51 0.03 -0.04 0.11 -0.13 -0.17  Rvol: 0.49 1.05 1.26 -0.33 -0.13 0.19 0.44 0.14 0.73 1.21 1.45 -0.28 -0.04 0.25 0.46 
Loss: 0.883333  SIA Ef: -0.028293 Binding: -0.25 -0.42 0.02 0.22 0.14 0.51 0.03 -0.03 0.11 -0.13 -0.16  Rvol: 0.49 1.05 1.27 -0.33 -0.13 0.19 0.45 0.14 0.73 1.21 1.45 -0.28 -0.04 0.25 0.47 
Loss: 0.881463  SIA Ef: -0.037034 Binding: -0.25 -0.42 0.02 0.22 0.14 0.51 0.03 -0.03 0.11 -0.13 -0.16  Rvol: 0.49 1.05 1.27 -0.33 -0.13 0.19 0.45 0.14 0.73 1.21 1.45 -0.28 -0.04 0.25 0.47 
Loss: 0.882633  SIA Ef: -0.038835 Binding: -0.25 -0.42 0.01 0.21 0.14 0.51 0.03 -0.03 0.11 -0.13 -0.16  Rvol: 0.49 1.05 1.27 -0.33 -0.13 0.19 0.45 0.14 0.73 1.21 1.45 -0.28 -0.04 0.25 0.47 
Loss: 0.881586  SIA Ef: -0.035400 Binding: -0.25 -0.42 0.02 0.21 0.14 0.51 0.04 -0.03 0.11 -0.13 -0.16  Rvol: 0.49 1.05 1.27 -0.33 -0.13 0.19 0.45 0.14 0.73 1.21 1.45 -0.28 -0.04 0.25 0.47 
Loss: 0.879531  SIA Ef: -0.023198 Binding: -0.26 -0.41 0.03 0.22 0.13 0.51 0.04 -0.03 0.11 -0.13 -0.16  Rvol: 0.49 1.05 1.27 -0.33 -0.13 0.19 0.45 0.14 0.73 1.21 1.45 -0.28 -0.04 0.25 0.47 
Loss: 0.988619  SIA Ef: -0.009844 Binding: -0.54 -0.14 0.04 0.22 0.13 0.51 0.32 -0.03 0.11 -0.13 -0.17  Rvol: 0.49 0.87 1.27 -0.33 -0.13 0.19 0.45 0.14 0.73 1.21 1.46 -0.28 -0.04 0.25 0.47 
Loss: 0.879025  SIA Ef: -0.024895 Binding: -0.26 -0.41 0.03 0.22 0.14 0.51 0.04 -0.03 0.11 -0.13 -0.16  Rvol: 0.49 1.05 1.27 -0.33 -0.13 0.19 0.45 0.14 0.73 1.21 1.45 -0.28 -0.04 0.25 0.47 
Loss: 0.878333  SIA Ef: -0.039726 Binding: -0.25 -0.41 0.03 0.22 0.14 0.51 0.04 -0.03 0.11 -0.13 -0.16  Rvol: 0.49 1.05 1.27 -0.33 -0.13 0.19 0.45 0.14 0.73 1.21 1.45 -0.28 -0.04 0.25 0.47 
Loss: 0.878132  SIA Ef: -0.041736 Binding: -0.25 -0.41 0.03 0.22 0.14 0.51 0.04 -0.03 0.11 -0.12 -0.16  Rvol: 0.49 1.05 1.27 -0.33 -0.13 0.19 0.45 0.14 0.73 1.21 1.45 -0.28 -0.04 0.25 0.46 
Loss: 0.875868  SIA Ef: -0.046544 Binding: -0.25 -0.41 0.03 0.22 0.14 0.51 0.04 -0.02 0.11 -0.12 -0.16  Rvol: 0.49 1.05 1.27 -0.33 -0.13 0.18 0.45 0.14 0.73 1.21 1.45 -0.28 -0.04 0.25 0.46 
Loss: 0.873872  SIA Ef: -0.044362 Binding: -0.25 -0.41 0.04 0.22 0.14 0.51 0.04 -0.02 0.11 -0.12 -0.16  Rvol: 0.49 1.05 1.27 -0.33 -0.13 0.18 0.44 0.14 0.73 1.21 1.45 -0.28 -0.04 0.25 0.46 
Loss: 0.985480  SIA Ef: -0.050764 Binding: -0.53 -0.13 0.05 0.22 0.13 0.51 0.32 -0.02 0.11 -0.12 -0.16  Rvol: 0.49 0.87 1.27 -0.33 -0.13 0.18 0.44 0.14 0.73 1.21 1.45 -0.28 -0.04 0.25 0.46 
Loss: 0.874329  SIA Ef: -0.044748 Binding: -0.25 -0.41 0.04 0.22 0.13 0.51 0.04 -0.02 0.11 -0.12 -0.16  Rvol: 0.49 1.05 1.27 -0.33 -0.13 0.18 0.44 0.14 0.73 1.21 1.45 -0.28 -0.04 0.25 0.46 
Loss: 0.873391  SIA Ef: -0.039278 Binding: -0.25 -0.41 0.03 0.22 0.14 0.51 0.04 -0.02 0.11 -0.12 -0.15  Rvol: 0.49 1.05 1.27 -0.33 -0.13 0.18 0.45 0.14 0.73 1.21 1.45 -0.28 -0.04 0.25 0.46 
Loss: 0.873568  SIA Ef: -0.045835 Binding: -0.25 -0.41 0.03 0.22 0.14 0.51 0.04 -0.02 0.11 -0.12 -0.15  Rvol: 0.49 1.05 1.27 -0.33 -0.13 0.18 0.45 0.14 0.73 1.21 1.45 -0.28 -0.04 0.25 0.46 
Loss: 0.874383  SIA Ef: -0.053947 Binding: -0.25 -0.41 0.02 0.22 0.14 0.51 0.04 -0.02 0.12 -0.12 -0.15  Rvol: 0.49 1.05 1.27 -0.33 -0.13 0.18 0.44 0.14 0.73 1.21 1.45 -0.28 -0.04 0.25 0.46 
Loss: 0.873402  SIA Ef: -0.039849 Binding: -0.25 -0.41 0.03 0.22 0.14 0.51 0.04 -0.02 0.11 -0.12 -0.16  Rvol: 0.49 1.05 1.27 -0.33 -0.13 0.18 0.45 0.14 0.73 1.21 1.45 -0.28 -0.04 0.25 0.46 
Loss: 0.873941  SIA Ef: -0.031900 Binding: -0.25 -0.41 0.04 0.22 0.14 0.51 0.04 -0.02 0.11 -0.12 -0.16  Rvol: 0.49 1.05 1.27 -0.33 -0.13 0.18 0.45 0.14 0.73 1.21 1.45 -0.28 -0.04 0.25 0.47 
Loss: 0.873364  SIA Ef: -0.041081 Binding: -0.25 -0.41 0.03 0.22 0.14 0.51 0.04 -0.02 0.11 -0.12 -0.15  Rvol: 0.49 1.05 1.27 -0.33 -0.13 0.18 0.45 0.14 0.73 1.21 1.45 -0.28 -0.04 0.25 0.46 
Loss: 0.873555  SIA Ef: -0.033341 Binding: -0.26 -0.41 0.03 0.22 0.14 0.51 0.04 -0.02 0.11 -0.12 -0.16  Rvol: 0.49 1.05 1.27 -0.33 -0.13 0.18 0.45 0.14 0.73 1.21 1.45 -0.28 -0.04 0.25 0.46 
Loss: 0.873496  SIA Ef: -0.033851 Binding: -0.25 -0.41 0.03 0.22 0.14 0.51 0.04 -0.02 0.11 -0.12 -0.15  Rvol: 0.49 1.05 1.27 -0.33 -0.13 0.18 0.45 0.14 0.73 1.21 1.45 -0.28 -0.04 0.25 0.46 
Loss: 0.874863  SIA Ef: -0.034565 Binding: -0.25 -0.41 0.03 0.22 0.14 0.51 0.05 -0.02 0.11 -0.12 -0.15  Rvol: 0.49 1.05 1.27 -0.33 -0.13 0.18 0.45 0.14 0.73 1.21 1.45 -0.28 -0.04 0.25 0.46 
Loss: 0.872196  SIA Ef: -0.039561 Binding: -0.26 -0.41 0.03 0.22 0.14 0.51 0.05 -0.02 0.11 -0.12 -0.15  Rvol: 0.49 1.05 1.27 -0.33 -0.13 0.18 0.45 0.14 0.73 1.21 1.45 -0.28 -0.04 0.25 0.46 
Loss: 0.986784  SIA Ef: -0.038146 Binding: -0.53 -0.13 0.03 0.22 0.14 0.51 0.32 -0.02 0.11 -0.12 -0.15  Rvol: 0.49 0.87 1.27 -0.33 -0.13 0.18 0.45 0.14 0.73 1.21 1.45 -0.28 -0.04 0.25 0.46 
Loss: 0.872321  SIA Ef: -0.038791 Binding: -0.26 -0.41 0.03 0.22 0.14 0.51 0.05 -0.02 0.11 -0.12 -0.15  Rvol: 0.49 1.05 1.27 -0.33 -0.13 0.18 0.45 0.14 0.73 1.21 1.45 -0.28 -0.04 0.25 0.46 
Loss: 0.986648  SIA Ef: -0.038649 Binding: -0.53 -0.13 0.03 0.22 0.14 0.51 0.32 -0.02 0.11 -0.12 -0.15  Rvol: 0.49 0.87 1.27 -0.33 -0.13 0.18 0.44 0.14 0.73 1.21 1.45 -0.28 -0.04 0.25 0.46 
Loss: 0.872321  SIA Ef: -0.036921 Binding: -0.26 -0.41 0.03 0.22 0.14 0.51 0.05 -0.02 0.11 -0.12 -0.16  Rvol: 0.49 1.05 1.27 -0.33 -0.13 0.18 0.45 0.14 0.73 1.21 1.45 -0.28 -0.04 0.25 0.46 
Loss: 0.986817  SIA Ef: -0.040236 Binding: -0.53 -0.13 0.03 0.22 0.14 0.51 0.32 -0.02 0.11 -0.12 -0.15  Rvol: 0.49 0.87 1.27 -0.33 -0.13 0.18 0.44 0.14 0.73 1.21 1.45 -0.28 -0.04 0.25 0.46 
Loss: 0.872196  SIA Ef: -0.042510 Binding: -0.26 -0.41 0.03 0.22 0.14 0.51 0.04 -0.02 0.11 -0.12 -0.16  Rvol: 0.49 1.05 1.27 -0.33 -0.13 0.18 0.44 0.14 0.73 1.21 1.45 -0.28 -0.04 0.25 0.46 
Loss: 0.871042  SIA Ef: -0.042601 Binding: -0.26 -0.41 0.03 0.22 0.14 0.51 0.05 -0.02 0.11 -0.12 -0.15  Rvol: 0.49 1.05 1.27 -0.33 -0.13 0.18 0.44 0.14 0.73 1.21 1.45 -0.28 -0.04 0.25 0.46 
Loss: 0.986089  SIA Ef: -0.043588 Binding: -0.53 -0.13 0.03 0.21 0.14 0.51 0.32 -0.02 0.11 -0.12 -0.15  Rvol: 0.49 0.87 1.27 -0.33 -0.13 0.18 0.44 0.14 0.73 1.21 1.45 -0.28 -0.04 0.25 0.46 
Loss: 0.871149  SIA Ef: -0.044870 Binding: -0.26 -0.41 0.03 0.21 0.14 0.51 0.05 -0.02 0.11 -0.12 -0.15  Rvol: 0.49 1.05 1.27 -0.33 -0.13 0.18 0.44 0.14 0.73 1.21 1.45 -0.28 -0.04 0.25 0.46 
Loss: 0.985967  SIA Ef: -0.042646 Binding: -0.53 -0.13 0.03 0.21 0.14 0.51 0.32 -0.02 0.11 -0.12 -0.15  Rvol: 0.49 0.87 1.27 -0.33 -0.13 0.18 0.44 0.14 0.73 1.21 1.45 -0.28 -0.04 0.25 0.46 
Loss: 0.871058  SIA Ef: -0.044602 Binding: -0.26 -0.41 0.03 0.22 0.14 0.51 0.05 -0.02 0.11 -0.12 -0.15  Rvol: 0.49 1.05 1.27 -0.33 -0.13 0.18 0.44 0.14 0.73 1.21 1.45 -0.28 -0.04 0.25 0.46 
Loss: 0.985941  SIA Ef: -0.042385 Binding: -0.53 -0.13 0.03 0.21 0.14 0.51 0.32 -0.02 0.11 -0.12 -0.15  Rvol: 0.49 0.87 1.27 -0.33 -0.13 0.18 0.44 0.14 0.73 1.21 1.45 -0.28 -0.04 0.25 0.46 
Loss: 0.986615  SIA Ef: -0.039540 Binding: -0.53 -0.13 0.03 0.21 0.14 0.51 0.32 -0.02 0.11 -0.12 -0.16  Rvol: 0.49 0.87 1.27 -0.33 -0.13 0.18 0.44 0.14 0.73 1.21 1.45 -0.28 -0.04 0.25 0.46 
Loss: 0.870987  SIA Ef: -0.048722 Binding: -0.25 -0.41 0.02 0.22 0.14 0.51 0.04 -0.02 0.11 -0.12 -0.15  Rvol: 0.49 1.05 1.27 -0.33 -0.13 0.18 0.44 0.14 0.73 1.21 1.45 -0.28 -0.04 0.25 0.46 
Loss: 0.871006  SIA Ef: -0.048452 Binding: -0.25 -0.41 0.02 0.22 0.14 0.51 0.05 -0.02 0.11 -0.12 -0.15  Rvol: 0.49 1.05 1.27 -0.33 -0.13 0.18 0.44 0.14 0.73 1.21 1.45 -0.28 -0.04 0.25 0.46 
Loss: 0.869783  SIA Ef: -0.048861 Binding: -0.25 -0.40 0.03 0.22 0.14 0.51 0.05 -0.02 0.11 -0.12 -0.15  Rvol: 0.49 1.05 1.27 -0.33 -0.13 0.18 0.44 0.14 0.73 1.21 1.45 -0.28 -0.04 0.25 0.46 
Loss: 0.985223  SIA Ef: -0.048439 Binding: -0.53 -0.13 0.03 0.22 0.14 0.51 0.32 -0.02 0.11 -0.12 -0.15  Rvol: 0.49 0.87 1.27 -0.33 -0.13 0.18 0.44 0.14 0.73 1.21 1.45 -0.28 -0.04 0.25 0.46 
Loss: 0.869901  SIA Ef: -0.052677 Binding: -0.25 -0.41 0.02 0.22 0.14 0.51 0.05 -0.02 0.11 -0.12 -0.15  Rvol: 0.49 1.05 1.27 -0.33 -0.13 0.18 0.44 0.14 0.73 1.21 1.45 -0.28 -0.04 0.25 0.46 
Loss: 0.870296  SIA Ef: -0.055431 Binding: -0.25 -0.41 0.02 0.22 0.14 0.51 0.04 -0.02 0.11 -0.12 -0.16  Rvol: 0.49 1.05 1.27 -0.33 -0.13 0.18 0.44 0.14 0.73 1.21 1.45 -0.28 -0.04 0.25 0.46 
Loss: 0.869890  SIA Ef: -0.051362 Binding: -0.25 -0.40 0.02 0.22 0.14 0.51 0.05 -0.02 0.11 -0.12 -0.15  Rvol: 0.49 1.05 1.27 -0.33 -0.13 0.18 0.44 0.14 0.73 1.21 1.45 -0.28 -0.04 0.25 0.46 
Loss: 0.869877  SIA Ef: -0.048710 Binding: -0.25 -0.40 0.03 0.22 0.14 0.51 0.04 -0.02 0.11 -0.12 -0.16  Rvol: 0.49 1.05 1.27 -0.33 -0.13 0.18 0.44 0.14 0.73 1.21 1.45 -0.28 -0.04 0.25 0.46 
Loss: 0.869831  SIA Ef: -0.049309 Binding: -0.25 -0.40 0.03 0.22 0.14 0.51 0.05 -0.02 0.11 -0.12 -0.15  Rvol: 0.49 1.05 1.27 -0.33 -0.13 0.18 0.44 0.14 0.73 1.21 1.45 -0.28 -0.04 0.25 0.46 
Loss: 0.870110  SIA Ef: -0.047133 Binding: -0.25 -0.40 0.03 0.22 0.14 0.51 0.05 -0.02 0.11 -0.12 -0.15  Rvol: 0.49 1.05 1.27 -0.33 -0.13 0.18 0.44 0.14 0.73 1.21 1.45 -0.28 -0.04 0.25 0.46 
Loss: 0.870497  SIA Ef: -0.051493 Binding: -0.25 -0.41 0.02 0.22 0.14 0.51 0.05 -0.02 0.11 -0.12 -0.15  Rvol: 0.49 1.05 1.27 -0.33 -0.13 0.18 0.44 0.14 0.73 1.21 1.45 -0.28 -0.04 0.25 0.46 
Loss: 0.985514  SIA Ef: -0.047177 Binding: -0.53 -0.13 0.03 0.22 0.14 0.51 0.32 -0.02 0.11 -0.12 -0.15  Rvol: 0.49 0.87 1.27 -0.33 -0.13 0.18 0.44 0.14 0.73 1.21 1.45 -0.28 -0.04 0.25 0.46 
Loss: 0.869760  SIA Ef: -0.047932 Binding: -0.25 -0.40 0.03 0.22 0.14 0.51 0.05 -0.02 0.11 -0.12 -0.15  Rvol: 0.49 1.05 1.27 -0.33 -0.13 0.18 0.44 0.14 0.73 1.21 1.45 -0.28 -0.04 0.25 0.46 
Loss: 0.870006  SIA Ef: -0.051664 Binding: -0.25 -0.40 0.03 0.22 0.14 0.51 0.04 -0.02 0.11 -0.12 -0.16  Rvol: 0.49 1.05 1.27 -0.33 -0.13 0.18 0.44 0.14 0.73 1.21 1.45 -0.28 -0.04 0.25 0.46 
Loss: 0.869752  SIA Ef: -0.046892 Binding: -0.25 -0.40 0.03 0.22 0.14 0.51 0.05 -0.02 0.11 -0.12 -0.15  Rvol: 0.49 1.05 1.27 -0.33 -0.13 0.18 0.44 0.14 0.73 1.21 1.45 -0.28 -0.04 0.25 0.46 
Loss: 0.870189  SIA Ef: -0.044763 Binding: -0.26 -0.41 0.03 0.22 0.14 0.51 0.05 -0.02 0.11 -0.12 -0.16  Rvol: 0.49 1.05 1.27 -0.33 -0.13 0.18 0.44 0.14 0.73 1.21 1.45 -0.28 -0.04 0.25 0.46 
Loss: 0.869749  SIA Ef: -0.047016 Binding: -0.25 -0.40 0.03 0.22 0.14 0.51 0.05 -0.02 0.11 -0.12 -0.15  Rvol: 0.49 1.05 1.27 -0.33 -0.13 0.18 0.44 0.14 0.73 1.21 1.45 -0.28 -0.04 0.25 0.46 
Loss: 0.870085  SIA Ef: -0.048313 Binding: -0.25 -0.40 0.02 0.22 0.14 0.51 0.05 -0.02 0.11 -0.12 -0.15  Rvol: 0.49 1.05 1.27 -0.33 -0.13 0.18 0.44 0.14 0.73 1.21 1.45 -0.28 -0.04 0.25 0.46 
Loss: 0.869817  SIA Ef: -0.046383 Binding: -0.25 -0.40 0.03 0.22 0.14 0.51 0.05 -0.02 0.11 -0.12 -0.15  Rvol: 0.49 1.05 1.27 -0.33 -0.13 0.18 0.44 0.14 0.73 1.21 1.45 -0.28 -0.04 0.25 0.46 
Loss: 0.869849  SIA Ef: -0.047696 Binding: -0.25 -0.40 0.03 0.22 0.14 0.51 0.05 -0.02 0.11 -0.12 -0.15  Rvol: 0.49 1.05 1.27 -0.33 -0.13 0.18 0.44 0.14 0.73 1.21 1.45 -0.28 -0.04 0.25 0.46 
Loss: 0.869463  SIA Ef: -0.046162 Binding: -0.26 -0.40 0.03 0.22 0.14 0.51 0.05 -0.02 0.11 -0.12 -0.15  Rvol: 0.49 1.05 1.27 -0.33 -0.13 0.18 0.44 0.14 0.73 1.21 1.45 -0.28 -0.04 0.25 0.46 
Loss: 0.985252  SIA Ef: -0.045003 Binding: -0.53 -0.13 0.03 0.22 0.14 0.51 0.32 -0.02 0.11 -0.12 -0.15  Rvol: 0.49 0.87 1.27 -0.33 -0.13 0.18 0.44 0.14 0.73 1.21 1.45 -0.28 -0.04 0.25 0.46 
Loss: 0.869474  SIA Ef: -0.045154 Binding: -0.26 -0.40 0.03 0.22 0.14 0.51 0.05 -0.02 0.11 -0.12 -0.15  Rvol: 0.49 1.05 1.27 -0.33 -0.13 0.18 0.44 0.14 0.73 1.21 1.45 -0.28 -0.04 0.25 0.46 
Loss: 0.985255  SIA Ef: -0.045237 Binding: -0.53 -0.13 0.03 0.22 0.14 0.51 0.32 -0.02 0.11 -0.12 -0.15  Rvol: 0.49 0.87 1.27 -0.33 -0.13 0.18 0.44 0.14 0.73 1.21 1.45 -0.28 -0.04 0.25 0.46 
Loss: 0.985322  SIA Ef: -0.045389 Binding: -0.53 -0.13 0.03 0.22 0.14 0.51 0.32 -0.02 0.11 -0.12 -0.16  Rvol: 0.49 0.87 1.27 -0.33 -0.13 0.18 0.44 0.14 0.73 1.21 1.45 -0.28 -0.04 0.25 0.46 
Loss: 0.869433  SIA Ef: -0.047708 Binding: -0.25 -0.40 0.03 0.22 0.14 0.51 0.05 -0.02 0.11 -0.12 -0.15  Rvol: 0.49 1.05 1.27 -0.33 -0.13 0.18 0.44 0.14 0.73 1.21 1.45 -0.28 -0.04 0.25 0.46 
Loss: 0.869441  SIA Ef: -0.046819 Binding: -0.25 -0.40 0.03 0.22 0.14 0.51 0.05 -0.02 0.11 -0.12 -0.15  Rvol: 0.49 1.05 1.27 -0.33 -0.13 0.18 0.44 0.14 0.73 1.21 1.45 -0.28 -0.04 0.25 0.46 
Loss: 0.869135  SIA Ef: -0.047254 Binding: -0.25 -0.40 0.03 0.22 0.14 0.51 0.05 -0.02 0.11 -0.12 -0.15  Rvol: 0.49 1.05 1.27 -0.33 -0.13 0.18 0.44 0.14 0.73 1.21 1.45 -0.28 -0.04 0.25 0.46 
Loss: 0.985298  SIA Ef: -0.046764 Binding: -0.53 -0.13 0.03 0.22 0.14 0.51 0.32 -0.02 0.11 -0.12 -0.15  Rvol: 0.49 0.87 1.27 -0.33 -0.13 0.18 0.44 0.14 0.73 1.21 1.45 -0.28 -0.04 0.25 0.46 
Loss: 0.869147  SIA Ef: -0.047035 Binding: -0.26 -0.40 0.03 0.22 0.14 0.51 0.05 -0.02 0.11 -0.12 -0.15  Rvol: 0.49 1.05 1.27 -0.33 -0.13 0.18 0.44 0.14 0.73 1.21 1.45 -0.28 -0.04 0.25 0.46 
Loss: 0.869249  SIA Ef: -0.049392 Binding: -0.25 -0.40 0.02 0.22 0.14 0.51 0.05 -0.02 0.11 -0.12 -0.15  Rvol: 0.49 1.05 1.27 -0.33 -0.13 0.18 0.44 0.14 0.73 1.21 1.45 -0.28 -0.04 0.25 0.46 
Loss: 0.869142  SIA Ef: -0.046947 Binding: -0.25 -0.40 0.03 0.22 0.14 0.51 0.05 -0.02 0.11 -0.12 -0.15  Rvol: 0.49 1.05 1.27 -0.33 -0.13 0.18 0.44 0.14 0.73 1.21 1.45 -0.28 -0.04 0.25 0.46 
Loss: 0.869187  SIA Ef: -0.047606 Binding: -0.25 -0.40 0.03 0.22 0.14 0.51 0.05 -0.02 0.11 -0.12 -0.15  Rvol: 0.49 1.05 1.27 -0.33 -0.13 0.18 0.44 0.14 0.73 1.21 1.45 -0.28 -0.04 0.25 0.46 
Loss: 0.869140  SIA Ef: -0.046749 Binding: -0.25 -0.40 0.03 0.22 0.14 0.51 0.05 -0.02 0.11 -0.12 -0.15  Rvol: 0.49 1.05 1.27 -0.33 -0.13 0.18 0.44 0.14 0.73 1.21 1.45 -0.28 -0.04 0.25 0.46 
Loss: 0.869167  SIA Ef: -0.048133 Binding: -0.25 -0.40 0.03 0.22 0.14 0.51 0.05 -0.02 0.11 -0.12 -0.15  Rvol: 0.49 1.05 1.27 -0.33 -0.13 0.18 0.44 0.14 0.73 1.21 1.45 -0.28 -0.04 0.25 0.46 
Loss: 0.869167  SIA Ef: -0.047716 Binding: -0.25 -0.40 0.03 0.22 0.14 0.51 0.05 -0.02 0.11 -0.12 -0.15  Rvol: 0.49 1.05 1.27 -0.33 -0.13 0.18 0.44 0.14 0.73 1.21 1.45 -0.28 -0.04 0.25 0.46 
Loss: 0.985322  SIA Ef: -0.046689 Binding: -0.53 -0.13 0.03 0.22 0.14 0.51 0.32 -0.02 0.11 -0.12 -0.15  Rvol: 0.49 0.87 1.27 -0.33 -0.13 0.18 0.44 0.14 0.73 1.21 1.45 -0.28 -0.04 0.25 0.46 
Loss: 0.869209  SIA Ef: -0.047348 Binding: -0.25 -0.40 0.03 0.22 0.14 0.51 0.05 -0.02 0.11 -0.12 -0.15  Rvol: 0.49 1.05 1.27 -0.33 -0.13 0.18 0.44 0.14 0.73 1.21 1.45 -0.28 -0.04 0.25 0.46 
Loss: 0.869141  SIA Ef: -0.047653 Binding: -0.25 -0.40 0.03 0.22 0.14 0.51 0.05 -0.02 0.11 -0.12 -0.15  Rvol: 0.49 1.05 1.27 -0.33 -0.13 0.18 0.44 0.14 0.73 1.21 1.45 -0.28 -0.04 0.25 0.46 
Loss: 0.869225  SIA Ef: -0.046915 Binding: -0.25 -0.40 0.03 0.22 0.14 0.51 0.05 -0.02 0.11 -0.12 -0.15  Rvol: 0.49 1.05 1.27 -0.33 -0.13 0.18 0.44 0.14 0.73 1.21 1.45 -0.28 -0.04 0.25 0.46 
Loss: 0.869137  SIA Ef: -0.047370 Binding: -0.25 -0.40 0.03 0.22 0.14 0.51 0.05 -0.02 0.11 -0.12 -0.15  Rvol: 0.49 1.05 1.27 -0.33 -0.13 0.18 0.44 0.14 0.73 1.21 1.45 -0.28 -0.04 0.25 0.46 
Loss: 0.869183  SIA Ef: -0.048110 Binding: -0.25 -0.40 0.03 0.22 0.14 0.51 0.05 -0.02 0.11 -0.12 -0.15  Rvol: 0.49 1.05 1.27 -0.33 -0.13 0.18 0.44 0.14 0.73 1.21 1.45 -0.28 -0.04 0.25 0.46 
Loss: 0.869132  SIA Ef: -0.047074 Binding: -0.25 -0.40 0.03 0.22 0.14 0.51 0.05 -0.02 0.11 -0.12 -0.15  Rvol: 0.49 1.05 1.27 -0.33 -0.13 0.18 0.44 0.14 0.73 1.21 1.45 -0.28 -0.04 0.25 0.46 
Loss: 0.985415  SIA Ef: -0.046802 Binding: -0.53 -0.13 0.03 0.22 0.14 0.51 0.32 -0.02 0.11 -0.12 -0.15  Rvol: 0.49 0.87 1.27 -0.33 -0.13 0.18 0.44 0.14 0.73 1.21 1.45 -0.28 -0.04 0.25 0.46 
Loss: 0.869142  SIA Ef: -0.047340 Binding: -0.25 -0.40 0.03 0.22 0.14 0.51 0.05 -0.02 0.11 -0.12 -0.15  Rvol: 0.49 1.05 1.27 -0.33 -0.13 0.18 0.44 0.14 0.73 1.21 1.45 -0.28 -0.04 0.25 0.46 
Loss: 0.869188  SIA Ef: -0.047767 Binding: -0.25 -0.40 0.03 0.22 0.14 0.51 0.05 -0.02 0.11 -0.12 -0.15  Rvol: 0.49 1.05 1.27 -0.33 -0.13 0.18 0.44 0.14 0.73 1.21 1.45 -0.28 -0.04 0.25 0.46 
