Start Optimization 
Loss: 4.022704  SIA Ef: -1.418783 Binding: 0.19 0.17 0.04 0.55 0.83 0.39 -0.47 -0.08 0.09 -0.53 -0.34  Rvol: 0.43 1.01 1.12 -0.33 -0.14 0.15 0.36 0.14 0.73 1.14 1.29 -0.28 -0.06 0.28 0.51 
Loss: 3.968945  SIA Ef: -1.359049 Binding: 0.20 0.17 0.05 0.57 0.85 0.38 -0.50 -0.10 0.08 -0.56 -0.36  Rvol: 0.43 1.01 1.13 -0.33 -0.14 0.15 0.36 0.14 0.73 1.15 1.30 -0.28 -0.05 0.28 0.52 
Loss: 56.583993  SIA Ef: 3.238288 Binding: 1.40 2.41 4.49 2.92 2.35 0.55 -0.30 0.56 -0.54 -0.69 -0.25  Rvol: 0.64 1.39 2.03 -0.33 0.17 0.63 0.98 0.14 0.92 1.69 2.22 -0.28 0.29 0.77 1.17 
Loss: 46.088500  SIA Ef: -0.869060 Binding: -0.06 0.49 -5.05 0.98 0.77 0.69 0.22 -0.34 3.75 -0.01 1.65  Rvol: 0.46 0.93 1.51 -0.33 -0.01 0.34 0.59 0.14 0.74 1.22 1.15 -0.28 0.12 0.42 0.89 
Loss: 204.059880  SIA Ef: 10.982549 Binding: 2.00 0.65 7.95 2.43 0.63 0.82 -0.81 -0.36 -0.84 -1.11 -0.89  Rvol: 1.21 2.00 2.87 -0.33 -0.12 0.15 0.66 0.14 1.39 2.61 3.39 -0.28 0.05 0.36 0.85 
Loss: 10.328761  SIA Ef: -1.359049 Binding: 0.20 0.17 0.05 0.57 0.85 -0.12 -1.65 -0.85 -0.29 -1.55 -1.11  Rvol: 0.43 1.01 1.13 -0.33 -0.14 0.15 0.36 0.14 0.73 1.07 1.32 -0.28 -0.01 0.30 0.59 
Loss: 6.637080  SIA Ef: -1.359049 Binding: 0.20 0.17 0.05 0.57 0.85 0.20 -0.75 -1.01 -0.19 -0.82 -1.10  Rvol: 0.43 1.01 1.13 -0.33 -0.14 0.15 0.36 0.14 0.70 1.15 1.28 -0.28 -0.05 0.23 0.39 
Loss: 3.693137  SIA Ef: -1.359049 Binding: 0.20 0.17 0.05 0.57 0.85 0.49 -0.30 0.26 0.20 -0.38 -0.02  Rvol: 0.43 1.01 1.13 -0.33 -0.14 0.15 0.36 0.14 0.74 1.14 1.30 -0.28 -0.06 0.29 0.52 
Loss: 4.382832  SIA Ef: -1.359049 Binding: -0.40 -0.86 0.05 -0.24 -0.17 0.49 0.39 0.94 0.20 -0.26 0.12  Rvol: 0.43 0.93 1.16 -0.33 -0.14 0.14 0.40 0.14 0.74 1.21 1.43 -0.28 -0.06 0.26 0.55 
Loss: 3.801374  SIA Ef: -1.359049 Binding: 0.15 -0.20 0.05 0.52 0.40 0.49 -0.90 -0.03 0.20 -0.43 -0.18  Rvol: 0.43 0.98 1.07 -0.33 -0.14 0.16 0.36 0.14 0.74 0.99 1.28 -0.28 -0.06 0.31 0.54 
Loss: 4.611626  SIA Ef: -1.359049 Binding: -0.11 0.76 0.05 0.63 1.07 0.49 0.10 0.32 0.20 -0.35 -0.02  Rvol: 0.43 0.76 1.14 -0.33 -0.14 0.15 0.37 0.14 0.74 1.10 1.31 -0.28 -0.06 0.29 0.54 
Loss: 328.473267  SIA Ef: -17.054606 Binding: -0.07 -0.46 -4.39 0.55 0.07 0.03 -0.31 0.29 3.10 0.14 1.17  Rvol: -0.17 -0.37 -0.77 -0.33 -0.35 -0.74 -0.75 0.14 0.22 -0.23 -0.80 -0.28 -0.34 -0.66 -0.46 
Loss: 43.129934  SIA Ef: 4.547823 Binding: 0.11 0.06 4.20 1.10 0.02 -0.03 -0.46 0.78 -0.64 -0.63 -0.28  Rvol: 0.82 1.49 2.14 -0.33 -0.17 0.11 0.54 0.14 0.95 1.63 2.37 -0.28 -0.01 0.33 0.76 
Loss: 3.665763  SIA Ef: -1.342882 Binding: 0.20 0.18 0.05 0.57 0.85 0.48 -0.31 0.26 0.20 -0.38 -0.03  Rvol: 0.43 1.01 1.13 -0.33 -0.14 0.15 0.37 0.14 0.74 1.14 1.30 -0.28 -0.06 0.30 0.52 
Loss: 17.065178  SIA Ef: 1.396071 Binding: 0.70 0.79 2.70 1.69 1.16 0.52 -0.54 0.78 -0.39 -0.48 0.13  Rvol: 0.55 1.18 1.54 -0.33 0.01 0.40 0.71 0.14 0.88 1.38 1.88 -0.28 0.15 0.55 0.88 
Loss: 4.578735  SIA Ef: -1.281209 Binding: 0.20 0.18 -0.28 0.55 0.92 0.68 0.11 0.68 0.52 0.03 0.50  Rvol: 0.43 1.03 1.13 -0.33 -0.13 0.16 0.37 0.14 0.73 1.14 1.28 -0.28 -0.07 0.28 0.51 
Loss: 42.424777  SIA Ef: -0.351046 Binding: -0.21 0.68 -4.23 2.90 0.06 0.63 0.42 0.04 3.42 -1.51 0.82  Rvol: 0.40 0.77 1.26 -0.33 -0.11 0.27 0.48 0.14 0.73 1.19 1.21 -0.28 0.02 0.33 0.67 
Loss: 4.375941  SIA Ef: -1.372472 Binding: 0.20 0.18 0.04 0.57 0.85 0.61 -0.09 0.71 0.35 -0.16 0.42  Rvol: 0.43 1.01 1.13 -0.33 -0.14 0.15 0.36 0.14 0.74 1.12 1.32 -0.28 -0.06 0.31 0.53 
Loss: 64.322139  SIA Ef: -7.660727 Binding: 0.60 0.07 -0.90 0.58 1.20 0.58 -0.85 -0.11 0.93 -0.32 0.20  Rvol: 0.15 0.70 0.46 -0.33 -0.16 -0.05 -0.05 0.14 0.57 0.75 0.46 -0.28 -0.21 0.05 0.02 
Loss: 10.341381  SIA Ef: 1.328192 Binding: -0.14 0.12 2.49 0.79 0.02 0.29 -0.38 0.69 -0.48 -0.52 -0.06  Rvol: 0.61 1.13 1.60 -0.33 -0.17 0.13 0.47 0.14 0.86 1.34 1.88 -0.28 -0.01 0.32 0.66 
Loss: 3.682897  SIA Ef: -1.345125 Binding: 0.20 0.18 0.05 0.57 0.85 0.50 -0.28 0.30 0.21 -0.35 0.01  Rvol: 0.43 1.01 1.13 -0.33 -0.14 0.15 0.37 0.14 0.74 1.14 1.31 -0.28 -0.06 0.30 0.52 
Loss: 18.856912  SIA Ef: -4.082247 Binding: 0.37 0.10 0.13 0.57 0.86 0.52 -0.58 0.09 0.20 -0.40 -0.04  Rvol: 0.32 0.86 0.84 -0.33 -0.16 0.06 0.18 0.14 0.67 0.96 0.98 -0.28 -0.11 0.20 0.30 
Loss: 4.351843  SIA Ef: -1.324785 Binding: 0.33 0.35 0.07 0.69 1.04 0.48 -0.41 0.21 0.19 -0.39 -0.05  Rvol: 0.43 1.02 1.12 -0.33 -0.13 0.16 0.37 0.14 0.74 1.12 1.30 -0.28 -0.06 0.30 0.53 
Loss: 6.834975  SIA Ef: -0.104824 Binding: 0.41 0.45 1.67 1.11 1.00 0.48 -0.55 0.46 -0.26 -0.45 -0.14  Rvol: 0.49 1.07 1.31 -0.33 -0.07 0.27 0.51 0.14 0.83 1.17 1.59 -0.28 0.06 0.42 0.70 
Loss: 3.905073  SIA Ef: -1.342447 Binding: 0.19 0.33 0.05 0.59 0.96 0.48 -0.18 0.31 0.20 -0.37 -0.01  Rvol: 0.43 0.98 1.14 -0.33 -0.14 0.15 0.37 0.14 0.74 1.15 1.31 -0.28 -0.06 0.29 0.53 
Loss: 12.361219  SIA Ef: -0.883142 Binding: 0.10 0.30 -2.08 1.57 0.41 0.55 -0.07 0.10 1.63 -1.10 0.34  Rvol: 0.41 1.03 1.15 -0.33 -0.11 0.23 0.41 0.14 0.71 1.16 1.22 -0.28 -0.04 0.29 0.58 
Loss: 3.596005  SIA Ef: -1.339193 Binding: 0.19 0.15 0.04 0.56 0.83 0.48 -0.31 0.25 0.21 -0.38 -0.03  Rvol: 0.43 1.02 1.13 -0.33 -0.14 0.15 0.37 0.14 0.74 1.15 1.30 -0.28 -0.06 0.30 0.52 
Loss: 12.424249  SIA Ef: -0.880171 Binding: 0.10 0.27 -2.09 1.57 0.38 0.55 -0.06 0.09 1.64 -1.11 0.35  Rvol: 0.41 1.03 1.15 -0.33 -0.11 0.24 0.41 0.14 0.71 1.17 1.22 -0.28 -0.04 0.29 0.57 
Loss: 5.721201  SIA Ef: -1.994145 Binding: 0.16 0.02 -0.30 0.47 0.77 0.47 -0.39 0.07 0.36 -0.43 -0.08  Rvol: 0.40 0.97 1.05 -0.33 -0.14 0.13 0.31 0.14 0.71 1.10 1.20 -0.28 -0.08 0.26 0.46 
Loss: 16.514894  SIA Ef: -3.725531 Binding: 0.42 0.20 -0.10 0.63 1.03 0.57 -0.45 0.22 0.37 -0.30 0.13  Rvol: 0.33 0.88 0.87 -0.33 -0.15 0.08 0.21 0.14 0.68 0.99 1.00 -0.28 -0.11 0.22 0.33 
Loss: 2.967166  SIA Ef: 0.022783 Binding: -0.22 0.30 1.19 0.60 0.42 0.39 -0.05 0.46 -0.25 -0.46 -0.19  Rvol: 0.51 0.94 1.33 -0.33 -0.16 0.15 0.41 0.14 0.80 1.26 1.58 -0.28 -0.01 0.32 0.61 
Loss: 2.090114  SIA Ef: -0.396374 Binding: -0.27 0.29 0.81 0.47 0.41 0.41 0.06 0.43 -0.17 -0.43 -0.17  Rvol: 0.49 0.89 1.28 -0.33 -0.17 0.13 0.38 0.14 0.77 1.23 1.50 -0.28 -0.03 0.29 0.57 
Loss: 4.242960  SIA Ef: -0.898257 Binding: -0.22 0.26 1.43 0.58 0.33 0.41 -0.03 0.54 -0.29 -0.43 -0.15  Rvol: 0.49 0.89 1.24 -0.33 -0.19 0.10 0.32 0.14 0.77 1.20 1.50 -0.28 -0.03 0.26 0.52 
Loss: 2.228814  SIA Ef: -0.402395 Binding: -0.27 0.30 0.85 0.48 0.41 0.36 -0.04 0.34 -0.22 -0.52 -0.27  Rvol: 0.50 0.89 1.28 -0.33 -0.17 0.12 0.38 0.14 0.78 1.23 1.51 -0.28 -0.03 0.29 0.57 
Loss: 1.363852  SIA Ef: 0.203466 Binding: -0.33 0.31 0.09 0.33 0.47 0.44 0.25 0.46 0.07 -0.35 -0.04  Rvol: 0.52 0.90 1.33 -0.33 -0.17 0.14 0.43 0.14 0.77 1.26 1.54 -0.28 -0.05 0.30 0.61 
Loss: 1.439736  SIA Ef: -0.094196 Binding: -0.44 0.20 -0.52 0.14 0.36 0.44 0.31 0.34 0.30 -0.36 -0.04  Rvol: 0.50 0.87 1.31 -0.33 -0.19 0.11 0.40 0.14 0.74 1.24 1.48 -0.28 -0.07 0.26 0.57 
Loss: 1.352874  SIA Ef: 0.214149 Binding: -0.31 0.35 0.10 0.35 0.51 0.41 0.18 0.35 0.04 -0.39 -0.14  Rvol: 0.52 0.90 1.33 -0.33 -0.17 0.14 0.43 0.14 0.77 1.26 1.53 -0.28 -0.05 0.30 0.61 
Loss: 1.578056  SIA Ef: 0.304420 Binding: -0.26 0.45 -0.01 0.40 0.60 0.43 0.17 0.38 0.09 -0.36 -0.08  Rvol: 0.52 0.91 1.33 -0.33 -0.18 0.14 0.42 0.14 0.77 1.25 1.53 -0.28 -0.05 0.29 0.61 
Loss: 1.365856  SIA Ef: 0.218190 Binding: -0.30 0.35 0.10 0.36 0.51 0.41 0.19 0.36 0.04 -0.39 -0.13  Rvol: 0.52 0.91 1.33 -0.33 -0.17 0.14 0.43 0.14 0.77 1.26 1.54 -0.28 -0.05 0.30 0.61 
Loss: 1.572895  SIA Ef: 0.244512 Binding: -0.27 0.44 0.06 0.36 0.60 0.41 0.25 0.39 0.04 -0.39 -0.13  Rvol: 0.52 0.91 1.35 -0.33 -0.17 0.14 0.44 0.14 0.77 1.27 1.55 -0.28 -0.05 0.30 0.61 
Loss: 1.369398  SIA Ef: 0.205762 Binding: -0.30 0.36 0.10 0.35 0.52 0.42 0.19 0.37 0.04 -0.38 -0.12  Rvol: 0.52 0.90 1.33 -0.33 -0.17 0.14 0.43 0.14 0.77 1.26 1.53 -0.28 -0.05 0.30 0.61 
Loss: 2.737434  SIA Ef: 1.142350 Binding: -0.31 0.34 0.04 0.34 0.50 0.35 0.13 0.30 -0.00 -0.48 -0.25  Rvol: 0.55 0.98 1.44 -0.33 -0.16 0.17 0.49 0.14 0.80 1.33 1.66 -0.28 -0.03 0.33 0.69 
Loss: 2.316303  SIA Ef: -0.468137 Binding: -0.29 0.47 -0.59 0.36 0.73 0.47 0.24 0.25 0.42 -0.34 -0.00  Rvol: 0.47 0.82 1.24 -0.33 -0.16 0.13 0.39 0.14 0.74 1.21 1.40 -0.28 -0.06 0.28 0.56 
Loss: 1.248177  SIA Ef: 0.038023 Binding: -0.31 0.35 0.04 0.33 0.50 0.41 0.19 0.34 0.05 -0.40 -0.13  Rvol: 0.51 0.89 1.32 -0.33 -0.18 0.13 0.41 0.14 0.76 1.25 1.51 -0.28 -0.05 0.28 0.59 
Loss: 1.491974  SIA Ef: 0.320794 Binding: -0.33 0.24 0.46 0.33 0.34 0.41 0.22 0.48 -0.09 -0.36 -0.13  Rvol: 0.53 0.94 1.36 -0.33 -0.19 0.12 0.41 0.14 0.78 1.28 1.58 -0.28 -0.05 0.28 0.59 
Loss: 1.391035  SIA Ef: 0.096550 Binding: -0.28 0.37 0.21 0.38 0.52 0.41 0.17 0.38 0.00 -0.40 -0.14  Rvol: 0.51 0.90 1.32 -0.33 -0.17 0.13 0.41 0.14 0.77 1.25 1.53 -0.28 -0.05 0.29 0.60 
Loss: 1.334097  SIA Ef: -0.116432 Binding: -0.31 0.28 0.41 0.35 0.39 0.37 0.07 0.30 -0.12 -0.48 -0.27  Rvol: 0.51 0.90 1.31 -0.33 -0.18 0.11 0.39 0.14 0.77 1.24 1.52 -0.28 -0.05 0.28 0.57 
Loss: 1.346432  SIA Ef: 0.338341 Binding: -0.32 0.31 0.13 0.32 0.44 0.39 0.17 0.35 -0.01 -0.42 -0.18  Rvol: 0.52 0.92 1.35 -0.33 -0.18 0.13 0.42 0.14 0.77 1.27 1.56 -0.28 -0.05 0.29 0.61 
Loss: 1.235737  SIA Ef: 0.007177 Binding: -0.32 0.34 0.03 0.32 0.49 0.41 0.20 0.33 0.06 -0.40 -0.14  Rvol: 0.51 0.89 1.31 -0.33 -0.18 0.13 0.41 0.14 0.76 1.25 1.51 -0.28 -0.05 0.28 0.59 
Loss: 1.548150  SIA Ef: -0.362897 Binding: -0.33 0.38 -0.33 0.29 0.56 0.44 0.23 0.28 0.23 -0.37 -0.08  Rvol: 0.49 0.84 1.27 -0.33 -0.18 0.12 0.39 0.14 0.74 1.22 1.44 -0.28 -0.07 0.27 0.56 
Loss: 1.241860  SIA Ef: 0.010213 Binding: -0.31 0.35 0.03 0.33 0.50 0.40 0.19 0.31 0.05 -0.41 -0.16  Rvol: 0.51 0.89 1.31 -0.33 -0.18 0.13 0.41 0.14 0.76 1.25 1.51 -0.28 -0.05 0.28 0.58 
Loss: 1.269889  SIA Ef: 0.002592 Binding: -0.31 0.36 0.01 0.32 0.51 0.41 0.22 0.35 0.06 -0.39 -0.13  Rvol: 0.51 0.89 1.32 -0.33 -0.18 0.13 0.41 0.14 0.76 1.25 1.51 -0.28 -0.06 0.28 0.59 
Loss: 1.229506  SIA Ef: 0.003296 Binding: -0.32 0.34 0.04 0.32 0.49 0.41 0.20 0.33 0.05 -0.40 -0.14  Rvol: 0.51 0.89 1.31 -0.33 -0.18 0.13 0.41 0.14 0.76 1.25 1.51 -0.28 -0.05 0.28 0.59 
Loss: 1.223506  SIA Ef: -0.067751 Binding: -0.32 0.30 0.24 0.33 0.43 0.39 0.14 0.32 -0.04 -0.44 -0.22  Rvol: 0.51 0.89 1.31 -0.33 -0.18 0.12 0.40 0.14 0.76 1.25 1.51 -0.28 -0.05 0.28 0.58 
Loss: 1.222128  SIA Ef: -0.060634 Binding: -0.32 0.30 0.24 0.33 0.43 0.39 0.14 0.31 -0.04 -0.44 -0.22  Rvol: 0.51 0.89 1.31 -0.33 -0.18 0.12 0.40 0.14 0.76 1.25 1.52 -0.28 -0.05 0.28 0.58 
Loss: 1.307263  SIA Ef: 0.067956 Binding: -0.33 0.24 0.44 0.33 0.34 0.38 0.15 0.37 -0.11 -0.43 -0.22  Rvol: 0.52 0.91 1.33 -0.33 -0.18 0.12 0.40 0.14 0.77 1.26 1.55 -0.28 -0.05 0.28 0.58 
Loss: 1.256031  SIA Ef: -0.043144 Binding: -0.32 0.29 0.29 0.34 0.42 0.39 0.14 0.33 -0.06 -0.44 -0.21  Rvol: 0.51 0.90 1.31 -0.33 -0.18 0.12 0.40 0.14 0.77 1.25 1.52 -0.28 -0.05 0.28 0.58 
Loss: 1.388349  SIA Ef: -0.053072 Binding: -0.29 0.33 0.37 0.38 0.46 0.38 0.10 0.32 -0.09 -0.45 -0.24  Rvol: 0.51 0.90 1.31 -0.33 -0.18 0.12 0.40 0.14 0.77 1.25 1.52 -0.28 -0.05 0.28 0.58 
Loss: 1.258290  SIA Ef: 0.023368 Binding: -0.32 0.30 0.27 0.35 0.43 0.39 0.13 0.32 -0.05 -0.45 -0.22  Rvol: 0.51 0.90 1.32 -0.33 -0.18 0.13 0.40 0.14 0.77 1.25 1.53 -0.28 -0.05 0.29 0.59 
Loss: 1.246050  SIA Ef: 0.030617 Binding: -0.32 0.29 0.29 0.34 0.42 0.38 0.13 0.32 -0.06 -0.45 -0.23  Rvol: 0.51 0.90 1.32 -0.33 -0.18 0.12 0.40 0.14 0.77 1.25 1.53 -0.28 -0.05 0.28 0.59 
Loss: 1.183759  SIA Ef: -0.208914 Binding: -0.33 0.31 0.08 0.31 0.45 0.39 0.15 0.28 0.02 -0.44 -0.20  Rvol: 0.50 0.87 1.29 -0.33 -0.18 0.12 0.39 0.14 0.75 1.23 1.49 -0.28 -0.06 0.27 0.57 
Loss: 1.303067  SIA Ef: -0.384163 Binding: -0.33 0.34 -0.02 0.31 0.49 0.40 0.15 0.25 0.07 -0.44 -0.19  Rvol: 0.49 0.85 1.27 -0.33 -0.18 0.11 0.38 0.14 0.75 1.22 1.46 -0.28 -0.06 0.27 0.55 
Loss: 1.171250  SIA Ef: -0.195083 Binding: -0.33 0.30 0.10 0.31 0.44 0.39 0.14 0.28 0.01 -0.44 -0.21  Rvol: 0.50 0.88 1.29 -0.33 -0.18 0.12 0.39 0.14 0.76 1.24 1.49 -0.28 -0.06 0.27 0.57 
Loss: 1.130360  SIA Ef: -0.191206 Binding: -0.35 0.27 0.12 0.29 0.40 0.40 0.16 0.30 0.00 -0.43 -0.20  Rvol: 0.50 0.88 1.29 -0.33 -0.18 0.11 0.39 0.14 0.75 1.24 1.49 -0.28 -0.06 0.27 0.56 
Loss: 1.115398  SIA Ef: -0.154559 Binding: -0.35 0.27 0.11 0.29 0.40 0.40 0.16 0.29 0.01 -0.43 -0.19  Rvol: 0.50 0.88 1.30 -0.33 -0.18 0.12 0.39 0.14 0.76 1.24 1.50 -0.28 -0.06 0.27 0.57 
Loss: 1.112728  SIA Ef: -0.148113 Binding: -0.35 0.27 0.11 0.29 0.40 0.40 0.17 0.31 0.01 -0.42 -0.18  Rvol: 0.50 0.88 1.30 -0.33 -0.18 0.12 0.39 0.14 0.76 1.24 1.50 -0.28 -0.06 0.27 0.57 
Loss: 1.110105  SIA Ef: -0.142088 Binding: -0.35 0.27 0.09 0.29 0.40 0.40 0.17 0.31 0.02 -0.42 -0.18  Rvol: 0.50 0.88 1.30 -0.33 -0.18 0.12 0.39 0.14 0.76 1.24 1.50 -0.28 -0.06 0.27 0.57 
Loss: 1.112799  SIA Ef: -0.159230 Binding: -0.35 0.26 0.14 0.29 0.39 0.40 0.15 0.30 -0.00 -0.43 -0.20  Rvol: 0.50 0.88 1.30 -0.33 -0.18 0.11 0.39 0.14 0.76 1.24 1.50 -0.28 -0.06 0.27 0.57 
Loss: 1.111001  SIA Ef: -0.161842 Binding: -0.35 0.26 0.08 0.28 0.40 0.41 0.18 0.32 0.03 -0.41 -0.16  Rvol: 0.50 0.88 1.30 -0.33 -0.18 0.12 0.39 0.14 0.75 1.24 1.49 -0.28 -0.06 0.27 0.57 
Loss: 1.107815  SIA Ef: -0.138243 Binding: -0.35 0.27 0.09 0.29 0.40 0.40 0.16 0.30 0.02 -0.42 -0.18  Rvol: 0.50 0.88 1.30 -0.33 -0.18 0.12 0.39 0.14 0.76 1.24 1.50 -0.28 -0.06 0.27 0.57 
Loss: 1.127376  SIA Ef: -0.267704 Binding: -0.36 0.27 0.01 0.27 0.40 0.41 0.18 0.30 0.06 -0.41 -0.16  Rvol: 0.50 0.87 1.28 -0.33 -0.19 0.11 0.38 0.14 0.75 1.23 1.48 -0.28 -0.06 0.27 0.56 
Loss: 1.091320  SIA Ef: -0.139297 Binding: -0.36 0.27 0.05 0.28 0.40 0.40 0.17 0.29 0.03 -0.43 -0.19  Rvol: 0.50 0.88 1.30 -0.33 -0.18 0.12 0.39 0.14 0.75 1.24 1.50 -0.28 -0.06 0.27 0.57 
Loss: 1.074984  SIA Ef: 0.046103 Binding: -0.36 0.22 0.15 0.27 0.35 0.39 0.16 0.32 -0.02 -0.43 -0.21  Rvol: 0.51 0.90 1.32 -0.33 -0.19 0.12 0.40 0.14 0.76 1.26 1.53 -0.28 -0.06 0.28 0.58 
Loss: 1.065849  SIA Ef: 0.053354 Binding: -0.37 0.22 0.11 0.26 0.35 0.39 0.18 0.33 -0.00 -0.43 -0.20  Rvol: 0.51 0.90 1.33 -0.33 -0.19 0.12 0.40 0.14 0.76 1.26 1.53 -0.28 -0.06 0.28 0.58 
Loss: 1.073006  SIA Ef: 0.070997 Binding: -0.37 0.23 0.09 0.26 0.35 0.39 0.18 0.32 0.00 -0.43 -0.20  Rvol: 0.51 0.90 1.33 -0.33 -0.18 0.12 0.40 0.14 0.76 1.26 1.53 -0.28 -0.06 0.28 0.58 
Loss: 1.070598  SIA Ef: 0.113915 Binding: -0.37 0.22 0.08 0.24 0.34 0.38 0.18 0.32 -0.00 -0.44 -0.21  Rvol: 0.52 0.90 1.34 -0.33 -0.19 0.12 0.40 0.14 0.76 1.26 1.54 -0.28 -0.06 0.28 0.59 
Loss: 1.060639  SIA Ef: 0.043395 Binding: -0.37 0.22 0.10 0.25 0.34 0.39 0.18 0.34 0.00 -0.42 -0.19  Rvol: 0.51 0.90 1.33 -0.33 -0.19 0.12 0.40 0.14 0.76 1.26 1.53 -0.28 -0.06 0.27 0.58 
Loss: 1.015644  SIA Ef: -0.032823 Binding: -0.39 0.21 0.03 0.23 0.33 0.40 0.20 0.33 0.03 -0.42 -0.18  Rvol: 0.51 0.89 1.32 -0.33 -0.19 0.11 0.39 0.14 0.76 1.25 1.52 -0.28 -0.06 0.27 0.57 
Loss: 0.998017  SIA Ef: -0.076609 Binding: -0.39 0.18 0.10 0.22 0.29 0.39 0.18 0.32 -0.01 -0.43 -0.21  Rvol: 0.51 0.89 1.32 -0.33 -0.19 0.11 0.39 0.14 0.76 1.25 1.52 -0.28 -0.06 0.27 0.57 
Loss: 0.996247  SIA Ef: -0.089639 Binding: -0.40 0.17 0.11 0.21 0.28 0.38 0.18 0.32 -0.01 -0.44 -0.21  Rvol: 0.51 0.89 1.32 -0.33 -0.19 0.11 0.39 0.14 0.76 1.25 1.52 -0.28 -0.06 0.26 0.57 
Loss: 0.997285  SIA Ef: -0.098243 Binding: -0.40 0.16 0.11 0.21 0.27 0.39 0.19 0.33 -0.01 -0.43 -0.20  Rvol: 0.51 0.89 1.31 -0.33 -0.19 0.11 0.39 0.14 0.76 1.25 1.52 -0.28 -0.06 0.26 0.57 
Loss: 0.987556  SIA Ef: -0.111160 Binding: -0.40 0.16 0.08 0.20 0.27 0.39 0.19 0.33 -0.00 -0.43 -0.20  Rvol: 0.51 0.89 1.31 -0.33 -0.19 0.10 0.38 0.14 0.75 1.25 1.51 -0.28 -0.06 0.26 0.56 
Loss: 0.997441  SIA Ef: -0.013567 Binding: -0.41 0.15 0.16 0.21 0.25 0.38 0.19 0.34 -0.03 -0.43 -0.21  Rvol: 0.51 0.90 1.33 -0.33 -0.19 0.11 0.39 0.14 0.76 1.25 1.53 -0.28 -0.06 0.27 0.57 
Loss: 1.013066  SIA Ef: -0.265452 Binding: -0.42 0.17 -0.02 0.18 0.27 0.39 0.21 0.31 0.04 -0.42 -0.18  Rvol: 0.50 0.87 1.29 -0.33 -0.20 0.10 0.37 0.14 0.75 1.23 1.49 -0.28 -0.07 0.25 0.55 
Loss: 0.992629  SIA Ef: -0.108882 Binding: -0.40 0.16 0.08 0.20 0.27 0.39 0.20 0.34 -0.00 -0.43 -0.19  Rvol: 0.51 0.89 1.32 -0.33 -0.19 0.10 0.39 0.14 0.75 1.25 1.52 -0.28 -0.06 0.26 0.56 
Loss: 0.995865  SIA Ef: -0.129627 Binding: -0.40 0.16 0.11 0.21 0.27 0.39 0.18 0.34 -0.01 -0.43 -0.19  Rvol: 0.51 0.89 1.31 -0.33 -0.19 0.10 0.38 0.14 0.75 1.24 1.51 -0.28 -0.06 0.26 0.56 
Loss: 0.981695  SIA Ef: -0.090050 Binding: -0.41 0.16 0.08 0.20 0.26 0.38 0.19 0.33 -0.01 -0.44 -0.20  Rvol: 0.51 0.89 1.32 -0.33 -0.19 0.10 0.39 0.14 0.75 1.25 1.52 -0.28 -0.06 0.26 0.56 
Loss: 0.969269  SIA Ef: -0.050408 Binding: -0.41 0.16 0.01 0.19 0.27 0.38 0.19 0.30 0.02 -0.44 -0.20  Rvol: 0.51 0.89 1.32 -0.33 -0.19 0.11 0.39 0.14 0.75 1.25 1.52 -0.28 -0.06 0.27 0.57 
Loss: 0.970538  SIA Ef: -0.057353 Binding: -0.41 0.15 0.06 0.19 0.25 0.37 0.17 0.30 -0.01 -0.45 -0.23  Rvol: 0.51 0.89 1.32 -0.33 -0.19 0.10 0.39 0.14 0.75 1.25 1.52 -0.28 -0.06 0.26 0.57 
Loss: 0.986078  SIA Ef: -0.048504 Binding: -0.41 0.18 -0.04 0.20 0.30 0.38 0.18 0.28 0.03 -0.45 -0.21  Rvol: 0.51 0.89 1.32 -0.33 -0.19 0.11 0.39 0.14 0.75 1.25 1.51 -0.28 -0.06 0.27 0.57 
Loss: 0.975531  SIA Ef: -0.127113 Binding: -0.42 0.17 -0.04 0.18 0.28 0.38 0.19 0.29 0.04 -0.44 -0.20  Rvol: 0.51 0.88 1.31 -0.33 -0.19 0.10 0.39 0.14 0.75 1.24 1.51 -0.28 -0.07 0.26 0.56 
Loss: 0.957457  SIA Ef: -0.053037 Binding: -0.43 0.15 -0.05 0.16 0.25 0.38 0.20 0.31 0.03 -0.44 -0.20  Rvol: 0.51 0.89 1.32 -0.33 -0.20 0.10 0.39 0.14 0.75 1.25 1.52 -0.28 -0.07 0.26 0.57 
Loss: 0.981415  SIA Ef: 0.117274 Binding: -0.43 0.11 0.04 0.16 0.20 0.38 0.20 0.33 -0.01 -0.44 -0.22  Rvol: 0.52 0.91 1.34 -0.33 -0.20 0.10 0.40 0.14 0.76 1.26 1.55 -0.28 -0.06 0.27 0.58 
Loss: 0.955615  SIA Ef: -0.062277 Binding: -0.43 0.14 -0.04 0.16 0.24 0.38 0.20 0.31 0.03 -0.44 -0.20  Rvol: 0.51 0.89 1.32 -0.33 -0.20 0.10 0.39 0.14 0.75 1.25 1.52 -0.28 -0.07 0.26 0.57 
Loss: 0.957610  SIA Ef: -0.097895 Binding: -0.43 0.14 -0.04 0.17 0.25 0.39 0.20 0.31 0.04 -0.43 -0.19  Rvol: 0.51 0.88 1.31 -0.33 -0.20 0.10 0.38 0.14 0.75 1.25 1.51 -0.28 -0.07 0.26 0.56 
Loss: 0.957757  SIA Ef: -0.055730 Binding: -0.43 0.14 -0.04 0.16 0.25 0.38 0.20 0.30 0.03 -0.44 -0.20  Rvol: 0.51 0.89 1.32 -0.33 -0.20 0.10 0.39 0.14 0.75 1.25 1.52 -0.28 -0.07 0.26 0.57 
Loss: 0.979961  SIA Ef: -0.109370 Binding: -0.43 0.14 -0.09 0.15 0.25 0.39 0.22 0.32 0.06 -0.43 -0.17  Rvol: 0.51 0.88 1.32 -0.33 -0.20 0.10 0.39 0.14 0.75 1.25 1.51 -0.28 -0.07 0.26 0.57 
Loss: 0.966311  SIA Ef: -0.022240 Binding: -0.42 0.14 -0.03 0.17 0.25 0.38 0.20 0.31 0.03 -0.44 -0.19  Rvol: 0.51 0.89 1.32 -0.33 -0.19 0.11 0.39 0.14 0.75 1.25 1.52 -0.28 -0.06 0.26 0.57 
Loss: 0.972213  SIA Ef: -0.182067 Binding: -0.43 0.15 -0.09 0.15 0.25 0.38 0.19 0.27 0.04 -0.45 -0.21  Rvol: 0.51 0.88 1.31 -0.33 -0.20 0.10 0.38 0.14 0.75 1.24 1.50 -0.28 -0.07 0.26 0.56 
Loss: 0.965300  SIA Ef: -0.040013 Binding: -0.43 0.15 -0.06 0.16 0.26 0.38 0.20 0.30 0.04 -0.44 -0.20  Rvol: 0.51 0.89 1.32 -0.33 -0.19 0.10 0.39 0.14 0.75 1.25 1.52 -0.28 -0.07 0.26 0.57 
Loss: 0.960128  SIA Ef: -0.045727 Binding: -0.43 0.14 -0.01 0.16 0.24 0.38 0.20 0.32 0.02 -0.44 -0.20  Rvol: 0.51 0.89 1.32 -0.33 -0.20 0.10 0.39 0.14 0.75 1.25 1.52 -0.28 -0.07 0.26 0.57 
Loss: 0.971931  SIA Ef: -0.109091 Binding: -0.43 0.15 -0.08 0.16 0.26 0.39 0.21 0.31 0.05 -0.43 -0.18  Rvol: 0.51 0.88 1.31 -0.33 -0.20 0.10 0.39 0.14 0.75 1.25 1.51 -0.28 -0.07 0.26 0.56 
Loss: 0.960321  SIA Ef: -0.080168 Binding: -0.43 0.14 -0.03 0.17 0.25 0.38 0.20 0.30 0.03 -0.44 -0.20  Rvol: 0.51 0.89 1.32 -0.33 -0.20 0.10 0.39 0.14 0.75 1.25 1.52 -0.28 -0.07 0.26 0.57 
Loss: 0.954453  SIA Ef: -0.002601 Binding: -0.43 0.12 0.01 0.16 0.22 0.38 0.19 0.31 0.01 -0.45 -0.21  Rvol: 0.52 0.90 1.33 -0.33 -0.20 0.10 0.39 0.14 0.75 1.25 1.53 -0.28 -0.06 0.26 0.57 
Loss: 0.954061  SIA Ef: -0.013910 Binding: -0.43 0.12 -0.00 0.16 0.22 0.38 0.20 0.31 0.01 -0.45 -0.21  Rvol: 0.51 0.89 1.33 -0.33 -0.20 0.10 0.39 0.14 0.75 1.25 1.53 -0.28 -0.06 0.26 0.57 
Loss: 0.954764  SIA Ef: -0.010572 Binding: -0.43 0.12 -0.00 0.15 0.22 0.38 0.20 0.31 0.01 -0.45 -0.21  Rvol: 0.51 0.89 1.33 -0.33 -0.20 0.10 0.39 0.14 0.75 1.25 1.53 -0.28 -0.06 0.26 0.57 
Loss: 0.949762  SIA Ef: -0.036920 Binding: -0.44 0.12 -0.02 0.15 0.22 0.38 0.19 0.31 0.02 -0.45 -0.21  Rvol: 0.51 0.89 1.33 -0.33 -0.20 0.10 0.39 0.14 0.75 1.25 1.52 -0.28 -0.07 0.26 0.57 
Loss: 0.945268  SIA Ef: -0.067670 Binding: -0.44 0.12 -0.04 0.15 0.22 0.38 0.20 0.30 0.03 -0.45 -0.21  Rvol: 0.51 0.89 1.32 -0.33 -0.20 0.10 0.39 0.14 0.75 1.25 1.52 -0.28 -0.07 0.26 0.57 
Loss: 0.945905  SIA Ef: -0.073409 Binding: -0.44 0.12 -0.06 0.14 0.22 0.38 0.20 0.30 0.03 -0.44 -0.20  Rvol: 0.51 0.89 1.32 -0.33 -0.20 0.10 0.39 0.14 0.75 1.25 1.52 -0.28 -0.07 0.26 0.56 
Loss: 0.945980  SIA Ef: -0.068056 Binding: -0.44 0.12 -0.04 0.15 0.22 0.38 0.20 0.30 0.03 -0.45 -0.20  Rvol: 0.51 0.89 1.32 -0.33 -0.20 0.10 0.39 0.14 0.75 1.25 1.52 -0.28 -0.07 0.26 0.57 
Loss: 0.945974  SIA Ef: -0.078625 Binding: -0.44 0.12 -0.07 0.14 0.22 0.38 0.20 0.29 0.04 -0.44 -0.21  Rvol: 0.51 0.89 1.32 -0.33 -0.20 0.10 0.38 0.14 0.75 1.25 1.52 -0.28 -0.07 0.26 0.56 
Loss: 0.945173  SIA Ef: -0.071654 Binding: -0.44 0.12 -0.04 0.15 0.22 0.38 0.20 0.30 0.03 -0.45 -0.21  Rvol: 0.51 0.89 1.32 -0.33 -0.20 0.10 0.39 0.14 0.75 1.25 1.52 -0.28 -0.07 0.26 0.57 
Loss: 0.946734  SIA Ef: -0.110316 Binding: -0.44 0.12 -0.04 0.15 0.22 0.38 0.19 0.29 0.03 -0.45 -0.21  Rvol: 0.51 0.88 1.32 -0.33 -0.20 0.10 0.38 0.14 0.75 1.25 1.51 -0.28 -0.07 0.26 0.56 
Loss: 0.945152  SIA Ef: -0.055395 Binding: -0.44 0.11 -0.02 0.15 0.21 0.38 0.20 0.30 0.02 -0.45 -0.21  Rvol: 0.51 0.89 1.32 -0.33 -0.20 0.10 0.39 0.14 0.75 1.25 1.52 -0.28 -0.07 0.26 0.57 
Loss: 0.943444  SIA Ef: -0.060367 Binding: -0.44 0.11 -0.01 0.14 0.20 0.38 0.20 0.31 0.01 -0.45 -0.21  Rvol: 0.51 0.89 1.32 -0.33 -0.20 0.10 0.38 0.14 0.75 1.25 1.52 -0.28 -0.07 0.26 0.57 
Loss: 0.944120  SIA Ef: -0.060799 Binding: -0.44 0.11 -0.02 0.14 0.20 0.38 0.20 0.31 0.01 -0.45 -0.21  Rvol: 0.51 0.89 1.32 -0.33 -0.20 0.10 0.38 0.14 0.75 1.25 1.52 -0.28 -0.07 0.26 0.56 
Loss: 0.942892  SIA Ef: -0.055774 Binding: -0.44 0.11 -0.00 0.15 0.20 0.38 0.19 0.31 0.01 -0.45 -0.21  Rvol: 0.51 0.89 1.32 -0.33 -0.20 0.10 0.38 0.14 0.75 1.25 1.52 -0.28 -0.07 0.26 0.57 
Loss: 0.945255  SIA Ef: -0.052445 Binding: -0.44 0.11 -0.01 0.15 0.20 0.38 0.20 0.32 0.01 -0.44 -0.21  Rvol: 0.51 0.89 1.33 -0.33 -0.20 0.10 0.38 0.14 0.75 1.25 1.52 -0.28 -0.07 0.26 0.56 
Loss: 0.946094  SIA Ef: -0.033811 Binding: -0.44 0.10 0.02 0.15 0.20 0.37 0.19 0.31 -0.00 -0.45 -0.23  Rvol: 0.51 0.89 1.33 -0.33 -0.20 0.10 0.39 0.14 0.75 1.25 1.53 -0.28 -0.07 0.26 0.57 
Loss: 0.942242  SIA Ef: -0.061900 Binding: -0.44 0.11 -0.02 0.14 0.21 0.38 0.19 0.31 0.01 -0.45 -0.21  Rvol: 0.51 0.89 1.32 -0.33 -0.20 0.10 0.38 0.14 0.75 1.25 1.52 -0.28 -0.07 0.26 0.56 
Loss: 0.941977  SIA Ef: -0.059925 Binding: -0.44 0.11 -0.02 0.14 0.21 0.38 0.20 0.31 0.01 -0.45 -0.21  Rvol: 0.51 0.89 1.32 -0.33 -0.20 0.10 0.38 0.14 0.75 1.25 1.52 -0.28 -0.07 0.26 0.56 
Loss: 0.941054  SIA Ef: -0.079652 Binding: -0.44 0.11 -0.03 0.14 0.21 0.38 0.19 0.30 0.02 -0.45 -0.21  Rvol: 0.51 0.89 1.32 -0.33 -0.20 0.10 0.38 0.14 0.75 1.25 1.52 -0.28 -0.07 0.26 0.56 
Loss: 0.941326  SIA Ef: -0.084389 Binding: -0.44 0.11 -0.03 0.14 0.20 0.38 0.20 0.30 0.02 -0.45 -0.21  Rvol: 0.51 0.89 1.32 -0.33 -0.20 0.10 0.38 0.14 0.75 1.25 1.52 -0.28 -0.07 0.26 0.56 
Loss: 0.940961  SIA Ef: -0.079804 Binding: -0.44 0.11 -0.02 0.14 0.20 0.38 0.19 0.30 0.02 -0.45 -0.21  Rvol: 0.51 0.89 1.32 -0.33 -0.20 0.10 0.38 0.14 0.75 1.25 1.52 -0.28 -0.07 0.26 0.56 
Loss: 0.941511  SIA Ef: -0.065874 Binding: -0.44 0.11 -0.02 0.14 0.20 0.38 0.19 0.30 0.01 -0.45 -0.22  Rvol: 0.51 0.89 1.32 -0.33 -0.20 0.10 0.38 0.14 0.75 1.25 1.52 -0.28 -0.07 0.26 0.56 
Loss: 0.941208  SIA Ef: -0.080703 Binding: -0.44 0.11 -0.03 0.14 0.21 0.38 0.19 0.30 0.02 -0.45 -0.21  Rvol: 0.51 0.89 1.32 -0.33 -0.20 0.10 0.38 0.14 0.75 1.25 1.52 -0.28 -0.07 0.26 0.56 
Loss: 0.940674  SIA Ef: -0.091250 Binding: -0.44 0.11 -0.04 0.14 0.21 0.38 0.19 0.30 0.02 -0.45 -0.21  Rvol: 0.51 0.89 1.32 -0.33 -0.20 0.10 0.38 0.14 0.75 1.25 1.52 -0.28 -0.07 0.26 0.56 
Loss: 0.940284  SIA Ef: -0.089262 Binding: -0.44 0.11 -0.04 0.14 0.21 0.37 0.19 0.30 0.02 -0.45 -0.21  Rvol: 0.51 0.89 1.32 -0.33 -0.20 0.10 0.38 0.14 0.75 1.25 1.52 -0.28 -0.07 0.26 0.56 
Loss: 0.940466  SIA Ef: -0.099515 Binding: -0.44 0.11 -0.04 0.14 0.21 0.37 0.19 0.29 0.02 -0.45 -0.22  Rvol: 0.51 0.89 1.32 -0.33 -0.20 0.10 0.38 0.14 0.75 1.25 1.52 -0.28 -0.07 0.26 0.56 
Loss: 0.941161  SIA Ef: -0.093072 Binding: -0.44 0.11 -0.04 0.14 0.21 0.37 0.19 0.29 0.02 -0.45 -0.21  Rvol: 0.51 0.89 1.32 -0.33 -0.20 0.10 0.38 0.14 0.75 1.25 1.52 -0.28 -0.07 0.26 0.56 
Loss: 0.940286  SIA Ef: -0.091884 Binding: -0.44 0.11 -0.03 0.14 0.21 0.37 0.19 0.30 0.02 -0.45 -0.21  Rvol: 0.51 0.89 1.32 -0.33 -0.20 0.10 0.38 0.14 0.75 1.25 1.52 -0.28 -0.07 0.26 0.56 
Loss: 0.940219  SIA Ef: -0.091879 Binding: -0.44 0.11 -0.03 0.14 0.21 0.37 0.19 0.30 0.02 -0.45 -0.22  Rvol: 0.51 0.89 1.32 -0.33 -0.20 0.10 0.38 0.14 0.75 1.25 1.52 -0.28 -0.07 0.26 0.56 
Loss: 0.940793  SIA Ef: -0.096192 Binding: -0.44 0.12 -0.03 0.15 0.21 0.37 0.19 0.29 0.02 -0.45 -0.22  Rvol: 0.51 0.89 1.32 -0.33 -0.20 0.10 0.38 0.14 0.75 1.25 1.52 -0.28 -0.07 0.26 0.56 
Loss: 0.939923  SIA Ef: -0.081483 Binding: -0.44 0.11 -0.03 0.14 0.21 0.37 0.19 0.30 0.02 -0.45 -0.22  Rvol: 0.51 0.89 1.32 -0.33 -0.20 0.10 0.38 0.14 0.75 1.25 1.52 -0.28 -0.07 0.26 0.56 
Loss: 0.942980  SIA Ef: -0.076222 Binding: -0.44 0.11 -0.02 0.14 0.21 0.38 0.19 0.30 0.01 -0.45 -0.22  Rvol: 0.51 0.89 1.32 -0.33 -0.20 0.10 0.38 0.14 0.75 1.25 1.52 -0.28 -0.07 0.26 0.56 
Loss: 0.940107  SIA Ef: -0.082577 Binding: -0.44 0.11 -0.03 0.15 0.21 0.37 0.19 0.29 0.02 -0.45 -0.22  Rvol: 0.51 0.89 1.32 -0.33 -0.20 0.10 0.38 0.14 0.75 1.25 1.52 -0.28 -0.07 0.26 0.56 
Loss: 0.939512  SIA Ef: -0.078476 Binding: -0.44 0.11 -0.03 0.14 0.21 0.37 0.19 0.30 0.02 -0.45 -0.22  Rvol: 0.51 0.89 1.32 -0.33 -0.20 0.10 0.38 0.14 0.75 1.25 1.52 -0.28 -0.07 0.26 0.56 
Loss: 0.941288  SIA Ef: -0.073831 Binding: -0.44 0.11 -0.02 0.14 0.21 0.38 0.19 0.30 0.01 -0.45 -0.22  Rvol: 0.51 0.89 1.32 -0.33 -0.20 0.10 0.38 0.14 0.75 1.25 1.52 -0.28 -0.07 0.26 0.56 
Loss: 0.939751  SIA Ef: -0.080001 Binding: -0.44 0.11 -0.03 0.14 0.21 0.37 0.19 0.30 0.02 -0.45 -0.22  Rvol: 0.51 0.89 1.32 -0.33 -0.20 0.10 0.38 0.14 0.75 1.25 1.52 -0.28 -0.07 0.26 0.56 
Loss: 0.941717  SIA Ef: -0.074766 Binding: -0.44 0.11 -0.02 0.14 0.21 0.38 0.19 0.30 0.01 -0.45 -0.22  Rvol: 0.51 0.89 1.32 -0.33 -0.20 0.10 0.38 0.14 0.75 1.25 1.52 -0.28 -0.07 0.26 0.56 
Loss: 0.939494  SIA Ef: -0.078374 Binding: -0.44 0.11 -0.03 0.14 0.21 0.37 0.19 0.30 0.02 -0.45 -0.22  Rvol: 0.51 0.89 1.32 -0.33 -0.20 0.10 0.38 0.14 0.75 1.25 1.52 -0.28 -0.07 0.26 0.56 
Loss: 0.942635  SIA Ef: -0.075359 Binding: -0.44 0.11 -0.03 0.14 0.21 0.38 0.19 0.30 0.02 -0.45 -0.22  Rvol: 0.51 0.89 1.32 -0.33 -0.20 0.10 0.38 0.14 0.75 1.25 1.52 -0.28 -0.07 0.26 0.56 
Loss: 0.939983  SIA Ef: -0.081843 Binding: -0.44 0.11 -0.03 0.14 0.21 0.37 0.19 0.29 0.02 -0.45 -0.22  Rvol: 0.51 0.89 1.32 -0.33 -0.20 0.10 0.38 0.14 0.75 1.25 1.52 -0.28 -0.07 0.26 0.56 
Loss: 0.941911  SIA Ef: -0.077207 Binding: -0.44 0.11 -0.03 0.14 0.21 0.38 0.19 0.30 0.02 -0.45 -0.22  Rvol: 0.51 0.89 1.32 -0.33 -0.20 0.10 0.38 0.14 0.75 1.25 1.52 -0.28 -0.07 0.26 0.56 
Loss: 0.939502  SIA Ef: -0.078620 Binding: -0.44 0.11 -0.03 0.14 0.21 0.37 0.19 0.30 0.02 -0.45 -0.22  Rvol: 0.51 0.89 1.32 -0.33 -0.20 0.10 0.38 0.14 0.75 1.25 1.52 -0.28 -0.07 0.26 0.56 
Loss: 0.939751  SIA Ef: -0.079119 Binding: -0.44 0.11 -0.03 0.14 0.21 0.37 0.19 0.30 0.02 -0.45 -0.22  Rvol: 0.51 0.89 1.32 -0.33 -0.20 0.10 0.38 0.14 0.75 1.25 1.52 -0.28 -0.07 0.26 0.56 
Loss: 0.939522  SIA Ef: -0.077273 Binding: -0.44 0.11 -0.03 0.14 0.21 0.37 0.19 0.30 0.02 -0.45 -0.22  Rvol: 0.51 0.89 1.32 -0.33 -0.20 0.10 0.38 0.14 0.75 1.25 1.52 -0.28 -0.07 0.26 0.56 
Loss: 0.939613  SIA Ef: -0.083266 Binding: -0.44 0.11 -0.03 0.14 0.21 0.37 0.19 0.30 0.02 -0.45 -0.22  Rvol: 0.51 0.89 1.32 -0.33 -0.20 0.10 0.38 0.14 0.75 1.25 1.52 -0.28 -0.07 0.26 0.56 
Loss: 0.939048  SIA Ef: -0.076905 Binding: -0.44 0.11 -0.03 0.14 0.21 0.37 0.19 0.30 0.02 -0.45 -0.22  Rvol: 0.51 0.89 1.32 -0.33 -0.20 0.10 0.38 0.14 0.75 1.25 1.52 -0.28 -0.07 0.26 0.56 
Loss: 0.939162  SIA Ef: -0.076449 Binding: -0.44 0.11 -0.03 0.14 0.21 0.37 0.19 0.30 0.02 -0.45 -0.22  Rvol: 0.51 0.89 1.32 -0.33 -0.20 0.10 0.38 0.14 0.75 1.25 1.52 -0.28 -0.07 0.26 0.56 
Loss: 0.939048  SIA Ef: -0.076918 Binding: -0.44 0.11 -0.03 0.14 0.21 0.37 0.19 0.30 0.02 -0.45 -0.22  Rvol: 0.51 0.89 1.32 -0.33 -0.20 0.10 0.38 0.14 0.75 1.25 1.52 -0.28 -0.07 0.26 0.56 
Loss: 0.939286  SIA Ef: -0.078749 Binding: -0.44 0.11 -0.03 0.14 0.21 0.37 0.19 0.30 0.02 -0.45 -0.22  Rvol: 0.51 0.89 1.32 -0.33 -0.20 0.10 0.38 0.14 0.75 1.25 1.52 -0.28 -0.07 0.26 0.56 
Loss: 0.939116  SIA Ef: -0.077324 Binding: -0.44 0.11 -0.03 0.14 0.21 0.37 0.19 0.30 0.02 -0.45 -0.22  Rvol: 0.51 0.89 1.32 -0.33 -0.20 0.10 0.38 0.14 0.75 1.25 1.52 -0.28 -0.07 0.26 0.56 
Loss: 0.941456  SIA Ef: -0.074838 Binding: -0.44 0.11 -0.02 0.14 0.21 0.38 0.19 0.30 0.01 -0.45 -0.22  Rvol: 0.51 0.89 1.32 -0.33 -0.20 0.10 0.38 0.14 0.75 1.25 1.52 -0.28 -0.07 0.26 0.56 
Loss: 0.939060  SIA Ef: -0.075890 Binding: -0.44 0.11 -0.03 0.14 0.21 0.37 0.19 0.30 0.02 -0.45 -0.22  Rvol: 0.51 0.89 1.32 -0.33 -0.20 0.10 0.38 0.14 0.75 1.25 1.52 -0.28 -0.07 0.26 0.56 
Loss: 0.939156  SIA Ef: -0.078226 Binding: -0.44 0.11 -0.03 0.14 0.21 0.37 0.19 0.30 0.02 -0.45 -0.22  Rvol: 0.51 0.89 1.32 -0.33 -0.20 0.10 0.38 0.14 0.75 1.25 1.52 -0.28 -0.07 0.26 0.56 
Loss: 0.939050  SIA Ef: -0.076956 Binding: -0.44 0.11 -0.03 0.14 0.21 0.37 0.19 0.30 0.02 -0.45 -0.22  Rvol: 0.51 0.89 1.32 -0.33 -0.20 0.10 0.38 0.14 0.75 1.25 1.52 -0.28 -0.07 0.26 0.56 
Loss: 0.939105  SIA Ef: -0.077723 Binding: -0.44 0.11 -0.03 0.14 0.21 0.37 0.19 0.30 0.02 -0.45 -0.22  Rvol: 0.51 0.89 1.32 -0.33 -0.20 0.10 0.38 0.14 0.75 1.25 1.52 -0.28 -0.07 0.26 0.56 
Loss: 0.939051  SIA Ef: -0.076427 Binding: -0.44 0.11 -0.03 0.14 0.21 0.37 0.19 0.30 0.02 -0.45 -0.22  Rvol: 0.51 0.89 1.32 -0.33 -0.20 0.10 0.38 0.14 0.75 1.25 1.52 -0.28 -0.07 0.26 0.56 
Loss: 0.939285  SIA Ef: -0.077304 Binding: -0.44 0.11 -0.03 0.14 0.21 0.37 0.19 0.30 0.02 -0.45 -0.22  Rvol: 0.51 0.89 1.32 -0.33 -0.20 0.10 0.38 0.14 0.75 1.25 1.52 -0.28 -0.07 0.26 0.56 
Loss: 0.939098  SIA Ef: -0.076734 Binding: -0.44 0.11 -0.03 0.14 0.21 0.37 0.19 0.30 0.02 -0.45 -0.22  Rvol: 0.51 0.89 1.32 -0.33 -0.20 0.10 0.38 0.14 0.75 1.25 1.52 -0.28 -0.07 0.26 0.56 
Loss: 0.939056  SIA Ef: -0.077122 Binding: -0.44 0.11 -0.03 0.14 0.21 0.37 0.19 0.30 0.02 -0.45 -0.22  Rvol: 0.51 0.89 1.32 -0.33 -0.20 0.10 0.38 0.14 0.75 1.25 1.52 -0.28 -0.07 0.26 0.56 
Loss: 0.939187  SIA Ef: -0.077572 Binding: -0.44 0.11 -0.03 0.14 0.21 0.37 0.19 0.30 0.02 -0.45 -0.22  Rvol: 0.51 0.89 1.32 -0.33 -0.20 0.10 0.38 0.14 0.75 1.25 1.52 -0.28 -0.07 0.26 0.56 
Loss: 0.939041  SIA Ef: -0.076745 Binding: -0.44 0.11 -0.03 0.14 0.21 0.37 0.19 0.30 0.02 -0.45 -0.22  Rvol: 0.51 0.89 1.32 -0.33 -0.20 0.10 0.38 0.14 0.75 1.25 1.52 -0.28 -0.07 0.26 0.56 
Loss: 0.941636  SIA Ef: -0.075960 Binding: -0.44 0.11 -0.03 0.14 0.21 0.38 0.19 0.30 0.02 -0.45 -0.22  Rvol: 0.51 0.89 1.32 -0.33 -0.20 0.10 0.38 0.14 0.75 1.25 1.52 -0.28 -0.07 0.26 0.56 
Loss: 0.939042  SIA Ef: -0.076980 Binding: -0.44 0.11 -0.03 0.14 0.21 0.37 0.19 0.30 0.02 -0.45 -0.22  Rvol: 0.51 0.89 1.32 -0.33 -0.20 0.10 0.38 0.14 0.75 1.25 1.52 -0.28 -0.07 0.26 0.56 
Loss: 0.939102  SIA Ef: -0.077033 Binding: -0.44 0.11 -0.03 0.14 0.21 0.37 0.19 0.30 0.02 -0.45 -0.22  Rvol: 0.51 0.89 1.32 -0.33 -0.20 0.10 0.38 0.14 0.75 1.25 1.52 -0.28 -0.07 0.26 0.56 
