Start Optimization 
Loss: 3.104301  SIA Ef: 0.653796 Binding: -0.42 0.10 0.82 0.47 0.29 0.56 0.78 0.39 0.06 -0.08 0.04  Rvol: 0.51 0.94 1.43 -0.33 -0.08 0.27 0.54 0.14 0.77 1.36 1.61 -0.28 0.02 0.36 0.59 
Loss: 3.126563  SIA Ef: 0.713251 Binding: -0.41 0.11 0.83 0.48 0.31 0.54 0.74 0.35 0.04 -0.12 -0.01  Rvol: 0.51 0.95 1.44 -0.33 -0.08 0.28 0.55 0.14 0.78 1.37 1.62 -0.28 0.02 0.37 0.60 
Loss: 79.623375  SIA Ef: 5.170054 Binding: 1.32 2.27 5.23 3.01 2.00 0.76 0.38 0.94 -0.21 -0.19 0.14  Rvol: 0.74 1.56 2.29 -0.33 0.22 0.73 1.14 0.14 0.98 1.86 2.43 -0.28 0.33 0.83 1.30 
Loss: 40.574069  SIA Ef: 1.301078 Binding: 0.43 0.13 -4.57 1.68 1.42 0.81 0.47 0.76 3.00 0.00 1.09  Rvol: 0.52 1.15 1.69 -0.33 0.04 0.46 0.91 0.14 0.80 1.34 1.77 -0.28 0.14 0.46 0.98 
Loss: 259.074816  SIA Ef: 12.836712 Binding: 2.25 0.07 8.60 2.52 0.27 1.24 0.07 0.01 -0.44 -0.52 -0.35  Rvol: 1.30 2.13 3.07 -0.33 -0.07 0.23 0.75 0.14 1.50 2.67 3.47 -0.28 0.09 0.40 0.92 
Loss: 17.421125  SIA Ef: 0.653796 Binding: -0.42 0.10 0.82 0.47 0.29 -0.34 -1.04 -1.90 -0.86 -1.96 -2.46  Rvol: 0.51 0.94 1.43 -0.33 -0.08 0.27 0.54 0.14 0.81 1.39 1.66 -0.28 0.03 0.39 0.75 
Loss: 2.990409  SIA Ef: 0.653796 Binding: -0.42 0.10 0.82 0.47 0.29 0.55 0.75 0.30 0.07 -0.05 -0.05  Rvol: 0.51 0.94 1.43 -0.33 -0.08 0.27 0.54 0.14 0.76 1.33 1.57 -0.28 0.00 0.34 0.56 
Loss: 2.927672  SIA Ef: 0.653796 Binding: -0.42 0.10 0.82 0.47 0.29 0.54 0.73 0.26 0.05 -0.09 -0.06  Rvol: 0.51 0.94 1.43 -0.33 -0.08 0.27 0.54 0.14 0.76 1.34 1.60 -0.28 0.01 0.34 0.56 
Loss: 3.132822  SIA Ef: 0.653796 Binding: -0.02 0.07 0.82 -0.37 -0.29 0.54 0.57 0.74 0.05 -0.01 -0.00  Rvol: 0.51 1.12 1.53 -0.33 -0.08 0.27 0.61 0.14 0.76 1.36 1.75 -0.28 0.01 0.31 0.60 
Loss: 3.080173  SIA Ef: 0.653796 Binding: -0.16 -0.71 0.82 0.51 -0.13 0.54 -0.61 0.11 0.05 -0.12 -0.22  Rvol: 0.51 1.10 1.30 -0.33 -0.08 0.27 0.54 0.14 0.76 1.11 1.53 -0.28 0.01 0.36 0.61 
Loss: 3.061204  SIA Ef: 0.653796 Binding: -0.32 0.27 0.82 0.51 0.56 0.54 0.61 0.34 0.05 -0.07 -0.08  Rvol: 0.51 0.94 1.40 -0.33 -0.08 0.27 0.55 0.14 0.76 1.30 1.61 -0.28 0.01 0.34 0.58 
Loss: 258.930418  SIA Ef: -15.041730 Binding: -0.36 -0.94 -4.24 1.47 -0.03 0.18 0.06 0.10 2.50 -0.34 0.55  Rvol: -0.10 -0.24 -0.51 -0.33 -0.30 -0.67 -0.50 0.14 0.02 -0.16 -0.38 -0.28 -0.30 -0.63 -0.38 
Loss: 16.670074  SIA Ef: 1.991698 Binding: 0.62 0.20 2.56 1.56 1.02 0.65 -0.12 0.67 -0.05 -0.12 -0.13  Rvol: 0.55 1.27 1.62 -0.33 0.08 0.51 0.78 0.14 0.87 1.40 1.86 -0.28 0.16 0.58 0.90 
Loss: 2.926385  SIA Ef: 0.639200 Binding: -0.42 0.10 0.82 0.47 0.29 0.55 0.74 0.28 0.06 -0.08 -0.04  Rvol: 0.51 0.94 1.43 -0.33 -0.08 0.27 0.54 0.14 0.76 1.34 1.60 -0.28 0.01 0.34 0.56 
Loss: 41.794461  SIA Ef: 0.767190 Binding: -0.39 0.64 -4.03 3.32 0.10 0.70 1.10 0.72 2.86 -1.40 0.62  Rvol: 0.44 0.83 1.51 -0.33 -0.05 0.38 0.62 0.14 0.76 1.26 1.63 -0.28 0.04 0.28 0.67 
Loss: 6.471494  SIA Ef: 0.826415 Binding: -0.42 0.08 0.93 0.48 0.24 0.79 1.24 1.05 0.29 0.43 0.68  Rvol: 0.52 0.96 1.45 -0.33 -0.08 0.27 0.55 0.14 0.77 1.35 1.62 -0.28 0.01 0.34 0.58 
Loss: 82.170867  SIA Ef: 6.668494 Binding: 0.29 0.24 5.63 1.51 -0.16 0.32 -0.19 0.10 -0.32 -0.38 -0.41  Rvol: 0.92 1.70 2.37 -0.33 -0.10 0.21 0.68 0.14 1.13 1.98 2.63 -0.28 0.04 0.35 0.86 
Loss: 2.959887  SIA Ef: 0.637607 Binding: -0.42 0.10 0.82 0.47 0.29 0.55 0.76 0.30 0.07 -0.05 -0.04  Rvol: 0.51 0.94 1.43 -0.33 -0.08 0.27 0.54 0.14 0.76 1.33 1.58 -0.28 0.01 0.34 0.56 
Loss: 46.458338  SIA Ef: -6.321475 Binding: 0.28 -0.49 -1.39 1.29 0.21 0.63 -0.13 -0.20 0.98 -0.75 0.42  Rvol: 0.19 0.77 0.62 -0.33 -0.10 0.01 0.02 0.14 0.57 0.87 0.63 -0.28 -0.15 -0.02 0.04 
Loss: 9.361031  SIA Ef: -2.801518 Binding: 0.13 -0.36 -0.27 0.44 0.66 0.61 0.16 0.00 0.32 -0.05 0.18  Rvol: 0.35 0.94 1.02 -0.33 -0.09 0.16 0.30 0.14 0.67 1.11 1.12 -0.28 -0.04 0.20 0.29 
Loss: 2.925917  SIA Ef: 0.639780 Binding: -0.42 0.10 0.82 0.47 0.29 0.55 0.74 0.28 0.06 -0.08 -0.04  Rvol: 0.51 0.94 1.43 -0.33 -0.08 0.27 0.54 0.14 0.76 1.34 1.60 -0.28 0.01 0.34 0.56 
Loss: 20.177986  SIA Ef: 2.311235 Binding: -0.24 -0.26 3.49 0.91 -0.39 0.34 0.12 0.41 -0.23 -0.28 -0.33  Rvol: 0.66 1.26 1.83 -0.33 -0.12 0.20 0.56 0.14 0.79 1.43 2.04 -0.28 -0.00 0.31 0.65 
Loss: 2.619315  SIA Ef: 0.642369 Binding: -0.04 -0.05 0.82 0.59 0.47 0.55 0.34 0.24 0.05 -0.08 -0.07  Rvol: 0.51 1.10 1.39 -0.33 -0.08 0.27 0.54 0.14 0.76 1.34 1.59 -0.28 0.01 0.34 0.57 
Loss: 8.923952  SIA Ef: 1.212720 Binding: 0.34 0.13 2.01 1.17 0.75 0.57 -0.02 0.46 -0.05 -0.13 -0.17  Rvol: 0.53 1.17 1.48 -0.33 -0.01 0.38 0.65 0.14 0.81 1.34 1.71 -0.28 0.08 0.46 0.72 
Loss: 3.321787  SIA Ef: 0.642580 Binding: -0.28 0.37 0.82 0.60 0.58 0.55 0.72 0.29 0.06 -0.08 -0.05  Rvol: 0.51 0.94 1.42 -0.33 -0.08 0.27 0.54 0.14 0.76 1.34 1.60 -0.28 0.01 0.34 0.56 
Loss: 8.987035  SIA Ef: 0.400634 Binding: 0.00 0.12 -1.77 1.57 0.30 0.60 0.45 0.23 1.07 -0.87 0.31  Rvol: 0.46 1.13 1.38 -0.33 -0.07 0.31 0.53 0.14 0.75 1.27 1.55 -0.28 0.01 0.28 0.56 
Loss: 2.584757  SIA Ef: 0.633888 Binding: -0.04 -0.07 0.82 0.59 0.44 0.55 0.36 0.23 0.06 -0.09 -0.07  Rvol: 0.51 1.10 1.39 -0.33 -0.08 0.27 0.54 0.14 0.76 1.34 1.59 -0.28 0.01 0.35 0.57 
Loss: 11.129265  SIA Ef: -2.946037 Binding: 0.20 -0.25 -0.70 0.53 0.86 0.62 0.08 -0.10 0.49 -0.04 0.26  Rvol: 0.34 0.93 0.96 -0.33 -0.09 0.14 0.28 0.14 0.66 1.07 1.04 -0.28 -0.09 0.18 0.28 
Loss: 3.275407  SIA Ef: 0.658451 Binding: -0.03 -0.09 0.91 0.61 0.42 0.64 0.49 0.54 0.14 0.11 0.20  Rvol: 0.51 1.10 1.38 -0.33 -0.09 0.26 0.53 0.14 0.76 1.33 1.59 -0.28 0.00 0.34 0.57 
Loss: 5.981699  SIA Ef: 0.913468 Binding: -0.37 0.35 0.43 0.52 0.58 0.71 1.18 1.16 0.27 0.23 0.47  Rvol: 0.51 0.94 1.50 -0.33 -0.06 0.30 0.59 0.14 0.77 1.35 1.69 -0.28 0.02 0.36 0.59 
Loss: 8.527376  SIA Ef: 1.777895 Binding: -0.33 -0.12 1.87 0.65 0.04 0.44 0.47 0.44 -0.11 -0.19 -0.27  Rvol: 0.59 1.10 1.56 -0.33 -0.10 0.25 0.57 0.14 0.79 1.43 1.82 -0.28 0.00 0.34 0.65 
Loss: 2.580778  SIA Ef: 0.630234 Binding: -0.04 -0.07 0.82 0.59 0.44 0.55 0.36 0.23 0.06 -0.08 -0.07  Rvol: 0.51 1.09 1.39 -0.33 -0.08 0.27 0.54 0.14 0.76 1.34 1.59 -0.28 0.01 0.34 0.57 
Loss: 2.484911  SIA Ef: 0.722265 Binding: -0.01 -0.03 -0.31 0.52 0.74 0.56 0.36 0.03 0.27 -0.07 0.08  Rvol: 0.50 1.15 1.39 -0.33 -0.07 0.28 0.56 0.14 0.77 1.32 1.52 -0.28 -0.00 0.33 0.57 
Loss: 2.489569  SIA Ef: 0.723536 Binding: -0.01 -0.03 -0.30 0.52 0.74 0.56 0.36 0.04 0.27 -0.07 0.09  Rvol: 0.50 1.15 1.39 -0.33 -0.07 0.28 0.56 0.14 0.77 1.32 1.53 -0.28 -0.00 0.33 0.57 
Loss: 3.837087  SIA Ef: 1.209241 Binding: 0.17 -0.02 0.20 0.73 0.85 0.55 0.15 0.08 0.16 -0.11 -0.05  Rvol: 0.51 1.19 1.41 -0.33 -0.03 0.34 0.62 0.14 0.79 1.36 1.60 -0.28 0.04 0.40 0.62 
Loss: 1.935481  SIA Ef: 0.345190 Binding: 0.05 -0.09 -0.35 0.52 0.74 0.53 0.20 -0.10 0.25 -0.14 -0.01  Rvol: 0.48 1.13 1.32 -0.33 -0.08 0.26 0.53 0.14 0.75 1.28 1.47 -0.28 -0.01 0.32 0.53 
Loss: 7.272405  SIA Ef: -1.407999 Binding: 0.11 -0.10 -1.48 0.67 1.04 0.59 0.19 -0.20 0.91 -0.08 0.29  Rvol: 0.39 1.02 1.13 -0.33 -0.07 0.19 0.39 0.14 0.70 1.17 1.20 -0.28 -0.05 0.21 0.41 
Loss: 1.936192  SIA Ef: 0.345532 Binding: 0.05 -0.09 -0.35 0.52 0.74 0.53 0.20 -0.09 0.26 -0.14 -0.01  Rvol: 0.48 1.13 1.32 -0.33 -0.08 0.26 0.53 0.14 0.75 1.29 1.47 -0.28 -0.01 0.32 0.53 
Loss: 4.400305  SIA Ef: 1.593354 Binding: -0.39 0.14 0.47 0.46 0.38 0.42 0.45 -0.08 -0.02 -0.28 -0.36  Rvol: 0.55 1.01 1.49 -0.33 -0.10 0.27 0.59 0.14 0.79 1.39 1.69 -0.28 -0.00 0.35 0.62 
Loss: 2.305758  SIA Ef: 0.639720 Binding: 0.12 -0.07 -0.06 0.62 0.78 0.52 0.10 -0.07 0.18 -0.17 -0.10  Rvol: 0.49 1.15 1.34 -0.33 -0.06 0.30 0.56 0.14 0.77 1.32 1.52 -0.28 0.01 0.35 0.56 
Loss: 2.012864  SIA Ef: 0.344808 Binding: 0.08 -0.06 -0.35 0.55 0.78 0.53 0.19 -0.10 0.26 -0.14 -0.02  Rvol: 0.48 1.13 1.32 -0.33 -0.08 0.26 0.53 0.14 0.75 1.28 1.47 -0.28 -0.01 0.32 0.53 
Loss: 2.079661  SIA Ef: 0.370430 Binding: 0.04 0.00 -0.35 0.54 0.80 0.53 0.25 -0.08 0.25 -0.14 -0.02  Rvol: 0.48 1.13 1.34 -0.33 -0.08 0.26 0.53 0.14 0.75 1.29 1.48 -0.28 -0.01 0.31 0.53 
Loss: 1.933834  SIA Ef: 0.343433 Binding: 0.05 -0.09 -0.35 0.52 0.74 0.54 0.20 -0.09 0.26 -0.14 -0.01  Rvol: 0.48 1.13 1.32 -0.33 -0.08 0.26 0.53 0.14 0.75 1.28 1.47 -0.28 -0.01 0.32 0.53 
Loss: 1.969116  SIA Ef: 0.387477 Binding: 0.05 -0.10 -0.30 0.52 0.72 0.58 0.27 0.05 0.28 -0.05 0.11  Rvol: 0.48 1.13 1.32 -0.33 -0.08 0.26 0.53 0.14 0.75 1.28 1.47 -0.28 -0.01 0.32 0.53 
Loss: 2.424399  SIA Ef: 0.354141 Binding: 0.04 -0.06 -0.64 0.53 0.82 0.54 0.22 -0.14 0.36 -0.13 0.04  Rvol: 0.48 1.11 1.32 -0.33 -0.07 0.26 0.53 0.14 0.75 1.28 1.45 -0.28 -0.03 0.31 0.53 
Loss: 2.142411  SIA Ef: -0.435531 Binding: 0.08 -0.13 -0.50 0.53 0.79 0.56 0.17 -0.11 0.32 -0.11 0.06  Rvol: 0.44 1.07 1.24 -0.33 -0.08 0.24 0.47 0.14 0.73 1.22 1.36 -0.28 -0.02 0.28 0.47 
Loss: 1.748130  SIA Ef: 0.519416 Binding: 0.00 -0.11 -0.06 0.50 0.63 0.51 0.20 -0.08 0.16 -0.17 -0.11  Rvol: 0.49 1.13 1.35 -0.33 -0.08 0.26 0.53 0.14 0.76 1.31 1.51 -0.28 -0.00 0.32 0.54 
Loss: 1.874516  SIA Ef: 0.653135 Binding: -0.03 -0.10 0.06 0.49 0.58 0.52 0.25 -0.03 0.14 -0.15 -0.10  Rvol: 0.50 1.13 1.38 -0.33 -0.08 0.27 0.54 0.14 0.76 1.32 1.54 -0.28 -0.00 0.33 0.55 
Loss: 1.735189  SIA Ef: 0.512017 Binding: -0.02 -0.09 -0.11 0.48 0.62 0.52 0.24 -0.07 0.17 -0.16 -0.08  Rvol: 0.49 1.13 1.36 -0.33 -0.08 0.26 0.53 0.14 0.76 1.30 1.51 -0.28 -0.01 0.32 0.54 
Loss: 1.997866  SIA Ef: 0.721885 Binding: -0.02 -0.10 0.16 0.51 0.57 0.51 0.24 -0.01 0.11 -0.16 -0.12  Rvol: 0.51 1.13 1.38 -0.33 -0.08 0.27 0.55 0.14 0.77 1.33 1.55 -0.28 0.00 0.34 0.56 
Loss: 1.735256  SIA Ef: 0.511963 Binding: -0.02 -0.09 -0.11 0.48 0.62 0.52 0.24 -0.07 0.17 -0.16 -0.08  Rvol: 0.49 1.13 1.36 -0.33 -0.08 0.26 0.53 0.14 0.76 1.30 1.51 -0.28 -0.01 0.32 0.54 
Loss: 1.760001  SIA Ef: 0.520550 Binding: -0.03 -0.05 -0.08 0.48 0.63 0.51 0.27 -0.06 0.16 -0.16 -0.09  Rvol: 0.50 1.12 1.36 -0.33 -0.09 0.26 0.53 0.14 0.76 1.30 1.52 -0.28 -0.01 0.32 0.54 
Loss: 1.729215  SIA Ef: 0.491727 Binding: -0.02 -0.09 -0.13 0.48 0.63 0.51 0.23 -0.11 0.16 -0.18 -0.11  Rvol: 0.49 1.13 1.36 -0.33 -0.08 0.26 0.53 0.14 0.76 1.30 1.51 -0.28 -0.01 0.32 0.54 
Loss: 1.444656  SIA Ef: 0.124317 Binding: -0.01 -0.12 -0.18 0.47 0.62 0.51 0.20 -0.13 0.18 -0.18 -0.10  Rvol: 0.48 1.11 1.31 -0.33 -0.09 0.24 0.50 0.14 0.75 1.28 1.46 -0.28 -0.01 0.30 0.51 
Loss: 1.407593  SIA Ef: -0.093944 Binding: -0.03 -0.15 -0.29 0.43 0.60 0.50 0.18 -0.18 0.19 -0.20 -0.11  Rvol: 0.47 1.10 1.29 -0.33 -0.10 0.23 0.48 0.14 0.74 1.26 1.43 -0.28 -0.02 0.29 0.49 
Loss: 1.381025  SIA Ef: -0.083064 Binding: -0.04 -0.16 -0.28 0.42 0.58 0.50 0.19 -0.18 0.19 -0.20 -0.11  Rvol: 0.47 1.10 1.29 -0.33 -0.09 0.23 0.48 0.14 0.74 1.26 1.43 -0.28 -0.02 0.29 0.49 
Loss: 1.265481  SIA Ef: -0.192183 Binding: -0.02 -0.19 -0.08 0.43 0.53 0.50 0.15 -0.16 0.14 -0.21 -0.15  Rvol: 0.47 1.09 1.28 -0.33 -0.10 0.23 0.48 0.14 0.74 1.26 1.43 -0.28 -0.02 0.29 0.48 
Loss: 1.571971  SIA Ef: -0.473019 Binding: 0.02 -0.21 -0.26 0.44 0.59 0.51 0.13 -0.17 0.20 -0.19 -0.09  Rvol: 0.45 1.08 1.24 -0.33 -0.09 0.22 0.46 0.14 0.73 1.24 1.38 -0.28 -0.02 0.28 0.46 
Loss: 1.389130  SIA Ef: -0.279557 Binding: 0.00 -0.20 -0.19 0.44 0.58 0.50 0.13 -0.18 0.17 -0.21 -0.13  Rvol: 0.46 1.09 1.27 -0.33 -0.09 0.23 0.47 0.14 0.74 1.25 1.41 -0.28 -0.02 0.29 0.47 
Loss: 1.217401  SIA Ef: -0.241253 Binding: -0.03 -0.22 0.01 0.42 0.49 0.50 0.17 -0.13 0.13 -0.20 -0.14  Rvol: 0.47 1.08 1.28 -0.33 -0.10 0.23 0.47 0.14 0.74 1.26 1.43 -0.28 -0.02 0.29 0.48 
Loss: 1.216129  SIA Ef: -0.231152 Binding: -0.03 -0.23 -0.00 0.42 0.49 0.50 0.16 -0.14 0.13 -0.20 -0.14  Rvol: 0.47 1.09 1.28 -0.33 -0.10 0.23 0.47 0.14 0.74 1.26 1.43 -0.28 -0.02 0.29 0.48 
Loss: 1.184199  SIA Ef: -0.090849 Binding: -0.06 -0.22 0.13 0.42 0.44 0.47 0.14 -0.18 0.07 -0.25 -0.24  Rvol: 0.47 1.08 1.30 -0.33 -0.10 0.23 0.48 0.14 0.74 1.28 1.46 -0.28 -0.01 0.30 0.49 
Loss: 1.143751  SIA Ef: -0.080845 Binding: -0.08 -0.21 0.09 0.40 0.43 0.48 0.19 -0.17 0.09 -0.24 -0.21  Rvol: 0.47 1.07 1.31 -0.33 -0.10 0.23 0.48 0.14 0.74 1.27 1.46 -0.28 -0.02 0.29 0.49 
Loss: 1.169436  SIA Ef: 0.061796 Binding: -0.12 -0.20 0.24 0.40 0.38 0.47 0.20 -0.14 0.05 -0.25 -0.25  Rvol: 0.48 1.07 1.33 -0.33 -0.10 0.23 0.49 0.14 0.74 1.29 1.49 -0.28 -0.01 0.30 0.50 
Loss: 1.133078  SIA Ef: -0.171786 Binding: -0.09 -0.22 0.04 0.38 0.42 0.47 0.18 -0.20 0.09 -0.25 -0.22  Rvol: 0.47 1.07 1.30 -0.33 -0.10 0.22 0.47 0.14 0.74 1.26 1.45 -0.28 -0.02 0.29 0.48 
Loss: 1.168396  SIA Ef: 0.116495 Binding: -0.16 -0.20 0.30 0.38 0.32 0.46 0.24 -0.13 0.03 -0.25 -0.26  Rvol: 0.49 1.06 1.34 -0.33 -0.11 0.22 0.48 0.14 0.75 1.29 1.50 -0.28 -0.02 0.29 0.50 
Loss: 1.126049  SIA Ef: -0.171244 Binding: -0.10 -0.23 0.02 0.37 0.41 0.47 0.19 -0.19 0.09 -0.25 -0.21  Rvol: 0.47 1.07 1.30 -0.33 -0.10 0.22 0.47 0.14 0.74 1.26 1.45 -0.28 -0.02 0.29 0.48 
Loss: 1.147821  SIA Ef: -0.308531 Binding: -0.11 -0.24 0.05 0.36 0.39 0.48 0.21 -0.18 0.09 -0.24 -0.20  Rvol: 0.47 1.06 1.29 -0.33 -0.11 0.21 0.46 0.14 0.73 1.25 1.44 -0.28 -0.02 0.28 0.47 
Loss: 1.116938  SIA Ef: -0.079296 Binding: -0.11 -0.22 -0.02 0.36 0.41 0.47 0.21 -0.19 0.10 -0.24 -0.20  Rvol: 0.47 1.07 1.31 -0.33 -0.10 0.22 0.48 0.14 0.74 1.26 1.46 -0.28 -0.02 0.29 0.48 
Loss: 1.139482  SIA Ef: -0.147216 Binding: -0.14 -0.21 -0.14 0.33 0.42 0.48 0.25 -0.19 0.13 -0.23 -0.17  Rvol: 0.47 1.07 1.32 -0.33 -0.11 0.22 0.47 0.14 0.74 1.25 1.45 -0.28 -0.03 0.28 0.48 
Loss: 1.164418  SIA Ef: -0.094115 Binding: -0.12 -0.21 -0.13 0.35 0.44 0.47 0.21 -0.22 0.12 -0.25 -0.19  Rvol: 0.47 1.08 1.31 -0.33 -0.10 0.22 0.48 0.14 0.74 1.26 1.45 -0.28 -0.02 0.28 0.48 
Loss: 1.118046  SIA Ef: -0.071721 Binding: -0.11 -0.23 -0.03 0.36 0.41 0.47 0.20 -0.20 0.10 -0.25 -0.20  Rvol: 0.47 1.08 1.31 -0.33 -0.10 0.22 0.48 0.14 0.74 1.27 1.46 -0.28 -0.02 0.29 0.48 
Loss: 1.097351  SIA Ef: -0.012800 Binding: -0.13 -0.22 0.05 0.36 0.39 0.47 0.22 -0.18 0.08 -0.25 -0.22  Rvol: 0.48 1.07 1.32 -0.33 -0.10 0.22 0.48 0.14 0.74 1.27 1.47 -0.28 -0.02 0.29 0.49 
Loss: 1.105277  SIA Ef: -0.081817 Binding: -0.11 -0.22 -0.02 0.36 0.41 0.48 0.21 -0.18 0.11 -0.24 -0.19  Rvol: 0.47 1.07 1.31 -0.33 -0.10 0.22 0.48 0.14 0.74 1.26 1.46 -0.28 -0.02 0.29 0.48 
Loss: 1.094308  SIA Ef: 0.088581 Binding: -0.16 -0.21 0.13 0.36 0.35 0.47 0.25 -0.14 0.07 -0.23 -0.21  Rvol: 0.49 1.07 1.34 -0.33 -0.11 0.22 0.48 0.14 0.74 1.28 1.49 -0.28 -0.02 0.29 0.50 
Loss: 1.081127  SIA Ef: 0.060947 Binding: -0.16 -0.21 0.13 0.35 0.34 0.48 0.26 -0.13 0.07 -0.23 -0.21  Rvol: 0.48 1.07 1.33 -0.33 -0.11 0.22 0.48 0.14 0.74 1.28 1.49 -0.28 -0.02 0.29 0.49 
Loss: 1.107617  SIA Ef: 0.071072 Binding: -0.18 -0.22 0.23 0.36 0.31 0.47 0.26 -0.13 0.05 -0.23 -0.23  Rvol: 0.48 1.06 1.34 -0.33 -0.11 0.22 0.48 0.14 0.74 1.28 1.49 -0.28 -0.02 0.29 0.49 
Loss: 1.058225  SIA Ef: 0.015073 Binding: -0.17 -0.22 0.10 0.34 0.34 0.48 0.27 -0.14 0.08 -0.23 -0.20  Rvol: 0.48 1.06 1.33 -0.33 -0.11 0.22 0.48 0.14 0.74 1.27 1.48 -0.28 -0.02 0.29 0.49 
Loss: 1.417930  SIA Ef: 0.047741 Binding: -0.47 0.09 0.10 0.33 0.33 0.48 0.59 -0.12 0.08 -0.22 -0.19  Rvol: 0.48 0.87 1.34 -0.33 -0.11 0.22 0.48 0.14 0.74 1.27 1.49 -0.28 -0.02 0.29 0.49 
Loss: 1.060954  SIA Ef: 0.016527 Binding: -0.17 -0.21 0.11 0.34 0.34 0.47 0.26 -0.14 0.07 -0.23 -0.21  Rvol: 0.48 1.06 1.33 -0.33 -0.11 0.22 0.48 0.14 0.74 1.27 1.48 -0.28 -0.02 0.29 0.49 
Loss: 1.044219  SIA Ef: -0.018607 Binding: -0.17 -0.22 0.06 0.33 0.33 0.47 0.25 -0.17 0.08 -0.24 -0.22  Rvol: 0.48 1.06 1.33 -0.33 -0.11 0.22 0.47 0.14 0.74 1.27 1.48 -0.28 -0.02 0.28 0.49 
Loss: 1.374476  SIA Ef: -0.017366 Binding: -0.48 0.08 0.04 0.32 0.33 0.47 0.56 -0.17 0.08 -0.24 -0.21  Rvol: 0.48 0.87 1.33 -0.33 -0.11 0.21 0.47 0.14 0.74 1.26 1.48 -0.28 -0.03 0.28 0.48 
Loss: 1.043962  SIA Ef: -0.015164 Binding: -0.17 -0.22 0.04 0.33 0.34 0.47 0.26 -0.17 0.09 -0.24 -0.21  Rvol: 0.48 1.06 1.33 -0.33 -0.11 0.22 0.48 0.14 0.74 1.27 1.48 -0.28 -0.02 0.28 0.49 
Loss: 1.043942  SIA Ef: -0.096010 Binding: -0.16 -0.23 0.00 0.33 0.35 0.48 0.25 -0.17 0.10 -0.23 -0.19  Rvol: 0.48 1.06 1.31 -0.33 -0.11 0.21 0.47 0.14 0.74 1.26 1.46 -0.28 -0.03 0.28 0.48 
Loss: 1.044685  SIA Ef: -0.101651 Binding: -0.16 -0.23 0.00 0.33 0.36 0.48 0.25 -0.16 0.10 -0.23 -0.19  Rvol: 0.48 1.06 1.31 -0.33 -0.11 0.21 0.47 0.14 0.74 1.26 1.46 -0.28 -0.03 0.28 0.48 
Loss: 1.052435  SIA Ef: -0.122674 Binding: -0.15 -0.24 -0.02 0.33 0.36 0.48 0.24 -0.17 0.10 -0.23 -0.19  Rvol: 0.48 1.06 1.31 -0.33 -0.11 0.21 0.47 0.14 0.74 1.26 1.46 -0.28 -0.03 0.28 0.48 
Loss: 1.034465  SIA Ef: -0.070148 Binding: -0.16 -0.23 0.03 0.33 0.34 0.48 0.25 -0.16 0.09 -0.22 -0.19  Rvol: 0.48 1.06 1.32 -0.33 -0.11 0.21 0.47 0.14 0.74 1.26 1.47 -0.28 -0.03 0.28 0.48 
Loss: 1.034739  SIA Ef: -0.062922 Binding: -0.16 -0.24 0.07 0.33 0.33 0.47 0.24 -0.16 0.08 -0.23 -0.21  Rvol: 0.48 1.06 1.32 -0.33 -0.11 0.21 0.47 0.14 0.74 1.26 1.47 -0.28 -0.02 0.28 0.48 
Loss: 1.035470  SIA Ef: -0.069634 Binding: -0.16 -0.23 0.02 0.33 0.34 0.48 0.25 -0.16 0.09 -0.23 -0.19  Rvol: 0.48 1.06 1.32 -0.33 -0.11 0.21 0.47 0.14 0.74 1.26 1.47 -0.28 -0.03 0.28 0.48 
Loss: 1.045557  SIA Ef: -0.018886 Binding: -0.15 -0.23 0.06 0.34 0.35 0.48 0.24 -0.15 0.09 -0.23 -0.19  Rvol: 0.48 1.07 1.32 -0.33 -0.11 0.22 0.48 0.14 0.74 1.27 1.47 -0.28 -0.02 0.28 0.49 
Loss: 1.034621  SIA Ef: -0.070766 Binding: -0.17 -0.23 0.02 0.33 0.34 0.48 0.26 -0.16 0.10 -0.22 -0.19  Rvol: 0.48 1.06 1.32 -0.33 -0.11 0.21 0.47 0.14 0.74 1.26 1.47 -0.28 -0.03 0.28 0.48 
Loss: 1.019711  SIA Ef: -0.049881 Binding: -0.18 -0.23 0.05 0.32 0.32 0.48 0.27 -0.14 0.09 -0.22 -0.19  Rvol: 0.48 1.06 1.32 -0.33 -0.11 0.21 0.47 0.14 0.74 1.26 1.47 -0.28 -0.03 0.28 0.48 
Loss: 1.360539  SIA Ef: -0.020277 Binding: -0.48 0.06 0.08 0.32 0.31 0.48 0.58 -0.12 0.09 -0.21 -0.18  Rvol: 0.48 0.87 1.33 -0.33 -0.11 0.21 0.47 0.14 0.74 1.26 1.48 -0.28 -0.03 0.28 0.48 
Loss: 1.019116  SIA Ef: -0.058762 Binding: -0.18 -0.23 0.04 0.32 0.32 0.48 0.27 -0.14 0.09 -0.22 -0.18  Rvol: 0.48 1.06 1.32 -0.33 -0.11 0.21 0.47 0.14 0.74 1.26 1.47 -0.28 -0.03 0.28 0.48 
Loss: 1.018004  SIA Ef: -0.081443 Binding: -0.18 -0.23 0.02 0.31 0.32 0.48 0.26 -0.16 0.09 -0.22 -0.19  Rvol: 0.48 1.06 1.32 -0.33 -0.11 0.21 0.47 0.14 0.74 1.26 1.47 -0.28 -0.03 0.28 0.48 
Loss: 1.010903  SIA Ef: -0.072870 Binding: -0.19 -0.23 0.03 0.31 0.31 0.48 0.27 -0.15 0.09 -0.22 -0.19  Rvol: 0.48 1.05 1.32 -0.33 -0.12 0.21 0.47 0.14 0.74 1.26 1.47 -0.28 -0.03 0.28 0.48 
Loss: 1.339651  SIA Ef: -0.044446 Binding: -0.49 0.06 0.05 0.31 0.30 0.48 0.57 -0.14 0.09 -0.22 -0.19  Rvol: 0.48 0.86 1.32 -0.33 -0.12 0.21 0.47 0.14 0.74 1.26 1.47 -0.28 -0.03 0.28 0.48 
Loss: 1.011858  SIA Ef: -0.071797 Binding: -0.19 -0.23 0.01 0.31 0.32 0.48 0.28 -0.15 0.09 -0.22 -0.18  Rvol: 0.48 1.05 1.32 -0.33 -0.12 0.21 0.47 0.14 0.74 1.26 1.47 -0.28 -0.03 0.28 0.48 
Loss: 1.013800  SIA Ef: -0.109168 Binding: -0.19 -0.24 0.01 0.31 0.32 0.48 0.27 -0.16 0.10 -0.22 -0.18  Rvol: 0.48 1.05 1.31 -0.33 -0.12 0.21 0.47 0.14 0.74 1.26 1.46 -0.28 -0.03 0.27 0.48 
Loss: 1.011354  SIA Ef: -0.053798 Binding: -0.19 -0.23 0.04 0.31 0.31 0.48 0.27 -0.15 0.09 -0.22 -0.19  Rvol: 0.48 1.05 1.32 -0.33 -0.12 0.21 0.47 0.14 0.74 1.26 1.47 -0.28 -0.03 0.28 0.48 
Loss: 1.350645  SIA Ef: -0.082041 Binding: -0.49 0.06 0.02 0.31 0.31 0.48 0.57 -0.15 0.09 -0.22 -0.19  Rvol: 0.48 0.86 1.32 -0.33 -0.12 0.21 0.47 0.14 0.74 1.26 1.47 -0.28 -0.03 0.28 0.48 
Loss: 1.011704  SIA Ef: -0.074237 Binding: -0.19 -0.23 0.02 0.31 0.32 0.48 0.28 -0.15 0.09 -0.22 -0.18  Rvol: 0.48 1.05 1.32 -0.33 -0.12 0.21 0.47 0.14 0.74 1.26 1.47 -0.28 -0.03 0.28 0.48 
Loss: 1.011325  SIA Ef: -0.071451 Binding: -0.19 -0.24 0.03 0.31 0.31 0.48 0.27 -0.16 0.09 -0.23 -0.19  Rvol: 0.48 1.06 1.32 -0.33 -0.12 0.21 0.47 0.14 0.74 1.26 1.47 -0.28 -0.03 0.28 0.48 
Loss: 1.011128  SIA Ef: -0.077707 Binding: -0.19 -0.23 0.03 0.31 0.31 0.48 0.27 -0.15 0.09 -0.22 -0.19  Rvol: 0.48 1.05 1.32 -0.33 -0.12 0.21 0.47 0.14 0.74 1.26 1.47 -0.28 -0.03 0.28 0.48 
Loss: 1.012979  SIA Ef: -0.074468 Binding: -0.19 -0.24 0.02 0.31 0.31 0.48 0.27 -0.15 0.09 -0.22 -0.19  Rvol: 0.48 1.06 1.32 -0.33 -0.12 0.21 0.47 0.14 0.74 1.26 1.47 -0.28 -0.03 0.28 0.48 
Loss: 1.011047  SIA Ef: -0.078804 Binding: -0.19 -0.24 0.02 0.31 0.31 0.48 0.27 -0.15 0.09 -0.22 -0.19  Rvol: 0.48 1.05 1.32 -0.33 -0.12 0.21 0.47 0.14 0.74 1.26 1.47 -0.28 -0.03 0.28 0.48 
Loss: 1.010197  SIA Ef: -0.062809 Binding: -0.18 -0.24 0.04 0.31 0.31 0.48 0.27 -0.15 0.09 -0.22 -0.19  Rvol: 0.48 1.06 1.32 -0.33 -0.12 0.21 0.47 0.14 0.74 1.26 1.47 -0.28 -0.03 0.28 0.48 
Loss: 1.007803  SIA Ef: -0.053916 Binding: -0.19 -0.24 0.05 0.31 0.30 0.48 0.27 -0.14 0.09 -0.22 -0.19  Rvol: 0.48 1.06 1.32 -0.33 -0.12 0.21 0.47 0.14 0.74 1.26 1.47 -0.28 -0.03 0.28 0.48 
Loss: 1.007544  SIA Ef: -0.043391 Binding: -0.19 -0.24 0.07 0.31 0.30 0.48 0.28 -0.14 0.08 -0.22 -0.19  Rvol: 0.48 1.06 1.32 -0.33 -0.12 0.21 0.47 0.14 0.74 1.26 1.47 -0.28 -0.03 0.28 0.48 
Loss: 1.006721  SIA Ef: -0.048347 Binding: -0.19 -0.24 0.07 0.31 0.30 0.48 0.28 -0.14 0.08 -0.22 -0.19  Rvol: 0.48 1.06 1.32 -0.33 -0.12 0.21 0.47 0.14 0.74 1.26 1.47 -0.28 -0.03 0.28 0.48 
Loss: 1.004310  SIA Ef: -0.058520 Binding: -0.19 -0.24 0.07 0.31 0.30 0.48 0.28 -0.14 0.09 -0.22 -0.19  Rvol: 0.48 1.06 1.32 -0.33 -0.12 0.21 0.47 0.14 0.74 1.26 1.47 -0.28 -0.03 0.28 0.48 
Loss: 1.002308  SIA Ef: -0.057490 Binding: -0.19 -0.24 0.06 0.31 0.30 0.48 0.28 -0.14 0.09 -0.22 -0.18  Rvol: 0.48 1.05 1.32 -0.33 -0.12 0.21 0.47 0.14 0.74 1.26 1.47 -0.28 -0.03 0.28 0.48 
Loss: 1.334299  SIA Ef: -0.058618 Binding: -0.49 0.05 0.05 0.30 0.30 0.48 0.57 -0.14 0.09 -0.21 -0.18  Rvol: 0.48 0.86 1.32 -0.33 -0.12 0.21 0.47 0.14 0.74 1.26 1.47 -0.28 -0.03 0.28 0.48 
Loss: 1.334449  SIA Ef: -0.053773 Binding: -0.49 0.05 0.06 0.31 0.29 0.48 0.57 -0.14 0.09 -0.22 -0.18  Rvol: 0.48 0.86 1.32 -0.33 -0.12 0.21 0.47 0.14 0.74 1.26 1.47 -0.28 -0.03 0.28 0.48 
Loss: 1.003133  SIA Ef: -0.051382 Binding: -0.19 -0.24 0.07 0.31 0.29 0.48 0.28 -0.14 0.08 -0.22 -0.19  Rvol: 0.48 1.06 1.32 -0.33 -0.12 0.21 0.47 0.14 0.74 1.26 1.47 -0.28 -0.03 0.28 0.48 
Loss: 1.002660  SIA Ef: -0.056291 Binding: -0.19 -0.24 0.06 0.31 0.30 0.48 0.28 -0.13 0.09 -0.21 -0.18  Rvol: 0.48 1.05 1.32 -0.33 -0.12 0.21 0.47 0.14 0.74 1.26 1.47 -0.28 -0.03 0.28 0.48 
Loss: 1.001598  SIA Ef: -0.071002 Binding: -0.19 -0.24 0.05 0.31 0.30 0.48 0.28 -0.14 0.09 -0.22 -0.18  Rvol: 0.48 1.05 1.32 -0.33 -0.12 0.21 0.47 0.14 0.74 1.26 1.47 -0.28 -0.03 0.28 0.48 
Loss: 1.001521  SIA Ef: -0.072863 Binding: -0.19 -0.24 0.05 0.31 0.30 0.48 0.28 -0.14 0.09 -0.22 -0.18  Rvol: 0.48 1.05 1.32 -0.33 -0.12 0.21 0.47 0.14 0.74 1.26 1.47 -0.28 -0.03 0.28 0.48 
Loss: 1.002289  SIA Ef: -0.088788 Binding: -0.19 -0.24 0.05 0.31 0.30 0.48 0.28 -0.14 0.09 -0.21 -0.18  Rvol: 0.48 1.05 1.31 -0.33 -0.12 0.21 0.47 0.14 0.74 1.26 1.47 -0.28 -0.03 0.27 0.48 
Loss: 1.332400  SIA Ef: -0.067483 Binding: -0.49 0.05 0.06 0.31 0.29 0.48 0.57 -0.14 0.09 -0.22 -0.18  Rvol: 0.48 0.86 1.32 -0.33 -0.12 0.21 0.47 0.14 0.74 1.26 1.47 -0.28 -0.03 0.28 0.48 
Loss: 1.001523  SIA Ef: -0.079189 Binding: -0.19 -0.24 0.04 0.31 0.30 0.48 0.28 -0.14 0.09 -0.22 -0.18  Rvol: 0.48 1.05 1.32 -0.33 -0.12 0.21 0.47 0.14 0.74 1.26 1.47 -0.28 -0.03 0.27 0.48 
Loss: 1.001420  SIA Ef: -0.076921 Binding: -0.19 -0.24 0.05 0.31 0.30 0.48 0.28 -0.14 0.09 -0.22 -0.18  Rvol: 0.48 1.05 1.32 -0.33 -0.12 0.21 0.47 0.14 0.74 1.26 1.47 -0.28 -0.03 0.28 0.48 
Loss: 1.002486  SIA Ef: -0.076500 Binding: -0.19 -0.24 0.05 0.31 0.30 0.48 0.27 -0.14 0.09 -0.22 -0.19  Rvol: 0.48 1.05 1.32 -0.33 -0.12 0.21 0.47 0.14 0.74 1.26 1.47 -0.28 -0.03 0.28 0.48 
Loss: 1.001854  SIA Ef: -0.077281 Binding: -0.19 -0.24 0.05 0.31 0.30 0.48 0.28 -0.14 0.09 -0.22 -0.18  Rvol: 0.48 1.05 1.32 -0.33 -0.12 0.21 0.47 0.14 0.74 1.26 1.47 -0.28 -0.03 0.28 0.48 
Loss: 1.002945  SIA Ef: -0.091551 Binding: -0.19 -0.24 0.03 0.31 0.30 0.48 0.28 -0.14 0.09 -0.22 -0.18  Rvol: 0.48 1.05 1.31 -0.33 -0.12 0.21 0.47 0.14 0.74 1.26 1.47 -0.28 -0.03 0.27 0.48 
Loss: 1.000050  SIA Ef: -0.076846 Binding: -0.19 -0.24 0.05 0.31 0.30 0.48 0.28 -0.14 0.09 -0.22 -0.18  Rvol: 0.48 1.05 1.32 -0.33 -0.12 0.21 0.47 0.14 0.74 1.26 1.47 -0.28 -0.03 0.27 0.48 
Loss: 1.331231  SIA Ef: -0.073635 Binding: -0.49 0.05 0.05 0.30 0.29 0.48 0.57 -0.14 0.09 -0.22 -0.18  Rvol: 0.48 0.86 1.32 -0.33 -0.12 0.21 0.47 0.14 0.74 1.26 1.47 -0.28 -0.03 0.27 0.48 
Loss: 1.000085  SIA Ef: -0.077497 Binding: -0.19 -0.24 0.05 0.31 0.30 0.48 0.28 -0.14 0.09 -0.22 -0.18  Rvol: 0.48 1.05 1.32 -0.33 -0.12 0.21 0.47 0.14 0.74 1.26 1.47 -0.28 -0.03 0.27 0.48 
Loss: 1.000187  SIA Ef: -0.080951 Binding: -0.19 -0.24 0.05 0.31 0.29 0.48 0.28 -0.14 0.09 -0.22 -0.18  Rvol: 0.48 1.05 1.32 -0.33 -0.12 0.21 0.47 0.14 0.74 1.26 1.47 -0.28 -0.03 0.27 0.48 
Loss: 1.000105  SIA Ef: -0.081448 Binding: -0.19 -0.24 0.05 0.31 0.30 0.48 0.28 -0.14 0.09 -0.22 -0.18  Rvol: 0.48 1.05 1.32 -0.33 -0.12 0.21 0.47 0.14 0.74 1.26 1.47 -0.28 -0.03 0.27 0.48 
Loss: 0.999942  SIA Ef: -0.081906 Binding: -0.19 -0.24 0.04 0.30 0.30 0.48 0.28 -0.14 0.09 -0.22 -0.18  Rvol: 0.48 1.05 1.32 -0.33 -0.12 0.21 0.47 0.14 0.74 1.26 1.47 -0.28 -0.03 0.27 0.48 
Loss: 0.999972  SIA Ef: -0.084744 Binding: -0.19 -0.24 0.04 0.30 0.30 0.48 0.28 -0.14 0.09 -0.21 -0.18  Rvol: 0.48 1.05 1.32 -0.33 -0.12 0.21 0.47 0.14 0.74 1.26 1.47 -0.28 -0.03 0.27 0.48 
Loss: 1.000113  SIA Ef: -0.085742 Binding: -0.19 -0.24 0.04 0.30 0.30 0.48 0.28 -0.14 0.09 -0.22 -0.18  Rvol: 0.48 1.05 1.32 -0.33 -0.12 0.21 0.47 0.14 0.74 1.26 1.47 -0.28 -0.03 0.27 0.48 
Loss: 0.999959  SIA Ef: -0.080677 Binding: -0.19 -0.24 0.05 0.30 0.30 0.48 0.28 -0.14 0.09 -0.22 -0.18  Rvol: 0.48 1.05 1.32 -0.33 -0.12 0.21 0.47 0.14 0.74 1.26 1.47 -0.28 -0.03 0.27 0.48 
Loss: 1.000117  SIA Ef: -0.082228 Binding: -0.20 -0.24 0.04 0.30 0.30 0.48 0.28 -0.14 0.09 -0.22 -0.18  Rvol: 0.48 1.05 1.32 -0.33 -0.12 0.21 0.47 0.14 0.74 1.26 1.47 -0.28 -0.03 0.27 0.48 
Loss: 0.999905  SIA Ef: -0.079681 Binding: -0.19 -0.24 0.05 0.30 0.30 0.48 0.28 -0.14 0.09 -0.22 -0.18  Rvol: 0.48 1.05 1.32 -0.33 -0.12 0.21 0.47 0.14 0.74 1.26 1.47 -0.28 -0.03 0.27 0.48 
Loss: 1.000626  SIA Ef: -0.088693 Binding: -0.19 -0.24 0.04 0.30 0.30 0.48 0.28 -0.14 0.09 -0.22 -0.18  Rvol: 0.48 1.05 1.31 -0.33 -0.12 0.21 0.47 0.14 0.74 1.26 1.47 -0.28 -0.03 0.27 0.48 
Loss: 0.999218  SIA Ef: -0.078272 Binding: -0.20 -0.24 0.05 0.30 0.30 0.48 0.28 -0.14 0.09 -0.21 -0.18  Rvol: 0.48 1.05 1.32 -0.33 -0.12 0.21 0.47 0.14 0.74 1.26 1.47 -0.28 -0.03 0.27 0.48 
Loss: 1.332042  SIA Ef: -0.076598 Binding: -0.49 0.05 0.05 0.30 0.29 0.48 0.57 -0.14 0.09 -0.21 -0.18  Rvol: 0.48 0.86 1.32 -0.33 -0.12 0.21 0.47 0.14 0.74 1.26 1.47 -0.28 -0.03 0.27 0.48 
Loss: 0.999237  SIA Ef: -0.077931 Binding: -0.20 -0.24 0.04 0.30 0.30 0.48 0.28 -0.14 0.09 -0.21 -0.18  Rvol: 0.48 1.05 1.32 -0.33 -0.12 0.21 0.47 0.14 0.74 1.26 1.47 -0.28 -0.03 0.27 0.48 
Loss: 1.332019  SIA Ef: -0.076643 Binding: -0.49 0.05 0.05 0.30 0.29 0.48 0.57 -0.14 0.09 -0.21 -0.18  Rvol: 0.48 0.86 1.32 -0.33 -0.12 0.21 0.47 0.14 0.74 1.26 1.47 -0.28 -0.03 0.27 0.48 
Loss: 0.999214  SIA Ef: -0.077092 Binding: -0.20 -0.24 0.05 0.30 0.30 0.48 0.28 -0.14 0.09 -0.21 -0.18  Rvol: 0.48 1.05 1.32 -0.33 -0.12 0.21 0.47 0.14 0.74 1.26 1.47 -0.28 -0.03 0.27 0.48 
Loss: 1.331784  SIA Ef: -0.075445 Binding: -0.49 0.05 0.05 0.30 0.29 0.48 0.57 -0.14 0.09 -0.21 -0.18  Rvol: 0.48 0.86 1.32 -0.33 -0.12 0.21 0.47 0.14 0.74 1.26 1.47 -0.28 -0.03 0.27 0.48 
Loss: 0.999223  SIA Ef: -0.077976 Binding: -0.20 -0.24 0.05 0.30 0.30 0.48 0.28 -0.14 0.09 -0.21 -0.18  Rvol: 0.48 1.05 1.32 -0.33 -0.12 0.21 0.47 0.14 0.74 1.26 1.47 -0.28 -0.03 0.27 0.48 
Loss: 0.999671  SIA Ef: -0.073543 Binding: -0.20 -0.24 0.05 0.30 0.30 0.48 0.28 -0.14 0.09 -0.21 -0.18  Rvol: 0.48 1.05 1.32 -0.33 -0.12 0.21 0.47 0.14 0.74 1.26 1.47 -0.28 -0.03 0.28 0.48 
Loss: 0.999217  SIA Ef: -0.077334 Binding: -0.20 -0.24 0.05 0.30 0.30 0.48 0.28 -0.14 0.09 -0.21 -0.18  Rvol: 0.48 1.05 1.32 -0.33 -0.12 0.21 0.47 0.14 0.74 1.26 1.47 -0.28 -0.03 0.27 0.48 
Loss: 0.999456  SIA Ef: -0.080150 Binding: -0.19 -0.24 0.04 0.30 0.30 0.48 0.28 -0.14 0.09 -0.22 -0.18  Rvol: 0.48 1.05 1.32 -0.33 -0.12 0.21 0.47 0.14 0.74 1.26 1.47 -0.28 -0.03 0.27 0.48 
Loss: 0.999234  SIA Ef: -0.076262 Binding: -0.20 -0.24 0.05 0.30 0.30 0.48 0.28 -0.14 0.09 -0.21 -0.18  Rvol: 0.48 1.05 1.32 -0.33 -0.12 0.21 0.47 0.14 0.74 1.26 1.47 -0.28 -0.03 0.27 0.48 
Loss: 0.999426  SIA Ef: -0.077596 Binding: -0.20 -0.24 0.04 0.30 0.30 0.48 0.28 -0.14 0.09 -0.22 -0.18  Rvol: 0.48 1.05 1.32 -0.33 -0.12 0.21 0.47 0.14 0.74 1.26 1.47 -0.28 -0.03 0.27 0.48 
Loss: 0.999286  SIA Ef: -0.078943 Binding: -0.20 -0.24 0.05 0.30 0.30 0.48 0.28 -0.14 0.09 -0.21 -0.18  Rvol: 0.48 1.05 1.32 -0.33 -0.12 0.21 0.47 0.14 0.74 1.26 1.47 -0.28 -0.03 0.27 0.48 
Loss: 0.999419  SIA Ef: -0.077771 Binding: -0.20 -0.24 0.05 0.30 0.30 0.48 0.28 -0.14 0.09 -0.22 -0.18  Rvol: 0.48 1.05 1.32 -0.33 -0.12 0.21 0.47 0.14 0.74 1.26 1.47 -0.28 -0.03 0.27 0.48 
Loss: 0.999303  SIA Ef: -0.076365 Binding: -0.20 -0.24 0.05 0.30 0.30 0.48 0.28 -0.14 0.09 -0.21 -0.18  Rvol: 0.48 1.05 1.32 -0.33 -0.12 0.21 0.47 0.14 0.74 1.26 1.47 -0.28 -0.03 0.27 0.48 
Loss: 0.999190  SIA Ef: -0.076779 Binding: -0.20 -0.24 0.05 0.30 0.30 0.48 0.28 -0.14 0.09 -0.21 -0.18  Rvol: 0.48 1.05 1.32 -0.33 -0.12 0.21 0.47 0.14 0.74 1.26 1.47 -0.28 -0.03 0.27 0.48 
Loss: 0.999052  SIA Ef: -0.076682 Binding: -0.20 -0.24 0.05 0.30 0.29 0.48 0.28 -0.14 0.09 -0.21 -0.18  Rvol: 0.48 1.05 1.32 -0.33 -0.12 0.21 0.47 0.14 0.74 1.26 1.47 -0.28 -0.03 0.27 0.48 
Loss: 1.332283  SIA Ef: -0.076592 Binding: -0.49 0.05 0.05 0.30 0.29 0.48 0.57 -0.14 0.09 -0.21 -0.18  Rvol: 0.48 0.86 1.32 -0.33 -0.12 0.21 0.47 0.14 0.74 1.26 1.47 -0.28 -0.03 0.27 0.48 
Loss: 0.999052  SIA Ef: -0.076760 Binding: -0.20 -0.24 0.05 0.30 0.29 0.48 0.28 -0.14 0.09 -0.21 -0.18  Rvol: 0.48 1.05 1.32 -0.33 -0.12 0.21 0.47 0.14 0.74 1.26 1.47 -0.28 -0.03 0.27 0.48 
Loss: 1.332285  SIA Ef: -0.076589 Binding: -0.49 0.05 0.05 0.30 0.29 0.48 0.57 -0.14 0.09 -0.21 -0.18  Rvol: 0.48 0.86 1.32 -0.33 -0.12 0.21 0.47 0.14 0.74 1.26 1.47 -0.28 -0.03 0.27 0.48 
Loss: 0.999051  SIA Ef: -0.076652 Binding: -0.20 -0.24 0.05 0.30 0.29 0.48 0.28 -0.14 0.09 -0.21 -0.18  Rvol: 0.48 1.05 1.32 -0.33 -0.12 0.21 0.47 0.14 0.74 1.26 1.47 -0.28 -0.03 0.27 0.48 
Loss: 1.332303  SIA Ef: -0.076563 Binding: -0.49 0.05 0.05 0.30 0.29 0.48 0.57 -0.14 0.09 -0.21 -0.18  Rvol: 0.48 0.86 1.32 -0.33 -0.12 0.21 0.47 0.14 0.74 1.26 1.47 -0.28 -0.03 0.27 0.48 
Loss: 0.999051  SIA Ef: -0.076332 Binding: -0.20 -0.24 0.05 0.30 0.29 0.48 0.28 -0.14 0.09 -0.21 -0.18  Rvol: 0.48 1.05 1.32 -0.33 -0.12 0.21 0.47 0.14 0.74 1.26 1.47 -0.28 -0.03 0.27 0.48 
Loss: 0.999098  SIA Ef: -0.076656 Binding: -0.20 -0.24 0.05 0.30 0.30 0.48 0.28 -0.14 0.09 -0.21 -0.18  Rvol: 0.48 1.05 1.32 -0.33 -0.12 0.21 0.47 0.14 0.74 1.26 1.47 -0.28 -0.03 0.27 0.48 
Loss: 0.999051  SIA Ef: -0.076787 Binding: -0.20 -0.24 0.05 0.30 0.29 0.48 0.28 -0.14 0.09 -0.21 -0.18  Rvol: 0.48 1.05 1.32 -0.33 -0.12 0.21 0.47 0.14 0.74 1.26 1.47 -0.28 -0.03 0.27 0.48 
Loss: 0.999080  SIA Ef: -0.075734 Binding: -0.20 -0.24 0.05 0.30 0.29 0.48 0.28 -0.14 0.09 -0.21 -0.18  Rvol: 0.48 1.05 1.32 -0.33 -0.12 0.21 0.47 0.14 0.74 1.26 1.47 -0.28 -0.03 0.27 0.48 
Loss: 0.999052  SIA Ef: -0.076610 Binding: -0.20 -0.24 0.05 0.30 0.29 0.48 0.28 -0.14 0.09 -0.21 -0.18  Rvol: 0.48 1.05 1.32 -0.33 -0.12 0.21 0.47 0.14 0.74 1.26 1.47 -0.28 -0.03 0.27 0.48 
Loss: 0.999156  SIA Ef: -0.076809 Binding: -0.20 -0.24 0.05 0.30 0.30 0.48 0.28 -0.14 0.09 -0.21 -0.18  Rvol: 0.48 1.05 1.32 -0.33 -0.12 0.21 0.47 0.14 0.74 1.26 1.47 -0.28 -0.03 0.27 0.48 
Loss: 0.999048  SIA Ef: -0.076922 Binding: -0.20 -0.24 0.05 0.30 0.29 0.48 0.28 -0.14 0.09 -0.21 -0.18  Rvol: 0.48 1.05 1.32 -0.33 -0.12 0.21 0.47 0.14 0.74 1.26 1.47 -0.28 -0.03 0.27 0.48 
Loss: 0.999125  SIA Ef: -0.077445 Binding: -0.20 -0.24 0.05 0.30 0.30 0.48 0.28 -0.14 0.09 -0.21 -0.18  Rvol: 0.48 1.05 1.32 -0.33 -0.12 0.21 0.47 0.14 0.74 1.26 1.47 -0.28 -0.03 0.27 0.48 
Loss: 0.999051  SIA Ef: -0.077101 Binding: -0.20 -0.24 0.05 0.30 0.29 0.48 0.28 -0.14 0.09 -0.21 -0.18  Rvol: 0.48 1.05 1.32 -0.33 -0.12 0.21 0.47 0.14 0.74 1.26 1.47 -0.28 -0.03 0.27 0.48 
Loss: 0.999109  SIA Ef: -0.076622 Binding: -0.20 -0.24 0.05 0.30 0.30 0.48 0.28 -0.14 0.09 -0.21 -0.18  Rvol: 0.48 1.05 1.32 -0.33 -0.12 0.21 0.47 0.14 0.74 1.26 1.47 -0.28 -0.03 0.27 0.48 
Loss: 0.998910  SIA Ef: -0.076856 Binding: -0.20 -0.24 0.05 0.30 0.29 0.48 0.28 -0.14 0.09 -0.21 -0.18  Rvol: 0.48 1.05 1.32 -0.33 -0.12 0.21 0.47 0.14 0.74 1.26 1.47 -0.28 -0.03 0.27 0.48 
Loss: 1.332179  SIA Ef: -0.076796 Binding: -0.49 0.05 0.05 0.30 0.29 0.48 0.57 -0.14 0.09 -0.21 -0.18  Rvol: 0.48 0.86 1.32 -0.33 -0.12 0.21 0.47 0.14 0.74 1.26 1.47 -0.28 -0.03 0.27 0.48 
Loss: 1.332296  SIA Ef: -0.076784 Binding: -0.49 0.05 0.05 0.30 0.29 0.48 0.57 -0.14 0.09 -0.21 -0.18  Rvol: 0.48 0.86 1.32 -0.33 -0.12 0.21 0.47 0.14 0.74 1.26 1.47 -0.28 -0.03 0.27 0.48 
Loss: 0.998948  SIA Ef: -0.077000 Binding: -0.20 -0.24 0.05 0.30 0.29 0.48 0.28 -0.14 0.09 -0.21 -0.18  Rvol: 0.48 1.05 1.32 -0.33 -0.12 0.21 0.47 0.14 0.74 1.26 1.47 -0.28 -0.03 0.27 0.48 
