Start Optimization 
Loss: 3.157939  SIA Ef: -1.075100 Binding: 0.32 0.56 0.42 0.20 0.54 0.23 0.09 0.30 -0.24 -0.54 -0.69  Rvol: 0.49 0.97 1.31 -0.33 -0.25 0.02 0.31 0.14 0.70 1.19 1.59 -0.28 -0.14 0.12 0.36 
Loss: 3.168124  SIA Ef: -1.015063 Binding: 0.32 0.57 0.43 0.21 0.55 0.21 0.06 0.25 -0.26 -0.58 -0.74  Rvol: 0.49 0.97 1.31 -0.33 -0.24 0.02 0.32 0.14 0.70 1.19 1.60 -0.28 -0.13 0.12 0.36 
Loss: 52.626630  SIA Ef: 3.555807 Binding: 1.01 2.09 4.75 2.40 1.72 0.30 -0.16 -0.03 -0.43 -0.66 -0.73  Rvol: 0.70 1.41 2.03 -0.33 0.04 0.43 0.82 0.14 0.91 1.57 2.22 -0.28 0.15 0.53 0.96 
Loss: 52.821966  SIA Ef: -0.416898 Binding: 1.72 1.82 -5.09 1.52 2.83 0.69 -0.32 -0.42 2.86 -0.56 0.06  Rvol: 0.49 1.12 1.51 -0.33 -0.04 0.42 0.79 0.14 0.76 1.26 1.61 -0.28 0.12 0.41 0.94 
Loss: 215.185941  SIA Ef: 10.949590 Binding: 2.43 0.22 8.39 2.50 0.51 1.09 0.39 1.53 -0.64 -1.03 -1.26  Rvol: 1.25 2.01 2.97 -0.33 -0.18 0.03 0.49 0.14 1.39 2.53 3.25 -0.28 -0.04 0.18 0.64 
Loss: 26.733569  SIA Ef: -1.075100 Binding: 0.32 0.56 0.42 0.20 0.54 -0.70 -1.73 -2.06 -1.21 -2.47 -3.04  Rvol: 0.49 0.97 1.31 -0.33 -0.25 0.02 0.31 0.14 0.71 1.24 1.69 -0.28 -0.12 0.16 0.54 
Loss: 3.042155  SIA Ef: -1.075100 Binding: 0.32 0.56 0.42 0.20 0.54 0.29 0.15 0.34 -0.16 -0.41 -0.66  Rvol: 0.49 0.97 1.31 -0.33 -0.25 0.02 0.31 0.14 0.68 1.15 1.51 -0.28 -0.15 0.09 0.32 
Loss: 3.136691  SIA Ef: -1.075100 Binding: 0.32 0.56 0.42 0.20 0.54 0.25 0.10 0.28 -0.21 -0.49 -0.72  Rvol: 0.49 0.97 1.31 -0.33 -0.25 0.02 0.31 0.14 0.68 1.16 1.53 -0.28 -0.15 0.10 0.33 
Loss: 5.427908  SIA Ef: -1.075100 Binding: 0.73 1.42 0.42 -0.50 0.26 0.29 -0.04 -0.36 -0.16 -0.38 -0.75  Rvol: 0.49 1.02 1.39 -0.33 -0.25 0.08 0.47 0.14 0.68 1.18 1.56 -0.28 -0.15 0.12 0.44 
Loss: 2.830952  SIA Ef: -1.075100 Binding: -0.50 -0.16 0.42 0.16 -0.15 0.29 -0.05 -0.53 -0.16 -0.45 -0.74  Rvol: 0.49 0.84 1.19 -0.33 -0.25 -0.01 0.21 0.14 0.68 1.10 1.39 -0.28 -0.15 0.07 0.26 
Loss: 2.681477  SIA Ef: -1.075100 Binding: -0.46 -0.05 0.42 0.15 -0.05 0.29 0.02 -0.48 -0.16 -0.44 -0.73  Rvol: 0.49 0.85 1.21 -0.33 -0.25 -0.00 0.23 0.14 0.68 1.09 1.41 -0.28 -0.15 0.07 0.27 
Loss: 292.744636  SIA Ef: -16.191527 Binding: -0.23 -0.40 -4.31 -0.03 -0.34 0.22 -0.19 -0.40 2.07 -0.67 0.91  Rvol: -0.16 -0.29 -0.63 -0.33 -0.36 -0.68 -0.72 0.14 0.17 -0.26 -0.61 -0.28 -0.37 -0.72 -0.58 
Loss: 47.720862  SIA Ef: 4.570988 Binding: 0.18 -0.12 4.73 1.13 -0.14 0.17 -0.13 -0.06 -0.34 -0.53 -0.95  Rvol: 0.88 1.54 2.11 -0.33 -0.26 -0.05 0.33 0.14 1.01 1.60 2.32 -0.28 -0.14 0.06 0.42 
Loss: 2.649143  SIA Ef: -1.089861 Binding: -0.46 -0.06 0.42 0.15 -0.05 0.29 0.04 -0.46 -0.16 -0.42 -0.71  Rvol: 0.49 0.85 1.21 -0.33 -0.25 -0.00 0.23 0.14 0.68 1.09 1.40 -0.28 -0.15 0.07 0.27 
Loss: 15.543595  SIA Ef: 1.599437 Binding: 0.18 0.50 3.01 1.35 0.65 0.29 -0.13 0.11 -0.24 -0.43 -0.63  Rvol: 0.61 1.17 1.60 -0.33 -0.12 0.21 0.54 0.14 0.74 1.28 1.88 -0.28 -0.02 0.28 0.59 
Loss: 2.202941  SIA Ef: -0.906957 Binding: -0.50 0.04 -0.54 0.01 0.09 0.57 0.63 0.12 0.19 0.07 0.09  Rvol: 0.48 0.82 1.21 -0.33 -0.24 0.02 0.27 0.14 0.69 1.12 1.36 -0.28 -0.14 0.09 0.30 
Loss: 34.124073  SIA Ef: 0.111125 Binding: -0.56 0.46 -4.41 1.94 -0.67 0.54 0.61 -0.55 2.36 -1.74 0.23  Rvol: 0.46 0.84 1.43 -0.33 -0.19 0.27 0.48 0.14 0.74 1.18 1.43 -0.28 0.01 0.15 0.56 
Loss: 2.416060  SIA Ef: -0.908365 Binding: -0.50 0.04 -0.54 0.01 0.09 0.60 0.70 0.22 0.22 0.14 0.17  Rvol: 0.48 0.82 1.21 -0.33 -0.24 0.02 0.27 0.14 0.69 1.11 1.35 -0.28 -0.15 0.08 0.29 
Loss: 73.552954  SIA Ef: -7.662485 Binding: 0.10 -0.15 -2.75 1.24 -0.41 0.78 0.08 0.12 1.66 -0.78 0.95  Rvol: 0.15 0.65 0.44 -0.33 -0.26 -0.13 -0.14 0.14 0.47 0.53 0.44 -0.28 -0.24 -0.19 -0.15 
Loss: 2.262155  SIA Ef: -0.903770 Binding: -0.50 0.04 -0.54 0.01 0.09 0.58 0.65 0.16 0.20 0.10 0.11  Rvol: 0.48 0.82 1.21 -0.33 -0.24 0.02 0.27 0.14 0.69 1.11 1.36 -0.28 -0.15 0.08 0.29 
Loss: 38.970646  SIA Ef: 4.247282 Binding: 0.04 -0.28 4.18 0.92 -0.27 0.42 0.46 0.71 -0.04 0.06 -0.07  Rvol: 0.85 1.49 2.05 -0.33 -0.26 -0.05 0.33 0.14 0.97 1.55 2.27 -0.28 -0.15 0.06 0.42 
Loss: 2.084884  SIA Ef: -0.777284 Binding: -0.26 0.47 -0.42 0.28 0.52 0.57 0.49 0.10 0.18 0.07 0.05  Rvol: 0.49 0.83 1.21 -0.33 -0.23 0.03 0.28 0.14 0.70 1.10 1.37 -0.28 -0.14 0.09 0.30 
Loss: 14.656255  SIA Ef: 1.861866 Binding: 0.29 0.89 2.37 1.41 1.00 0.55 0.33 0.77 0.04 0.08 0.20  Rvol: 0.60 1.15 1.57 -0.33 -0.11 0.23 0.58 0.14 0.75 1.25 1.83 -0.28 -0.02 0.31 0.61 
Loss: 1.508697  SIA Ef: -0.770225 Binding: -0.07 0.16 -0.42 0.27 0.42 0.57 0.16 0.06 0.18 0.06 0.01  Rvol: 0.49 0.99 1.19 -0.33 -0.23 0.03 0.26 0.14 0.70 1.07 1.37 -0.28 -0.14 0.09 0.30 
Loss: 41.489162  SIA Ef: 4.337529 Binding: 0.37 0.29 4.26 1.28 0.37 0.43 0.44 0.79 -0.04 0.06 -0.08  Rvol: 0.85 1.49 2.02 -0.33 -0.26 -0.05 0.32 0.14 0.97 1.57 2.27 -0.28 -0.14 0.07 0.41 
Loss: 1.847061  SIA Ef: -0.768786 Binding: -0.28 0.40 -0.42 0.27 0.45 0.57 0.40 0.07 0.18 0.06 0.02  Rvol: 0.49 0.83 1.20 -0.33 -0.23 0.03 0.27 0.14 0.70 1.07 1.37 -0.28 -0.14 0.09 0.30 
Loss: 33.034228  SIA Ef: 0.125823 Binding: -0.22 0.20 -4.37 1.78 -0.66 0.54 0.05 -0.96 2.36 -1.73 0.31  Rvol: 0.45 1.10 1.29 -0.33 -0.19 0.25 0.42 0.14 0.74 1.15 1.32 -0.28 0.01 0.14 0.51 
Loss: 2.880700  SIA Ef: -0.780133 Binding: -0.18 -0.10 -0.97 0.06 0.23 0.70 0.41 0.31 0.39 0.27 0.42  Rvol: 0.48 1.01 1.19 -0.33 -0.23 0.03 0.27 0.14 0.70 1.11 1.34 -0.28 -0.13 0.10 0.30 
Loss: 70.533615  SIA Ef: -7.584075 Binding: 0.36 0.18 -2.69 0.22 0.93 0.77 -0.31 0.03 1.61 0.28 0.81  Rvol: 0.15 0.66 0.41 -0.33 -0.26 -0.17 -0.12 0.14 0.47 0.31 0.44 -0.28 -0.24 -0.15 -0.17 
Loss: 3.437687  SIA Ef: 0.559936 Binding: 0.09 0.48 0.98 0.82 0.75 0.55 0.12 0.36 0.08 0.07 0.01  Rvol: 0.54 1.05 1.34 -0.33 -0.17 0.13 0.40 0.14 0.72 1.16 1.58 -0.28 -0.08 0.20 0.45 
Loss: 7.493816  SIA Ef: -2.380367 Binding: 0.12 0.14 -0.89 0.26 0.59 0.63 -0.02 0.03 0.32 0.12 0.17  Rvol: 0.41 0.91 0.99 -0.33 -0.23 -0.01 0.18 0.14 0.64 0.94 1.14 -0.28 -0.14 0.05 0.19 
Loss: 1.516254  SIA Ef: -0.772812 Binding: -0.07 0.16 -0.42 0.27 0.42 0.57 0.16 0.07 0.18 0.07 0.02  Rvol: 0.49 0.99 1.19 -0.33 -0.23 0.02 0.26 0.14 0.70 1.07 1.37 -0.28 -0.14 0.09 0.30 
Loss: 2.181870  SIA Ef: 0.322739 Binding: -0.25 0.12 0.91 0.47 -0.04 0.51 0.44 0.48 0.07 0.09 0.32  Rvol: 0.57 0.98 1.37 -0.33 -0.25 0.01 0.28 0.14 0.72 1.16 1.59 -0.28 -0.15 0.09 0.33 
Loss: 1.953605  SIA Ef: -0.720694 Binding: -0.03 0.17 -0.63 0.25 0.47 0.63 0.25 0.19 0.26 0.17 0.21  Rvol: 0.49 1.00 1.19 -0.33 -0.23 0.03 0.27 0.14 0.70 1.08 1.37 -0.28 -0.14 0.10 0.30 
Loss: 1.463227  SIA Ef: 0.147847 Binding: -0.34 0.32 -0.73 0.17 0.35 0.50 0.32 -0.14 0.15 -0.07 -0.14  Rvol: 0.53 0.89 1.30 -0.33 -0.23 0.05 0.32 0.14 0.73 1.17 1.47 -0.28 -0.13 0.12 0.36 
Loss: 1.505125  SIA Ef: 0.148615 Binding: -0.32 0.37 -0.72 0.20 0.40 0.50 0.30 -0.16 0.14 -0.08 -0.16  Rvol: 0.53 0.89 1.29 -0.33 -0.23 0.05 0.32 0.14 0.73 1.17 1.47 -0.28 -0.13 0.12 0.36 
Loss: 3.915011  SIA Ef: -1.047869 Binding: -0.09 0.06 -1.38 0.06 0.39 0.46 -0.14 -0.51 0.23 -0.22 -0.29  Rvol: 0.47 0.98 1.15 -0.33 -0.24 0.01 0.25 0.14 0.69 1.06 1.30 -0.28 -0.15 0.07 0.27 
Loss: 1.529001  SIA Ef: 0.192239 Binding: -0.29 0.41 -0.69 0.23 0.44 0.50 0.30 -0.14 0.14 -0.07 -0.16  Rvol: 0.53 0.90 1.30 -0.33 -0.22 0.05 0.33 0.14 0.73 1.16 1.48 -0.28 -0.13 0.12 0.36 
Loss: 1.880185  SIA Ef: 0.845763 Binding: -0.25 0.40 -0.05 0.41 0.48 0.46 0.21 -0.09 0.05 -0.12 -0.26  Rvol: 0.56 0.96 1.37 -0.33 -0.20 0.10 0.38 0.14 0.75 1.19 1.58 -0.28 -0.11 0.17 0.43 
Loss: 1.294679  SIA Ef: 0.148411 Binding: -0.17 0.09 -0.79 0.15 0.31 0.52 0.13 -0.13 0.17 -0.05 -0.11  Rvol: 0.53 1.05 1.29 -0.33 -0.23 0.05 0.32 0.14 0.73 1.16 1.47 -0.28 -0.13 0.12 0.35 
Loss: 1.859205  SIA Ef: 0.197930 Binding: -0.23 -0.02 -1.05 0.05 0.24 0.56 0.24 -0.07 0.25 0.01 0.02  Rvol: 0.52 1.05 1.30 -0.33 -0.22 0.06 0.33 0.14 0.73 1.18 1.46 -0.28 -0.13 0.12 0.37 
Loss: 1.289295  SIA Ef: 0.284184 Binding: -0.36 0.25 -0.62 0.16 0.27 0.51 0.33 -0.09 0.14 -0.04 -0.12  Rvol: 0.54 0.91 1.31 -0.33 -0.23 0.05 0.32 0.14 0.73 1.17 1.49 -0.28 -0.13 0.12 0.36 
Loss: 3.513062  SIA Ef: 1.436085 Binding: -0.33 -0.03 0.70 0.35 -0.19 0.43 0.34 0.27 -0.00 -0.05 0.09  Rvol: 0.62 1.06 1.51 -0.33 -0.25 0.03 0.34 0.14 0.76 1.25 1.72 -0.28 -0.14 0.12 0.39 
Loss: 1.690150  SIA Ef: 0.411110 Binding: -0.40 0.21 -0.80 0.10 0.22 0.53 0.41 -0.05 0.18 0.00 -0.04  Rvol: 0.54 0.91 1.33 -0.33 -0.23 0.05 0.33 0.14 0.74 1.18 1.51 -0.28 -0.13 0.12 0.37 
Loss: 2.582507  SIA Ef: 0.040770 Binding: -0.02 0.16 -1.23 0.19 0.51 0.63 0.14 0.03 0.37 0.12 0.18  Rvol: 0.51 1.06 1.26 -0.33 -0.21 0.07 0.33 0.14 0.72 1.14 1.43 -0.28 -0.12 0.13 0.36 
Loss: 1.780441  SIA Ef: -0.323792 Binding: -0.14 0.03 -1.01 0.10 0.30 0.49 -0.00 -0.30 0.18 -0.13 -0.20  Rvol: 0.50 1.02 1.23 -0.33 -0.23 0.04 0.29 0.14 0.71 1.12 1.40 -0.28 -0.14 0.10 0.32 
Loss: 1.286769  SIA Ef: 0.291512 Binding: -0.36 0.25 -0.62 0.16 0.27 0.51 0.32 -0.09 0.14 -0.05 -0.13  Rvol: 0.54 0.91 1.31 -0.33 -0.23 0.05 0.32 0.14 0.73 1.17 1.50 -0.28 -0.13 0.12 0.36 
Loss: 1.369142  SIA Ef: 0.610156 Binding: -0.33 0.28 -0.34 0.26 0.32 0.48 0.27 -0.09 0.09 -0.08 -0.20  Rvol: 0.55 0.94 1.34 -0.33 -0.21 0.07 0.35 0.14 0.74 1.18 1.54 -0.28 -0.12 0.14 0.40 
Loss: 1.591475  SIA Ef: 0.514512 Binding: -0.37 0.25 -0.70 0.14 0.26 0.49 0.31 -0.14 0.13 -0.07 -0.16  Rvol: 0.55 0.92 1.34 -0.33 -0.23 0.06 0.34 0.14 0.74 1.19 1.52 -0.28 -0.13 0.13 0.38 
Loss: 1.441196  SIA Ef: 0.171240 Binding: -0.39 0.22 -0.75 0.12 0.25 0.53 0.37 -0.06 0.18 -0.01 -0.06  Rvol: 0.53 0.89 1.30 -0.33 -0.23 0.05 0.32 0.14 0.73 1.17 1.47 -0.28 -0.13 0.12 0.36 
Loss: 1.590442  SIA Ef: -0.005599 Binding: -0.09 0.12 -0.91 0.18 0.40 0.57 0.13 -0.03 0.24 0.04 0.03  Rvol: 0.52 1.04 1.26 -0.33 -0.22 0.05 0.32 0.14 0.72 1.14 1.44 -0.28 -0.13 0.12 0.35 
Loss: 1.021412  SIA Ef: 0.410355 Binding: -0.35 0.22 -0.28 0.21 0.23 0.49 0.32 -0.02 0.09 -0.04 -0.15  Rvol: 0.55 0.93 1.33 -0.33 -0.23 0.04 0.32 0.14 0.74 1.17 1.53 -0.28 -0.14 0.12 0.36 
Loss: 0.789640  SIA Ef: 0.182218 Binding: -0.35 0.21 -0.18 0.22 0.22 0.48 0.28 -0.05 0.07 -0.07 -0.19  Rvol: 0.54 0.91 1.31 -0.33 -0.23 0.03 0.30 0.14 0.73 1.15 1.51 -0.28 -0.14 0.11 0.34 
Loss: 0.713850  SIA Ef: 0.155660 Binding: -0.36 0.16 -0.03 0.23 0.17 0.48 0.30 0.01 0.06 -0.05 -0.16  Rvol: 0.54 0.92 1.31 -0.33 -0.24 0.03 0.28 0.14 0.72 1.15 1.51 -0.28 -0.14 0.10 0.34 
Loss: 0.704981  SIA Ef: -0.001131 Binding: -0.34 0.19 0.08 0.27 0.20 0.49 0.29 0.04 0.06 -0.03 -0.13  Rvol: 0.54 0.91 1.30 -0.33 -0.24 0.02 0.27 0.14 0.72 1.12 1.50 -0.28 -0.14 0.10 0.32 
Loss: 0.689799  SIA Ef: -0.018027 Binding: -0.35 0.17 0.06 0.26 0.18 0.49 0.30 0.04 0.06 -0.03 -0.13  Rvol: 0.53 0.91 1.29 -0.33 -0.24 0.02 0.27 0.14 0.72 1.12 1.50 -0.28 -0.14 0.10 0.32 
Loss: 0.701000  SIA Ef: -0.071042 Binding: -0.35 0.15 0.13 0.26 0.16 0.49 0.30 0.06 0.06 -0.03 -0.12  Rvol: 0.53 0.91 1.29 -0.33 -0.24 0.02 0.27 0.14 0.71 1.12 1.50 -0.28 -0.15 0.09 0.32 
Loss: 0.702572  SIA Ef: -0.043891 Binding: -0.34 0.19 0.08 0.27 0.19 0.49 0.30 0.04 0.06 -0.03 -0.13  Rvol: 0.53 0.91 1.29 -0.33 -0.24 0.02 0.27 0.14 0.72 1.12 1.50 -0.28 -0.14 0.10 0.32 
Loss: 0.741944  SIA Ef: 0.119257 Binding: -0.35 0.12 0.27 0.29 0.13 0.45 0.26 0.03 0.02 -0.08 -0.19  Rvol: 0.55 0.93 1.32 -0.33 -0.25 0.01 0.27 0.14 0.72 1.13 1.53 -0.28 -0.15 0.09 0.32 
Loss: 0.693909  SIA Ef: -0.104894 Binding: -0.36 0.17 -0.04 0.23 0.17 0.50 0.31 0.04 0.07 -0.02 -0.11  Rvol: 0.53 0.90 1.28 -0.33 -0.24 0.02 0.26 0.14 0.72 1.12 1.48 -0.28 -0.15 0.09 0.32 
Loss: 0.730376  SIA Ef: -0.237650 Binding: -0.36 0.18 -0.07 0.23 0.19 0.49 0.28 -0.01 0.07 -0.04 -0.15  Rvol: 0.52 0.89 1.26 -0.33 -0.24 0.02 0.27 0.14 0.71 1.11 1.46 -0.28 -0.15 0.09 0.31 
Loss: 0.696572  SIA Ef: 0.014516 Binding: -0.35 0.16 0.09 0.26 0.17 0.49 0.30 0.05 0.06 -0.03 -0.13  Rvol: 0.54 0.91 1.30 -0.33 -0.24 0.02 0.27 0.14 0.72 1.13 1.50 -0.28 -0.15 0.10 0.32 
Loss: 0.749319  SIA Ef: -0.267788 Binding: -0.36 0.18 -0.10 0.22 0.18 0.49 0.29 -0.01 0.08 -0.04 -0.14  Rvol: 0.52 0.88 1.26 -0.33 -0.24 0.02 0.26 0.14 0.71 1.11 1.45 -0.28 -0.15 0.09 0.31 
Loss: 0.809311  SIA Ef: 0.154904 Binding: -0.35 0.14 0.16 0.27 0.15 0.51 0.36 0.15 0.08 0.02 -0.05  Rvol: 0.54 0.93 1.32 -0.33 -0.24 0.02 0.28 0.14 0.72 1.14 1.53 -0.28 -0.15 0.10 0.33 
Loss: 0.698332  SIA Ef: -0.009176 Binding: -0.34 0.19 -0.01 0.26 0.20 0.49 0.29 0.02 0.07 -0.03 -0.13  Rvol: 0.53 0.91 1.29 -0.33 -0.24 0.02 0.28 0.14 0.72 1.13 1.49 -0.28 -0.14 0.10 0.33 
Loss: 0.699845  SIA Ef: -0.067369 Binding: -0.34 0.18 0.08 0.27 0.18 0.49 0.30 0.05 0.06 -0.02 -0.12  Rvol: 0.53 0.91 1.29 -0.33 -0.24 0.02 0.27 0.14 0.72 1.12 1.49 -0.28 -0.15 0.09 0.32 
Loss: 0.686199  SIA Ef: -0.094371 Binding: -0.36 0.17 -0.02 0.24 0.18 0.49 0.29 0.01 0.07 -0.04 -0.14  Rvol: 0.53 0.90 1.28 -0.33 -0.24 0.02 0.27 0.14 0.72 1.12 1.48 -0.28 -0.14 0.10 0.32 
Loss: 0.688882  SIA Ef: -0.044671 Binding: -0.36 0.17 -0.03 0.24 0.17 0.49 0.30 0.03 0.07 -0.03 -0.13  Rvol: 0.53 0.90 1.29 -0.33 -0.24 0.02 0.27 0.14 0.72 1.13 1.49 -0.28 -0.14 0.10 0.32 
Loss: 0.700884  SIA Ef: -0.126740 Binding: -0.36 0.18 -0.06 0.23 0.19 0.49 0.29 0.01 0.07 -0.04 -0.14  Rvol: 0.53 0.89 1.28 -0.33 -0.24 0.02 0.27 0.14 0.71 1.12 1.48 -0.28 -0.15 0.09 0.32 
Loss: 0.665306  SIA Ef: -0.038647 Binding: -0.36 0.16 0.02 0.24 0.16 0.48 0.28 0.00 0.06 -0.05 -0.16  Rvol: 0.53 0.91 1.29 -0.33 -0.24 0.02 0.27 0.14 0.72 1.12 1.49 -0.28 -0.14 0.10 0.32 
Loss: 0.669590  SIA Ef: 0.018249 Binding: -0.35 0.16 0.06 0.25 0.16 0.48 0.27 0.01 0.05 -0.06 -0.17  Rvol: 0.54 0.91 1.30 -0.33 -0.24 0.02 0.27 0.14 0.72 1.13 1.50 -0.28 -0.15 0.10 0.32 
Loss: 0.663907  SIA Ef: -0.042104 Binding: -0.36 0.16 0.03 0.24 0.16 0.48 0.28 0.01 0.06 -0.05 -0.15  Rvol: 0.53 0.91 1.29 -0.33 -0.24 0.02 0.27 0.14 0.72 1.12 1.49 -0.28 -0.14 0.10 0.32 
Loss: 0.664478  SIA Ef: -0.025398 Binding: -0.36 0.15 0.06 0.25 0.16 0.48 0.28 0.01 0.05 -0.05 -0.16  Rvol: 0.53 0.91 1.29 -0.33 -0.24 0.02 0.27 0.14 0.72 1.13 1.50 -0.28 -0.15 0.10 0.32 
Loss: 0.666351  SIA Ef: -0.047408 Binding: -0.36 0.16 0.01 0.24 0.16 0.48 0.28 0.00 0.06 -0.05 -0.16  Rvol: 0.53 0.90 1.29 -0.33 -0.24 0.02 0.27 0.14 0.72 1.12 1.49 -0.28 -0.14 0.10 0.32 
Loss: 0.662948  SIA Ef: -0.005450 Binding: -0.36 0.15 0.03 0.24 0.16 0.48 0.28 0.00 0.05 -0.05 -0.16  Rvol: 0.53 0.91 1.30 -0.33 -0.24 0.02 0.27 0.14 0.72 1.13 1.50 -0.28 -0.14 0.10 0.32 
Loss: 0.661241  SIA Ef: -0.021810 Binding: -0.36 0.15 0.00 0.23 0.15 0.48 0.28 0.01 0.06 -0.05 -0.16  Rvol: 0.53 0.91 1.29 -0.33 -0.24 0.02 0.27 0.14 0.72 1.13 1.49 -0.28 -0.14 0.10 0.32 
Loss: 0.657278  SIA Ef: -0.037620 Binding: -0.36 0.14 0.03 0.24 0.15 0.48 0.28 0.02 0.05 -0.05 -0.15  Rvol: 0.53 0.91 1.29 -0.33 -0.24 0.02 0.27 0.14 0.72 1.13 1.49 -0.28 -0.15 0.09 0.32 
Loss: 0.656313  SIA Ef: -0.060342 Binding: -0.36 0.15 0.01 0.23 0.15 0.48 0.28 0.01 0.06 -0.05 -0.16  Rvol: 0.53 0.90 1.29 -0.33 -0.24 0.02 0.27 0.14 0.72 1.12 1.49 -0.28 -0.15 0.09 0.32 
Loss: 0.645582  SIA Ef: -0.052773 Binding: -0.37 0.13 0.01 0.22 0.13 0.48 0.28 -0.00 0.05 -0.06 -0.17  Rvol: 0.53 0.90 1.29 -0.33 -0.24 0.02 0.27 0.14 0.72 1.13 1.49 -0.28 -0.15 0.09 0.32 
Loss: 0.645701  SIA Ef: -0.111581 Binding: -0.38 0.13 -0.00 0.22 0.13 0.47 0.27 -0.02 0.05 -0.07 -0.18  Rvol: 0.53 0.90 1.28 -0.33 -0.24 0.01 0.26 0.14 0.72 1.12 1.48 -0.28 -0.15 0.09 0.32 
Loss: 0.651672  SIA Ef: -0.078765 Binding: -0.38 0.13 -0.02 0.22 0.13 0.48 0.28 -0.00 0.06 -0.05 -0.16  Rvol: 0.53 0.90 1.29 -0.33 -0.24 0.02 0.27 0.14 0.72 1.12 1.48 -0.28 -0.15 0.09 0.32 
Loss: 0.640820  SIA Ef: 0.003953 Binding: -0.38 0.11 0.04 0.22 0.11 0.47 0.27 -0.00 0.04 -0.07 -0.18  Rvol: 0.54 0.91 1.30 -0.33 -0.24 0.02 0.27 0.14 0.72 1.13 1.50 -0.28 -0.15 0.09 0.32 
Loss: 0.634059  SIA Ef: -0.033428 Binding: -0.38 0.11 0.05 0.22 0.11 0.46 0.26 -0.02 0.04 -0.08 -0.20  Rvol: 0.54 0.91 1.30 -0.33 -0.24 0.01 0.26 0.14 0.72 1.13 1.49 -0.28 -0.15 0.09 0.32 
Loss: 0.631979  SIA Ef: -0.035196 Binding: -0.38 0.12 0.02 0.22 0.11 0.46 0.25 -0.04 0.04 -0.08 -0.20  Rvol: 0.54 0.91 1.29 -0.33 -0.24 0.02 0.26 0.14 0.72 1.13 1.49 -0.28 -0.15 0.09 0.32 
Loss: 0.632586  SIA Ef: -0.042633 Binding: -0.38 0.12 0.00 0.21 0.12 0.46 0.25 -0.04 0.04 -0.08 -0.20  Rvol: 0.53 0.91 1.29 -0.33 -0.24 0.02 0.26 0.14 0.72 1.13 1.49 -0.28 -0.15 0.09 0.32 
Loss: 0.632713  SIA Ef: -0.019139 Binding: -0.38 0.12 0.03 0.22 0.12 0.46 0.25 -0.04 0.03 -0.09 -0.21  Rvol: 0.54 0.91 1.30 -0.33 -0.24 0.02 0.27 0.14 0.72 1.13 1.49 -0.28 -0.15 0.09 0.32 
Loss: 0.632301  SIA Ef: -0.057255 Binding: -0.38 0.12 0.02 0.21 0.11 0.46 0.26 -0.04 0.04 -0.08 -0.20  Rvol: 0.53 0.91 1.29 -0.33 -0.24 0.01 0.26 0.14 0.72 1.13 1.49 -0.28 -0.15 0.09 0.32 
Loss: 0.639386  SIA Ef: -0.008338 Binding: -0.37 0.11 0.08 0.23 0.12 0.46 0.24 -0.03 0.03 -0.09 -0.22  Rvol: 0.54 0.91 1.30 -0.33 -0.24 0.02 0.27 0.14 0.72 1.13 1.50 -0.28 -0.15 0.09 0.32 
Loss: 0.633960  SIA Ef: -0.052154 Binding: -0.38 0.12 -0.00 0.21 0.12 0.46 0.25 -0.05 0.04 -0.09 -0.21  Rvol: 0.53 0.90 1.29 -0.33 -0.24 0.02 0.26 0.14 0.72 1.13 1.49 -0.28 -0.15 0.09 0.32 
Loss: 0.634647  SIA Ef: 0.005385 Binding: -0.38 0.12 0.02 0.22 0.11 0.46 0.26 -0.04 0.03 -0.09 -0.21  Rvol: 0.54 0.91 1.30 -0.33 -0.24 0.02 0.27 0.14 0.72 1.13 1.50 -0.28 -0.15 0.09 0.32 
Loss: 0.635071  SIA Ef: -0.020889 Binding: -0.37 0.12 0.04 0.22 0.12 0.46 0.25 -0.03 0.04 -0.08 -0.21  Rvol: 0.54 0.91 1.30 -0.33 -0.24 0.02 0.27 0.14 0.72 1.13 1.49 -0.28 -0.15 0.09 0.32 
Loss: 0.627769  SIA Ef: -0.068053 Binding: -0.38 0.11 0.01 0.21 0.10 0.46 0.25 -0.04 0.04 -0.09 -0.21  Rvol: 0.53 0.90 1.29 -0.33 -0.24 0.01 0.26 0.14 0.72 1.13 1.49 -0.28 -0.15 0.09 0.31 
Loss: 0.645682  SIA Ef: -0.143082 Binding: -0.38 0.12 -0.03 0.20 0.12 0.47 0.25 -0.05 0.04 -0.08 -0.20  Rvol: 0.53 0.90 1.28 -0.33 -0.24 0.01 0.26 0.14 0.71 1.12 1.48 -0.28 -0.15 0.09 0.31 
Loss: 0.627902  SIA Ef: -0.048891 Binding: -0.39 0.10 0.01 0.20 0.10 0.46 0.26 -0.03 0.04 -0.08 -0.20  Rvol: 0.54 0.91 1.29 -0.33 -0.24 0.01 0.26 0.14 0.72 1.13 1.49 -0.28 -0.15 0.09 0.32 
Loss: 0.624823  SIA Ef: -0.028743 Binding: -0.39 0.09 0.01 0.20 0.08 0.46 0.26 -0.04 0.03 -0.09 -0.21  Rvol: 0.54 0.91 1.30 -0.33 -0.25 0.01 0.26 0.14 0.72 1.13 1.49 -0.28 -0.15 0.09 0.32 
Loss: 0.631222  SIA Ef: 0.011608 Binding: -0.39 0.08 0.07 0.21 0.08 0.45 0.25 -0.03 0.03 -0.09 -0.22  Rvol: 0.54 0.91 1.30 -0.33 -0.25 0.01 0.27 0.14 0.72 1.13 1.50 -0.28 -0.15 0.09 0.32 
Loss: 0.635018  SIA Ef: -0.085874 Binding: -0.40 0.09 -0.06 0.18 0.08 0.46 0.27 -0.04 0.04 -0.08 -0.20  Rvol: 0.54 0.90 1.29 -0.33 -0.25 0.01 0.26 0.14 0.72 1.13 1.48 -0.28 -0.15 0.08 0.31 
Loss: 0.626165  SIA Ef: -0.008833 Binding: -0.39 0.09 0.03 0.20 0.09 0.46 0.26 -0.03 0.03 -0.09 -0.21  Rvol: 0.54 0.91 1.30 -0.33 -0.25 0.01 0.26 0.14 0.72 1.13 1.49 -0.28 -0.15 0.09 0.32 
Loss: 0.625116  SIA Ef: -0.024672 Binding: -0.39 0.09 0.00 0.20 0.08 0.46 0.26 -0.04 0.03 -0.09 -0.21  Rvol: 0.54 0.91 1.30 -0.33 -0.25 0.01 0.26 0.14 0.72 1.13 1.49 -0.28 -0.15 0.09 0.32 
Loss: 0.626169  SIA Ef: -0.003460 Binding: -0.39 0.09 0.02 0.20 0.08 0.46 0.26 -0.03 0.03 -0.08 -0.21  Rvol: 0.54 0.91 1.30 -0.33 -0.25 0.01 0.26 0.14 0.72 1.14 1.50 -0.28 -0.15 0.09 0.32 
Loss: 0.624882  SIA Ef: -0.036775 Binding: -0.39 0.09 0.01 0.20 0.08 0.46 0.26 -0.04 0.04 -0.08 -0.21  Rvol: 0.54 0.91 1.30 -0.33 -0.25 0.01 0.26 0.14 0.72 1.13 1.49 -0.28 -0.15 0.09 0.31 
Loss: 0.625499  SIA Ef: -0.028817 Binding: -0.39 0.09 -0.00 0.19 0.08 0.46 0.26 -0.05 0.03 -0.09 -0.21  Rvol: 0.54 0.91 1.30 -0.33 -0.25 0.01 0.26 0.14 0.72 1.13 1.49 -0.28 -0.15 0.09 0.32 
Loss: 0.624937  SIA Ef: -0.023972 Binding: -0.39 0.09 0.01 0.20 0.08 0.46 0.26 -0.04 0.04 -0.09 -0.21  Rvol: 0.54 0.91 1.30 -0.33 -0.25 0.01 0.26 0.14 0.72 1.13 1.49 -0.28 -0.15 0.09 0.32 
Loss: 0.626848  SIA Ef: -0.018381 Binding: -0.39 0.09 0.01 0.20 0.09 0.46 0.26 -0.04 0.04 -0.08 -0.20  Rvol: 0.54 0.91 1.30 -0.33 -0.24 0.01 0.26 0.14 0.72 1.13 1.50 -0.28 -0.15 0.09 0.32 
Loss: 0.624316  SIA Ef: -0.039177 Binding: -0.39 0.09 0.01 0.20 0.09 0.46 0.26 -0.04 0.03 -0.09 -0.21  Rvol: 0.54 0.91 1.30 -0.33 -0.25 0.01 0.26 0.14 0.72 1.13 1.49 -0.28 -0.15 0.09 0.31 
Loss: 0.625943  SIA Ef: -0.061714 Binding: -0.39 0.10 0.01 0.20 0.09 0.46 0.26 -0.04 0.04 -0.09 -0.21  Rvol: 0.54 0.91 1.29 -0.33 -0.25 0.01 0.26 0.14 0.72 1.13 1.49 -0.28 -0.15 0.09 0.31 
Loss: 0.623849  SIA Ef: -0.037257 Binding: -0.39 0.09 0.02 0.20 0.08 0.46 0.26 -0.04 0.03 -0.09 -0.21  Rvol: 0.54 0.91 1.30 -0.33 -0.25 0.01 0.26 0.14 0.72 1.13 1.49 -0.28 -0.15 0.09 0.31 
Loss: 0.624459  SIA Ef: -0.023977 Binding: -0.39 0.08 0.05 0.20 0.08 0.45 0.25 -0.04 0.03 -0.09 -0.22  Rvol: 0.54 0.91 1.30 -0.33 -0.25 0.01 0.26 0.14 0.72 1.13 1.49 -0.28 -0.15 0.09 0.31 
Loss: 0.623980  SIA Ef: -0.068445 Binding: -0.39 0.09 0.00 0.19 0.08 0.46 0.26 -0.04 0.04 -0.09 -0.21  Rvol: 0.54 0.91 1.29 -0.33 -0.25 0.01 0.26 0.14 0.72 1.13 1.49 -0.28 -0.15 0.09 0.31 
Loss: 0.624265  SIA Ef: -0.030626 Binding: -0.39 0.09 0.03 0.20 0.08 0.46 0.26 -0.03 0.03 -0.09 -0.21  Rvol: 0.54 0.91 1.30 -0.33 -0.25 0.01 0.26 0.14 0.72 1.13 1.49 -0.28 -0.15 0.09 0.31 
Loss: 0.623754  SIA Ef: -0.037824 Binding: -0.39 0.09 0.02 0.20 0.08 0.46 0.26 -0.04 0.03 -0.09 -0.21  Rvol: 0.54 0.91 1.30 -0.33 -0.25 0.01 0.26 0.14 0.72 1.13 1.49 -0.28 -0.15 0.09 0.31 
Loss: 0.624432  SIA Ef: -0.037731 Binding: -0.39 0.09 0.02 0.20 0.08 0.46 0.26 -0.04 0.03 -0.09 -0.21  Rvol: 0.54 0.91 1.30 -0.33 -0.25 0.01 0.26 0.14 0.72 1.13 1.49 -0.28 -0.15 0.09 0.31 
Loss: 0.623883  SIA Ef: -0.029444 Binding: -0.39 0.09 0.02 0.20 0.08 0.46 0.26 -0.04 0.03 -0.09 -0.21  Rvol: 0.54 0.91 1.30 -0.33 -0.25 0.01 0.26 0.14 0.72 1.13 1.49 -0.28 -0.15 0.09 0.31 
Loss: 0.623835  SIA Ef: -0.047766 Binding: -0.39 0.09 0.02 0.20 0.08 0.46 0.26 -0.04 0.03 -0.09 -0.21  Rvol: 0.54 0.91 1.30 -0.33 -0.25 0.01 0.26 0.14 0.72 1.13 1.49 -0.28 -0.15 0.09 0.31 
Loss: 0.623562  SIA Ef: -0.036637 Binding: -0.39 0.09 0.02 0.20 0.08 0.46 0.26 -0.04 0.03 -0.09 -0.21  Rvol: 0.54 0.91 1.30 -0.33 -0.25 0.01 0.26 0.14 0.72 1.13 1.49 -0.28 -0.15 0.09 0.31 
Loss: 0.623111  SIA Ef: -0.044704 Binding: -0.39 0.09 0.02 0.20 0.08 0.46 0.26 -0.04 0.03 -0.09 -0.21  Rvol: 0.54 0.91 1.30 -0.33 -0.25 0.01 0.26 0.14 0.72 1.13 1.49 -0.28 -0.15 0.09 0.31 
Loss: 0.623010  SIA Ef: -0.045117 Binding: -0.39 0.09 0.02 0.20 0.08 0.46 0.26 -0.04 0.03 -0.09 -0.21  Rvol: 0.54 0.91 1.30 -0.33 -0.25 0.01 0.26 0.14 0.72 1.13 1.49 -0.28 -0.15 0.09 0.31 
Loss: 0.622964  SIA Ef: -0.043005 Binding: -0.39 0.09 0.02 0.20 0.08 0.46 0.26 -0.04 0.03 -0.09 -0.21  Rvol: 0.54 0.91 1.30 -0.33 -0.25 0.01 0.26 0.14 0.72 1.13 1.49 -0.28 -0.15 0.09 0.31 
Loss: 0.622828  SIA Ef: -0.044421 Binding: -0.39 0.09 0.01 0.19 0.08 0.46 0.26 -0.04 0.03 -0.09 -0.21  Rvol: 0.54 0.91 1.30 -0.33 -0.25 0.01 0.26 0.14 0.72 1.13 1.49 -0.28 -0.15 0.09 0.31 
Loss: 0.623246  SIA Ef: -0.050594 Binding: -0.39 0.09 0.01 0.19 0.08 0.46 0.26 -0.05 0.03 -0.09 -0.21  Rvol: 0.54 0.91 1.29 -0.33 -0.25 0.01 0.26 0.14 0.72 1.13 1.49 -0.28 -0.15 0.09 0.31 
Loss: 0.622714  SIA Ef: -0.043111 Binding: -0.39 0.09 0.02 0.20 0.08 0.46 0.26 -0.04 0.03 -0.09 -0.21  Rvol: 0.54 0.91 1.30 -0.33 -0.25 0.01 0.26 0.14 0.72 1.13 1.49 -0.28 -0.15 0.09 0.31 
Loss: 0.622509  SIA Ef: -0.044883 Binding: -0.39 0.08 0.02 0.20 0.08 0.46 0.26 -0.04 0.03 -0.09 -0.21  Rvol: 0.54 0.91 1.30 -0.33 -0.25 0.01 0.26 0.14 0.72 1.13 1.49 -0.28 -0.15 0.09 0.31 
Loss: 0.622442  SIA Ef: -0.037778 Binding: -0.39 0.08 0.02 0.20 0.08 0.46 0.26 -0.04 0.03 -0.09 -0.21  Rvol: 0.54 0.91 1.30 -0.33 -0.25 0.01 0.26 0.14 0.72 1.13 1.49 -0.28 -0.15 0.09 0.31 
Loss: 0.622422  SIA Ef: -0.040091 Binding: -0.39 0.08 0.02 0.20 0.08 0.46 0.26 -0.04 0.03 -0.09 -0.21  Rvol: 0.54 0.91 1.30 -0.33 -0.25 0.01 0.26 0.14 0.72 1.13 1.49 -0.28 -0.15 0.09 0.31 
Loss: 0.622431  SIA Ef: -0.042349 Binding: -0.39 0.08 0.03 0.20 0.08 0.46 0.26 -0.04 0.03 -0.09 -0.21  Rvol: 0.54 0.91 1.30 -0.33 -0.25 0.01 0.26 0.14 0.72 1.13 1.49 -0.28 -0.15 0.09 0.31 
Loss: 0.622421  SIA Ef: -0.042299 Binding: -0.39 0.08 0.02 0.19 0.08 0.46 0.26 -0.04 0.03 -0.09 -0.21  Rvol: 0.54 0.91 1.30 -0.33 -0.25 0.01 0.26 0.14 0.72 1.13 1.49 -0.28 -0.15 0.09 0.31 
Loss: 0.622654  SIA Ef: -0.034894 Binding: -0.39 0.08 0.03 0.20 0.08 0.46 0.26 -0.04 0.03 -0.09 -0.21  Rvol: 0.54 0.91 1.30 -0.33 -0.25 0.01 0.26 0.14 0.72 1.13 1.49 -0.28 -0.15 0.09 0.31 
Loss: 0.622496  SIA Ef: -0.041594 Binding: -0.39 0.08 0.02 0.20 0.08 0.46 0.26 -0.04 0.03 -0.09 -0.21  Rvol: 0.54 0.91 1.30 -0.33 -0.25 0.01 0.26 0.14 0.72 1.13 1.49 -0.28 -0.15 0.09 0.31 
Loss: 0.622070  SIA Ef: -0.048054 Binding: -0.39 0.08 0.02 0.19 0.08 0.46 0.26 -0.04 0.03 -0.09 -0.21  Rvol: 0.54 0.91 1.30 -0.33 -0.25 0.01 0.26 0.14 0.72 1.13 1.49 -0.28 -0.15 0.09 0.31 
Loss: 0.622025  SIA Ef: -0.054391 Binding: -0.39 0.08 0.01 0.19 0.07 0.46 0.26 -0.04 0.03 -0.09 -0.21  Rvol: 0.54 0.91 1.30 -0.33 -0.25 0.01 0.26 0.14 0.72 1.13 1.49 -0.28 -0.15 0.09 0.31 
Loss: 0.622077  SIA Ef: -0.056424 Binding: -0.40 0.08 0.01 0.19 0.07 0.46 0.26 -0.04 0.03 -0.09 -0.21  Rvol: 0.54 0.91 1.29 -0.33 -0.25 0.01 0.26 0.14 0.72 1.13 1.49 -0.28 -0.15 0.09 0.31 
Loss: 0.621922  SIA Ef: -0.058242 Binding: -0.39 0.08 0.01 0.19 0.07 0.46 0.26 -0.04 0.03 -0.09 -0.22  Rvol: 0.54 0.91 1.29 -0.33 -0.25 0.01 0.26 0.14 0.72 1.13 1.49 -0.28 -0.15 0.09 0.31 
Loss: 0.621842  SIA Ef: -0.058670 Binding: -0.39 0.08 0.01 0.19 0.07 0.46 0.25 -0.05 0.03 -0.09 -0.22  Rvol: 0.54 0.91 1.29 -0.33 -0.25 0.01 0.26 0.14 0.72 1.13 1.49 -0.28 -0.15 0.09 0.31 
Loss: 0.621482  SIA Ef: -0.056137 Binding: -0.39 0.08 0.01 0.19 0.07 0.46 0.25 -0.04 0.03 -0.09 -0.22  Rvol: 0.54 0.91 1.30 -0.33 -0.25 0.01 0.26 0.14 0.72 1.13 1.49 -0.28 -0.15 0.08 0.31 
Loss: 0.621304  SIA Ef: -0.056313 Binding: -0.39 0.08 0.02 0.19 0.07 0.46 0.25 -0.04 0.03 -0.09 -0.22  Rvol: 0.54 0.91 1.30 -0.33 -0.25 0.01 0.26 0.14 0.72 1.13 1.49 -0.28 -0.15 0.08 0.31 
Loss: 0.621600  SIA Ef: -0.063988 Binding: -0.39 0.08 0.01 0.19 0.07 0.46 0.25 -0.04 0.03 -0.09 -0.22  Rvol: 0.54 0.91 1.29 -0.33 -0.25 0.01 0.26 0.14 0.72 1.13 1.49 -0.28 -0.15 0.08 0.31 
Loss: 0.621306  SIA Ef: -0.054689 Binding: -0.39 0.08 0.02 0.19 0.07 0.46 0.25 -0.04 0.03 -0.09 -0.22  Rvol: 0.54 0.91 1.30 -0.33 -0.25 0.01 0.26 0.14 0.72 1.13 1.49 -0.28 -0.15 0.08 0.31 
Loss: 0.621125  SIA Ef: -0.051968 Binding: -0.39 0.08 0.02 0.19 0.07 0.46 0.25 -0.04 0.03 -0.09 -0.22  Rvol: 0.54 0.91 1.30 -0.33 -0.25 0.01 0.26 0.14 0.72 1.13 1.49 -0.28 -0.15 0.08 0.31 
Loss: 0.621199  SIA Ef: -0.054164 Binding: -0.39 0.08 0.02 0.19 0.07 0.46 0.26 -0.04 0.03 -0.09 -0.22  Rvol: 0.54 0.91 1.30 -0.33 -0.25 0.01 0.26 0.14 0.72 1.13 1.49 -0.28 -0.15 0.08 0.31 
Loss: 0.620988  SIA Ef: -0.043347 Binding: -0.39 0.08 0.03 0.19 0.07 0.45 0.25 -0.04 0.03 -0.09 -0.22  Rvol: 0.54 0.91 1.30 -0.33 -0.25 0.01 0.26 0.14 0.72 1.13 1.49 -0.28 -0.15 0.08 0.31 
Loss: 0.620881  SIA Ef: -0.041520 Binding: -0.40 0.08 0.03 0.19 0.07 0.45 0.25 -0.04 0.03 -0.09 -0.22  Rvol: 0.54 0.91 1.30 -0.33 -0.25 0.01 0.26 0.14 0.72 1.13 1.49 -0.28 -0.15 0.08 0.31 
Loss: 0.620908  SIA Ef: -0.043697 Binding: -0.39 0.08 0.03 0.19 0.07 0.45 0.25 -0.04 0.03 -0.09 -0.22  Rvol: 0.54 0.91 1.30 -0.33 -0.25 0.01 0.26 0.14 0.72 1.13 1.49 -0.28 -0.15 0.08 0.31 
Loss: 0.620730  SIA Ef: -0.045232 Binding: -0.40 0.08 0.02 0.19 0.07 0.45 0.25 -0.04 0.03 -0.09 -0.22  Rvol: 0.54 0.91 1.30 -0.33 -0.25 0.01 0.26 0.14 0.72 1.13 1.49 -0.28 -0.15 0.08 0.31 
Loss: 0.620735  SIA Ef: -0.046506 Binding: -0.40 0.08 0.03 0.19 0.07 0.45 0.25 -0.04 0.03 -0.09 -0.22  Rvol: 0.54 0.91 1.30 -0.33 -0.25 0.01 0.26 0.14 0.72 1.13 1.49 -0.28 -0.15 0.08 0.31 
Loss: 0.620838  SIA Ef: -0.042729 Binding: -0.40 0.08 0.02 0.19 0.07 0.45 0.26 -0.04 0.03 -0.09 -0.22  Rvol: 0.54 0.91 1.30 -0.33 -0.25 0.01 0.26 0.14 0.72 1.13 1.49 -0.28 -0.15 0.08 0.31 
Loss: 0.620472  SIA Ef: -0.048879 Binding: -0.40 0.08 0.02 0.19 0.07 0.45 0.25 -0.04 0.03 -0.09 -0.22  Rvol: 0.54 0.91 1.30 -0.33 -0.25 0.01 0.26 0.14 0.72 1.13 1.49 -0.28 -0.15 0.08 0.31 
Loss: 0.620356  SIA Ef: -0.049170 Binding: -0.40 0.07 0.02 0.19 0.07 0.45 0.25 -0.05 0.03 -0.09 -0.22  Rvol: 0.54 0.91 1.30 -0.33 -0.25 0.01 0.26 0.14 0.72 1.13 1.49 -0.28 -0.15 0.08 0.31 
Loss: 0.620302  SIA Ef: -0.054231 Binding: -0.40 0.07 0.02 0.19 0.07 0.45 0.25 -0.05 0.03 -0.09 -0.22  Rvol: 0.54 0.91 1.30 -0.33 -0.25 0.01 0.26 0.14 0.72 1.13 1.49 -0.28 -0.15 0.08 0.31 
Loss: 0.620343  SIA Ef: -0.053435 Binding: -0.40 0.07 0.02 0.19 0.07 0.45 0.25 -0.05 0.03 -0.09 -0.22  Rvol: 0.54 0.91 1.30 -0.33 -0.25 0.01 0.26 0.14 0.72 1.13 1.49 -0.28 -0.15 0.08 0.31 
Loss: 0.620242  SIA Ef: -0.059235 Binding: -0.40 0.07 0.01 0.19 0.07 0.45 0.25 -0.05 0.03 -0.09 -0.22  Rvol: 0.54 0.91 1.30 -0.33 -0.25 0.01 0.26 0.14 0.72 1.13 1.49 -0.28 -0.15 0.08 0.31 
Loss: 0.620916  SIA Ef: -0.070125 Binding: -0.40 0.08 0.01 0.19 0.07 0.45 0.25 -0.05 0.03 -0.09 -0.22  Rvol: 0.54 0.91 1.29 -0.33 -0.25 0.01 0.26 0.14 0.72 1.13 1.49 -0.28 -0.15 0.08 0.31 
Loss: 0.620256  SIA Ef: -0.058416 Binding: -0.40 0.07 0.01 0.19 0.07 0.45 0.25 -0.05 0.03 -0.09 -0.22  Rvol: 0.54 0.91 1.30 -0.33 -0.25 0.01 0.26 0.14 0.72 1.13 1.49 -0.28 -0.15 0.08 0.31 
Loss: 0.620144  SIA Ef: -0.058910 Binding: -0.40 0.07 0.02 0.19 0.06 0.45 0.25 -0.05 0.03 -0.09 -0.22  Rvol: 0.54 0.91 1.30 -0.33 -0.25 0.01 0.26 0.14 0.72 1.13 1.49 -0.28 -0.15 0.08 0.31 
Loss: 0.620126  SIA Ef: -0.058807 Binding: -0.40 0.07 0.02 0.19 0.07 0.45 0.25 -0.05 0.03 -0.10 -0.22  Rvol: 0.54 0.91 1.30 -0.33 -0.25 0.01 0.26 0.14 0.72 1.13 1.49 -0.28 -0.15 0.08 0.31 
Loss: 0.619922  SIA Ef: -0.048376 Binding: -0.40 0.07 0.03 0.19 0.06 0.45 0.25 -0.04 0.03 -0.10 -0.22  Rvol: 0.54 0.91 1.30 -0.33 -0.25 0.01 0.26 0.14 0.72 1.13 1.49 -0.28 -0.15 0.08 0.31 
Loss: 0.619976  SIA Ef: -0.043503 Binding: -0.40 0.07 0.03 0.19 0.06 0.45 0.25 -0.04 0.03 -0.10 -0.22  Rvol: 0.54 0.91 1.30 -0.33 -0.25 0.01 0.26 0.14 0.72 1.13 1.49 -0.28 -0.15 0.08 0.31 
Loss: 0.619908  SIA Ef: -0.048009 Binding: -0.40 0.07 0.03 0.19 0.06 0.45 0.25 -0.05 0.03 -0.10 -0.22  Rvol: 0.54 0.91 1.30 -0.33 -0.25 0.01 0.26 0.14 0.72 1.13 1.49 -0.28 -0.15 0.08 0.31 
Loss: 0.621509  SIA Ef: -0.045363 Binding: -0.40 0.07 0.03 0.19 0.06 0.45 0.25 -0.04 0.03 -0.09 -0.22  Rvol: 0.54 0.91 1.30 -0.33 -0.26 0.01 0.26 0.14 0.72 1.13 1.49 -0.28 -0.15 0.08 0.31 
Loss: 0.619893  SIA Ef: -0.050665 Binding: -0.40 0.07 0.03 0.19 0.06 0.45 0.25 -0.05 0.03 -0.10 -0.22  Rvol: 0.54 0.91 1.30 -0.33 -0.25 0.01 0.26 0.14 0.72 1.13 1.49 -0.28 -0.15 0.08 0.31 
Loss: 0.619787  SIA Ef: -0.051522 Binding: -0.40 0.07 0.03 0.19 0.06 0.45 0.25 -0.05 0.03 -0.10 -0.22  Rvol: 0.54 0.91 1.30 -0.33 -0.25 0.01 0.26 0.14 0.72 1.13 1.49 -0.28 -0.15 0.08 0.31 
Loss: 0.619740  SIA Ef: -0.052393 Binding: -0.40 0.07 0.02 0.19 0.06 0.45 0.25 -0.05 0.03 -0.10 -0.22  Rvol: 0.54 0.91 1.30 -0.33 -0.25 0.01 0.26 0.14 0.72 1.13 1.49 -0.28 -0.15 0.08 0.31 
Loss: 0.619570  SIA Ef: -0.048671 Binding: -0.40 0.07 0.03 0.19 0.06 0.45 0.25 -0.05 0.03 -0.10 -0.22  Rvol: 0.54 0.91 1.30 -0.33 -0.25 0.01 0.26 0.14 0.72 1.13 1.49 -0.28 -0.15 0.08 0.31 
Loss: 0.621031  SIA Ef: -0.042491 Binding: -0.40 0.07 0.03 0.19 0.06 0.45 0.25 -0.04 0.03 -0.10 -0.22  Rvol: 0.54 0.91 1.30 -0.33 -0.26 0.01 0.26 0.14 0.72 1.13 1.49 -0.28 -0.15 0.08 0.31 
Loss: 0.621152  SIA Ef: -0.048398 Binding: -0.40 0.07 0.03 0.19 0.06 0.45 0.25 -0.05 0.03 -0.10 -0.22  Rvol: 0.54 0.91 1.30 -0.33 -0.26 0.01 0.26 0.14 0.72 1.13 1.49 -0.28 -0.15 0.08 0.31 
Loss: 0.619642  SIA Ef: -0.045721 Binding: -0.40 0.07 0.03 0.19 0.06 0.45 0.25 -0.04 0.03 -0.09 -0.22  Rvol: 0.54 0.91 1.30 -0.33 -0.25 0.01 0.26 0.14 0.72 1.13 1.49 -0.28 -0.15 0.08 0.31 
Loss: 0.619563  SIA Ef: -0.048631 Binding: -0.40 0.07 0.03 0.19 0.06 0.45 0.25 -0.05 0.03 -0.10 -0.22  Rvol: 0.54 0.91 1.30 -0.33 -0.25 0.01 0.26 0.14 0.72 1.13 1.49 -0.28 -0.15 0.08 0.31 
Loss: 0.619378  SIA Ef: -0.052333 Binding: -0.40 0.07 0.02 0.19 0.06 0.45 0.25 -0.05 0.03 -0.10 -0.22  Rvol: 0.54 0.91 1.30 -0.33 -0.25 0.01 0.26 0.14 0.72 1.13 1.49 -0.28 -0.15 0.08 0.31 
Loss: 0.619390  SIA Ef: -0.052663 Binding: -0.40 0.07 0.02 0.19 0.06 0.45 0.25 -0.05 0.03 -0.10 -0.22  Rvol: 0.54 0.91 1.30 -0.33 -0.25 0.01 0.26 0.14 0.72 1.13 1.49 -0.28 -0.15 0.08 0.31 
Loss: 0.619488  SIA Ef: -0.060973 Binding: -0.40 0.07 0.02 0.19 0.06 0.45 0.25 -0.05 0.03 -0.10 -0.22  Rvol: 0.54 0.91 1.30 -0.33 -0.25 0.01 0.26 0.14 0.72 1.13 1.49 -0.28 -0.15 0.08 0.31 
Loss: 0.619387  SIA Ef: -0.055290 Binding: -0.40 0.07 0.02 0.19 0.06 0.45 0.25 -0.05 0.03 -0.10 -0.22  Rvol: 0.54 0.91 1.30 -0.33 -0.25 0.01 0.26 0.14 0.72 1.13 1.49 -0.28 -0.15 0.08 0.31 
Loss: 0.619307  SIA Ef: -0.046987 Binding: -0.40 0.07 0.02 0.19 0.06 0.45 0.25 -0.05 0.03 -0.10 -0.22  Rvol: 0.54 0.91 1.30 -0.33 -0.25 0.01 0.26 0.14 0.72 1.13 1.49 -0.28 -0.15 0.08 0.31 
Loss: 0.619328  SIA Ef: -0.048492 Binding: -0.40 0.07 0.02 0.19 0.06 0.45 0.25 -0.05 0.03 -0.10 -0.22  Rvol: 0.54 0.91 1.30 -0.33 -0.25 0.01 0.26 0.14 0.72 1.13 1.49 -0.28 -0.15 0.08 0.31 
Loss: 0.619141  SIA Ef: -0.043002 Binding: -0.40 0.07 0.02 0.19 0.06 0.45 0.25 -0.05 0.03 -0.10 -0.22  Rvol: 0.54 0.91 1.30 -0.33 -0.25 0.01 0.26 0.14 0.72 1.13 1.49 -0.28 -0.15 0.08 0.31 
Loss: 0.619162  SIA Ef: -0.037997 Binding: -0.40 0.07 0.02 0.19 0.06 0.45 0.25 -0.04 0.03 -0.09 -0.22  Rvol: 0.54 0.91 1.30 -0.33 -0.25 0.01 0.26 0.14 0.72 1.13 1.49 -0.28 -0.15 0.08 0.31 
Loss: 0.619166  SIA Ef: -0.041010 Binding: -0.40 0.07 0.02 0.19 0.06 0.45 0.25 -0.05 0.03 -0.10 -0.22  Rvol: 0.54 0.91 1.30 -0.33 -0.25 0.01 0.26 0.14 0.72 1.13 1.49 -0.28 -0.15 0.08 0.31 
Loss: 0.619170  SIA Ef: -0.042575 Binding: -0.40 0.07 0.02 0.18 0.06 0.45 0.25 -0.05 0.03 -0.10 -0.22  Rvol: 0.54 0.91 1.30 -0.33 -0.25 0.01 0.26 0.14 0.72 1.13 1.49 -0.28 -0.15 0.08 0.31 
Loss: 0.619129  SIA Ef: -0.042825 Binding: -0.40 0.07 0.02 0.19 0.06 0.45 0.25 -0.05 0.03 -0.10 -0.22  Rvol: 0.54 0.91 1.30 -0.33 -0.25 0.01 0.26 0.14 0.72 1.13 1.49 -0.28 -0.15 0.08 0.31 
Loss: 0.620704  SIA Ef: -0.036159 Binding: -0.40 0.07 0.02 0.19 0.06 0.45 0.25 -0.05 0.03 -0.10 -0.22  Rvol: 0.54 0.91 1.30 -0.33 -0.26 0.01 0.26 0.14 0.72 1.13 1.49 -0.28 -0.15 0.08 0.31 
Loss: 0.619051  SIA Ef: -0.047003 Binding: -0.40 0.07 0.02 0.19 0.06 0.45 0.25 -0.05 0.03 -0.10 -0.22  Rvol: 0.54 0.91 1.30 -0.33 -0.25 0.01 0.26 0.14 0.72 1.13 1.49 -0.28 -0.15 0.08 0.31 
Loss: 0.619107  SIA Ef: -0.051171 Binding: -0.40 0.07 0.01 0.19 0.06 0.45 0.25 -0.05 0.03 -0.10 -0.22  Rvol: 0.54 0.91 1.30 -0.33 -0.25 0.01 0.26 0.14 0.72 1.13 1.49 -0.28 -0.15 0.08 0.31 
Loss: 0.619130  SIA Ef: -0.048906 Binding: -0.40 0.07 0.01 0.18 0.06 0.45 0.25 -0.05 0.03 -0.10 -0.22  Rvol: 0.54 0.91 1.30 -0.33 -0.25 0.01 0.26 0.14 0.72 1.13 1.49 -0.28 -0.15 0.08 0.31 
Loss: 0.619046  SIA Ef: -0.047241 Binding: -0.40 0.07 0.02 0.19 0.06 0.45 0.25 -0.05 0.03 -0.10 -0.22  Rvol: 0.54 0.91 1.30 -0.33 -0.25 0.01 0.26 0.14 0.72 1.13 1.49 -0.28 -0.15 0.08 0.31 
Loss: 0.619083  SIA Ef: -0.048405 Binding: -0.40 0.07 0.01 0.19 0.06 0.45 0.25 -0.05 0.03 -0.10 -0.22  Rvol: 0.54 0.91 1.30 -0.33 -0.25 0.01 0.26 0.14 0.72 1.13 1.49 -0.28 -0.15 0.08 0.31 
Loss: 0.619028  SIA Ef: -0.048323 Binding: -0.40 0.07 0.02 0.19 0.06 0.45 0.25 -0.05 0.03 -0.10 -0.22  Rvol: 0.54 0.91 1.30 -0.33 -0.25 0.01 0.26 0.14 0.72 1.13 1.49 -0.28 -0.15 0.08 0.31 
Loss: 0.619024  SIA Ef: -0.051121 Binding: -0.40 0.07 0.02 0.19 0.06 0.45 0.25 -0.05 0.03 -0.10 -0.22  Rvol: 0.54 0.91 1.30 -0.33 -0.25 0.01 0.26 0.14 0.72 1.13 1.49 -0.28 -0.15 0.08 0.31 
Loss: 0.619050  SIA Ef: -0.052131 Binding: -0.40 0.07 0.02 0.19 0.06 0.45 0.25 -0.05 0.03 -0.10 -0.22  Rvol: 0.54 0.91 1.30 -0.33 -0.25 0.01 0.26 0.14 0.72 1.13 1.49 -0.28 -0.15 0.08 0.31 
Loss: 0.619138  SIA Ef: -0.053352 Binding: -0.40 0.07 0.02 0.19 0.06 0.45 0.25 -0.05 0.03 -0.10 -0.22  Rvol: 0.54 0.91 1.30 -0.33 -0.25 0.01 0.26 0.14 0.72 1.13 1.49 -0.28 -0.15 0.08 0.31 
Loss: 0.619013  SIA Ef: -0.050202 Binding: -0.40 0.07 0.02 0.19 0.06 0.45 0.25 -0.05 0.03 -0.10 -0.22  Rvol: 0.54 0.91 1.30 -0.33 -0.25 0.01 0.26 0.14 0.72 1.13 1.49 -0.28 -0.15 0.08 0.31 
Loss: 0.618891  SIA Ef: -0.049352 Binding: -0.40 0.07 0.02 0.19 0.06 0.45 0.25 -0.05 0.03 -0.10 -0.22  Rvol: 0.54 0.91 1.30 -0.33 -0.25 0.01 0.26 0.14 0.72 1.13 1.49 -0.28 -0.15 0.08 0.31 
Loss: 0.618795  SIA Ef: -0.049993 Binding: -0.40 0.07 0.02 0.19 0.06 0.45 0.25 -0.05 0.03 -0.09 -0.22  Rvol: 0.54 0.91 1.30 -0.33 -0.25 0.01 0.26 0.14 0.72 1.13 1.49 -0.28 -0.15 0.08 0.31 
Loss: 0.618740  SIA Ef: -0.047515 Binding: -0.40 0.07 0.02 0.19 0.06 0.45 0.25 -0.05 0.03 -0.09 -0.22  Rvol: 0.54 0.91 1.30 -0.33 -0.25 0.01 0.26 0.14 0.72 1.13 1.49 -0.28 -0.15 0.08 0.31 
Loss: 0.620216  SIA Ef: -0.044780 Binding: -0.40 0.07 0.02 0.19 0.06 0.45 0.25 -0.04 0.03 -0.09 -0.22  Rvol: 0.54 0.91 1.30 -0.33 -0.26 0.01 0.26 0.14 0.72 1.13 1.49 -0.28 -0.15 0.08 0.31 
Loss: 0.620323  SIA Ef: -0.047299 Binding: -0.40 0.07 0.02 0.19 0.06 0.45 0.25 -0.04 0.03 -0.09 -0.22  Rvol: 0.54 0.91 1.30 -0.33 -0.26 0.01 0.26 0.14 0.72 1.13 1.49 -0.28 -0.15 0.08 0.31 
Loss: 0.618735  SIA Ef: -0.050391 Binding: -0.40 0.07 0.02 0.19 0.06 0.45 0.25 -0.05 0.03 -0.09 -0.22  Rvol: 0.54 0.91 1.30 -0.33 -0.25 0.01 0.26 0.14 0.72 1.13 1.49 -0.28 -0.15 0.08 0.31 
Loss: 0.618735  SIA Ef: -0.050640 Binding: -0.40 0.07 0.02 0.19 0.06 0.45 0.25 -0.05 0.03 -0.09 -0.22  Rvol: 0.54 0.91 1.30 -0.33 -0.25 0.01 0.26 0.14 0.72 1.13 1.49 -0.28 -0.15 0.08 0.31 
Loss: 0.618689  SIA Ef: -0.047623 Binding: -0.40 0.07 0.02 0.19 0.06 0.45 0.25 -0.05 0.03 -0.10 -0.22  Rvol: 0.54 0.91 1.30 -0.33 -0.25 0.01 0.26 0.14 0.72 1.13 1.49 -0.28 -0.15 0.08 0.31 
Loss: 0.618686  SIA Ef: -0.048720 Binding: -0.40 0.07 0.02 0.19 0.06 0.45 0.25 -0.05 0.03 -0.10 -0.22  Rvol: 0.54 0.91 1.30 -0.33 -0.25 0.01 0.26 0.14 0.72 1.13 1.49 -0.28 -0.15 0.08 0.31 
Loss: 0.618560  SIA Ef: -0.047522 Binding: -0.40 0.07 0.02 0.19 0.06 0.45 0.25 -0.05 0.03 -0.10 -0.22  Rvol: 0.54 0.91 1.30 -0.33 -0.25 0.01 0.26 0.14 0.72 1.13 1.49 -0.28 -0.15 0.08 0.31 
Loss: 0.620011  SIA Ef: -0.045970 Binding: -0.40 0.07 0.02 0.19 0.06 0.45 0.25 -0.05 0.03 -0.10 -0.22  Rvol: 0.54 0.91 1.30 -0.33 -0.26 0.01 0.26 0.14 0.72 1.13 1.49 -0.28 -0.15 0.08 0.31 
Loss: 0.618582  SIA Ef: -0.046413 Binding: -0.40 0.07 0.02 0.19 0.06 0.45 0.25 -0.05 0.03 -0.09 -0.22  Rvol: 0.54 0.91 1.30 -0.33 -0.25 0.01 0.26 0.14 0.72 1.13 1.49 -0.28 -0.15 0.08 0.31 
Loss: 0.620001  SIA Ef: -0.046990 Binding: -0.40 0.07 0.02 0.19 0.06 0.45 0.25 -0.05 0.03 -0.10 -0.22  Rvol: 0.54 0.91 1.30 -0.33 -0.26 0.01 0.26 0.14 0.72 1.13 1.49 -0.28 -0.15 0.08 0.31 
Loss: 0.618566  SIA Ef: -0.048927 Binding: -0.40 0.07 0.02 0.19 0.06 0.45 0.25 -0.05 0.03 -0.10 -0.22  Rvol: 0.54 0.91 1.30 -0.33 -0.25 0.01 0.26 0.14 0.72 1.13 1.49 -0.28 -0.15 0.08 0.31 
Loss: 0.620004  SIA Ef: -0.046724 Binding: -0.40 0.07 0.02 0.19 0.06 0.45 0.25 -0.05 0.03 -0.10 -0.22  Rvol: 0.54 0.91 1.30 -0.33 -0.26 0.01 0.26 0.14 0.72 1.13 1.49 -0.28 -0.15 0.08 0.31 
Loss: 0.620131  SIA Ef: -0.047018 Binding: -0.40 0.07 0.02 0.19 0.06 0.45 0.25 -0.05 0.03 -0.10 -0.22  Rvol: 0.54 0.91 1.30 -0.33 -0.26 0.01 0.26 0.14 0.72 1.13 1.49 -0.28 -0.15 0.08 0.31 
Loss: 0.618550  SIA Ef: -0.048501 Binding: -0.40 0.07 0.02 0.19 0.06 0.45 0.25 -0.05 0.03 -0.10 -0.22  Rvol: 0.54 0.91 1.30 -0.33 -0.25 0.01 0.26 0.14 0.72 1.13 1.49 -0.28 -0.15 0.08 0.31 
Loss: 0.618571  SIA Ef: -0.049621 Binding: -0.40 0.07 0.02 0.18 0.06 0.45 0.25 -0.05 0.03 -0.10 -0.22  Rvol: 0.54 0.91 1.30 -0.33 -0.25 0.01 0.26 0.14 0.72 1.13 1.49 -0.28 -0.15 0.08 0.31 
Loss: 0.619993  SIA Ef: -0.047101 Binding: -0.40 0.07 0.02 0.19 0.06 0.45 0.25 -0.05 0.03 -0.10 -0.22  Rvol: 0.54 0.91 1.30 -0.33 -0.26 0.01 0.26 0.14 0.72 1.13 1.49 -0.28 -0.15 0.08 0.31 
Loss: 0.618550  SIA Ef: -0.047312 Binding: -0.40 0.07 0.02 0.19 0.06 0.45 0.25 -0.05 0.03 -0.10 -0.22  Rvol: 0.54 0.91 1.30 -0.33 -0.25 0.01 0.26 0.14 0.72 1.13 1.49 -0.28 -0.15 0.08 0.31 
Loss: 0.618600  SIA Ef: -0.049619 Binding: -0.40 0.07 0.02 0.19 0.06 0.45 0.25 -0.05 0.03 -0.10 -0.22  Rvol: 0.54 0.91 1.30 -0.33 -0.25 0.01 0.26 0.14 0.72 1.13 1.49 -0.28 -0.15 0.08 0.31 
Loss: 0.618555  SIA Ef: -0.048708 Binding: -0.40 0.07 0.02 0.19 0.06 0.45 0.25 -0.05 0.03 -0.10 -0.22  Rvol: 0.54 0.91 1.30 -0.33 -0.25 0.01 0.26 0.14 0.72 1.13 1.49 -0.28 -0.15 0.08 0.31 
Loss: 0.618627  SIA Ef: -0.044644 Binding: -0.40 0.07 0.02 0.19 0.06 0.45 0.25 -0.05 0.03 -0.10 -0.22  Rvol: 0.54 0.91 1.30 -0.33 -0.25 0.01 0.26 0.14 0.72 1.13 1.49 -0.28 -0.15 0.08 0.31 
Loss: 0.618553  SIA Ef: -0.047565 Binding: -0.40 0.07 0.02 0.19 0.06 0.45 0.25 -0.05 0.03 -0.10 -0.22  Rvol: 0.54 0.91 1.30 -0.33 -0.25 0.01 0.26 0.14 0.72 1.13 1.49 -0.28 -0.15 0.08 0.31 
Loss: 0.618649  SIA Ef: -0.049162 Binding: -0.40 0.07 0.02 0.19 0.06 0.45 0.25 -0.05 0.03 -0.10 -0.22  Rvol: 0.54 0.91 1.30 -0.33 -0.25 0.01 0.26 0.14 0.72 1.13 1.49 -0.28 -0.15 0.08 0.31 
Loss: 0.618568  SIA Ef: -0.046203 Binding: -0.40 0.07 0.02 0.19 0.06 0.45 0.25 -0.05 0.03 -0.10 -0.22  Rvol: 0.54 0.91 1.30 -0.33 -0.25 0.01 0.26 0.14 0.72 1.13 1.49 -0.28 -0.15 0.08 0.31 
Loss: 0.618550  SIA Ef: -0.048017 Binding: -0.40 0.07 0.02 0.19 0.06 0.45 0.25 -0.05 0.03 -0.10 -0.22  Rvol: 0.54 0.91 1.30 -0.33 -0.25 0.01 0.26 0.14 0.72 1.13 1.49 -0.28 -0.15 0.08 0.31 
Loss: 0.618488  SIA Ef: -0.047618 Binding: -0.40 0.07 0.02 0.19 0.06 0.45 0.25 -0.05 0.03 -0.10 -0.22  Rvol: 0.54 0.91 1.30 -0.33 -0.25 0.01 0.26 0.14 0.72 1.13 1.49 -0.28 -0.15 0.08 0.31 
Loss: 0.619990  SIA Ef: -0.047424 Binding: -0.40 0.07 0.02 0.19 0.06 0.45 0.25 -0.05 0.03 -0.10 -0.22  Rvol: 0.54 0.91 1.30 -0.33 -0.26 0.01 0.26 0.14 0.72 1.13 1.49 -0.28 -0.15 0.08 0.31 
Loss: 0.618488  SIA Ef: -0.048420 Binding: -0.40 0.07 0.02 0.19 0.06 0.45 0.25 -0.05 0.03 -0.10 -0.22  Rvol: 0.54 0.91 1.30 -0.33 -0.25 0.01 0.26 0.14 0.72 1.13 1.49 -0.28 -0.15 0.08 0.31 
Loss: 0.619990  SIA Ef: -0.047948 Binding: -0.40 0.07 0.02 0.19 0.06 0.45 0.25 -0.05 0.03 -0.10 -0.22  Rvol: 0.54 0.91 1.30 -0.33 -0.26 0.01 0.26 0.14 0.72 1.13 1.49 -0.28 -0.15 0.08 0.31 
Loss: 0.618485  SIA Ef: -0.048033 Binding: -0.40 0.07 0.02 0.19 0.06 0.45 0.25 -0.05 0.03 -0.10 -0.22  Rvol: 0.54 0.91 1.30 -0.33 -0.25 0.01 0.26 0.14 0.72 1.13 1.49 -0.28 -0.15 0.08 0.31 
Loss: 0.618521  SIA Ef: -0.049642 Binding: -0.40 0.07 0.02 0.19 0.06 0.45 0.25 -0.05 0.03 -0.10 -0.22  Rvol: 0.54 0.91 1.30 -0.33 -0.25 0.01 0.26 0.14 0.72 1.13 1.49 -0.28 -0.15 0.08 0.31 
Loss: 0.618483  SIA Ef: -0.048406 Binding: -0.40 0.07 0.02 0.19 0.06 0.45 0.25 -0.05 0.03 -0.10 -0.22  Rvol: 0.54 0.91 1.30 -0.33 -0.25 0.01 0.26 0.14 0.72 1.13 1.49 -0.28 -0.15 0.08 0.31 
Loss: 0.618476  SIA Ef: -0.049429 Binding: -0.40 0.07 0.02 0.19 0.06 0.45 0.25 -0.05 0.03 -0.10 -0.22  Rvol: 0.54 0.91 1.30 -0.33 -0.25 0.01 0.26 0.14 0.72 1.13 1.49 -0.28 -0.15 0.08 0.31 
Loss: 0.618481  SIA Ef: -0.049152 Binding: -0.40 0.07 0.02 0.19 0.06 0.45 0.25 -0.05 0.03 -0.09 -0.22  Rvol: 0.54 0.91 1.30 -0.33 -0.25 0.01 0.26 0.14 0.72 1.13 1.49 -0.28 -0.15 0.08 0.31 
Loss: 0.618475  SIA Ef: -0.047515 Binding: -0.40 0.07 0.02 0.19 0.06 0.45 0.25 -0.05 0.03 -0.10 -0.22  Rvol: 0.54 0.91 1.30 -0.33 -0.25 0.01 0.26 0.14 0.72 1.13 1.49 -0.28 -0.15 0.08 0.31 
Loss: 0.618449  SIA Ef: -0.047342 Binding: -0.40 0.07 0.02 0.19 0.06 0.45 0.25 -0.05 0.03 -0.10 -0.22  Rvol: 0.54 0.91 1.30 -0.33 -0.25 0.01 0.26 0.14 0.72 1.13 1.49 -0.28 -0.15 0.08 0.31 
Loss: 0.618427  SIA Ef: -0.047067 Binding: -0.40 0.07 0.02 0.19 0.06 0.45 0.25 -0.05 0.03 -0.10 -0.22  Rvol: 0.54 0.91 1.30 -0.33 -0.25 0.01 0.26 0.14 0.72 1.13 1.49 -0.28 -0.15 0.08 0.31 
Loss: 0.619977  SIA Ef: -0.046302 Binding: -0.40 0.07 0.02 0.19 0.06 0.45 0.25 -0.05 0.03 -0.10 -0.22  Rvol: 0.54 0.91 1.30 -0.33 -0.26 0.01 0.26 0.14 0.72 1.13 1.49 -0.28 -0.15 0.08 0.31 
Loss: 0.618422  SIA Ef: -0.047232 Binding: -0.40 0.07 0.02 0.19 0.06 0.45 0.25 -0.05 0.03 -0.10 -0.22  Rvol: 0.54 0.91 1.30 -0.33 -0.25 0.01 0.26 0.14 0.72 1.13 1.49 -0.28 -0.15 0.08 0.31 
Loss: 0.618421  SIA Ef: -0.047856 Binding: -0.40 0.07 0.02 0.19 0.06 0.45 0.25 -0.05 0.03 -0.10 -0.22  Rvol: 0.54 0.91 1.30 -0.33 -0.25 0.01 0.26 0.14 0.72 1.13 1.49 -0.28 -0.15 0.08 0.31 
Loss: 0.618420  SIA Ef: -0.047686 Binding: -0.40 0.07 0.02 0.19 0.06 0.45 0.25 -0.05 0.03 -0.10 -0.22  Rvol: 0.54 0.91 1.30 -0.33 -0.25 0.01 0.26 0.14 0.72 1.13 1.49 -0.28 -0.15 0.08 0.31 
Loss: 0.618416  SIA Ef: -0.048258 Binding: -0.40 0.07 0.02 0.19 0.06 0.45 0.25 -0.05 0.03 -0.10 -0.22  Rvol: 0.54 0.91 1.30 -0.33 -0.25 0.01 0.26 0.14 0.72 1.13 1.49 -0.28 -0.15 0.08 0.31 
Loss: 0.618423  SIA Ef: -0.048391 Binding: -0.40 0.07 0.02 0.19 0.06 0.45 0.25 -0.05 0.03 -0.10 -0.22  Rvol: 0.54 0.91 1.30 -0.33 -0.25 0.01 0.26 0.14 0.72 1.13 1.49 -0.28 -0.15 0.08 0.31 
Loss: 0.618400  SIA Ef: -0.048063 Binding: -0.40 0.07 0.02 0.19 0.06 0.45 0.25 -0.05 0.03 -0.10 -0.22  Rvol: 0.54 0.91 1.30 -0.33 -0.25 0.01 0.26 0.14 0.72 1.13 1.49 -0.28 -0.15 0.08 0.31 
Loss: 0.618391  SIA Ef: -0.047687 Binding: -0.40 0.07 0.02 0.18 0.06 0.45 0.25 -0.05 0.03 -0.10 -0.22  Rvol: 0.54 0.91 1.30 -0.33 -0.25 0.01 0.26 0.14 0.72 1.13 1.49 -0.28 -0.15 0.08 0.31 
Loss: 0.619944  SIA Ef: -0.047114 Binding: -0.40 0.07 0.01 0.19 0.06 0.45 0.25 -0.05 0.03 -0.10 -0.22  Rvol: 0.54 0.91 1.30 -0.33 -0.26 0.01 0.26 0.14 0.72 1.13 1.49 -0.28 -0.15 0.08 0.31 
Loss: 0.618397  SIA Ef: -0.047775 Binding: -0.40 0.07 0.02 0.18 0.06 0.45 0.25 -0.05 0.03 -0.10 -0.22  Rvol: 0.54 0.91 1.30 -0.33 -0.25 0.01 0.26 0.14 0.72 1.13 1.49 -0.28 -0.15 0.08 0.31 
Loss: 0.618395  SIA Ef: -0.047450 Binding: -0.40 0.07 0.02 0.18 0.06 0.45 0.25 -0.05 0.03 -0.10 -0.22  Rvol: 0.54 0.91 1.30 -0.33 -0.25 0.01 0.26 0.14 0.72 1.13 1.49 -0.28 -0.15 0.08 0.31 
Loss: 0.618391  SIA Ef: -0.047423 Binding: -0.40 0.07 0.02 0.19 0.06 0.45 0.25 -0.05 0.03 -0.10 -0.22  Rvol: 0.54 0.91 1.30 -0.33 -0.25 0.01 0.26 0.14 0.72 1.13 1.49 -0.28 -0.15 0.08 0.31 
Loss: 0.618398  SIA Ef: -0.048452 Binding: -0.40 0.07 0.02 0.18 0.06 0.45 0.25 -0.05 0.03 -0.10 -0.22  Rvol: 0.54 0.91 1.30 -0.33 -0.25 0.01 0.26 0.14 0.72 1.13 1.49 -0.28 -0.15 0.08 0.31 
Loss: 0.618385  SIA Ef: -0.048011 Binding: -0.40 0.07 0.02 0.18 0.06 0.45 0.25 -0.05 0.03 -0.10 -0.22  Rvol: 0.54 0.91 1.30 -0.33 -0.25 0.01 0.26 0.14 0.72 1.13 1.49 -0.28 -0.15 0.08 0.31 
Loss: 0.618370  SIA Ef: -0.047982 Binding: -0.40 0.07 0.02 0.18 0.06 0.45 0.25 -0.05 0.03 -0.10 -0.22  Rvol: 0.54 0.91 1.30 -0.33 -0.25 0.01 0.26 0.14 0.72 1.13 1.49 -0.28 -0.15 0.08 0.31 
Loss: 0.618351  SIA Ef: -0.048002 Binding: -0.40 0.07 0.02 0.18 0.06 0.45 0.25 -0.05 0.03 -0.10 -0.22  Rvol: 0.54 0.91 1.30 -0.33 -0.25 0.01 0.26 0.14 0.72 1.13 1.49 -0.28 -0.15 0.08 0.31 
Loss: 0.619912  SIA Ef: -0.048171 Binding: -0.40 0.07 0.01 0.19 0.06 0.45 0.25 -0.05 0.03 -0.10 -0.22  Rvol: 0.54 0.91 1.30 -0.33 -0.26 0.01 0.26 0.14 0.72 1.13 1.49 -0.28 -0.15 0.08 0.31 
Loss: 0.618360  SIA Ef: -0.047918 Binding: -0.40 0.07 0.02 0.18 0.06 0.45 0.25 -0.05 0.03 -0.10 -0.22  Rvol: 0.54 0.91 1.30 -0.33 -0.25 0.01 0.26 0.14 0.72 1.13 1.49 -0.28 -0.15 0.08 0.31 
Loss: 0.618357  SIA Ef: -0.048518 Binding: -0.40 0.07 0.02 0.18 0.06 0.45 0.25 -0.05 0.03 -0.10 -0.22  Rvol: 0.54 0.91 1.30 -0.33 -0.25 0.01 0.26 0.14 0.72 1.13 1.49 -0.28 -0.15 0.08 0.31 
Loss: 0.618356  SIA Ef: -0.047671 Binding: -0.40 0.07 0.02 0.18 0.06 0.45 0.25 -0.05 0.03 -0.10 -0.22  Rvol: 0.54 0.91 1.30 -0.33 -0.25 0.01 0.26 0.14 0.72 1.13 1.49 -0.28 -0.15 0.08 0.31 
Loss: 0.619919  SIA Ef: -0.047389 Binding: -0.40 0.07 0.01 0.19 0.06 0.45 0.25 -0.05 0.03 -0.10 -0.22  Rvol: 0.54 0.91 1.30 -0.33 -0.26 0.01 0.26 0.14 0.72 1.13 1.49 -0.28 -0.15 0.08 0.31 
Loss: 0.618357  SIA Ef: -0.048142 Binding: -0.40 0.07 0.02 0.18 0.06 0.45 0.25 -0.05 0.03 -0.10 -0.22  Rvol: 0.54 0.91 1.30 -0.33 -0.25 0.01 0.26 0.14 0.72 1.13 1.49 -0.28 -0.15 0.08 0.31 
Loss: 0.618342  SIA Ef: -0.047968 Binding: -0.40 0.07 0.02 0.18 0.06 0.45 0.25 -0.05 0.03 -0.10 -0.22  Rvol: 0.54 0.91 1.30 -0.33 -0.25 0.01 0.26 0.14 0.72 1.13 1.49 -0.28 -0.15 0.08 0.31 
Loss: 0.618344  SIA Ef: -0.048219 Binding: -0.40 0.07 0.02 0.18 0.06 0.45 0.25 -0.05 0.03 -0.10 -0.22  Rvol: 0.54 0.91 1.30 -0.33 -0.25 0.01 0.26 0.14 0.72 1.13 1.49 -0.28 -0.15 0.08 0.31 
Loss: 0.619899  SIA Ef: -0.047277 Binding: -0.40 0.07 0.01 0.19 0.06 0.45 0.25 -0.05 0.03 -0.10 -0.22  Rvol: 0.54 0.91 1.30 -0.33 -0.26 0.01 0.26 0.14 0.72 1.13 1.49 -0.28 -0.15 0.08 0.31 
Loss: 0.618344  SIA Ef: -0.048065 Binding: -0.40 0.07 0.02 0.18 0.06 0.45 0.25 -0.05 0.03 -0.10 -0.22  Rvol: 0.54 0.91 1.30 -0.33 -0.25 0.01 0.26 0.14 0.72 1.13 1.49 -0.28 -0.15 0.08 0.31 
Loss: 0.618353  SIA Ef: -0.048323 Binding: -0.40 0.07 0.02 0.18 0.06 0.45 0.25 -0.05 0.03 -0.10 -0.22  Rvol: 0.54 0.91 1.30 -0.33 -0.25 0.01 0.26 0.14 0.72 1.13 1.49 -0.28 -0.15 0.08 0.31 
