Loss Ef:V0H0He1 Ef:V0H0He2 Ef:V1H0He1 Ef:V1H0He2 Ef:V0H1He1 Ef:V0H1He2 Ef:V1H1He1 Ef:V1H1He2  Vr:V0H0He1 Vr:V0H0He2 Vr:V1H0He1 Vr:V1H0He2 Vr:V0H1He1 Vr:V0H1He2 Vr:V1H1He1 Vr:V1H1He2  
12523384001540754.000000 22.11 -1115353068.57 11.59 23.05 20.14 -131096586.45 10.47 -159834596.52 0.81 38399228.27 -0.31 0.70 0.91 5329506.60 -0.31 5764661.26 
12522439443055046.000000 22.17 -1115309818.14 11.64 23.03 20.21 -131096586.13 10.54 -159834596.73 0.81 38397630.97 -0.31 0.70 0.91 5329506.60 -0.31 5764661.28 
8.774970 14.29 23.70 4.93 11.40 13.00 21.45 4.13 10.17 0.38 1.47 -0.45 -0.16 0.60 1.49 -0.33 -0.18 
27.164446 17.32 26.69 4.79 11.90 15.27 23.47 4.03 10.78 1.00 2.05 -0.16 0.16 1.15 2.06 -0.04 0.16 
70.833004 17.02 31.67 15.66 26.18 15.42 29.92 14.07 24.81 0.18 1.10 -0.28 0.33 0.63 0.99 -0.19 0.21 
62.329641 24.17 41.13 9.23 24.99 21.45 42.28 8.58 23.86 1.29 2.35 -0.49 -0.29 1.31 3.00 -0.33 -0.26 
9.428259 14.29 23.70 4.93 11.40 13.99 23.23 5.16 11.98 0.38 1.47 -0.45 -0.16 0.61 1.55 -0.32 -0.13 
8.801418 14.29 23.70 4.93 11.40 12.94 21.65 4.02 10.28 0.38 1.47 -0.45 -0.16 0.56 1.40 -0.35 -0.24 
8.756427 14.29 23.70 4.93 11.40 13.00 21.36 4.15 10.08 0.38 1.47 -0.45 -0.16 0.60 1.51 -0.32 -0.16 
9.369707 14.29 24.72 4.93 12.36 13.00 22.52 4.15 11.04 0.38 1.47 -0.45 -0.16 0.60 1.50 -0.32 -0.17 
8.531840 14.29 23.42 4.93 11.09 13.00 21.05 4.15 9.77 0.38 1.47 -0.45 -0.16 0.60 1.51 -0.32 -0.16 
8.604099 14.29 23.54 4.93 11.22 13.00 21.18 4.15 9.91 0.38 1.47 -0.45 -0.16 0.60 1.51 -0.32 -0.16 
8.448391 6.16 9.67 -1.24 -1.31 6.08 9.26 -1.43 -1.91 0.48 0.99 -0.25 -0.15 0.70 1.25 -0.09 0.01 
8.285002 6.19 9.72 -1.21 -1.26 6.12 9.33 -1.39 -1.85 0.48 0.99 -0.25 -0.15 0.70 1.26 -0.08 0.01 
18.923855 5.31 6.86 -4.04 -5.80 4.91 6.41 -4.16 -6.29 0.57 1.07 -0.25 -0.20 0.97 1.39 -0.08 -0.04 
10.076274 1.37 1.09 0.05 -2.91 0.94 1.90 -0.80 -3.75 0.09 0.53 -0.24 -0.09 0.57 0.43 -0.18 0.02 
16.016624 6.19 10.16 -0.88 -0.51 6.18 9.97 -1.05 -1.07 0.48 0.91 -0.32 -0.25 0.70 1.19 -0.15 -0.09 
7.292540 10.94 19.08 3.47 7.96 10.86 18.57 3.27 7.32 0.64 1.29 -0.15 0.06 0.87 1.59 0.02 0.22 
7.252279 10.88 18.98 3.45 7.89 10.55 17.99 3.00 6.78 0.63 1.28 -0.15 0.06 0.87 1.58 0.01 0.22 
24.865076 5.89 9.75 3.71 4.43 5.18 9.91 2.76 3.12 0.24 0.86 -0.07 0.23 0.73 0.85 0.01 0.32 
7.244340 10.88 18.98 3.45 7.89 10.54 17.94 2.99 6.73 0.63 1.28 -0.15 0.06 0.87 1.58 0.02 0.22 
15.445548 12.29 17.83 -0.01 3.66 10.75 16.74 -0.34 2.70 1.02 1.56 -0.05 0.09 1.39 1.88 0.11 0.25 
7.222141 10.88 18.73 3.46 7.66 10.54 17.68 3.00 6.49 0.63 1.28 -0.15 0.07 0.87 1.58 0.02 0.22 
9.759782 14.52 26.14 6.19 14.29 13.80 25.21 5.80 13.21 0.86 1.57 -0.24 -0.08 1.19 1.80 -0.05 0.11 
7.219519 10.88 18.73 3.46 7.66 10.54 17.66 3.00 6.47 0.63 1.28 -0.15 0.07 0.87 1.58 0.02 0.22 
17.137270 6.94 12.03 5.59 7.58 6.23 12.08 4.41 6.15 0.28 0.85 -0.11 0.19 0.73 0.86 -0.07 0.29 
7.159767 10.89 18.65 3.43 7.54 10.54 17.60 2.97 6.36 0.63 1.28 -0.15 0.06 0.87 1.58 0.02 0.22 
16.170285 12.80 18.51 0.34 4.18 11.17 17.08 0.01 3.22 1.05 1.58 -0.05 0.09 1.42 1.84 0.12 0.25 
7.028365 10.91 18.67 3.44 7.55 10.56 17.62 2.98 6.37 0.63 1.28 -0.15 0.06 0.87 1.58 0.02 0.22 
9.620288 14.48 25.97 6.15 14.10 13.75 25.01 5.76 13.01 0.86 1.56 -0.24 -0.09 1.19 1.80 -0.05 0.11 
25.900213 9.17 15.52 2.06 4.87 9.02 14.74 1.71 3.92 0.75 1.41 -0.07 0.22 0.90 1.63 0.09 0.38 
6.050892 13.82 24.29 6.91 13.50 12.67 22.31 6.13 11.76 0.36 1.21 -0.27 -0.01 0.72 1.62 -0.11 0.08 
8.876703 15.74 26.39 6.00 13.40 14.41 24.13 5.26 11.69 0.56 1.62 -0.28 -0.10 1.01 1.81 -0.11 0.01 
6.047284 13.82 24.27 6.91 13.48 12.67 22.29 6.13 11.75 0.36 1.21 -0.27 -0.01 0.72 1.62 -0.11 0.08 
11.659854 11.64 20.97 7.58 12.75 10.40 18.92 6.64 10.95 0.18 0.94 -0.21 0.11 0.70 1.21 -0.08 0.17 
11.510037 15.25 27.14 8.25 16.25 14.14 25.17 7.48 14.51 0.41 1.35 -0.26 0.03 0.76 1.65 -0.10 0.12 
6.827566 13.00 22.97 6.24 12.41 11.92 21.14 5.47 10.68 0.33 1.10 -0.36 -0.16 0.69 1.44 -0.19 -0.06 
5.907836 13.80 24.23 6.89 13.44 12.53 22.02 5.99 11.47 0.35 1.21 -0.27 -0.01 0.72 1.62 -0.11 0.08 
3.092165 12.63 20.69 4.27 8.88 11.30 18.39 3.38 6.93 0.37 1.32 -0.26 -0.07 0.67 1.64 -0.11 0.02 
2.845146 9.17 15.00 3.10 4.89 7.70 12.80 2.14 2.91 0.14 0.93 -0.22 0.00 0.61 1.37 -0.08 0.08 
2.850166 9.17 15.00 3.10 4.89 7.68 12.77 2.13 2.88 0.14 0.93 -0.22 0.00 0.61 1.37 -0.08 0.08 
4.236356 8.66 12.66 1.05 1.41 6.98 10.01 0.08 -0.63 0.17 1.12 -0.20 -0.04 0.57 1.52 -0.07 0.05 
2.812912 9.18 14.89 3.12 4.80 7.70 12.70 2.15 2.81 0.14 0.93 -0.22 0.00 0.61 1.37 -0.09 0.08 
3.909278 9.43 15.60 3.83 5.93 7.73 13.02 2.61 3.47 0.13 0.93 -0.21 0.03 0.62 1.31 -0.08 0.10 
2.808129 9.18 14.89 3.11 4.80 7.69 12.69 2.15 2.80 0.14 0.93 -0.22 -0.00 0.61 1.37 -0.08 0.08 
4.921040 8.09 12.96 1.98 2.89 6.64 10.77 1.01 0.87 0.11 0.80 -0.32 -0.14 0.57 1.22 -0.17 -0.07 
2.820995 9.19 14.88 3.12 4.78 7.71 12.68 2.16 2.79 0.14 0.93 -0.22 0.00 0.61 1.37 -0.08 0.08 
4.142527 9.41 15.44 3.67 5.64 7.96 13.37 2.73 3.71 0.13 0.95 -0.21 0.04 0.62 1.36 -0.07 0.11 
2.797325 9.24 15.02 3.21 4.96 7.76 12.83 2.25 2.96 0.14 0.93 -0.22 0.00 0.62 1.37 -0.09 0.08 
10.514307 10.76 17.77 5.57 8.75 9.15 15.85 4.54 6.77 0.09 1.34 -0.21 0.11 0.61 1.26 -0.08 0.15 
5.176983 7.76 12.31 1.55 2.08 6.60 10.52 0.76 0.36 0.25 0.87 -0.17 0.03 0.68 1.33 -0.03 0.14 
3.230593 9.11 14.15 2.22 3.37 7.53 11.66 1.26 1.33 0.16 1.00 -0.21 -0.01 0.59 1.47 -0.08 0.06 
4.052697 8.38 13.39 2.95 4.00 6.88 11.41 1.94 1.97 0.09 1.03 -0.21 0.02 0.60 1.25 -0.08 0.09 
2.628275 10.01 16.51 3.74 6.21 8.44 14.04 2.68 4.01 0.17 0.98 -0.23 0.00 0.63 1.42 -0.09 0.08 
1.994129 9.83 16.16 3.49 5.81 8.26 13.67 2.42 3.59 0.17 0.96 -0.24 -0.02 0.62 1.40 -0.10 0.06 
2.098545 9.89 16.21 3.18 5.60 8.36 13.74 2.14 3.39 0.19 0.99 -0.29 -0.09 0.61 1.39 -0.14 -0.01 
2.240934 10.25 16.91 3.99 6.66 8.60 14.34 2.89 4.40 0.15 0.99 -0.25 -0.01 0.61 1.40 -0.11 0.05 
1.974770 11.03 18.08 3.81 7.12 9.55 15.71 2.81 4.98 0.27 1.20 -0.26 -0.05 0.64 1.52 -0.11 0.03 
1.973865 11.03 18.08 3.81 7.12 9.56 15.72 2.81 4.99 0.27 1.20 -0.26 -0.05 0.64 1.52 -0.11 0.03 
1.683604 9.84 16.26 3.24 5.71 8.39 13.89 2.21 3.53 0.22 0.99 -0.26 -0.07 0.64 1.40 -0.11 0.02 
2.975549 9.49 14.96 2.05 3.75 7.95 12.41 1.00 1.52 0.25 1.14 -0.26 -0.09 0.62 1.45 -0.11 -0.01 
1.693663 9.78 16.08 3.20 5.56 8.33 13.74 2.18 3.40 0.22 0.98 -0.26 -0.07 0.63 1.39 -0.11 0.02 
1.756785 9.32 15.41 2.95 5.02 7.93 13.16 2.00 2.98 0.20 0.90 -0.26 -0.07 0.63 1.34 -0.11 0.02 
1.689807 9.81 16.20 3.21 5.67 8.36 13.84 2.18 3.49 0.22 0.98 -0.26 -0.07 0.64 1.39 -0.11 0.02 
1.755691 9.49 15.61 3.00 5.15 8.07 13.33 2.01 3.05 0.21 0.93 -0.26 -0.07 0.63 1.37 -0.11 0.02 
1.748709 9.56 15.73 3.02 5.23 8.13 13.43 2.02 3.11 0.21 0.95 -0.26 -0.07 0.63 1.38 -0.11 0.02 
1.576689 10.55 18.01 4.43 7.94 9.14 15.79 3.39 5.75 0.23 0.97 -0.29 -0.08 0.65 1.31 -0.14 0.01 
1.261517 10.19 17.54 4.43 7.76 8.85 15.44 3.40 5.61 0.23 0.90 -0.27 -0.06 0.67 1.29 -0.12 0.04 
1.611274 9.97 17.28 4.76 7.96 8.56 15.12 3.68 5.75 0.19 0.88 -0.26 -0.02 0.67 1.24 -0.12 0.06 
1.226841 9.98 17.18 4.33 7.50 8.62 15.07 3.30 5.33 0.22 0.88 -0.28 -0.07 0.67 1.26 -0.13 0.03 
1.254975 9.79 16.85 4.04 7.10 8.52 14.84 3.04 4.98 0.25 0.88 -0.28 -0.08 0.68 1.27 -0.12 0.03 
1.226748 9.98 17.18 4.33 7.50 8.63 15.07 3.30 5.34 0.22 0.88 -0.28 -0.07 0.67 1.26 -0.13 0.03 
1.807410 10.41 17.95 4.52 8.09 9.05 15.79 3.48 5.91 0.23 0.92 -0.30 -0.10 0.66 1.28 -0.15 -0.01 
1.275705 10.18 17.52 4.43 7.75 8.81 15.37 3.38 5.56 0.23 0.90 -0.28 -0.06 0.67 1.28 -0.13 0.02 
1.346834 10.45 18.01 4.62 8.17 9.12 15.94 3.62 6.08 0.24 0.93 -0.28 -0.06 0.67 1.30 -0.12 0.04 
1.229621 9.99 17.19 4.33 7.50 8.64 15.08 3.29 5.34 0.22 0.88 -0.28 -0.06 0.67 1.26 -0.13 0.03 
1.171075 9.61 16.55 4.10 6.96 8.31 14.52 3.10 4.88 0.21 0.87 -0.28 -0.06 0.67 1.24 -0.13 0.03 
1.178141 9.64 16.63 4.10 7.01 8.33 14.59 3.10 4.93 0.21 0.87 -0.28 -0.06 0.67 1.24 -0.12 0.03 
1.238979 9.51 16.24 3.85 6.52 8.20 14.21 2.86 4.44 0.21 0.86 -0.27 -0.07 0.66 1.24 -0.12 0.03 
1.201982 9.41 16.13 3.88 6.53 8.10 14.11 2.89 4.45 0.20 0.86 -0.27 -0.07 0.66 1.23 -0.12 0.03 
1.325886 9.51 16.13 3.64 6.24 8.20 14.11 2.66 4.18 0.22 0.87 -0.27 -0.07 0.66 1.26 -0.12 0.03 
1.148525 9.34 16.12 4.16 6.85 8.04 14.15 3.14 4.76 0.19 0.83 -0.27 -0.05 0.67 1.20 -0.12 0.05 
1.182303 9.38 16.19 4.22 6.94 8.05 14.19 3.20 4.84 0.18 0.83 -0.27 -0.04 0.66 1.20 -0.12 0.05 
1.056970 9.18 15.92 4.17 6.83 7.90 14.00 3.16 4.76 0.19 0.81 -0.27 -0.05 0.67 1.18 -0.12 0.04 
0.992117 9.18 16.00 4.30 7.04 7.94 14.15 3.30 5.00 0.20 0.80 -0.28 -0.05 0.68 1.17 -0.13 0.04 
0.960256 9.24 16.17 4.42 7.28 8.03 14.37 3.43 5.26 0.21 0.81 -0.27 -0.05 0.68 1.17 -0.12 0.05 
0.893075 9.01 15.80 4.32 7.05 7.83 14.06 3.34 5.06 0.21 0.79 -0.28 -0.06 0.69 1.15 -0.12 0.04 
0.850980 9.01 15.87 4.43 7.24 7.85 14.15 3.45 5.25 0.22 0.78 -0.28 -0.06 0.69 1.14 -0.13 0.04 
0.839223 8.83 15.56 4.35 7.03 7.69 13.89 3.37 5.05 0.22 0.77 -0.28 -0.07 0.69 1.12 -0.13 0.04 
0.839033 8.83 15.56 4.34 7.03 7.69 13.88 3.36 5.05 0.22 0.77 -0.28 -0.07 0.69 1.12 -0.13 0.04 
0.829279 8.91 15.75 4.47 7.27 7.76 14.05 3.48 5.27 0.22 0.77 -0.28 -0.07 0.69 1.12 -0.13 0.04 
0.828836 8.87 15.66 4.44 7.20 7.73 13.97 3.45 5.20 0.22 0.77 -0.28 -0.07 0.69 1.11 -0.13 0.04 
0.845581 8.58 15.14 4.27 6.81 7.46 13.50 3.28 4.82 0.22 0.74 -0.28 -0.07 0.69 1.09 -0.13 0.03 
0.788040 8.75 15.46 4.49 7.17 7.60 13.80 3.49 5.16 0.21 0.75 -0.28 -0.06 0.69 1.10 -0.13 0.04 
0.770802 8.68 15.41 4.69 7.40 7.53 13.77 3.67 5.39 0.19 0.73 -0.28 -0.06 0.68 1.07 -0.13 0.04 
0.757091 8.75 15.55 4.76 7.54 7.61 13.93 3.75 5.55 0.20 0.73 -0.28 -0.06 0.69 1.08 -0.13 0.04 
0.745815 8.58 15.26 4.77 7.45 7.46 13.71 3.75 5.46 0.20 0.72 -0.27 -0.05 0.69 1.06 -0.12 0.05 
0.764768 8.67 15.45 4.86 7.62 7.56 13.89 3.84 5.65 0.21 0.73 -0.27 -0.04 0.69 1.07 -0.12 0.06 
0.818130 8.58 15.29 4.94 7.64 7.44 13.71 3.89 5.62 0.19 0.71 -0.27 -0.04 0.68 1.05 -0.13 0.06 
0.731949 8.49 15.10 4.71 7.31 7.38 13.56 3.69 5.34 0.20 0.71 -0.27 -0.05 0.69 1.05 -0.12 0.05 
0.805181 8.35 14.80 4.61 7.05 7.24 13.28 3.59 5.09 0.19 0.70 -0.27 -0.04 0.68 1.04 -0.12 0.06 
0.732465 8.48 15.08 4.70 7.30 7.38 13.55 3.69 5.33 0.20 0.71 -0.27 -0.05 0.69 1.05 -0.12 0.05 
0.722658 8.16 14.48 4.54 6.91 7.07 13.03 3.52 4.95 0.20 0.70 -0.27 -0.05 0.68 1.02 -0.13 0.05 
0.731572 8.12 14.39 4.51 6.82 7.04 12.94 3.49 4.87 0.19 0.70 -0.27 -0.05 0.68 1.01 -0.13 0.05 
0.775029 8.07 14.28 4.42 6.67 6.99 12.85 3.42 4.74 0.19 0.70 -0.27 -0.05 0.68 1.02 -0.12 0.05 
0.680750 8.25 14.69 4.53 7.01 7.18 13.23 3.54 5.07 0.21 0.70 -0.28 -0.06 0.69 1.03 -0.13 0.04 
0.663059 8.28 14.80 4.69 7.25 7.21 13.33 3.67 5.29 0.21 0.70 -0.28 -0.07 0.68 1.02 -0.13 0.04 
0.692281 8.18 14.64 4.65 7.17 7.13 13.20 3.63 5.21 0.21 0.69 -0.28 -0.07 0.68 1.01 -0.14 0.03 
0.666427 8.18 14.64 4.72 7.24 7.11 13.18 3.69 5.27 0.20 0.68 -0.28 -0.07 0.68 1.00 -0.14 0.04 
0.673657 8.15 14.52 4.47 6.90 7.08 13.03 3.45 4.91 0.22 0.70 -0.28 -0.07 0.69 1.02 -0.13 0.04 
0.747969 8.27 14.77 4.62 7.15 7.19 13.26 3.60 5.17 0.20 0.69 -0.29 -0.07 0.68 1.02 -0.14 0.03 
0.590244 8.44 15.17 4.89 7.66 7.40 13.72 3.88 5.72 0.23 0.71 -0.28 -0.06 0.70 1.03 -0.13 0.05 
0.572503 8.38 15.06 4.91 7.66 7.37 13.70 3.91 5.76 0.23 0.71 -0.27 -0.05 0.70 1.02 -0.13 0.06 
0.572890 8.39 15.08 4.92 7.68 7.38 13.71 3.92 5.77 0.23 0.71 -0.27 -0.05 0.70 1.02 -0.13 0.06 
0.604126 8.56 15.42 5.08 8.02 7.54 14.03 4.08 6.10 0.24 0.72 -0.27 -0.05 0.70 1.03 -0.13 0.06 
0.592439 8.55 15.38 5.00 7.88 7.53 13.97 4.00 5.96 0.24 0.72 -0.27 -0.05 0.70 1.04 -0.12 0.06 
0.580730 8.44 15.14 4.95 7.73 7.43 13.78 3.96 5.82 0.24 0.71 -0.27 -0.05 0.70 1.03 -0.13 0.06 
0.628919 8.34 14.97 4.94 7.65 7.32 13.61 3.93 5.73 0.23 0.70 -0.27 -0.04 0.69 1.01 -0.12 0.06 
0.529800 8.28 14.90 4.89 7.62 7.30 13.59 3.90 5.73 0.24 0.70 -0.27 -0.05 0.70 1.01 -0.13 0.06 
0.525913 8.44 15.21 4.91 7.78 7.48 13.89 3.95 5.91 0.26 0.72 -0.28 -0.06 0.71 1.03 -0.13 0.05 
0.525938 8.42 15.20 4.96 7.85 7.46 13.88 3.99 5.97 0.25 0.71 -0.28 -0.07 0.70 1.02 -0.13 0.05 
0.541022 8.43 15.18 4.76 7.61 7.50 13.89 3.84 5.79 0.26 0.73 -0.28 -0.07 0.71 1.04 -0.13 0.05 
0.519657 8.43 15.18 4.80 7.65 7.47 13.84 3.85 5.78 0.26 0.73 -0.27 -0.06 0.71 1.04 -0.12 0.05 
0.577625 8.16 14.63 4.57 7.16 7.20 13.31 3.61 5.29 0.26 0.71 -0.28 -0.07 0.70 1.02 -0.13 0.04 
0.517841 8.49 15.31 4.86 7.77 7.54 13.97 3.91 5.90 0.27 0.74 -0.27 -0.06 0.71 1.04 -0.12 0.05 
0.533572 8.72 15.76 5.06 8.20 7.77 14.40 4.10 6.31 0.28 0.75 -0.27 -0.06 0.72 1.06 -0.12 0.06 
0.498067 8.40 15.15 4.86 7.71 7.46 13.84 3.90 5.85 0.27 0.72 -0.27 -0.06 0.71 1.03 -0.12 0.06 
0.511235 8.50 15.35 4.93 7.88 7.56 14.03 3.98 6.02 0.27 0.74 -0.27 -0.05 0.71 1.04 -0.12 0.06 
0.499752 8.40 15.14 4.85 7.70 7.45 13.83 3.89 5.83 0.27 0.72 -0.27 -0.06 0.71 1.03 -0.12 0.06 
0.501829 8.42 15.18 4.86 7.72 7.47 13.85 3.90 5.85 0.27 0.73 -0.27 -0.06 0.71 1.03 -0.12 0.06 
0.507840 8.47 15.27 4.89 7.79 7.51 13.94 3.94 5.93 0.27 0.73 -0.27 -0.05 0.71 1.04 -0.12 0.06 
0.485031 8.20 14.75 4.76 7.45 7.26 13.49 3.80 5.60 0.27 0.71 -0.27 -0.05 0.71 1.01 -0.12 0.06 
0.485572 8.18 14.71 4.72 7.39 7.24 13.44 3.75 5.53 0.26 0.71 -0.27 -0.06 0.71 1.01 -0.12 0.06 
0.478409 8.23 14.82 4.75 7.48 7.30 13.56 3.80 5.63 0.27 0.72 -0.27 -0.06 0.71 1.02 -0.12 0.06 
0.477692 8.16 14.67 4.66 7.31 7.24 13.44 3.72 5.49 0.27 0.72 -0.27 -0.06 0.71 1.02 -0.12 0.06 
0.485736 8.17 14.68 4.63 7.28 7.25 13.44 3.70 5.46 0.27 0.72 -0.27 -0.06 0.71 1.02 -0.12 0.06 
0.459044 8.20 14.78 4.72 7.45 7.29 13.55 3.79 5.63 0.28 0.72 -0.27 -0.06 0.71 1.02 -0.12 0.06 
0.444995 8.17 14.74 4.82 7.56 7.26 13.54 3.87 5.75 0.27 0.71 -0.27 -0.06 0.71 1.00 -0.13 0.06 
0.445250 8.10 14.62 4.80 7.51 7.20 13.43 3.85 5.69 0.27 0.70 -0.27 -0.06 0.71 1.00 -0.13 0.05 
0.440890 8.18 14.76 4.83 7.59 7.27 13.56 3.88 5.77 0.27 0.71 -0.27 -0.06 0.71 1.01 -0.13 0.06 
0.427060 8.20 14.84 4.92 7.74 7.31 13.66 3.97 5.93 0.28 0.71 -0.27 -0.06 0.71 1.00 -0.13 0.06 
0.414439 8.12 14.60 4.95 7.73 7.23 13.54 3.99 5.92 0.28 0.74 -0.27 -0.05 0.71 0.99 -0.12 0.07 
0.419430 8.23 14.92 4.99 7.87 7.35 13.75 4.04 6.07 0.28 0.71 -0.27 -0.05 0.71 1.00 -0.13 0.06 
0.417875 8.13 14.61 4.96 7.74 7.24 13.55 4.00 5.93 0.28 0.74 -0.27 -0.05 0.71 0.99 -0.12 0.07 
0.402689 8.09 14.55 4.94 7.70 7.19 13.48 3.97 5.88 0.27 0.74 -0.27 -0.05 0.71 0.99 -0.13 0.06 
0.404346 8.12 14.61 4.94 7.73 7.23 13.54 3.99 5.92 0.28 0.74 -0.27 -0.05 0.71 0.99 -0.13 0.06 
0.408396 8.19 14.78 5.11 8.00 7.28 13.69 4.13 6.16 0.27 0.74 -0.27 -0.05 0.70 0.99 -0.13 0.06 
0.405448 8.11 14.60 4.94 7.72 7.22 13.53 3.98 5.91 0.28 0.74 -0.27 -0.05 0.71 0.99 -0.13 0.06 
0.397127 7.91 14.20 4.88 7.52 7.02 13.19 3.91 5.71 0.27 0.73 -0.27 -0.05 0.70 0.97 -0.13 0.06 
0.409079 7.85 14.09 4.80 7.38 6.97 13.07 3.83 5.57 0.28 0.73 -0.26 -0.05 0.70 0.97 -0.12 0.07 
0.414026 7.95 14.27 4.89 7.54 7.06 13.25 3.92 5.73 0.27 0.74 -0.27 -0.05 0.70 0.97 -0.12 0.07 
0.388210 7.85 14.07 4.88 7.47 6.96 13.09 3.90 5.66 0.26 0.73 -0.27 -0.05 0.69 0.96 -0.13 0.06 
0.393569 7.81 13.96 4.86 7.41 6.91 13.00 3.88 5.59 0.26 0.73 -0.27 -0.05 0.69 0.95 -0.13 0.06 
0.395309 7.79 13.94 4.83 7.37 6.89 12.97 3.85 5.56 0.26 0.72 -0.27 -0.06 0.69 0.95 -0.13 0.05 
0.395173 7.81 13.97 4.87 7.42 6.92 13.01 3.89 5.61 0.26 0.73 -0.27 -0.05 0.69 0.95 -0.13 0.06 
0.373880 7.89 14.17 4.93 7.58 7.01 13.19 3.96 5.77 0.27 0.73 -0.27 -0.06 0.69 0.96 -0.13 0.06 
0.379039 7.86 14.08 4.86 7.46 6.98 13.11 3.90 5.67 0.27 0.73 -0.27 -0.06 0.69 0.96 -0.13 0.06 
0.360313 7.91 14.20 5.05 7.75 7.03 13.26 4.07 5.95 0.27 0.73 -0.27 -0.05 0.69 0.95 -0.13 0.06 
0.358886 7.92 14.24 5.06 7.78 7.06 13.31 4.09 5.99 0.27 0.73 -0.27 -0.05 0.69 0.96 -0.13 0.06 
0.359884 7.95 14.29 5.07 7.82 7.08 13.36 4.10 6.04 0.28 0.73 -0.27 -0.05 0.70 0.96 -0.13 0.07 
0.351546 7.90 14.19 5.02 7.74 7.04 13.27 4.05 5.95 0.28 0.73 -0.27 -0.05 0.70 0.96 -0.13 0.07 
0.353844 7.82 14.03 4.99 7.65 6.96 13.13 4.02 5.87 0.28 0.73 -0.27 -0.05 0.69 0.95 -0.13 0.07 
0.348405 8.04 14.51 5.16 8.03 7.18 13.56 4.19 6.24 0.29 0.74 -0.27 -0.05 0.70 0.97 -0.13 0.07 
0.358884 8.13 14.72 5.21 8.17 7.28 13.74 4.25 6.38 0.29 0.74 -0.27 -0.05 0.70 0.98 -0.13 0.07 
0.337107 8.02 14.50 5.14 8.01 7.17 13.53 4.17 6.21 0.29 0.73 -0.27 -0.06 0.70 0.97 -0.13 0.06 
0.328065 7.96 14.36 5.16 8.00 7.10 13.43 4.18 6.20 0.28 0.73 -0.27 -0.06 0.69 0.95 -0.13 0.06 
0.324138 7.89 14.24 5.17 7.96 7.03 13.32 4.18 6.16 0.28 0.73 -0.28 -0.06 0.69 0.94 -0.13 0.05 
0.326637 7.91 14.28 5.21 8.03 7.04 13.36 4.21 6.21 0.28 0.73 -0.28 -0.06 0.69 0.94 -0.13 0.05 
0.336294 7.85 14.17 5.11 7.88 7.00 13.25 4.13 6.08 0.28 0.72 -0.28 -0.07 0.69 0.94 -0.14 0.05 
0.320564 7.90 14.26 5.16 7.97 7.05 13.34 4.18 6.17 0.28 0.73 -0.27 -0.06 0.69 0.95 -0.13 0.06 
0.362048 7.93 14.32 5.11 7.92 7.07 13.37 4.13 6.12 0.28 0.72 -0.28 -0.07 0.69 0.95 -0.14 0.05 
0.317391 7.85 14.15 5.14 7.91 6.99 13.24 4.15 6.10 0.28 0.73 -0.27 -0.06 0.69 0.94 -0.13 0.06 
0.304500 7.73 13.92 5.14 7.83 6.88 13.07 4.14 6.04 0.28 0.71 -0.27 -0.06 0.69 0.93 -0.13 0.06 
0.310880 7.74 13.92 5.16 7.85 6.88 13.07 4.15 6.06 0.27 0.71 -0.27 -0.06 0.68 0.92 -0.13 0.06 
0.301583 7.78 14.03 5.22 7.98 6.93 13.19 4.22 6.20 0.28 0.71 -0.27 -0.06 0.69 0.93 -0.13 0.06 
0.302650 7.85 14.18 5.30 8.13 7.00 13.33 4.30 6.34 0.28 0.72 -0.27 -0.06 0.69 0.93 -0.13 0.06 
0.298872 7.68 13.81 5.24 7.93 6.84 13.02 4.23 6.15 0.28 0.71 -0.27 -0.05 0.68 0.92 -0.13 0.06 
0.314695 7.70 13.85 5.23 7.93 6.86 13.05 4.22 6.15 0.28 0.71 -0.27 -0.05 0.68 0.92 -0.13 0.07 
0.280680 7.60 13.64 5.22 7.85 6.76 12.88 4.20 6.07 0.28 0.71 -0.27 -0.06 0.68 0.91 -0.13 0.06 
0.271030 7.50 13.46 5.17 7.75 6.67 12.66 4.15 5.98 0.28 0.71 -0.27 -0.06 0.68 0.88 -0.14 0.06 
0.271828 7.54 13.55 5.17 7.77 6.71 12.80 4.16 6.01 0.28 0.70 -0.27 -0.06 0.68 0.90 -0.13 0.06 
0.266130 7.52 13.51 5.21 7.81 6.68 12.70 4.18 6.03 0.28 0.72 -0.27 -0.06 0.68 0.88 -0.14 0.06 
0.272311 7.48 13.44 5.26 7.85 6.63 12.63 4.21 6.05 0.27 0.71 -0.27 -0.06 0.67 0.87 -0.14 0.05 
0.263197 7.54 13.56 5.22 7.85 6.71 12.75 4.20 6.08 0.28 0.72 -0.27 -0.06 0.68 0.88 -0.14 0.06 
0.272191 7.62 13.73 5.25 7.94 6.79 12.96 4.24 6.17 0.28 0.70 -0.28 -0.06 0.68 0.91 -0.14 0.06 
0.262088 7.57 13.62 5.27 7.93 6.74 12.81 4.25 6.16 0.28 0.72 -0.27 -0.06 0.68 0.88 -0.14 0.06 
0.271308 7.49 13.46 5.29 7.89 6.66 12.68 4.25 6.12 0.27 0.71 -0.27 -0.06 0.67 0.86 -0.14 0.05 
0.267359 7.50 13.47 5.20 7.78 6.67 12.67 4.18 6.02 0.28 0.72 -0.27 -0.06 0.68 0.87 -0.14 0.06 
0.249212 7.54 13.57 5.27 7.93 6.72 12.79 4.25 6.17 0.28 0.72 -0.27 -0.06 0.68 0.88 -0.13 0.06 
0.258929 7.50 13.51 5.31 7.97 6.69 12.76 4.28 6.22 0.29 0.72 -0.27 -0.05 0.68 0.88 -0.13 0.07 
0.253998 7.63 13.77 5.33 8.07 6.81 12.97 4.31 6.31 0.29 0.72 -0.27 -0.06 0.68 0.89 -0.14 0.06 
0.255954 7.48 13.48 5.16 7.78 6.67 12.69 4.15 6.03 0.29 0.72 -0.27 -0.06 0.68 0.88 -0.14 0.06 
0.252201 7.58 13.66 5.30 7.99 6.76 12.87 4.28 6.24 0.29 0.72 -0.27 -0.06 0.68 0.88 -0.13 0.06 
0.249244 7.53 13.55 5.27 7.92 6.71 12.77 4.25 6.17 0.28 0.72 -0.27 -0.06 0.68 0.88 -0.14 0.06 
0.248420 7.51 13.53 5.29 7.95 6.69 12.76 4.26 6.19 0.28 0.72 -0.27 -0.06 0.68 0.87 -0.14 0.06 
0.247271 7.53 13.57 5.28 7.95 6.71 12.78 4.26 6.19 0.28 0.72 -0.27 -0.06 0.68 0.88 -0.14 0.06 
0.245604 7.54 13.60 5.31 8.00 6.72 12.81 4.28 6.24 0.29 0.72 -0.27 -0.06 0.68 0.88 -0.14 0.06 
0.244758 7.55 13.60 5.31 8.00 6.73 12.83 4.29 6.25 0.29 0.72 -0.27 -0.06 0.68 0.88 -0.14 0.06 
0.242904 7.51 13.54 5.28 7.94 6.70 12.76 4.26 6.19 0.29 0.72 -0.27 -0.06 0.68 0.88 -0.14 0.06 
0.242579 7.50 13.51 5.27 7.93 6.69 12.74 4.25 6.18 0.29 0.72 -0.27 -0.06 0.68 0.87 -0.14 0.06 
0.250202 7.45 13.40 5.22 7.82 6.64 12.64 4.20 6.07 0.28 0.72 -0.27 -0.06 0.68 0.87 -0.14 0.05 
0.238157 7.49 13.50 5.29 7.95 6.68 12.74 4.27 6.20 0.29 0.72 -0.27 -0.06 0.68 0.87 -0.14 0.06 
0.231818 7.46 13.43 5.29 7.93 6.65 12.69 4.27 6.19 0.29 0.72 -0.27 -0.06 0.68 0.87 -0.13 0.06 
0.229094 7.52 13.56 5.36 8.07 6.72 12.82 4.34 6.33 0.29 0.73 -0.27 -0.06 0.68 0.88 -0.13 0.06 
0.237126 7.55 13.62 5.40 8.14 6.75 12.88 4.38 6.40 0.30 0.73 -0.27 -0.05 0.68 0.88 -0.13 0.07 
0.229631 7.53 13.58 5.36 8.08 6.73 12.84 4.34 6.34 0.29 0.73 -0.27 -0.06 0.68 0.88 -0.13 0.06 
0.228261 7.46 13.45 5.39 8.07 6.66 12.74 4.35 6.32 0.29 0.72 -0.27 -0.06 0.68 0.87 -0.14 0.06 
0.227376 7.47 13.47 5.40 8.08 6.67 12.75 4.36 6.34 0.29 0.72 -0.27 -0.06 0.68 0.87 -0.14 0.06 
0.231846 7.45 13.42 5.36 8.02 6.65 12.71 4.33 6.28 0.29 0.72 -0.27 -0.05 0.68 0.87 -0.13 0.06 
0.226878 7.47 13.47 5.39 8.07 6.67 12.75 4.36 6.34 0.29 0.72 -0.27 -0.06 0.68 0.87 -0.14 0.06 
0.222861 7.42 13.35 5.37 8.01 6.62 12.66 4.34 6.28 0.29 0.72 -0.27 -0.06 0.68 0.86 -0.14 0.06 
0.219393 7.39 13.31 5.36 7.99 6.60 12.62 4.32 6.26 0.29 0.72 -0.27 -0.06 0.68 0.86 -0.14 0.06 
0.219928 7.42 13.37 5.39 8.05 6.62 12.68 4.36 6.32 0.29 0.72 -0.27 -0.06 0.68 0.86 -0.14 0.06 
0.217286 7.39 13.30 5.35 7.98 6.59 12.61 4.31 6.25 0.29 0.72 -0.27 -0.06 0.68 0.86 -0.14 0.06 
0.222948 7.41 13.36 5.36 8.01 6.62 12.66 4.32 6.28 0.29 0.72 -0.28 -0.06 0.68 0.86 -0.14 0.05 
0.215076 7.42 13.37 5.39 8.05 6.63 12.68 4.35 6.32 0.29 0.72 -0.27 -0.06 0.68 0.87 -0.14 0.06 
0.211666 7.38 13.29 5.39 8.04 6.59 12.62 4.35 6.31 0.30 0.72 -0.27 -0.05 0.68 0.86 -0.14 0.06 
0.216401 7.33 13.19 5.36 7.96 6.55 12.54 4.32 6.25 0.30 0.72 -0.27 -0.05 0.68 0.86 -0.14 0.07 
0.211809 7.36 13.25 5.39 8.03 6.57 12.58 4.35 6.30 0.29 0.72 -0.27 -0.05 0.68 0.86 -0.14 0.06 
0.212527 7.36 13.25 5.39 8.03 6.57 12.59 4.35 6.30 0.29 0.72 -0.27 -0.05 0.68 0.86 -0.14 0.06 
0.211851 7.39 13.31 5.38 8.03 6.60 12.64 4.35 6.31 0.30 0.72 -0.27 -0.05 0.68 0.87 -0.14 0.06 
0.213516 7.41 13.35 5.37 8.04 6.62 12.66 4.34 6.31 0.30 0.72 -0.27 -0.05 0.68 0.87 -0.13 0.06 
0.212972 7.37 13.27 5.37 8.01 6.58 12.60 4.33 6.28 0.30 0.72 -0.27 -0.05 0.68 0.86 -0.14 0.06 
0.211925 7.46 13.46 5.47 8.20 6.67 12.78 4.43 6.47 0.30 0.72 -0.27 -0.05 0.68 0.87 -0.14 0.06 
0.214722 7.39 13.31 5.41 8.06 6.60 12.64 4.37 6.34 0.30 0.72 -0.27 -0.05 0.68 0.86 -0.14 0.06 
0.211085 7.37 13.27 5.38 8.02 6.58 12.61 4.34 6.30 0.30 0.72 -0.27 -0.05 0.68 0.86 -0.14 0.06 
0.207095 7.36 13.27 5.38 8.02 6.58 12.60 4.34 6.30 0.30 0.72 -0.27 -0.06 0.68 0.86 -0.14 0.06 
0.206191 7.34 13.22 5.37 7.99 6.55 12.56 4.33 6.27 0.30 0.72 -0.27 -0.06 0.68 0.86 -0.14 0.06 
0.203611 7.33 13.19 5.37 7.98 6.54 12.54 4.33 6.26 0.30 0.72 -0.27 -0.06 0.68 0.86 -0.14 0.06 
0.206377 7.34 13.23 5.37 8.00 6.56 12.57 4.33 6.28 0.30 0.72 -0.27 -0.06 0.68 0.86 -0.14 0.06 
0.203733 7.33 13.21 5.36 7.98 6.55 12.55 4.33 6.26 0.30 0.72 -0.27 -0.06 0.68 0.86 -0.14 0.06 
0.202054 7.33 13.20 5.36 7.98 6.55 12.54 4.32 6.26 0.30 0.72 -0.27 -0.06 0.68 0.86 -0.14 0.06 
0.201409 7.35 13.24 5.38 8.02 6.57 12.58 4.34 6.30 0.30 0.72 -0.27 -0.06 0.68 0.86 -0.14 0.06 
0.198466 7.35 13.24 5.39 8.04 6.57 12.58 4.36 6.32 0.30 0.72 -0.27 -0.06 0.68 0.86 -0.14 0.06 
0.197737 7.33 13.21 5.38 8.01 6.55 12.56 4.34 6.30 0.30 0.72 -0.27 -0.06 0.68 0.86 -0.14 0.06 
0.193897 7.33 13.20 5.38 8.02 6.55 12.55 4.34 6.30 0.30 0.72 -0.27 -0.06 0.68 0.86 -0.14 0.06 
0.192959 7.34 13.23 5.40 8.05 6.56 12.58 4.36 6.34 0.30 0.72 -0.27 -0.06 0.68 0.86 -0.14 0.06 
0.192964 7.34 13.22 5.40 8.05 6.56 12.57 4.36 6.34 0.30 0.72 -0.27 -0.06 0.68 0.86 -0.14 0.06 
0.192052 7.32 13.19 5.41 8.05 6.54 12.54 4.36 6.33 0.30 0.72 -0.27 -0.06 0.68 0.86 -0.14 0.06 
0.191395 7.31 13.17 5.40 8.04 6.53 12.53 4.36 6.32 0.30 0.72 -0.27 -0.06 0.68 0.86 -0.14 0.06 
0.191377 7.33 13.23 5.42 8.08 6.55 12.57 4.38 6.36 0.30 0.72 -0.27 -0.06 0.68 0.86 -0.14 0.06 
0.191354 7.33 13.21 5.42 8.08 6.55 12.56 4.38 6.36 0.30 0.72 -0.27 -0.06 0.68 0.86 -0.14 0.06 
0.192854 7.34 13.23 5.43 8.09 6.55 12.58 4.39 6.37 0.30 0.72 -0.27 -0.06 0.68 0.86 -0.14 0.06 
0.191683 7.34 13.24 5.44 8.10 6.56 12.59 4.39 6.38 0.30 0.72 -0.27 -0.06 0.68 0.86 -0.14 0.06 
0.192440 7.30 13.15 5.41 8.03 6.52 12.50 4.36 6.31 0.30 0.72 -0.27 -0.06 0.68 0.86 -0.14 0.06 
0.191281 7.32 13.20 5.41 8.06 6.54 12.55 4.37 6.34 0.30 0.72 -0.27 -0.06 0.68 0.86 -0.14 0.06 
0.194348 7.32 13.20 5.40 8.04 6.54 12.54 4.36 6.32 0.30 0.72 -0.27 -0.06 0.68 0.86 -0.14 0.06 
0.187779 7.31 13.19 5.41 8.06 6.54 12.54 4.37 6.35 0.30 0.72 -0.27 -0.06 0.68 0.86 -0.14 0.06 
0.185256 7.30 13.17 5.42 8.07 6.53 12.61 4.37 6.35 0.30 0.72 -0.27 -0.06 0.68 0.88 -0.14 0.06 
0.183811 7.28 13.13 5.40 8.04 6.51 12.58 4.36 6.33 0.30 0.72 -0.27 -0.06 0.68 0.88 -0.14 0.06 
0.183104 7.26 13.09 5.38 8.00 6.49 12.54 4.34 6.29 0.30 0.72 -0.27 -0.06 0.68 0.87 -0.14 0.06 
0.182998 7.27 13.10 5.38 8.00 6.50 12.55 4.34 6.29 0.31 0.72 -0.27 -0.06 0.68 0.88 -0.14 0.06 
0.182416 7.28 13.14 5.37 8.00 6.52 12.50 4.34 6.30 0.31 0.72 -0.27 -0.06 0.68 0.86 -0.14 0.06 
0.182282 7.30 13.17 5.38 8.02 6.53 12.53 4.34 6.32 0.31 0.72 -0.27 -0.06 0.68 0.86 -0.14 0.06 
0.179894 7.28 13.13 5.38 8.02 6.52 12.50 4.34 6.31 0.31 0.72 -0.27 -0.06 0.68 0.86 -0.14 0.06 
0.177360 7.29 13.15 5.39 8.04 6.53 12.51 4.35 6.34 0.31 0.73 -0.27 -0.06 0.68 0.87 -0.14 0.06 
0.176439 7.31 13.19 5.42 8.09 6.55 12.64 4.38 6.39 0.31 0.73 -0.27 -0.06 0.68 0.88 -0.14 0.06 
0.174792 7.29 13.17 5.42 8.09 6.54 12.63 4.39 6.40 0.31 0.73 -0.27 -0.06 0.68 0.88 -0.14 0.06 
0.173230 7.31 13.20 5.43 8.12 6.55 12.65 4.40 6.42 0.32 0.73 -0.27 -0.06 0.68 0.88 -0.14 0.06 
0.174740 7.29 13.16 5.42 8.09 6.54 12.62 4.39 6.40 0.32 0.73 -0.27 -0.05 0.69 0.88 -0.14 0.07 
0.172975 7.30 13.18 5.42 8.10 6.54 12.64 4.39 6.40 0.32 0.73 -0.27 -0.06 0.68 0.88 -0.14 0.06 
0.173570 7.31 13.20 5.42 8.11 6.55 12.65 4.39 6.41 0.32 0.73 -0.27 -0.06 0.68 0.88 -0.14 0.06 
0.217165 7.30 13.18 5.41 8.09 6.54 12.63 4.38 6.39 0.32 0.73 -0.27 -0.05 0.68 0.88 -0.14 0.06 
0.173581 7.31 13.20 5.43 8.12 6.56 12.66 4.40 6.43 0.31 0.73 -0.27 -0.06 0.68 0.88 -0.14 0.06 
0.218742 7.31 13.20 5.41 8.10 6.55 12.65 4.38 6.40 0.32 0.73 -0.27 -0.05 0.68 0.88 -0.14 0.06 
0.172296 7.29 13.16 5.43 8.11 6.53 12.62 4.39 6.41 0.31 0.73 -0.27 -0.06 0.68 0.88 -0.14 0.06 
0.172324 7.30 13.19 5.43 8.12 6.55 12.65 4.39 6.42 0.31 0.73 -0.27 -0.06 0.68 0.88 -0.14 0.06 
0.173106 7.32 13.23 5.46 8.17 6.56 12.68 4.42 6.47 0.32 0.73 -0.27 -0.06 0.68 0.88 -0.14 0.06 
0.172555 7.29 13.17 5.43 8.11 6.53 12.63 4.39 6.41 0.31 0.73 -0.27 -0.06 0.68 0.88 -0.14 0.06 
0.169824 7.27 13.13 5.43 8.10 6.52 12.60 4.39 6.40 0.31 0.73 -0.27 -0.06 0.68 0.88 -0.14 0.06 
0.167579 7.24 13.08 5.42 8.08 6.49 12.55 4.38 6.38 0.31 0.73 -0.27 -0.06 0.69 0.88 -0.14 0.06 
0.166674 7.23 13.05 5.42 8.07 6.47 12.52 4.38 6.37 0.31 0.73 -0.27 -0.06 0.68 0.87 -0.14 0.06 
0.166222 7.23 13.05 5.43 8.08 6.47 12.53 4.39 6.39 0.31 0.73 -0.27 -0.06 0.68 0.87 -0.14 0.06 
0.166177 7.21 13.02 5.42 8.06 6.46 12.50 4.37 6.36 0.31 0.73 -0.27 -0.06 0.68 0.87 -0.14 0.06 
0.186131 7.20 13.00 5.40 8.03 6.45 12.48 4.36 6.34 0.31 0.73 -0.27 -0.05 0.68 0.87 -0.14 0.06 
0.166919 7.20 13.00 5.40 8.03 6.45 12.48 4.36 6.34 0.31 0.73 -0.27 -0.06 0.68 0.87 -0.14 0.06 
0.164719 7.20 12.99 5.43 8.06 6.44 12.48 4.38 6.37 0.31 0.73 -0.27 -0.06 0.68 0.87 -0.14 0.06 
0.164493 7.20 13.00 5.44 8.08 6.45 12.49 4.39 6.39 0.31 0.73 -0.27 -0.06 0.68 0.87 -0.14 0.06 
0.162786 7.23 13.06 5.45 8.12 6.48 12.54 4.41 6.43 0.32 0.73 -0.27 -0.06 0.69 0.87 -0.14 0.06 
0.162772 7.22 13.03 5.46 8.11 6.46 12.52 4.41 6.42 0.32 0.73 -0.27 -0.06 0.68 0.87 -0.14 0.06 
0.161855 7.22 13.05 5.45 8.12 6.47 12.53 4.41 6.43 0.32 0.73 -0.27 -0.06 0.69 0.87 -0.14 0.06 
0.161758 7.21 13.02 5.45 8.10 6.46 12.52 4.40 6.41 0.32 0.73 -0.27 -0.06 0.69 0.87 -0.14 0.06 
0.163856 7.23 13.05 5.46 8.12 6.47 12.54 4.41 6.43 0.32 0.73 -0.27 -0.06 0.69 0.87 -0.14 0.07 
0.160589 7.20 13.01 5.44 8.10 6.45 12.50 4.40 6.41 0.32 0.73 -0.27 -0.06 0.69 0.87 -0.14 0.06 
0.157990 7.20 13.01 5.46 8.11 6.45 12.50 4.41 6.43 0.32 0.73 -0.27 -0.06 0.69 0.87 -0.14 0.06 
0.156596 7.18 12.97 5.44 8.09 6.43 12.47 4.40 6.40 0.32 0.73 -0.27 -0.06 0.69 0.87 -0.14 0.06 
0.156781 7.18 12.96 5.44 8.08 6.43 12.46 4.39 6.39 0.32 0.73 -0.27 -0.06 0.69 0.87 -0.14 0.06 
0.156988 7.17 12.94 5.43 8.06 6.42 12.44 4.38 6.38 0.32 0.73 -0.27 -0.06 0.69 0.87 -0.14 0.06 
0.188492 7.19 13.00 5.45 8.11 6.45 12.50 4.41 6.43 0.32 0.73 -0.27 -0.05 0.69 0.87 -0.14 0.06 
0.196552 7.18 12.96 5.43 8.07 6.43 12.46 4.39 6.39 0.32 0.73 -0.27 -0.05 0.69 0.87 -0.14 0.06 
0.156823 7.17 12.94 5.46 8.10 6.42 12.45 4.41 6.41 0.32 0.73 -0.27 -0.06 0.68 0.87 -0.14 0.06 
0.156819 7.17 12.94 5.45 8.08 6.42 12.44 4.40 6.40 0.32 0.73 -0.27 -0.06 0.68 0.87 -0.14 0.06 
0.156496 7.21 13.03 5.47 8.15 6.46 12.53 4.42 6.46 0.32 0.73 -0.27 -0.06 0.69 0.87 -0.14 0.06 
0.156699 7.20 13.00 5.46 8.13 6.45 12.51 4.42 6.45 0.32 0.73 -0.27 -0.06 0.69 0.87 -0.14 0.06 
0.156666 7.21 13.03 5.48 8.15 6.46 12.52 4.43 6.46 0.32 0.73 -0.27 -0.06 0.69 0.87 -0.14 0.06 
0.157037 7.22 13.05 5.47 8.16 6.47 12.55 4.43 6.47 0.32 0.73 -0.27 -0.06 0.69 0.87 -0.14 0.06 
0.158046 7.20 13.00 5.48 8.14 6.45 12.50 4.42 6.45 0.32 0.73 -0.27 -0.06 0.69 0.87 -0.14 0.06 
0.156108 7.22 13.05 5.47 8.16 6.47 12.54 4.43 6.47 0.32 0.73 -0.27 -0.06 0.69 0.87 -0.14 0.06 
0.156671 7.22 13.05 5.47 8.15 6.47 12.54 4.42 6.46 0.32 0.73 -0.27 -0.06 0.69 0.87 -0.14 0.06 
0.155857 7.20 13.02 5.46 8.13 6.46 12.52 4.42 6.45 0.32 0.73 -0.27 -0.06 0.69 0.87 -0.14 0.06 
0.155892 7.20 13.02 5.46 8.13 6.46 12.52 4.42 6.45 0.32 0.73 -0.27 -0.06 0.69 0.87 -0.14 0.06 
0.155827 7.20 13.01 5.47 8.14 6.45 12.51 4.42 6.46 0.32 0.73 -0.27 -0.06 0.69 0.87 -0.14 0.06 
0.155813 7.20 13.02 5.48 8.15 6.46 12.52 4.43 6.47 0.32 0.73 -0.27 -0.06 0.69 0.87 -0.14 0.06 
0.154763 7.20 13.03 5.48 8.16 6.46 12.53 4.43 6.48 0.32 0.73 -0.27 -0.06 0.69 0.87 -0.14 0.06 
0.153931 7.20 13.02 5.49 8.17 6.45 12.53 4.44 6.48 0.32 0.73 -0.27 -0.06 0.69 0.87 -0.14 0.06 
0.153290 7.21 13.04 5.49 8.19 6.46 12.55 4.44 6.50 0.32 0.73 -0.27 -0.06 0.69 0.87 -0.14 0.06 
0.152235 7.20 13.02 5.49 8.17 6.45 12.53 4.44 6.49 0.32 0.73 -0.27 -0.06 0.69 0.87 -0.14 0.06 
0.151990 7.18 12.98 5.48 8.15 6.43 12.49 4.43 6.47 0.32 0.73 -0.27 -0.06 0.69 0.87 -0.14 0.06 
0.152293 7.18 12.98 5.48 8.15 6.43 12.49 4.43 6.47 0.32 0.73 -0.27 -0.06 0.69 0.87 -0.15 0.06 
0.186780 7.18 12.98 5.47 8.15 6.43 12.49 4.43 6.47 0.32 0.73 -0.27 -0.05 0.69 0.87 -0.14 0.06 
0.185715 7.18 12.99 5.48 8.15 6.44 12.50 4.43 6.47 0.32 0.73 -0.27 -0.05 0.69 0.87 -0.14 0.06 
0.151752 7.18 12.98 5.48 8.15 6.44 12.49 4.43 6.47 0.32 0.73 -0.27 -0.06 0.69 0.87 -0.14 0.06 
0.151755 7.17 12.96 5.48 8.14 6.43 12.48 4.43 6.46 0.32 0.73 -0.27 -0.06 0.69 0.87 -0.14 0.06 
0.151680 7.17 12.97 5.49 8.15 6.43 12.48 4.43 6.47 0.32 0.73 -0.27 -0.06 0.69 0.87 -0.15 0.06 
0.151659 7.17 12.96 5.49 8.15 6.43 12.48 4.43 6.47 0.32 0.73 -0.27 -0.06 0.69 0.87 -0.15 0.06 
0.151550 7.17 12.96 5.50 8.16 6.42 12.47 4.44 6.48 0.32 0.73 -0.27 -0.06 0.69 0.87 -0.15 0.06 
0.151606 7.17 12.95 5.50 8.17 6.42 12.47 4.44 6.48 0.32 0.73 -0.27 -0.06 0.69 0.87 -0.15 0.06 
0.151780 7.16 12.93 5.48 8.14 6.41 12.45 4.43 6.45 0.32 0.73 -0.27 -0.06 0.69 0.87 -0.14 0.06 
0.152129 7.17 12.95 5.49 8.15 6.42 12.47 4.44 6.47 0.32 0.73 -0.27 -0.06 0.69 0.87 -0.15 0.06 
0.151412 7.16 12.93 5.49 8.15 6.41 12.45 4.44 6.47 0.32 0.73 -0.27 -0.06 0.69 0.87 -0.14 0.06 
0.151203 7.15 12.91 5.49 8.13 6.40 12.43 4.43 6.45 0.32 0.73 -0.27 -0.06 0.68 0.87 -0.15 0.06 
0.150038 7.14 12.91 5.49 8.14 6.40 12.44 4.43 6.46 0.32 0.73 -0.27 -0.06 0.69 0.87 -0.15 0.06 
0.148758 7.14 12.91 5.49 8.15 6.40 12.44 4.44 6.47 0.32 0.73 -0.27 -0.06 0.69 0.87 -0.15 0.06 
0.147525 7.14 12.91 5.50 8.16 6.40 12.44 4.44 6.48 0.32 0.73 -0.27 -0.06 0.69 0.87 -0.15 0.06 
0.146335 7.14 12.90 5.50 8.17 6.40 12.44 4.45 6.49 0.32 0.73 -0.27 -0.06 0.69 0.87 -0.15 0.06 
0.145244 7.13 12.89 5.51 8.17 6.40 12.43 4.45 6.50 0.33 0.73 -0.27 -0.06 0.69 0.86 -0.15 0.06 
0.144208 7.13 12.89 5.51 8.17 6.40 12.43 4.46 6.50 0.33 0.73 -0.27 -0.06 0.69 0.86 -0.15 0.06 
0.143347 7.12 12.86 5.51 8.16 6.38 12.41 4.45 6.49 0.33 0.73 -0.27 -0.06 0.69 0.86 -0.15 0.06 
0.142293 7.11 12.86 5.52 8.17 6.38 12.41 4.46 6.51 0.33 0.73 -0.27 -0.06 0.69 0.86 -0.15 0.06 
0.141189 7.11 12.86 5.52 8.18 6.38 12.41 4.46 6.52 0.33 0.73 -0.27 -0.06 0.69 0.86 -0.15 0.06 
0.140072 7.10 12.84 5.52 8.18 6.38 12.40 4.46 6.52 0.33 0.74 -0.27 -0.06 0.69 0.86 -0.15 0.06 
0.139116 7.10 12.84 5.52 8.18 6.37 12.40 4.47 6.52 0.33 0.74 -0.27 -0.06 0.69 0.86 -0.15 0.06 
0.138456 7.10 12.85 5.53 8.19 6.38 12.41 4.47 6.54 0.33 0.74 -0.27 -0.06 0.69 0.86 -0.15 0.06 
0.137682 7.10 12.84 5.53 8.19 6.37 12.40 4.47 6.53 0.33 0.74 -0.27 -0.06 0.69 0.86 -0.15 0.06 
0.136945 7.09 12.82 5.52 8.18 6.36 12.38 4.47 6.52 0.33 0.74 -0.27 -0.06 0.69 0.86 -0.15 0.06 
0.135920 7.08 12.81 5.53 8.19 6.36 12.38 4.48 6.54 0.33 0.74 -0.27 -0.06 0.69 0.86 -0.15 0.06 
0.134992 7.07 12.79 5.53 8.18 6.35 12.36 4.47 6.53 0.33 0.74 -0.27 -0.06 0.69 0.86 -0.15 0.06 
0.134231 7.06 12.78 5.53 8.18 6.34 12.35 4.47 6.53 0.33 0.74 -0.27 -0.06 0.69 0.86 -0.15 0.06 
0.133575 7.07 12.78 5.54 8.19 6.35 12.36 4.48 6.55 0.33 0.74 -0.27 -0.06 0.69 0.86 -0.15 0.06 
0.133180 7.07 12.79 5.54 8.20 6.35 12.36 4.48 6.55 0.33 0.74 -0.27 -0.06 0.69 0.86 -0.15 0.06 
0.132645 7.07 12.79 5.55 8.21 6.35 12.36 4.49 6.56 0.33 0.74 -0.27 -0.06 0.69 0.86 -0.15 0.06 
0.132469 7.09 12.82 5.56 8.23 6.37 12.39 4.50 6.58 0.33 0.74 -0.27 -0.06 0.69 0.86 -0.15 0.06 
0.132488 7.09 12.83 5.55 8.23 6.37 12.40 4.50 6.58 0.33 0.74 -0.27 -0.06 0.69 0.86 -0.15 0.06 
0.131551 7.08 12.81 5.56 8.24 6.36 12.38 4.50 6.59 0.33 0.74 -0.27 -0.06 0.69 0.86 -0.15 0.06 
0.130644 7.07 12.78 5.55 8.22 6.35 12.36 4.49 6.57 0.34 0.74 -0.27 -0.06 0.69 0.86 -0.15 0.06 
0.129986 7.05 12.75 5.55 8.21 6.33 12.34 4.49 6.56 0.34 0.74 -0.27 -0.06 0.69 0.86 -0.15 0.06 
0.129216 7.04 12.74 5.55 8.20 6.33 12.32 4.49 6.56 0.34 0.74 -0.27 -0.06 0.69 0.86 -0.15 0.06 
0.128458 7.03 12.72 5.55 8.20 6.32 12.31 4.49 6.56 0.34 0.74 -0.27 -0.06 0.69 0.86 -0.15 0.06 
0.127964 7.02 12.70 5.56 8.20 6.31 12.30 4.49 6.56 0.34 0.74 -0.27 -0.06 0.69 0.86 -0.15 0.06 
0.127223 7.02 12.70 5.56 8.21 6.31 12.30 4.50 6.57 0.34 0.74 -0.27 -0.06 0.69 0.86 -0.15 0.06 
0.126786 7.02 12.69 5.57 8.21 6.30 12.28 4.50 6.57 0.34 0.74 -0.27 -0.06 0.69 0.86 -0.15 0.06 
0.126650 7.00 12.66 5.56 8.19 6.29 12.25 4.49 6.55 0.34 0.74 -0.27 -0.06 0.69 0.86 -0.15 0.06 
0.126637 7.00 12.66 5.56 8.20 6.29 12.25 4.49 6.55 0.34 0.74 -0.27 -0.06 0.69 0.86 -0.15 0.06 
0.126162 6.99 12.64 5.56 8.19 6.28 12.24 4.49 6.55 0.34 0.74 -0.27 -0.06 0.69 0.85 -0.15 0.06 
0.125874 6.98 12.63 5.56 8.19 6.27 12.23 4.49 6.55 0.34 0.74 -0.27 -0.06 0.69 0.86 -0.15 0.06 
0.126362 6.96 12.59 5.55 8.16 6.25 12.19 4.48 6.53 0.34 0.74 -0.27 -0.06 0.69 0.85 -0.15 0.07 
0.125869 6.98 12.62 5.55 8.18 6.27 12.23 4.48 6.54 0.34 0.74 -0.27 -0.06 0.69 0.86 -0.15 0.06 
0.124918 7.00 12.66 5.56 8.20 6.29 12.26 4.50 6.57 0.34 0.74 -0.27 -0.06 0.69 0.86 -0.15 0.06 
0.124370 7.01 12.68 5.57 8.22 6.30 12.28 4.50 6.58 0.34 0.74 -0.27 -0.06 0.69 0.86 -0.15 0.06 
0.123967 7.02 12.70 5.58 8.25 6.31 12.31 4.52 6.61 0.34 0.74 -0.27 -0.06 0.69 0.86 -0.15 0.06 
0.123869 7.03 12.73 5.58 8.26 6.33 12.33 4.52 6.62 0.34 0.75 -0.27 -0.06 0.69 0.86 -0.15 0.06 
0.123744 7.03 12.72 5.58 8.25 6.32 12.32 4.52 6.62 0.34 0.75 -0.27 -0.06 0.69 0.86 -0.15 0.06 
0.123346 7.03 12.73 5.59 8.26 6.33 12.33 4.53 6.63 0.34 0.75 -0.27 -0.06 0.69 0.86 -0.15 0.06 
0.122745 7.03 12.72 5.59 8.26 6.32 12.33 4.53 6.63 0.34 0.75 -0.27 -0.06 0.69 0.86 -0.15 0.06 
0.122889 7.03 12.74 5.59 8.28 6.33 12.34 4.53 6.65 0.34 0.75 -0.27 -0.06 0.69 0.86 -0.15 0.06 
0.122826 7.03 12.74 5.59 8.27 6.33 12.34 4.53 6.64 0.34 0.75 -0.27 -0.06 0.69 0.86 -0.15 0.06 
0.122936 7.04 12.76 5.60 8.29 6.34 12.36 4.54 6.66 0.34 0.75 -0.27 -0.06 0.69 0.86 -0.15 0.06 
0.122713 7.02 12.72 5.58 8.25 6.32 12.32 4.52 6.62 0.34 0.75 -0.27 -0.06 0.69 0.86 -0.15 0.06 
0.123489 7.03 12.74 5.58 8.26 6.33 12.34 4.52 6.63 0.34 0.74 -0.27 -0.06 0.69 0.86 -0.15 0.06 
0.122709 7.02 12.72 5.58 8.25 6.32 12.32 4.52 6.62 0.34 0.75 -0.27 -0.06 0.69 0.86 -0.15 0.06 
0.121871 7.01 12.69 5.58 8.24 6.31 12.30 4.52 6.61 0.34 0.75 -0.27 -0.06 0.69 0.86 -0.15 0.06 
0.121640 6.99 12.65 5.56 8.21 6.29 12.26 4.50 6.58 0.34 0.75 -0.27 -0.06 0.69 0.86 -0.15 0.06 
0.121441 7.00 12.67 5.56 8.22 6.30 12.28 4.51 6.59 0.34 0.75 -0.27 -0.06 0.69 0.86 -0.15 0.07 
0.121439 7.00 12.66 5.57 8.22 6.30 12.27 4.51 6.60 0.34 0.75 -0.27 -0.06 0.69 0.86 -0.15 0.07 
0.121845 6.98 12.63 5.56 8.20 6.28 12.24 4.50 6.58 0.34 0.75 -0.27 -0.06 0.69 0.86 -0.15 0.07 
0.121188 6.99 12.66 5.57 8.22 6.30 12.27 4.51 6.60 0.34 0.75 -0.27 -0.06 0.69 0.86 -0.15 0.07 
0.120562 6.99 12.66 5.57 8.22 6.29 12.27 4.51 6.60 0.34 0.75 -0.27 -0.06 0.69 0.86 -0.15 0.06 
0.120379 6.99 12.66 5.56 8.22 6.29 12.27 4.51 6.60 0.34 0.75 -0.27 -0.06 0.69 0.86 -0.15 0.06 
0.120144 7.00 12.68 5.57 8.24 6.31 12.30 4.52 6.62 0.34 0.75 -0.27 -0.06 0.69 0.86 -0.15 0.06 
0.120184 7.00 12.68 5.57 8.24 6.31 12.29 4.52 6.62 0.34 0.75 -0.27 -0.06 0.69 0.86 -0.15 0.06 
0.119967 7.01 12.71 5.58 8.26 6.32 12.32 4.52 6.64 0.35 0.75 -0.27 -0.06 0.69 0.86 -0.15 0.06 
0.119939 7.02 12.71 5.59 8.27 6.32 12.32 4.53 6.65 0.34 0.75 -0.27 -0.06 0.69 0.86 -0.15 0.06 
0.119768 7.02 12.72 5.59 8.28 6.33 12.34 4.53 6.66 0.35 0.75 -0.27 -0.06 0.69 0.86 -0.15 0.06 
0.120076 7.04 12.76 5.60 8.31 6.35 12.37 4.55 6.69 0.35 0.75 -0.27 -0.06 0.69 0.86 -0.15 0.06 
0.119424 7.02 12.72 5.59 8.28 6.33 12.34 4.54 6.66 0.35 0.75 -0.27 -0.06 0.69 0.86 -0.15 0.06 
0.118667 7.00 12.69 5.58 8.26 6.31 12.31 4.53 6.65 0.35 0.75 -0.27 -0.06 0.69 0.86 -0.15 0.07 
0.118332 7.00 12.67 5.59 8.26 6.30 12.29 4.53 6.64 0.35 0.75 -0.27 -0.06 0.69 0.86 -0.15 0.07 
0.118384 6.99 12.66 5.58 8.25 6.30 12.29 4.53 6.64 0.35 0.75 -0.27 -0.06 0.69 0.86 -0.15 0.07 
0.118239 6.99 12.67 5.58 8.25 6.30 12.29 4.53 6.64 0.35 0.75 -0.27 -0.06 0.69 0.86 -0.15 0.07 
0.118053 6.99 12.65 5.58 8.25 6.29 12.28 4.52 6.64 0.35 0.75 -0.27 -0.06 0.69 0.86 -0.15 0.07 
0.117830 6.99 12.67 5.59 8.27 6.30 12.30 4.54 6.66 0.35 0.75 -0.27 -0.06 0.69 0.86 -0.15 0.07 
0.118231 6.99 12.67 5.59 8.27 6.30 12.30 4.53 6.66 0.35 0.75 -0.27 -0.06 0.69 0.86 -0.15 0.07 
0.117639 6.98 12.63 5.59 8.25 6.29 12.26 4.53 6.64 0.35 0.75 -0.27 -0.06 0.69 0.86 -0.15 0.07 
0.117733 6.98 12.64 5.59 8.26 6.28 12.26 4.53 6.65 0.35 0.75 -0.27 -0.06 0.69 0.86 -0.15 0.07 
0.117489 6.96 12.61 5.57 8.23 6.27 12.24 4.51 6.61 0.35 0.75 -0.27 -0.06 0.69 0.86 -0.15 0.07 
0.117880 6.96 12.60 5.57 8.22 6.27 12.23 4.51 6.61 0.35 0.75 -0.27 -0.06 0.69 0.86 -0.15 0.07 
0.116951 6.95 12.59 5.57 8.22 6.26 12.22 4.51 6.61 0.35 0.75 -0.27 -0.06 0.69 0.86 -0.15 0.06 
0.116619 6.96 12.61 5.58 8.23 6.27 12.24 4.52 6.62 0.35 0.75 -0.27 -0.06 0.69 0.86 -0.15 0.06 
0.116944 6.96 12.62 5.58 8.24 6.28 12.25 4.52 6.63 0.35 0.75 -0.27 -0.06 0.69 0.86 -0.15 0.06 
0.116940 6.96 12.61 5.58 8.24 6.27 12.24 4.52 6.63 0.35 0.75 -0.27 -0.06 0.69 0.86 -0.15 0.06 
0.116187 6.96 12.60 5.58 8.24 6.27 12.23 4.52 6.63 0.35 0.75 -0.27 -0.06 0.69 0.86 -0.15 0.06 
0.116216 6.96 12.61 5.59 8.25 6.28 12.25 4.53 6.64 0.35 0.75 -0.27 -0.06 0.69 0.86 -0.15 0.06 
0.116500 6.95 12.59 5.57 8.22 6.27 12.23 4.51 6.61 0.35 0.75 -0.27 -0.06 0.69 0.86 -0.15 0.06 
0.116194 6.95 12.58 5.58 8.22 6.26 12.22 4.52 6.62 0.35 0.75 -0.27 -0.06 0.69 0.86 -0.15 0.06 
0.115635 6.95 12.59 5.58 8.23 6.27 12.23 4.52 6.63 0.35 0.75 -0.27 -0.06 0.69 0.86 -0.15 0.07 
0.115228 6.95 12.58 5.58 8.23 6.26 12.22 4.52 6.63 0.35 0.75 -0.27 -0.06 0.69 0.86 -0.15 0.07 
0.115420 6.94 12.57 5.57 8.22 6.26 12.21 4.52 6.62 0.35 0.75 -0.27 -0.06 0.69 0.86 -0.15 0.07 
0.115150 6.94 12.57 5.59 8.23 6.26 12.21 4.52 6.63 0.35 0.75 -0.27 -0.06 0.69 0.86 -0.15 0.07 
0.115173 6.96 12.60 5.60 8.26 6.27 12.24 4.54 6.66 0.35 0.75 -0.27 -0.06 0.69 0.86 -0.15 0.07 
0.115536 6.94 12.56 5.58 8.23 6.25 12.20 4.52 6.62 0.35 0.75 -0.27 -0.06 0.69 0.86 -0.15 0.07 
0.114878 6.94 12.56 5.58 8.23 6.25 12.20 4.52 6.63 0.35 0.75 -0.27 -0.06 0.69 0.86 -0.15 0.07 
0.114355 6.94 12.56 5.59 8.24 6.25 12.20 4.53 6.64 0.35 0.75 -0.27 -0.06 0.69 0.86 -0.15 0.07 
0.114208 6.94 12.56 5.59 8.24 6.25 12.21 4.53 6.64 0.35 0.75 -0.27 -0.06 0.69 0.86 -0.15 0.06 
0.114204 6.93 12.55 5.58 8.23 6.24 12.19 4.52 6.63 0.35 0.75 -0.27 -0.06 0.69 0.86 -0.15 0.06 
0.114315 6.93 12.55 5.58 8.22 6.24 12.19 4.52 6.62 0.35 0.75 -0.27 -0.06 0.69 0.86 -0.15 0.06 
0.114204 6.94 12.57 5.59 8.24 6.25 12.21 4.53 6.64 0.35 0.75 -0.27 -0.06 0.69 0.86 -0.15 0.06 
0.114335 6.93 12.56 5.59 8.25 6.25 12.20 4.53 6.64 0.35 0.75 -0.27 -0.06 0.69 0.86 -0.15 0.06 
0.114475 6.93 12.56 5.59 8.24 6.25 12.20 4.53 6.63 0.35 0.75 -0.27 -0.06 0.69 0.86 -0.15 0.06 
0.114028 6.94 12.57 5.58 8.23 6.25 12.21 4.52 6.63 0.35 0.75 -0.27 -0.06 0.69 0.86 -0.15 0.06 
0.113542 6.92 12.54 5.58 8.22 6.24 12.19 4.52 6.63 0.35 0.75 -0.27 -0.06 0.69 0.86 -0.15 0.06 
0.113473 6.91 12.52 5.58 8.21 6.23 12.17 4.51 6.61 0.35 0.75 -0.27 -0.06 0.69 0.86 -0.15 0.07 
0.113722 6.91 12.51 5.57 8.20 6.22 12.16 4.51 6.60 0.35 0.75 -0.27 -0.06 0.69 0.86 -0.15 0.07 
0.113331 6.92 12.54 5.57 8.21 6.24 12.19 4.51 6.62 0.35 0.75 -0.27 -0.06 0.69 0.86 -0.15 0.07 
0.113166 6.92 12.54 5.57 8.21 6.24 12.19 4.51 6.62 0.35 0.75 -0.27 -0.06 0.69 0.86 -0.15 0.07 
0.112986 6.92 12.54 5.58 8.22 6.24 12.19 4.52 6.63 0.35 0.75 -0.27 -0.06 0.69 0.86 -0.15 0.07 
0.112533 6.92 12.55 5.59 8.24 6.25 12.20 4.53 6.64 0.35 0.75 -0.27 -0.06 0.69 0.86 -0.15 0.07 
0.112389 6.94 12.58 5.59 8.26 6.26 12.23 4.54 6.67 0.35 0.75 -0.27 -0.06 0.69 0.86 -0.15 0.07 
0.112067 6.94 12.59 5.60 8.27 6.27 12.24 4.54 6.68 0.35 0.76 -0.27 -0.06 0.69 0.86 -0.15 0.07 
0.112049 6.94 12.58 5.59 8.26 6.26 12.23 4.54 6.67 0.35 0.76 -0.27 -0.06 0.69 0.86 -0.15 0.07 
0.111705 6.94 12.57 5.59 8.26 6.26 12.23 4.54 6.67 0.35 0.75 -0.27 -0.06 0.69 0.86 -0.15 0.07 
0.111646 6.93 12.56 5.59 8.25 6.25 12.21 4.53 6.66 0.35 0.75 -0.27 -0.06 0.69 0.86 -0.15 0.07 
0.111332 6.93 12.57 5.60 8.27 6.25 12.22 4.54 6.68 0.35 0.76 -0.27 -0.06 0.69 0.86 -0.15 0.07 
0.111112 6.92 12.55 5.60 8.26 6.25 12.21 4.54 6.67 0.35 0.75 -0.27 -0.06 0.69 0.86 -0.15 0.06 
0.110609 6.93 12.56 5.60 8.27 6.25 12.22 4.55 6.69 0.35 0.76 -0.27 -0.06 0.69 0.86 -0.15 0.07 
0.110449 6.92 12.54 5.61 8.27 6.24 12.20 4.55 6.68 0.35 0.76 -0.27 -0.06 0.69 0.86 -0.15 0.07 
0.110392 6.92 12.54 5.61 8.28 6.24 12.20 4.55 6.69 0.35 0.76 -0.27 -0.06 0.69 0.86 -0.15 0.07 
0.110350 6.92 12.55 5.62 8.30 6.25 12.21 4.56 6.71 0.35 0.76 -0.27 -0.06 0.69 0.86 -0.15 0.07 
0.110371 6.93 12.56 5.63 8.30 6.25 12.23 4.57 6.72 0.35 0.76 -0.27 -0.06 0.69 0.86 -0.15 0.07 
0.110024 6.92 12.55 5.63 8.30 6.25 12.21 4.57 6.71 0.35 0.76 -0.27 -0.06 0.69 0.86 -0.15 0.07 
0.110079 6.92 12.54 5.63 8.30 6.24 12.21 4.57 6.71 0.35 0.76 -0.27 -0.06 0.69 0.86 -0.15 0.07 
0.110007 6.91 12.53 5.62 8.29 6.24 12.20 4.56 6.70 0.35 0.76 -0.27 -0.06 0.69 0.86 -0.15 0.07 
0.110274 6.92 12.54 5.63 8.31 6.24 12.21 4.57 6.72 0.35 0.76 -0.27 -0.06 0.69 0.86 -0.15 0.07 
0.109995 6.92 12.55 5.63 8.30 6.25 12.22 4.57 6.72 0.35 0.76 -0.27 -0.06 0.69 0.86 -0.15 0.07 
0.109909 6.92 12.54 5.62 8.29 6.25 12.21 4.56 6.71 0.35 0.76 -0.27 -0.06 0.69 0.86 -0.15 0.07 
0.110319 6.92 12.55 5.62 8.30 6.25 12.22 4.56 6.71 0.35 0.76 -0.27 -0.06 0.69 0.86 -0.15 0.07 
0.109420 6.91 12.53 5.62 8.28 6.24 12.19 4.56 6.70 0.35 0.76 -0.27 -0.06 0.69 0.86 -0.15 0.07 
0.109134 6.90 12.52 5.62 8.29 6.23 12.19 4.56 6.70 0.35 0.76 -0.27 -0.06 0.69 0.86 -0.15 0.07 
0.109295 6.91 12.53 5.62 8.29 6.24 12.20 4.56 6.71 0.35 0.76 -0.27 -0.06 0.69 0.86 -0.15 0.06 
0.109220 6.90 12.52 5.63 8.29 6.23 12.19 4.56 6.71 0.35 0.76 -0.27 -0.06 0.69 0.86 -0.15 0.06 
0.109153 6.90 12.51 5.61 8.27 6.23 12.18 4.55 6.68 0.35 0.76 -0.27 -0.06 0.69 0.86 -0.15 0.07 
0.109092 6.91 12.54 5.62 8.29 6.24 12.20 4.56 6.71 0.35 0.76 -0.27 -0.06 0.69 0.86 -0.15 0.07 
0.109375 6.90 12.52 5.62 8.28 6.23 12.19 4.56 6.70 0.35 0.76 -0.27 -0.06 0.69 0.86 -0.15 0.06 
0.109345 6.91 12.54 5.62 8.30 6.24 12.20 4.56 6.71 0.35 0.76 -0.27 -0.06 0.69 0.86 -0.15 0.06 
0.108609 6.91 12.52 5.62 8.29 6.24 12.19 4.56 6.71 0.36 0.76 -0.27 -0.06 0.69 0.86 -0.15 0.07 
0.108791 6.91 12.52 5.62 8.29 6.24 12.20 4.56 6.72 0.36 0.76 -0.27 -0.06 0.69 0.86 -0.15 0.07 
0.108621 6.90 12.52 5.62 8.29 6.23 12.19 4.56 6.71 0.36 0.76 -0.27 -0.06 0.69 0.86 -0.15 0.07 
0.108648 6.93 12.57 5.64 8.33 6.26 12.23 4.58 6.75 0.36 0.76 -0.27 -0.06 0.69 0.86 -0.15 0.07 
0.108731 6.91 12.53 5.62 8.30 6.24 12.20 4.57 6.72 0.36 0.76 -0.27 -0.06 0.69 0.86 -0.15 0.07 
0.108335 6.89 12.49 5.62 8.28 6.22 12.16 4.56 6.70 0.36 0.76 -0.27 -0.06 0.69 0.86 -0.15 0.07 
0.108369 6.89 12.49 5.62 8.27 6.22 12.16 4.56 6.69 0.36 0.76 -0.27 -0.06 0.69 0.86 -0.15 0.07 
0.108374 6.89 12.48 5.62 8.28 6.22 12.16 4.56 6.70 0.36 0.76 -0.27 -0.06 0.69 0.86 -0.15 0.07 
0.108014 6.89 12.49 5.62 8.27 6.22 12.16 4.56 6.70 0.36 0.76 -0.27 -0.06 0.69 0.86 -0.15 0.07 
0.107999 6.89 12.50 5.62 8.28 6.22 12.17 4.56 6.70 0.36 0.76 -0.27 -0.06 0.69 0.86 -0.15 0.06 
0.107982 6.89 12.50 5.62 8.29 6.23 12.18 4.56 6.71 0.36 0.76 -0.27 -0.06 0.69 0.86 -0.15 0.06 
0.108167 6.89 12.50 5.63 8.30 6.23 12.18 4.57 6.72 0.36 0.76 -0.27 -0.06 0.69 0.86 -0.15 0.06 
0.108458 6.89 12.50 5.62 8.29 6.23 12.17 4.56 6.71 0.36 0.76 -0.27 -0.06 0.69 0.86 -0.15 0.06 
0.107421 6.89 12.49 5.62 8.28 6.22 12.17 4.56 6.71 0.36 0.76 -0.27 -0.06 0.69 0.86 -0.15 0.07 
0.107121 6.88 12.49 5.62 8.29 6.22 12.16 4.56 6.72 0.36 0.76 -0.27 -0.06 0.69 0.86 -0.15 0.07 
0.107017 6.89 12.49 5.63 8.29 6.22 12.17 4.57 6.72 0.36 0.76 -0.27 -0.06 0.69 0.86 -0.15 0.07 
0.107054 6.88 12.48 5.62 8.28 6.22 12.16 4.56 6.71 0.36 0.76 -0.27 -0.06 0.69 0.86 -0.15 0.07 
0.107051 6.91 12.53 5.64 8.32 6.24 12.21 4.58 6.75 0.36 0.76 -0.27 -0.06 0.69 0.86 -0.15 0.07 
0.107022 6.89 12.50 5.63 8.30 6.23 12.18 4.57 6.73 0.36 0.76 -0.27 -0.06 0.69 0.86 -0.15 0.07 
0.107092 6.90 12.51 5.62 8.29 6.23 12.19 4.57 6.72 0.36 0.76 -0.27 -0.06 0.69 0.86 -0.15 0.07 
0.106992 6.88 12.48 5.63 8.29 6.22 12.17 4.57 6.72 0.36 0.76 -0.27 -0.06 0.69 0.86 -0.15 0.07 
0.107630 6.88 12.48 5.63 8.30 6.22 12.16 4.57 6.73 0.36 0.76 -0.27 -0.06 0.69 0.86 -0.15 0.07 
0.106850 6.89 12.49 5.63 8.29 6.22 12.17 4.57 6.72 0.36 0.76 -0.27 -0.06 0.69 0.86 -0.15 0.07 
0.106482 6.88 12.47 5.62 8.28 6.21 12.16 4.56 6.71 0.36 0.76 -0.27 -0.06 0.69 0.86 -0.15 0.07 
0.106581 6.88 12.49 5.64 8.30 6.22 12.17 4.58 6.74 0.36 0.76 -0.27 -0.06 0.69 0.86 -0.15 0.07 
0.106482 6.88 12.47 5.62 8.28 6.22 12.16 4.56 6.72 0.36 0.76 -0.27 -0.06 0.69 0.86 -0.15 0.07 
0.106925 6.88 12.48 5.61 8.27 6.22 12.16 4.56 6.71 0.36 0.76 -0.27 -0.06 0.69 0.86 -0.15 0.06 
0.106277 6.87 12.46 5.62 8.28 6.21 12.15 4.56 6.72 0.36 0.76 -0.27 -0.06 0.69 0.86 -0.15 0.07 
0.106230 6.86 12.45 5.62 8.28 6.20 12.14 4.56 6.71 0.36 0.76 -0.27 -0.06 0.69 0.86 -0.15 0.07 
0.106277 6.86 12.44 5.62 8.28 6.20 12.13 4.56 6.71 0.36 0.76 -0.27 -0.06 0.69 0.86 -0.15 0.07 
0.106240 6.86 12.45 5.62 8.27 6.20 12.14 4.56 6.71 0.36 0.76 -0.27 -0.06 0.69 0.86 -0.15 0.07 
0.106305 6.86 12.44 5.62 8.27 6.20 12.13 4.56 6.70 0.36 0.76 -0.27 -0.06 0.69 0.86 -0.15 0.07 
0.106233 6.86 12.44 5.62 8.27 6.20 12.13 4.56 6.70 0.36 0.76 -0.27 -0.06 0.69 0.86 -0.15 0.07 
0.106221 6.86 12.45 5.62 8.27 6.20 12.14 4.56 6.71 0.36 0.76 -0.27 -0.06 0.69 0.86 -0.15 0.07 
0.106198 6.86 12.45 5.62 8.28 6.20 12.14 4.56 6.71 0.36 0.76 -0.27 -0.06 0.69 0.86 -0.15 0.07 
0.106298 6.87 12.45 5.62 8.28 6.20 12.14 4.56 6.71 0.36 0.76 -0.27 -0.06 0.69 0.86 -0.15 0.07 
0.105993 6.87 12.45 5.62 8.28 6.21 12.14 4.56 6.72 0.36 0.76 -0.27 -0.06 0.69 0.86 -0.15 0.07 
0.105843 6.87 12.46 5.62 8.28 6.21 12.15 4.57 6.72 0.36 0.76 -0.27 -0.06 0.69 0.86 -0.15 0.07 
0.105807 6.87 12.47 5.62 8.28 6.21 12.16 4.56 6.72 0.36 0.76 -0.27 -0.06 0.69 0.86 -0.15 0.07 
0.105844 6.87 12.46 5.62 8.28 6.21 12.15 4.56 6.72 0.36 0.76 -0.27 -0.06 0.69 0.86 -0.15 0.07 
0.105719 6.88 12.48 5.62 8.29 6.22 12.17 4.57 6.73 0.36 0.76 -0.27 -0.06 0.69 0.86 -0.15 0.07 
0.105536 6.87 12.47 5.62 8.28 6.22 12.16 4.56 6.72 0.36 0.76 -0.27 -0.06 0.69 0.86 -0.15 0.07 
0.105494 6.87 12.47 5.62 8.28 6.21 12.16 4.56 6.72 0.36 0.76 -0.27 -0.06 0.69 0.86 -0.15 0.07 
0.105315 6.87 12.47 5.62 8.28 6.22 12.16 4.57 6.73 0.36 0.76 -0.27 -0.06 0.69 0.86 -0.15 0.07 
0.105207 6.87 12.47 5.62 8.28 6.22 12.17 4.56 6.73 0.36 0.76 -0.27 -0.06 0.69 0.86 -0.15 0.07 
0.105134 6.87 12.47 5.61 8.28 6.22 12.16 4.56 6.72 0.36 0.76 -0.27 -0.06 0.69 0.86 -0.15 0.07 
0.105167 6.87 12.47 5.61 8.27 6.22 12.16 4.56 6.72 0.36 0.76 -0.27 -0.06 0.69 0.86 -0.15 0.07 
0.105175 6.87 12.47 5.61 8.28 6.22 12.16 4.56 6.72 0.36 0.76 -0.27 -0.06 0.69 0.86 -0.15 0.07 
0.105123 6.88 12.48 5.61 8.28 6.22 12.17 4.56 6.73 0.36 0.76 -0.27 -0.06 0.69 0.86 -0.15 0.07 
0.105157 6.88 12.48 5.61 8.28 6.22 12.17 4.56 6.72 0.36 0.76 -0.27 -0.06 0.69 0.86 -0.15 0.07 
0.105027 6.87 12.47 5.61 8.28 6.22 12.16 4.56 6.73 0.36 0.76 -0.27 -0.06 0.69 0.86 -0.15 0.07 
0.104888 6.87 12.46 5.61 8.28 6.21 12.16 4.56 6.73 0.36 0.76 -0.27 -0.06 0.69 0.86 -0.15 0.07 
0.105002 6.86 12.44 5.61 8.27 6.20 12.14 4.56 6.71 0.36 0.76 -0.27 -0.06 0.69 0.86 -0.15 0.07 
0.104841 6.87 12.46 5.62 8.28 6.21 12.15 4.56 6.73 0.36 0.76 -0.27 -0.06 0.69 0.86 -0.15 0.07 
0.104725 6.88 12.48 5.62 8.30 6.22 12.17 4.57 6.74 0.36 0.76 -0.27 -0.06 0.69 0.86 -0.15 0.07 
0.104601 6.87 12.47 5.62 8.30 6.22 12.17 4.57 6.74 0.36 0.76 -0.27 -0.06 0.69 0.86 -0.15 0.07 
0.104595 6.87 12.47 5.63 8.30 6.22 12.16 4.57 6.74 0.36 0.76 -0.27 -0.06 0.69 0.86 -0.15 0.07 
0.104615 6.87 12.47 5.63 8.30 6.22 12.17 4.58 6.75 0.36 0.76 -0.27 -0.06 0.69 0.86 -0.15 0.07 
0.104640 6.87 12.47 5.63 8.30 6.22 12.17 4.58 6.75 0.36 0.76 -0.27 -0.06 0.69 0.86 -0.15 0.07 
0.104603 6.87 12.47 5.63 8.30 6.22 12.17 4.58 6.75 0.36 0.76 -0.27 -0.06 0.69 0.86 -0.15 0.07 
0.104513 6.87 12.47 5.63 8.30 6.22 12.17 4.58 6.75 0.36 0.76 -0.27 -0.06 0.69 0.86 -0.15 0.07 
0.104479 6.87 12.47 5.63 8.30 6.22 12.17 4.58 6.75 0.36 0.76 -0.27 -0.06 0.69 0.86 -0.15 0.07 
0.104475 6.87 12.47 5.63 8.30 6.22 12.17 4.58 6.75 0.36 0.76 -0.27 -0.06 0.69 0.86 -0.15 0.07 
0.104446 6.88 12.48 5.63 8.31 6.22 12.18 4.58 6.75 0.36 0.76 -0.27 -0.06 0.69 0.86 -0.15 0.07 
0.104207 6.87 12.47 5.63 8.30 6.22 12.17 4.58 6.75 0.36 0.76 -0.27 -0.06 0.69 0.86 -0.15 0.07 
0.104073 6.86 12.46 5.62 8.30 6.21 12.16 4.57 6.75 0.36 0.77 -0.27 -0.06 0.69 0.86 -0.15 0.07 
0.104009 6.85 12.43 5.62 8.28 6.20 12.14 4.57 6.73 0.36 0.77 -0.27 -0.06 0.69 0.86 -0.15 0.07 
0.104010 6.85 12.44 5.62 8.29 6.21 12.14 4.57 6.74 0.36 0.77 -0.27 -0.06 0.69 0.86 -0.15 0.07 
0.104101 6.85 12.43 5.62 8.28 6.20 12.14 4.57 6.73 0.36 0.77 -0.27 -0.06 0.69 0.86 -0.15 0.07 
0.103796 6.85 12.44 5.62 8.28 6.20 12.14 4.57 6.74 0.36 0.77 -0.27 -0.06 0.69 0.86 -0.15 0.07 
0.103686 6.85 12.43 5.62 8.28 6.20 12.14 4.57 6.74 0.36 0.77 -0.27 -0.06 0.69 0.86 -0.15 0.07 
0.103535 6.85 12.43 5.62 8.28 6.20 12.14 4.57 6.74 0.36 0.77 -0.27 -0.06 0.69 0.86 -0.15 0.07 
0.103408 6.84 12.42 5.62 8.28 6.20 12.13 4.57 6.74 0.36 0.77 -0.27 -0.06 0.69 0.86 -0.15 0.07 
0.103306 6.84 12.40 5.62 8.27 6.19 12.12 4.57 6.73 0.36 0.77 -0.27 -0.06 0.69 0.86 -0.15 0.07 
0.103274 6.84 12.41 5.62 8.28 6.19 12.12 4.57 6.74 0.36 0.76 -0.27 -0.06 0.69 0.86 -0.15 0.07 
0.103277 6.84 12.41 5.63 8.28 6.19 12.12 4.57 6.74 0.36 0.76 -0.27 -0.06 0.69 0.86 -0.15 0.07 
0.103213 6.84 12.41 5.62 8.28 6.19 12.12 4.57 6.74 0.36 0.76 -0.27 -0.06 0.69 0.86 -0.15 0.07 
0.103223 6.84 12.41 5.62 8.28 6.19 12.12 4.57 6.74 0.36 0.76 -0.27 -0.06 0.69 0.86 -0.15 0.07 
0.103124 6.84 12.42 5.63 8.29 6.20 12.13 4.58 6.75 0.36 0.77 -0.27 -0.06 0.69 0.86 -0.15 0.07 
0.102981 6.84 12.42 5.63 8.29 6.20 12.13 4.58 6.75 0.36 0.77 -0.27 -0.06 0.69 0.86 -0.15 0.07 
0.102925 6.83 12.40 5.62 8.28 6.19 12.12 4.57 6.74 0.36 0.77 -0.27 -0.06 0.69 0.86 -0.15 0.07 
0.102730 6.83 12.40 5.62 8.28 6.19 12.12 4.57 6.74 0.36 0.77 -0.27 -0.06 0.69 0.86 -0.15 0.07 
0.102601 6.83 12.40 5.62 8.28 6.19 12.12 4.57 6.74 0.36 0.77 -0.27 -0.06 0.69 0.86 -0.15 0.07 
0.102478 6.83 12.40 5.63 8.28 6.19 12.12 4.58 6.75 0.36 0.77 -0.27 -0.06 0.69 0.86 -0.15 0.07 
0.102449 6.83 12.41 5.63 8.29 6.19 12.12 4.58 6.75 0.36 0.77 -0.27 -0.06 0.69 0.86 -0.15 0.07 
0.102392 6.84 12.41 5.63 8.30 6.19 12.13 4.58 6.76 0.36 0.77 -0.27 -0.06 0.69 0.86 -0.15 0.07 
0.102295 6.84 12.42 5.63 8.30 6.20 12.14 4.58 6.77 0.36 0.77 -0.27 -0.06 0.69 0.86 -0.15 0.07 
0.102196 6.84 12.43 5.64 8.31 6.20 12.14 4.59 6.78 0.36 0.77 -0.27 -0.06 0.69 0.86 -0.15 0.07 
0.102224 6.85 12.43 5.64 8.32 6.20 12.15 4.59 6.78 0.36 0.77 -0.27 -0.06 0.69 0.86 -0.15 0.07 
0.102189 6.84 12.43 5.64 8.31 6.20 12.14 4.59 6.77 0.36 0.77 -0.27 -0.06 0.69 0.86 -0.15 0.07 
0.102140 6.84 12.42 5.64 8.31 6.20 12.14 4.59 6.77 0.36 0.77 -0.27 -0.06 0.69 0.86 -0.15 0.07 
0.102107 6.83 12.41 5.64 8.30 6.19 12.13 4.59 6.77 0.36 0.77 -0.27 -0.06 0.69 0.86 -0.15 0.07 
0.102023 6.83 12.40 5.63 8.30 6.19 12.12 4.58 6.76 0.36 0.77 -0.27 -0.06 0.69 0.86 -0.15 0.07 
0.101908 6.83 12.40 5.63 8.30 6.19 12.12 4.58 6.76 0.36 0.77 -0.27 -0.06 0.69 0.86 -0.15 0.07 
0.101801 6.83 12.40 5.64 8.30 6.19 12.12 4.59 6.77 0.36 0.77 -0.27 -0.06 0.69 0.86 -0.15 0.07 
0.101850 6.83 12.40 5.64 8.31 6.19 12.12 4.59 6.77 0.36 0.77 -0.27 -0.06 0.69 0.86 -0.15 0.07 
0.101729 6.83 12.40 5.64 8.30 6.19 12.12 4.59 6.77 0.36 0.77 -0.27 -0.06 0.69 0.86 -0.15 0.07 
0.101583 6.82 12.39 5.64 8.30 6.19 12.12 4.59 6.77 0.36 0.77 -0.27 -0.06 0.69 0.86 -0.15 0.07 
0.101549 6.82 12.38 5.64 8.30 6.18 12.11 4.59 6.77 0.36 0.77 -0.27 -0.06 0.69 0.86 -0.15 0.07 
0.101566 6.82 12.37 5.63 8.29 6.18 12.10 4.58 6.76 0.36 0.77 -0.27 -0.06 0.69 0.86 -0.15 0.07 
0.101592 6.82 12.38 5.64 8.29 6.18 12.10 4.58 6.76 0.37 0.77 -0.27 -0.06 0.69 0.86 -0.15 0.07 
0.101594 6.82 12.38 5.64 8.30 6.18 12.11 4.59 6.77 0.36 0.77 -0.27 -0.06 0.69 0.86 -0.15 0.07 
0.101548 6.83 12.39 5.65 8.31 6.19 12.12 4.59 6.78 0.37 0.77 -0.27 -0.06 0.69 0.86 -0.15 0.07 
0.101545 6.83 12.40 5.65 8.32 6.19 12.12 4.59 6.78 0.37 0.77 -0.27 -0.06 0.69 0.86 -0.15 0.07 
0.101520 6.84 12.41 5.65 8.33 6.20 12.14 4.60 6.80 0.37 0.77 -0.27 -0.06 0.69 0.86 -0.15 0.07 
0.101555 6.84 12.41 5.65 8.33 6.20 12.14 4.60 6.80 0.37 0.77 -0.27 -0.06 0.69 0.86 -0.15 0.07 
0.101448 6.83 12.41 5.65 8.32 6.19 12.13 4.60 6.79 0.37 0.77 -0.27 -0.06 0.69 0.86 -0.15 0.07 
0.101427 6.83 12.40 5.65 8.32 6.19 12.12 4.60 6.78 0.37 0.77 -0.27 -0.06 0.69 0.86 -0.15 0.07 
0.101312 6.82 12.39 5.65 8.31 6.19 12.12 4.59 6.78 0.37 0.77 -0.27 -0.06 0.69 0.86 -0.15 0.07 
0.101240 6.82 12.39 5.65 8.31 6.18 12.11 4.60 6.78 0.37 0.77 -0.27 -0.06 0.69 0.86 -0.15 0.07 
0.101165 6.82 12.39 5.65 8.31 6.18 12.12 4.59 6.78 0.37 0.77 -0.27 -0.06 0.69 0.86 -0.15 0.07 
0.101060 6.82 12.38 5.64 8.31 6.18 12.11 4.59 6.78 0.37 0.77 -0.27 -0.06 0.69 0.86 -0.15 0.07 
0.101126 6.82 12.39 5.65 8.31 6.19 12.12 4.59 6.78 0.37 0.77 -0.27 -0.06 0.69 0.86 -0.15 0.07 
0.101098 6.82 12.38 5.64 8.30 6.18 12.11 4.59 6.77 0.37 0.77 -0.27 -0.06 0.69 0.86 -0.15 0.07 
0.101068 6.82 12.39 5.65 8.32 6.19 12.12 4.60 6.79 0.37 0.77 -0.27 -0.06 0.69 0.86 -0.15 0.07 
0.100996 6.82 12.37 5.64 8.31 6.18 12.10 4.59 6.78 0.37 0.77 -0.27 -0.06 0.69 0.86 -0.15 0.07 
0.100999 6.82 12.38 5.64 8.31 6.18 12.11 4.59 6.78 0.37 0.77 -0.27 -0.06 0.69 0.86 -0.15 0.07 
0.100987 6.82 12.39 5.65 8.31 6.18 12.12 4.60 6.79 0.37 0.77 -0.27 -0.06 0.69 0.86 -0.15 0.07 
0.101016 6.82 12.38 5.65 8.31 6.18 12.11 4.59 6.78 0.37 0.77 -0.27 -0.06 0.69 0.86 -0.15 0.07 
0.100980 6.82 12.38 5.64 8.31 6.18 12.11 4.59 6.78 0.37 0.77 -0.27 -0.06 0.69 0.86 -0.15 0.07 
0.100883 6.81 12.37 5.65 8.31 6.18 12.10 4.59 6.78 0.37 0.77 -0.27 -0.06 0.69 0.86 -0.15 0.07 
0.100718 6.81 12.36 5.65 8.30 6.17 12.10 4.59 6.78 0.37 0.77 -0.27 -0.06 0.69 0.86 -0.15 0.07 
0.100673 6.80 12.35 5.65 8.30 6.17 12.09 4.59 6.78 0.37 0.77 -0.27 -0.06 0.69 0.86 -0.15 0.07 
0.100673 6.80 12.35 5.65 8.31 6.17 12.09 4.59 6.78 0.37 0.77 -0.27 -0.06 0.69 0.86 -0.15 0.07 
0.100619 6.80 12.35 5.65 8.30 6.16 12.08 4.59 6.78 0.37 0.77 -0.27 -0.06 0.69 0.86 -0.15 0.07 
0.100572 6.80 12.35 5.65 8.31 6.16 12.08 4.60 6.78 0.37 0.77 -0.27 -0.06 0.69 0.86 -0.15 0.07 
0.100621 6.79 12.33 5.65 8.30 6.15 12.07 4.59 6.77 0.37 0.77 -0.27 -0.06 0.69 0.86 -0.15 0.07 
0.100613 6.80 12.34 5.65 8.30 6.16 12.08 4.59 6.78 0.37 0.77 -0.27 -0.06 0.69 0.86 -0.15 0.07 
0.100569 6.81 12.37 5.66 8.32 6.17 12.10 4.60 6.80 0.37 0.77 -0.27 -0.06 0.69 0.86 -0.15 0.07 
0.100591 6.81 12.37 5.66 8.33 6.18 12.11 4.60 6.80 0.37 0.77 -0.27 -0.06 0.69 0.86 -0.15 0.07 
0.100579 6.81 12.37 5.66 8.32 6.17 12.10 4.60 6.80 0.37 0.77 -0.27 -0.06 0.69 0.86 -0.15 0.07 
0.100547 6.81 12.36 5.66 8.32 6.17 12.10 4.60 6.80 0.37 0.77 -0.27 -0.06 0.69 0.86 -0.15 0.07 
0.100311 6.81 12.36 5.66 8.32 6.17 12.10 4.60 6.80 0.37 0.77 -0.27 -0.06 0.69 0.86 -0.15 0.07 
0.100238 6.80 12.35 5.66 8.32 6.17 12.09 4.60 6.80 0.37 0.77 -0.27 -0.06 0.69 0.86 -0.15 0.07 
0.100181 6.80 12.35 5.66 8.32 6.17 12.09 4.60 6.80 0.37 0.77 -0.27 -0.06 0.69 0.86 -0.15 0.07 
0.100190 6.79 12.32 5.65 8.31 6.15 12.07 4.60 6.79 0.37 0.77 -0.27 -0.06 0.69 0.86 -0.15 0.07 
0.100206 6.80 12.35 5.66 8.32 6.17 12.09 4.61 6.80 0.37 0.77 -0.27 -0.06 0.69 0.86 -0.15 0.07 
0.100214 6.80 12.35 5.66 8.32 6.17 12.09 4.60 6.80 0.37 0.77 -0.27 -0.06 0.69 0.86 -0.15 0.07 
0.100179 6.80 12.35 5.66 8.32 6.17 12.09 4.60 6.80 0.37 0.77 -0.27 -0.06 0.69 0.86 -0.15 0.07 
0.100396 6.80 12.35 5.66 8.32 6.17 12.09 4.60 6.80 0.37 0.77 -0.27 -0.06 0.69 0.86 -0.15 0.07 
0.100181 6.80 12.35 5.66 8.32 6.17 12.09 4.60 6.80 0.37 0.77 -0.27 -0.06 0.69 0.86 -0.15 0.07 
0.100120 6.80 12.34 5.65 8.31 6.16 12.08 4.60 6.79 0.37 0.77 -0.27 -0.06 0.69 0.86 -0.15 0.07 
0.100094 6.80 12.35 5.65 8.32 6.17 12.09 4.60 6.80 0.37 0.77 -0.27 -0.06 0.69 0.86 -0.15 0.07 
0.100058 6.80 12.35 5.66 8.32 6.17 12.10 4.60 6.80 0.37 0.77 -0.27 -0.06 0.69 0.86 -0.15 0.07 
0.100034 6.80 12.35 5.66 8.32 6.17 12.10 4.61 6.80 0.37 0.77 -0.27 -0.06 0.69 0.86 -0.15 0.07 
0.099899 6.80 12.35 5.66 8.32 6.17 12.10 4.61 6.81 0.37 0.77 -0.27 -0.06 0.69 0.86 -0.15 0.07 
0.099811 6.80 12.36 5.66 8.33 6.17 12.10 4.61 6.81 0.37 0.77 -0.27 -0.06 0.69 0.86 -0.15 0.07 
0.099766 6.80 12.36 5.66 8.33 6.17 12.10 4.61 6.82 0.37 0.77 -0.27 -0.06 0.69 0.86 -0.15 0.07 
0.099809 6.81 12.36 5.66 8.33 6.17 12.11 4.61 6.82 0.37 0.77 -0.27 -0.06 0.69 0.86 -0.15 0.07 
0.099755 6.80 12.35 5.66 8.33 6.17 12.09 4.61 6.81 0.37 0.77 -0.27 -0.06 0.69 0.86 -0.15 0.07 
0.099753 6.80 12.36 5.66 8.33 6.17 12.10 4.61 6.81 0.37 0.77 -0.27 -0.06 0.69 0.86 -0.15 0.07 
0.099730 6.80 12.36 5.66 8.33 6.17 12.10 4.61 6.81 0.37 0.77 -0.27 -0.06 0.69 0.86 -0.15 0.07 
0.099700 6.80 12.35 5.66 8.33 6.17 12.10 4.61 6.81 0.37 0.77 -0.27 -0.06 0.69 0.86 -0.15 0.07 
0.099756 6.80 12.36 5.67 8.34 6.17 12.11 4.62 6.82 0.37 0.77 -0.27 -0.06 0.69 0.86 -0.15 0.07 
0.099674 6.79 12.33 5.66 8.32 6.16 12.08 4.61 6.81 0.37 0.77 -0.27 -0.06 0.69 0.86 -0.15 0.07 
0.099612 6.79 12.33 5.66 8.32 6.16 12.08 4.61 6.81 0.37 0.77 -0.27 -0.06 0.69 0.86 -0.15 0.07 
0.099806 6.79 12.32 5.66 8.31 6.16 12.07 4.60 6.80 0.37 0.77 -0.27 -0.06 0.69 0.86 -0.15 0.07 
0.099571 6.79 12.33 5.66 8.32 6.16 12.08 4.61 6.81 0.37 0.77 -0.27 -0.06 0.69 0.86 -0.15 0.07 
0.099408 6.79 12.32 5.66 8.32 6.16 12.08 4.61 6.80 0.37 0.77 -0.27 -0.06 0.69 0.86 -0.15 0.07 
0.099436 6.79 12.32 5.66 8.31 6.16 12.07 4.60 6.80 0.37 0.77 -0.27 -0.06 0.69 0.86 -0.15 0.07 
0.099412 6.78 12.32 5.66 8.31 6.15 12.07 4.60 6.80 0.37 0.77 -0.27 -0.06 0.69 0.86 -0.15 0.07 
0.099357 6.79 12.33 5.66 8.32 6.16 12.09 4.61 6.81 0.37 0.77 -0.27 -0.06 0.69 0.86 -0.15 0.07 
0.099354 6.79 12.34 5.66 8.32 6.17 12.09 4.61 6.81 0.37 0.77 -0.27 -0.06 0.69 0.86 -0.15 0.07 
0.099349 6.79 12.33 5.66 8.32 6.16 12.09 4.61 6.81 0.37 0.77 -0.27 -0.06 0.69 0.86 -0.15 0.07 
0.099360 6.79 12.33 5.66 8.32 6.16 12.09 4.61 6.81 0.37 0.77 -0.27 -0.06 0.69 0.86 -0.15 0.07 
0.099391 6.80 12.34 5.67 8.33 6.17 12.10 4.62 6.82 0.37 0.77 -0.27 -0.06 0.69 0.86 -0.15 0.07 
0.099292 6.79 12.33 5.66 8.32 6.16 12.08 4.61 6.81 0.37 0.77 -0.27 -0.06 0.69 0.86 -0.15 0.07 
0.099213 6.78 12.31 5.65 8.30 6.15 12.06 4.60 6.79 0.37 0.77 -0.27 -0.06 0.69 0.86 -0.15 0.07 
0.099190 6.78 12.30 5.65 8.30 6.15 12.06 4.60 6.79 0.37 0.77 -0.27 -0.06 0.69 0.86 -0.15 0.07 
0.099252 6.78 12.30 5.65 8.30 6.15 12.06 4.60 6.79 0.37 0.77 -0.27 -0.06 0.69 0.86 -0.15 0.07 
0.099105 6.78 12.30 5.65 8.30 6.15 12.06 4.60 6.79 0.37 0.77 -0.27 -0.06 0.69 0.86 -0.15 0.07 
0.098977 6.78 12.30 5.66 8.31 6.15 12.06 4.60 6.80 0.37 0.77 -0.27 -0.06 0.69 0.86 -0.15 0.07 
0.098931 6.77 12.30 5.65 8.30 6.15 12.06 4.60 6.79 0.37 0.77 -0.27 -0.06 0.69 0.86 -0.15 0.07 
0.098904 6.78 12.30 5.65 8.30 6.15 12.06 4.60 6.80 0.37 0.77 -0.27 -0.06 0.69 0.86 -0.15 0.07 
0.098910 6.77 12.29 5.65 8.30 6.14 12.05 4.60 6.79 0.37 0.77 -0.27 -0.06 0.69 0.86 -0.15 0.07 
0.098937 6.78 12.31 5.65 8.30 6.15 12.07 4.60 6.80 0.37 0.77 -0.27 -0.06 0.69 0.86 -0.15 0.07 
0.098957 6.78 12.30 5.65 8.30 6.15 12.06 4.60 6.79 0.37 0.77 -0.27 -0.06 0.69 0.86 -0.15 0.07 
0.098923 6.78 12.30 5.65 8.30 6.15 12.06 4.60 6.80 0.37 0.77 -0.27 -0.06 0.69 0.86 -0.15 0.07 
0.098838 6.78 12.31 5.66 8.31 6.16 12.08 4.61 6.81 0.37 0.77 -0.27 -0.06 0.69 0.86 -0.15 0.07 
0.098860 6.79 12.33 5.67 8.33 6.16 12.09 4.62 6.82 0.37 0.77 -0.27 -0.06 0.69 0.86 -0.15 0.07 
0.098824 6.78 12.31 5.66 8.31 6.16 12.07 4.61 6.81 0.37 0.77 -0.27 -0.06 0.69 0.86 -0.15 0.07 
0.098775 6.78 12.30 5.66 8.31 6.15 12.07 4.61 6.81 0.37 0.77 -0.27 -0.06 0.69 0.86 -0.15 0.07 
0.098953 6.78 12.31 5.67 8.32 6.15 12.07 4.61 6.82 0.37 0.77 -0.27 -0.06 0.69 0.86 -0.15 0.07 
0.098793 6.77 12.30 5.66 8.31 6.15 12.06 4.61 6.80 0.37 0.77 -0.27 -0.06 0.69 0.86 -0.15 0.07 
0.098777 6.77 12.30 5.66 8.31 6.15 12.06 4.61 6.80 0.37 0.77 -0.27 -0.06 0.69 0.86 -0.15 0.07 
0.098781 6.78 12.30 5.66 8.31 6.15 12.07 4.61 6.81 0.37 0.77 -0.27 -0.06 0.69 0.86 -0.15 0.07 
0.098660 6.77 12.30 5.66 8.31 6.15 12.06 4.61 6.81 0.37 0.77 -0.27 -0.06 0.69 0.86 -0.15 0.07 
0.098632 6.78 12.31 5.66 8.31 6.16 12.08 4.61 6.81 0.37 0.77 -0.27 -0.06 0.69 0.86 -0.15 0.07 
0.098654 6.79 12.32 5.66 8.32 6.16 12.08 4.61 6.81 0.37 0.77 -0.27 -0.06 0.69 0.86 -0.15 0.07 
0.098614 6.78 12.30 5.65 8.30 6.15 12.07 4.61 6.80 0.37 0.77 -0.27 -0.06 0.69 0.86 -0.15 0.07 
0.098659 6.77 12.29 5.65 8.30 6.15 12.06 4.60 6.79 0.37 0.77 -0.27 -0.06 0.69 0.86 -0.15 0.07 
0.098682 6.77 12.30 5.65 8.30 6.15 12.06 4.60 6.80 0.37 0.77 -0.27 -0.06 0.69 0.86 -0.15 0.07 
0.098595 6.78 12.30 5.66 8.30 6.15 12.07 4.61 6.80 0.37 0.77 -0.27 -0.06 0.69 0.86 -0.15 0.07 
0.098498 6.78 12.31 5.66 8.31 6.16 12.08 4.61 6.81 0.37 0.77 -0.27 -0.06 0.69 0.86 -0.15 0.07 
0.098524 6.79 12.32 5.66 8.32 6.16 12.09 4.61 6.82 0.37 0.77 -0.27 -0.06 0.69 0.86 -0.15 0.07 
0.098499 6.78 12.31 5.66 8.31 6.16 12.08 4.61 6.81 0.37 0.77 -0.27 -0.06 0.69 0.86 -0.15 0.07 
0.098445 6.78 12.30 5.65 8.30 6.15 12.07 4.61 6.80 0.37 0.77 -0.27 -0.06 0.69 0.86 -0.15 0.07 
0.098453 6.78 12.30 5.65 8.30 6.15 12.07 4.61 6.80 0.37 0.77 -0.27 -0.06 0.69 0.86 -0.15 0.07 
0.098393 6.78 12.31 5.66 8.31 6.16 12.08 4.61 6.81 0.37 0.77 -0.27 -0.06 0.69 0.86 -0.15 0.07 
0.098294 6.78 12.31 5.66 8.32 6.16 12.08 4.61 6.82 0.37 0.77 -0.27 -0.06 0.69 0.86 -0.15 0.07 
0.098213 6.79 12.32 5.67 8.33 6.16 12.09 4.62 6.83 0.37 0.77 -0.27 -0.06 0.69 0.86 -0.15 0.07 
0.098166 6.78 12.31 5.67 8.33 6.16 12.08 4.62 6.83 0.37 0.77 -0.27 -0.06 0.69 0.86 -0.15 0.07 
0.098038 6.78 12.31 5.67 8.33 6.16 12.08 4.62 6.83 0.37 0.77 -0.27 -0.06 0.69 0.86 -0.15 0.07 
0.097934 6.78 12.30 5.67 8.33 6.16 12.08 4.62 6.83 0.37 0.77 -0.27 -0.06 0.69 0.86 -0.15 0.07 
0.097799 6.78 12.31 5.68 8.33 6.16 12.08 4.63 6.84 0.37 0.77 -0.27 -0.06 0.69 0.86 -0.16 0.07 
0.097689 6.78 12.31 5.67 8.33 6.16 12.09 4.63 6.84 0.37 0.77 -0.27 -0.06 0.69 0.86 -0.15 0.07 
0.097630 6.78 12.32 5.68 8.34 6.16 12.09 4.63 6.85 0.37 0.77 -0.27 -0.06 0.69 0.86 -0.16 0.07 
0.097598 6.78 12.30 5.68 8.33 6.16 12.08 4.63 6.84 0.37 0.77 -0.27 -0.06 0.69 0.86 -0.16 0.07 
0.097599 6.77 12.30 5.67 8.33 6.16 12.08 4.63 6.84 0.37 0.77 -0.27 -0.06 0.69 0.86 -0.16 0.07 
0.097508 6.78 12.31 5.68 8.34 6.16 12.09 4.63 6.85 0.37 0.77 -0.27 -0.06 0.69 0.86 -0.16 0.07 
0.097492 6.78 12.31 5.68 8.34 6.16 12.09 4.63 6.85 0.37 0.77 -0.27 -0.06 0.69 0.86 -0.16 0.07 
0.097482 6.78 12.31 5.68 8.33 6.16 12.09 4.63 6.85 0.37 0.77 -0.27 -0.06 0.69 0.86 -0.16 0.07 
0.097525 6.78 12.31 5.68 8.34 6.16 12.09 4.63 6.85 0.37 0.77 -0.27 -0.06 0.69 0.86 -0.16 0.07 
0.097510 6.78 12.32 5.68 8.34 6.16 12.10 4.63 6.85 0.37 0.77 -0.27 -0.06 0.69 0.86 -0.16 0.07 
0.097356 6.77 12.30 5.68 8.33 6.15 12.08 4.63 6.84 0.37 0.77 -0.27 -0.06 0.69 0.86 -0.16 0.07 
0.097228 6.76 12.28 5.67 8.32 6.15 12.07 4.62 6.84 0.37 0.77 -0.27 -0.06 0.69 0.86 -0.16 0.07 
0.097156 6.76 12.27 5.67 8.31 6.14 12.06 4.62 6.83 0.37 0.77 -0.27 -0.06 0.69 0.86 -0.16 0.07 
0.097571 6.76 12.27 5.67 8.32 6.14 12.06 4.62 6.83 0.37 0.77 -0.27 -0.06 0.69 0.86 -0.16 0.07 
0.097180 6.76 12.27 5.66 8.31 6.14 12.05 4.62 6.83 0.37 0.77 -0.27 -0.06 0.69 0.86 -0.16 0.07 
0.097332 6.76 12.27 5.66 8.31 6.14 12.06 4.62 6.83 0.37 0.77 -0.27 -0.06 0.69 0.86 -0.15 0.07 
0.097141 6.76 12.28 5.67 8.32 6.15 12.06 4.62 6.83 0.37 0.77 -0.27 -0.06 0.69 0.86 -0.16 0.07 
0.097119 6.75 12.26 5.66 8.31 6.14 12.05 4.62 6.82 0.37 0.77 -0.27 -0.06 0.69 0.86 -0.16 0.07 
0.097457 6.75 12.26 5.66 8.31 6.14 12.05 4.62 6.83 0.37 0.77 -0.27 -0.06 0.69 0.86 -0.16 0.07 
0.097104 6.76 12.27 5.67 8.31 6.14 12.06 4.62 6.83 0.37 0.77 -0.27 -0.06 0.69 0.86 -0.16 0.07 
0.097104 6.76 12.27 5.66 8.31 6.14 12.06 4.62 6.82 0.37 0.77 -0.27 -0.06 0.69 0.86 -0.16 0.07 
0.097112 6.77 12.29 5.66 8.32 6.15 12.07 4.62 6.83 0.37 0.77 -0.27 -0.06 0.69 0.86 -0.15 0.07 
0.097075 6.76 12.27 5.66 8.30 6.14 12.06 4.62 6.82 0.37 0.77 -0.27 -0.06 0.69 0.86 -0.16 0.07 
0.097175 6.76 12.27 5.66 8.30 6.14 12.06 4.61 6.82 0.37 0.77 -0.27 -0.06 0.69 0.86 -0.15 0.07 
0.097165 6.75 12.26 5.66 8.30 6.14 12.05 4.61 6.82 0.37 0.77 -0.27 -0.06 0.69 0.86 -0.16 0.07 
0.097163 6.76 12.26 5.66 8.30 6.14 12.05 4.61 6.82 0.37 0.77 -0.27 -0.06 0.69 0.86 -0.15 0.07 
0.097100 6.76 12.27 5.66 8.31 6.14 12.06 4.62 6.83 0.37 0.77 -0.27 -0.06 0.69 0.86 -0.16 0.07 
0.097146 6.76 12.27 5.66 8.30 6.14 12.06 4.61 6.82 0.37 0.77 -0.27 -0.06 0.69 0.86 -0.16 0.07 
0.097088 6.76 12.26 5.66 8.30 6.14 12.05 4.61 6.82 0.37 0.77 -0.27 -0.06 0.69 0.86 -0.16 0.07 
0.097104 6.76 12.27 5.66 8.30 6.14 12.06 4.62 6.82 0.37 0.77 -0.27 -0.06 0.69 0.86 -0.16 0.07 
0.097081 6.76 12.27 5.66 8.30 6.14 12.06 4.62 6.82 0.37 0.77 -0.27 -0.06 0.69 0.86 -0.16 0.07 
0.097015 6.76 12.27 5.66 8.30 6.14 12.06 4.62 6.82 0.37 0.77 -0.27 -0.06 0.69 0.86 -0.16 0.07 
0.097041 6.76 12.27 5.66 8.30 6.14 12.06 4.62 6.82 0.37 0.77 -0.27 -0.06 0.69 0.86 -0.16 0.07 
0.097053 6.75 12.26 5.66 8.30 6.14 12.05 4.61 6.82 0.37 0.77 -0.27 -0.06 0.69 0.86 -0.16 0.07 
0.097008 6.76 12.27 5.66 8.31 6.14 12.06 4.62 6.82 0.37 0.77 -0.27 -0.06 0.69 0.86 -0.16 0.07 
0.097020 6.76 12.27 5.66 8.30 6.14 12.06 4.62 6.82 0.37 0.77 -0.27 -0.06 0.69 0.86 -0.16 0.07 
0.096976 6.76 12.27 5.66 8.31 6.14 12.06 4.62 6.83 0.37 0.77 -0.27 -0.06 0.69 0.86 -0.15 0.07 
0.096964 6.76 12.27 5.66 8.31 6.15 12.06 4.62 6.83 0.37 0.77 -0.27 -0.06 0.69 0.86 -0.16 0.07 
0.096947 6.76 12.27 5.66 8.31 6.15 12.06 4.62 6.83 0.37 0.77 -0.27 -0.06 0.69 0.86 -0.15 0.07 
0.096950 6.76 12.28 5.66 8.31 6.15 12.07 4.62 6.83 0.37 0.77 -0.27 -0.06 0.69 0.86 -0.15 0.07 
0.096970 6.76 12.28 5.66 8.31 6.15 12.07 4.62 6.83 0.37 0.77 -0.27 -0.06 0.69 0.86 -0.15 0.07 
0.096916 6.76 12.28 5.66 8.31 6.15 12.07 4.62 6.83 0.37 0.77 -0.27 -0.06 0.69 0.86 -0.16 0.07 
0.096932 6.76 12.28 5.66 8.31 6.15 12.07 4.62 6.83 0.37 0.77 -0.27 -0.06 0.69 0.86 -0.15 0.07 
0.096922 6.76 12.28 5.66 8.31 6.15 12.07 4.62 6.83 0.37 0.77 -0.27 -0.06 0.69 0.86 -0.16 0.07 
0.096935 6.76 12.28 5.66 8.31 6.15 12.07 4.62 6.83 0.37 0.77 -0.27 -0.06 0.69 0.86 -0.15 0.07 
0.096919 6.76 12.28 5.66 8.31 6.15 12.07 4.62 6.83 0.37 0.77 -0.27 -0.06 0.69 0.86 -0.16 0.07 
0.096874 6.76 12.27 5.66 8.31 6.14 12.06 4.62 6.83 0.37 0.77 -0.27 -0.06 0.69 0.86 -0.16 0.07 
0.096835 6.76 12.27 5.66 8.30 6.14 12.06 4.62 6.82 0.37 0.77 -0.27 -0.06 0.69 0.86 -0.16 0.07 
0.096865 6.75 12.26 5.66 8.30 6.14 12.06 4.61 6.82 0.37 0.77 -0.27 -0.06 0.69 0.86 -0.16 0.07 
0.096870 6.76 12.27 5.66 8.30 6.14 12.06 4.62 6.82 0.37 0.77 -0.27 -0.06 0.69 0.86 -0.16 0.07 
0.096829 6.76 12.27 5.66 8.30 6.14 12.06 4.62 6.83 0.37 0.77 -0.27 -0.06 0.69 0.86 -0.16 0.07 
0.096814 6.76 12.27 5.66 8.30 6.15 12.06 4.62 6.83 0.37 0.77 -0.27 -0.06 0.69 0.86 -0.16 0.07 
0.096769 6.76 12.28 5.66 8.31 6.15 12.07 4.62 6.83 0.37 0.77 -0.27 -0.06 0.69 0.86 -0.15 0.07 
0.096771 6.76 12.27 5.66 8.30 6.15 12.06 4.62 6.83 0.37 0.77 -0.27 -0.06 0.69 0.86 -0.15 0.07 
0.096765 6.76 12.28 5.66 8.31 6.15 12.07 4.62 6.83 0.37 0.77 -0.27 -0.06 0.69 0.86 -0.15 0.07 
0.096763 6.76 12.28 5.66 8.31 6.15 12.07 4.62 6.83 0.37 0.77 -0.27 -0.06 0.69 0.86 -0.15 0.07 
0.096769 6.76 12.28 5.66 8.31 6.15 12.07 4.62 6.83 0.37 0.77 -0.27 -0.06 0.69 0.86 -0.15 0.07 
0.096780 6.76 12.28 5.66 8.31 6.15 12.07 4.62 6.83 0.37 0.77 -0.27 -0.06 0.69 0.86 -0.15 0.07 
0.096752 6.76 12.28 5.66 8.31 6.15 12.07 4.62 6.83 0.37 0.77 -0.27 -0.06 0.69 0.86 -0.15 0.07 
0.096790 6.77 12.30 5.66 8.32 6.16 12.09 4.62 6.84 0.37 0.77 -0.27 -0.06 0.69 0.86 -0.15 0.07 
0.096742 6.76 12.28 5.66 8.31 6.15 12.07 4.62 6.83 0.37 0.77 -0.27 -0.06 0.69 0.86 -0.15 0.07 
0.096709 6.76 12.28 5.66 8.31 6.15 12.07 4.62 6.83 0.37 0.77 -0.27 -0.06 0.69 0.86 -0.15 0.07 
0.096677 6.76 12.28 5.66 8.30 6.15 12.07 4.62 6.83 0.37 0.77 -0.27 -0.06 0.69 0.86 -0.15 0.07 
0.096730 6.76 12.28 5.66 8.30 6.15 12.07 4.62 6.83 0.37 0.77 -0.27 -0.06 0.69 0.86 -0.15 0.07 
0.096701 6.76 12.28 5.66 8.31 6.15 12.07 4.62 6.83 0.37 0.77 -0.27 -0.06 0.69 0.86 -0.15 0.07 
0.096678 6.76 12.27 5.65 8.29 6.15 12.06 4.61 6.82 0.37 0.77 -0.27 -0.06 0.69 0.86 -0.15 0.07 
0.096681 6.76 12.27 5.66 8.30 6.15 12.07 4.62 6.83 0.37 0.77 -0.27 -0.06 0.69 0.86 -0.15 0.07 
0.096650 6.76 12.28 5.66 8.31 6.15 12.08 4.62 6.83 0.37 0.77 -0.27 -0.06 0.69 0.86 -0.15 0.07 
0.096642 6.76 12.28 5.66 8.31 6.15 12.08 4.62 6.83 0.37 0.77 -0.27 -0.06 0.69 0.86 -0.15 0.07 
0.096611 6.76 12.28 5.66 8.31 6.15 12.08 4.62 6.83 0.37 0.77 -0.27 -0.06 0.69 0.86 -0.15 0.07 
0.096588 6.76 12.28 5.66 8.30 6.15 12.08 4.62 6.83 0.37 0.77 -0.27 -0.06 0.69 0.86 -0.15 0.07 
0.096555 6.77 12.29 5.66 8.31 6.16 12.08 4.62 6.84 0.37 0.77 -0.27 -0.06 0.69 0.86 -0.15 0.07 
0.096588 6.76 12.29 5.65 8.30 6.15 12.08 4.62 6.83 0.37 0.77 -0.27 -0.06 0.69 0.86 -0.15 0.07 
0.096563 6.77 12.29 5.66 8.31 6.16 12.08 4.62 6.84 0.37 0.77 -0.27 -0.06 0.69 0.86 -0.15 0.07 
0.096594 6.77 12.29 5.66 8.31 6.16 12.08 4.62 6.84 0.37 0.77 -0.27 -0.06 0.69 0.86 -0.15 0.07 
0.096568 6.77 12.29 5.66 8.31 6.16 12.08 4.62 6.84 0.37 0.77 -0.27 -0.06 0.69 0.86 -0.15 0.07 
0.096506 6.77 12.29 5.66 8.31 6.16 12.08 4.62 6.84 0.37 0.77 -0.27 -0.06 0.69 0.86 -0.15 0.07 
0.096521 6.77 12.29 5.66 8.32 6.16 12.09 4.62 6.84 0.37 0.77 -0.27 -0.06 0.69 0.86 -0.15 0.07 
0.096518 6.77 12.29 5.66 8.31 6.16 12.09 4.62 6.84 0.37 0.77 -0.27 -0.06 0.69 0.86 -0.15 0.07 
0.096510 6.77 12.30 5.66 8.32 6.16 12.09 4.62 6.84 0.37 0.77 -0.27 -0.06 0.69 0.86 -0.15 0.07 
0.096519 6.77 12.29 5.66 8.31 6.16 12.08 4.62 6.84 0.37 0.77 -0.27 -0.06 0.69 0.86 -0.15 0.07 
0.096475 6.77 12.29 5.66 8.31 6.16 12.08 4.62 6.84 0.37 0.77 -0.27 -0.06 0.69 0.86 -0.15 0.07 
0.096487 6.77 12.29 5.66 8.32 6.16 12.09 4.62 6.84 0.37 0.77 -0.27 -0.06 0.69 0.86 -0.15 0.07 
0.096461 6.77 12.29 5.66 8.31 6.16 12.09 4.62 6.84 0.37 0.77 -0.27 -0.06 0.69 0.86 -0.15 0.07 
0.096463 6.77 12.29 5.66 8.31 6.16 12.08 4.62 6.84 0.37 0.77 -0.27 -0.06 0.69 0.86 -0.15 0.07 
0.096464 6.77 12.29 5.66 8.31 6.16 12.08 4.62 6.84 0.37 0.77 -0.27 -0.06 0.69 0.86 -0.15 0.07 
0.096442 6.77 12.29 5.66 8.31 6.16 12.09 4.62 6.84 0.37 0.77 -0.27 -0.06 0.69 0.86 -0.15 0.07 
0.096420 6.77 12.29 5.66 8.32 6.16 12.09 4.62 6.84 0.37 0.77 -0.27 -0.06 0.69 0.86 -0.15 0.07 
0.096374 6.77 12.29 5.66 8.32 6.16 12.09 4.62 6.84 0.37 0.77 -0.27 -0.06 0.69 0.86 -0.15 0.07 
0.096351 6.77 12.29 5.66 8.32 6.16 12.09 4.62 6.84 0.37 0.77 -0.27 -0.06 0.69 0.86 -0.15 0.07 
0.096355 6.77 12.29 5.66 8.31 6.16 12.08 4.62 6.84 0.37 0.77 -0.27 -0.06 0.69 0.86 -0.15 0.07 
0.096346 6.77 12.29 5.66 8.31 6.16 12.09 4.62 6.84 0.37 0.77 -0.27 -0.06 0.69 0.86 -0.15 0.07 
0.096347 6.77 12.30 5.66 8.32 6.16 12.09 4.63 6.85 0.37 0.77 -0.27 -0.06 0.69 0.86 -0.15 0.07 
0.096357 6.77 12.29 5.66 8.31 6.16 12.09 4.62 6.84 0.37 0.77 -0.27 -0.06 0.69 0.86 -0.15 0.07 
0.096345 6.77 12.30 5.66 8.32 6.16 12.10 4.63 6.85 0.37 0.77 -0.27 -0.06 0.69 0.86 -0.15 0.07 
0.096365 6.77 12.30 5.66 8.32 6.16 12.10 4.63 6.85 0.37 0.77 -0.27 -0.06 0.69 0.86 -0.15 0.07 
0.096305 6.77 12.29 5.66 8.32 6.16 12.09 4.62 6.85 0.37 0.77 -0.27 -0.06 0.69 0.86 -0.15 0.07 
0.096249 6.76 12.29 5.66 8.32 6.16 12.09 4.62 6.85 0.37 0.77 -0.27 -0.06 0.69 0.86 -0.15 0.07 
0.096222 6.76 12.29 5.66 8.32 6.16 12.09 4.62 6.85 0.37 0.77 -0.27 -0.06 0.69 0.86 -0.15 0.07 
0.096229 6.77 12.29 5.66 8.32 6.16 12.09 4.63 6.85 0.37 0.77 -0.27 -0.06 0.69 0.86 -0.15 0.07 
0.096210 6.76 12.29 5.66 8.31 6.16 12.09 4.62 6.84 0.37 0.77 -0.27 -0.06 0.69 0.86 -0.15 0.07 
0.096156 6.76 12.28 5.66 8.31 6.15 12.08 4.62 6.84 0.37 0.77 -0.27 -0.06 0.69 0.86 -0.15 0.07 
0.096139 6.76 12.27 5.66 8.31 6.15 12.07 4.62 6.84 0.37 0.77 -0.27 -0.06 0.69 0.86 -0.16 0.07 
0.096097 6.75 12.27 5.66 8.30 6.15 12.07 4.62 6.83 0.37 0.77 -0.27 -0.06 0.69 0.86 -0.16 0.07 
0.096026 6.76 12.27 5.66 8.31 6.15 12.07 4.62 6.84 0.37 0.77 -0.27 -0.06 0.69 0.86 -0.15 0.07 
0.096035 6.75 12.26 5.66 8.30 6.15 12.07 4.62 6.83 0.37 0.77 -0.27 -0.06 0.69 0.86 -0.16 0.07 
0.096049 6.76 12.27 5.66 8.31 6.15 12.07 4.62 6.84 0.37 0.77 -0.27 -0.06 0.69 0.86 -0.15 0.07 
0.096044 6.75 12.27 5.66 8.30 6.15 12.07 4.62 6.83 0.37 0.77 -0.27 -0.06 0.69 0.86 -0.15 0.07 
0.096033 6.76 12.27 5.66 8.31 6.15 12.08 4.62 6.84 0.37 0.77 -0.27 -0.06 0.69 0.86 -0.16 0.07 
0.095999 6.76 12.27 5.66 8.31 6.15 12.08 4.62 6.84 0.37 0.77 -0.27 -0.06 0.69 0.86 -0.15 0.07 
0.095956 6.76 12.28 5.66 8.31 6.15 12.08 4.62 6.85 0.37 0.77 -0.27 -0.06 0.69 0.86 -0.15 0.07 
0.095964 6.76 12.27 5.66 8.31 6.15 12.08 4.63 6.85 0.37 0.77 -0.27 -0.06 0.69 0.86 -0.15 0.07 
0.095983 6.76 12.27 5.66 8.31 6.15 12.08 4.62 6.84 0.37 0.77 -0.27 -0.06 0.69 0.86 -0.15 0.07 
0.095976 6.76 12.27 5.66 8.31 6.15 12.08 4.63 6.85 0.37 0.77 -0.27 -0.06 0.69 0.86 -0.15 0.07 
0.095987 6.76 12.28 5.66 8.31 6.15 12.08 4.62 6.85 0.37 0.77 -0.27 -0.06 0.69 0.86 -0.15 0.07 
0.095975 6.76 12.28 5.67 8.32 6.16 12.09 4.63 6.85 0.37 0.77 -0.27 -0.06 0.69 0.86 -0.15 0.07 
0.096007 6.76 12.27 5.66 8.31 6.15 12.08 4.62 6.84 0.37 0.77 -0.27 -0.06 0.69 0.86 -0.15 0.07 
0.095925 6.76 12.27 5.66 8.31 6.15 12.08 4.62 6.84 0.37 0.77 -0.27 -0.06 0.69 0.86 -0.16 0.07 
0.095877 6.76 12.27 5.66 8.31 6.15 12.07 4.63 6.85 0.37 0.77 -0.27 -0.06 0.69 0.86 -0.16 0.07 
0.095906 6.76 12.27 5.67 8.32 6.15 12.08 4.63 6.85 0.37 0.77 -0.27 -0.06 0.69 0.86 -0.16 0.07 
0.095911 6.76 12.27 5.66 8.31 6.15 12.07 4.63 6.85 0.37 0.77 -0.27 -0.06 0.69 0.86 -0.16 0.07 
0.095928 6.75 12.27 5.66 8.31 6.15 12.07 4.63 6.84 0.37 0.77 -0.27 -0.06 0.69 0.86 -0.16 0.07 
0.095952 6.76 12.27 5.67 8.31 6.15 12.07 4.63 6.85 0.37 0.77 -0.27 -0.06 0.69 0.86 -0.16 0.07 
0.095932 6.76 12.27 5.66 8.31 6.15 12.07 4.63 6.85 0.37 0.77 -0.27 -0.06 0.69 0.86 -0.16 0.07 
0.095905 6.76 12.27 5.67 8.32 6.15 12.08 4.63 6.85 0.37 0.77 -0.27 -0.06 0.69 0.86 -0.16 0.07 
0.095918 6.75 12.27 5.66 8.31 6.15 12.07 4.63 6.85 0.37 0.77 -0.27 -0.06 0.69 0.86 -0.16 0.07 
0.095932 6.76 12.27 5.66 8.31 6.15 12.07 4.63 6.85 0.37 0.77 -0.27 -0.06 0.69 0.86 -0.16 0.07 
0.095931 6.76 12.27 5.66 8.31 6.15 12.07 4.63 6.85 0.37 0.77 -0.27 -0.06 0.69 0.86 -0.16 0.07 
0.095913 6.76 12.27 5.66 8.31 6.15 12.07 4.63 6.85 0.37 0.77 -0.27 -0.06 0.69 0.86 -0.16 0.07 
0.095936 6.76 12.27 5.66 8.31 6.15 12.08 4.63 6.85 0.37 0.77 -0.27 -0.06 0.69 0.86 -0.16 0.07 
0.095920 6.76 12.27 5.66 8.31 6.15 12.08 4.63 6.85 0.37 0.77 -0.27 -0.06 0.69 0.86 -0.16 0.07 
0.095921 6.76 12.27 5.66 8.31 6.15 12.08 4.63 6.85 0.37 0.77 -0.27 -0.06 0.69 0.86 -0.16 0.07 
0.095913 6.76 12.27 5.66 8.31 6.15 12.07 4.63 6.85 0.37 0.77 -0.27 -0.06 0.69 0.86 -0.16 0.07 
0.095915 6.76 12.27 5.66 8.31 6.15 12.08 4.63 6.85 0.37 0.77 -0.27 -0.06 0.69 0.86 -0.16 0.07 
0.095921 6.76 12.27 5.66 8.31 6.15 12.07 4.63 6.85 0.37 0.77 -0.27 -0.06 0.69 0.86 -0.16 0.07 
0.095901 6.76 12.27 5.66 8.31 6.15 12.07 4.63 6.85 0.37 0.77 -0.27 -0.06 0.69 0.86 -0.16 0.07 
0.095910 6.76 12.27 5.66 8.31 6.15 12.08 4.63 6.85 0.37 0.77 -0.27 -0.06 0.69 0.86 -0.16 0.07 
0.095924 6.76 12.27 5.66 8.31 6.15 12.07 4.63 6.85 0.37 0.77 -0.27 -0.06 0.69 0.86 -0.16 0.07 
0.095899 6.76 12.27 5.66 8.31 6.15 12.07 4.63 6.85 0.37 0.77 -0.27 -0.06 0.69 0.86 -0.16 0.07 
0.095918 6.76 12.27 5.66 8.31 6.15 12.07 4.63 6.85 0.37 0.77 -0.27 -0.06 0.69 0.86 -0.16 0.07 
0.095913 6.76 12.27 5.66 8.31 6.15 12.08 4.63 6.85 0.37 0.77 -0.27 -0.06 0.69 0.86 -0.16 0.07 
0.095919 6.76 12.27 5.67 8.31 6.15 12.08 4.63 6.85 0.37 0.77 -0.27 -0.06 0.69 0.86 -0.16 0.07 
