Start Optimization 
Loss: 3.901772  SIA Ef: -1.225236 Binding: 0.20 -0.00 -1.05 -0.60 -0.46 0.46 0.31 0.44 0.15 -0.05 0.13  Rvol: 0.52 1.00 1.38 -0.33 -0.36 -0.04 0.30 0.14 0.70 1.19 1.61 -0.28 -0.20 0.08 0.40 
Loss: 3.647143  SIA Ef: -1.164638 Binding: 0.20 0.01 -1.04 -0.59 -0.45 0.44 0.28 0.38 0.13 -0.09 0.09  Rvol: 0.53 1.00 1.39 -0.33 -0.36 -0.04 0.31 0.14 0.70 1.19 1.62 -0.28 -0.20 0.08 0.41 
Loss: 27.768938  SIA Ef: 3.676457 Binding: 0.08 0.53 3.27 0.99 0.19 0.33 0.17 0.66 -0.29 -0.27 -0.08  Rvol: 0.71 1.35 1.96 -0.33 -0.10 0.26 0.71 0.14 0.89 1.56 2.22 -0.28 0.03 0.40 0.85 
Loss: 72.981009  SIA Ef: -0.765393 Binding: 1.86 1.04 -6.47 1.08 1.83 1.22 0.07 0.11 4.14 -0.07 1.24  Rvol: 0.54 1.20 1.50 -0.33 -0.19 0.58 0.85 0.14 0.80 1.35 1.64 -0.28 0.13 0.54 1.10 
Loss: 186.105624  SIA Ef: 10.852275 Binding: 1.39 0.65 7.12 1.50 -0.87 1.19 0.45 0.30 -0.58 -0.78 -0.81  Rvol: 1.26 2.05 3.72 -0.33 -0.29 -0.11 0.31 0.14 1.31 2.46 3.25 -0.28 -0.14 0.05 0.49 
Loss: 16.438722  SIA Ef: -1.164638 Binding: 0.20 0.01 -1.04 -0.59 -0.45 -0.38 -1.44 -1.58 -0.58 -1.80 -2.22  Rvol: 0.53 1.00 1.39 -0.33 -0.36 -0.04 0.31 0.14 0.70 1.22 1.62 -0.28 -0.13 0.14 0.52 
Loss: 3.561890  SIA Ef: -1.164638 Binding: 0.20 0.01 -1.04 -0.59 -0.45 0.39 0.20 0.31 0.04 -0.17 -0.21  Rvol: 0.53 1.00 1.39 -0.33 -0.36 -0.04 0.31 0.14 0.70 1.18 1.59 -0.28 -0.23 0.04 0.36 
Loss: 3.534125  SIA Ef: -1.164638 Binding: 0.20 0.01 -1.04 -0.59 -0.45 0.39 0.19 0.30 0.04 -0.18 -0.17  Rvol: 0.53 1.00 1.39 -0.33 -0.36 -0.04 0.31 0.14 0.70 1.18 1.60 -0.28 -0.22 0.06 0.37 
Loss: 4.892139  SIA Ef: -1.164638 Binding: 0.41 0.51 -1.04 -0.96 -0.71 0.39 0.18 0.24 0.04 -0.13 -0.23  Rvol: 0.53 1.02 1.44 -0.33 -0.36 0.06 0.47 0.14 0.70 1.20 1.64 -0.28 -0.22 0.12 0.48 
Loss: 9.364526  SIA Ef: -1.164638 Binding: -0.82 -1.59 -1.04 -0.93 -1.54 0.39 0.18 -0.26 0.04 -0.24 -0.27  Rvol: 0.53 0.95 1.32 -0.33 -0.36 -0.12 0.14 0.14 0.70 1.17 1.45 -0.28 -0.22 -0.02 0.23 
Loss: 3.165007  SIA Ef: -1.164638 Binding: 0.20 0.01 -1.04 -0.47 -0.23 0.39 0.16 0.13 0.04 -0.17 -0.19  Rvol: 0.53 0.98 1.35 -0.33 -0.36 -0.03 0.31 0.14 0.70 1.16 1.54 -0.28 -0.22 0.06 0.36 
Loss: 270.298859  SIA Ef: -15.430149 Binding: -0.22 0.53 -4.36 0.78 -0.16 0.53 0.31 0.03 2.14 -1.24 0.86  Rvol: -0.13 -0.26 -0.47 -0.33 -0.39 -0.59 -0.67 0.14 0.26 0.05 -0.36 -0.28 -0.35 -0.68 -0.52 
Loss: 34.073657  SIA Ef: -1.792024 Binding: 1.02 0.57 -4.41 1.14 -0.49 0.77 0.02 0.01 1.87 -1.94 0.66  Rvol: 0.43 0.96 1.16 -0.33 -0.15 0.23 0.44 0.14 0.71 1.12 1.33 -0.28 0.02 0.05 0.62 
Loss: 3.066561  SIA Ef: -1.136082 Binding: 0.20 0.02 -1.03 -0.46 -0.23 0.38 0.15 0.12 0.04 -0.18 -0.21  Rvol: 0.53 0.98 1.35 -0.33 -0.35 -0.03 0.31 0.14 0.70 1.17 1.55 -0.28 -0.22 0.06 0.36 
Loss: 2.789027  SIA Ef: 1.008729 Binding: -0.00 0.27 0.94 0.03 0.11 0.33 0.29 0.17 -0.15 -0.22 -0.28  Rvol: 0.59 1.09 1.54 -0.33 -0.23 0.11 0.47 0.14 0.77 1.32 1.75 -0.28 -0.12 0.21 0.53 
Loss: 5.325914  SIA Ef: 1.236248 Binding: -0.02 0.28 1.09 0.03 0.03 0.56 0.78 0.91 0.09 0.28 0.46  Rvol: 0.61 1.11 1.58 -0.33 -0.23 0.11 0.48 0.14 0.77 1.34 1.78 -0.28 -0.12 0.21 0.54 
Loss: 87.168787  SIA Ef: 7.200562 Binding: 0.08 -0.35 5.33 0.82 -0.71 0.27 0.02 0.31 -0.45 -0.59 -0.75  Rvol: 0.99 1.83 2.77 -0.33 -0.21 0.05 0.63 0.14 1.18 2.10 2.95 -0.28 -0.06 0.21 0.89 
Loss: 2.799887  SIA Ef: 1.007667 Binding: -0.00 0.27 0.94 0.03 0.11 0.33 0.29 0.19 -0.14 -0.21 -0.30  Rvol: 0.59 1.09 1.54 -0.33 -0.23 0.11 0.47 0.14 0.76 1.31 1.72 -0.28 -0.12 0.20 0.52 
Loss: 33.832504  SIA Ef: -5.478087 Binding: -0.20 0.81 -0.84 0.30 1.12 0.52 0.58 -0.08 0.33 -0.15 -0.06  Rvol: 0.27 0.43 0.76 -0.33 -0.24 -0.10 0.03 0.14 0.56 0.86 0.83 -0.28 -0.19 -0.05 0.05 
Loss: 3.189008  SIA Ef: 1.005551 Binding: 0.26 0.73 0.71 0.11 0.51 0.34 0.30 0.21 -0.13 -0.18 -0.23  Rvol: 0.59 1.11 1.53 -0.33 -0.23 0.13 0.51 0.14 0.77 1.32 1.71 -0.28 -0.11 0.23 0.55 
Loss: 46.375604  SIA Ef: -0.621831 Binding: 0.65 0.19 -4.78 3.12 0.10 0.68 0.18 0.42 2.96 -1.75 0.44  Rvol: 0.42 1.00 1.15 -0.33 -0.19 0.24 0.47 0.14 0.72 1.16 1.39 -0.28 0.01 0.15 0.57 
Loss: 3.152304  SIA Ef: 1.034559 Binding: 0.07 0.38 0.96 0.25 0.38 0.32 0.25 0.26 -0.15 -0.23 -0.29  Rvol: 0.59 1.08 1.54 -0.33 -0.23 0.10 0.45 0.14 0.77 1.32 1.76 -0.28 -0.12 0.20 0.51 
Loss: 84.651716  SIA Ef: 5.716363 Binding: 0.32 -0.58 6.62 1.40 -0.56 0.46 -0.00 0.70 -0.50 -0.71 -0.82  Rvol: 0.98 1.73 2.54 -0.33 -0.21 -0.01 0.44 0.14 1.18 2.10 2.62 -0.28 -0.07 0.14 0.62 
Loss: 2.787494  SIA Ef: 1.009257 Binding: -0.00 0.27 0.94 0.03 0.11 0.33 0.29 0.18 -0.16 -0.22 -0.27  Rvol: 0.59 1.09 1.54 -0.33 -0.23 0.11 0.47 0.14 0.77 1.32 1.76 -0.28 -0.12 0.21 0.53 
Loss: 84.703990  SIA Ef: 5.716828 Binding: 0.32 -0.58 6.62 1.40 -0.56 0.46 0.09 0.72 -0.51 -0.71 -0.81  Rvol: 0.98 1.73 2.54 -0.33 -0.21 -0.01 0.44 0.14 1.18 2.10 2.62 -0.28 -0.07 0.14 0.63 
Loss: 2.806943  SIA Ef: 1.009769 Binding: 0.02 0.34 0.93 0.05 0.17 0.33 0.28 0.17 -0.15 -0.21 -0.26  Rvol: 0.59 1.09 1.54 -0.33 -0.23 0.11 0.47 0.14 0.77 1.32 1.76 -0.28 -0.12 0.21 0.54 
Loss: 39.240692  SIA Ef: 0.202264 Binding: 0.69 0.18 -4.42 2.85 0.12 0.66 0.16 0.41 2.66 -1.68 0.36  Rvol: 0.45 1.04 1.26 -0.33 -0.18 0.27 0.53 0.14 0.75 1.22 1.50 -0.28 0.03 0.19 0.63 
Loss: 2.966205  SIA Ef: 0.829462 Binding: -0.13 -0.03 1.11 0.00 -0.09 0.23 0.09 0.02 -0.27 -0.43 -0.55  Rvol: 0.58 1.07 1.52 -0.33 -0.22 0.11 0.47 0.14 0.76 1.31 1.75 -0.28 -0.10 0.22 0.53 
Loss: 34.702345  SIA Ef: -5.501542 Binding: -0.18 0.87 -0.96 0.33 1.17 0.56 0.66 0.02 0.41 -0.07 0.06  Rvol: 0.27 0.43 0.76 -0.33 -0.24 -0.11 0.02 0.14 0.56 0.85 0.83 -0.28 -0.20 -0.06 0.05 
Loss: 30.123296  SIA Ef: 3.528785 Binding: -0.08 -0.11 3.80 0.42 -0.63 0.08 -0.03 0.21 -0.38 -0.46 -0.69  Rvol: 0.78 1.46 2.12 -0.33 -0.23 0.03 0.56 0.14 0.89 1.59 2.37 -0.28 -0.10 0.18 0.65 
Loss: 2.806342  SIA Ef: 1.013207 Binding: -0.00 0.28 0.95 0.03 0.11 0.32 0.28 0.17 -0.16 -0.22 -0.28  Rvol: 0.59 1.09 1.54 -0.33 -0.23 0.11 0.47 0.14 0.77 1.32 1.76 -0.28 -0.11 0.21 0.53 
Loss: 5.381246  SIA Ef: -2.101157 Binding: 0.03 0.24 0.27 0.12 0.58 0.44 0.34 0.29 -0.01 -0.16 -0.18  Rvol: 0.44 0.87 1.12 -0.33 -0.24 0.01 0.26 0.14 0.67 1.09 1.32 -0.28 -0.13 0.09 0.29 
Loss: 1.132305  SIA Ef: 0.482592 Binding: 0.01 0.14 0.45 -0.14 -0.00 0.32 0.23 0.11 -0.14 -0.22 -0.28  Rvol: 0.58 1.08 1.50 -0.33 -0.26 0.07 0.43 0.14 0.76 1.28 1.69 -0.28 -0.14 0.17 0.48 
Loss: 12.046069  SIA Ef: -0.805413 Binding: 0.45 0.16 -2.61 1.24 0.19 0.55 0.17 0.24 1.09 -1.02 0.03  Rvol: 0.46 0.97 1.21 -0.33 -0.24 0.17 0.40 0.14 0.70 1.15 1.45 -0.28 -0.08 0.12 0.47 
Loss: 1.629617  SIA Ef: -1.020085 Binding: 0.03 -0.01 0.23 -0.10 0.20 0.37 0.25 0.26 -0.08 -0.20 -0.27  Rvol: 0.50 0.97 1.28 -0.33 -0.27 0.02 0.31 0.14 0.70 1.17 1.48 -0.28 -0.16 0.11 0.36 
Loss: 1.159418  SIA Ef: 0.485783 Binding: -0.01 0.10 0.47 -0.16 -0.05 0.33 0.24 0.12 -0.13 -0.21 -0.28  Rvol: 0.58 1.08 1.50 -0.33 -0.26 0.07 0.43 0.14 0.75 1.28 1.68 -0.28 -0.14 0.17 0.48 
Loss: 1.482165  SIA Ef: 0.516840 Binding: -0.02 0.08 0.49 -0.17 -0.08 0.43 0.45 0.44 -0.03 -0.00 0.04  Rvol: 0.58 1.08 1.50 -0.33 -0.26 0.07 0.43 0.14 0.76 1.29 1.69 -0.28 -0.14 0.17 0.48 
Loss: 1.128140  SIA Ef: 0.480123 Binding: 0.04 0.16 0.43 -0.17 -0.01 0.32 0.23 0.13 -0.13 -0.22 -0.27  Rvol: 0.58 1.08 1.49 -0.33 -0.26 0.08 0.44 0.14 0.76 1.28 1.67 -0.28 -0.14 0.18 0.49 
Loss: 6.100326  SIA Ef: 1.216695 Binding: -0.15 0.04 1.76 -0.19 -0.74 0.19 0.16 0.05 -0.28 -0.32 -0.30  Rvol: 0.64 1.16 1.66 -0.33 -0.27 0.03 0.48 0.14 0.77 1.36 1.89 -0.28 -0.15 0.16 0.51 
Loss: 1.134111  SIA Ef: 0.474265 Binding: -0.01 0.09 0.45 -0.19 -0.08 0.32 0.23 0.11 -0.14 -0.22 -0.28  Rvol: 0.58 1.08 1.50 -0.33 -0.26 0.07 0.43 0.14 0.76 1.28 1.69 -0.28 -0.14 0.18 0.49 
Loss: 2.423410  SIA Ef: -0.317388 Binding: 0.28 0.23 -1.16 -0.01 0.55 0.44 0.20 0.15 0.22 -0.18 -0.16  Rvol: 0.51 1.00 1.34 -0.33 -0.25 0.08 0.41 0.14 0.72 1.20 1.54 -0.28 -0.15 0.15 0.46 
Loss: 1.141410  SIA Ef: 0.481765 Binding: 0.03 0.15 0.43 -0.18 -0.03 0.32 0.23 0.14 -0.13 -0.22 -0.27  Rvol: 0.58 1.08 1.49 -0.33 -0.26 0.07 0.44 0.14 0.76 1.28 1.67 -0.28 -0.14 0.18 0.49 
Loss: 1.691733  SIA Ef: 0.747375 Binding: 0.06 0.28 0.54 -0.06 0.14 0.36 0.30 0.21 -0.11 -0.16 -0.20  Rvol: 0.58 1.09 1.51 -0.33 -0.25 0.10 0.47 0.14 0.76 1.30 1.71 -0.28 -0.13 0.20 0.52 
Loss: 1.143942  SIA Ef: 0.458371 Binding: 0.01 0.13 0.46 -0.16 -0.01 0.31 0.20 0.05 -0.15 -0.26 -0.33  Rvol: 0.57 1.08 1.49 -0.33 -0.26 0.08 0.44 0.14 0.75 1.28 1.68 -0.28 -0.14 0.18 0.49 
Loss: 4.874267  SIA Ef: 1.163539 Binding: -0.13 0.06 1.41 -0.26 -0.74 0.19 0.14 -0.03 -0.28 -0.34 -0.28  Rvol: 0.64 1.15 1.64 -0.33 -0.28 0.04 0.48 0.14 0.77 1.36 1.86 -0.28 -0.16 0.17 0.52 
Loss: 1.587679  SIA Ef: 0.684022 Binding: 0.03 0.21 0.59 -0.12 0.03 0.32 0.25 0.12 -0.14 -0.22 -0.27  Rvol: 0.58 1.09 1.52 -0.33 -0.25 0.09 0.45 0.14 0.76 1.30 1.71 -0.28 -0.13 0.19 0.51 
Loss: 1.480653  SIA Ef: 0.701967 Binding: 0.03 0.15 0.47 -0.18 -0.05 0.34 0.27 0.20 -0.12 -0.17 -0.21  Rvol: 0.59 1.10 1.52 -0.33 -0.26 0.08 0.45 0.14 0.76 1.30 1.70 -0.28 -0.14 0.19 0.51 
Loss: 0.754544  SIA Ef: -0.168458 Binding: 0.03 0.14 0.33 -0.16 0.06 0.37 0.29 0.22 -0.08 -0.15 -0.18  Rvol: 0.54 1.03 1.42 -0.33 -0.27 0.05 0.38 0.14 0.73 1.23 1.58 -0.28 -0.15 0.15 0.43 
Loss: 0.921084  SIA Ef: -0.292667 Binding: 0.00 0.12 0.50 -0.18 -0.03 0.35 0.27 0.16 -0.12 -0.19 -0.23  Rvol: 0.54 1.02 1.41 -0.33 -0.27 0.04 0.37 0.14 0.73 1.23 1.59 -0.28 -0.15 0.14 0.42 
Loss: 0.711895  SIA Ef: -0.236098 Binding: 0.04 0.13 0.24 -0.17 0.07 0.38 0.28 0.21 -0.07 -0.16 -0.19  Rvol: 0.54 1.03 1.40 -0.33 -0.27 0.05 0.38 0.14 0.73 1.23 1.57 -0.28 -0.15 0.15 0.43 
Loss: 0.950369  SIA Ef: -0.560691 Binding: 0.10 0.14 -0.11 -0.14 0.25 0.40 0.27 0.23 -0.02 -0.15 -0.20  Rvol: 0.52 1.00 1.34 -0.33 -0.26 0.04 0.36 0.14 0.72 1.19 1.52 -0.28 -0.15 0.13 0.41 
Loss: 0.709357  SIA Ef: -0.233910 Binding: 0.05 0.14 0.24 -0.17 0.09 0.37 0.28 0.20 -0.07 -0.16 -0.19  Rvol: 0.54 1.03 1.40 -0.33 -0.27 0.05 0.38 0.14 0.73 1.23 1.57 -0.28 -0.15 0.15 0.43 
Loss: 0.754501  SIA Ef: -0.243504 Binding: 0.04 0.16 0.32 -0.14 0.11 0.37 0.28 0.18 -0.08 -0.17 -0.20  Rvol: 0.54 1.02 1.40 -0.33 -0.27 0.05 0.37 0.14 0.73 1.23 1.58 -0.28 -0.15 0.15 0.43 
Loss: 0.713240  SIA Ef: -0.225877 Binding: 0.06 0.15 0.23 -0.17 0.08 0.38 0.29 0.22 -0.07 -0.15 -0.17  Rvol: 0.54 1.03 1.40 -0.33 -0.27 0.05 0.38 0.14 0.73 1.23 1.57 -0.28 -0.15 0.15 0.43 
Loss: 0.757672  SIA Ef: -0.157765 Binding: 0.03 0.12 0.30 -0.18 0.03 0.39 0.33 0.27 -0.06 -0.11 -0.12  Rvol: 0.54 1.03 1.41 -0.33 -0.27 0.05 0.38 0.14 0.73 1.23 1.58 -0.28 -0.15 0.15 0.43 
Loss: 0.707006  SIA Ef: -0.228384 Binding: 0.05 0.15 0.24 -0.16 0.09 0.37 0.28 0.20 -0.07 -0.16 -0.19  Rvol: 0.54 1.03 1.40 -0.33 -0.27 0.05 0.38 0.14 0.73 1.23 1.57 -0.28 -0.15 0.15 0.43 
Loss: 0.719303  SIA Ef: -0.054818 Binding: 0.07 0.19 0.27 -0.17 0.08 0.36 0.27 0.19 -0.08 -0.17 -0.21  Rvol: 0.55 1.04 1.43 -0.33 -0.27 0.06 0.39 0.14 0.74 1.24 1.60 -0.28 -0.15 0.16 0.45 
Loss: 0.704662  SIA Ef: -0.230408 Binding: 0.05 0.14 0.24 -0.17 0.08 0.37 0.28 0.20 -0.07 -0.16 -0.19  Rvol: 0.54 1.03 1.39 -0.33 -0.27 0.05 0.38 0.14 0.73 1.23 1.57 -0.28 -0.15 0.15 0.43 
Loss: 0.735127  SIA Ef: 0.080742 Binding: 0.03 0.12 0.33 -0.18 0.01 0.35 0.26 0.15 -0.10 -0.18 -0.22  Rvol: 0.56 1.05 1.44 -0.33 -0.27 0.06 0.40 0.14 0.74 1.25 1.63 -0.28 -0.15 0.16 0.45 
Loss: 0.707977  SIA Ef: -0.253093 Binding: 0.04 0.13 0.26 -0.17 0.06 0.37 0.27 0.16 -0.08 -0.18 -0.21  Rvol: 0.54 1.03 1.39 -0.33 -0.27 0.05 0.37 0.14 0.73 1.23 1.58 -0.28 -0.15 0.15 0.43 
Loss: 0.861668  SIA Ef: -0.234373 Binding: 0.00 0.11 0.47 -0.20 -0.05 0.35 0.27 0.16 -0.11 -0.18 -0.21  Rvol: 0.55 1.03 1.41 -0.33 -0.27 0.04 0.37 0.14 0.73 1.23 1.60 -0.28 -0.15 0.14 0.43 
Loss: 0.732123  SIA Ef: -0.349830 Binding: 0.08 0.14 0.04 -0.16 0.16 0.39 0.28 0.21 -0.04 -0.15 -0.19  Rvol: 0.53 1.02 1.38 -0.33 -0.27 0.05 0.37 0.14 0.73 1.21 1.55 -0.28 -0.15 0.14 0.43 
Loss: 0.702339  SIA Ef: -0.215302 Binding: 0.05 0.13 0.24 -0.18 0.06 0.38 0.29 0.22 -0.07 -0.15 -0.17  Rvol: 0.54 1.03 1.40 -0.33 -0.27 0.05 0.38 0.14 0.73 1.23 1.57 -0.28 -0.15 0.15 0.43 
Loss: 0.714982  SIA Ef: -0.191471 Binding: 0.04 0.13 0.26 -0.17 0.07 0.38 0.30 0.23 -0.06 -0.14 -0.15  Rvol: 0.54 1.03 1.40 -0.33 -0.27 0.05 0.38 0.14 0.73 1.23 1.58 -0.28 -0.15 0.15 0.43 
Loss: 0.701353  SIA Ef: -0.171951 Binding: 0.05 0.15 0.25 -0.18 0.06 0.38 0.29 0.21 -0.07 -0.15 -0.18  Rvol: 0.54 1.03 1.41 -0.33 -0.27 0.05 0.38 0.14 0.73 1.23 1.58 -0.28 -0.15 0.15 0.44 
Loss: 0.681319  SIA Ef: -0.150542 Binding: 0.06 0.14 0.20 -0.19 0.06 0.38 0.29 0.22 -0.07 -0.15 -0.17  Rvol: 0.54 1.03 1.41 -0.33 -0.27 0.05 0.38 0.14 0.73 1.23 1.58 -0.28 -0.15 0.15 0.44 
Loss: 0.680958  SIA Ef: -0.184996 Binding: 0.05 0.13 0.19 -0.20 0.05 0.38 0.28 0.22 -0.07 -0.15 -0.18  Rvol: 0.54 1.03 1.40 -0.33 -0.27 0.05 0.38 0.14 0.73 1.23 1.58 -0.28 -0.15 0.15 0.44 
Loss: 0.720438  SIA Ef: -0.161293 Binding: 0.04 0.14 0.27 -0.21 0.01 0.37 0.29 0.22 -0.08 -0.15 -0.17  Rvol: 0.55 1.03 1.42 -0.33 -0.27 0.05 0.38 0.14 0.73 1.23 1.59 -0.28 -0.16 0.15 0.44 
Loss: 0.675498  SIA Ef: -0.169982 Binding: 0.05 0.12 0.20 -0.20 0.05 0.37 0.28 0.21 -0.07 -0.16 -0.19  Rvol: 0.54 1.03 1.40 -0.33 -0.27 0.05 0.38 0.14 0.73 1.23 1.58 -0.28 -0.15 0.15 0.44 
Loss: 0.684454  SIA Ef: -0.008234 Binding: 0.04 0.12 0.25 -0.20 0.01 0.36 0.27 0.19 -0.08 -0.17 -0.20  Rvol: 0.55 1.04 1.43 -0.33 -0.27 0.06 0.39 0.14 0.74 1.24 1.61 -0.28 -0.15 0.16 0.45 
Loss: 0.677998  SIA Ef: -0.182287 Binding: 0.05 0.12 0.20 -0.20 0.04 0.37 0.28 0.22 -0.07 -0.16 -0.19  Rvol: 0.54 1.03 1.40 -0.33 -0.27 0.05 0.38 0.14 0.73 1.23 1.58 -0.28 -0.15 0.15 0.44 
Loss: 0.682233  SIA Ef: -0.108736 Binding: 0.04 0.13 0.24 -0.19 0.04 0.37 0.28 0.20 -0.08 -0.16 -0.19  Rvol: 0.55 1.04 1.41 -0.33 -0.27 0.05 0.39 0.14 0.74 1.24 1.59 -0.28 -0.15 0.15 0.45 
Loss: 0.668659  SIA Ef: -0.222052 Binding: 0.07 0.13 0.10 -0.19 0.09 0.38 0.27 0.21 -0.06 -0.16 -0.19  Rvol: 0.54 1.03 1.40 -0.33 -0.27 0.05 0.38 0.14 0.73 1.22 1.57 -0.28 -0.15 0.15 0.44 
Loss: 0.671027  SIA Ef: -0.218588 Binding: 0.07 0.13 0.09 -0.19 0.10 0.38 0.28 0.22 -0.05 -0.15 -0.18  Rvol: 0.54 1.03 1.40 -0.33 -0.27 0.05 0.38 0.14 0.73 1.22 1.57 -0.28 -0.15 0.15 0.44 
Loss: 0.667863  SIA Ef: -0.225536 Binding: 0.06 0.13 0.11 -0.19 0.09 0.38 0.27 0.21 -0.06 -0.16 -0.19  Rvol: 0.54 1.03 1.40 -0.33 -0.27 0.05 0.38 0.14 0.73 1.22 1.57 -0.28 -0.15 0.15 0.44 
Loss: 0.669754  SIA Ef: -0.245183 Binding: 0.07 0.13 0.11 -0.19 0.10 0.37 0.26 0.19 -0.06 -0.17 -0.21  Rvol: 0.54 1.03 1.40 -0.33 -0.27 0.05 0.38 0.14 0.73 1.22 1.57 -0.28 -0.15 0.15 0.43 
Loss: 0.673131  SIA Ef: -0.246616 Binding: 0.06 0.12 0.10 -0.19 0.09 0.38 0.27 0.21 -0.06 -0.16 -0.19  Rvol: 0.54 1.03 1.40 -0.33 -0.27 0.05 0.38 0.14 0.73 1.22 1.57 -0.28 -0.15 0.15 0.43 
Loss: 0.673593  SIA Ef: -0.246583 Binding: 0.07 0.13 0.09 -0.19 0.10 0.38 0.27 0.20 -0.06 -0.16 -0.20  Rvol: 0.54 1.02 1.39 -0.33 -0.27 0.05 0.38 0.14 0.73 1.22 1.57 -0.28 -0.15 0.15 0.44 
Loss: 0.682852  SIA Ef: -0.263416 Binding: 0.07 0.13 0.10 -0.19 0.09 0.38 0.27 0.21 -0.06 -0.16 -0.19  Rvol: 0.54 1.02 1.39 -0.33 -0.27 0.05 0.38 0.14 0.73 1.22 1.57 -0.28 -0.15 0.15 0.43 
Loss: 0.646487  SIA Ef: -0.153446 Binding: 0.07 0.13 0.11 -0.20 0.08 0.37 0.27 0.20 -0.06 -0.16 -0.20  Rvol: 0.54 1.03 1.41 -0.33 -0.27 0.05 0.39 0.14 0.73 1.23 1.59 -0.28 -0.15 0.15 0.44 
Loss: 0.638444  SIA Ef: -0.111914 Binding: 0.07 0.13 0.11 -0.19 0.08 0.37 0.26 0.19 -0.07 -0.17 -0.21  Rvol: 0.54 1.03 1.41 -0.33 -0.27 0.06 0.39 0.14 0.74 1.23 1.59 -0.28 -0.15 0.15 0.45 
Loss: 0.641042  SIA Ef: -0.081779 Binding: 0.07 0.14 0.10 -0.19 0.09 0.37 0.26 0.20 -0.06 -0.16 -0.20  Rvol: 0.55 1.04 1.42 -0.33 -0.27 0.06 0.39 0.14 0.74 1.24 1.59 -0.28 -0.15 0.15 0.45 
Loss: 0.638244  SIA Ef: -0.097981 Binding: 0.06 0.13 0.11 -0.19 0.08 0.37 0.26 0.19 -0.07 -0.17 -0.21  Rvol: 0.55 1.04 1.41 -0.33 -0.27 0.06 0.39 0.14 0.74 1.23 1.59 -0.28 -0.15 0.15 0.45 
Loss: 0.637663  SIA Ef: -0.066818 Binding: 0.06 0.13 0.12 -0.19 0.07 0.37 0.26 0.19 -0.07 -0.17 -0.21  Rvol: 0.55 1.04 1.42 -0.33 -0.27 0.06 0.39 0.14 0.74 1.24 1.59 -0.28 -0.15 0.16 0.45 
Loss: 0.648531  SIA Ef: -0.032759 Binding: 0.05 0.12 0.17 -0.20 0.05 0.36 0.26 0.19 -0.08 -0.17 -0.21  Rvol: 0.55 1.04 1.42 -0.33 -0.27 0.06 0.39 0.14 0.74 1.24 1.60 -0.28 -0.15 0.16 0.45 
Loss: 0.631040  SIA Ef: -0.067731 Binding: 0.07 0.13 0.05 -0.19 0.09 0.37 0.25 0.19 -0.06 -0.17 -0.22  Rvol: 0.55 1.04 1.42 -0.33 -0.27 0.06 0.40 0.14 0.74 1.24 1.60 -0.28 -0.15 0.16 0.45 
Loss: 0.631100  SIA Ef: -0.097226 Binding: 0.08 0.13 0.02 -0.19 0.11 0.37 0.25 0.18 -0.06 -0.18 -0.22  Rvol: 0.54 1.03 1.41 -0.33 -0.27 0.06 0.39 0.14 0.74 1.23 1.59 -0.28 -0.15 0.16 0.45 
Loss: 0.629691  SIA Ef: -0.073936 Binding: 0.07 0.13 0.06 -0.20 0.09 0.37 0.25 0.18 -0.06 -0.18 -0.22  Rvol: 0.55 1.04 1.42 -0.33 -0.27 0.06 0.39 0.14 0.74 1.24 1.60 -0.28 -0.15 0.16 0.45 
Loss: 0.624442  SIA Ef: -0.096069 Binding: 0.07 0.12 0.02 -0.19 0.09 0.37 0.25 0.18 -0.06 -0.18 -0.22  Rvol: 0.54 1.03 1.41 -0.33 -0.27 0.06 0.39 0.14 0.74 1.23 1.59 -0.28 -0.15 0.15 0.45 
Loss: 0.626003  SIA Ef: -0.091696 Binding: 0.07 0.12 0.03 -0.20 0.09 0.37 0.25 0.19 -0.06 -0.17 -0.21  Rvol: 0.54 1.03 1.41 -0.33 -0.27 0.06 0.39 0.14 0.74 1.23 1.59 -0.28 -0.15 0.15 0.45 
Loss: 0.623047  SIA Ef: -0.129038 Binding: 0.07 0.11 0.02 -0.20 0.09 0.37 0.24 0.17 -0.06 -0.18 -0.23  Rvol: 0.54 1.03 1.41 -0.33 -0.27 0.06 0.39 0.14 0.74 1.23 1.59 -0.28 -0.15 0.15 0.45 
Loss: 0.623898  SIA Ef: -0.148212 Binding: 0.07 0.11 0.02 -0.20 0.09 0.37 0.24 0.17 -0.06 -0.18 -0.23  Rvol: 0.54 1.03 1.41 -0.33 -0.27 0.05 0.39 0.14 0.73 1.23 1.59 -0.28 -0.15 0.15 0.45 
Loss: 0.654506  SIA Ef: -0.207395 Binding: 0.09 0.12 -0.06 -0.19 0.13 0.38 0.24 0.18 -0.05 -0.18 -0.22  Rvol: 0.54 1.02 1.40 -0.33 -0.27 0.05 0.39 0.14 0.73 1.22 1.58 -0.28 -0.15 0.15 0.44 
Loss: 0.621853  SIA Ef: -0.114515 Binding: 0.07 0.12 0.02 -0.19 0.09 0.37 0.24 0.17 -0.06 -0.18 -0.23  Rvol: 0.54 1.03 1.41 -0.33 -0.27 0.06 0.39 0.14 0.74 1.23 1.59 -0.28 -0.15 0.15 0.45 
Loss: 0.621408  SIA Ef: -0.038321 Binding: 0.06 0.11 0.07 -0.20 0.07 0.36 0.24 0.15 -0.07 -0.19 -0.24  Rvol: 0.55 1.04 1.42 -0.33 -0.27 0.06 0.40 0.14 0.74 1.24 1.60 -0.28 -0.15 0.16 0.45 
Loss: 0.623188  SIA Ef: -0.022736 Binding: 0.06 0.11 0.08 -0.20 0.06 0.36 0.24 0.16 -0.07 -0.19 -0.24  Rvol: 0.55 1.04 1.42 -0.33 -0.27 0.06 0.40 0.14 0.74 1.24 1.60 -0.28 -0.15 0.16 0.45 
Loss: 0.629663  SIA Ef: -0.035475 Binding: 0.05 0.11 0.13 -0.20 0.05 0.36 0.24 0.15 -0.08 -0.19 -0.24  Rvol: 0.55 1.04 1.42 -0.33 -0.27 0.06 0.39 0.14 0.74 1.24 1.60 -0.28 -0.15 0.16 0.45 
Loss: 0.624165  SIA Ef: -0.023470 Binding: 0.06 0.11 0.09 -0.20 0.05 0.36 0.24 0.16 -0.08 -0.19 -0.24  Rvol: 0.55 1.04 1.42 -0.33 -0.27 0.06 0.40 0.14 0.74 1.24 1.60 -0.28 -0.15 0.16 0.45 
Loss: 0.623043  SIA Ef: -0.024006 Binding: 0.06 0.11 0.06 -0.20 0.08 0.36 0.24 0.16 -0.07 -0.19 -0.23  Rvol: 0.55 1.04 1.42 -0.33 -0.27 0.06 0.40 0.14 0.74 1.24 1.60 -0.28 -0.15 0.16 0.46 
Loss: 0.616073  SIA Ef: -0.073771 Binding: 0.08 0.12 -0.00 -0.19 0.10 0.36 0.23 0.15 -0.06 -0.19 -0.25  Rvol: 0.54 1.03 1.42 -0.33 -0.27 0.06 0.39 0.14 0.74 1.23 1.59 -0.28 -0.15 0.16 0.45 
Loss: 0.621422  SIA Ef: -0.067095 Binding: 0.08 0.13 -0.02 -0.19 0.11 0.36 0.22 0.14 -0.07 -0.20 -0.26  Rvol: 0.54 1.03 1.42 -0.33 -0.27 0.06 0.40 0.14 0.74 1.23 1.60 -0.28 -0.15 0.16 0.46 
Loss: 0.616405  SIA Ef: -0.068679 Binding: 0.07 0.11 -0.00 -0.20 0.09 0.36 0.23 0.15 -0.06 -0.19 -0.24  Rvol: 0.54 1.04 1.42 -0.33 -0.27 0.06 0.39 0.14 0.74 1.23 1.60 -0.28 -0.15 0.16 0.45 
Loss: 0.629290  SIA Ef: -0.103541 Binding: 0.08 0.11 -0.08 -0.19 0.13 0.37 0.23 0.15 -0.05 -0.19 -0.24  Rvol: 0.54 1.03 1.41 -0.33 -0.27 0.06 0.39 0.14 0.74 1.23 1.59 -0.28 -0.15 0.15 0.45 
Loss: 0.615280  SIA Ef: -0.082628 Binding: 0.07 0.12 0.01 -0.19 0.10 0.36 0.23 0.14 -0.07 -0.20 -0.25  Rvol: 0.54 1.03 1.42 -0.33 -0.27 0.06 0.39 0.14 0.74 1.23 1.59 -0.28 -0.15 0.16 0.45 
Loss: 0.614733  SIA Ef: -0.095079 Binding: 0.07 0.11 0.01 -0.19 0.10 0.36 0.23 0.14 -0.07 -0.20 -0.25  Rvol: 0.54 1.03 1.41 -0.33 -0.27 0.06 0.39 0.14 0.74 1.23 1.59 -0.28 -0.15 0.15 0.45 
Loss: 0.614549  SIA Ef: -0.101073 Binding: 0.07 0.11 0.01 -0.19 0.09 0.36 0.22 0.14 -0.07 -0.20 -0.25  Rvol: 0.54 1.03 1.41 -0.33 -0.27 0.06 0.39 0.14 0.74 1.23 1.59 -0.28 -0.15 0.15 0.45 
Loss: 0.614644  SIA Ef: -0.105612 Binding: 0.07 0.11 0.01 -0.19 0.09 0.36 0.22 0.14 -0.07 -0.20 -0.25  Rvol: 0.54 1.03 1.41 -0.33 -0.27 0.06 0.39 0.14 0.74 1.23 1.59 -0.28 -0.15 0.15 0.45 
Loss: 0.615394  SIA Ef: -0.115634 Binding: 0.07 0.11 -0.00 -0.19 0.10 0.36 0.22 0.14 -0.07 -0.20 -0.25  Rvol: 0.54 1.03 1.41 -0.33 -0.27 0.06 0.39 0.14 0.74 1.23 1.59 -0.28 -0.15 0.15 0.45 
Loss: 0.613940  SIA Ef: -0.081886 Binding: 0.07 0.11 0.02 -0.19 0.09 0.36 0.22 0.14 -0.07 -0.20 -0.26  Rvol: 0.54 1.04 1.42 -0.33 -0.27 0.06 0.39 0.14 0.74 1.23 1.59 -0.28 -0.15 0.16 0.45 
Loss: 0.615091  SIA Ef: -0.072575 Binding: 0.07 0.11 0.04 -0.20 0.08 0.36 0.22 0.14 -0.07 -0.20 -0.26  Rvol: 0.55 1.04 1.42 -0.33 -0.27 0.06 0.39 0.14 0.74 1.24 1.59 -0.28 -0.15 0.16 0.45 
Loss: 0.615664  SIA Ef: -0.070852 Binding: 0.07 0.11 0.04 -0.20 0.08 0.36 0.22 0.14 -0.07 -0.20 -0.26  Rvol: 0.55 1.04 1.42 -0.33 -0.27 0.06 0.39 0.14 0.74 1.24 1.59 -0.28 -0.15 0.16 0.45 
Loss: 0.611762  SIA Ef: -0.095518 Binding: 0.07 0.11 -0.00 -0.19 0.09 0.36 0.22 0.13 -0.07 -0.20 -0.26  Rvol: 0.54 1.03 1.41 -0.33 -0.27 0.06 0.39 0.14 0.74 1.23 1.59 -0.28 -0.15 0.15 0.45 
Loss: 0.616864  SIA Ef: -0.107407 Binding: 0.07 0.11 -0.03 -0.19 0.11 0.36 0.22 0.13 -0.07 -0.21 -0.26  Rvol: 0.54 1.03 1.41 -0.33 -0.27 0.06 0.39 0.14 0.74 1.23 1.59 -0.28 -0.15 0.15 0.45 
Loss: 0.612263  SIA Ef: -0.100185 Binding: 0.07 0.11 -0.00 -0.19 0.10 0.36 0.22 0.13 -0.07 -0.20 -0.26  Rvol: 0.54 1.03 1.41 -0.33 -0.27 0.06 0.39 0.14 0.74 1.23 1.59 -0.28 -0.15 0.15 0.45 
Loss: 0.613299  SIA Ef: -0.109078 Binding: 0.07 0.10 -0.02 -0.20 0.10 0.36 0.22 0.14 -0.07 -0.20 -0.25  Rvol: 0.54 1.03 1.41 -0.33 -0.27 0.06 0.39 0.14 0.74 1.23 1.59 -0.28 -0.15 0.15 0.45 
Loss: 0.612026  SIA Ef: -0.090427 Binding: 0.07 0.11 -0.01 -0.19 0.10 0.36 0.22 0.14 -0.07 -0.20 -0.26  Rvol: 0.54 1.03 1.42 -0.33 -0.27 0.06 0.39 0.14 0.74 1.23 1.59 -0.28 -0.15 0.15 0.45 
Loss: 0.610477  SIA Ef: -0.102883 Binding: 0.07 0.10 0.00 -0.19 0.09 0.36 0.23 0.14 -0.07 -0.20 -0.25  Rvol: 0.54 1.03 1.41 -0.33 -0.27 0.06 0.39 0.14 0.74 1.23 1.59 -0.28 -0.15 0.15 0.45 
Loss: 0.611617  SIA Ef: -0.069048 Binding: 0.06 0.10 0.04 -0.20 0.08 0.36 0.22 0.14 -0.07 -0.20 -0.26  Rvol: 0.54 1.04 1.42 -0.33 -0.27 0.06 0.39 0.14 0.74 1.24 1.59 -0.28 -0.15 0.16 0.45 
Loss: 0.610480  SIA Ef: -0.089242 Binding: 0.07 0.10 0.01 -0.19 0.09 0.36 0.23 0.14 -0.07 -0.20 -0.25  Rvol: 0.54 1.03 1.42 -0.33 -0.27 0.06 0.39 0.14 0.74 1.23 1.59 -0.28 -0.15 0.15 0.45 
Loss: 0.612499  SIA Ef: -0.108588 Binding: 0.07 0.10 -0.01 -0.19 0.10 0.36 0.23 0.14 -0.06 -0.20 -0.25  Rvol: 0.54 1.03 1.41 -0.33 -0.27 0.06 0.39 0.14 0.74 1.23 1.59 -0.28 -0.15 0.15 0.45 
Loss: 0.610037  SIA Ef: -0.090693 Binding: 0.06 0.10 0.02 -0.20 0.08 0.36 0.23 0.14 -0.07 -0.20 -0.25  Rvol: 0.54 1.03 1.42 -0.33 -0.27 0.06 0.39 0.14 0.74 1.23 1.59 -0.28 -0.15 0.15 0.45 
Loss: 0.610027  SIA Ef: -0.092272 Binding: 0.06 0.10 0.02 -0.20 0.08 0.36 0.22 0.14 -0.07 -0.20 -0.25  Rvol: 0.54 1.03 1.42 -0.33 -0.27 0.06 0.39 0.14 0.74 1.23 1.59 -0.28 -0.15 0.15 0.45 
Loss: 0.609552  SIA Ef: -0.095153 Binding: 0.06 0.10 0.02 -0.19 0.09 0.36 0.22 0.14 -0.07 -0.20 -0.25  Rvol: 0.54 1.03 1.42 -0.33 -0.27 0.06 0.39 0.14 0.74 1.23 1.59 -0.28 -0.15 0.15 0.45 
Loss: 0.608943  SIA Ef: -0.101582 Binding: 0.06 0.10 0.01 -0.20 0.08 0.36 0.22 0.14 -0.07 -0.20 -0.25  Rvol: 0.54 1.03 1.42 -0.33 -0.27 0.06 0.39 0.14 0.74 1.23 1.59 -0.28 -0.15 0.15 0.45 
Loss: 0.609129  SIA Ef: -0.098900 Binding: 0.06 0.10 0.02 -0.19 0.09 0.36 0.23 0.14 -0.07 -0.20 -0.25  Rvol: 0.54 1.03 1.42 -0.33 -0.27 0.06 0.39 0.14 0.74 1.23 1.59 -0.28 -0.15 0.15 0.45 
Loss: 0.608996  SIA Ef: -0.099837 Binding: 0.06 0.10 0.01 -0.20 0.08 0.36 0.23 0.14 -0.07 -0.20 -0.25  Rvol: 0.54 1.03 1.42 -0.33 -0.27 0.06 0.39 0.14 0.74 1.23 1.59 -0.28 -0.15 0.15 0.45 
Loss: 0.609749  SIA Ef: -0.111186 Binding: 0.06 0.10 0.02 -0.20 0.08 0.36 0.23 0.14 -0.07 -0.20 -0.25  Rvol: 0.54 1.03 1.41 -0.33 -0.27 0.06 0.39 0.14 0.74 1.23 1.59 -0.28 -0.15 0.15 0.45 
Loss: 0.609111  SIA Ef: -0.098877 Binding: 0.06 0.10 0.01 -0.20 0.08 0.36 0.22 0.14 -0.07 -0.20 -0.25  Rvol: 0.54 1.03 1.42 -0.33 -0.27 0.06 0.39 0.14 0.74 1.23 1.59 -0.28 -0.15 0.15 0.45 
Loss: 0.608031  SIA Ef: -0.102764 Binding: 0.06 0.10 0.00 -0.20 0.09 0.36 0.22 0.14 -0.07 -0.20 -0.25  Rvol: 0.54 1.03 1.42 -0.33 -0.27 0.06 0.39 0.14 0.74 1.23 1.59 -0.28 -0.15 0.15 0.45 
Loss: 0.606857  SIA Ef: -0.089774 Binding: 0.06 0.09 0.01 -0.20 0.08 0.36 0.22 0.13 -0.07 -0.20 -0.25  Rvol: 0.54 1.03 1.42 -0.33 -0.27 0.06 0.39 0.14 0.74 1.23 1.59 -0.28 -0.15 0.15 0.45 
Loss: 0.606370  SIA Ef: -0.099010 Binding: 0.06 0.09 -0.00 -0.20 0.08 0.36 0.22 0.13 -0.07 -0.20 -0.25  Rvol: 0.54 1.03 1.42 -0.33 -0.27 0.06 0.39 0.14 0.74 1.23 1.59 -0.28 -0.15 0.15 0.45 
Loss: 0.606551  SIA Ef: -0.090916 Binding: 0.06 0.09 -0.01 -0.20 0.08 0.36 0.22 0.14 -0.07 -0.20 -0.25  Rvol: 0.54 1.03 1.42 -0.33 -0.27 0.06 0.39 0.14 0.74 1.23 1.59 -0.28 -0.15 0.15 0.45 
Loss: 0.606364  SIA Ef: -0.100531 Binding: 0.06 0.09 -0.00 -0.20 0.08 0.36 0.22 0.13 -0.07 -0.20 -0.25  Rvol: 0.54 1.03 1.42 -0.33 -0.27 0.06 0.39 0.14 0.74 1.23 1.59 -0.28 -0.15 0.15 0.45 
Loss: 0.605723  SIA Ef: -0.091112 Binding: 0.06 0.09 0.00 -0.20 0.07 0.36 0.22 0.13 -0.07 -0.20 -0.26  Rvol: 0.54 1.03 1.42 -0.33 -0.27 0.06 0.39 0.14 0.74 1.23 1.59 -0.28 -0.15 0.15 0.45 
Loss: 0.605336  SIA Ef: -0.087144 Binding: 0.06 0.09 0.01 -0.20 0.07 0.36 0.22 0.13 -0.07 -0.20 -0.26  Rvol: 0.54 1.03 1.42 -0.33 -0.27 0.06 0.39 0.14 0.74 1.23 1.59 -0.28 -0.15 0.15 0.45 
Loss: 0.605704  SIA Ef: -0.075510 Binding: 0.06 0.09 0.02 -0.20 0.07 0.36 0.22 0.13 -0.07 -0.20 -0.26  Rvol: 0.54 1.04 1.42 -0.33 -0.27 0.06 0.39 0.14 0.74 1.23 1.59 -0.28 -0.15 0.15 0.45 
Loss: 0.605241  SIA Ef: -0.087275 Binding: 0.06 0.09 0.01 -0.20 0.07 0.36 0.22 0.13 -0.07 -0.20 -0.26  Rvol: 0.54 1.03 1.42 -0.33 -0.27 0.06 0.39 0.14 0.74 1.23 1.59 -0.28 -0.15 0.15 0.45 
Loss: 0.605439  SIA Ef: -0.079470 Binding: 0.06 0.09 0.01 -0.20 0.07 0.36 0.22 0.13 -0.07 -0.20 -0.26  Rvol: 0.54 1.04 1.42 -0.33 -0.27 0.06 0.39 0.14 0.74 1.23 1.59 -0.28 -0.15 0.15 0.45 
Loss: 0.605287  SIA Ef: -0.085598 Binding: 0.06 0.09 0.01 -0.20 0.07 0.36 0.22 0.13 -0.07 -0.20 -0.25  Rvol: 0.54 1.04 1.42 -0.33 -0.27 0.06 0.39 0.14 0.74 1.23 1.59 -0.28 -0.15 0.15 0.45 
Loss: 0.606604  SIA Ef: -0.079407 Binding: 0.05 0.08 0.03 -0.20 0.06 0.36 0.22 0.13 -0.07 -0.20 -0.26  Rvol: 0.54 1.04 1.42 -0.33 -0.27 0.06 0.39 0.14 0.74 1.23 1.59 -0.28 -0.15 0.15 0.45 
Loss: 0.604864  SIA Ef: -0.096101 Binding: 0.06 0.08 0.01 -0.20 0.07 0.36 0.22 0.13 -0.07 -0.20 -0.26  Rvol: 0.54 1.03 1.42 -0.33 -0.27 0.06 0.39 0.14 0.74 1.23 1.59 -0.28 -0.15 0.15 0.45 
Loss: 0.605732  SIA Ef: -0.111133 Binding: 0.06 0.08 -0.01 -0.20 0.08 0.36 0.22 0.13 -0.07 -0.20 -0.25  Rvol: 0.54 1.03 1.42 -0.33 -0.27 0.06 0.39 0.14 0.74 1.23 1.59 -0.28 -0.15 0.15 0.45 
Loss: 0.605311  SIA Ef: -0.099139 Binding: 0.06 0.08 0.01 -0.20 0.07 0.36 0.22 0.13 -0.07 -0.20 -0.26  Rvol: 0.54 1.03 1.42 -0.33 -0.27 0.06 0.39 0.14 0.74 1.23 1.59 -0.28 -0.15 0.15 0.45 
Loss: 0.604536  SIA Ef: -0.084252 Binding: 0.06 0.08 0.01 -0.20 0.07 0.36 0.22 0.13 -0.07 -0.20 -0.26  Rvol: 0.54 1.03 1.42 -0.33 -0.27 0.06 0.39 0.14 0.74 1.23 1.59 -0.28 -0.15 0.15 0.45 
Loss: 0.604556  SIA Ef: -0.085863 Binding: 0.06 0.08 0.01 -0.20 0.07 0.36 0.22 0.13 -0.07 -0.20 -0.26  Rvol: 0.54 1.03 1.42 -0.33 -0.27 0.06 0.39 0.14 0.74 1.23 1.59 -0.28 -0.15 0.15 0.45 
Loss: 0.604534  SIA Ef: -0.092938 Binding: 0.06 0.09 -0.00 -0.20 0.08 0.36 0.22 0.13 -0.07 -0.20 -0.26  Rvol: 0.54 1.03 1.42 -0.33 -0.27 0.06 0.39 0.14 0.74 1.23 1.59 -0.28 -0.15 0.15 0.45 
Loss: 0.604474  SIA Ef: -0.094756 Binding: 0.06 0.08 -0.00 -0.20 0.08 0.36 0.22 0.13 -0.07 -0.20 -0.26  Rvol: 0.54 1.03 1.42 -0.33 -0.27 0.06 0.39 0.14 0.74 1.23 1.59 -0.28 -0.15 0.15 0.45 
Loss: 0.604111  SIA Ef: -0.079274 Binding: 0.06 0.08 0.01 -0.20 0.07 0.36 0.22 0.13 -0.07 -0.20 -0.26  Rvol: 0.54 1.04 1.42 -0.33 -0.27 0.06 0.39 0.14 0.74 1.23 1.59 -0.28 -0.15 0.15 0.45 
Loss: 0.604173  SIA Ef: -0.074276 Binding: 0.06 0.08 0.01 -0.20 0.08 0.36 0.22 0.13 -0.07 -0.20 -0.26  Rvol: 0.54 1.04 1.42 -0.33 -0.27 0.06 0.39 0.14 0.74 1.23 1.59 -0.28 -0.15 0.16 0.45 
Loss: 0.603598  SIA Ef: -0.085205 Binding: 0.06 0.08 0.01 -0.20 0.07 0.36 0.22 0.13 -0.07 -0.20 -0.26  Rvol: 0.54 1.03 1.42 -0.33 -0.27 0.06 0.39 0.14 0.74 1.23 1.59 -0.28 -0.15 0.15 0.45 
Loss: 0.602667  SIA Ef: -0.091260 Binding: 0.06 0.08 0.00 -0.20 0.07 0.36 0.22 0.13 -0.07 -0.20 -0.26  Rvol: 0.54 1.03 1.42 -0.33 -0.27 0.06 0.39 0.14 0.74 1.23 1.59 -0.28 -0.15 0.15 0.45 
Loss: 0.601361  SIA Ef: -0.106920 Binding: 0.05 0.08 -0.00 -0.20 0.08 0.36 0.22 0.13 -0.07 -0.20 -0.25  Rvol: 0.54 1.03 1.41 -0.33 -0.27 0.06 0.39 0.14 0.74 1.23 1.59 -0.28 -0.15 0.15 0.44 
Loss: 0.602591  SIA Ef: -0.120133 Binding: 0.05 0.08 -0.01 -0.20 0.08 0.36 0.22 0.13 -0.07 -0.20 -0.26  Rvol: 0.54 1.03 1.41 -0.33 -0.27 0.06 0.39 0.14 0.74 1.23 1.58 -0.28 -0.15 0.15 0.44 
Loss: 0.603673  SIA Ef: -0.109611 Binding: 0.05 0.08 -0.00 -0.20 0.08 0.36 0.22 0.13 -0.07 -0.20 -0.26  Rvol: 0.54 1.03 1.41 -0.33 -0.27 0.06 0.39 0.14 0.74 1.23 1.58 -0.28 -0.15 0.15 0.45 
Loss: 0.603510  SIA Ef: -0.109390 Binding: 0.05 0.08 -0.00 -0.20 0.08 0.36 0.22 0.13 -0.07 -0.20 -0.25  Rvol: 0.54 1.03 1.41 -0.33 -0.27 0.06 0.39 0.14 0.74 1.23 1.58 -0.28 -0.15 0.15 0.45 
Loss: 0.601977  SIA Ef: -0.110084 Binding: 0.06 0.08 -0.01 -0.20 0.08 0.36 0.22 0.13 -0.07 -0.20 -0.25  Rvol: 0.54 1.03 1.41 -0.33 -0.27 0.06 0.39 0.14 0.74 1.23 1.58 -0.28 -0.15 0.15 0.44 
Loss: 0.602784  SIA Ef: -0.101563 Binding: 0.05 0.08 0.00 -0.20 0.07 0.36 0.22 0.13 -0.07 -0.20 -0.26  Rvol: 0.54 1.03 1.42 -0.33 -0.27 0.06 0.39 0.14 0.74 1.23 1.59 -0.28 -0.15 0.15 0.45 
Loss: 0.603380  SIA Ef: -0.108531 Binding: 0.05 0.08 -0.00 -0.20 0.08 0.36 0.22 0.13 -0.07 -0.20 -0.26  Rvol: 0.54 1.03 1.41 -0.33 -0.27 0.06 0.39 0.14 0.74 1.23 1.59 -0.28 -0.15 0.15 0.45 
Loss: 0.600928  SIA Ef: -0.101415 Binding: 0.05 0.08 -0.00 -0.20 0.08 0.36 0.22 0.13 -0.07 -0.21 -0.26  Rvol: 0.54 1.03 1.42 -0.33 -0.27 0.06 0.39 0.14 0.74 1.23 1.59 -0.28 -0.15 0.15 0.44 
Loss: 0.601395  SIA Ef: -0.107788 Binding: 0.06 0.08 -0.01 -0.20 0.08 0.36 0.22 0.13 -0.07 -0.21 -0.26  Rvol: 0.54 1.03 1.41 -0.33 -0.27 0.06 0.39 0.14 0.74 1.23 1.59 -0.28 -0.15 0.15 0.44 
Loss: 0.607710  SIA Ef: -0.114922 Binding: 0.06 0.08 -0.03 -0.20 0.09 0.36 0.22 0.13 -0.06 -0.20 -0.26  Rvol: 0.54 1.03 1.41 -0.33 -0.27 0.06 0.39 0.14 0.74 1.23 1.58 -0.28 -0.15 0.15 0.45 
Loss: 0.601137  SIA Ef: -0.103376 Binding: 0.05 0.08 -0.00 -0.20 0.07 0.36 0.22 0.13 -0.07 -0.21 -0.26  Rvol: 0.54 1.03 1.42 -0.33 -0.27 0.06 0.39 0.14 0.74 1.23 1.59 -0.28 -0.15 0.15 0.44 
Loss: 0.601829  SIA Ef: -0.085052 Binding: 0.05 0.08 0.01 -0.20 0.07 0.36 0.22 0.12 -0.07 -0.21 -0.26  Rvol: 0.54 1.03 1.42 -0.33 -0.27 0.06 0.39 0.14 0.74 1.23 1.59 -0.28 -0.15 0.15 0.45 
Loss: 0.602857  SIA Ef: -0.102512 Binding: 0.05 0.08 -0.00 -0.20 0.08 0.36 0.22 0.12 -0.07 -0.21 -0.26  Rvol: 0.54 1.03 1.42 -0.33 -0.27 0.06 0.39 0.14 0.74 1.23 1.59 -0.28 -0.15 0.15 0.45 
Loss: 0.601093  SIA Ef: -0.102708 Binding: 0.06 0.08 -0.01 -0.20 0.08 0.36 0.22 0.13 -0.07 -0.21 -0.26  Rvol: 0.54 1.03 1.42 -0.33 -0.27 0.06 0.39 0.14 0.74 1.23 1.59 -0.28 -0.15 0.15 0.44 
Loss: 0.600629  SIA Ef: -0.100438 Binding: 0.05 0.08 -0.00 -0.20 0.07 0.36 0.22 0.13 -0.07 -0.20 -0.25  Rvol: 0.54 1.03 1.42 -0.33 -0.27 0.06 0.39 0.14 0.74 1.23 1.59 -0.28 -0.15 0.15 0.44 
Loss: 0.602580  SIA Ef: -0.096987 Binding: 0.05 0.08 -0.00 -0.20 0.07 0.36 0.22 0.13 -0.07 -0.20 -0.26  Rvol: 0.54 1.03 1.42 -0.33 -0.27 0.06 0.39 0.14 0.74 1.23 1.59 -0.28 -0.15 0.15 0.45 
Loss: 0.602504  SIA Ef: -0.095982 Binding: 0.05 0.08 -0.00 -0.20 0.07 0.36 0.22 0.13 -0.07 -0.20 -0.26  Rvol: 0.54 1.03 1.42 -0.33 -0.27 0.06 0.39 0.14 0.74 1.23 1.59 -0.28 -0.15 0.15 0.45 
Loss: 0.602532  SIA Ef: -0.098648 Binding: 0.05 0.08 -0.00 -0.20 0.07 0.36 0.22 0.13 -0.07 -0.20 -0.26  Rvol: 0.54 1.03 1.42 -0.33 -0.27 0.06 0.39 0.14 0.74 1.23 1.59 -0.28 -0.15 0.15 0.45 
Loss: 0.602553  SIA Ef: -0.103092 Binding: 0.05 0.08 0.00 -0.20 0.07 0.36 0.22 0.13 -0.07 -0.20 -0.26  Rvol: 0.54 1.03 1.42 -0.33 -0.27 0.06 0.39 0.14 0.74 1.23 1.59 -0.28 -0.15 0.15 0.45 
Loss: 0.601388  SIA Ef: -0.104153 Binding: 0.06 0.08 -0.01 -0.20 0.08 0.36 0.22 0.13 -0.07 -0.20 -0.25  Rvol: 0.54 1.03 1.41 -0.33 -0.27 0.06 0.39 0.14 0.74 1.23 1.59 -0.28 -0.15 0.15 0.44 
Loss: 0.601356  SIA Ef: -0.104705 Binding: 0.06 0.08 -0.01 -0.20 0.08 0.36 0.22 0.13 -0.07 -0.20 -0.25  Rvol: 0.54 1.03 1.41 -0.33 -0.27 0.06 0.39 0.14 0.74 1.23 1.59 -0.28 -0.15 0.15 0.44 
Loss: 0.602694  SIA Ef: -0.101721 Binding: 0.05 0.08 -0.00 -0.20 0.07 0.36 0.22 0.13 -0.07 -0.20 -0.26  Rvol: 0.54 1.03 1.42 -0.33 -0.27 0.06 0.39 0.14 0.74 1.23 1.59 -0.28 -0.15 0.15 0.45 
Loss: 0.602652  SIA Ef: -0.098840 Binding: 0.05 0.08 -0.00 -0.20 0.07 0.36 0.22 0.13 -0.07 -0.20 -0.26  Rvol: 0.54 1.03 1.42 -0.33 -0.27 0.06 0.39 0.14 0.74 1.23 1.59 -0.28 -0.15 0.15 0.45 
Loss: 0.602796  SIA Ef: -0.103180 Binding: 0.05 0.08 -0.00 -0.20 0.07 0.36 0.22 0.13 -0.07 -0.20 -0.26  Rvol: 0.54 1.03 1.42 -0.33 -0.27 0.06 0.39 0.14 0.74 1.23 1.59 -0.28 -0.15 0.15 0.45 
Loss: 0.600586  SIA Ef: -0.099950 Binding: 0.05 0.08 -0.00 -0.20 0.07 0.36 0.22 0.13 -0.07 -0.20 -0.25  Rvol: 0.54 1.03 1.42 -0.33 -0.27 0.06 0.39 0.14 0.74 1.23 1.59 -0.28 -0.15 0.15 0.44 
Loss: 0.601032  SIA Ef: -0.101718 Binding: 0.06 0.08 -0.01 -0.20 0.08 0.36 0.22 0.13 -0.07 -0.20 -0.25  Rvol: 0.54 1.03 1.42 -0.33 -0.27 0.06 0.39 0.14 0.74 1.23 1.59 -0.28 -0.15 0.15 0.44 
Loss: 0.600498  SIA Ef: -0.099126 Binding: 0.05 0.08 -0.00 -0.20 0.07 0.36 0.22 0.13 -0.07 -0.20 -0.25  Rvol: 0.54 1.03 1.42 -0.33 -0.27 0.06 0.39 0.14 0.74 1.23 1.59 -0.28 -0.15 0.15 0.44 
Loss: 0.602545  SIA Ef: -0.097568 Binding: 0.05 0.08 -0.00 -0.20 0.07 0.36 0.22 0.13 -0.07 -0.20 -0.26  Rvol: 0.54 1.03 1.42 -0.33 -0.27 0.06 0.39 0.14 0.74 1.23 1.59 -0.28 -0.15 0.15 0.45 
Loss: 0.600430  SIA Ef: -0.098901 Binding: 0.05 0.08 -0.00 -0.20 0.07 0.36 0.22 0.13 -0.07 -0.20 -0.25  Rvol: 0.54 1.03 1.42 -0.33 -0.27 0.06 0.39 0.14 0.74 1.23 1.59 -0.28 -0.15 0.15 0.44 
Loss: 0.602570  SIA Ef: -0.101146 Binding: 0.05 0.08 -0.00 -0.20 0.07 0.36 0.22 0.13 -0.07 -0.20 -0.26  Rvol: 0.54 1.03 1.42 -0.33 -0.27 0.06 0.39 0.14 0.74 1.23 1.59 -0.28 -0.15 0.15 0.45 
Loss: 0.602469  SIA Ef: -0.098547 Binding: 0.05 0.08 -0.00 -0.20 0.07 0.36 0.22 0.13 -0.07 -0.20 -0.26  Rvol: 0.54 1.03 1.42 -0.33 -0.27 0.06 0.39 0.14 0.74 1.23 1.59 -0.28 -0.15 0.15 0.45 
Loss: 0.600603  SIA Ef: -0.098820 Binding: 0.05 0.08 -0.01 -0.20 0.08 0.36 0.22 0.13 -0.07 -0.20 -0.25  Rvol: 0.54 1.03 1.42 -0.33 -0.27 0.06 0.39 0.14 0.74 1.23 1.59 -0.28 -0.15 0.15 0.44 
Loss: 0.602604  SIA Ef: -0.100371 Binding: 0.05 0.08 -0.00 -0.20 0.07 0.36 0.22 0.13 -0.07 -0.20 -0.26  Rvol: 0.54 1.03 1.42 -0.33 -0.27 0.06 0.39 0.14 0.74 1.23 1.59 -0.28 -0.15 0.15 0.45 
Loss: 0.600599  SIA Ef: -0.099836 Binding: 0.05 0.08 -0.00 -0.20 0.07 0.36 0.22 0.13 -0.07 -0.20 -0.25  Rvol: 0.54 1.03 1.42 -0.33 -0.27 0.06 0.39 0.14 0.74 1.23 1.59 -0.28 -0.15 0.15 0.44 
Loss: 0.602417  SIA Ef: -0.097043 Binding: 0.05 0.08 -0.00 -0.20 0.07 0.36 0.22 0.13 -0.07 -0.20 -0.26  Rvol: 0.54 1.03 1.42 -0.33 -0.27 0.06 0.39 0.14 0.74 1.23 1.59 -0.28 -0.15 0.15 0.45 
Loss: 0.600532  SIA Ef: -0.099405 Binding: 0.05 0.08 -0.00 -0.20 0.07 0.36 0.22 0.13 -0.07 -0.20 -0.25  Rvol: 0.54 1.03 1.42 -0.33 -0.27 0.06 0.39 0.14 0.74 1.23 1.59 -0.28 -0.15 0.15 0.44 
Loss: 0.600526  SIA Ef: -0.098745 Binding: 0.05 0.08 -0.00 -0.20 0.07 0.36 0.22 0.13 -0.07 -0.20 -0.25  Rvol: 0.54 1.03 1.42 -0.33 -0.27 0.06 0.39 0.14 0.74 1.23 1.59 -0.28 -0.15 0.15 0.44 
Loss: 0.600445  SIA Ef: -0.099362 Binding: 0.05 0.08 -0.00 -0.20 0.07 0.36 0.22 0.13 -0.07 -0.20 -0.25  Rvol: 0.54 1.03 1.42 -0.33 -0.27 0.06 0.39 0.14 0.74 1.23 1.59 -0.28 -0.15 0.15 0.44 
Loss: 0.602549  SIA Ef: -0.098838 Binding: 0.05 0.08 -0.00 -0.20 0.07 0.36 0.22 0.13 -0.07 -0.20 -0.26  Rvol: 0.54 1.03 1.42 -0.33 -0.27 0.06 0.39 0.14 0.74 1.23 1.59 -0.28 -0.15 0.15 0.45 
Loss: 0.600457  SIA Ef: -0.098895 Binding: 0.05 0.08 -0.00 -0.20 0.07 0.36 0.22 0.13 -0.07 -0.20 -0.25  Rvol: 0.54 1.03 1.42 -0.33 -0.27 0.06 0.39 0.14 0.74 1.23 1.59 -0.28 -0.15 0.15 0.44 
Loss: 0.602541  SIA Ef: -0.098729 Binding: 0.05 0.08 -0.00 -0.20 0.07 0.36 0.22 0.13 -0.07 -0.20 -0.26  Rvol: 0.54 1.03 1.42 -0.33 -0.27 0.06 0.39 0.14 0.74 1.23 1.59 -0.28 -0.15 0.15 0.45 
Loss: 0.600475  SIA Ef: -0.099077 Binding: 0.05 0.08 -0.00 -0.20 0.07 0.36 0.22 0.13 -0.07 -0.20 -0.25  Rvol: 0.54 1.03 1.42 -0.33 -0.27 0.06 0.39 0.14 0.74 1.23 1.59 -0.28 -0.15 0.15 0.44 
Loss: 0.602528  SIA Ef: -0.098448 Binding: 0.05 0.08 -0.00 -0.20 0.07 0.36 0.22 0.13 -0.07 -0.20 -0.26  Rvol: 0.54 1.03 1.42 -0.33 -0.27 0.06 0.39 0.14 0.74 1.23 1.59 -0.28 -0.15 0.15 0.45 
Loss: 0.602559  SIA Ef: -0.099461 Binding: 0.05 0.08 -0.00 -0.20 0.07 0.36 0.22 0.13 -0.07 -0.20 -0.26  Rvol: 0.54 1.03 1.42 -0.33 -0.27 0.06 0.39 0.14 0.74 1.23 1.59 -0.28 -0.15 0.15 0.45 
Loss: 0.602544  SIA Ef: -0.098853 Binding: 0.05 0.08 -0.00 -0.20 0.07 0.36 0.22 0.13 -0.07 -0.20 -0.26  Rvol: 0.54 1.03 1.42 -0.33 -0.27 0.06 0.39 0.14 0.74 1.23 1.59 -0.28 -0.15 0.15 0.45 
Loss: 0.600416  SIA Ef: -0.099017 Binding: 0.05 0.08 -0.00 -0.20 0.07 0.36 0.22 0.13 -0.07 -0.20 -0.25  Rvol: 0.54 1.03 1.42 -0.33 -0.27 0.06 0.39 0.14 0.74 1.23 1.59 -0.28 -0.15 0.15 0.44 
Loss: 0.602529  SIA Ef: -0.099164 Binding: 0.05 0.08 -0.00 -0.20 0.07 0.36 0.22 0.13 -0.07 -0.20 -0.26  Rvol: 0.54 1.03 1.42 -0.33 -0.27 0.06 0.39 0.14 0.74 1.23 1.59 -0.28 -0.15 0.15 0.45 
Loss: 0.600516  SIA Ef: -0.099494 Binding: 0.05 0.08 -0.00 -0.20 0.07 0.36 0.22 0.13 -0.07 -0.20 -0.25  Rvol: 0.54 1.03 1.42 -0.33 -0.27 0.06 0.39 0.14 0.74 1.23 1.59 -0.28 -0.15 0.15 0.44 
