Start Optimization 
Loss: 1.610629  SIA Ef: -0.485076 Binding: -0.23 -0.68 0.24 0.23 -0.17 0.41 0.25 0.04 0.01 -0.51 -0.24  Rvol: 0.47 1.02 1.18 -0.33 -0.15 0.15 0.38 0.14 0.76 1.38 1.41 -0.28 -0.04 0.31 0.58 
Loss: 1.551227  SIA Ef: -0.425317 Binding: -0.22 -0.67 0.24 0.24 -0.15 0.40 0.21 0.02 0.01 -0.53 -0.25  Rvol: 0.48 1.03 1.19 -0.33 -0.15 0.16 0.38 0.14 0.76 1.38 1.42 -0.28 -0.04 0.32 0.59 
Loss: 61.557518  SIA Ef: 4.174107 Binding: 1.16 2.07 4.66 2.88 2.02 0.53 -0.22 0.73 -0.55 -0.65 -0.07  Rvol: 0.69 1.44 2.12 -0.33 0.16 0.62 1.00 0.14 0.95 1.77 2.34 -0.28 0.28 0.77 1.21 
Loss: 49.740879  SIA Ef: 0.110062 Binding: -0.68 0.85 -4.98 1.75 1.38 0.81 1.26 0.68 3.81 0.31 0.15  Rvol: 0.50 0.99 1.70 -0.33 0.01 0.48 1.01 0.14 0.77 1.38 1.88 -0.28 0.14 0.55 1.09 
Loss: 228.785914  SIA Ef: 11.801773 Binding: 2.23 0.40 8.14 2.61 0.72 0.99 0.55 -1.15 -0.84 -1.12 -0.84  Rvol: 1.25 2.04 2.84 -0.33 -0.12 0.14 0.62 0.14 1.40 2.50 3.35 -0.28 0.05 0.36 0.81 
Loss: 3.712643  SIA Ef: -0.425317 Binding: -0.22 -0.67 0.24 0.24 -0.15 0.01 -0.24 -0.56 -0.35 -1.25 -0.81  Rvol: 0.48 1.03 1.19 -0.33 -0.15 0.16 0.38 0.14 0.73 1.32 1.43 -0.28 0.01 0.32 0.64 
Loss: 4.954472  SIA Ef: -0.425317 Binding: -0.22 -0.67 0.24 0.24 -0.15 0.17 -0.75 -1.03 -0.26 -0.84 -1.24  Rvol: 0.48 1.03 1.19 -0.33 -0.15 0.16 0.38 0.14 0.73 1.27 1.39 -0.28 -0.05 0.24 0.45 
Loss: 1.812474  SIA Ef: -0.425317 Binding: -0.22 -0.67 0.24 0.24 -0.15 0.52 0.52 0.39 0.13 -0.31 0.10  Rvol: 0.48 1.03 1.19 -0.33 -0.15 0.16 0.38 0.14 0.76 1.37 1.43 -0.28 -0.04 0.32 0.59 
Loss: 8.728799  SIA Ef: -0.425317 Binding: -0.73 -0.28 0.24 -0.76 -1.45 0.40 1.12 1.80 0.01 -0.49 0.08  Rvol: 0.48 0.96 1.46 -0.33 -0.15 0.16 0.47 0.14 0.76 1.31 1.80 -0.28 -0.04 0.31 0.64 
Loss: 3.437990  SIA Ef: -0.425317 Binding: -0.13 -0.62 0.24 0.34 -0.18 0.40 -1.38 -0.17 0.01 -0.55 -0.31  Rvol: 0.48 1.00 1.15 -0.33 -0.15 0.16 0.38 0.14 0.76 1.07 1.40 -0.28 -0.04 0.32 0.57 
Loss: 1.543647  SIA Ef: -0.425317 Binding: -0.22 -0.55 0.24 0.23 -0.04 0.40 -0.46 0.13 0.01 -0.52 -0.22  Rvol: 0.48 1.03 1.21 -0.33 -0.15 0.16 0.40 0.14 0.76 1.22 1.44 -0.28 -0.04 0.31 0.59 
Loss: 293.069661  SIA Ef: -15.981756 Binding: -0.45 -1.13 -4.26 0.37 -0.89 0.14 -0.34 0.15 3.07 -0.30 1.18  Rvol: -0.14 -0.30 -0.66 -0.33 -0.34 -0.74 -0.73 0.14 0.30 -0.14 -0.69 -0.28 -0.32 -0.61 -0.38 
Loss: 52.524024  SIA Ef: 5.253860 Binding: -0.06 -0.40 4.41 1.02 -0.38 -0.19 -0.60 0.64 -0.69 -0.79 -0.50  Rvol: 0.86 1.55 2.15 -0.33 -0.18 0.08 0.50 0.14 0.98 1.68 2.41 -0.28 -0.02 0.31 0.72 
Loss: 1.540726  SIA Ef: -0.409179 Binding: -0.22 -0.55 0.25 0.24 -0.03 0.40 -0.46 0.12 0.00 -0.52 -0.22  Rvol: 0.48 1.03 1.21 -0.33 -0.15 0.16 0.40 0.14 0.77 1.22 1.44 -0.28 -0.04 0.32 0.59 
Loss: 19.391974  SIA Ef: 2.312420 Binding: 0.16 0.43 2.93 1.51 0.63 0.41 -0.46 0.72 -0.48 -0.61 -0.06  Rvol: 0.60 1.20 1.65 -0.33 -0.00 0.38 0.74 0.14 0.91 1.44 2.02 -0.28 0.13 0.55 0.93 
Loss: 1.524463  SIA Ef: -0.389939 Binding: -0.21 -0.56 0.15 0.22 -0.02 0.58 -0.07 0.53 0.21 -0.13 0.23  Rvol: 0.48 1.04 1.21 -0.33 -0.15 0.16 0.40 0.14 0.76 1.23 1.42 -0.28 -0.04 0.30 0.57 
Loss: 42.355982  SIA Ef: 0.608286 Binding: -0.50 -0.21 -4.20 2.45 -0.96 0.80 0.73 0.31 3.43 -1.25 1.46  Rvol: 0.44 1.04 1.38 -0.33 -0.11 0.33 0.55 0.14 0.75 1.30 1.33 -0.28 0.04 0.35 0.73 
Loss: 2.774169  SIA Ef: -0.431663 Binding: -0.21 -0.56 0.13 0.22 -0.01 0.69 0.11 0.96 0.35 0.05 0.65  Rvol: 0.47 1.04 1.20 -0.33 -0.15 0.16 0.40 0.14 0.76 1.22 1.43 -0.28 -0.04 0.32 0.58 
Loss: 56.472484  SIA Ef: -7.062977 Binding: 0.20 -0.58 -1.50 0.19 0.46 0.69 -0.61 0.13 1.38 -0.05 0.60  Rvol: 0.17 0.70 0.46 -0.33 -0.17 -0.05 -0.02 0.14 0.56 0.81 0.48 -0.28 -0.21 0.04 0.03 
Loss: 1.379596  SIA Ef: -0.382240 Binding: -0.21 -0.56 0.15 0.22 -0.02 0.56 -0.10 0.44 0.18 -0.17 0.15  Rvol: 0.48 1.04 1.21 -0.33 -0.15 0.16 0.40 0.14 0.75 1.23 1.42 -0.28 -0.04 0.29 0.57 
Loss: 47.876504  SIA Ef: 4.295961 Binding: 0.08 -0.19 4.97 1.26 -0.25 0.07 -0.22 0.89 -0.47 -0.46 -0.16  Rvol: 0.84 1.51 2.09 -0.33 -0.19 0.04 0.42 0.14 0.97 1.62 2.29 -0.28 -0.04 0.23 0.61 
Loss: 1.661179  SIA Ef: -0.107174 Binding: 0.07 -0.06 0.42 0.57 0.47 0.55 -0.37 0.42 0.10 -0.18 0.09  Rvol: 0.49 1.06 1.23 -0.33 -0.13 0.18 0.42 0.14 0.77 1.18 1.46 -0.28 -0.02 0.32 0.61 
Loss: 18.091332  SIA Ef: 1.964375 Binding: 0.08 0.24 3.05 1.44 0.42 0.57 -0.10 1.05 -0.27 -0.27 0.26  Rvol: 0.59 1.19 1.62 -0.33 -0.01 0.37 0.71 0.14 0.88 1.41 1.98 -0.28 0.11 0.51 0.88 
Loss: 1.592963  SIA Ef: -0.421261 Binding: -0.50 -0.07 0.13 0.24 0.14 0.56 0.45 0.54 0.19 -0.15 0.20  Rvol: 0.48 0.84 1.24 -0.33 -0.15 0.16 0.41 0.14 0.75 1.25 1.43 -0.28 -0.05 0.29 0.56 
Loss: 65.977599  SIA Ef: -7.335324 Binding: 0.14 -0.60 -2.07 1.11 -0.40 0.68 -0.59 0.06 1.80 -0.94 0.72  Rvol: 0.15 0.70 0.42 -0.33 -0.17 -0.06 -0.05 0.14 0.54 0.78 0.41 -0.28 -0.20 -0.02 0.01 
Loss: 1.346298  SIA Ef: -0.382181 Binding: -0.22 -0.51 0.15 0.23 0.02 0.56 -0.09 0.46 0.18 -0.17 0.16  Rvol: 0.48 1.03 1.22 -0.33 -0.15 0.16 0.40 0.14 0.75 1.22 1.42 -0.28 -0.04 0.29 0.57 
Loss: 41.050868  SIA Ef: 0.669722 Binding: -0.50 -0.16 -4.15 2.44 -0.92 0.77 0.65 0.24 3.36 -1.36 1.28  Rvol: 0.45 1.03 1.37 -0.33 -0.11 0.32 0.55 0.14 0.76 1.29 1.32 -0.28 0.04 0.35 0.71 
Loss: 2.427839  SIA Ef: 0.361592 Binding: -0.74 -0.64 0.53 0.02 -0.53 0.49 0.23 0.53 -0.02 -0.21 0.03  Rvol: 0.53 0.93 1.33 -0.33 -0.17 0.13 0.40 0.14 0.77 1.28 1.56 -0.28 -0.05 0.27 0.59 
Loss: 47.023296  SIA Ef: 4.121970 Binding: 0.20 0.10 5.01 1.37 -0.03 0.08 -0.20 0.92 -0.46 -0.44 -0.08  Rvol: 0.83 1.50 2.09 -0.33 -0.18 0.07 0.45 0.14 0.95 1.62 2.29 -0.28 -0.03 0.26 0.65 
Loss: 5.293982  SIA Ef: 0.882132 Binding: -0.09 -0.34 1.58 0.72 0.13 0.53 -0.26 0.68 -0.13 -0.22 0.09  Rvol: 0.53 1.11 1.39 -0.33 -0.08 0.26 0.54 0.14 0.84 1.22 1.67 -0.28 0.04 0.40 0.73 
Loss: 16.131086  SIA Ef: -3.676584 Binding: 0.02 -0.64 -0.80 0.17 0.24 0.63 -0.39 0.19 0.79 -0.13 0.31  Rvol: 0.32 0.88 0.83 -0.33 -0.15 0.07 0.20 0.14 0.65 1.00 0.93 -0.28 -0.13 0.18 0.28 
Loss: 3.325697  SIA Ef: -0.361951 Binding: -0.19 -0.53 -1.06 0.15 0.24 0.62 0.01 0.36 0.89 -0.09 0.37  Rvol: 0.46 1.06 1.19 -0.33 -0.13 0.17 0.42 0.14 0.74 1.21 1.32 -0.28 -0.05 0.29 0.54 
Loss: 1.345294  SIA Ef: -0.378069 Binding: -0.22 -0.51 0.15 0.23 0.02 0.56 -0.10 0.46 0.18 -0.17 0.16  Rvol: 0.48 1.03 1.22 -0.33 -0.15 0.16 0.40 0.14 0.75 1.22 1.42 -0.28 -0.04 0.29 0.57 
Loss: 3.624148  SIA Ef: 0.971411 Binding: -0.51 -0.31 1.06 0.32 -0.18 0.47 0.15 0.68 -0.11 -0.21 0.06  Rvol: 0.56 1.00 1.41 -0.33 -0.16 0.16 0.45 0.14 0.80 1.32 1.67 -0.28 -0.03 0.31 0.64 
Loss: 1.560122  SIA Ef: -0.374166 Binding: -0.22 -0.51 0.13 0.22 0.02 0.61 0.01 0.58 0.24 -0.06 0.28  Rvol: 0.48 1.03 1.22 -0.33 -0.14 0.16 0.40 0.14 0.75 1.22 1.42 -0.28 -0.04 0.29 0.56 
Loss: 5.088793  SIA Ef: -1.966934 Binding: -0.12 -0.57 -0.27 0.16 0.09 0.58 -0.24 0.28 0.38 -0.18 0.16  Rvol: 0.41 0.95 1.03 -0.33 -0.16 0.11 0.29 0.14 0.70 1.10 1.19 -0.28 -0.09 0.23 0.42 
Loss: 1.223325  SIA Ef: -0.271284 Binding: -0.21 -0.50 0.27 0.26 0.02 0.53 -0.14 0.38 0.12 -0.20 0.06  Rvol: 0.48 1.04 1.23 -0.33 -0.14 0.17 0.41 0.14 0.75 1.23 1.44 -0.28 -0.03 0.30 0.57 
Loss: 2.529285  SIA Ef: 0.245806 Binding: -0.15 -0.41 1.02 0.51 0.07 0.53 -0.26 0.51 -0.05 -0.22 0.04  Rvol: 0.50 1.06 1.30 -0.33 -0.11 0.21 0.47 0.14 0.80 1.24 1.55 -0.28 0.01 0.35 0.66 
Loss: 1.316088  SIA Ef: -0.307928 Binding: -0.29 -0.58 0.22 0.18 -0.08 0.53 -0.04 0.41 0.13 -0.19 0.08  Rvol: 0.48 1.03 1.23 -0.33 -0.14 0.16 0.41 0.14 0.75 1.23 1.43 -0.28 -0.04 0.29 0.56 
Loss: 1.553772  SIA Ef: 0.107582 Binding: -0.37 -0.61 0.50 0.19 -0.22 0.49 -0.08 0.41 0.01 -0.23 -0.02  Rvol: 0.51 1.04 1.28 -0.33 -0.15 0.15 0.41 0.14 0.76 1.25 1.51 -0.28 -0.03 0.29 0.59 
Loss: 1.183950  SIA Ef: -0.273455 Binding: -0.21 -0.48 0.26 0.26 0.04 0.52 -0.11 0.38 0.12 -0.20 0.05  Rvol: 0.48 1.04 1.23 -0.33 -0.14 0.17 0.41 0.14 0.75 1.23 1.44 -0.28 -0.03 0.30 0.57 
Loss: 2.678115  SIA Ef: -0.270814 Binding: -0.17 -0.50 -0.95 0.19 0.28 0.58 -0.05 0.25 0.77 -0.14 0.23  Rvol: 0.46 1.07 1.20 -0.33 -0.12 0.18 0.43 0.14 0.74 1.22 1.34 -0.28 -0.05 0.29 0.55 
Loss: 1.212187  SIA Ef: -0.282843 Binding: -0.21 -0.50 0.26 0.26 0.03 0.52 -0.16 0.36 0.12 -0.21 0.04  Rvol: 0.48 1.04 1.23 -0.33 -0.14 0.17 0.41 0.14 0.75 1.23 1.43 -0.28 -0.03 0.30 0.57 
Loss: 4.647655  SIA Ef: -1.886940 Binding: -0.09 -0.54 -0.21 0.20 0.14 0.55 -0.28 0.19 0.32 -0.22 0.05  Rvol: 0.41 0.96 1.04 -0.33 -0.15 0.12 0.31 0.14 0.70 1.11 1.20 -0.28 -0.08 0.24 0.42 
Loss: 1.857497  SIA Ef: 0.414376 Binding: -0.51 -0.22 0.72 0.30 -0.06 0.48 0.14 0.47 -0.04 -0.23 -0.03  Rvol: 0.52 0.94 1.33 -0.33 -0.15 0.17 0.44 0.14 0.78 1.28 1.57 -0.28 -0.03 0.31 0.62 
Loss: 1.221210  SIA Ef: -0.333076 Binding: -0.17 -0.45 0.25 0.29 0.11 0.53 -0.14 0.38 0.13 -0.20 0.06  Rvol: 0.48 1.04 1.22 -0.33 -0.14 0.17 0.42 0.14 0.75 1.23 1.43 -0.28 -0.03 0.30 0.57 
Loss: 1.684887  SIA Ef: 0.089767 Binding: -0.22 -0.45 0.70 0.37 0.02 0.51 -0.16 0.45 -0.00 -0.22 0.02  Rvol: 0.50 1.05 1.28 -0.33 -0.13 0.19 0.44 0.14 0.78 1.26 1.51 -0.28 -0.01 0.32 0.62 
Loss: 1.447666  SIA Ef: -0.636240 Binding: -0.18 -0.49 0.20 0.25 0.05 0.52 -0.16 0.33 0.13 -0.21 0.04  Rvol: 0.47 1.02 1.19 -0.33 -0.14 0.16 0.39 0.14 0.74 1.20 1.39 -0.28 -0.04 0.28 0.54 
Loss: 1.150255  SIA Ef: -0.273948 Binding: -0.21 -0.48 0.22 0.25 0.05 0.51 -0.14 0.35 0.12 -0.23 0.02  Rvol: 0.48 1.04 1.23 -0.33 -0.14 0.17 0.41 0.14 0.75 1.23 1.44 -0.28 -0.03 0.30 0.57 
Loss: 1.247947  SIA Ef: -0.363936 Binding: -0.18 -0.51 -0.12 0.22 0.11 0.54 -0.13 0.31 0.28 -0.20 0.08  Rvol: 0.47 1.06 1.21 -0.33 -0.14 0.17 0.42 0.14 0.75 1.22 1.39 -0.28 -0.05 0.30 0.55 
Loss: 1.149805  SIA Ef: -0.272743 Binding: -0.21 -0.48 0.22 0.26 0.05 0.51 -0.14 0.35 0.12 -0.23 0.02  Rvol: 0.48 1.04 1.23 -0.33 -0.14 0.17 0.41 0.14 0.75 1.23 1.44 -0.28 -0.03 0.30 0.57 
Loss: 1.232422  SIA Ef: -0.159768 Binding: -0.20 -0.48 0.36 0.30 0.05 0.51 -0.17 0.36 0.08 -0.24 0.01  Rvol: 0.48 1.04 1.24 -0.33 -0.13 0.18 0.43 0.14 0.76 1.24 1.46 -0.28 -0.03 0.31 0.59 
Loss: 1.160706  SIA Ef: -0.281610 Binding: -0.19 -0.46 0.22 0.27 0.07 0.52 -0.15 0.35 0.13 -0.23 0.03  Rvol: 0.48 1.04 1.23 -0.33 -0.14 0.17 0.41 0.14 0.76 1.23 1.43 -0.28 -0.03 0.30 0.57 
Loss: 1.219216  SIA Ef: -0.342495 Binding: -0.23 -0.51 0.14 0.22 0.02 0.53 -0.10 0.38 0.16 -0.21 0.07  Rvol: 0.48 1.04 1.22 -0.33 -0.14 0.16 0.41 0.14 0.75 1.22 1.42 -0.28 -0.04 0.29 0.57 
Loss: 1.172001  SIA Ef: -0.282291 Binding: -0.21 -0.49 0.22 0.25 0.05 0.52 -0.15 0.35 0.12 -0.23 0.03  Rvol: 0.48 1.04 1.23 -0.33 -0.14 0.17 0.41 0.14 0.76 1.23 1.43 -0.28 -0.03 0.30 0.57 
Loss: 1.249591  SIA Ef: 0.120090 Binding: -0.27 -0.44 0.43 0.27 0.00 0.49 -0.10 0.38 0.03 -0.25 -0.03  Rvol: 0.50 1.05 1.28 -0.33 -0.14 0.17 0.43 0.14 0.77 1.26 1.50 -0.28 -0.03 0.31 0.61 
Loss: 1.146364  SIA Ef: -0.280096 Binding: -0.21 -0.47 0.22 0.26 0.05 0.51 -0.13 0.35 0.12 -0.23 0.02  Rvol: 0.48 1.04 1.23 -0.33 -0.14 0.17 0.41 0.14 0.75 1.23 1.43 -0.28 -0.03 0.30 0.57 
Loss: 1.333362  SIA Ef: -0.557528 Binding: -0.19 -0.48 0.21 0.25 0.05 0.51 -0.18 0.29 0.11 -0.26 -0.02  Rvol: 0.47 1.02 1.20 -0.33 -0.14 0.16 0.39 0.14 0.75 1.21 1.40 -0.28 -0.04 0.29 0.55 
Loss: 1.170765  SIA Ef: -0.318832 Binding: -0.19 -0.46 0.21 0.27 0.08 0.52 -0.14 0.34 0.13 -0.23 0.03  Rvol: 0.48 1.04 1.22 -0.33 -0.14 0.17 0.42 0.14 0.76 1.23 1.43 -0.28 -0.03 0.30 0.57 
Loss: 1.161105  SIA Ef: -0.226376 Binding: -0.20 -0.44 0.28 0.28 0.08 0.52 -0.13 0.37 0.11 -0.23 0.03  Rvol: 0.48 1.04 1.24 -0.33 -0.14 0.17 0.42 0.14 0.76 1.23 1.45 -0.28 -0.03 0.30 0.58 
Loss: 1.211081  SIA Ef: -0.338502 Binding: -0.18 -0.50 -0.10 0.22 0.12 0.54 -0.12 0.31 0.27 -0.21 0.07  Rvol: 0.47 1.06 1.21 -0.33 -0.14 0.17 0.42 0.14 0.75 1.22 1.40 -0.28 -0.05 0.30 0.56 
Loss: 1.133271  SIA Ef: -0.083194 Binding: -0.25 -0.45 0.32 0.26 0.03 0.50 -0.10 0.36 0.08 -0.24 -0.00  Rvol: 0.49 1.04 1.26 -0.33 -0.14 0.17 0.43 0.14 0.76 1.25 1.47 -0.28 -0.03 0.30 0.59 
Loss: 1.157742  SIA Ef: -0.052650 Binding: -0.24 -0.45 0.36 0.28 0.03 0.50 -0.12 0.36 0.06 -0.24 -0.01  Rvol: 0.49 1.04 1.26 -0.33 -0.14 0.17 0.43 0.14 0.76 1.25 1.48 -0.28 -0.03 0.31 0.59 
Loss: 1.179943  SIA Ef: -0.021130 Binding: -0.26 -0.46 0.35 0.26 0.01 0.50 -0.09 0.38 0.07 -0.24 0.01  Rvol: 0.49 1.04 1.27 -0.33 -0.14 0.17 0.43 0.14 0.76 1.25 1.48 -0.28 -0.03 0.31 0.60 
Loss: 1.186291  SIA Ef: -0.091245 Binding: -0.25 -0.45 0.39 0.27 0.01 0.50 -0.12 0.37 0.05 -0.24 -0.02  Rvol: 0.49 1.04 1.26 -0.33 -0.14 0.17 0.42 0.14 0.76 1.25 1.47 -0.28 -0.03 0.30 0.59 
Loss: 1.059704  SIA Ef: -0.117410 Binding: -0.24 -0.47 0.16 0.23 0.05 0.51 -0.10 0.34 0.13 -0.23 0.02  Rvol: 0.49 1.05 1.25 -0.33 -0.14 0.17 0.42 0.14 0.76 1.24 1.45 -0.28 -0.03 0.30 0.58 
Loss: 1.070411  SIA Ef: -0.098257 Binding: -0.24 -0.47 0.13 0.22 0.05 0.53 -0.07 0.37 0.15 -0.20 0.05  Rvol: 0.49 1.05 1.25 -0.33 -0.14 0.17 0.42 0.14 0.76 1.24 1.45 -0.28 -0.04 0.30 0.58 
Loss: 1.059480  SIA Ef: -0.106342 Binding: -0.23 -0.46 0.18 0.24 0.05 0.51 -0.10 0.35 0.13 -0.23 0.02  Rvol: 0.49 1.05 1.25 -0.33 -0.14 0.17 0.42 0.14 0.76 1.24 1.45 -0.28 -0.03 0.30 0.58 
Loss: 1.058562  SIA Ef: -0.088240 Binding: -0.23 -0.46 0.15 0.24 0.06 0.51 -0.10 0.35 0.14 -0.23 0.03  Rvol: 0.49 1.05 1.25 -0.33 -0.14 0.17 0.43 0.14 0.76 1.24 1.45 -0.28 -0.04 0.30 0.58 
Loss: 1.056805  SIA Ef: -0.090827 Binding: -0.23 -0.46 0.15 0.24 0.06 0.51 -0.10 0.35 0.14 -0.23 0.03  Rvol: 0.49 1.05 1.25 -0.33 -0.14 0.17 0.42 0.14 0.76 1.24 1.45 -0.28 -0.04 0.30 0.58 
Loss: 1.053806  SIA Ef: -0.088989 Binding: -0.22 -0.45 0.12 0.24 0.07 0.52 -0.12 0.35 0.15 -0.23 0.04  Rvol: 0.49 1.05 1.25 -0.33 -0.14 0.17 0.42 0.14 0.76 1.24 1.45 -0.28 -0.04 0.30 0.58 
Loss: 1.051185  SIA Ef: -0.109574 Binding: -0.21 -0.45 0.11 0.25 0.09 0.52 -0.12 0.34 0.16 -0.23 0.04  Rvol: 0.49 1.05 1.25 -0.33 -0.14 0.17 0.42 0.14 0.76 1.24 1.45 -0.28 -0.04 0.30 0.58 
Loss: 1.063499  SIA Ef: -0.092194 Binding: -0.20 -0.46 0.00 0.23 0.10 0.52 -0.12 0.34 0.20 -0.23 0.05  Rvol: 0.49 1.06 1.25 -0.33 -0.14 0.17 0.43 0.14 0.76 1.24 1.44 -0.28 -0.04 0.30 0.58 
Loss: 1.049848  SIA Ef: -0.012584 Binding: -0.22 -0.44 0.17 0.25 0.07 0.51 -0.11 0.35 0.13 -0.23 0.02  Rvol: 0.49 1.05 1.26 -0.33 -0.14 0.17 0.43 0.14 0.76 1.24 1.47 -0.28 -0.04 0.30 0.59 
Loss: 1.014851  SIA Ef: -0.103807 Binding: -0.22 -0.45 0.08 0.23 0.08 0.51 -0.12 0.32 0.16 -0.24 0.01  Rvol: 0.49 1.05 1.25 -0.33 -0.14 0.17 0.42 0.14 0.76 1.24 1.45 -0.28 -0.04 0.30 0.58 
Loss: 0.998251  SIA Ef: -0.083461 Binding: -0.21 -0.44 0.04 0.24 0.10 0.51 -0.14 0.30 0.17 -0.25 0.00  Rvol: 0.49 1.06 1.25 -0.33 -0.14 0.17 0.42 0.14 0.76 1.24 1.45 -0.28 -0.04 0.30 0.58 
Loss: 0.998959  SIA Ef: -0.090057 Binding: -0.20 -0.44 0.07 0.24 0.10 0.50 -0.16 0.29 0.15 -0.26 -0.02  Rvol: 0.49 1.06 1.25 -0.33 -0.14 0.17 0.42 0.14 0.76 1.24 1.45 -0.28 -0.04 0.30 0.58 
Loss: 0.995518  SIA Ef: -0.153524 Binding: -0.20 -0.44 -0.02 0.23 0.11 0.50 -0.15 0.27 0.19 -0.26 -0.01  Rvol: 0.49 1.06 1.24 -0.33 -0.14 0.16 0.42 0.14 0.75 1.23 1.43 -0.28 -0.05 0.29 0.57 
Loss: 0.989322  SIA Ef: -0.139498 Binding: -0.20 -0.43 -0.01 0.23 0.11 0.50 -0.15 0.27 0.18 -0.26 -0.01  Rvol: 0.49 1.06 1.24 -0.33 -0.14 0.17 0.42 0.14 0.75 1.23 1.44 -0.28 -0.05 0.30 0.57 
Loss: 0.979313  SIA Ef: 0.065208 Binding: -0.22 -0.40 0.13 0.25 0.09 0.49 -0.14 0.29 0.12 -0.27 -0.04  Rvol: 0.50 1.06 1.27 -0.33 -0.14 0.17 0.43 0.14 0.76 1.25 1.47 -0.28 -0.04 0.30 0.59 
Loss: 0.981943  SIA Ef: 0.074894 Binding: -0.22 -0.41 0.11 0.25 0.09 0.49 -0.14 0.29 0.13 -0.27 -0.03  Rvol: 0.50 1.06 1.27 -0.33 -0.14 0.17 0.43 0.14 0.76 1.25 1.47 -0.28 -0.04 0.30 0.59 
Loss: 0.975698  SIA Ef: 0.100750 Binding: -0.22 -0.41 0.03 0.23 0.10 0.49 -0.13 0.28 0.16 -0.27 -0.03  Rvol: 0.50 1.06 1.27 -0.33 -0.14 0.17 0.43 0.14 0.76 1.25 1.47 -0.28 -0.04 0.30 0.59 
Loss: 0.978379  SIA Ef: 0.103102 Binding: -0.22 -0.41 0.02 0.23 0.11 0.49 -0.13 0.28 0.16 -0.27 -0.03  Rvol: 0.50 1.07 1.27 -0.33 -0.14 0.17 0.43 0.14 0.76 1.25 1.47 -0.28 -0.04 0.30 0.59 
Loss: 0.977193  SIA Ef: 0.110712 Binding: -0.23 -0.42 0.05 0.23 0.09 0.49 -0.12 0.27 0.14 -0.27 -0.04  Rvol: 0.50 1.06 1.27 -0.33 -0.14 0.17 0.43 0.14 0.76 1.25 1.47 -0.28 -0.04 0.30 0.59 
Loss: 0.983107  SIA Ef: 0.121555 Binding: -0.23 -0.41 0.03 0.22 0.09 0.49 -0.12 0.28 0.15 -0.27 -0.03  Rvol: 0.50 1.06 1.27 -0.33 -0.14 0.17 0.43 0.14 0.76 1.25 1.47 -0.28 -0.04 0.30 0.59 
Loss: 0.993074  SIA Ef: 0.154449 Binding: -0.20 -0.38 0.05 0.26 0.14 0.49 -0.14 0.28 0.15 -0.27 -0.04  Rvol: 0.50 1.07 1.28 -0.33 -0.14 0.18 0.44 0.14 0.76 1.25 1.48 -0.28 -0.04 0.31 0.60 
Loss: 0.968910  SIA Ef: 0.100077 Binding: -0.24 -0.40 0.07 0.23 0.09 0.49 -0.11 0.30 0.14 -0.27 -0.03  Rvol: 0.50 1.06 1.27 -0.33 -0.15 0.17 0.43 0.14 0.76 1.25 1.48 -0.28 -0.04 0.30 0.59 
Loss: 0.947241  SIA Ef: 0.074583 Binding: -0.25 -0.41 0.03 0.21 0.08 0.48 -0.11 0.28 0.14 -0.27 -0.04  Rvol: 0.50 1.06 1.27 -0.33 -0.15 0.16 0.43 0.14 0.76 1.25 1.47 -0.28 -0.04 0.30 0.58 
Loss: 0.932074  SIA Ef: 0.083566 Binding: -0.25 -0.40 0.03 0.21 0.08 0.48 -0.10 0.26 0.13 -0.28 -0.06  Rvol: 0.50 1.06 1.27 -0.33 -0.15 0.16 0.43 0.14 0.76 1.25 1.47 -0.28 -0.04 0.29 0.58 
Loss: 0.964317  SIA Ef: 0.120281 Binding: -0.53 -0.15 0.05 0.19 0.05 0.47 0.17 0.25 0.12 -0.29 -0.08  Rvol: 0.50 0.89 1.28 -0.33 -0.15 0.16 0.42 0.14 0.76 1.25 1.48 -0.28 -0.05 0.29 0.58 
Loss: 0.935805  SIA Ef: 0.091513 Binding: -0.26 -0.40 0.00 0.20 0.08 0.49 -0.09 0.27 0.15 -0.27 -0.05  Rvol: 0.50 1.06 1.27 -0.33 -0.15 0.16 0.43 0.14 0.76 1.25 1.47 -0.28 -0.04 0.29 0.58 
Loss: 0.935246  SIA Ef: 0.091294 Binding: -0.25 -0.40 0.00 0.21 0.09 0.48 -0.11 0.25 0.15 -0.29 -0.06  Rvol: 0.50 1.06 1.27 -0.33 -0.15 0.16 0.43 0.14 0.76 1.25 1.47 -0.28 -0.04 0.30 0.58 
Loss: 0.971044  SIA Ef: 0.170289 Binding: -0.27 -0.39 0.09 0.22 0.07 0.48 -0.09 0.28 0.11 -0.28 -0.07  Rvol: 0.50 1.06 1.29 -0.33 -0.15 0.17 0.43 0.14 0.76 1.25 1.49 -0.28 -0.04 0.30 0.59 
Loss: 0.943611  SIA Ef: -0.126677 Binding: -0.23 -0.41 -0.10 0.20 0.11 0.49 -0.11 0.24 0.20 -0.27 -0.04  Rvol: 0.49 1.05 1.25 -0.33 -0.15 0.16 0.42 0.14 0.75 1.23 1.43 -0.28 -0.05 0.29 0.56 
Loss: 0.935477  SIA Ef: 0.099552 Binding: -0.25 -0.40 -0.01 0.20 0.09 0.48 -0.10 0.26 0.15 -0.28 -0.06  Rvol: 0.50 1.06 1.27 -0.33 -0.15 0.16 0.43 0.14 0.76 1.25 1.47 -0.28 -0.04 0.29 0.58 
Loss: 0.922525  SIA Ef: 0.062360 Binding: -0.25 -0.39 0.07 0.22 0.08 0.48 -0.12 0.26 0.12 -0.28 -0.07  Rvol: 0.50 1.05 1.27 -0.33 -0.15 0.16 0.42 0.14 0.76 1.24 1.47 -0.28 -0.04 0.29 0.58 
Loss: 0.922145  SIA Ef: 0.057570 Binding: -0.24 -0.39 0.06 0.22 0.09 0.48 -0.13 0.26 0.13 -0.28 -0.06  Rvol: 0.50 1.05 1.27 -0.33 -0.15 0.16 0.42 0.14 0.76 1.24 1.47 -0.28 -0.04 0.29 0.58 
Loss: 0.920826  SIA Ef: 0.055026 Binding: -0.22 -0.39 0.02 0.23 0.11 0.48 -0.15 0.24 0.14 -0.28 -0.07  Rvol: 0.50 1.06 1.27 -0.33 -0.15 0.16 0.43 0.14 0.76 1.24 1.46 -0.28 -0.04 0.29 0.58 
Loss: 0.921536  SIA Ef: 0.067558 Binding: -0.22 -0.37 0.06 0.24 0.12 0.48 -0.15 0.24 0.13 -0.29 -0.08  Rvol: 0.50 1.06 1.27 -0.33 -0.15 0.16 0.43 0.14 0.76 1.24 1.47 -0.28 -0.04 0.30 0.58 
Loss: 0.927793  SIA Ef: 0.014299 Binding: -0.21 -0.38 -0.09 0.22 0.14 0.49 -0.14 0.23 0.19 -0.27 -0.05  Rvol: 0.49 1.06 1.26 -0.33 -0.15 0.16 0.42 0.14 0.76 1.24 1.45 -0.28 -0.05 0.29 0.57 
Loss: 0.910822  SIA Ef: 0.037987 Binding: -0.23 -0.39 0.01 0.22 0.10 0.48 -0.14 0.23 0.14 -0.29 -0.08  Rvol: 0.50 1.05 1.27 -0.33 -0.15 0.16 0.42 0.14 0.76 1.24 1.46 -0.28 -0.05 0.29 0.58 
Loss: 0.908363  SIA Ef: 0.046682 Binding: -0.23 -0.39 0.01 0.22 0.10 0.48 -0.14 0.23 0.14 -0.29 -0.08  Rvol: 0.50 1.05 1.27 -0.33 -0.15 0.16 0.42 0.14 0.76 1.24 1.46 -0.28 -0.05 0.29 0.58 
Loss: 0.904758  SIA Ef: -0.059454 Binding: -0.23 -0.39 -0.04 0.22 0.11 0.48 -0.15 0.21 0.16 -0.29 -0.08  Rvol: 0.49 1.05 1.25 -0.33 -0.15 0.16 0.42 0.14 0.75 1.23 1.45 -0.28 -0.05 0.29 0.57 
Loss: 0.903160  SIA Ef: -0.058717 Binding: -0.23 -0.39 -0.04 0.21 0.11 0.48 -0.14 0.22 0.16 -0.29 -0.08  Rvol: 0.49 1.05 1.25 -0.33 -0.15 0.16 0.42 0.14 0.75 1.23 1.45 -0.28 -0.05 0.29 0.57 
Loss: 0.894729  SIA Ef: -0.075987 Binding: -0.23 -0.39 -0.02 0.21 0.10 0.48 -0.15 0.21 0.15 -0.29 -0.09  Rvol: 0.49 1.05 1.25 -0.33 -0.15 0.16 0.41 0.14 0.75 1.23 1.45 -0.28 -0.05 0.29 0.56 
Loss: 0.895511  SIA Ef: -0.111557 Binding: -0.24 -0.39 -0.06 0.20 0.10 0.48 -0.14 0.20 0.16 -0.29 -0.09  Rvol: 0.49 1.04 1.25 -0.33 -0.15 0.15 0.41 0.14 0.75 1.23 1.44 -0.28 -0.05 0.28 0.56 
Loss: 0.893536  SIA Ef: -0.079120 Binding: -0.23 -0.39 -0.01 0.21 0.10 0.48 -0.14 0.22 0.15 -0.29 -0.09  Rvol: 0.49 1.05 1.25 -0.33 -0.15 0.16 0.41 0.14 0.75 1.23 1.45 -0.28 -0.05 0.28 0.56 
Loss: 0.891610  SIA Ef: -0.082962 Binding: -0.24 -0.40 -0.02 0.20 0.08 0.48 -0.13 0.21 0.14 -0.29 -0.09  Rvol: 0.49 1.04 1.25 -0.33 -0.15 0.15 0.41 0.14 0.75 1.23 1.45 -0.28 -0.05 0.28 0.56 
Loss: 0.895506  SIA Ef: -0.098069 Binding: -0.24 -0.40 -0.01 0.20 0.08 0.48 -0.14 0.21 0.14 -0.29 -0.09  Rvol: 0.49 1.04 1.25 -0.33 -0.15 0.15 0.41 0.14 0.75 1.23 1.44 -0.28 -0.05 0.28 0.56 
Loss: 0.892207  SIA Ef: -0.084801 Binding: -0.24 -0.39 -0.02 0.20 0.09 0.48 -0.14 0.21 0.15 -0.29 -0.09  Rvol: 0.49 1.04 1.25 -0.33 -0.15 0.15 0.41 0.14 0.75 1.23 1.45 -0.28 -0.05 0.28 0.56 
Loss: 0.888351  SIA Ef: -0.078400 Binding: -0.24 -0.39 0.03 0.21 0.09 0.47 -0.15 0.21 0.12 -0.29 -0.10  Rvol: 0.49 1.05 1.25 -0.33 -0.15 0.15 0.41 0.14 0.75 1.23 1.45 -0.28 -0.05 0.28 0.56 
Loss: 0.888351  SIA Ef: -0.081295 Binding: -0.25 -0.39 0.07 0.21 0.07 0.47 -0.14 0.22 0.11 -0.29 -0.10  Rvol: 0.49 1.04 1.26 -0.33 -0.15 0.15 0.41 0.14 0.75 1.23 1.45 -0.28 -0.05 0.28 0.56 
Loss: 0.895670  SIA Ef: -0.130725 Binding: -0.24 -0.39 0.05 0.21 0.08 0.47 -0.14 0.22 0.12 -0.29 -0.10  Rvol: 0.49 1.04 1.25 -0.33 -0.15 0.15 0.41 0.14 0.75 1.23 1.45 -0.28 -0.05 0.28 0.56 
Loss: 0.900363  SIA Ef: -0.006808 Binding: -0.26 -0.38 0.14 0.22 0.06 0.47 -0.13 0.23 0.08 -0.30 -0.11  Rvol: 0.50 1.04 1.27 -0.33 -0.16 0.15 0.41 0.14 0.76 1.24 1.47 -0.28 -0.04 0.28 0.57 
Loss: 0.888993  SIA Ef: -0.085381 Binding: -0.25 -0.39 0.08 0.21 0.07 0.47 -0.14 0.22 0.10 -0.30 -0.11  Rvol: 0.49 1.04 1.26 -0.33 -0.15 0.15 0.41 0.14 0.75 1.23 1.45 -0.28 -0.04 0.28 0.56 
Loss: 0.881164  SIA Ef: -0.051109 Binding: -0.25 -0.38 0.06 0.22 0.08 0.47 -0.13 0.22 0.11 -0.29 -0.10  Rvol: 0.49 1.04 1.26 -0.33 -0.15 0.15 0.41 0.14 0.75 1.24 1.46 -0.28 -0.05 0.28 0.56 
Loss: 0.882596  SIA Ef: -0.051596 Binding: -0.24 -0.38 0.08 0.22 0.08 0.47 -0.14 0.22 0.10 -0.29 -0.11  Rvol: 0.49 1.04 1.26 -0.33 -0.15 0.15 0.41 0.14 0.75 1.24 1.46 -0.28 -0.04 0.28 0.56 
Loss: 0.885903  SIA Ef: -0.033282 Binding: -0.25 -0.38 0.08 0.22 0.08 0.47 -0.13 0.23 0.10 -0.29 -0.10  Rvol: 0.50 1.04 1.26 -0.33 -0.15 0.15 0.41 0.14 0.76 1.24 1.46 -0.28 -0.04 0.29 0.57 
Loss: 0.877802  SIA Ef: -0.051378 Binding: -0.24 -0.38 0.04 0.21 0.09 0.47 -0.14 0.21 0.11 -0.30 -0.11  Rvol: 0.49 1.04 1.26 -0.33 -0.15 0.15 0.41 0.14 0.75 1.24 1.46 -0.28 -0.05 0.28 0.56 
Loss: 0.878312  SIA Ef: -0.048813 Binding: -0.25 -0.38 0.05 0.21 0.08 0.47 -0.14 0.21 0.11 -0.30 -0.11  Rvol: 0.49 1.04 1.26 -0.33 -0.15 0.15 0.41 0.14 0.75 1.24 1.46 -0.28 -0.05 0.28 0.56 
Loss: 0.878717  SIA Ef: -0.044658 Binding: -0.23 -0.37 0.04 0.22 0.10 0.47 -0.15 0.21 0.12 -0.30 -0.11  Rvol: 0.49 1.05 1.26 -0.33 -0.15 0.15 0.41 0.14 0.75 1.24 1.46 -0.28 -0.05 0.28 0.57 
Loss: 0.879434  SIA Ef: -0.048237 Binding: -0.25 -0.39 0.02 0.21 0.08 0.47 -0.13 0.21 0.12 -0.30 -0.11  Rvol: 0.49 1.05 1.26 -0.33 -0.15 0.15 0.41 0.14 0.75 1.24 1.46 -0.28 -0.05 0.28 0.56 
Loss: 0.871250  SIA Ef: -0.064279 Binding: -0.24 -0.38 -0.00 0.21 0.10 0.47 -0.13 0.20 0.13 -0.30 -0.11  Rvol: 0.49 1.04 1.26 -0.33 -0.15 0.15 0.41 0.14 0.75 1.24 1.45 -0.28 -0.05 0.28 0.56 
Loss: 0.866982  SIA Ef: 0.008543 Binding: -0.26 -0.37 0.03 0.21 0.08 0.46 -0.12 0.21 0.11 -0.30 -0.12  Rvol: 0.50 1.05 1.27 -0.33 -0.16 0.15 0.41 0.14 0.76 1.24 1.46 -0.28 -0.05 0.28 0.57 
Loss: 0.858018  SIA Ef: -0.037378 Binding: -0.25 -0.37 -0.01 0.20 0.09 0.47 -0.12 0.20 0.13 -0.30 -0.11  Rvol: 0.50 1.04 1.26 -0.33 -0.16 0.15 0.41 0.14 0.75 1.24 1.46 -0.28 -0.05 0.28 0.56 
Loss: 0.853517  SIA Ef: -0.080012 Binding: -0.25 -0.37 -0.03 0.19 0.09 0.47 -0.12 0.20 0.13 -0.30 -0.12  Rvol: 0.49 1.04 1.26 -0.33 -0.16 0.15 0.41 0.14 0.75 1.23 1.45 -0.28 -0.05 0.28 0.55 
Loss: 0.857235  SIA Ef: -0.115280 Binding: -0.26 -0.36 -0.09 0.19 0.10 0.47 -0.11 0.19 0.16 -0.30 -0.11  Rvol: 0.49 1.04 1.25 -0.33 -0.16 0.15 0.41 0.14 0.75 1.23 1.44 -0.28 -0.05 0.27 0.55 
Loss: 0.854572  SIA Ef: -0.077126 Binding: -0.25 -0.37 -0.04 0.19 0.09 0.47 -0.11 0.20 0.14 -0.30 -0.11  Rvol: 0.49 1.04 1.26 -0.33 -0.16 0.15 0.41 0.14 0.75 1.24 1.45 -0.28 -0.05 0.28 0.55 
Loss: 0.885549  SIA Ef: -0.060582 Binding: -0.51 -0.10 -0.02 0.20 0.10 0.47 0.15 0.20 0.13 -0.30 -0.12  Rvol: 0.49 0.87 1.26 -0.33 -0.16 0.15 0.41 0.14 0.75 1.24 1.46 -0.28 -0.05 0.28 0.56 
Loss: 0.853173  SIA Ef: -0.064650 Binding: -0.25 -0.37 -0.03 0.19 0.09 0.46 -0.12 0.19 0.13 -0.31 -0.12  Rvol: 0.49 1.04 1.26 -0.33 -0.16 0.15 0.41 0.14 0.75 1.24 1.45 -0.28 -0.05 0.28 0.56 
Loss: 0.880157  SIA Ef: -0.002741 Binding: -0.52 -0.11 0.02 0.20 0.07 0.46 0.13 0.20 0.10 -0.31 -0.13  Rvol: 0.50 0.88 1.27 -0.33 -0.16 0.15 0.41 0.14 0.75 1.24 1.46 -0.28 -0.05 0.28 0.56 
Loss: 0.855171  SIA Ef: -0.067065 Binding: -0.26 -0.37 -0.03 0.19 0.08 0.46 -0.12 0.19 0.13 -0.31 -0.12  Rvol: 0.49 1.04 1.26 -0.33 -0.16 0.15 0.41 0.14 0.75 1.24 1.45 -0.28 -0.05 0.28 0.55 
Loss: 0.859623  SIA Ef: -0.070314 Binding: -0.26 -0.37 -0.08 0.18 0.09 0.47 -0.11 0.20 0.15 -0.30 -0.11  Rvol: 0.49 1.04 1.26 -0.33 -0.16 0.15 0.41 0.14 0.75 1.24 1.45 -0.28 -0.05 0.28 0.55 
Loss: 0.852646  SIA Ef: -0.063088 Binding: -0.26 -0.37 -0.02 0.19 0.09 0.46 -0.12 0.19 0.13 -0.31 -0.12  Rvol: 0.49 1.04 1.26 -0.33 -0.16 0.15 0.41 0.14 0.75 1.24 1.45 -0.28 -0.05 0.28 0.56 
Loss: 0.881280  SIA Ef: -0.078320 Binding: -0.52 -0.11 0.01 0.20 0.08 0.46 0.14 0.20 0.12 -0.31 -0.12  Rvol: 0.49 0.87 1.26 -0.33 -0.16 0.15 0.41 0.14 0.75 1.23 1.45 -0.28 -0.05 0.28 0.56 
Loss: 0.855963  SIA Ef: -0.097671 Binding: -0.25 -0.37 -0.02 0.19 0.09 0.46 -0.12 0.19 0.13 -0.31 -0.12  Rvol: 0.49 1.04 1.26 -0.33 -0.16 0.15 0.41 0.14 0.75 1.23 1.45 -0.28 -0.05 0.28 0.55 
Loss: 0.862610  SIA Ef: -0.105687 Binding: -0.25 -0.36 -0.07 0.19 0.10 0.46 -0.13 0.18 0.15 -0.31 -0.13  Rvol: 0.49 1.04 1.25 -0.33 -0.16 0.15 0.41 0.14 0.75 1.23 1.44 -0.28 -0.05 0.28 0.55 
Loss: 0.850380  SIA Ef: -0.056993 Binding: -0.25 -0.36 -0.02 0.20 0.09 0.46 -0.12 0.19 0.13 -0.31 -0.12  Rvol: 0.50 1.04 1.26 -0.33 -0.16 0.15 0.41 0.14 0.75 1.24 1.46 -0.28 -0.05 0.28 0.56 
Loss: 0.881826  SIA Ef: -0.060554 Binding: -0.52 -0.10 -0.02 0.19 0.09 0.46 0.14 0.19 0.13 -0.31 -0.13  Rvol: 0.50 0.87 1.26 -0.33 -0.16 0.15 0.41 0.14 0.75 1.24 1.46 -0.28 -0.05 0.28 0.56 
Loss: 0.852003  SIA Ef: -0.036962 Binding: -0.25 -0.36 -0.02 0.20 0.10 0.47 -0.12 0.20 0.13 -0.30 -0.12  Rvol: 0.50 1.04 1.26 -0.33 -0.16 0.15 0.41 0.14 0.75 1.24 1.46 -0.28 -0.05 0.28 0.56 
Loss: 0.881989  SIA Ef: -0.047059 Binding: -0.52 -0.10 -0.01 0.20 0.09 0.46 0.14 0.20 0.12 -0.31 -0.12  Rvol: 0.50 0.87 1.26 -0.33 -0.16 0.15 0.41 0.14 0.75 1.24 1.46 -0.28 -0.05 0.28 0.56 
Loss: 0.852623  SIA Ef: -0.085006 Binding: -0.25 -0.36 -0.04 0.20 0.10 0.47 -0.12 0.19 0.14 -0.30 -0.12  Rvol: 0.49 1.04 1.26 -0.33 -0.16 0.15 0.41 0.14 0.75 1.23 1.45 -0.28 -0.05 0.28 0.55 
Loss: 0.880192  SIA Ef: -0.054579 Binding: -0.51 -0.10 -0.01 0.20 0.09 0.46 0.14 0.19 0.12 -0.31 -0.13  Rvol: 0.50 0.87 1.26 -0.33 -0.16 0.15 0.41 0.14 0.75 1.24 1.46 -0.28 -0.05 0.28 0.56 
Loss: 0.852191  SIA Ef: -0.065588 Binding: -0.26 -0.36 -0.06 0.19 0.10 0.47 -0.11 0.19 0.14 -0.30 -0.12  Rvol: 0.49 1.04 1.26 -0.33 -0.16 0.15 0.41 0.14 0.75 1.24 1.45 -0.28 -0.05 0.28 0.55 
Loss: 0.881468  SIA Ef: -0.044501 Binding: -0.52 -0.10 -0.01 0.20 0.09 0.46 0.14 0.20 0.12 -0.30 -0.12  Rvol: 0.50 0.87 1.26 -0.33 -0.16 0.15 0.41 0.14 0.75 1.24 1.46 -0.28 -0.05 0.28 0.56 
Loss: 0.855095  SIA Ef: -0.068096 Binding: -0.25 -0.36 -0.04 0.19 0.10 0.47 -0.12 0.19 0.14 -0.31 -0.12  Rvol: 0.49 1.04 1.26 -0.33 -0.16 0.15 0.41 0.14 0.75 1.24 1.45 -0.28 -0.05 0.28 0.56 
Loss: 0.851335  SIA Ef: -0.066192 Binding: -0.25 -0.36 -0.03 0.20 0.10 0.46 -0.12 0.19 0.13 -0.31 -0.13  Rvol: 0.49 1.04 1.26 -0.33 -0.16 0.15 0.41 0.14 0.75 1.24 1.45 -0.28 -0.05 0.28 0.56 
Loss: 0.850130  SIA Ef: -0.054797 Binding: -0.25 -0.36 -0.02 0.20 0.09 0.46 -0.12 0.19 0.13 -0.31 -0.13  Rvol: 0.50 1.04 1.26 -0.33 -0.16 0.15 0.41 0.14 0.75 1.24 1.46 -0.28 -0.05 0.28 0.56 
Loss: 0.852738  SIA Ef: -0.060764 Binding: -0.25 -0.36 -0.03 0.19 0.10 0.46 -0.12 0.19 0.13 -0.31 -0.12  Rvol: 0.49 1.04 1.26 -0.33 -0.16 0.15 0.41 0.14 0.75 1.24 1.45 -0.28 -0.05 0.28 0.56 
Loss: 0.849751  SIA Ef: -0.054256 Binding: -0.25 -0.36 -0.02 0.20 0.09 0.46 -0.12 0.19 0.13 -0.31 -0.13  Rvol: 0.50 1.04 1.26 -0.33 -0.16 0.15 0.41 0.14 0.75 1.24 1.46 -0.28 -0.05 0.28 0.56 
Loss: 0.850744  SIA Ef: -0.063169 Binding: -0.25 -0.36 -0.03 0.20 0.10 0.46 -0.12 0.19 0.13 -0.31 -0.13  Rvol: 0.49 1.04 1.26 -0.33 -0.16 0.15 0.41 0.14 0.75 1.24 1.45 -0.28 -0.05 0.28 0.56 
Loss: 0.849248  SIA Ef: -0.045428 Binding: -0.25 -0.36 -0.02 0.20 0.09 0.46 -0.12 0.19 0.12 -0.31 -0.13  Rvol: 0.50 1.04 1.26 -0.33 -0.16 0.15 0.41 0.14 0.75 1.24 1.46 -0.28 -0.05 0.28 0.56 
Loss: 0.878776  SIA Ef: -0.028462 Binding: -0.51 -0.10 0.00 0.20 0.09 0.46 0.14 0.20 0.12 -0.31 -0.13  Rvol: 0.50 0.87 1.26 -0.33 -0.16 0.15 0.41 0.14 0.75 1.24 1.46 -0.28 -0.05 0.28 0.56 
Loss: 0.849270  SIA Ef: -0.045662 Binding: -0.25 -0.36 -0.02 0.20 0.09 0.46 -0.12 0.19 0.12 -0.31 -0.13  Rvol: 0.50 1.04 1.26 -0.33 -0.16 0.15 0.41 0.14 0.75 1.24 1.46 -0.28 -0.05 0.28 0.56 
Loss: 0.850200  SIA Ef: -0.049850 Binding: -0.25 -0.36 -0.03 0.20 0.10 0.46 -0.12 0.19 0.13 -0.30 -0.12  Rvol: 0.50 1.04 1.26 -0.33 -0.16 0.15 0.41 0.14 0.75 1.24 1.46 -0.28 -0.05 0.28 0.56 
Loss: 0.849245  SIA Ef: -0.053574 Binding: -0.25 -0.36 -0.02 0.20 0.10 0.46 -0.12 0.19 0.13 -0.31 -0.13  Rvol: 0.50 1.04 1.26 -0.33 -0.16 0.15 0.41 0.14 0.75 1.24 1.46 -0.28 -0.05 0.28 0.56 
Loss: 0.850509  SIA Ef: -0.058718 Binding: -0.25 -0.36 -0.03 0.20 0.10 0.46 -0.12 0.19 0.13 -0.31 -0.12  Rvol: 0.49 1.04 1.26 -0.33 -0.16 0.15 0.41 0.14 0.75 1.24 1.45 -0.28 -0.05 0.28 0.56 
Loss: 0.849469  SIA Ef: -0.049519 Binding: -0.25 -0.36 -0.02 0.20 0.09 0.46 -0.12 0.19 0.12 -0.31 -0.13  Rvol: 0.50 1.04 1.26 -0.33 -0.16 0.15 0.41 0.14 0.75 1.24 1.46 -0.28 -0.05 0.28 0.56 
Loss: 0.850787  SIA Ef: -0.071979 Binding: -0.25 -0.36 -0.03 0.19 0.10 0.46 -0.12 0.19 0.13 -0.31 -0.12  Rvol: 0.49 1.04 1.26 -0.33 -0.16 0.15 0.41 0.14 0.75 1.24 1.45 -0.28 -0.05 0.28 0.55 
Loss: 0.850800  SIA Ef: -0.056817 Binding: -0.25 -0.36 -0.03 0.20 0.10 0.46 -0.12 0.19 0.13 -0.31 -0.12  Rvol: 0.49 1.04 1.26 -0.33 -0.16 0.15 0.41 0.14 0.75 1.24 1.45 -0.28 -0.05 0.28 0.56 
Loss: 0.849165  SIA Ef: -0.054812 Binding: -0.25 -0.36 -0.02 0.20 0.09 0.46 -0.12 0.19 0.12 -0.31 -0.13  Rvol: 0.50 1.04 1.26 -0.33 -0.16 0.15 0.41 0.14 0.75 1.24 1.46 -0.28 -0.05 0.28 0.56 
Loss: 0.849946  SIA Ef: -0.058612 Binding: -0.25 -0.36 -0.02 0.20 0.10 0.46 -0.12 0.19 0.13 -0.31 -0.13  Rvol: 0.49 1.04 1.26 -0.33 -0.16 0.15 0.41 0.14 0.75 1.24 1.45 -0.28 -0.05 0.28 0.56 
Loss: 0.879203  SIA Ef: -0.045926 Binding: -0.51 -0.10 -0.01 0.20 0.09 0.46 0.14 0.19 0.12 -0.31 -0.13  Rvol: 0.50 0.87 1.26 -0.33 -0.16 0.15 0.41 0.14 0.75 1.24 1.46 -0.28 -0.05 0.28 0.56 
Loss: 0.849510  SIA Ef: -0.056229 Binding: -0.25 -0.36 -0.02 0.20 0.10 0.46 -0.12 0.19 0.13 -0.31 -0.13  Rvol: 0.50 1.04 1.26 -0.33 -0.16 0.15 0.41 0.14 0.75 1.24 1.46 -0.28 -0.05 0.28 0.56 
Loss: 0.849156  SIA Ef: -0.054636 Binding: -0.25 -0.36 -0.02 0.20 0.10 0.46 -0.12 0.19 0.12 -0.31 -0.13  Rvol: 0.50 1.04 1.26 -0.33 -0.16 0.15 0.41 0.14 0.75 1.24 1.46 -0.28 -0.05 0.28 0.56 
Loss: 0.849570  SIA Ef: -0.059420 Binding: -0.25 -0.36 -0.02 0.20 0.10 0.46 -0.12 0.19 0.13 -0.31 -0.13  Rvol: 0.49 1.04 1.26 -0.33 -0.16 0.15 0.41 0.14 0.75 1.24 1.45 -0.28 -0.05 0.28 0.56 
Loss: 0.849146  SIA Ef: -0.054085 Binding: -0.25 -0.36 -0.02 0.20 0.09 0.46 -0.12 0.19 0.12 -0.31 -0.13  Rvol: 0.50 1.04 1.26 -0.33 -0.16 0.15 0.41 0.14 0.75 1.24 1.46 -0.28 -0.05 0.28 0.56 
Loss: 0.849445  SIA Ef: -0.055684 Binding: -0.25 -0.36 -0.02 0.20 0.09 0.46 -0.12 0.19 0.13 -0.31 -0.13  Rvol: 0.50 1.04 1.26 -0.33 -0.16 0.15 0.41 0.14 0.75 1.24 1.46 -0.28 -0.05 0.28 0.56 
Loss: 0.849162  SIA Ef: -0.055398 Binding: -0.25 -0.36 -0.02 0.20 0.09 0.46 -0.12 0.19 0.13 -0.31 -0.13  Rvol: 0.50 1.04 1.26 -0.33 -0.16 0.15 0.41 0.14 0.75 1.24 1.46 -0.28 -0.05 0.28 0.56 
Loss: 0.849267  SIA Ef: -0.051852 Binding: -0.25 -0.36 -0.02 0.20 0.09 0.46 -0.12 0.19 0.12 -0.31 -0.13  Rvol: 0.50 1.04 1.26 -0.33 -0.16 0.15 0.41 0.14 0.75 1.24 1.46 -0.28 -0.05 0.28 0.56 
Loss: 0.849535  SIA Ef: -0.054991 Binding: -0.25 -0.36 -0.02 0.20 0.10 0.46 -0.12 0.19 0.13 -0.31 -0.13  Rvol: 0.50 1.04 1.26 -0.33 -0.16 0.15 0.41 0.14 0.75 1.24 1.46 -0.28 -0.05 0.28 0.56 
Loss: 0.880183  SIA Ef: -0.049546 Binding: -0.51 -0.10 -0.01 0.20 0.09 0.46 0.14 0.19 0.12 -0.31 -0.13  Rvol: 0.50 0.87 1.26 -0.33 -0.16 0.15 0.41 0.14 0.75 1.24 1.46 -0.28 -0.05 0.28 0.56 
Loss: 0.849133  SIA Ef: -0.054542 Binding: -0.25 -0.36 -0.02 0.20 0.10 0.46 -0.12 0.19 0.13 -0.31 -0.13  Rvol: 0.50 1.04 1.26 -0.33 -0.16 0.15 0.41 0.14 0.75 1.24 1.46 -0.28 -0.05 0.28 0.56 
Loss: 0.850017  SIA Ef: -0.056982 Binding: -0.25 -0.36 -0.02 0.20 0.10 0.46 -0.12 0.19 0.13 -0.31 -0.13  Rvol: 0.49 1.04 1.26 -0.33 -0.16 0.15 0.41 0.14 0.75 1.24 1.46 -0.28 -0.05 0.28 0.56 
Loss: 0.849236  SIA Ef: -0.054370 Binding: -0.25 -0.36 -0.02 0.20 0.10 0.46 -0.12 0.19 0.13 -0.31 -0.13  Rvol: 0.50 1.04 1.26 -0.33 -0.16 0.15 0.41 0.14 0.75 1.24 1.46 -0.28 -0.05 0.28 0.56 
Loss: 0.849447  SIA Ef: -0.057218 Binding: -0.25 -0.36 -0.02 0.20 0.10 0.46 -0.12 0.19 0.13 -0.31 -0.13  Rvol: 0.50 1.04 1.26 -0.33 -0.16 0.15 0.41 0.14 0.75 1.24 1.46 -0.28 -0.05 0.28 0.56 
Loss: 0.849330  SIA Ef: -0.056937 Binding: -0.25 -0.36 -0.02 0.20 0.10 0.46 -0.12 0.19 0.13 -0.31 -0.13  Rvol: 0.50 1.04 1.26 -0.33 -0.16 0.15 0.41 0.14 0.75 1.24 1.46 -0.28 -0.05 0.28 0.56 
Loss: 0.849141  SIA Ef: -0.054926 Binding: -0.25 -0.36 -0.02 0.20 0.09 0.46 -0.12 0.19 0.12 -0.31 -0.13  Rvol: 0.50 1.04 1.26 -0.33 -0.16 0.15 0.41 0.14 0.75 1.24 1.46 -0.28 -0.05 0.28 0.56 
Loss: 0.849277  SIA Ef: -0.054782 Binding: -0.25 -0.36 -0.02 0.20 0.09 0.46 -0.12 0.19 0.13 -0.31 -0.13  Rvol: 0.50 1.04 1.26 -0.33 -0.16 0.15 0.41 0.14 0.75 1.24 1.46 -0.28 -0.05 0.28 0.56 
Loss: 0.849104  SIA Ef: -0.055259 Binding: -0.25 -0.36 -0.02 0.20 0.10 0.46 -0.12 0.19 0.13 -0.31 -0.13  Rvol: 0.50 1.04 1.26 -0.33 -0.16 0.15 0.41 0.14 0.75 1.24 1.46 -0.28 -0.05 0.28 0.56 
Loss: 0.880500  SIA Ef: -0.053039 Binding: -0.51 -0.10 -0.02 0.20 0.09 0.46 0.14 0.19 0.12 -0.31 -0.13  Rvol: 0.50 0.87 1.26 -0.33 -0.16 0.15 0.41 0.14 0.75 1.24 1.46 -0.28 -0.05 0.28 0.56 
Loss: 0.849285  SIA Ef: -0.055772 Binding: -0.25 -0.36 -0.02 0.20 0.10 0.46 -0.12 0.19 0.13 -0.31 -0.13  Rvol: 0.50 1.04 1.26 -0.33 -0.16 0.15 0.41 0.14 0.75 1.24 1.46 -0.28 -0.05 0.28 0.56 
Loss: 0.849109  SIA Ef: -0.055238 Binding: -0.25 -0.36 -0.02 0.20 0.10 0.46 -0.12 0.19 0.13 -0.31 -0.13  Rvol: 0.50 1.04 1.26 -0.33 -0.16 0.15 0.41 0.14 0.75 1.24 1.46 -0.28 -0.05 0.28 0.56 
Loss: 0.849172  SIA Ef: -0.055813 Binding: -0.25 -0.36 -0.02 0.20 0.10 0.46 -0.12 0.19 0.13 -0.31 -0.13  Rvol: 0.50 1.04 1.26 -0.33 -0.16 0.15 0.41 0.14 0.75 1.24 1.46 -0.28 -0.05 0.28 0.56 
Loss: 0.849106  SIA Ef: -0.055159 Binding: -0.25 -0.36 -0.02 0.20 0.10 0.46 -0.12 0.19 0.13 -0.31 -0.13  Rvol: 0.50 1.04 1.26 -0.33 -0.16 0.15 0.41 0.14 0.75 1.24 1.46 -0.28 -0.05 0.28 0.56 
Loss: 0.849190  SIA Ef: -0.056257 Binding: -0.25 -0.36 -0.02 0.20 0.10 0.46 -0.12 0.19 0.13 -0.31 -0.13  Rvol: 0.50 1.04 1.26 -0.33 -0.16 0.15 0.41 0.14 0.75 1.24 1.46 -0.28 -0.05 0.28 0.56 
Loss: 0.849105  SIA Ef: -0.055240 Binding: -0.25 -0.36 -0.02 0.20 0.10 0.46 -0.12 0.19 0.13 -0.31 -0.13  Rvol: 0.50 1.04 1.26 -0.33 -0.16 0.15 0.41 0.14 0.75 1.24 1.46 -0.28 -0.05 0.28 0.56 
Loss: 0.849151  SIA Ef: -0.055194 Binding: -0.25 -0.36 -0.02 0.20 0.10 0.46 -0.12 0.19 0.13 -0.31 -0.13  Rvol: 0.50 1.04 1.26 -0.33 -0.16 0.15 0.41 0.14 0.75 1.24 1.46 -0.28 -0.05 0.28 0.56 
Loss: 0.849138  SIA Ef: -0.055311 Binding: -0.25 -0.36 -0.02 0.20 0.10 0.46 -0.12 0.19 0.13 -0.31 -0.13  Rvol: 0.50 1.04 1.26 -0.33 -0.16 0.15 0.41 0.14 0.75 1.24 1.46 -0.28 -0.05 0.28 0.56 
Loss: 0.848892  SIA Ef: -0.054347 Binding: -0.25 -0.36 -0.02 0.20 0.10 0.46 -0.12 0.19 0.12 -0.31 -0.13  Rvol: 0.50 1.04 1.26 -0.33 -0.16 0.15 0.41 0.14 0.75 1.24 1.46 -0.28 -0.05 0.28 0.56 
Loss: 0.848683  SIA Ef: -0.053415 Binding: -0.25 -0.36 -0.02 0.20 0.09 0.46 -0.12 0.19 0.12 -0.31 -0.13  Rvol: 0.50 1.04 1.26 -0.33 -0.16 0.15 0.41 0.14 0.75 1.24 1.46 -0.28 -0.05 0.28 0.56 
Loss: 0.880390  SIA Ef: -0.052508 Binding: -0.51 -0.10 -0.02 0.20 0.09 0.46 0.14 0.19 0.12 -0.31 -0.13  Rvol: 0.50 0.87 1.26 -0.33 -0.16 0.15 0.41 0.14 0.75 1.24 1.46 -0.28 -0.05 0.28 0.56 
Loss: 0.848677  SIA Ef: -0.053263 Binding: -0.25 -0.36 -0.02 0.20 0.09 0.46 -0.12 0.19 0.12 -0.31 -0.13  Rvol: 0.50 1.04 1.26 -0.33 -0.16 0.15 0.41 0.14 0.75 1.24 1.46 -0.28 -0.05 0.28 0.56 
Loss: 0.848650  SIA Ef: -0.053115 Binding: -0.25 -0.36 -0.02 0.20 0.09 0.46 -0.12 0.19 0.12 -0.31 -0.13  Rvol: 0.50 1.04 1.26 -0.33 -0.16 0.15 0.41 0.14 0.75 1.24 1.46 -0.28 -0.05 0.28 0.56 
Loss: 0.880632  SIA Ef: -0.053214 Binding: -0.51 -0.10 -0.02 0.20 0.09 0.46 0.14 0.19 0.12 -0.31 -0.13  Rvol: 0.50 0.87 1.26 -0.33 -0.16 0.15 0.41 0.14 0.75 1.24 1.46 -0.28 -0.05 0.28 0.56 
Loss: 0.848658  SIA Ef: -0.053941 Binding: -0.25 -0.36 -0.02 0.20 0.09 0.46 -0.12 0.19 0.12 -0.31 -0.13  Rvol: 0.50 1.04 1.26 -0.33 -0.16 0.15 0.41 0.14 0.75 1.24 1.46 -0.28 -0.05 0.28 0.56 
Loss: 0.880586  SIA Ef: -0.052910 Binding: -0.51 -0.10 -0.02 0.20 0.09 0.46 0.14 0.19 0.12 -0.31 -0.13  Rvol: 0.50 0.87 1.26 -0.33 -0.16 0.15 0.41 0.14 0.75 1.24 1.46 -0.28 -0.05 0.28 0.56 
Loss: 0.880605  SIA Ef: -0.052679 Binding: -0.51 -0.10 -0.02 0.20 0.09 0.46 0.14 0.19 0.12 -0.31 -0.13  Rvol: 0.50 0.87 1.26 -0.33 -0.16 0.15 0.41 0.14 0.75 1.24 1.46 -0.28 -0.05 0.28 0.56 
Loss: 0.880594  SIA Ef: -0.053082 Binding: -0.51 -0.10 -0.02 0.20 0.09 0.46 0.14 0.19 0.12 -0.31 -0.13  Rvol: 0.50 0.87 1.26 -0.33 -0.16 0.15 0.41 0.14 0.75 1.24 1.46 -0.28 -0.05 0.28 0.56 
Loss: 0.848668  SIA Ef: -0.053317 Binding: -0.25 -0.36 -0.02 0.20 0.09 0.46 -0.12 0.19 0.12 -0.31 -0.13  Rvol: 0.50 1.04 1.26 -0.33 -0.16 0.15 0.41 0.14 0.75 1.24 1.46 -0.28 -0.05 0.28 0.56 
Loss: 0.848649  SIA Ef: -0.053054 Binding: -0.25 -0.36 -0.02 0.20 0.09 0.46 -0.12 0.19 0.12 -0.31 -0.13  Rvol: 0.50 1.04 1.26 -0.33 -0.16 0.15 0.41 0.14 0.75 1.24 1.46 -0.28 -0.05 0.28 0.56 
Loss: 0.848697  SIA Ef: -0.053491 Binding: -0.25 -0.36 -0.02 0.20 0.10 0.46 -0.12 0.19 0.12 -0.31 -0.13  Rvol: 0.50 1.04 1.26 -0.33 -0.16 0.15 0.41 0.14 0.75 1.24 1.46 -0.28 -0.05 0.28 0.56 
Loss: 0.880512  SIA Ef: -0.052638 Binding: -0.51 -0.10 -0.02 0.20 0.09 0.46 0.14 0.19 0.12 -0.31 -0.13  Rvol: 0.50 0.87 1.26 -0.33 -0.16 0.15 0.41 0.14 0.75 1.24 1.46 -0.28 -0.05 0.28 0.56 
Loss: 0.848771  SIA Ef: -0.053779 Binding: -0.25 -0.36 -0.02 0.20 0.09 0.46 -0.12 0.19 0.12 -0.31 -0.13  Rvol: 0.50 1.04 1.26 -0.33 -0.16 0.15 0.41 0.14 0.75 1.24 1.46 -0.28 -0.05 0.28 0.56 
