Start Optimization 
Loss: 3.824480  SIA Ef: 0.520819 Binding: -0.23 0.62 -0.92 0.30 0.69 0.06 0.17 -0.20 0.17 -1.14 -0.38  Rvol: 0.54 0.91 1.35 -0.33 -0.21 0.08 0.38 0.14 0.76 1.40 1.59 -0.28 0.00 0.27 0.73 
Loss: 3.909325  SIA Ef: 0.580895 Binding: -0.22 0.63 -0.91 0.31 0.70 0.05 0.17 -0.18 0.17 -1.16 -0.34  Rvol: 0.54 0.92 1.36 -0.33 -0.21 0.09 0.38 0.14 0.76 1.41 1.62 -0.28 0.01 0.27 0.75 
Loss: 65.691839  SIA Ef: 5.278581 Binding: 1.09 2.35 3.50 2.56 2.43 0.05 -1.14 0.02 -0.87 -1.30 -0.09  Rvol: 0.73 1.44 2.13 -0.33 0.07 0.53 0.97 0.14 1.01 1.73 2.39 -0.28 0.20 0.70 1.27 
Loss: 73.547520  SIA Ef: 0.856841 Binding: 1.25 1.42 -5.67 2.53 2.37 0.73 -0.37 1.04 4.56 0.13 0.13  Rvol: 0.57 1.27 1.98 -0.33 -0.03 0.64 1.17 0.14 0.83 1.50 2.05 -0.28 0.27 0.83 1.39 
Loss: 238.804535  SIA Ef: 12.727900 Binding: 2.14 1.32 7.11 2.42 1.20 0.53 0.78 -0.45 -1.20 -1.81 -0.93  Rvol: 1.29 2.08 2.95 -0.33 -0.18 0.07 0.58 0.14 1.37 2.55 3.35 -0.28 -0.00 0.32 0.89 
Loss: 6.569475  SIA Ef: 0.520819 Binding: -0.23 0.62 -0.92 0.30 0.69 0.12 1.62 1.07 0.29 -0.58 0.32  Rvol: 0.54 0.91 1.35 -0.33 -0.21 0.08 0.38 0.14 0.71 1.32 1.62 -0.28 0.11 0.26 0.62 
Loss: 14.238360  SIA Ef: 0.520819 Binding: -0.23 0.62 -0.92 0.30 0.69 -0.19 -0.70 -2.14 -0.41 -1.52 -2.09  Rvol: 0.54 0.91 1.35 -0.33 -0.21 0.08 0.38 0.14 0.75 1.31 1.50 -0.28 -0.10 0.18 0.46 
Loss: 3.796185  SIA Ef: 0.520819 Binding: -0.23 0.62 -0.92 0.30 0.69 0.18 0.40 -0.31 0.26 -0.90 -0.60  Rvol: 0.54 0.91 1.35 -0.33 -0.21 0.08 0.38 0.14 0.76 1.40 1.56 -0.28 -0.02 0.27 0.61 
Loss: 4.080082  SIA Ef: 0.520819 Binding: 0.54 0.45 -0.92 -0.46 -0.17 0.18 -0.07 0.97 0.26 -0.71 -0.31  Rvol: 0.54 1.14 1.60 -0.33 -0.21 0.15 0.61 0.14 0.76 1.38 1.87 -0.28 -0.02 0.34 0.79 
Loss: 4.826927  SIA Ef: 0.520819 Binding: 0.03 0.16 -0.92 0.25 0.41 0.18 -1.05 -0.73 0.26 -0.94 -0.83  Rvol: 0.54 1.07 1.29 -0.33 -0.21 0.07 0.32 0.14 0.76 1.12 1.49 -0.28 -0.02 0.25 0.53 
Loss: 4.187083  SIA Ef: 0.520819 Binding: -0.16 0.79 -0.92 0.36 0.87 0.18 -0.31 -0.21 0.26 -0.88 -0.59  Rvol: 0.54 0.92 1.37 -0.33 -0.21 0.09 0.40 0.14 0.76 1.30 1.57 -0.28 -0.02 0.28 0.62 
Loss: 254.183619  SIA Ef: -14.655662 Binding: -0.08 -0.07 -4.48 1.32 -0.04 0.16 -1.39 -0.28 3.07 -1.15 0.68  Rvol: -0.09 -0.17 -0.48 -0.33 -0.35 -0.54 -0.32 0.14 0.30 0.09 -0.55 -0.28 -0.27 -0.51 -0.24 
Loss: 82.709119  SIA Ef: -0.099403 Binding: -0.36 2.05 -6.24 2.85 2.02 0.55 0.99 0.35 4.98 -0.19 0.17  Rvol: 0.45 0.84 1.64 -0.33 -0.19 0.35 0.88 0.14 0.75 1.36 1.82 -0.28 0.11 0.54 0.96 
Loss: 3.769450  SIA Ef: 0.507512 Binding: -0.23 0.62 -0.92 0.29 0.68 0.18 0.41 -0.31 0.26 -0.90 -0.59  Rvol: 0.54 0.91 1.35 -0.33 -0.21 0.08 0.38 0.14 0.76 1.39 1.55 -0.28 -0.02 0.27 0.61 
Loss: 14.281160  SIA Ef: 2.123468 Binding: 0.51 1.03 1.07 1.30 1.49 0.16 -0.99 -0.20 -0.48 -0.99 -0.69  Rvol: 0.58 1.18 1.50 -0.33 -0.08 0.29 0.61 0.14 0.88 1.28 1.81 -0.28 0.06 0.47 0.86 
Loss: 3.343706  SIA Ef: 0.546674 Binding: -0.23 0.61 -0.89 0.29 0.68 0.33 0.66 -0.06 0.33 -0.59 -0.32  Rvol: 0.54 0.92 1.36 -0.33 -0.21 0.08 0.38 0.14 0.76 1.39 1.55 -0.28 -0.05 0.25 0.58 
Loss: 67.292134  SIA Ef: 6.128036 Binding: 0.60 0.69 4.55 1.51 0.70 -0.20 -0.83 0.43 -0.82 -0.96 -0.81  Rvol: 0.93 1.63 2.22 -0.33 -0.22 0.03 0.45 0.14 1.11 1.77 2.50 -0.28 -0.05 0.27 0.67 
Loss: 4.135431  SIA Ef: 0.400450 Binding: -0.23 0.62 -0.96 0.29 0.69 0.47 0.97 0.50 0.57 -0.33 0.25  Rvol: 0.53 0.90 1.34 -0.33 -0.21 0.08 0.37 0.14 0.75 1.39 1.54 -0.28 -0.03 0.27 0.59 
Loss: 34.245971  SIA Ef: -5.387946 Binding: 0.38 0.35 -1.40 0.33 0.99 0.40 -0.30 -0.50 0.83 -0.64 -0.24  Rvol: 0.27 0.75 0.67 -0.33 -0.26 -0.10 -0.00 0.14 0.57 0.98 0.74 -0.28 -0.18 0.04 0.12 
Loss: 3.354733  SIA Ef: 0.546654 Binding: -0.23 0.61 -0.89 0.29 0.68 0.36 0.72 0.03 0.36 -0.54 -0.22  Rvol: 0.54 0.92 1.36 -0.33 -0.21 0.08 0.38 0.14 0.76 1.39 1.55 -0.28 -0.05 0.25 0.59 
Loss: 43.356272  SIA Ef: -1.949503 Binding: -0.38 1.93 -4.37 0.78 2.06 0.69 1.15 0.11 3.03 0.01 0.38  Rvol: 0.38 0.71 1.50 -0.33 -0.08 0.23 0.74 0.14 0.69 1.22 1.63 -0.28 0.06 0.37 0.79 
Loss: 4.273233  SIA Ef: 0.553349 Binding: 0.19 0.84 -0.88 0.53 1.09 0.33 -0.02 -0.15 0.33 -0.60 -0.38  Rvol: 0.54 1.08 1.34 -0.33 -0.21 0.08 0.37 0.14 0.76 1.39 1.53 -0.28 -0.05 0.25 0.56 
Loss: 62.660911  SIA Ef: 6.098420 Binding: 0.48 0.51 4.18 1.31 0.51 -0.32 -0.97 0.44 -0.80 -0.94 -0.82  Rvol: 0.92 1.61 2.17 -0.33 -0.23 0.02 0.44 0.14 1.05 1.76 2.51 -0.28 -0.06 0.27 0.67 
Loss: 4.357620  SIA Ef: 0.587613 Binding: -0.16 1.00 -0.84 0.36 0.87 0.33 0.75 -0.03 0.31 -0.57 -0.24  Rvol: 0.54 0.92 1.47 -0.33 -0.21 0.10 0.41 0.14 0.76 1.38 1.64 -0.28 -0.04 0.26 0.63 
Loss: 13.189628  SIA Ef: 2.212295 Binding: 0.49 1.02 1.09 1.29 1.48 0.30 -0.68 0.10 -0.31 -0.67 -0.43  Rvol: 0.58 1.18 1.51 -0.33 -0.08 0.29 0.62 0.14 0.88 1.28 1.80 -0.28 0.05 0.46 0.83 
Loss: 3.648657  SIA Ef: 0.555749 Binding: -0.24 0.58 -0.88 0.28 0.63 0.33 0.92 -0.09 0.32 -0.60 -0.33  Rvol: 0.54 0.92 1.35 -0.33 -0.21 0.08 0.37 0.14 0.76 1.39 1.54 -0.28 -0.05 0.25 0.58 
Loss: 62.863231  SIA Ef: 6.107872 Binding: 0.49 0.52 4.19 1.32 0.52 -0.32 -0.94 0.45 -0.80 -0.94 -0.83  Rvol: 0.92 1.61 2.17 -0.33 -0.23 0.02 0.44 0.14 1.05 1.76 2.52 -0.28 -0.06 0.27 0.67 
Loss: 17.511686  SIA Ef: 3.423081 Binding: -0.04 -0.02 1.67 0.63 0.15 0.05 -0.52 0.46 -0.59 -0.73 -0.54  Rvol: 0.73 1.27 1.83 -0.33 -0.23 0.07 0.44 0.14 0.92 1.62 2.12 -0.28 -0.07 0.28 0.66 
Loss: 3.303961  SIA Ef: -0.756023 Binding: -0.21 0.63 -0.78 0.31 0.69 0.33 0.56 -0.15 0.29 -0.62 -0.37  Rvol: 0.48 0.82 1.20 -0.33 -0.23 0.04 0.28 0.14 0.72 1.30 1.38 -0.28 -0.08 0.20 0.47 
Loss: 4.620195  SIA Ef: -1.017282 Binding: -0.26 0.58 -1.19 0.20 0.65 0.35 0.64 -0.16 0.51 -0.60 -0.29  Rvol: 0.47 0.79 1.19 -0.33 -0.24 0.01 0.26 0.14 0.70 1.27 1.35 -0.28 -0.08 0.17 0.45 
Loss: 9.607412  SIA Ef: -1.663853 Binding: 0.20 0.42 -1.85 0.37 1.04 0.42 0.19 -0.29 1.15 -0.53 0.01  Rvol: 0.41 0.98 1.06 -0.33 -0.20 0.04 0.27 0.14 0.68 1.20 1.18 -0.28 -0.07 0.19 0.46 
Loss: 3.300867  SIA Ef: -0.757952 Binding: -0.21 0.62 -0.78 0.31 0.69 0.33 0.56 -0.15 0.29 -0.62 -0.37  Rvol: 0.48 0.82 1.20 -0.33 -0.23 0.04 0.28 0.14 0.72 1.30 1.38 -0.28 -0.08 0.20 0.47 
Loss: 2.752746  SIA Ef: 0.439145 Binding: -0.15 0.41 0.80 0.56 0.45 0.19 0.09 0.09 -0.40 -0.71 -0.58  Rvol: 0.57 0.98 1.38 -0.33 -0.24 0.03 0.31 0.14 0.78 1.39 1.65 -0.28 -0.08 0.22 0.52 
Loss: 2.614886  SIA Ef: 0.409578 Binding: -0.16 0.40 0.74 0.55 0.44 0.20 -0.18 0.06 -0.38 -0.71 -0.58  Rvol: 0.56 0.98 1.37 -0.33 -0.24 0.03 0.30 0.14 0.78 1.35 1.64 -0.28 -0.08 0.21 0.51 
Loss: 4.688912  SIA Ef: 0.730982 Binding: -0.04 0.51 1.31 0.81 0.39 0.18 -0.47 0.12 -0.46 -0.73 -0.35  Rvol: 0.57 1.02 1.40 -0.33 -0.21 0.07 0.37 0.14 0.81 1.24 1.71 -0.28 -0.06 0.25 0.57 
Loss: 2.365161  SIA Ef: 0.378706 Binding: -0.24 0.28 0.67 0.46 0.31 0.20 0.42 0.07 -0.37 -0.70 -0.58  Rvol: 0.56 0.97 1.37 -0.33 -0.24 0.03 0.30 0.14 0.77 1.43 1.63 -0.28 -0.08 0.21 0.51 
Loss: 2.468270  SIA Ef: 0.485359 Binding: -0.33 0.02 0.69 0.31 0.02 0.16 0.52 0.11 -0.42 -0.71 -0.62  Rvol: 0.58 1.00 1.42 -0.33 -0.27 -0.01 0.26 0.14 0.77 1.45 1.67 -0.28 -0.11 0.17 0.47 
Loss: 2.182790  SIA Ef: 0.370100 Binding: -0.24 0.28 0.66 0.46 0.31 0.25 0.51 0.20 -0.32 -0.60 -0.44  Rvol: 0.56 0.97 1.37 -0.33 -0.24 0.03 0.30 0.14 0.77 1.43 1.63 -0.28 -0.08 0.21 0.51 
Loss: 2.458784  SIA Ef: 0.386219 Binding: -0.25 0.22 0.77 0.45 0.25 0.27 0.62 0.39 -0.36 -0.59 -0.31  Rvol: 0.57 0.98 1.38 -0.33 -0.25 0.02 0.29 0.14 0.78 1.44 1.66 -0.28 -0.08 0.22 0.51 
Loss: 2.189284  SIA Ef: 0.370180 Binding: -0.24 0.28 0.66 0.46 0.31 0.24 0.49 0.18 -0.32 -0.61 -0.46  Rvol: 0.56 0.97 1.37 -0.33 -0.24 0.03 0.30 0.14 0.78 1.43 1.63 -0.28 -0.09 0.21 0.51 
Loss: 2.466435  SIA Ef: 0.404724 Binding: -0.24 0.24 0.72 0.46 0.28 0.25 0.68 0.21 -0.33 -0.60 -0.44  Rvol: 0.57 0.98 1.37 -0.33 -0.24 0.02 0.29 0.14 0.78 1.44 1.64 -0.28 -0.09 0.21 0.50 
Loss: 3.136051  SIA Ef: 1.022621 Binding: -0.25 0.25 0.61 0.43 0.28 0.24 0.58 0.24 -0.31 -0.59 -0.43  Rvol: 0.59 1.02 1.45 -0.33 -0.23 0.05 0.34 0.14 0.79 1.47 1.70 -0.28 -0.08 0.23 0.55 
Loss: 1.915282  SIA Ef: 0.131936 Binding: -0.18 0.34 0.78 0.52 0.38 0.30 -0.05 0.38 -0.28 -0.47 -0.28  Rvol: 0.56 0.96 1.35 -0.33 -0.25 0.00 0.26 0.14 0.76 1.31 1.61 -0.28 -0.10 0.18 0.47 
Loss: 1.945298  SIA Ef: -0.191733 Binding: -0.19 0.33 0.82 0.52 0.37 0.31 -0.00 0.36 -0.27 -0.47 -0.28  Rvol: 0.54 0.94 1.31 -0.33 -0.25 0.00 0.25 0.14 0.76 1.29 1.56 -0.28 -0.10 0.18 0.45 
Loss: 3.509655  SIA Ef: -0.385925 Binding: -0.11 0.28 1.38 0.68 0.21 0.28 -0.22 0.49 -0.37 -0.49 -0.10  Rvol: 0.55 0.96 1.33 -0.33 -0.26 -0.04 0.22 0.14 0.76 1.15 1.60 -0.28 -0.11 0.15 0.41 
Loss: 2.721294  SIA Ef: 0.751189 Binding: -0.18 0.26 0.89 0.53 0.33 0.31 -0.03 0.52 -0.28 -0.42 -0.21  Rvol: 0.59 1.02 1.43 -0.33 -0.25 0.02 0.30 0.14 0.79 1.35 1.69 -0.28 -0.09 0.20 0.50 
Loss: 1.905130  SIA Ef: 0.127653 Binding: -0.18 0.34 0.77 0.51 0.38 0.30 -0.04 0.38 -0.28 -0.47 -0.28  Rvol: 0.56 0.96 1.35 -0.33 -0.25 0.00 0.26 0.14 0.76 1.31 1.61 -0.28 -0.10 0.18 0.47 
Loss: 1.764416  SIA Ef: -0.519839 Binding: -0.23 0.44 -0.02 0.34 0.43 0.38 0.66 0.24 -0.04 -0.42 -0.24  Rvol: 0.52 0.87 1.25 -0.33 -0.25 0.00 0.25 0.14 0.73 1.34 1.46 -0.28 -0.10 0.17 0.44 
Loss: 1.841082  SIA Ef: -0.539353 Binding: -0.21 0.49 -0.02 0.38 0.50 0.39 0.63 0.25 -0.02 -0.41 -0.21  Rvol: 0.51 0.87 1.25 -0.33 -0.24 0.01 0.26 0.14 0.73 1.34 1.46 -0.28 -0.10 0.18 0.44 
Loss: 1.774538  SIA Ef: -0.515269 Binding: -0.28 0.36 -0.05 0.28 0.34 0.37 0.78 0.24 -0.04 -0.42 -0.25  Rvol: 0.52 0.87 1.26 -0.33 -0.25 -0.01 0.24 0.14 0.73 1.34 1.47 -0.28 -0.11 0.16 0.43 
Loss: 1.739446  SIA Ef: -0.520088 Binding: -0.24 0.42 -0.02 0.33 0.41 0.38 0.67 0.26 -0.04 -0.42 -0.22  Rvol: 0.52 0.87 1.25 -0.33 -0.25 -0.00 0.25 0.14 0.73 1.34 1.47 -0.28 -0.10 0.17 0.44 
Loss: 1.928356  SIA Ef: -0.563461 Binding: -0.25 0.41 -0.01 0.32 0.40 0.39 0.78 0.34 -0.04 -0.41 -0.17  Rvol: 0.51 0.87 1.26 -0.33 -0.25 -0.00 0.24 0.14 0.73 1.33 1.47 -0.28 -0.10 0.17 0.44 
Loss: 1.697979  SIA Ef: -0.559266 Binding: -0.23 0.45 0.01 0.35 0.44 0.39 0.57 0.28 -0.04 -0.41 -0.20  Rvol: 0.52 0.87 1.25 -0.33 -0.25 -0.00 0.24 0.14 0.73 1.34 1.46 -0.28 -0.11 0.17 0.43 
Loss: 1.846741  SIA Ef: -0.621758 Binding: -0.21 0.50 -0.10 0.36 0.50 0.35 0.49 0.14 -0.04 -0.49 -0.31  Rvol: 0.51 0.86 1.24 -0.33 -0.25 -0.00 0.24 0.14 0.73 1.33 1.45 -0.28 -0.10 0.17 0.43 
Loss: 2.408088  SIA Ef: -1.094083 Binding: -0.22 0.46 0.00 0.35 0.44 0.39 0.42 0.24 -0.05 -0.42 -0.22  Rvol: 0.49 0.83 1.19 -0.33 -0.26 -0.03 0.20 0.14 0.71 1.27 1.40 -0.28 -0.12 0.14 0.39 
Loss: 1.580479  SIA Ef: -0.367669 Binding: -0.24 0.44 -0.10 0.32 0.43 0.40 0.64 0.30 0.00 -0.38 -0.17  Rvol: 0.52 0.88 1.27 -0.33 -0.25 0.00 0.26 0.14 0.73 1.35 1.48 -0.28 -0.10 0.17 0.44 
Loss: 1.620622  SIA Ef: -0.394196 Binding: -0.26 0.43 -0.26 0.28 0.41 0.42 0.65 0.31 0.07 -0.35 -0.14  Rvol: 0.52 0.87 1.27 -0.33 -0.25 0.00 0.25 0.14 0.73 1.34 1.47 -0.28 -0.10 0.17 0.44 
Loss: 1.524371  SIA Ef: -0.287215 Binding: -0.24 0.44 -0.11 0.32 0.43 0.39 0.63 0.31 0.00 -0.38 -0.17  Rvol: 0.53 0.89 1.28 -0.33 -0.25 0.00 0.26 0.14 0.74 1.36 1.49 -0.28 -0.10 0.18 0.45 
Loss: 1.634732  SIA Ef: -0.232183 Binding: -0.25 0.43 -0.18 0.29 0.41 0.41 0.72 0.35 0.03 -0.36 -0.13  Rvol: 0.53 0.89 1.29 -0.33 -0.25 0.01 0.27 0.14 0.74 1.36 1.50 -0.28 -0.10 0.18 0.45 
Loss: 1.524252  SIA Ef: -0.289015 Binding: -0.24 0.44 -0.11 0.32 0.43 0.39 0.62 0.31 0.00 -0.38 -0.18  Rvol: 0.53 0.89 1.28 -0.33 -0.25 0.00 0.26 0.14 0.74 1.36 1.49 -0.28 -0.10 0.18 0.45 
Loss: 1.503408  SIA Ef: -0.230789 Binding: -0.23 0.47 -0.20 0.32 0.45 0.38 0.57 0.24 0.02 -0.42 -0.22  Rvol: 0.53 0.89 1.28 -0.33 -0.25 0.01 0.27 0.14 0.74 1.35 1.49 -0.28 -0.10 0.18 0.45 
Loss: 1.488707  SIA Ef: -0.217000 Binding: -0.22 0.49 -0.18 0.33 0.47 0.38 0.53 0.25 0.01 -0.42 -0.22  Rvol: 0.53 0.89 1.28 -0.33 -0.25 0.01 0.27 0.14 0.74 1.35 1.49 -0.28 -0.10 0.18 0.46 
Loss: 1.320327  SIA Ef: 0.177955 Binding: -0.21 0.44 0.17 0.40 0.43 0.35 0.30 0.31 -0.12 -0.43 -0.24  Rvol: 0.55 0.94 1.34 -0.33 -0.25 0.01 0.28 0.14 0.76 1.35 1.57 -0.28 -0.10 0.19 0.48 
Loss: 1.513404  SIA Ef: 0.380004 Binding: -0.18 0.47 0.25 0.45 0.47 0.35 0.12 0.34 -0.14 -0.42 -0.22  Rvol: 0.56 0.95 1.36 -0.33 -0.25 0.03 0.29 0.14 0.77 1.33 1.59 -0.28 -0.09 0.20 0.49 
Loss: 1.330958  SIA Ef: 0.167938 Binding: -0.20 0.45 0.18 0.41 0.45 0.35 0.27 0.31 -0.13 -0.43 -0.25  Rvol: 0.55 0.94 1.34 -0.33 -0.25 0.01 0.28 0.14 0.76 1.35 1.57 -0.28 -0.10 0.19 0.47 
Loss: 1.441911  SIA Ef: 0.307161 Binding: -0.22 0.40 0.17 0.38 0.40 0.33 0.42 0.29 -0.14 -0.45 -0.28  Rvol: 0.56 0.95 1.35 -0.33 -0.25 0.02 0.29 0.14 0.76 1.38 1.59 -0.28 -0.10 0.19 0.49 
Loss: 1.368865  SIA Ef: 0.161753 Binding: -0.20 0.44 0.25 0.42 0.44 0.34 0.25 0.31 -0.15 -0.45 -0.25  Rvol: 0.55 0.94 1.34 -0.33 -0.25 0.01 0.28 0.14 0.76 1.33 1.57 -0.28 -0.10 0.19 0.48 
Loss: 1.286710  SIA Ef: 0.192227 Binding: -0.21 0.40 0.30 0.41 0.39 0.33 0.05 0.32 -0.18 -0.45 -0.26  Rvol: 0.56 0.95 1.35 -0.33 -0.26 0.00 0.27 0.14 0.76 1.31 1.58 -0.28 -0.10 0.18 0.47 
Loss: 1.341641  SIA Ef: 0.280100 Binding: -0.21 0.39 0.32 0.41 0.38 0.33 0.10 0.35 -0.19 -0.45 -0.25  Rvol: 0.56 0.96 1.36 -0.33 -0.26 0.00 0.27 0.14 0.76 1.33 1.60 -0.28 -0.10 0.18 0.47 
Loss: 1.287078  SIA Ef: 0.191259 Binding: -0.21 0.40 0.29 0.41 0.40 0.33 0.05 0.32 -0.18 -0.45 -0.26  Rvol: 0.56 0.95 1.35 -0.33 -0.26 0.00 0.27 0.14 0.76 1.31 1.58 -0.28 -0.10 0.18 0.47 
Loss: 1.309819  SIA Ef: 0.168232 Binding: -0.20 0.39 0.34 0.42 0.39 0.32 -0.01 0.32 -0.19 -0.45 -0.27  Rvol: 0.56 0.95 1.34 -0.33 -0.26 0.00 0.26 0.14 0.76 1.30 1.58 -0.28 -0.10 0.18 0.46 
Loss: 1.287364  SIA Ef: 0.204914 Binding: -0.21 0.41 0.27 0.41 0.40 0.33 0.05 0.31 -0.17 -0.46 -0.27  Rvol: 0.56 0.95 1.35 -0.33 -0.26 0.00 0.27 0.14 0.76 1.32 1.58 -0.28 -0.10 0.18 0.47 
Loss: 1.409289  SIA Ef: 0.281455 Binding: -0.19 0.41 0.35 0.43 0.41 0.33 -0.05 0.35 -0.19 -0.44 -0.24  Rvol: 0.56 0.96 1.36 -0.33 -0.26 0.01 0.27 0.14 0.76 1.30 1.60 -0.28 -0.10 0.18 0.47 
Loss: 1.298174  SIA Ef: 0.182008 Binding: -0.20 0.41 0.29 0.42 0.41 0.33 0.02 0.32 -0.17 -0.45 -0.26  Rvol: 0.56 0.94 1.34 -0.33 -0.26 0.00 0.27 0.14 0.76 1.31 1.58 -0.28 -0.10 0.18 0.47 
Loss: 1.161220  SIA Ef: -0.007271 Binding: -0.22 0.42 0.13 0.37 0.40 0.34 0.22 0.29 -0.13 -0.44 -0.26  Rvol: 0.55 0.92 1.32 -0.33 -0.26 -0.00 0.26 0.14 0.75 1.34 1.55 -0.28 -0.10 0.18 0.46 
Loss: 1.228219  SIA Ef: -0.102893 Binding: -0.24 0.41 0.03 0.34 0.39 0.35 0.42 0.26 -0.09 -0.45 -0.27  Rvol: 0.54 0.91 1.31 -0.33 -0.26 -0.00 0.25 0.14 0.75 1.35 1.53 -0.28 -0.10 0.17 0.45 
Loss: 1.163061  SIA Ef: -0.004101 Binding: -0.22 0.41 0.14 0.37 0.39 0.34 0.23 0.29 -0.13 -0.45 -0.26  Rvol: 0.55 0.92 1.32 -0.33 -0.26 -0.00 0.26 0.14 0.75 1.34 1.55 -0.28 -0.10 0.18 0.46 
Loss: 1.199362  SIA Ef: -0.122207 Binding: -0.21 0.43 0.15 0.38 0.42 0.34 0.19 0.28 -0.13 -0.45 -0.26  Rvol: 0.54 0.91 1.31 -0.33 -0.26 -0.00 0.25 0.14 0.75 1.31 1.53 -0.28 -0.10 0.17 0.45 
Loss: 1.183008  SIA Ef: -0.005375 Binding: -0.22 0.42 0.12 0.37 0.40 0.35 0.27 0.29 -0.12 -0.44 -0.25  Rvol: 0.54 0.92 1.32 -0.33 -0.26 0.00 0.26 0.14 0.75 1.34 1.55 -0.28 -0.10 0.18 0.46 
Loss: 1.225557  SIA Ef: -0.089939 Binding: -0.22 0.45 0.00 0.36 0.43 0.36 0.34 0.27 -0.08 -0.44 -0.25  Rvol: 0.54 0.91 1.31 -0.33 -0.26 0.00 0.26 0.14 0.75 1.33 1.53 -0.28 -0.10 0.18 0.45 
Loss: 1.147301  SIA Ef: -0.016678 Binding: -0.22 0.42 0.13 0.37 0.40 0.35 0.21 0.30 -0.12 -0.43 -0.25  Rvol: 0.54 0.92 1.32 -0.33 -0.26 -0.00 0.25 0.14 0.75 1.33 1.55 -0.28 -0.10 0.17 0.45 
Loss: 1.144906  SIA Ef: -0.004374 Binding: -0.22 0.42 0.12 0.37 0.40 0.35 0.21 0.30 -0.12 -0.43 -0.24  Rvol: 0.55 0.92 1.32 -0.33 -0.26 -0.00 0.25 0.14 0.75 1.34 1.55 -0.28 -0.10 0.17 0.45 
Loss: 1.145274  SIA Ef: 0.005471 Binding: -0.23 0.40 0.13 0.36 0.39 0.35 0.24 0.31 -0.12 -0.43 -0.24  Rvol: 0.55 0.93 1.32 -0.33 -0.26 -0.00 0.25 0.14 0.75 1.34 1.55 -0.28 -0.10 0.17 0.45 
Loss: 1.148513  SIA Ef: -0.017726 Binding: -0.22 0.42 0.12 0.37 0.40 0.35 0.21 0.31 -0.12 -0.43 -0.24  Rvol: 0.54 0.92 1.32 -0.33 -0.26 -0.00 0.25 0.14 0.75 1.34 1.55 -0.28 -0.10 0.17 0.45 
Loss: 1.153979  SIA Ef: 0.009310 Binding: -0.22 0.42 0.12 0.37 0.41 0.35 0.19 0.30 -0.12 -0.44 -0.24  Rvol: 0.55 0.92 1.32 -0.33 -0.26 -0.00 0.26 0.14 0.75 1.33 1.55 -0.28 -0.10 0.18 0.46 
Loss: 1.169179  SIA Ef: 0.031250 Binding: -0.22 0.42 0.15 0.38 0.40 0.35 0.20 0.31 -0.13 -0.43 -0.24  Rvol: 0.55 0.93 1.33 -0.33 -0.26 -0.00 0.26 0.14 0.75 1.32 1.55 -0.28 -0.10 0.18 0.46 
Loss: 1.144994  SIA Ef: -0.014145 Binding: -0.23 0.41 0.10 0.36 0.38 0.35 0.27 0.30 -0.12 -0.44 -0.25  Rvol: 0.55 0.92 1.32 -0.33 -0.26 -0.00 0.25 0.14 0.75 1.34 1.55 -0.28 -0.10 0.17 0.45 
Loss: 1.155200  SIA Ef: 0.010099 Binding: -0.22 0.42 0.10 0.36 0.40 0.35 0.26 0.30 -0.11 -0.43 -0.24  Rvol: 0.55 0.92 1.32 -0.33 -0.26 -0.00 0.26 0.14 0.75 1.34 1.55 -0.28 -0.10 0.18 0.46 
Loss: 1.184853  SIA Ef: -0.099833 Binding: -0.22 0.43 0.05 0.36 0.41 0.35 0.31 0.29 -0.09 -0.43 -0.24  Rvol: 0.54 0.91 1.31 -0.33 -0.26 -0.00 0.25 0.14 0.75 1.33 1.53 -0.28 -0.10 0.17 0.45 
Loss: 1.163222  SIA Ef: -0.006827 Binding: -0.22 0.42 0.11 0.37 0.40 0.35 0.27 0.30 -0.11 -0.43 -0.24  Rvol: 0.54 0.92 1.32 -0.33 -0.26 -0.00 0.25 0.14 0.75 1.34 1.55 -0.28 -0.10 0.17 0.45 
Loss: 1.146686  SIA Ef: -0.004853 Binding: -0.22 0.42 0.11 0.37 0.40 0.35 0.21 0.30 -0.12 -0.43 -0.24  Rvol: 0.55 0.92 1.32 -0.33 -0.26 -0.00 0.25 0.14 0.75 1.34 1.55 -0.28 -0.10 0.17 0.45 
Loss: 1.150330  SIA Ef: -0.001251 Binding: -0.22 0.42 0.12 0.37 0.40 0.35 0.22 0.30 -0.12 -0.44 -0.25  Rvol: 0.55 0.92 1.32 -0.33 -0.26 -0.00 0.25 0.14 0.75 1.34 1.55 -0.28 -0.10 0.17 0.46 
Loss: 1.146048  SIA Ef: -0.001987 Binding: -0.22 0.42 0.12 0.37 0.40 0.35 0.21 0.30 -0.12 -0.43 -0.24  Rvol: 0.55 0.92 1.32 -0.33 -0.26 -0.00 0.25 0.14 0.75 1.34 1.55 -0.28 -0.10 0.17 0.45 
Loss: 1.148902  SIA Ef: -0.012253 Binding: -0.22 0.42 0.11 0.37 0.40 0.35 0.22 0.30 -0.11 -0.43 -0.24  Rvol: 0.54 0.92 1.32 -0.33 -0.26 -0.00 0.25 0.14 0.75 1.34 1.55 -0.28 -0.10 0.17 0.45 
Loss: 1.141162  SIA Ef: -0.013789 Binding: -0.22 0.42 0.11 0.37 0.40 0.35 0.22 0.30 -0.12 -0.43 -0.24  Rvol: 0.55 0.92 1.32 -0.33 -0.26 -0.00 0.25 0.14 0.75 1.34 1.55 -0.28 -0.10 0.17 0.45 
Loss: 1.149006  SIA Ef: 0.001796 Binding: -0.22 0.41 0.13 0.37 0.40 0.35 0.21 0.30 -0.12 -0.44 -0.25  Rvol: 0.55 0.92 1.32 -0.33 -0.26 -0.00 0.25 0.14 0.75 1.33 1.55 -0.28 -0.10 0.17 0.45 
Loss: 1.141491  SIA Ef: -0.014981 Binding: -0.22 0.42 0.11 0.37 0.40 0.35 0.21 0.30 -0.12 -0.43 -0.24  Rvol: 0.54 0.92 1.32 -0.33 -0.26 -0.00 0.25 0.14 0.75 1.34 1.55 -0.28 -0.10 0.17 0.45 
Loss: 1.147216  SIA Ef: -0.017254 Binding: -0.22 0.41 0.11 0.36 0.39 0.35 0.24 0.30 -0.12 -0.43 -0.24  Rvol: 0.54 0.92 1.32 -0.33 -0.26 -0.00 0.25 0.14 0.75 1.34 1.55 -0.28 -0.10 0.17 0.45 
Loss: 1.141219  SIA Ef: -0.012666 Binding: -0.22 0.42 0.11 0.37 0.40 0.35 0.22 0.30 -0.12 -0.43 -0.24  Rvol: 0.55 0.92 1.32 -0.33 -0.26 -0.00 0.25 0.14 0.75 1.34 1.55 -0.28 -0.10 0.17 0.45 
Loss: 1.144764  SIA Ef: -0.007760 Binding: -0.22 0.41 0.10 0.36 0.40 0.35 0.24 0.30 -0.12 -0.43 -0.24  Rvol: 0.55 0.92 1.32 -0.33 -0.26 -0.00 0.25 0.14 0.75 1.34 1.55 -0.28 -0.10 0.17 0.45 
Loss: 1.143727  SIA Ef: -0.013074 Binding: -0.22 0.42 0.11 0.37 0.40 0.35 0.22 0.30 -0.12 -0.43 -0.24  Rvol: 0.55 0.92 1.32 -0.33 -0.26 -0.00 0.25 0.14 0.75 1.34 1.55 -0.28 -0.10 0.17 0.45 
Loss: 1.138396  SIA Ef: -0.023339 Binding: -0.22 0.42 0.12 0.37 0.40 0.35 0.21 0.30 -0.12 -0.43 -0.24  Rvol: 0.54 0.92 1.32 -0.33 -0.26 -0.00 0.25 0.14 0.75 1.34 1.55 -0.28 -0.10 0.17 0.45 
Loss: 1.138092  SIA Ef: -0.024568 Binding: -0.22 0.42 0.12 0.37 0.40 0.35 0.20 0.30 -0.12 -0.43 -0.24  Rvol: 0.54 0.92 1.32 -0.33 -0.26 -0.00 0.25 0.14 0.75 1.34 1.55 -0.28 -0.10 0.17 0.45 
Loss: 1.138098  SIA Ef: -0.020281 Binding: -0.22 0.42 0.12 0.37 0.40 0.35 0.20 0.30 -0.12 -0.43 -0.24  Rvol: 0.54 0.92 1.32 -0.33 -0.26 -0.00 0.25 0.14 0.75 1.34 1.55 -0.28 -0.10 0.17 0.45 
Loss: 1.140712  SIA Ef: -0.047989 Binding: -0.22 0.42 0.10 0.37 0.40 0.35 0.22 0.30 -0.11 -0.43 -0.24  Rvol: 0.54 0.92 1.32 -0.33 -0.26 -0.00 0.25 0.14 0.75 1.34 1.54 -0.28 -0.10 0.17 0.45 
Loss: 1.143563  SIA Ef: -0.019645 Binding: -0.22 0.42 0.13 0.37 0.40 0.35 0.20 0.30 -0.12 -0.43 -0.24  Rvol: 0.55 0.92 1.32 -0.33 -0.26 -0.00 0.25 0.14 0.75 1.33 1.55 -0.28 -0.10 0.17 0.45 
Loss: 1.137711  SIA Ef: -0.025151 Binding: -0.22 0.42 0.12 0.37 0.40 0.35 0.20 0.30 -0.12 -0.43 -0.24  Rvol: 0.54 0.92 1.32 -0.33 -0.26 -0.00 0.25 0.14 0.75 1.34 1.55 -0.28 -0.10 0.17 0.45 
Loss: 1.138937  SIA Ef: -0.029287 Binding: -0.22 0.42 0.11 0.37 0.40 0.35 0.22 0.30 -0.12 -0.43 -0.24  Rvol: 0.54 0.92 1.32 -0.33 -0.26 -0.00 0.25 0.14 0.75 1.34 1.54 -0.28 -0.10 0.17 0.45 
Loss: 1.140372  SIA Ef: -0.024657 Binding: -0.22 0.42 0.12 0.37 0.40 0.35 0.21 0.30 -0.12 -0.43 -0.24  Rvol: 0.54 0.92 1.32 -0.33 -0.26 -0.00 0.25 0.14 0.75 1.34 1.55 -0.28 -0.10 0.17 0.45 
Loss: 1.138525  SIA Ef: -0.022380 Binding: -0.22 0.42 0.11 0.37 0.40 0.35 0.21 0.30 -0.12 -0.43 -0.24  Rvol: 0.54 0.92 1.32 -0.33 -0.26 -0.00 0.25 0.14 0.75 1.34 1.55 -0.28 -0.10 0.17 0.45 
Loss: 1.136976  SIA Ef: -0.024897 Binding: -0.22 0.42 0.12 0.37 0.40 0.35 0.21 0.30 -0.12 -0.43 -0.24  Rvol: 0.54 0.92 1.32 -0.33 -0.26 -0.00 0.25 0.14 0.75 1.34 1.55 -0.28 -0.10 0.17 0.45 
Loss: 1.139160  SIA Ef: -0.026915 Binding: -0.22 0.42 0.11 0.37 0.40 0.35 0.22 0.30 -0.12 -0.43 -0.24  Rvol: 0.54 0.92 1.32 -0.33 -0.26 -0.00 0.25 0.14 0.75 1.34 1.55 -0.28 -0.10 0.17 0.45 
Loss: 1.136965  SIA Ef: -0.025963 Binding: -0.22 0.42 0.12 0.37 0.40 0.35 0.21 0.30 -0.12 -0.43 -0.24  Rvol: 0.54 0.92 1.32 -0.33 -0.26 -0.00 0.25 0.14 0.75 1.34 1.55 -0.28 -0.10 0.17 0.45 
Loss: 1.139102  SIA Ef: -0.022842 Binding: -0.22 0.42 0.11 0.37 0.40 0.35 0.22 0.30 -0.12 -0.43 -0.24  Rvol: 0.54 0.92 1.32 -0.33 -0.26 -0.00 0.25 0.14 0.75 1.34 1.55 -0.28 -0.10 0.17 0.45 
Loss: 1.137003  SIA Ef: -0.031277 Binding: -0.22 0.42 0.11 0.37 0.40 0.35 0.21 0.30 -0.12 -0.43 -0.24  Rvol: 0.54 0.92 1.32 -0.33 -0.26 -0.00 0.25 0.14 0.75 1.34 1.54 -0.28 -0.10 0.17 0.45 
Loss: 1.137827  SIA Ef: -0.031385 Binding: -0.22 0.42 0.11 0.37 0.40 0.35 0.21 0.30 -0.12 -0.43 -0.24  Rvol: 0.54 0.92 1.32 -0.33 -0.26 -0.00 0.25 0.14 0.75 1.34 1.54 -0.28 -0.10 0.17 0.45 
Loss: 1.137878  SIA Ef: -0.024586 Binding: -0.22 0.41 0.12 0.37 0.40 0.35 0.21 0.30 -0.12 -0.43 -0.24  Rvol: 0.54 0.92 1.32 -0.33 -0.26 -0.00 0.25 0.14 0.75 1.34 1.55 -0.28 -0.10 0.17 0.45 
Loss: 1.136816  SIA Ef: -0.026064 Binding: -0.22 0.42 0.12 0.37 0.40 0.35 0.21 0.30 -0.12 -0.43 -0.24  Rvol: 0.54 0.92 1.32 -0.33 -0.26 -0.00 0.25 0.14 0.75 1.34 1.55 -0.28 -0.10 0.17 0.45 
Loss: 1.137528  SIA Ef: -0.024727 Binding: -0.22 0.42 0.12 0.37 0.40 0.35 0.21 0.30 -0.12 -0.43 -0.24  Rvol: 0.54 0.92 1.32 -0.33 -0.26 -0.00 0.25 0.14 0.75 1.34 1.55 -0.28 -0.10 0.17 0.45 
Loss: 1.137182  SIA Ef: -0.027096 Binding: -0.22 0.42 0.12 0.37 0.40 0.35 0.21 0.30 -0.12 -0.43 -0.24  Rvol: 0.54 0.92 1.32 -0.33 -0.26 -0.00 0.25 0.14 0.75 1.34 1.55 -0.28 -0.10 0.17 0.45 
Loss: 1.137775  SIA Ef: -0.027327 Binding: -0.22 0.42 0.12 0.37 0.40 0.35 0.21 0.30 -0.12 -0.43 -0.24  Rvol: 0.54 0.92 1.32 -0.33 -0.26 -0.00 0.25 0.14 0.75 1.34 1.55 -0.28 -0.10 0.17 0.45 
Loss: 1.137093  SIA Ef: -0.025265 Binding: -0.22 0.42 0.12 0.37 0.40 0.35 0.21 0.30 -0.12 -0.43 -0.24  Rvol: 0.54 0.92 1.32 -0.33 -0.26 -0.00 0.25 0.14 0.75 1.34 1.55 -0.28 -0.10 0.17 0.45 
Loss: 1.136613  SIA Ef: -0.026274 Binding: -0.22 0.42 0.12 0.37 0.40 0.35 0.20 0.30 -0.12 -0.43 -0.24  Rvol: 0.54 0.92 1.32 -0.33 -0.26 -0.00 0.25 0.14 0.75 1.34 1.55 -0.28 -0.10 0.17 0.45 
Loss: 1.136886  SIA Ef: -0.027532 Binding: -0.22 0.42 0.12 0.37 0.40 0.35 0.21 0.30 -0.12 -0.43 -0.24  Rvol: 0.54 0.92 1.32 -0.33 -0.26 -0.00 0.25 0.14 0.75 1.34 1.55 -0.28 -0.10 0.17 0.45 
Loss: 1.137205  SIA Ef: -0.024945 Binding: -0.22 0.42 0.12 0.37 0.40 0.35 0.21 0.30 -0.12 -0.43 -0.24  Rvol: 0.54 0.92 1.32 -0.33 -0.26 -0.00 0.25 0.14 0.75 1.34 1.55 -0.28 -0.10 0.17 0.45 
Loss: 1.136849  SIA Ef: -0.027868 Binding: -0.22 0.42 0.12 0.37 0.40 0.35 0.20 0.30 -0.12 -0.43 -0.24  Rvol: 0.54 0.92 1.32 -0.33 -0.26 -0.00 0.25 0.14 0.75 1.34 1.55 -0.28 -0.10 0.17 0.45 
Loss: 1.136617  SIA Ef: -0.026536 Binding: -0.22 0.42 0.12 0.37 0.40 0.35 0.21 0.30 -0.12 -0.43 -0.24  Rvol: 0.54 0.92 1.32 -0.33 -0.26 -0.00 0.25 0.14 0.75 1.34 1.55 -0.28 -0.10 0.17 0.45 
Loss: 1.136730  SIA Ef: -0.026300 Binding: -0.22 0.42 0.12 0.37 0.40 0.35 0.20 0.30 -0.12 -0.43 -0.24  Rvol: 0.54 0.92 1.32 -0.33 -0.26 -0.00 0.25 0.14 0.75 1.34 1.55 -0.28 -0.10 0.17 0.45 
Loss: 1.136853  SIA Ef: -0.026872 Binding: -0.22 0.42 0.12 0.37 0.40 0.35 0.21 0.30 -0.12 -0.43 -0.24  Rvol: 0.54 0.92 1.32 -0.33 -0.26 -0.00 0.25 0.14 0.75 1.34 1.55 -0.28 -0.10 0.17 0.45 
Loss: 1.136709  SIA Ef: -0.026291 Binding: -0.22 0.42 0.12 0.37 0.40 0.35 0.20 0.30 -0.12 -0.43 -0.24  Rvol: 0.54 0.92 1.32 -0.33 -0.26 -0.00 0.25 0.14 0.75 1.34 1.55 -0.28 -0.10 0.17 0.45 
Loss: 1.136826  SIA Ef: -0.026108 Binding: -0.22 0.42 0.12 0.37 0.40 0.35 0.21 0.30 -0.12 -0.43 -0.24  Rvol: 0.54 0.92 1.32 -0.33 -0.26 -0.00 0.25 0.14 0.75 1.34 1.55 -0.28 -0.10 0.17 0.45 
Loss: 1.136714  SIA Ef: -0.026175 Binding: -0.22 0.42 0.12 0.37 0.40 0.35 0.20 0.30 -0.12 -0.43 -0.24  Rvol: 0.54 0.92 1.32 -0.33 -0.26 -0.00 0.25 0.14 0.75 1.34 1.55 -0.28 -0.10 0.17 0.45 
Loss: 1.136738  SIA Ef: -0.026887 Binding: -0.22 0.42 0.12 0.37 0.40 0.35 0.21 0.30 -0.12 -0.43 -0.24  Rvol: 0.54 0.92 1.32 -0.33 -0.26 -0.00 0.25 0.14 0.75 1.34 1.55 -0.28 -0.10 0.17 0.45 
Loss: 1.136644  SIA Ef: -0.026523 Binding: -0.22 0.42 0.12 0.37 0.40 0.35 0.21 0.30 -0.12 -0.43 -0.24  Rvol: 0.54 0.92 1.32 -0.33 -0.26 -0.00 0.25 0.14 0.75 1.34 1.55 -0.28 -0.10 0.17 0.45 
Loss: 1.136825  SIA Ef: -0.026827 Binding: -0.22 0.42 0.12 0.37 0.40 0.35 0.20 0.30 -0.12 -0.43 -0.24  Rvol: 0.54 0.92 1.32 -0.33 -0.26 -0.00 0.25 0.14 0.75 1.34 1.55 -0.28 -0.10 0.17 0.45 
Loss: 1.136711  SIA Ef: -0.026155 Binding: -0.22 0.42 0.12 0.37 0.40 0.35 0.20 0.30 -0.12 -0.43 -0.24  Rvol: 0.54 0.92 1.32 -0.33 -0.26 -0.00 0.25 0.14 0.75 1.34 1.55 -0.28 -0.10 0.17 0.45 
