Start Optimization 
Loss: 1.871604  SIA Ef: 0.179361 Binding: -0.00 0.01 0.11 0.53 0.71 0.39 0.21 0.09 0.08 -0.47 -0.34  Rvol: 0.47 1.10 1.44 -0.33 -0.04 0.29 0.54 0.14 0.77 1.33 1.69 -0.28 0.01 0.36 0.58 
Loss: 1.981143  SIA Ef: 0.238821 Binding: 0.01 0.02 0.11 0.54 0.72 0.38 0.18 -0.08 0.06 -0.51 -0.38  Rvol: 0.47 1.10 1.44 -0.33 -0.04 0.30 0.55 0.14 0.77 1.34 1.69 -0.28 0.01 0.37 0.59 
Loss: 68.357831  SIA Ef: 4.749837 Binding: 1.33 2.08 4.60 2.94 2.13 0.60 -0.21 0.31 -0.39 -0.62 -0.41  Rvol: 0.68 1.57 2.26 -0.33 0.26 0.79 1.25 0.14 0.97 1.82 2.36 -0.28 0.36 0.88 1.41 
Loss: 47.500425  SIA Ef: 0.600672 Binding: 0.47 0.32 -4.94 2.52 1.61 0.55 0.07 0.36 3.40 -0.32 0.42  Rvol: 0.51 1.11 1.56 -0.33 0.04 0.43 0.89 0.14 0.78 1.30 1.81 -0.28 0.14 0.43 0.98 
Loss: 239.066899  SIA Ef: 12.586773 Binding: 1.67 0.00 7.92 2.22 0.08 0.79 0.34 0.81 -0.63 -0.92 -0.93  Rvol: 1.26 2.10 3.07 -0.33 -0.06 0.26 0.81 0.14 1.47 2.59 3.39 -0.28 0.09 0.43 0.99 
Loss: 14.741659  SIA Ef: 0.179361 Binding: -0.00 0.01 0.11 0.53 0.71 -0.38 -1.32 -1.41 -0.52 -2.12 -2.18  Rvol: 0.47 1.10 1.44 -0.33 -0.04 0.29 0.54 0.14 0.81 1.38 1.75 -0.28 0.02 0.43 0.74 
Loss: 2.027083  SIA Ef: 0.179361 Binding: -0.00 0.01 0.11 0.53 0.71 0.36 0.10 0.12 -0.02 -0.47 -0.57  Rvol: 0.47 1.10 1.44 -0.33 -0.04 0.29 0.54 0.14 0.74 1.29 1.61 -0.28 0.02 0.33 0.53 
Loss: 1.843025  SIA Ef: 0.179361 Binding: -0.00 0.01 0.11 0.53 0.71 0.45 0.34 0.10 0.16 -0.38 -0.12  Rvol: 0.47 1.10 1.44 -0.33 -0.04 0.29 0.54 0.14 0.78 1.35 1.65 -0.28 0.00 0.38 0.61 
Loss: 2.313066  SIA Ef: 0.179361 Binding: 0.35 0.68 0.11 0.00 0.66 0.45 0.34 0.49 0.16 -0.22 -0.21  Rvol: 0.47 1.10 1.49 -0.33 -0.04 0.26 0.61 0.14 0.78 1.35 1.80 -0.28 0.00 0.32 0.61 
Loss: 2.958742  SIA Ef: 0.179361 Binding: -0.09 -0.81 0.11 0.44 -0.02 0.45 -0.95 -0.28 0.16 -0.46 -0.41  Rvol: 0.47 1.10 1.21 -0.33 -0.04 0.32 0.55 0.14 0.78 1.19 1.41 -0.28 0.00 0.43 0.69 
Loss: 2.645156  SIA Ef: 0.179361 Binding: -0.28 0.48 0.11 0.62 0.97 0.45 0.43 0.14 0.16 -0.36 -0.22  Rvol: 0.47 0.86 1.32 -0.33 -0.04 0.29 0.55 0.14 0.78 1.29 1.50 -0.28 0.00 0.37 0.64 
Loss: 285.479380  SIA Ef: -15.658308 Binding: -0.35 -0.95 -4.40 2.11 -0.44 -0.10 -0.48 -0.07 2.91 -0.44 0.78  Rvol: -0.11 -0.29 -0.51 -0.33 -0.30 -0.69 -0.94 0.14 0.03 -0.20 -0.46 -0.28 -0.29 -0.63 -0.40 
Loss: 13.388788  SIA Ef: 1.675474 Binding: 0.75 0.17 1.98 1.52 1.25 0.55 -0.30 0.27 -0.19 -0.47 -0.26  Rvol: 0.51 1.26 1.56 -0.33 0.11 0.56 0.83 0.14 0.89 1.55 1.80 -0.28 0.20 0.66 1.06 
Loss: 1.831187  SIA Ef: 0.165485 Binding: -0.00 0.01 0.10 0.52 0.71 0.45 0.35 0.11 0.17 -0.37 -0.11  Rvol: 0.47 1.10 1.44 -0.33 -0.05 0.29 0.54 0.14 0.78 1.35 1.65 -0.28 0.00 0.38 0.60 
Loss: 63.677732  SIA Ef: 0.063239 Binding: -0.35 0.80 -4.88 4.33 0.33 0.59 0.99 0.76 3.90 -1.54 0.60  Rvol: 0.40 0.77 1.34 -0.33 -0.03 0.35 0.60 0.14 0.74 1.26 1.71 -0.28 0.03 0.29 0.72 
Loss: 3.447394  SIA Ef: 0.350252 Binding: -0.04 0.03 0.21 0.51 0.65 0.67 0.82 0.78 0.32 0.07 0.50  Rvol: 0.48 1.09 1.45 -0.33 -0.05 0.30 0.55 0.14 0.77 1.35 1.69 -0.28 0.01 0.38 0.59 
Loss: 70.815412  SIA Ef: 6.083911 Binding: 0.19 0.13 5.24 1.43 -0.18 -0.03 -0.40 -0.39 -0.59 -0.75 -0.62  Rvol: 0.88 1.61 2.29 -0.33 -0.08 0.25 0.71 0.14 1.01 1.95 2.67 -0.28 0.07 0.43 0.91 
Loss: 2.227701  SIA Ef: 0.163499 Binding: -0.00 0.01 0.10 0.52 0.71 0.53 0.50 0.48 0.27 -0.26 0.13  Rvol: 0.47 1.10 1.43 -0.33 -0.05 0.29 0.54 0.14 0.79 1.36 1.63 -0.28 0.00 0.39 0.65 
Loss: 43.672762  SIA Ef: -6.259258 Binding: 0.39 -0.47 -0.97 0.63 1.04 0.53 -0.24 -0.26 0.92 -0.30 0.24  Rvol: 0.18 0.78 0.68 -0.33 -0.07 0.01 0.04 0.14 0.62 0.99 0.83 -0.28 -0.16 0.04 0.11 
Loss: 11.349195  SIA Ef: -3.021331 Binding: 0.26 -0.26 -0.42 0.56 0.90 0.50 0.01 -0.10 0.50 -0.35 0.06  Rvol: 0.33 0.95 1.08 -0.33 -0.06 0.17 0.29 0.14 0.69 1.15 1.27 -0.28 -0.09 0.23 0.35 
Loss: 1.851026  SIA Ef: 0.165495 Binding: -0.00 0.01 0.10 0.52 0.71 0.46 0.37 0.15 0.18 -0.36 -0.08  Rvol: 0.47 1.10 1.44 -0.33 -0.05 0.29 0.54 0.14 0.78 1.35 1.64 -0.28 0.00 0.38 0.61 
Loss: 27.448048  SIA Ef: -1.154423 Binding: -0.34 0.59 -2.96 2.79 0.28 0.55 0.83 0.57 2.30 -1.39 0.42  Rvol: 0.36 0.69 1.30 -0.33 -0.04 0.26 0.45 0.14 0.71 1.19 1.56 -0.28 -0.03 0.22 0.55 
Loss: 2.079503  SIA Ef: 0.173345 Binding: 0.15 0.02 0.11 0.63 0.83 0.45 0.16 -0.02 0.17 -0.39 -0.17  Rvol: 0.47 1.11 1.38 -0.33 -0.04 0.30 0.54 0.14 0.78 1.34 1.55 -0.28 0.00 0.38 0.61 
Loss: 4.519962  SIA Ef: 0.684269 Binding: 0.35 0.00 0.93 0.96 0.94 0.49 0.04 0.10 -0.02 -0.43 -0.25  Rvol: 0.47 1.16 1.43 -0.33 0.04 0.42 0.64 0.14 0.84 1.44 1.64 -0.28 0.11 0.51 0.74 
Loss: 3.102624  SIA Ef: 0.178326 Binding: -0.34 0.56 0.11 0.56 0.89 0.45 0.81 0.30 0.16 -0.36 -0.10  Rvol: 0.47 0.86 1.42 -0.33 -0.05 0.29 0.54 0.14 0.78 1.34 1.69 -0.28 0.00 0.37 0.61 
Loss: 19.115405  SIA Ef: 2.638546 Binding: -0.27 -0.16 3.01 0.88 -0.30 0.27 0.32 0.31 -0.44 -0.60 -0.43  Rvol: 0.64 1.24 1.79 -0.33 -0.07 0.28 0.66 0.14 0.89 1.56 2.02 -0.28 0.05 0.43 0.82 
Loss: 1.856719  SIA Ef: 0.174717 Binding: -0.00 0.03 0.11 0.51 0.67 0.45 0.41 0.20 0.17 -0.38 -0.10  Rvol: 0.47 1.10 1.45 -0.33 -0.05 0.29 0.54 0.14 0.78 1.35 1.75 -0.28 0.00 0.38 0.60 
Loss: 19.112152  SIA Ef: 2.638479 Binding: -0.27 -0.16 3.01 0.88 -0.30 0.27 0.32 0.31 -0.44 -0.60 -0.43  Rvol: 0.64 1.24 1.79 -0.33 -0.07 0.28 0.66 0.14 0.89 1.56 2.02 -0.28 0.05 0.43 0.82 
Loss: 6.799089  SIA Ef: 1.433090 Binding: -0.38 0.08 1.57 0.61 0.13 0.37 0.60 0.26 -0.26 -0.50 -0.46  Rvol: 0.55 1.04 1.58 -0.33 -0.06 0.31 0.61 0.14 0.84 1.46 1.79 -0.28 0.05 0.43 0.76 
Loss: 2.664644  SIA Ef: 0.203531 Binding: -0.05 0.12 -0.49 0.56 0.90 0.47 0.43 0.14 0.47 -0.32 0.01  Rvol: 0.46 1.09 1.44 -0.33 -0.04 0.28 0.54 0.14 0.77 1.32 1.69 -0.28 -0.02 0.35 0.61 
Loss: 1.830303  SIA Ef: 0.164066 Binding: -0.00 0.01 0.10 0.52 0.71 0.45 0.35 0.11 0.17 -0.37 -0.11  Rvol: 0.47 1.10 1.43 -0.33 -0.05 0.29 0.54 0.14 0.78 1.35 1.65 -0.28 0.00 0.38 0.60 
Loss: 2.203172  SIA Ef: 0.329364 Binding: 0.11 -0.03 0.26 0.62 0.77 0.46 0.24 0.10 0.13 -0.39 -0.15  Rvol: 0.47 1.12 1.45 -0.33 -0.03 0.32 0.57 0.14 0.79 1.37 1.65 -0.28 0.03 0.41 0.63 
Loss: 1.823479  SIA Ef: 0.169817 Binding: -0.00 0.01 0.10 0.52 0.70 0.45 0.35 0.10 0.16 -0.37 -0.12  Rvol: 0.47 1.10 1.44 -0.33 -0.05 0.29 0.54 0.14 0.77 1.35 1.65 -0.28 0.00 0.37 0.60 
Loss: 1.996023  SIA Ef: 0.232825 Binding: -0.01 0.02 0.10 0.52 0.70 0.51 0.47 0.26 0.21 -0.26 0.04  Rvol: 0.47 1.10 1.44 -0.33 -0.05 0.29 0.54 0.14 0.78 1.35 1.66 -0.28 0.01 0.37 0.60 
Loss: 2.028431  SIA Ef: -0.277515 Binding: 0.04 0.01 -0.16 0.54 0.82 0.47 0.32 0.07 0.30 -0.34 -0.05  Rvol: 0.44 1.09 1.39 -0.33 -0.04 0.27 0.50 0.14 0.76 1.31 1.60 -0.28 -0.02 0.35 0.56 
Loss: 2.079372  SIA Ef: 0.342241 Binding: -0.10 -0.06 0.65 0.50 0.42 0.42 0.36 0.08 -0.05 -0.44 -0.31  Rvol: 0.48 1.07 1.45 -0.33 -0.06 0.29 0.54 0.14 0.79 1.37 1.65 -0.28 0.04 0.39 0.63 
Loss: 1.821543  SIA Ef: 0.169865 Binding: -0.00 0.01 0.10 0.52 0.71 0.45 0.35 0.09 0.16 -0.37 -0.13  Rvol: 0.47 1.10 1.44 -0.33 -0.05 0.29 0.54 0.14 0.77 1.35 1.65 -0.28 0.00 0.37 0.60 
Loss: 2.691936  SIA Ef: 0.304598 Binding: -0.38 0.43 0.35 0.52 0.68 0.44 0.75 0.19 0.05 -0.40 -0.20  Rvol: 0.48 0.88 1.45 -0.33 -0.05 0.29 0.54 0.14 0.78 1.36 1.69 -0.28 0.01 0.38 0.61 
Loss: 1.819770  SIA Ef: 0.171065 Binding: -0.05 0.03 0.06 0.50 0.69 0.45 0.40 0.16 0.18 -0.37 -0.11  Rvol: 0.47 1.08 1.44 -0.33 -0.05 0.29 0.54 0.14 0.77 1.34 1.69 -0.28 0.00 0.37 0.60 
Loss: 2.280752  SIA Ef: 0.395842 Binding: -0.12 0.09 -0.30 0.48 0.76 0.45 0.46 0.19 0.33 -0.35 -0.07  Rvol: 0.47 1.09 1.46 -0.33 -0.05 0.29 0.55 0.14 0.78 1.34 1.72 -0.28 -0.01 0.36 0.61 
Loss: 1.816831  SIA Ef: 0.171597 Binding: -0.05 0.03 0.06 0.50 0.70 0.45 0.39 0.13 0.18 -0.37 -0.11  Rvol: 0.47 1.08 1.43 -0.33 -0.04 0.29 0.54 0.14 0.77 1.34 1.66 -0.28 0.00 0.37 0.60 
Loss: 2.227062  SIA Ef: 0.445764 Binding: 0.06 -0.05 0.32 0.59 0.71 0.45 0.26 0.10 0.09 -0.40 -0.19  Rvol: 0.48 1.12 1.46 -0.33 -0.03 0.33 0.57 0.14 0.79 1.37 1.67 -0.28 0.03 0.41 0.64 
Loss: 1.972090  SIA Ef: 0.321725 Binding: -0.08 0.05 0.10 0.50 0.68 0.47 0.47 0.22 0.18 -0.32 -0.05  Rvol: 0.47 1.07 1.45 -0.33 -0.04 0.30 0.55 0.14 0.78 1.35 1.68 -0.28 0.01 0.38 0.61 
Loss: 1.783792  SIA Ef: -0.203994 Binding: -0.02 -0.03 -0.04 0.49 0.71 0.48 0.38 0.15 0.25 -0.32 -0.03  Rvol: 0.45 1.09 1.40 -0.33 -0.05 0.27 0.51 0.14 0.76 1.32 1.62 -0.28 -0.01 0.35 0.57 
Loss: 1.749817  SIA Ef: -0.190420 Binding: -0.04 0.01 0.03 0.48 0.70 0.47 0.40 0.17 0.21 -0.34 -0.05  Rvol: 0.45 1.06 1.40 -0.33 -0.05 0.27 0.51 0.14 0.76 1.32 1.63 -0.28 -0.01 0.35 0.57 
Loss: 1.658103  SIA Ef: -0.168578 Binding: -0.05 -0.01 0.18 0.47 0.62 0.46 0.40 0.17 0.14 -0.36 -0.09  Rvol: 0.46 1.06 1.40 -0.33 -0.05 0.28 0.51 0.14 0.77 1.33 1.63 -0.28 0.00 0.36 0.57 
Loss: 1.578437  SIA Ef: -0.069871 Binding: -0.13 -0.01 0.29 0.43 0.52 0.44 0.44 0.15 0.07 -0.39 -0.17  Rvol: 0.46 1.04 1.42 -0.33 -0.06 0.27 0.51 0.14 0.77 1.34 1.64 -0.28 0.01 0.36 0.58 
Loss: 1.858937  SIA Ef: 0.097693 Binding: -0.13 -0.05 0.59 0.46 0.43 0.42 0.39 0.13 -0.04 -0.45 -0.29  Rvol: 0.47 1.05 1.44 -0.33 -0.06 0.28 0.52 0.14 0.78 1.35 1.65 -0.28 0.03 0.38 0.61 
Loss: 1.577799  SIA Ef: -0.071543 Binding: -0.13 -0.01 0.29 0.43 0.52 0.44 0.44 0.15 0.07 -0.39 -0.16  Rvol: 0.46 1.04 1.42 -0.33 -0.06 0.27 0.51 0.14 0.77 1.34 1.64 -0.28 0.01 0.36 0.58 
Loss: 1.620978  SIA Ef: -0.436356 Binding: -0.11 -0.03 0.14 0.41 0.56 0.45 0.40 0.12 0.13 -0.39 -0.13  Rvol: 0.45 1.03 1.38 -0.33 -0.07 0.25 0.48 0.14 0.76 1.31 1.60 -0.28 -0.01 0.34 0.54 
Loss: 1.576354  SIA Ef: -0.066514 Binding: -0.14 -0.00 0.29 0.43 0.52 0.44 0.44 0.14 0.07 -0.39 -0.17  Rvol: 0.46 1.04 1.42 -0.33 -0.06 0.27 0.51 0.14 0.77 1.34 1.64 -0.28 0.01 0.36 0.58 
Loss: 2.249334  SIA Ef: 0.090883 Binding: -0.46 0.27 0.40 0.41 0.45 0.45 0.79 0.23 0.04 -0.36 -0.15  Rvol: 0.47 0.87 1.44 -0.33 -0.07 0.27 0.52 0.14 0.77 1.34 1.66 -0.28 0.02 0.36 0.59 
Loss: 2.172083  SIA Ef: -0.065876 Binding: -0.46 0.30 0.26 0.42 0.52 0.44 0.77 0.17 0.08 -0.39 -0.16  Rvol: 0.46 0.85 1.42 -0.33 -0.06 0.27 0.51 0.14 0.77 1.33 1.65 -0.28 0.01 0.36 0.57 
Loss: 1.568354  SIA Ef: -0.126557 Binding: -0.09 0.02 0.15 0.45 0.60 0.43 0.39 0.08 0.12 -0.40 -0.17  Rvol: 0.46 1.04 1.41 -0.33 -0.06 0.27 0.51 0.14 0.77 1.33 1.62 -0.28 -0.00 0.35 0.57 
Loss: 1.569347  SIA Ef: -0.127785 Binding: -0.09 0.01 0.14 0.45 0.61 0.43 0.38 0.08 0.12 -0.40 -0.17  Rvol: 0.46 1.04 1.40 -0.33 -0.06 0.27 0.51 0.14 0.77 1.33 1.61 -0.28 -0.00 0.35 0.57 
Loss: 1.578506  SIA Ef: -0.246926 Binding: -0.04 -0.06 0.04 0.46 0.63 0.44 0.32 0.04 0.18 -0.39 -0.14  Rvol: 0.45 1.08 1.39 -0.33 -0.06 0.27 0.50 0.14 0.76 1.32 1.59 -0.28 -0.01 0.35 0.56 
Loss: 1.572681  SIA Ef: -0.050866 Binding: -0.09 0.01 0.17 0.45 0.60 0.43 0.37 0.07 0.10 -0.41 -0.19  Rvol: 0.46 1.05 1.41 -0.33 -0.06 0.27 0.52 0.14 0.77 1.33 1.63 -0.28 0.00 0.36 0.58 
Loss: 1.620502  SIA Ef: -0.126404 Binding: -0.09 0.04 0.02 0.45 0.66 0.43 0.38 0.07 0.17 -0.41 -0.16  Rvol: 0.46 1.04 1.40 -0.33 -0.06 0.26 0.51 0.14 0.76 1.32 1.62 -0.28 -0.01 0.35 0.58 
Loss: 1.590500  SIA Ef: -0.119759 Binding: -0.07 -0.01 0.28 0.46 0.57 0.43 0.34 0.07 0.06 -0.43 -0.21  Rvol: 0.46 1.05 1.41 -0.33 -0.06 0.27 0.51 0.14 0.77 1.33 1.61 -0.28 0.01 0.36 0.58 
Loss: 1.547806  SIA Ef: -0.085059 Binding: -0.12 0.02 0.18 0.44 0.57 0.43 0.40 0.08 0.10 -0.41 -0.19  Rvol: 0.46 1.04 1.41 -0.33 -0.06 0.27 0.51 0.14 0.77 1.33 1.63 -0.28 0.00 0.35 0.57 
Loss: 1.565834  SIA Ef: -0.044686 Binding: -0.13 0.03 0.22 0.44 0.56 0.44 0.43 0.10 0.09 -0.39 -0.17  Rvol: 0.47 1.04 1.41 -0.33 -0.06 0.27 0.51 0.14 0.77 1.33 1.63 -0.28 0.00 0.35 0.58 
Loss: 1.576400  SIA Ef: 0.006283 Binding: -0.13 0.03 0.22 0.44 0.56 0.43 0.41 0.09 0.08 -0.41 -0.19  Rvol: 0.47 1.04 1.42 -0.33 -0.06 0.27 0.52 0.14 0.77 1.34 1.63 -0.28 0.01 0.36 0.58 
Loss: 1.520693  SIA Ef: -0.184533 Binding: -0.14 0.02 0.14 0.42 0.56 0.43 0.41 0.07 0.10 -0.42 -0.19  Rvol: 0.46 1.03 1.40 -0.33 -0.07 0.26 0.50 0.14 0.76 1.32 1.62 -0.28 -0.00 0.34 0.56 
Loss: 2.124489  SIA Ef: -0.235212 Binding: -0.45 0.34 0.06 0.41 0.58 0.42 0.72 0.06 0.14 -0.42 -0.18  Rvol: 0.46 0.83 1.40 -0.33 -0.07 0.25 0.50 0.14 0.76 1.31 1.61 -0.28 -0.02 0.34 0.56 
Loss: 1.520556  SIA Ef: -0.185252 Binding: -0.14 0.02 0.14 0.42 0.56 0.43 0.41 0.07 0.10 -0.42 -0.19  Rvol: 0.46 1.03 1.40 -0.33 -0.07 0.26 0.50 0.14 0.76 1.32 1.62 -0.28 -0.00 0.34 0.56 
Loss: 1.540655  SIA Ef: -0.187415 Binding: -0.12 -0.01 0.28 0.43 0.52 0.42 0.38 0.06 0.05 -0.43 -0.23  Rvol: 0.46 1.04 1.40 -0.33 -0.07 0.26 0.50 0.14 0.76 1.33 1.61 -0.28 0.00 0.35 0.56 
Loss: 1.529889  SIA Ef: -0.193307 Binding: -0.13 0.03 0.12 0.42 0.58 0.43 0.40 0.06 0.11 -0.42 -0.19  Rvol: 0.46 1.03 1.40 -0.33 -0.07 0.26 0.50 0.14 0.76 1.32 1.62 -0.28 -0.00 0.34 0.56 
Loss: 2.104542  SIA Ef: -0.154998 Binding: -0.45 0.32 0.17 0.41 0.54 0.44 0.74 0.11 0.10 -0.39 -0.16  Rvol: 0.46 0.84 1.40 -0.33 -0.07 0.26 0.50 0.14 0.76 1.32 1.62 -0.28 -0.00 0.35 0.56 
Loss: 2.105054  SIA Ef: -0.147290 Binding: -0.45 0.33 0.17 0.41 0.55 0.42 0.72 0.08 0.09 -0.42 -0.20  Rvol: 0.46 0.84 1.41 -0.33 -0.07 0.26 0.50 0.14 0.76 1.32 1.63 -0.28 -0.00 0.35 0.56 
Loss: 1.501363  SIA Ef: -0.181567 Binding: -0.12 -0.01 0.10 0.42 0.57 0.43 0.38 0.05 0.12 -0.42 -0.19  Rvol: 0.46 1.04 1.40 -0.33 -0.06 0.26 0.50 0.14 0.76 1.32 1.62 -0.28 -0.00 0.35 0.56 
Loss: 1.507491  SIA Ef: -0.238860 Binding: -0.10 -0.03 0.08 0.42 0.58 0.43 0.35 0.03 0.13 -0.42 -0.19  Rvol: 0.46 1.04 1.40 -0.33 -0.06 0.26 0.50 0.14 0.76 1.32 1.61 -0.28 -0.01 0.34 0.56 
Loss: 1.504437  SIA Ef: -0.197968 Binding: -0.12 -0.01 0.10 0.42 0.57 0.43 0.38 0.05 0.12 -0.41 -0.18  Rvol: 0.46 1.04 1.40 -0.33 -0.06 0.26 0.50 0.14 0.76 1.32 1.62 -0.28 -0.01 0.34 0.56 
Loss: 1.493914  SIA Ef: -0.184535 Binding: -0.12 -0.02 0.10 0.42 0.56 0.43 0.39 0.06 0.12 -0.41 -0.17  Rvol: 0.46 1.04 1.40 -0.33 -0.06 0.26 0.50 0.14 0.76 1.32 1.62 -0.28 -0.00 0.34 0.56 
Loss: 1.493765  SIA Ef: -0.183637 Binding: -0.12 -0.02 0.11 0.42 0.56 0.43 0.39 0.06 0.12 -0.41 -0.17  Rvol: 0.46 1.04 1.40 -0.33 -0.06 0.26 0.50 0.14 0.76 1.32 1.62 -0.28 -0.00 0.34 0.56 
Loss: 1.473106  SIA Ef: -0.141450 Binding: -0.14 -0.01 0.11 0.41 0.54 0.43 0.41 0.07 0.12 -0.41 -0.17  Rvol: 0.46 1.04 1.41 -0.33 -0.07 0.26 0.50 0.14 0.76 1.32 1.62 -0.28 -0.00 0.35 0.56 
Loss: 1.467009  SIA Ef: -0.140701 Binding: -0.16 -0.01 0.08 0.40 0.54 0.43 0.43 0.07 0.13 -0.40 -0.16  Rvol: 0.46 1.03 1.41 -0.33 -0.07 0.26 0.50 0.14 0.76 1.32 1.63 -0.28 -0.01 0.34 0.56 
Loss: 2.038327  SIA Ef: -0.044894 Binding: -0.47 0.29 0.12 0.40 0.52 0.43 0.74 0.08 0.11 -0.40 -0.17  Rvol: 0.47 0.85 1.42 -0.33 -0.07 0.26 0.51 0.14 0.77 1.33 1.64 -0.28 -0.00 0.35 0.57 
Loss: 1.459501  SIA Ef: -0.138047 Binding: -0.16 -0.02 0.12 0.40 0.52 0.43 0.42 0.08 0.11 -0.40 -0.17  Rvol: 0.46 1.03 1.41 -0.33 -0.07 0.26 0.50 0.14 0.76 1.32 1.63 -0.28 -0.00 0.34 0.56 
Loss: 1.451772  SIA Ef: -0.174482 Binding: -0.15 -0.02 0.13 0.39 0.52 0.43 0.41 0.06 0.11 -0.41 -0.18  Rvol: 0.46 1.03 1.40 -0.33 -0.07 0.26 0.50 0.14 0.76 1.32 1.62 -0.28 -0.00 0.34 0.56 
Loss: 1.451636  SIA Ef: -0.175462 Binding: -0.15 -0.02 0.13 0.39 0.52 0.43 0.41 0.06 0.11 -0.41 -0.18  Rvol: 0.46 1.03 1.40 -0.33 -0.07 0.26 0.50 0.14 0.76 1.32 1.62 -0.28 -0.00 0.34 0.56 
Loss: 1.450548  SIA Ef: -0.238632 Binding: -0.14 -0.04 0.09 0.39 0.52 0.43 0.39 0.05 0.12 -0.41 -0.18  Rvol: 0.46 1.03 1.40 -0.33 -0.07 0.25 0.49 0.14 0.76 1.31 1.61 -0.28 -0.01 0.34 0.55 
Loss: 1.449185  SIA Ef: -0.225318 Binding: -0.14 -0.03 0.10 0.39 0.52 0.43 0.40 0.05 0.12 -0.41 -0.18  Rvol: 0.46 1.03 1.40 -0.33 -0.07 0.26 0.50 0.14 0.76 1.32 1.62 -0.28 -0.01 0.34 0.55 
Loss: 1.460885  SIA Ef: -0.247065 Binding: -0.16 -0.02 0.10 0.39 0.52 0.43 0.42 0.06 0.12 -0.41 -0.17  Rvol: 0.46 1.03 1.40 -0.33 -0.07 0.25 0.49 0.14 0.76 1.31 1.62 -0.28 -0.01 0.34 0.55 
Loss: 1.449296  SIA Ef: -0.224363 Binding: -0.14 -0.03 0.10 0.39 0.52 0.43 0.40 0.05 0.12 -0.41 -0.18  Rvol: 0.46 1.03 1.40 -0.33 -0.07 0.26 0.50 0.14 0.76 1.32 1.62 -0.28 -0.01 0.34 0.55 
Loss: 1.454247  SIA Ef: -0.222372 Binding: -0.15 -0.03 0.09 0.39 0.53 0.42 0.39 0.04 0.11 -0.42 -0.20  Rvol: 0.46 1.03 1.40 -0.33 -0.07 0.26 0.50 0.14 0.76 1.32 1.62 -0.28 -0.01 0.34 0.55 
Loss: 1.468484  SIA Ef: -0.265326 Binding: -0.13 -0.04 0.07 0.40 0.54 0.43 0.39 0.05 0.13 -0.41 -0.17  Rvol: 0.46 1.04 1.39 -0.33 -0.07 0.25 0.49 0.14 0.76 1.31 1.61 -0.28 -0.01 0.34 0.55 
Loss: 1.425738  SIA Ef: -0.154709 Binding: -0.16 -0.04 0.17 0.39 0.49 0.42 0.40 0.04 0.08 -0.42 -0.20  Rvol: 0.46 1.04 1.41 -0.33 -0.07 0.26 0.50 0.14 0.76 1.32 1.62 -0.28 -0.00 0.34 0.56 
Loss: 1.973370  SIA Ef: -0.136857 Binding: -0.47 0.26 0.21 0.38 0.46 0.42 0.72 0.06 0.07 -0.42 -0.21  Rvol: 0.46 0.84 1.41 -0.33 -0.07 0.26 0.50 0.14 0.76 1.32 1.62 -0.28 -0.00 0.34 0.56 
Loss: 1.434083  SIA Ef: -0.154108 Binding: -0.15 -0.04 0.20 0.39 0.48 0.42 0.39 0.04 0.08 -0.42 -0.21  Rvol: 0.46 1.04 1.41 -0.33 -0.07 0.26 0.50 0.14 0.76 1.32 1.62 -0.28 -0.00 0.35 0.56 
Loss: 1.423227  SIA Ef: -0.137702 Binding: -0.14 -0.04 0.14 0.40 0.50 0.42 0.38 0.03 0.10 -0.42 -0.21  Rvol: 0.46 1.04 1.41 -0.33 -0.07 0.26 0.50 0.14 0.76 1.32 1.62 -0.28 -0.00 0.35 0.56 
Loss: 1.426139  SIA Ef: -0.113868 Binding: -0.14 -0.04 0.14 0.40 0.51 0.42 0.39 0.04 0.10 -0.42 -0.20  Rvol: 0.46 1.04 1.41 -0.33 -0.07 0.26 0.50 0.14 0.76 1.32 1.62 -0.28 -0.00 0.35 0.56 
Loss: 1.420378  SIA Ef: -0.139157 Binding: -0.13 -0.06 0.16 0.40 0.50 0.42 0.37 0.02 0.09 -0.42 -0.21  Rvol: 0.46 1.05 1.41 -0.33 -0.07 0.26 0.50 0.14 0.76 1.32 1.62 -0.28 -0.00 0.35 0.56 
Loss: 1.420354  SIA Ef: -0.140300 Binding: -0.13 -0.06 0.16 0.40 0.50 0.42 0.37 0.02 0.09 -0.42 -0.21  Rvol: 0.46 1.05 1.41 -0.33 -0.07 0.26 0.50 0.14 0.76 1.32 1.62 -0.28 -0.00 0.35 0.56 
Loss: 1.409391  SIA Ef: -0.088838 Binding: -0.15 -0.06 0.18 0.39 0.47 0.42 0.38 0.02 0.08 -0.43 -0.22  Rvol: 0.46 1.04 1.41 -0.33 -0.07 0.26 0.51 0.14 0.77 1.33 1.62 -0.28 0.00 0.35 0.56 
Loss: 1.403675  SIA Ef: -0.068782 Binding: -0.16 -0.06 0.20 0.39 0.46 0.42 0.38 0.02 0.07 -0.43 -0.23  Rvol: 0.47 1.04 1.41 -0.33 -0.07 0.26 0.51 0.14 0.77 1.33 1.62 -0.28 -0.00 0.35 0.57 
Loss: 1.380496  SIA Ef: -0.125157 Binding: -0.15 -0.08 0.16 0.39 0.47 0.42 0.37 0.01 0.09 -0.42 -0.21  Rvol: 0.46 1.05 1.41 -0.33 -0.07 0.26 0.50 0.14 0.76 1.32 1.62 -0.28 -0.00 0.35 0.56 
Loss: 1.375367  SIA Ef: -0.139434 Binding: -0.15 -0.08 0.14 0.38 0.47 0.42 0.36 0.00 0.09 -0.43 -0.22  Rvol: 0.46 1.05 1.40 -0.33 -0.07 0.26 0.50 0.14 0.76 1.32 1.61 -0.28 -0.00 0.34 0.56 
Loss: 1.379185  SIA Ef: -0.117044 Binding: -0.15 -0.08 0.15 0.38 0.47 0.42 0.37 0.01 0.09 -0.43 -0.22  Rvol: 0.46 1.04 1.41 -0.33 -0.07 0.26 0.50 0.14 0.76 1.32 1.62 -0.28 -0.00 0.35 0.56 
Loss: 1.366012  SIA Ef: -0.197895 Binding: -0.14 -0.10 0.08 0.38 0.48 0.42 0.36 -0.00 0.12 -0.42 -0.20  Rvol: 0.46 1.05 1.40 -0.33 -0.07 0.25 0.49 0.14 0.76 1.32 1.61 -0.28 -0.01 0.34 0.55 
Loss: 1.355808  SIA Ef: -0.200410 Binding: -0.14 -0.11 0.12 0.38 0.46 0.42 0.34 -0.01 0.10 -0.43 -0.21  Rvol: 0.46 1.05 1.40 -0.33 -0.07 0.25 0.49 0.14 0.76 1.32 1.60 -0.28 -0.01 0.34 0.55 
Loss: 1.346740  SIA Ef: -0.155242 Binding: -0.14 -0.11 0.12 0.38 0.46 0.42 0.35 -0.00 0.10 -0.42 -0.21  Rvol: 0.46 1.05 1.40 -0.33 -0.07 0.26 0.50 0.14 0.76 1.32 1.60 -0.28 -0.01 0.34 0.56 
Loss: 1.346759  SIA Ef: -0.162096 Binding: -0.14 -0.12 0.13 0.38 0.45 0.42 0.35 0.00 0.10 -0.42 -0.21  Rvol: 0.46 1.05 1.40 -0.33 -0.07 0.26 0.50 0.14 0.76 1.32 1.61 -0.28 -0.00 0.34 0.56 
Loss: 1.343245  SIA Ef: -0.165062 Binding: -0.16 -0.10 0.12 0.37 0.45 0.42 0.37 0.01 0.10 -0.42 -0.20  Rvol: 0.46 1.04 1.40 -0.33 -0.07 0.25 0.50 0.14 0.76 1.32 1.61 -0.28 -0.01 0.34 0.56 
Loss: 1.343293  SIA Ef: -0.166313 Binding: -0.16 -0.10 0.12 0.37 0.45 0.42 0.37 0.01 0.10 -0.42 -0.20  Rvol: 0.46 1.04 1.40 -0.33 -0.07 0.25 0.50 0.14 0.76 1.32 1.60 -0.28 -0.01 0.34 0.56 
Loss: 1.356149  SIA Ef: -0.232522 Binding: -0.14 -0.11 0.08 0.37 0.47 0.43 0.35 0.01 0.12 -0.41 -0.19  Rvol: 0.46 1.05 1.39 -0.33 -0.07 0.25 0.49 0.14 0.76 1.31 1.59 -0.28 -0.01 0.34 0.55 
Loss: 1.348416  SIA Ef: -0.181765 Binding: -0.16 -0.10 0.11 0.37 0.46 0.42 0.37 0.01 0.11 -0.42 -0.20  Rvol: 0.46 1.04 1.40 -0.33 -0.07 0.25 0.50 0.14 0.76 1.32 1.60 -0.28 -0.01 0.34 0.55 
Loss: 1.330412  SIA Ef: -0.113947 Binding: -0.18 -0.10 0.15 0.36 0.42 0.42 0.38 0.01 0.09 -0.42 -0.21  Rvol: 0.46 1.04 1.41 -0.33 -0.07 0.25 0.50 0.14 0.76 1.32 1.61 -0.28 -0.01 0.34 0.56 
Loss: 1.316357  SIA Ef: -0.109783 Binding: -0.18 -0.11 0.15 0.36 0.41 0.42 0.38 -0.00 0.09 -0.42 -0.22  Rvol: 0.47 1.04 1.40 -0.33 -0.07 0.25 0.50 0.14 0.76 1.32 1.61 -0.28 -0.01 0.34 0.56 
Loss: 1.302660  SIA Ef: -0.104574 Binding: -0.18 -0.12 0.15 0.35 0.40 0.42 0.38 -0.01 0.09 -0.42 -0.22  Rvol: 0.47 1.04 1.40 -0.33 -0.08 0.25 0.50 0.14 0.76 1.32 1.60 -0.28 -0.01 0.34 0.56 
Loss: 1.295902  SIA Ef: -0.068530 Binding: -0.20 -0.13 0.16 0.35 0.38 0.42 0.38 -0.00 0.08 -0.42 -0.22  Rvol: 0.47 1.04 1.41 -0.33 -0.08 0.25 0.50 0.14 0.76 1.32 1.61 -0.28 -0.00 0.34 0.56 
Loss: 1.291813  SIA Ef: -0.061698 Binding: -0.19 -0.13 0.18 0.35 0.37 0.42 0.39 0.00 0.08 -0.41 -0.21  Rvol: 0.47 1.04 1.41 -0.33 -0.08 0.25 0.50 0.14 0.76 1.33 1.60 -0.28 -0.00 0.34 0.56 
Loss: 1.305721  SIA Ef: -0.021299 Binding: -0.20 -0.14 0.22 0.35 0.35 0.42 0.38 -0.00 0.06 -0.42 -0.23  Rvol: 0.47 1.04 1.41 -0.33 -0.08 0.25 0.50 0.14 0.77 1.33 1.61 -0.28 -0.00 0.35 0.57 
Loss: 1.293768  SIA Ef: -0.043132 Binding: -0.20 -0.12 0.16 0.35 0.38 0.43 0.40 0.01 0.08 -0.41 -0.20  Rvol: 0.47 1.04 1.41 -0.33 -0.08 0.25 0.50 0.14 0.76 1.33 1.61 -0.28 -0.00 0.34 0.56 
Loss: 1.269122  SIA Ef: -0.126958 Binding: -0.19 -0.14 0.11 0.34 0.39 0.43 0.38 -0.01 0.10 -0.41 -0.19  Rvol: 0.47 1.04 1.40 -0.33 -0.08 0.25 0.49 0.14 0.76 1.32 1.60 -0.28 -0.01 0.34 0.56 
Loss: 1.271006  SIA Ef: -0.182495 Binding: -0.18 -0.14 0.07 0.34 0.40 0.43 0.38 -0.00 0.12 -0.40 -0.18  Rvol: 0.46 1.04 1.39 -0.33 -0.08 0.25 0.49 0.14 0.76 1.31 1.59 -0.28 -0.01 0.34 0.55 
Loss: 1.268673  SIA Ef: -0.120134 Binding: -0.19 -0.13 0.09 0.34 0.39 0.43 0.38 -0.01 0.11 -0.41 -0.19  Rvol: 0.47 1.04 1.40 -0.33 -0.08 0.25 0.49 0.14 0.76 1.32 1.60 -0.28 -0.01 0.34 0.56 
Loss: 1.268002  SIA Ef: -0.136474 Binding: -0.16 -0.15 0.07 0.35 0.41 0.43 0.36 -0.02 0.12 -0.41 -0.19  Rvol: 0.46 1.05 1.40 -0.33 -0.08 0.25 0.49 0.14 0.76 1.32 1.59 -0.28 -0.01 0.34 0.55 
Loss: 1.272543  SIA Ef: -0.162975 Binding: -0.16 -0.16 0.05 0.35 0.42 0.43 0.35 -0.02 0.13 -0.41 -0.18  Rvol: 0.46 1.06 1.39 -0.33 -0.08 0.25 0.49 0.14 0.76 1.31 1.59 -0.28 -0.01 0.34 0.55 
Loss: 1.270397  SIA Ef: -0.168651 Binding: -0.17 -0.15 0.03 0.34 0.41 0.43 0.36 -0.02 0.14 -0.41 -0.17  Rvol: 0.46 1.05 1.39 -0.33 -0.08 0.25 0.49 0.14 0.76 1.31 1.59 -0.28 -0.02 0.34 0.55 
Loss: 1.262755  SIA Ef: -0.113673 Binding: -0.17 -0.15 0.08 0.34 0.40 0.43 0.36 -0.02 0.12 -0.41 -0.19  Rvol: 0.46 1.05 1.40 -0.33 -0.08 0.25 0.49 0.14 0.76 1.32 1.60 -0.28 -0.01 0.34 0.56 
Loss: 1.258264  SIA Ef: -0.114381 Binding: -0.18 -0.15 0.07 0.34 0.40 0.43 0.37 -0.02 0.12 -0.41 -0.19  Rvol: 0.46 1.05 1.40 -0.33 -0.08 0.25 0.49 0.14 0.76 1.32 1.60 -0.28 -0.01 0.34 0.55 
Loss: 1.249345  SIA Ef: -0.099687 Binding: -0.19 -0.15 0.07 0.33 0.38 0.42 0.37 -0.03 0.11 -0.41 -0.20  Rvol: 0.47 1.05 1.40 -0.33 -0.08 0.25 0.49 0.14 0.76 1.32 1.60 -0.28 -0.01 0.34 0.56 
Loss: 1.256069  SIA Ef: -0.112841 Binding: -0.19 -0.15 0.05 0.33 0.39 0.42 0.36 -0.04 0.12 -0.42 -0.20  Rvol: 0.47 1.05 1.40 -0.33 -0.08 0.25 0.49 0.14 0.76 1.32 1.60 -0.28 -0.01 0.34 0.55 
Loss: 1.252513  SIA Ef: -0.086832 Binding: -0.19 -0.15 0.05 0.33 0.39 0.43 0.38 -0.03 0.12 -0.41 -0.19  Rvol: 0.47 1.05 1.40 -0.33 -0.08 0.25 0.50 0.14 0.76 1.32 1.60 -0.28 -0.01 0.34 0.56 
Loss: 1.254133  SIA Ef: -0.032205 Binding: -0.20 -0.16 0.14 0.33 0.35 0.42 0.37 -0.03 0.08 -0.42 -0.22  Rvol: 0.47 1.05 1.41 -0.33 -0.08 0.25 0.50 0.14 0.76 1.32 1.60 -0.28 -0.01 0.34 0.56 
Loss: 1.251766  SIA Ef: -0.077723 Binding: -0.19 -0.15 0.09 0.33 0.38 0.42 0.37 -0.03 0.11 -0.42 -0.20  Rvol: 0.47 1.05 1.40 -0.33 -0.08 0.25 0.50 0.14 0.76 1.32 1.60 -0.28 -0.01 0.34 0.56 
Loss: 1.246583  SIA Ef: -0.163924 Binding: -0.18 -0.17 0.04 0.33 0.39 0.43 0.35 -0.04 0.13 -0.41 -0.18  Rvol: 0.46 1.05 1.39 -0.33 -0.08 0.25 0.49 0.14 0.76 1.31 1.59 -0.28 -0.01 0.33 0.55 
Loss: 1.247698  SIA Ef: -0.180467 Binding: -0.18 -0.17 0.02 0.33 0.39 0.43 0.36 -0.04 0.13 -0.40 -0.18  Rvol: 0.46 1.05 1.39 -0.33 -0.08 0.24 0.49 0.14 0.76 1.31 1.59 -0.28 -0.02 0.33 0.55 
Loss: 1.247236  SIA Ef: -0.169254 Binding: -0.17 -0.17 0.04 0.33 0.39 0.43 0.35 -0.04 0.13 -0.41 -0.18  Rvol: 0.46 1.05 1.39 -0.33 -0.08 0.25 0.49 0.14 0.76 1.31 1.59 -0.28 -0.01 0.33 0.55 
Loss: 1.244140  SIA Ef: -0.164533 Binding: -0.18 -0.17 0.06 0.33 0.38 0.43 0.36 -0.03 0.12 -0.41 -0.19  Rvol: 0.46 1.05 1.39 -0.33 -0.08 0.25 0.49 0.14 0.76 1.31 1.59 -0.28 -0.01 0.33 0.55 
Loss: 1.244666  SIA Ef: -0.169705 Binding: -0.19 -0.17 0.06 0.33 0.38 0.43 0.36 -0.03 0.12 -0.41 -0.19  Rvol: 0.46 1.05 1.39 -0.33 -0.08 0.25 0.49 0.14 0.76 1.31 1.59 -0.28 -0.01 0.33 0.55 
Loss: 1.247325  SIA Ef: -0.186888 Binding: -0.18 -0.17 0.06 0.33 0.38 0.43 0.36 -0.04 0.12 -0.41 -0.19  Rvol: 0.46 1.05 1.39 -0.33 -0.08 0.24 0.49 0.14 0.76 1.31 1.59 -0.28 -0.01 0.33 0.55 
Loss: 1.244214  SIA Ef: -0.164127 Binding: -0.18 -0.17 0.07 0.33 0.38 0.43 0.36 -0.03 0.12 -0.40 -0.18  Rvol: 0.46 1.05 1.39 -0.33 -0.08 0.25 0.49 0.14 0.76 1.31 1.59 -0.28 -0.01 0.33 0.55 
Loss: 1.247717  SIA Ef: -0.178994 Binding: -0.18 -0.17 0.07 0.33 0.38 0.43 0.36 -0.03 0.12 -0.41 -0.19  Rvol: 0.46 1.05 1.39 -0.33 -0.08 0.25 0.49 0.14 0.76 1.31 1.59 -0.28 -0.01 0.33 0.55 
Loss: 1.241238  SIA Ef: -0.156187 Binding: -0.19 -0.17 0.08 0.33 0.37 0.43 0.36 -0.03 0.11 -0.41 -0.19  Rvol: 0.46 1.05 1.39 -0.33 -0.08 0.25 0.49 0.14 0.76 1.31 1.59 -0.28 -0.01 0.34 0.55 
Loss: 1.236212  SIA Ef: -0.124606 Binding: -0.20 -0.17 0.10 0.32 0.36 0.43 0.37 -0.03 0.10 -0.41 -0.20  Rvol: 0.47 1.05 1.40 -0.33 -0.08 0.25 0.49 0.14 0.76 1.32 1.59 -0.28 -0.01 0.34 0.55 
Loss: 1.237687  SIA Ef: -0.093344 Binding: -0.20 -0.17 0.13 0.33 0.35 0.42 0.37 -0.03 0.09 -0.41 -0.21  Rvol: 0.47 1.05 1.40 -0.33 -0.08 0.25 0.49 0.14 0.76 1.32 1.59 -0.28 -0.01 0.34 0.56 
Loss: 1.238367  SIA Ef: -0.108480 Binding: -0.20 -0.16 0.10 0.32 0.36 0.43 0.38 -0.03 0.10 -0.41 -0.20  Rvol: 0.47 1.05 1.40 -0.33 -0.08 0.25 0.49 0.14 0.76 1.32 1.59 -0.28 -0.01 0.34 0.55 
Loss: 1.236795  SIA Ef: -0.112067 Binding: -0.20 -0.17 0.12 0.33 0.35 0.43 0.37 -0.03 0.09 -0.41 -0.20  Rvol: 0.47 1.05 1.40 -0.33 -0.08 0.25 0.49 0.14 0.76 1.32 1.59 -0.28 -0.01 0.34 0.55 
Loss: 1.234667  SIA Ef: -0.132191 Binding: -0.20 -0.17 0.09 0.32 0.36 0.43 0.37 -0.03 0.11 -0.41 -0.20  Rvol: 0.47 1.05 1.40 -0.33 -0.08 0.25 0.49 0.14 0.76 1.32 1.59 -0.28 -0.01 0.34 0.55 
Loss: 1.230071  SIA Ef: -0.138638 Binding: -0.20 -0.17 0.08 0.32 0.36 0.43 0.38 -0.02 0.11 -0.40 -0.19  Rvol: 0.47 1.05 1.40 -0.33 -0.08 0.24 0.49 0.14 0.76 1.31 1.59 -0.28 -0.01 0.33 0.55 
Loss: 1.228015  SIA Ef: -0.149652 Binding: -0.19 -0.18 0.08 0.32 0.35 0.43 0.37 -0.03 0.11 -0.40 -0.18  Rvol: 0.46 1.05 1.39 -0.33 -0.08 0.25 0.49 0.14 0.76 1.31 1.59 -0.28 -0.01 0.33 0.55 
Loss: 1.228353  SIA Ef: -0.146388 Binding: -0.20 -0.18 0.08 0.32 0.35 0.43 0.37 -0.03 0.11 -0.40 -0.18  Rvol: 0.46 1.05 1.39 -0.33 -0.08 0.25 0.49 0.14 0.76 1.31 1.59 -0.28 -0.01 0.34 0.55 
Loss: 1.226776  SIA Ef: -0.169961 Binding: -0.20 -0.18 0.08 0.32 0.35 0.43 0.37 -0.03 0.11 -0.40 -0.19  Rvol: 0.46 1.05 1.39 -0.33 -0.08 0.24 0.49 0.14 0.76 1.31 1.59 -0.28 -0.01 0.33 0.55 
Loss: 1.225840  SIA Ef: -0.163656 Binding: -0.19 -0.18 0.08 0.32 0.35 0.43 0.37 -0.03 0.11 -0.40 -0.19  Rvol: 0.46 1.05 1.39 -0.33 -0.08 0.24 0.49 0.14 0.76 1.31 1.58 -0.28 -0.01 0.33 0.55 
Loss: 1.224246  SIA Ef: -0.172251 Binding: -0.19 -0.19 0.06 0.32 0.36 0.43 0.36 -0.04 0.12 -0.40 -0.18  Rvol: 0.46 1.05 1.39 -0.33 -0.08 0.24 0.49 0.14 0.76 1.31 1.58 -0.28 -0.01 0.33 0.55 
Loss: 1.229204  SIA Ef: -0.189408 Binding: -0.19 -0.19 0.04 0.32 0.36 0.43 0.36 -0.04 0.13 -0.40 -0.18  Rvol: 0.46 1.05 1.39 -0.33 -0.08 0.24 0.49 0.14 0.76 1.31 1.58 -0.28 -0.02 0.33 0.55 
Loss: 1.217938  SIA Ef: -0.158461 Binding: -0.19 -0.19 0.07 0.32 0.35 0.43 0.36 -0.04 0.12 -0.40 -0.19  Rvol: 0.46 1.05 1.39 -0.33 -0.08 0.24 0.49 0.14 0.76 1.31 1.58 -0.28 -0.01 0.33 0.55 
Loss: 1.214836  SIA Ef: -0.116360 Binding: -0.20 -0.19 0.09 0.31 0.33 0.43 0.37 -0.04 0.11 -0.41 -0.19  Rvol: 0.47 1.05 1.40 -0.33 -0.08 0.24 0.49 0.14 0.76 1.32 1.59 -0.28 -0.01 0.34 0.55 
Loss: 1.215251  SIA Ef: -0.104470 Binding: -0.20 -0.19 0.09 0.31 0.34 0.43 0.37 -0.03 0.11 -0.40 -0.19  Rvol: 0.47 1.05 1.40 -0.33 -0.08 0.25 0.49 0.14 0.76 1.32 1.59 -0.28 -0.01 0.34 0.55 
Loss: 1.214947  SIA Ef: -0.108922 Binding: -0.21 -0.19 0.10 0.31 0.33 0.43 0.37 -0.03 0.10 -0.40 -0.19  Rvol: 0.47 1.05 1.40 -0.33 -0.08 0.24 0.49 0.14 0.76 1.32 1.59 -0.28 -0.01 0.34 0.55 
Loss: 1.217696  SIA Ef: -0.097679 Binding: -0.20 -0.19 0.12 0.32 0.32 0.42 0.36 -0.04 0.09 -0.41 -0.21  Rvol: 0.47 1.05 1.40 -0.33 -0.08 0.25 0.49 0.14 0.76 1.32 1.59 -0.28 -0.01 0.34 0.55 
Loss: 1.214723  SIA Ef: -0.117737 Binding: -0.20 -0.19 0.09 0.31 0.33 0.43 0.37 -0.04 0.11 -0.41 -0.19  Rvol: 0.47 1.05 1.40 -0.33 -0.08 0.24 0.49 0.14 0.76 1.32 1.59 -0.28 -0.01 0.34 0.55 
Loss: 1.215225  SIA Ef: -0.103798 Binding: -0.21 -0.18 0.09 0.31 0.33 0.43 0.38 -0.03 0.11 -0.41 -0.19  Rvol: 0.47 1.05 1.40 -0.33 -0.08 0.24 0.49 0.14 0.76 1.32 1.59 -0.28 -0.01 0.34 0.55 
Loss: 1.215742  SIA Ef: -0.105790 Binding: -0.20 -0.19 0.08 0.32 0.34 0.43 0.37 -0.04 0.11 -0.41 -0.19  Rvol: 0.47 1.05 1.40 -0.33 -0.08 0.25 0.49 0.14 0.76 1.32 1.59 -0.28 -0.01 0.34 0.55 
Loss: 1.214642  SIA Ef: -0.113432 Binding: -0.21 -0.18 0.08 0.31 0.33 0.43 0.38 -0.04 0.11 -0.41 -0.19  Rvol: 0.47 1.05 1.40 -0.33 -0.08 0.24 0.49 0.14 0.76 1.32 1.59 -0.28 -0.01 0.34 0.55 
Loss: 1.212905  SIA Ef: -0.120390 Binding: -0.21 -0.19 0.07 0.31 0.34 0.43 0.37 -0.04 0.11 -0.41 -0.19  Rvol: 0.47 1.05 1.40 -0.33 -0.08 0.24 0.49 0.14 0.76 1.32 1.59 -0.28 -0.01 0.33 0.55 
Loss: 1.208533  SIA Ef: -0.132072 Binding: -0.21 -0.19 0.05 0.31 0.34 0.43 0.38 -0.04 0.12 -0.40 -0.18  Rvol: 0.47 1.05 1.39 -0.33 -0.08 0.24 0.49 0.14 0.76 1.31 1.59 -0.28 -0.01 0.33 0.55 
Loss: 1.208132  SIA Ef: -0.137867 Binding: -0.21 -0.19 0.03 0.30 0.34 0.43 0.38 -0.04 0.13 -0.40 -0.18  Rvol: 0.47 1.05 1.39 -0.33 -0.08 0.24 0.49 0.14 0.76 1.31 1.59 -0.28 -0.02 0.33 0.55 
Loss: 1.212916  SIA Ef: -0.156908 Binding: -0.21 -0.19 0.01 0.30 0.34 0.43 0.38 -0.04 0.14 -0.40 -0.17  Rvol: 0.46 1.05 1.39 -0.33 -0.08 0.24 0.49 0.14 0.76 1.31 1.59 -0.28 -0.02 0.33 0.55 
Loss: 1.202090  SIA Ef: -0.127489 Binding: -0.21 -0.20 0.04 0.30 0.33 0.43 0.37 -0.05 0.12 -0.40 -0.18  Rvol: 0.47 1.05 1.39 -0.33 -0.08 0.24 0.49 0.14 0.76 1.31 1.59 -0.28 -0.02 0.33 0.55 
Loss: 1.202074  SIA Ef: -0.093301 Binding: -0.21 -0.19 0.05 0.30 0.33 0.43 0.38 -0.04 0.12 -0.40 -0.19  Rvol: 0.47 1.05 1.40 -0.33 -0.08 0.24 0.49 0.14 0.76 1.32 1.59 -0.28 -0.01 0.33 0.55 
Loss: 1.201911  SIA Ef: -0.098304 Binding: -0.21 -0.19 0.05 0.30 0.32 0.43 0.38 -0.04 0.12 -0.40 -0.19  Rvol: 0.47 1.05 1.40 -0.33 -0.08 0.24 0.49 0.14 0.76 1.32 1.59 -0.28 -0.01 0.33 0.55 
Loss: 1.203396  SIA Ef: -0.074536 Binding: -0.22 -0.19 0.08 0.30 0.31 0.43 0.39 -0.04 0.11 -0.40 -0.19  Rvol: 0.47 1.05 1.40 -0.33 -0.08 0.24 0.49 0.14 0.76 1.32 1.59 -0.28 -0.01 0.34 0.55 
Loss: 1.201967  SIA Ef: -0.104528 Binding: -0.21 -0.20 0.05 0.30 0.32 0.43 0.37 -0.05 0.12 -0.40 -0.19  Rvol: 0.47 1.05 1.40 -0.33 -0.08 0.24 0.49 0.14 0.76 1.32 1.59 -0.28 -0.01 0.33 0.55 
Loss: 1.203686  SIA Ef: -0.083332 Binding: -0.22 -0.19 0.05 0.30 0.32 0.42 0.38 -0.05 0.11 -0.41 -0.20  Rvol: 0.47 1.05 1.40 -0.33 -0.08 0.24 0.49 0.14 0.76 1.32 1.59 -0.28 -0.01 0.33 0.55 
Loss: 1.202731  SIA Ef: -0.105575 Binding: -0.21 -0.19 0.04 0.30 0.33 0.43 0.37 -0.05 0.12 -0.40 -0.19  Rvol: 0.47 1.05 1.40 -0.33 -0.08 0.24 0.49 0.14 0.76 1.32 1.59 -0.28 -0.01 0.33 0.55 
Loss: 1.201806  SIA Ef: -0.094024 Binding: -0.21 -0.19 0.06 0.30 0.32 0.43 0.37 -0.05 0.11 -0.41 -0.19  Rvol: 0.47 1.05 1.40 -0.33 -0.08 0.24 0.49 0.14 0.76 1.32 1.59 -0.28 -0.01 0.33 0.55 
Loss: 1.203444  SIA Ef: -0.082937 Binding: -0.22 -0.19 0.07 0.30 0.32 0.42 0.37 -0.05 0.11 -0.41 -0.20  Rvol: 0.47 1.05 1.40 -0.33 -0.08 0.24 0.49 0.14 0.76 1.32 1.59 -0.28 -0.01 0.34 0.55 
Loss: 1.197327  SIA Ef: -0.118409 Binding: -0.21 -0.20 0.05 0.30 0.32 0.43 0.36 -0.05 0.12 -0.41 -0.19  Rvol: 0.47 1.05 1.39 -0.33 -0.08 0.24 0.49 0.14 0.76 1.31 1.58 -0.28 -0.02 0.33 0.55 
Loss: 1.196523  SIA Ef: -0.143972 Binding: -0.20 -0.21 0.02 0.30 0.33 0.43 0.36 -0.06 0.13 -0.40 -0.18  Rvol: 0.47 1.05 1.39 -0.33 -0.08 0.24 0.49 0.14 0.76 1.31 1.58 -0.28 -0.02 0.33 0.55 
Loss: 1.198052  SIA Ef: -0.163569 Binding: -0.19 -0.21 0.02 0.30 0.33 0.43 0.35 -0.06 0.13 -0.40 -0.18  Rvol: 0.46 1.06 1.39 -0.33 -0.08 0.24 0.49 0.14 0.76 1.31 1.58 -0.28 -0.02 0.33 0.55 
Loss: 1.198924  SIA Ef: -0.148191 Binding: -0.20 -0.21 0.01 0.30 0.33 0.43 0.36 -0.06 0.13 -0.40 -0.18  Rvol: 0.46 1.05 1.39 -0.33 -0.08 0.24 0.49 0.14 0.76 1.31 1.58 -0.28 -0.02 0.33 0.55 
Loss: 1.191168  SIA Ef: -0.127008 Binding: -0.21 -0.21 0.04 0.29 0.31 0.43 0.37 -0.06 0.12 -0.41 -0.19  Rvol: 0.47 1.05 1.39 -0.33 -0.08 0.24 0.49 0.14 0.76 1.31 1.58 -0.28 -0.02 0.33 0.55 
Loss: 1.192128  SIA Ef: -0.144283 Binding: -0.21 -0.21 0.03 0.29 0.31 0.43 0.36 -0.06 0.12 -0.41 -0.19  Rvol: 0.47 1.05 1.39 -0.33 -0.08 0.24 0.49 0.14 0.76 1.31 1.58 -0.28 -0.02 0.33 0.55 
Loss: 1.190805  SIA Ef: -0.109862 Binding: -0.21 -0.21 0.04 0.30 0.31 0.43 0.37 -0.06 0.12 -0.40 -0.19  Rvol: 0.47 1.05 1.40 -0.33 -0.08 0.24 0.49 0.14 0.76 1.31 1.59 -0.28 -0.02 0.33 0.55 
Loss: 1.189370  SIA Ef: -0.091546 Binding: -0.22 -0.21 0.07 0.30 0.30 0.43 0.37 -0.06 0.11 -0.41 -0.20  Rvol: 0.47 1.05 1.40 -0.33 -0.08 0.24 0.49 0.14 0.76 1.32 1.59 -0.28 -0.01 0.33 0.55 
Loss: 1.191457  SIA Ef: -0.068880 Binding: -0.23 -0.21 0.09 0.29 0.29 0.42 0.38 -0.05 0.10 -0.41 -0.20  Rvol: 0.47 1.05 1.40 -0.33 -0.09 0.24 0.49 0.14 0.76 1.32 1.59 -0.28 -0.01 0.34 0.55 
Loss: 1.189452  SIA Ef: -0.096551 Binding: -0.22 -0.21 0.07 0.30 0.30 0.43 0.37 -0.06 0.11 -0.41 -0.20  Rvol: 0.47 1.05 1.40 -0.33 -0.08 0.24 0.49 0.14 0.76 1.32 1.59 -0.28 -0.01 0.33 0.55 
Loss: 1.188124  SIA Ef: -0.098087 Binding: -0.21 -0.22 0.08 0.30 0.30 0.43 0.36 -0.06 0.11 -0.40 -0.19  Rvol: 0.47 1.05 1.40 -0.33 -0.08 0.24 0.49 0.14 0.76 1.32 1.58 -0.28 -0.01 0.33 0.55 
Loss: 1.187793  SIA Ef: -0.091621 Binding: -0.22 -0.21 0.08 0.30 0.30 0.43 0.37 -0.05 0.11 -0.40 -0.19  Rvol: 0.47 1.05 1.40 -0.33 -0.08 0.24 0.49 0.14 0.76 1.32 1.58 -0.28 -0.01 0.33 0.55 
Loss: 1.188441  SIA Ef: -0.080085 Binding: -0.22 -0.21 0.08 0.29 0.29 0.43 0.38 -0.05 0.11 -0.40 -0.19  Rvol: 0.47 1.05 1.40 -0.33 -0.08 0.24 0.49 0.14 0.76 1.32 1.59 -0.28 -0.01 0.33 0.55 
Loss: 1.191560  SIA Ef: -0.078354 Binding: -0.22 -0.21 0.10 0.30 0.29 0.43 0.37 -0.05 0.10 -0.41 -0.20  Rvol: 0.47 1.05 1.40 -0.33 -0.08 0.24 0.49 0.14 0.76 1.32 1.59 -0.28 -0.01 0.34 0.55 
Loss: 1.185059  SIA Ef: -0.096965 Binding: -0.21 -0.22 0.07 0.29 0.30 0.43 0.36 -0.06 0.11 -0.41 -0.20  Rvol: 0.47 1.05 1.40 -0.33 -0.09 0.24 0.49 0.14 0.76 1.32 1.58 -0.28 -0.01 0.33 0.55 
Loss: 1.181577  SIA Ef: -0.121446 Binding: -0.21 -0.22 0.04 0.29 0.31 0.43 0.36 -0.06 0.12 -0.40 -0.18  Rvol: 0.47 1.05 1.39 -0.33 -0.09 0.24 0.49 0.14 0.76 1.31 1.58 -0.28 -0.02 0.33 0.55 
Loss: 1.178027  SIA Ef: -0.116904 Binding: -0.21 -0.22 0.04 0.29 0.30 0.43 0.36 -0.06 0.12 -0.40 -0.18  Rvol: 0.47 1.05 1.39 -0.33 -0.09 0.24 0.49 0.14 0.76 1.31 1.58 -0.28 -0.02 0.33 0.55 
Loss: 1.178120  SIA Ef: -0.136683 Binding: -0.21 -0.23 0.03 0.29 0.30 0.43 0.36 -0.07 0.13 -0.40 -0.18  Rvol: 0.47 1.05 1.39 -0.33 -0.09 0.24 0.49 0.14 0.76 1.31 1.58 -0.28 -0.02 0.33 0.55 
Loss: 1.177867  SIA Ef: -0.128304 Binding: -0.21 -0.22 0.05 0.29 0.29 0.43 0.36 -0.06 0.12 -0.40 -0.19  Rvol: 0.47 1.05 1.39 -0.33 -0.09 0.24 0.49 0.14 0.76 1.31 1.58 -0.28 -0.02 0.33 0.55 
Loss: 1.182830  SIA Ef: -0.164683 Binding: -0.21 -0.22 0.01 0.29 0.31 0.43 0.36 -0.06 0.13 -0.40 -0.17  Rvol: 0.46 1.05 1.39 -0.33 -0.09 0.24 0.48 0.14 0.75 1.31 1.57 -0.28 -0.02 0.33 0.54 
Loss: 1.177621  SIA Ef: -0.123039 Binding: -0.21 -0.22 0.05 0.29 0.30 0.43 0.36 -0.06 0.12 -0.40 -0.18  Rvol: 0.47 1.05 1.39 -0.33 -0.09 0.24 0.49 0.14 0.76 1.31 1.58 -0.28 -0.02 0.33 0.55 
Loss: 1.174369  SIA Ef: -0.100242 Binding: -0.22 -0.23 0.06 0.29 0.29 0.43 0.36 -0.06 0.11 -0.40 -0.19  Rvol: 0.47 1.05 1.39 -0.33 -0.09 0.24 0.49 0.14 0.76 1.31 1.58 -0.28 -0.02 0.33 0.55 
Loss: 1.169882  SIA Ef: -0.105775 Binding: -0.22 -0.23 0.06 0.29 0.28 0.43 0.36 -0.07 0.11 -0.40 -0.19  Rvol: 0.47 1.05 1.39 -0.33 -0.09 0.24 0.49 0.14 0.76 1.31 1.58 -0.28 -0.02 0.33 0.55 
Loss: 1.165763  SIA Ef: -0.119936 Binding: -0.22 -0.24 0.05 0.28 0.28 0.43 0.36 -0.07 0.12 -0.40 -0.18  Rvol: 0.47 1.05 1.39 -0.33 -0.09 0.24 0.49 0.14 0.76 1.31 1.57 -0.28 -0.02 0.33 0.55 
Loss: 1.163192  SIA Ef: -0.121493 Binding: -0.22 -0.24 0.03 0.28 0.28 0.43 0.36 -0.07 0.12 -0.39 -0.18  Rvol: 0.47 1.05 1.39 -0.33 -0.09 0.24 0.49 0.14 0.76 1.31 1.57 -0.28 -0.02 0.33 0.54 
Loss: 1.162155  SIA Ef: -0.119871 Binding: -0.22 -0.24 0.02 0.28 0.28 0.43 0.37 -0.07 0.13 -0.39 -0.18  Rvol: 0.47 1.05 1.39 -0.33 -0.09 0.24 0.49 0.14 0.76 1.31 1.57 -0.28 -0.02 0.33 0.54 
Loss: 1.161123  SIA Ef: -0.112024 Binding: -0.23 -0.24 0.02 0.28 0.28 0.43 0.37 -0.07 0.13 -0.39 -0.17  Rvol: 0.47 1.05 1.39 -0.33 -0.09 0.24 0.49 0.14 0.76 1.31 1.57 -0.28 -0.02 0.33 0.54 
Loss: 1.161452  SIA Ef: -0.119006 Binding: -0.22 -0.24 0.02 0.28 0.28 0.43 0.37 -0.07 0.13 -0.39 -0.17  Rvol: 0.47 1.05 1.39 -0.33 -0.09 0.24 0.49 0.14 0.76 1.31 1.57 -0.28 -0.02 0.33 0.54 
Loss: 1.157246  SIA Ef: -0.117026 Binding: -0.23 -0.24 0.03 0.28 0.27 0.43 0.37 -0.06 0.13 -0.39 -0.17  Rvol: 0.47 1.05 1.39 -0.33 -0.09 0.24 0.49 0.14 0.76 1.31 1.57 -0.28 -0.02 0.33 0.54 
Loss: 1.153000  SIA Ef: -0.111342 Binding: -0.23 -0.24 0.05 0.27 0.26 0.43 0.37 -0.06 0.12 -0.39 -0.17  Rvol: 0.47 1.05 1.39 -0.33 -0.09 0.23 0.48 0.14 0.76 1.31 1.57 -0.28 -0.02 0.33 0.54 
Loss: 1.148970  SIA Ef: -0.112516 Binding: -0.23 -0.25 0.05 0.27 0.26 0.44 0.37 -0.06 0.12 -0.38 -0.17  Rvol: 0.47 1.05 1.39 -0.33 -0.09 0.23 0.48 0.14 0.76 1.31 1.57 -0.28 -0.02 0.33 0.54 
Loss: 1.145423  SIA Ef: -0.117049 Binding: -0.23 -0.25 0.05 0.27 0.25 0.44 0.37 -0.06 0.12 -0.38 -0.17  Rvol: 0.47 1.05 1.38 -0.33 -0.09 0.23 0.48 0.14 0.76 1.31 1.56 -0.28 -0.02 0.33 0.54 
Loss: 1.142314  SIA Ef: -0.126248 Binding: -0.23 -0.26 0.06 0.27 0.25 0.44 0.37 -0.06 0.11 -0.38 -0.17  Rvol: 0.47 1.05 1.38 -0.33 -0.09 0.23 0.48 0.14 0.76 1.31 1.56 -0.28 -0.02 0.33 0.54 
Loss: 1.139858  SIA Ef: -0.139355 Binding: -0.22 -0.26 0.05 0.27 0.25 0.44 0.36 -0.07 0.12 -0.38 -0.17  Rvol: 0.47 1.05 1.38 -0.33 -0.09 0.23 0.48 0.14 0.76 1.31 1.56 -0.28 -0.02 0.33 0.54 
Loss: 1.135115  SIA Ef: -0.109485 Binding: -0.23 -0.26 0.08 0.27 0.24 0.44 0.37 -0.06 0.11 -0.38 -0.17  Rvol: 0.47 1.05 1.38 -0.33 -0.09 0.23 0.48 0.14 0.76 1.31 1.56 -0.28 -0.02 0.33 0.54 
Loss: 1.135359  SIA Ef: -0.092060 Binding: -0.23 -0.27 0.09 0.27 0.23 0.44 0.37 -0.06 0.10 -0.37 -0.18  Rvol: 0.47 1.05 1.38 -0.33 -0.09 0.23 0.48 0.14 0.76 1.31 1.56 -0.28 -0.02 0.33 0.55 
Loss: 1.134876  SIA Ef: -0.106516 Binding: -0.23 -0.26 0.07 0.27 0.24 0.44 0.37 -0.06 0.11 -0.38 -0.17  Rvol: 0.47 1.05 1.38 -0.33 -0.09 0.23 0.48 0.14 0.76 1.31 1.56 -0.28 -0.02 0.33 0.54 
Loss: 1.136752  SIA Ef: -0.078675 Binding: -0.24 -0.26 0.09 0.27 0.23 0.44 0.38 -0.06 0.10 -0.38 -0.18  Rvol: 0.47 1.05 1.38 -0.33 -0.09 0.23 0.48 0.14 0.76 1.31 1.56 -0.28 -0.02 0.33 0.54 
Loss: 1.134584  SIA Ef: -0.106162 Binding: -0.23 -0.26 0.06 0.27 0.24 0.44 0.37 -0.06 0.11 -0.38 -0.17  Rvol: 0.47 1.05 1.38 -0.33 -0.09 0.23 0.48 0.14 0.76 1.31 1.56 -0.28 -0.02 0.33 0.54 
Loss: 1.134268  SIA Ef: -0.108480 Binding: -0.23 -0.27 0.06 0.27 0.24 0.44 0.36 -0.07 0.11 -0.38 -0.17  Rvol: 0.47 1.05 1.38 -0.33 -0.09 0.23 0.48 0.14 0.76 1.31 1.56 -0.28 -0.02 0.33 0.54 
Loss: 1.133979  SIA Ef: -0.112312 Binding: -0.22 -0.27 0.06 0.27 0.24 0.44 0.36 -0.07 0.12 -0.38 -0.17  Rvol: 0.47 1.06 1.38 -0.33 -0.09 0.23 0.48 0.14 0.76 1.31 1.56 -0.28 -0.02 0.33 0.54 
Loss: 1.133250  SIA Ef: -0.107722 Binding: -0.23 -0.27 0.07 0.27 0.24 0.44 0.36 -0.07 0.11 -0.38 -0.18  Rvol: 0.47 1.05 1.38 -0.33 -0.09 0.23 0.48 0.14 0.76 1.31 1.56 -0.28 -0.02 0.33 0.54 
Loss: 1.133337  SIA Ef: -0.111459 Binding: -0.23 -0.27 0.07 0.27 0.23 0.44 0.36 -0.07 0.10 -0.38 -0.18  Rvol: 0.47 1.05 1.38 -0.33 -0.09 0.23 0.48 0.14 0.76 1.31 1.56 -0.28 -0.02 0.33 0.54 
Loss: 1.135525  SIA Ef: -0.078550 Binding: -0.23 -0.26 0.08 0.27 0.24 0.43 0.36 -0.07 0.10 -0.38 -0.18  Rvol: 0.47 1.06 1.38 -0.33 -0.09 0.23 0.48 0.14 0.76 1.31 1.56 -0.28 -0.02 0.33 0.55 
Loss: 1.135074  SIA Ef: -0.092095 Binding: -0.23 -0.26 0.08 0.27 0.23 0.43 0.36 -0.07 0.10 -0.38 -0.18  Rvol: 0.47 1.05 1.38 -0.33 -0.09 0.23 0.48 0.14 0.76 1.31 1.56 -0.28 -0.02 0.33 0.54 
Loss: 1.132659  SIA Ef: -0.124382 Binding: -0.22 -0.26 0.04 0.27 0.24 0.44 0.36 -0.08 0.12 -0.38 -0.16  Rvol: 0.47 1.06 1.38 -0.33 -0.09 0.23 0.48 0.14 0.76 1.31 1.56 -0.28 -0.02 0.33 0.54 
Loss: 1.134737  SIA Ef: -0.149745 Binding: -0.22 -0.27 0.03 0.27 0.25 0.44 0.36 -0.08 0.13 -0.38 -0.16  Rvol: 0.47 1.06 1.37 -0.33 -0.09 0.23 0.48 0.14 0.75 1.31 1.55 -0.28 -0.02 0.32 0.54 
Loss: 1.133486  SIA Ef: -0.125966 Binding: -0.23 -0.26 0.03 0.27 0.25 0.44 0.36 -0.08 0.12 -0.38 -0.16  Rvol: 0.47 1.06 1.38 -0.33 -0.09 0.23 0.48 0.14 0.76 1.31 1.56 -0.28 -0.02 0.33 0.54 
Loss: 1.130608  SIA Ef: -0.112628 Binding: -0.23 -0.26 0.05 0.27 0.24 0.44 0.36 -0.08 0.12 -0.38 -0.17  Rvol: 0.47 1.05 1.38 -0.33 -0.09 0.23 0.48 0.14 0.76 1.31 1.56 -0.28 -0.02 0.33 0.54 
Loss: 1.129739  SIA Ef: -0.112839 Binding: -0.23 -0.27 0.05 0.27 0.24 0.44 0.36 -0.08 0.11 -0.38 -0.17  Rvol: 0.47 1.05 1.38 -0.33 -0.09 0.23 0.48 0.14 0.76 1.31 1.56 -0.28 -0.02 0.33 0.54 
Loss: 1.129715  SIA Ef: -0.113237 Binding: -0.23 -0.26 0.05 0.27 0.24 0.44 0.36 -0.07 0.11 -0.38 -0.17  Rvol: 0.47 1.05 1.38 -0.33 -0.09 0.23 0.48 0.14 0.76 1.31 1.56 -0.28 -0.02 0.33 0.54 
Loss: 1.128541  SIA Ef: -0.098729 Binding: -0.23 -0.26 0.06 0.27 0.24 0.44 0.37 -0.07 0.11 -0.38 -0.17  Rvol: 0.47 1.05 1.38 -0.33 -0.09 0.23 0.48 0.14 0.76 1.31 1.56 -0.28 -0.02 0.33 0.54 
Loss: 1.130944  SIA Ef: -0.079126 Binding: -0.23 -0.26 0.07 0.27 0.23 0.44 0.37 -0.07 0.11 -0.38 -0.18  Rvol: 0.47 1.05 1.38 -0.33 -0.09 0.23 0.48 0.14 0.76 1.31 1.56 -0.28 -0.02 0.33 0.55 
Loss: 1.128297  SIA Ef: -0.101858 Binding: -0.23 -0.26 0.06 0.27 0.24 0.44 0.36 -0.07 0.11 -0.38 -0.17  Rvol: 0.47 1.05 1.38 -0.33 -0.09 0.23 0.48 0.14 0.76 1.31 1.55 -0.28 -0.02 0.33 0.54 
Loss: 1.128447  SIA Ef: -0.117782 Binding: -0.22 -0.27 0.05 0.27 0.24 0.44 0.36 -0.07 0.12 -0.38 -0.17  Rvol: 0.47 1.06 1.37 -0.33 -0.09 0.23 0.48 0.14 0.76 1.31 1.55 -0.28 -0.02 0.33 0.54 
Loss: 1.128414  SIA Ef: -0.100695 Binding: -0.23 -0.26 0.06 0.27 0.24 0.44 0.36 -0.07 0.11 -0.38 -0.17  Rvol: 0.47 1.05 1.38 -0.33 -0.09 0.23 0.48 0.14 0.76 1.31 1.55 -0.28 -0.02 0.33 0.54 
Loss: 1.130041  SIA Ef: -0.099725 Binding: -0.23 -0.26 0.05 0.27 0.24 0.44 0.36 -0.08 0.12 -0.38 -0.17  Rvol: 0.47 1.05 1.38 -0.33 -0.09 0.23 0.48 0.14 0.76 1.31 1.56 -0.28 -0.02 0.33 0.54 
Loss: 1.128460  SIA Ef: -0.100228 Binding: -0.23 -0.26 0.05 0.27 0.24 0.44 0.36 -0.07 0.11 -0.38 -0.17  Rvol: 0.47 1.06 1.38 -0.33 -0.09 0.23 0.48 0.14 0.76 1.31 1.55 -0.28 -0.02 0.33 0.54 
Loss: 1.129523  SIA Ef: -0.113162 Binding: -0.22 -0.26 0.04 0.27 0.25 0.44 0.36 -0.07 0.12 -0.38 -0.16  Rvol: 0.47 1.06 1.37 -0.33 -0.09 0.23 0.48 0.14 0.76 1.31 1.55 -0.28 -0.02 0.33 0.54 
Loss: 1.129865  SIA Ef: -0.096782 Binding: -0.22 -0.27 0.07 0.27 0.24 0.44 0.36 -0.07 0.11 -0.38 -0.17  Rvol: 0.47 1.06 1.38 -0.33 -0.09 0.23 0.48 0.14 0.76 1.31 1.55 -0.28 -0.02 0.33 0.54 
Loss: 1.128846  SIA Ef: -0.100762 Binding: -0.23 -0.26 0.05 0.27 0.24 0.44 0.36 -0.07 0.12 -0.38 -0.17  Rvol: 0.47 1.05 1.38 -0.33 -0.09 0.23 0.48 0.14 0.76 1.31 1.55 -0.28 -0.02 0.33 0.54 
Loss: 1.128281  SIA Ef: -0.102039 Binding: -0.23 -0.26 0.06 0.27 0.24 0.44 0.36 -0.07 0.11 -0.38 -0.17  Rvol: 0.47 1.05 1.38 -0.33 -0.09 0.23 0.48 0.14 0.76 1.31 1.55 -0.28 -0.02 0.33 0.54 
Loss: 1.127601  SIA Ef: -0.096684 Binding: -0.23 -0.26 0.06 0.27 0.24 0.44 0.36 -0.07 0.11 -0.38 -0.17  Rvol: 0.47 1.05 1.38 -0.33 -0.09 0.23 0.48 0.14 0.76 1.31 1.55 -0.28 -0.02 0.33 0.54 
Loss: 1.127384  SIA Ef: -0.102912 Binding: -0.23 -0.26 0.06 0.27 0.24 0.44 0.36 -0.07 0.11 -0.38 -0.17  Rvol: 0.47 1.05 1.37 -0.33 -0.09 0.23 0.48 0.14 0.76 1.31 1.55 -0.28 -0.02 0.33 0.54 
Loss: 1.127194  SIA Ef: -0.103681 Binding: -0.23 -0.26 0.06 0.27 0.24 0.44 0.36 -0.07 0.11 -0.38 -0.17  Rvol: 0.47 1.05 1.37 -0.33 -0.09 0.23 0.48 0.14 0.76 1.31 1.55 -0.28 -0.02 0.33 0.54 
Loss: 1.126970  SIA Ef: -0.098992 Binding: -0.23 -0.26 0.06 0.27 0.24 0.44 0.36 -0.07 0.11 -0.38 -0.17  Rvol: 0.47 1.05 1.37 -0.33 -0.09 0.23 0.48 0.14 0.76 1.31 1.55 -0.28 -0.02 0.33 0.54 
Loss: 1.126304  SIA Ef: -0.101828 Binding: -0.23 -0.26 0.06 0.27 0.24 0.44 0.36 -0.07 0.11 -0.38 -0.17  Rvol: 0.47 1.05 1.37 -0.33 -0.09 0.23 0.48 0.14 0.76 1.31 1.55 -0.28 -0.02 0.33 0.54 
Loss: 1.125417  SIA Ef: -0.101253 Binding: -0.23 -0.26 0.06 0.27 0.24 0.44 0.36 -0.07 0.11 -0.38 -0.17  Rvol: 0.47 1.05 1.37 -0.33 -0.09 0.23 0.48 0.14 0.76 1.31 1.55 -0.28 -0.02 0.33 0.54 
Loss: 1.124597  SIA Ef: -0.099919 Binding: -0.23 -0.26 0.06 0.27 0.24 0.44 0.36 -0.07 0.11 -0.37 -0.17  Rvol: 0.47 1.05 1.37 -0.33 -0.09 0.23 0.48 0.14 0.76 1.31 1.55 -0.28 -0.02 0.33 0.54 
Loss: 1.123820  SIA Ef: -0.100575 Binding: -0.23 -0.26 0.05 0.27 0.24 0.44 0.36 -0.07 0.11 -0.37 -0.16  Rvol: 0.47 1.05 1.37 -0.33 -0.09 0.23 0.48 0.14 0.76 1.31 1.55 -0.28 -0.02 0.33 0.54 
Loss: 1.123056  SIA Ef: -0.098296 Binding: -0.22 -0.26 0.05 0.27 0.24 0.44 0.36 -0.07 0.11 -0.37 -0.16  Rvol: 0.47 1.06 1.37 -0.33 -0.09 0.23 0.48 0.14 0.76 1.31 1.55 -0.28 -0.02 0.33 0.54 
Loss: 1.122355  SIA Ef: -0.094024 Binding: -0.23 -0.26 0.05 0.27 0.24 0.44 0.36 -0.07 0.11 -0.37 -0.16  Rvol: 0.47 1.06 1.37 -0.33 -0.09 0.23 0.48 0.14 0.76 1.31 1.55 -0.28 -0.02 0.33 0.54 
Loss: 1.121945  SIA Ef: -0.100266 Binding: -0.22 -0.26 0.05 0.27 0.24 0.44 0.36 -0.07 0.12 -0.37 -0.16  Rvol: 0.47 1.06 1.37 -0.33 -0.09 0.23 0.48 0.14 0.76 1.31 1.55 -0.28 -0.02 0.33 0.54 
Loss: 1.121809  SIA Ef: -0.097848 Binding: -0.22 -0.26 0.05 0.27 0.24 0.44 0.36 -0.07 0.12 -0.37 -0.16  Rvol: 0.47 1.06 1.37 -0.33 -0.09 0.23 0.48 0.14 0.76 1.31 1.55 -0.28 -0.02 0.33 0.54 
Loss: 1.122335  SIA Ef: -0.101515 Binding: -0.22 -0.27 0.04 0.27 0.24 0.44 0.36 -0.07 0.12 -0.37 -0.16  Rvol: 0.47 1.06 1.37 -0.33 -0.09 0.23 0.48 0.14 0.76 1.31 1.55 -0.28 -0.02 0.33 0.54 
Loss: 1.121384  SIA Ef: -0.098660 Binding: -0.22 -0.26 0.05 0.27 0.24 0.44 0.36 -0.07 0.12 -0.37 -0.16  Rvol: 0.47 1.06 1.37 -0.33 -0.09 0.23 0.48 0.14 0.76 1.31 1.55 -0.28 -0.02 0.33 0.54 
Loss: 1.121450  SIA Ef: -0.098043 Binding: -0.22 -0.26 0.05 0.27 0.24 0.44 0.36 -0.07 0.12 -0.37 -0.16  Rvol: 0.47 1.06 1.37 -0.33 -0.09 0.23 0.48 0.14 0.76 1.31 1.55 -0.28 -0.02 0.33 0.54 
Loss: 1.121203  SIA Ef: -0.091646 Binding: -0.23 -0.26 0.05 0.27 0.24 0.44 0.36 -0.07 0.12 -0.37 -0.16  Rvol: 0.47 1.06 1.37 -0.33 -0.09 0.23 0.48 0.14 0.76 1.31 1.55 -0.28 -0.02 0.33 0.54 
Loss: 1.121076  SIA Ef: -0.088982 Binding: -0.23 -0.26 0.05 0.27 0.24 0.44 0.37 -0.07 0.11 -0.37 -0.16  Rvol: 0.47 1.05 1.37 -0.33 -0.09 0.23 0.48 0.14 0.76 1.31 1.55 -0.28 -0.02 0.33 0.54 
Loss: 1.121019  SIA Ef: -0.091042 Binding: -0.23 -0.26 0.05 0.27 0.24 0.44 0.36 -0.07 0.11 -0.37 -0.16  Rvol: 0.47 1.06 1.37 -0.33 -0.09 0.23 0.48 0.14 0.76 1.31 1.55 -0.28 -0.02 0.33 0.54 
Loss: 1.121226  SIA Ef: -0.087789 Binding: -0.23 -0.26 0.06 0.27 0.24 0.44 0.36 -0.07 0.11 -0.37 -0.17  Rvol: 0.47 1.06 1.37 -0.33 -0.09 0.23 0.48 0.14 0.76 1.31 1.55 -0.28 -0.02 0.33 0.54 
Loss: 1.121058  SIA Ef: -0.089664 Binding: -0.23 -0.26 0.05 0.27 0.24 0.44 0.37 -0.07 0.11 -0.37 -0.17  Rvol: 0.47 1.05 1.37 -0.33 -0.09 0.23 0.48 0.14 0.76 1.31 1.55 -0.28 -0.02 0.33 0.54 
Loss: 1.121585  SIA Ef: -0.095672 Binding: -0.23 -0.26 0.05 0.27 0.24 0.44 0.37 -0.07 0.12 -0.37 -0.16  Rvol: 0.47 1.05 1.37 -0.33 -0.09 0.23 0.48 0.14 0.76 1.31 1.55 -0.28 -0.02 0.33 0.54 
Loss: 1.121376  SIA Ef: -0.086680 Binding: -0.23 -0.26 0.05 0.27 0.24 0.44 0.37 -0.07 0.11 -0.37 -0.17  Rvol: 0.47 1.05 1.37 -0.33 -0.09 0.23 0.48 0.14 0.76 1.31 1.55 -0.28 -0.02 0.33 0.54 
Loss: 1.120003  SIA Ef: -0.094820 Binding: -0.23 -0.26 0.05 0.27 0.24 0.44 0.36 -0.07 0.12 -0.37 -0.16  Rvol: 0.47 1.06 1.37 -0.33 -0.09 0.23 0.48 0.14 0.76 1.31 1.55 -0.28 -0.02 0.33 0.54 
Loss: 1.119152  SIA Ef: -0.096179 Binding: -0.22 -0.26 0.05 0.27 0.24 0.44 0.36 -0.07 0.12 -0.37 -0.16  Rvol: 0.47 1.06 1.37 -0.33 -0.09 0.23 0.48 0.14 0.76 1.31 1.55 -0.28 -0.02 0.33 0.54 
Loss: 1.118298  SIA Ef: -0.102049 Binding: -0.22 -0.27 0.04 0.27 0.24 0.44 0.36 -0.07 0.12 -0.37 -0.16  Rvol: 0.47 1.06 1.37 -0.33 -0.09 0.23 0.48 0.14 0.76 1.31 1.55 -0.28 -0.02 0.33 0.54 
Loss: 1.117597  SIA Ef: -0.105109 Binding: -0.22 -0.27 0.04 0.27 0.24 0.44 0.36 -0.07 0.12 -0.37 -0.16  Rvol: 0.47 1.06 1.37 -0.33 -0.09 0.23 0.48 0.14 0.76 1.31 1.55 -0.28 -0.02 0.32 0.54 
Loss: 1.117836  SIA Ef: -0.113064 Binding: -0.22 -0.27 0.04 0.27 0.24 0.44 0.36 -0.07 0.12 -0.37 -0.16  Rvol: 0.47 1.06 1.37 -0.33 -0.09 0.23 0.48 0.14 0.76 1.31 1.55 -0.28 -0.02 0.32 0.54 
Loss: 1.118282  SIA Ef: -0.103516 Binding: -0.22 -0.27 0.04 0.27 0.24 0.44 0.36 -0.07 0.12 -0.37 -0.16  Rvol: 0.47 1.06 1.37 -0.33 -0.09 0.23 0.48 0.14 0.76 1.31 1.55 -0.28 -0.02 0.32 0.54 
Loss: 1.117019  SIA Ef: -0.099294 Binding: -0.22 -0.27 0.05 0.27 0.24 0.44 0.36 -0.07 0.12 -0.37 -0.16  Rvol: 0.47 1.06 1.37 -0.33 -0.09 0.23 0.48 0.14 0.76 1.31 1.55 -0.28 -0.02 0.33 0.54 
Loss: 1.117299  SIA Ef: -0.103872 Binding: -0.22 -0.27 0.04 0.27 0.24 0.44 0.36 -0.07 0.12 -0.37 -0.16  Rvol: 0.47 1.06 1.37 -0.33 -0.09 0.23 0.48 0.14 0.76 1.31 1.55 -0.28 -0.02 0.32 0.54 
Loss: 1.117006  SIA Ef: -0.096948 Binding: -0.22 -0.27 0.05 0.27 0.24 0.44 0.36 -0.07 0.12 -0.37 -0.16  Rvol: 0.47 1.06 1.37 -0.33 -0.09 0.23 0.48 0.14 0.76 1.31 1.55 -0.28 -0.02 0.33 0.54 
Loss: 1.117030  SIA Ef: -0.101591 Binding: -0.22 -0.27 0.05 0.27 0.24 0.44 0.36 -0.07 0.12 -0.37 -0.16  Rvol: 0.47 1.06 1.37 -0.33 -0.09 0.23 0.48 0.14 0.76 1.31 1.55 -0.28 -0.02 0.33 0.54 
Loss: 1.117061  SIA Ef: -0.098607 Binding: -0.22 -0.27 0.04 0.27 0.24 0.44 0.36 -0.07 0.12 -0.37 -0.16  Rvol: 0.47 1.06 1.37 -0.33 -0.09 0.23 0.48 0.14 0.76 1.31 1.55 -0.28 -0.02 0.33 0.54 
Loss: 1.119152  SIA Ef: -0.097051 Binding: -0.22 -0.27 0.05 0.27 0.24 0.44 0.36 -0.07 0.12 -0.37 -0.17  Rvol: 0.47 1.06 1.37 -0.33 -0.09 0.23 0.48 0.14 0.76 1.31 1.55 -0.28 -0.02 0.33 0.55 
Loss: 1.117008  SIA Ef: -0.096525 Binding: -0.22 -0.27 0.05 0.27 0.24 0.44 0.36 -0.07 0.12 -0.37 -0.16  Rvol: 0.47 1.06 1.37 -0.33 -0.09 0.23 0.48 0.14 0.76 1.31 1.55 -0.28 -0.02 0.33 0.54 
Loss: 1.116968  SIA Ef: -0.096092 Binding: -0.23 -0.26 0.05 0.27 0.24 0.44 0.37 -0.07 0.12 -0.37 -0.16  Rvol: 0.47 1.05 1.37 -0.33 -0.10 0.23 0.48 0.14 0.76 1.31 1.55 -0.28 -0.02 0.33 0.54 
Loss: 1.117102  SIA Ef: -0.094516 Binding: -0.23 -0.26 0.05 0.27 0.24 0.44 0.37 -0.07 0.12 -0.37 -0.16  Rvol: 0.47 1.05 1.37 -0.33 -0.10 0.23 0.48 0.14 0.76 1.31 1.55 -0.28 -0.02 0.33 0.54 
Loss: 1.117241  SIA Ef: -0.099816 Binding: -0.23 -0.26 0.05 0.27 0.24 0.44 0.37 -0.07 0.12 -0.37 -0.16  Rvol: 0.47 1.05 1.37 -0.33 -0.10 0.23 0.48 0.14 0.76 1.31 1.55 -0.28 -0.02 0.32 0.54 
Loss: 1.116868  SIA Ef: -0.093363 Binding: -0.23 -0.26 0.05 0.27 0.24 0.44 0.37 -0.07 0.12 -0.37 -0.16  Rvol: 0.47 1.05 1.37 -0.33 -0.10 0.23 0.48 0.14 0.76 1.31 1.55 -0.28 -0.02 0.33 0.54 
Loss: 1.117067  SIA Ef: -0.091417 Binding: -0.23 -0.26 0.05 0.27 0.24 0.44 0.37 -0.07 0.12 -0.37 -0.16  Rvol: 0.47 1.05 1.37 -0.33 -0.09 0.23 0.48 0.14 0.76 1.31 1.55 -0.28 -0.02 0.33 0.54 
Loss: 1.116378  SIA Ef: -0.093218 Binding: -0.23 -0.26 0.05 0.27 0.24 0.44 0.37 -0.07 0.12 -0.37 -0.16  Rvol: 0.47 1.05 1.37 -0.33 -0.10 0.23 0.48 0.14 0.76 1.31 1.55 -0.28 -0.02 0.33 0.54 
Loss: 1.115892  SIA Ef: -0.093974 Binding: -0.23 -0.26 0.05 0.27 0.24 0.44 0.37 -0.07 0.12 -0.37 -0.16  Rvol: 0.47 1.05 1.37 -0.33 -0.10 0.23 0.48 0.14 0.76 1.31 1.55 -0.28 -0.02 0.32 0.54 
Loss: 1.117578  SIA Ef: -0.093926 Binding: -0.23 -0.27 0.05 0.27 0.24 0.44 0.37 -0.07 0.12 -0.37 -0.17  Rvol: 0.47 1.05 1.37 -0.33 -0.10 0.23 0.48 0.14 0.76 1.31 1.55 -0.28 -0.02 0.32 0.55 
Loss: 1.115931  SIA Ef: -0.092284 Binding: -0.23 -0.26 0.05 0.27 0.24 0.44 0.37 -0.07 0.12 -0.37 -0.16  Rvol: 0.47 1.05 1.37 -0.33 -0.10 0.23 0.48 0.14 0.76 1.31 1.55 -0.28 -0.02 0.33 0.54 
Loss: 1.117565  SIA Ef: -0.094577 Binding: -0.23 -0.27 0.05 0.27 0.24 0.44 0.37 -0.07 0.12 -0.37 -0.17  Rvol: 0.47 1.05 1.37 -0.33 -0.10 0.23 0.48 0.14 0.76 1.31 1.55 -0.28 -0.02 0.32 0.55 
Loss: 1.115908  SIA Ef: -0.093097 Binding: -0.23 -0.26 0.05 0.27 0.24 0.44 0.37 -0.07 0.12 -0.37 -0.16  Rvol: 0.47 1.05 1.37 -0.33 -0.10 0.23 0.48 0.14 0.76 1.31 1.55 -0.28 -0.02 0.33 0.54 
Loss: 1.117567  SIA Ef: -0.094689 Binding: -0.23 -0.27 0.05 0.27 0.24 0.44 0.37 -0.07 0.12 -0.37 -0.17  Rvol: 0.47 1.05 1.37 -0.33 -0.10 0.23 0.48 0.14 0.76 1.31 1.55 -0.28 -0.02 0.32 0.55 
Loss: 1.115897  SIA Ef: -0.092764 Binding: -0.23 -0.26 0.05 0.27 0.24 0.44 0.37 -0.07 0.12 -0.37 -0.16  Rvol: 0.47 1.05 1.37 -0.33 -0.10 0.23 0.48 0.14 0.76 1.31 1.55 -0.28 -0.02 0.33 0.54 
Loss: 1.117562  SIA Ef: -0.094816 Binding: -0.23 -0.27 0.05 0.27 0.24 0.44 0.37 -0.07 0.12 -0.37 -0.17  Rvol: 0.47 1.05 1.37 -0.33 -0.10 0.23 0.48 0.14 0.76 1.31 1.55 -0.28 -0.02 0.32 0.55 
Loss: 1.118058  SIA Ef: -0.093542 Binding: -0.23 -0.26 0.05 0.27 0.24 0.44 0.37 -0.07 0.12 -0.37 -0.17  Rvol: 0.47 1.05 1.37 -0.33 -0.10 0.23 0.48 0.14 0.76 1.31 1.55 -0.28 -0.02 0.33 0.55 
Loss: 1.115842  SIA Ef: -0.094932 Binding: -0.23 -0.27 0.05 0.27 0.24 0.44 0.37 -0.07 0.12 -0.37 -0.16  Rvol: 0.47 1.05 1.37 -0.33 -0.10 0.23 0.48 0.14 0.76 1.31 1.55 -0.28 -0.02 0.32 0.54 
Loss: 1.115852  SIA Ef: -0.093848 Binding: -0.23 -0.27 0.05 0.27 0.24 0.44 0.37 -0.07 0.12 -0.37 -0.16  Rvol: 0.47 1.05 1.37 -0.33 -0.10 0.23 0.48 0.14 0.76 1.31 1.55 -0.28 -0.02 0.32 0.54 
Loss: 1.115351  SIA Ef: -0.095864 Binding: -0.23 -0.27 0.05 0.27 0.24 0.44 0.37 -0.07 0.12 -0.37 -0.16  Rvol: 0.47 1.05 1.37 -0.33 -0.10 0.23 0.48 0.14 0.76 1.31 1.55 -0.28 -0.02 0.32 0.54 
Loss: 1.114862  SIA Ef: -0.096157 Binding: -0.23 -0.27 0.05 0.27 0.24 0.44 0.37 -0.07 0.12 -0.37 -0.16  Rvol: 0.47 1.05 1.37 -0.33 -0.10 0.23 0.48 0.14 0.76 1.31 1.55 -0.28 -0.02 0.32 0.54 
Loss: 1.116523  SIA Ef: -0.096942 Binding: -0.23 -0.27 0.05 0.27 0.24 0.44 0.37 -0.07 0.12 -0.37 -0.17  Rvol: 0.47 1.05 1.37 -0.33 -0.10 0.23 0.48 0.14 0.76 1.31 1.55 -0.28 -0.02 0.32 0.55 
Loss: 1.114874  SIA Ef: -0.096020 Binding: -0.23 -0.27 0.05 0.27 0.24 0.44 0.37 -0.07 0.12 -0.37 -0.16  Rvol: 0.47 1.05 1.37 -0.33 -0.10 0.23 0.48 0.14 0.76 1.31 1.55 -0.28 -0.02 0.32 0.54 
Loss: 1.117068  SIA Ef: -0.091399 Binding: -0.23 -0.27 0.05 0.27 0.24 0.44 0.37 -0.07 0.12 -0.37 -0.17  Rvol: 0.47 1.05 1.37 -0.33 -0.10 0.23 0.48 0.14 0.76 1.31 1.55 -0.28 -0.02 0.33 0.55 
Loss: 1.114880  SIA Ef: -0.096932 Binding: -0.23 -0.27 0.05 0.27 0.24 0.44 0.37 -0.07 0.12 -0.37 -0.16  Rvol: 0.47 1.06 1.37 -0.33 -0.10 0.23 0.48 0.14 0.76 1.31 1.55 -0.28 -0.02 0.32 0.54 
Loss: 1.117017  SIA Ef: -0.097085 Binding: -0.23 -0.27 0.05 0.27 0.24 0.44 0.37 -0.07 0.12 -0.37 -0.16  Rvol: 0.47 1.05 1.37 -0.33 -0.10 0.23 0.48 0.14 0.76 1.31 1.55 -0.28 -0.02 0.32 0.55 
Loss: 1.114877  SIA Ef: -0.096964 Binding: -0.23 -0.27 0.05 0.27 0.24 0.44 0.37 -0.07 0.12 -0.37 -0.16  Rvol: 0.47 1.05 1.37 -0.33 -0.10 0.23 0.48 0.14 0.76 1.31 1.55 -0.28 -0.02 0.32 0.54 
Loss: 1.117052  SIA Ef: -0.099893 Binding: -0.23 -0.27 0.05 0.27 0.24 0.44 0.37 -0.07 0.12 -0.37 -0.17  Rvol: 0.47 1.05 1.37 -0.33 -0.10 0.23 0.48 0.14 0.76 1.31 1.55 -0.28 -0.02 0.32 0.55 
Loss: 1.114861  SIA Ef: -0.096222 Binding: -0.23 -0.27 0.05 0.27 0.24 0.44 0.37 -0.07 0.12 -0.37 -0.16  Rvol: 0.47 1.06 1.37 -0.33 -0.10 0.23 0.48 0.14 0.76 1.31 1.55 -0.28 -0.02 0.32 0.54 
Loss: 1.114979  SIA Ef: -0.098703 Binding: -0.23 -0.27 0.04 0.27 0.24 0.44 0.37 -0.07 0.12 -0.37 -0.16  Rvol: 0.47 1.06 1.37 -0.33 -0.10 0.23 0.48 0.14 0.76 1.31 1.55 -0.28 -0.02 0.32 0.54 
Loss: 1.114859  SIA Ef: -0.095825 Binding: -0.23 -0.27 0.05 0.27 0.24 0.44 0.37 -0.07 0.12 -0.37 -0.16  Rvol: 0.47 1.05 1.37 -0.33 -0.10 0.23 0.48 0.14 0.76 1.31 1.55 -0.28 -0.02 0.32 0.54 
Loss: 1.115039  SIA Ef: -0.094566 Binding: -0.23 -0.27 0.05 0.27 0.24 0.44 0.37 -0.07 0.12 -0.37 -0.16  Rvol: 0.47 1.05 1.37 -0.33 -0.10 0.23 0.48 0.14 0.76 1.31 1.55 -0.28 -0.02 0.32 0.54 
Loss: 1.117063  SIA Ef: -0.096576 Binding: -0.23 -0.27 0.05 0.27 0.24 0.44 0.37 -0.07 0.12 -0.37 -0.17  Rvol: 0.47 1.05 1.37 -0.33 -0.10 0.23 0.48 0.14 0.76 1.31 1.55 -0.28 -0.02 0.32 0.55 
Loss: 1.114926  SIA Ef: -0.098167 Binding: -0.23 -0.27 0.04 0.27 0.24 0.44 0.37 -0.07 0.12 -0.37 -0.16  Rvol: 0.47 1.06 1.37 -0.33 -0.10 0.23 0.48 0.14 0.76 1.31 1.55 -0.28 -0.02 0.32 0.54 
Loss: 1.114632  SIA Ef: -0.095766 Binding: -0.23 -0.27 0.05 0.27 0.24 0.44 0.37 -0.07 0.12 -0.37 -0.16  Rvol: 0.47 1.05 1.37 -0.33 -0.10 0.23 0.48 0.14 0.76 1.31 1.55 -0.28 -0.02 0.32 0.54 
Loss: 1.116793  SIA Ef: -0.094790 Binding: -0.23 -0.27 0.05 0.27 0.24 0.44 0.37 -0.07 0.12 -0.37 -0.17  Rvol: 0.47 1.05 1.37 -0.33 -0.10 0.23 0.48 0.14 0.76 1.31 1.55 -0.28 -0.02 0.32 0.55 
Loss: 1.114650  SIA Ef: -0.096086 Binding: -0.23 -0.27 0.05 0.27 0.24 0.44 0.37 -0.07 0.12 -0.37 -0.16  Rvol: 0.47 1.06 1.37 -0.33 -0.10 0.23 0.48 0.14 0.76 1.31 1.55 -0.28 -0.02 0.32 0.54 
Loss: 1.116765  SIA Ef: -0.095189 Binding: -0.23 -0.27 0.05 0.27 0.24 0.44 0.37 -0.07 0.12 -0.37 -0.17  Rvol: 0.47 1.05 1.37 -0.33 -0.10 0.23 0.48 0.14 0.76 1.31 1.55 -0.28 -0.02 0.32 0.55 
Loss: 1.114664  SIA Ef: -0.098703 Binding: -0.23 -0.27 0.04 0.27 0.24 0.44 0.37 -0.07 0.12 -0.37 -0.16  Rvol: 0.47 1.06 1.37 -0.33 -0.10 0.23 0.48 0.14 0.76 1.31 1.55 -0.28 -0.02 0.32 0.54 
Loss: 1.116744  SIA Ef: -0.096095 Binding: -0.23 -0.27 0.05 0.27 0.24 0.44 0.37 -0.07 0.12 -0.37 -0.17  Rvol: 0.47 1.05 1.37 -0.33 -0.10 0.23 0.48 0.14 0.76 1.31 1.55 -0.28 -0.02 0.32 0.55 
Loss: 1.116805  SIA Ef: -0.096957 Binding: -0.23 -0.27 0.05 0.27 0.24 0.44 0.37 -0.07 0.12 -0.37 -0.17  Rvol: 0.47 1.05 1.37 -0.33 -0.10 0.23 0.48 0.14 0.76 1.31 1.55 -0.28 -0.02 0.32 0.55 
Loss: 1.114723  SIA Ef: -0.094427 Binding: -0.23 -0.27 0.05 0.27 0.24 0.44 0.37 -0.07 0.12 -0.37 -0.16  Rvol: 0.47 1.06 1.37 -0.33 -0.10 0.23 0.48 0.14 0.76 1.31 1.55 -0.28 -0.02 0.32 0.54 
Loss: 1.114641  SIA Ef: -0.095416 Binding: -0.23 -0.27 0.05 0.27 0.24 0.44 0.37 -0.07 0.12 -0.37 -0.16  Rvol: 0.47 1.05 1.37 -0.33 -0.10 0.23 0.48 0.14 0.76 1.31 1.55 -0.28 -0.02 0.32 0.54 
Loss: 1.114629  SIA Ef: -0.095673 Binding: -0.23 -0.27 0.05 0.27 0.24 0.44 0.37 -0.07 0.12 -0.37 -0.16  Rvol: 0.47 1.05 1.37 -0.33 -0.10 0.23 0.48 0.14 0.76 1.31 1.55 -0.28 -0.02 0.32 0.54 
Loss: 1.114647  SIA Ef: -0.095951 Binding: -0.23 -0.27 0.05 0.27 0.24 0.44 0.37 -0.07 0.12 -0.37 -0.16  Rvol: 0.47 1.05 1.37 -0.33 -0.10 0.23 0.48 0.14 0.76 1.31 1.55 -0.28 -0.02 0.32 0.54 
Loss: 1.114631  SIA Ef: -0.095531 Binding: -0.23 -0.27 0.05 0.27 0.24 0.44 0.37 -0.07 0.12 -0.37 -0.16  Rvol: 0.47 1.05 1.37 -0.33 -0.10 0.23 0.48 0.14 0.76 1.31 1.55 -0.28 -0.02 0.32 0.54 
Loss: 1.114669  SIA Ef: -0.095125 Binding: -0.23 -0.27 0.05 0.27 0.24 0.44 0.37 -0.07 0.12 -0.37 -0.16  Rvol: 0.47 1.05 1.37 -0.33 -0.10 0.23 0.48 0.14 0.76 1.31 1.55 -0.28 -0.02 0.32 0.54 
Loss: 1.114630  SIA Ef: -0.095702 Binding: -0.23 -0.27 0.05 0.27 0.24 0.44 0.37 -0.07 0.12 -0.37 -0.16  Rvol: 0.47 1.06 1.37 -0.33 -0.10 0.23 0.48 0.14 0.76 1.31 1.55 -0.28 -0.02 0.32 0.54 
Loss: 1.116687  SIA Ef: -0.095673 Binding: -0.23 -0.27 0.05 0.27 0.24 0.44 0.37 -0.07 0.12 -0.37 -0.17  Rvol: 0.47 1.05 1.37 -0.33 -0.10 0.23 0.48 0.14 0.76 1.31 1.55 -0.28 -0.02 0.32 0.55 
Loss: 1.116787  SIA Ef: -0.095591 Binding: -0.23 -0.27 0.05 0.27 0.24 0.44 0.37 -0.07 0.12 -0.37 -0.17  Rvol: 0.47 1.05 1.37 -0.33 -0.10 0.23 0.48 0.14 0.76 1.31 1.55 -0.28 -0.02 0.32 0.55 
Loss: 1.114676  SIA Ef: -0.095834 Binding: -0.23 -0.27 0.05 0.27 0.24 0.44 0.37 -0.07 0.12 -0.37 -0.16  Rvol: 0.47 1.05 1.37 -0.33 -0.10 0.23 0.48 0.14 0.76 1.31 1.55 -0.28 -0.02 0.32 0.54 
Loss: 1.116791  SIA Ef: -0.095076 Binding: -0.23 -0.27 0.05 0.27 0.24 0.44 0.37 -0.07 0.12 -0.37 -0.17  Rvol: 0.47 1.05 1.37 -0.33 -0.10 0.23 0.48 0.14 0.76 1.31 1.55 -0.28 -0.02 0.32 0.55 
Loss: 1.114668  SIA Ef: -0.096770 Binding: -0.23 -0.27 0.05 0.27 0.24 0.44 0.37 -0.07 0.12 -0.37 -0.16  Rvol: 0.47 1.06 1.37 -0.33 -0.10 0.23 0.48 0.14 0.76 1.31 1.55 -0.28 -0.02 0.32 0.54 
Loss: 1.116790  SIA Ef: -0.095581 Binding: -0.23 -0.27 0.05 0.27 0.24 0.44 0.37 -0.07 0.12 -0.37 -0.17  Rvol: 0.47 1.05 1.37 -0.33 -0.10 0.23 0.48 0.14 0.76 1.31 1.55 -0.28 -0.02 0.32 0.55 
Loss: 1.114672  SIA Ef: -0.095536 Binding: -0.23 -0.27 0.05 0.27 0.24 0.44 0.37 -0.07 0.12 -0.37 -0.16  Rvol: 0.47 1.05 1.37 -0.33 -0.10 0.23 0.48 0.14 0.76 1.31 1.55 -0.28 -0.02 0.32 0.54 
