Start Optimization 
Loss: 1.904743  SIA Ef: -0.499821 Binding: -0.64 -0.52 0.25 -0.07 -0.57 0.40 0.10 0.53 -0.10 -0.23 -0.05  Rvol: 0.55 0.90 1.29 -0.33 -0.30 -0.08 0.15 0.14 0.73 1.16 1.51 -0.28 -0.15 0.09 0.34 
Loss: 1.809207  SIA Ef: -0.439590 Binding: -0.63 -0.51 0.25 -0.06 -0.56 0.40 0.08 0.51 -0.11 -0.26 -0.07  Rvol: 0.55 0.91 1.29 -0.33 -0.30 -0.07 0.16 0.14 0.73 1.16 1.51 -0.28 -0.14 0.09 0.35 
Loss: 54.322754  SIA Ef: 4.253827 Binding: 0.91 1.70 4.55 2.38 1.67 0.40 -0.12 1.00 -0.41 -0.38 0.09  Rvol: 0.75 1.45 2.05 -0.33 -0.03 0.34 0.73 0.14 0.95 1.66 2.31 -0.28 0.11 0.51 0.93 
Loss: 58.709798  SIA Ef: 0.213442 Binding: 0.31 0.45 -5.62 1.36 1.21 1.15 0.72 0.80 4.27 0.66 0.27  Rvol: 0.54 1.15 1.87 -0.33 -0.09 0.66 1.13 0.14 0.80 1.44 2.01 -0.28 0.18 0.74 1.18 
Loss: 231.145005  SIA Ef: 11.456548 Binding: 2.94 0.98 8.28 2.88 1.21 1.46 -1.18 0.88 -0.67 -0.90 -0.78  Rvol: 1.29 2.05 3.00 -0.33 -0.22 -0.03 0.40 0.14 1.36 2.29 3.07 -0.28 -0.06 0.16 0.56 
Loss: 2.835586  SIA Ef: -0.439590 Binding: -0.63 -0.51 0.25 -0.06 -0.56 -0.03 0.31 0.58 -0.68 -0.78 -0.20  Rvol: 0.55 0.91 1.29 -0.33 -0.30 -0.07 0.16 0.14 0.74 1.13 1.50 -0.28 -0.03 0.12 0.35 
Loss: 2.142781  SIA Ef: -0.439590 Binding: -0.63 -0.51 0.25 -0.06 -0.56 0.26 -0.11 -0.34 -0.19 -0.44 -0.65  Rvol: 0.55 0.91 1.29 -0.33 -0.30 -0.07 0.16 0.14 0.72 1.15 1.47 -0.28 -0.18 0.03 0.25 
Loss: 2.477843  SIA Ef: -0.439590 Binding: -0.63 -0.51 0.25 -0.06 -0.56 0.50 0.25 0.88 -0.03 -0.08 0.28  Rvol: 0.55 0.91 1.29 -0.33 -0.30 -0.07 0.16 0.14 0.73 1.17 1.51 -0.28 -0.13 0.11 0.35 
Loss: 15.707322  SIA Ef: -0.439590 Binding: -0.60 -1.25 0.25 -1.09 -2.42 0.40 0.96 2.25 -0.11 -0.24 0.01  Rvol: 0.55 1.09 1.53 -0.33 -0.30 -0.06 0.22 0.14 0.73 1.32 1.80 -0.28 -0.14 0.11 0.45 
Loss: 1.822965  SIA Ef: -0.439590 Binding: -0.55 -0.45 0.25 0.07 -0.72 0.40 -0.34 0.32 -0.11 -0.28 0.13  Rvol: 0.55 0.90 1.26 -0.33 -0.30 -0.09 0.11 0.14 0.73 1.11 1.48 -0.28 -0.14 0.07 0.31 
Loss: 1.773527  SIA Ef: -0.439590 Binding: -0.61 -0.44 0.25 -0.09 -0.50 0.40 0.15 0.59 -0.11 -0.24 -0.05  Rvol: 0.55 0.92 1.31 -0.33 -0.30 -0.07 0.18 0.14 0.73 1.19 1.53 -0.28 -0.14 0.10 0.38 
Loss: 278.205872  SIA Ef: -15.412116 Binding: -0.37 -0.35 -4.47 -0.20 -1.07 0.56 -0.70 0.24 3.14 -0.65 1.94  Rvol: -0.13 -0.21 -0.28 -0.33 -0.37 -0.61 -0.70 0.14 0.27 -0.21 -0.58 -0.28 -0.30 -0.61 -0.45 
Loss: 52.419494  SIA Ef: 5.035617 Binding: 0.28 -0.16 4.66 1.11 -0.16 0.20 -0.53 1.01 -0.54 -0.57 -0.43  Rvol: 0.92 1.60 2.08 -0.33 -0.30 -0.13 0.25 0.14 1.06 1.74 2.41 -0.28 -0.13 0.10 0.47 
Loss: 1.749355  SIA Ef: -0.422290 Binding: -0.61 -0.44 0.26 -0.08 -0.50 0.39 0.14 0.59 -0.11 -0.25 -0.05  Rvol: 0.55 0.92 1.31 -0.33 -0.30 -0.06 0.18 0.14 0.73 1.19 1.54 -0.28 -0.14 0.10 0.38 
Loss: 16.988645  SIA Ef: 2.285012 Binding: 0.04 0.31 2.87 1.13 0.40 0.32 -0.23 0.92 -0.37 -0.34 0.05  Rvol: 0.67 1.23 1.74 -0.33 -0.17 0.12 0.46 0.14 0.89 1.37 2.04 -0.28 -0.03 0.30 0.66 
Loss: 3.119774  SIA Ef: -0.414255 Binding: -0.62 -0.44 0.22 -0.09 -0.50 0.60 0.58 1.04 0.12 0.19 0.44  Rvol: 0.55 0.92 1.31 -0.33 -0.30 -0.06 0.18 0.14 0.73 1.19 1.52 -0.28 -0.15 0.09 0.33 
Loss: 32.154499  SIA Ef: 0.710490 Binding: -0.77 0.06 -4.03 1.05 -1.15 0.77 0.86 0.35 2.81 -1.11 1.20  Rvol: 0.51 0.93 1.50 -0.33 -0.26 0.26 0.46 0.14 0.78 1.33 1.50 -0.28 0.08 0.24 0.74 
Loss: 3.097914  SIA Ef: -0.422290 Binding: -0.62 -0.45 0.26 -0.09 -0.51 0.51 0.36 1.15 -0.03 -0.07 0.44  Rvol: 0.55 0.92 1.31 -0.33 -0.30 -0.06 0.18 0.14 0.74 1.17 1.55 -0.28 -0.13 0.13 0.39 
Loss: 6.398415  SIA Ef: -0.308630 Binding: -0.90 -1.43 0.34 -0.58 -1.43 0.38 0.29 0.72 -0.14 -0.25 -0.05  Rvol: 0.55 0.98 1.39 -0.33 -0.30 -0.06 0.21 0.14 0.73 1.27 1.61 -0.28 -0.15 0.11 0.41 
Loss: 1.663393  SIA Ef: -0.430675 Binding: -0.61 -0.44 0.25 -0.09 -0.50 0.37 0.10 0.49 -0.13 -0.29 -0.14  Rvol: 0.55 0.92 1.31 -0.33 -0.30 -0.06 0.18 0.14 0.73 1.19 1.54 -0.28 -0.15 0.10 0.38 
Loss: 61.216141  SIA Ef: -7.283195 Binding: -0.05 -0.34 -2.15 -0.27 0.18 0.59 -0.50 -0.13 1.39 -0.24 0.25  Rvol: 0.20 0.66 0.50 -0.33 -0.33 -0.25 -0.18 0.14 0.50 0.71 0.50 -0.28 -0.21 -0.14 -0.08 
Loss: 1.589141  SIA Ef: -0.430280 Binding: -0.57 -0.33 0.25 -0.09 -0.42 0.37 0.21 0.58 -0.13 -0.28 -0.12  Rvol: 0.55 0.92 1.34 -0.33 -0.30 -0.06 0.20 0.14 0.73 1.23 1.56 -0.28 -0.15 0.11 0.40 
Loss: 49.359954  SIA Ef: 4.203867 Binding: 0.31 -0.11 5.09 1.23 -0.12 0.24 -0.52 1.04 -0.58 -0.67 -0.56  Rvol: 0.90 1.56 2.06 -0.33 -0.30 -0.15 0.21 0.14 1.05 1.67 2.34 -0.28 -0.15 0.05 0.40 
Loss: 1.551055  SIA Ef: -0.428650 Binding: -0.55 -0.30 0.25 -0.09 -0.39 0.37 0.22 0.61 -0.13 -0.27 -0.12  Rvol: 0.55 0.93 1.34 -0.33 -0.30 -0.05 0.21 0.14 0.73 1.22 1.57 -0.28 -0.15 0.11 0.40 
Loss: 16.990299  SIA Ef: 2.071294 Binding: 0.08 0.38 3.04 1.12 0.41 0.29 -0.26 0.82 -0.39 -0.39 -0.04  Rvol: 0.66 1.23 1.74 -0.33 -0.17 0.11 0.46 0.14 0.88 1.36 2.03 -0.28 -0.04 0.29 0.66 
Loss: 2.993142  SIA Ef: -0.441325 Binding: -0.58 -0.83 0.51 -0.26 -0.81 0.29 0.04 0.53 -0.24 -0.40 -0.29  Rvol: 0.55 0.97 1.37 -0.33 -0.30 -0.06 0.21 0.14 0.73 1.24 1.60 -0.28 -0.15 0.11 0.41 
Loss: 5.067685  SIA Ef: -0.259699 Binding: -0.49 -0.77 -0.50 -0.41 -0.64 0.66 0.68 1.31 0.33 0.24 0.65  Rvol: 0.54 1.01 1.38 -0.33 -0.29 -0.02 0.28 0.14 0.73 1.25 1.58 -0.28 -0.13 0.14 0.45 
Loss: 31.462498  SIA Ef: 0.408391 Binding: 0.01 -0.18 -4.12 1.37 -0.84 0.69 0.18 0.27 2.84 -1.32 0.94  Rvol: 0.50 1.04 1.52 -0.33 -0.26 0.25 0.47 0.14 0.77 1.30 1.51 -0.28 0.09 0.23 0.73 
Loss: 17.102355  SIA Ef: -3.853609 Binding: -0.53 0.06 -1.05 -0.19 0.04 0.53 0.26 0.26 0.49 -0.22 0.04  Rvol: 0.37 0.59 0.91 -0.33 -0.31 -0.14 0.03 0.14 0.61 0.96 1.03 -0.28 -0.17 -0.00 0.17 
Loss: 12.112115  SIA Ef: 1.511446 Binding: -0.26 -0.69 2.65 0.38 -0.58 0.04 -0.27 0.79 -0.43 -0.43 -0.33  Rvol: 0.70 1.21 1.71 -0.33 -0.32 -0.12 0.19 0.14 0.80 1.34 2.04 -0.28 -0.17 0.07 0.38 
Loss: 1.681321  SIA Ef: -0.071296 Binding: -0.39 -0.37 -0.75 -0.24 -0.28 0.43 0.15 0.49 0.18 -0.24 -0.08  Rvol: 0.55 1.00 1.38 -0.33 -0.29 -0.02 0.28 0.14 0.73 1.25 1.57 -0.28 -0.11 0.14 0.45 
Loss: 1.490580  SIA Ef: -0.401570 Binding: -0.55 -0.30 0.29 -0.08 -0.38 0.35 0.18 0.56 -0.15 -0.31 -0.17  Rvol: 0.55 0.93 1.35 -0.33 -0.30 -0.05 0.21 0.14 0.73 1.23 1.57 -0.28 -0.15 0.11 0.41 
Loss: 2.185733  SIA Ef: 0.447232 Binding: -0.44 -0.25 0.86 0.16 -0.24 0.31 0.11 0.65 -0.23 -0.33 -0.14  Rvol: 0.58 1.01 1.44 -0.33 -0.27 -0.00 0.28 0.14 0.77 1.28 1.69 -0.28 -0.13 0.16 0.49 
Loss: 1.538159  SIA Ef: -0.396855 Binding: -0.56 -0.31 0.27 -0.09 -0.40 0.33 0.13 0.57 -0.18 -0.36 -0.19  Rvol: 0.55 0.93 1.35 -0.33 -0.30 -0.05 0.21 0.14 0.73 1.23 1.58 -0.28 -0.14 0.12 0.43 
Loss: 1.710413  SIA Ef: -0.283954 Binding: -0.46 -0.49 0.09 -0.16 -0.45 0.44 0.26 0.74 -0.03 -0.14 0.01  Rvol: 0.55 0.96 1.36 -0.33 -0.29 -0.04 0.23 0.14 0.73 1.24 1.57 -0.28 -0.14 0.12 0.39 
Loss: 1.411410  SIA Ef: -0.401364 Binding: -0.40 -0.39 0.29 -0.08 -0.35 0.35 0.08 0.59 -0.15 -0.30 -0.16  Rvol: 0.55 0.96 1.35 -0.33 -0.30 -0.05 0.22 0.14 0.73 1.23 1.58 -0.28 -0.15 0.11 0.41 
Loss: 1.695357  SIA Ef: -0.357282 Binding: -0.41 -0.39 0.28 -0.08 -0.36 0.39 0.14 0.82 -0.12 -0.24 0.04  Rvol: 0.55 0.96 1.36 -0.33 -0.30 -0.05 0.22 0.14 0.73 1.23 1.59 -0.28 -0.14 0.13 0.44 
Loss: 2.329163  SIA Ef: -1.151004 Binding: -0.53 -0.09 -0.28 -0.12 -0.17 0.42 0.27 0.47 0.03 -0.27 -0.11  Rvol: 0.50 0.84 1.24 -0.33 -0.30 -0.05 0.20 0.14 0.70 1.16 1.43 -0.28 -0.14 0.10 0.38 
Loss: 3.658598  SIA Ef: 0.523491 Binding: -0.35 -0.64 1.12 0.03 -0.68 0.22 -0.03 0.75 -0.31 -0.35 -0.11  Rvol: 0.62 1.06 1.53 -0.33 -0.31 -0.07 0.22 0.14 0.77 1.31 1.77 -0.28 -0.16 0.10 0.40 
Loss: 1.406682  SIA Ef: -0.401037 Binding: -0.39 -0.39 0.29 -0.08 -0.35 0.35 0.08 0.59 -0.15 -0.30 -0.16  Rvol: 0.55 0.96 1.35 -0.33 -0.30 -0.05 0.22 0.14 0.73 1.23 1.58 -0.28 -0.15 0.11 0.41 
Loss: 2.268507  SIA Ef: -0.189989 Binding: -0.46 -0.67 0.55 -0.15 -0.61 0.29 0.04 0.61 -0.24 -0.37 -0.26  Rvol: 0.57 0.99 1.40 -0.33 -0.30 -0.05 0.23 0.14 0.74 1.26 1.63 -0.28 -0.15 0.11 0.42 
Loss: 1.503576  SIA Ef: -0.286020 Binding: -0.40 -0.44 0.24 -0.11 -0.39 0.39 0.17 0.69 -0.10 -0.22 -0.10  Rvol: 0.55 0.97 1.37 -0.33 -0.30 -0.04 0.23 0.14 0.74 1.24 1.59 -0.28 -0.15 0.12 0.40 
Loss: 1.899748  SIA Ef: -0.886668 Binding: -0.55 -0.19 -0.07 -0.12 -0.29 0.41 0.25 0.56 -0.04 -0.26 -0.08  Rvol: 0.52 0.87 1.28 -0.33 -0.30 -0.06 0.19 0.14 0.71 1.18 1.49 -0.28 -0.14 0.10 0.39 
Loss: 1.667841  SIA Ef: 0.097344 Binding: -0.38 -0.36 0.64 0.05 -0.29 0.32 0.07 0.67 -0.21 -0.32 -0.15  Rvol: 0.57 1.00 1.41 -0.33 -0.28 -0.03 0.26 0.14 0.75 1.26 1.65 -0.28 -0.14 0.14 0.46 
Loss: 1.776013  SIA Ef: -0.490047 Binding: -0.40 -0.40 0.54 -0.03 -0.37 0.33 0.07 0.63 -0.20 -0.31 -0.15  Rvol: 0.55 0.96 1.34 -0.33 -0.30 -0.06 0.20 0.14 0.73 1.22 1.58 -0.28 -0.15 0.11 0.40 
Loss: 1.533774  SIA Ef: 0.053858 Binding: -0.36 -0.50 0.32 -0.09 -0.41 0.32 0.04 0.66 -0.18 -0.31 -0.18  Rvol: 0.57 1.00 1.42 -0.33 -0.30 -0.05 0.24 0.14 0.75 1.27 1.65 -0.28 -0.15 0.12 0.43 
Loss: 1.490648  SIA Ef: -0.330165 Binding: -0.39 -0.40 0.34 -0.07 -0.36 0.35 0.09 0.66 -0.16 -0.29 -0.11  Rvol: 0.55 0.97 1.36 -0.33 -0.30 -0.05 0.22 0.14 0.73 1.23 1.59 -0.28 -0.15 0.12 0.43 
Loss: 1.600837  SIA Ef: -0.201209 Binding: -0.42 -0.52 0.32 -0.14 -0.47 0.32 0.04 0.57 -0.18 -0.34 -0.22  Rvol: 0.56 0.98 1.38 -0.33 -0.30 -0.04 0.23 0.14 0.74 1.25 1.61 -0.28 -0.15 0.12 0.42 
Loss: 1.376391  SIA Ef: -0.526668 Binding: -0.40 -0.36 0.12 -0.10 -0.32 0.37 0.10 0.57 -0.11 -0.29 -0.14  Rvol: 0.54 0.95 1.33 -0.33 -0.30 -0.05 0.21 0.14 0.73 1.21 1.55 -0.28 -0.14 0.11 0.41 
Loss: 1.362309  SIA Ef: -0.532673 Binding: -0.40 -0.35 0.12 -0.10 -0.32 0.36 0.09 0.56 -0.11 -0.30 -0.15  Rvol: 0.54 0.95 1.33 -0.33 -0.30 -0.05 0.21 0.14 0.73 1.21 1.55 -0.28 -0.14 0.11 0.41 
Loss: 1.663690  SIA Ef: -0.778300 Binding: -0.54 -0.12 -0.24 -0.14 -0.22 0.40 0.26 0.49 -0.00 -0.28 -0.14  Rvol: 0.52 0.88 1.29 -0.33 -0.30 -0.04 0.22 0.14 0.71 1.19 1.49 -0.28 -0.14 0.11 0.40 
Loss: 1.333864  SIA Ef: -0.511561 Binding: -0.40 -0.34 0.14 -0.09 -0.31 0.37 0.11 0.56 -0.11 -0.28 -0.15  Rvol: 0.54 0.95 1.33 -0.33 -0.30 -0.05 0.21 0.14 0.73 1.22 1.55 -0.28 -0.15 0.11 0.40 
Loss: 1.190599  SIA Ef: -0.238317 Binding: -0.39 -0.32 0.27 -0.04 -0.28 0.36 0.09 0.58 -0.14 -0.29 -0.15  Rvol: 0.55 0.97 1.36 -0.33 -0.29 -0.03 0.24 0.14 0.74 1.24 1.58 -0.28 -0.14 0.13 0.43 
Loss: 1.196434  SIA Ef: -0.233057 Binding: -0.39 -0.32 0.27 -0.04 -0.28 0.36 0.09 0.59 -0.14 -0.29 -0.15  Rvol: 0.55 0.97 1.36 -0.33 -0.29 -0.03 0.24 0.14 0.74 1.24 1.59 -0.28 -0.14 0.13 0.43 
Loss: 1.285481  SIA Ef: -0.092180 Binding: -0.41 -0.39 0.31 -0.06 -0.35 0.34 0.07 0.57 -0.16 -0.31 -0.18  Rvol: 0.56 0.98 1.38 -0.33 -0.29 -0.03 0.24 0.14 0.74 1.25 1.61 -0.28 -0.14 0.13 0.44 
Loss: 1.186332  SIA Ef: -0.249055 Binding: -0.39 -0.31 0.29 -0.03 -0.28 0.35 0.06 0.56 -0.15 -0.31 -0.17  Rvol: 0.55 0.97 1.36 -0.33 -0.29 -0.04 0.23 0.14 0.74 1.23 1.59 -0.28 -0.14 0.12 0.43 
Loss: 1.288697  SIA Ef: 0.032303 Binding: -0.37 -0.36 0.38 -0.03 -0.31 0.33 0.05 0.60 -0.18 -0.31 -0.18  Rvol: 0.57 0.99 1.40 -0.33 -0.29 -0.03 0.24 0.14 0.75 1.26 1.63 -0.28 -0.14 0.13 0.44 
Loss: 1.549571  SIA Ef: -0.235012 Binding: -0.48 -0.26 0.56 0.03 -0.28 0.33 0.14 0.62 -0.20 -0.32 -0.17  Rvol: 0.56 0.95 1.37 -0.33 -0.29 -0.04 0.23 0.14 0.74 1.23 1.60 -0.28 -0.14 0.12 0.43 
Loss: 1.216117  SIA Ef: -0.200742 Binding: -0.39 -0.32 0.32 -0.03 -0.28 0.35 0.07 0.59 -0.16 -0.31 -0.15  Rvol: 0.55 0.97 1.37 -0.33 -0.29 -0.04 0.23 0.14 0.74 1.24 1.59 -0.28 -0.14 0.13 0.44 
Loss: 1.218253  SIA Ef: -0.286143 Binding: -0.50 -0.19 0.24 -0.04 -0.27 0.35 0.18 0.55 -0.14 -0.31 -0.17  Rvol: 0.55 0.93 1.35 -0.33 -0.29 -0.04 0.23 0.14 0.73 1.23 1.58 -0.28 -0.14 0.12 0.43 
Loss: 1.065453  SIA Ef: -0.278737 Binding: -0.39 -0.27 0.18 -0.04 -0.24 0.35 0.08 0.53 -0.13 -0.31 -0.18  Rvol: 0.55 0.96 1.35 -0.33 -0.29 -0.03 0.24 0.14 0.74 1.23 1.57 -0.28 -0.14 0.13 0.43 
Loss: 1.085363  SIA Ef: -0.291993 Binding: -0.49 -0.13 0.17 -0.02 -0.21 0.36 0.19 0.52 -0.12 -0.31 -0.17  Rvol: 0.55 0.93 1.35 -0.33 -0.29 -0.03 0.24 0.14 0.73 1.23 1.57 -0.28 -0.14 0.13 0.44 
Loss: 1.064827  SIA Ef: -0.276183 Binding: -0.39 -0.28 0.18 -0.04 -0.24 0.35 0.07 0.53 -0.13 -0.32 -0.18  Rvol: 0.55 0.96 1.35 -0.33 -0.29 -0.03 0.24 0.14 0.74 1.23 1.57 -0.28 -0.14 0.13 0.43 
Loss: 1.054000  SIA Ef: -0.210337 Binding: -0.39 -0.30 0.16 -0.06 -0.26 0.35 0.07 0.51 -0.13 -0.32 -0.20  Rvol: 0.55 0.97 1.36 -0.33 -0.29 -0.03 0.24 0.14 0.74 1.24 1.58 -0.28 -0.14 0.13 0.44 
Loss: 1.055300  SIA Ef: -0.194772 Binding: -0.39 -0.30 0.16 -0.06 -0.26 0.34 0.06 0.51 -0.13 -0.33 -0.20  Rvol: 0.55 0.97 1.36 -0.33 -0.29 -0.03 0.24 0.14 0.74 1.24 1.59 -0.28 -0.14 0.13 0.44 
Loss: 1.061270  SIA Ef: -0.335857 Binding: -0.39 -0.30 0.04 -0.08 -0.25 0.36 0.07 0.49 -0.10 -0.32 -0.20  Rvol: 0.54 0.96 1.35 -0.33 -0.29 -0.03 0.24 0.14 0.73 1.23 1.56 -0.28 -0.14 0.13 0.43 
Loss: 1.055829  SIA Ef: -0.204980 Binding: -0.40 -0.30 0.16 -0.06 -0.26 0.35 0.07 0.51 -0.13 -0.32 -0.20  Rvol: 0.55 0.97 1.36 -0.33 -0.29 -0.03 0.24 0.14 0.74 1.24 1.58 -0.28 -0.14 0.13 0.44 
Loss: 1.043417  SIA Ef: -0.076071 Binding: -0.38 -0.31 0.16 -0.06 -0.26 0.34 0.06 0.52 -0.13 -0.32 -0.20  Rvol: 0.56 0.98 1.38 -0.33 -0.29 -0.03 0.25 0.14 0.74 1.25 1.60 -0.28 -0.14 0.13 0.44 
Loss: 1.044439  SIA Ef: -0.077926 Binding: -0.38 -0.31 0.18 -0.05 -0.26 0.34 0.05 0.52 -0.14 -0.33 -0.21  Rvol: 0.56 0.98 1.38 -0.33 -0.29 -0.03 0.25 0.14 0.74 1.25 1.60 -0.28 -0.14 0.13 0.45 
Loss: 1.064693  SIA Ef: -0.028120 Binding: -0.38 -0.32 0.16 -0.06 -0.26 0.35 0.07 0.56 -0.13 -0.31 -0.18  Rvol: 0.56 0.98 1.38 -0.33 -0.29 -0.02 0.26 0.14 0.74 1.25 1.61 -0.28 -0.13 0.14 0.45 
Loss: 0.997026  SIA Ef: -0.116371 Binding: -0.38 -0.30 0.09 -0.06 -0.25 0.35 0.07 0.52 -0.11 -0.31 -0.19  Rvol: 0.55 0.97 1.37 -0.33 -0.29 -0.03 0.25 0.14 0.74 1.24 1.59 -0.28 -0.13 0.13 0.44 
Loss: 1.046969  SIA Ef: -0.173615 Binding: -0.51 -0.13 -0.03 -0.08 -0.22 0.37 0.22 0.48 -0.08 -0.31 -0.24  Rvol: 0.55 0.93 1.36 -0.33 -0.29 -0.02 0.25 0.14 0.73 1.24 1.57 -0.28 -0.13 0.13 0.42 
Loss: 1.015171  SIA Ef: -0.123988 Binding: -0.38 -0.31 0.06 -0.08 -0.26 0.36 0.08 0.53 -0.11 -0.30 -0.18  Rvol: 0.55 0.97 1.37 -0.33 -0.29 -0.03 0.25 0.14 0.74 1.24 1.59 -0.28 -0.13 0.13 0.44 
Loss: 1.001258  SIA Ef: -0.096955 Binding: -0.38 -0.30 0.08 -0.07 -0.25 0.36 0.08 0.53 -0.11 -0.31 -0.18  Rvol: 0.55 0.97 1.37 -0.33 -0.29 -0.02 0.25 0.14 0.74 1.24 1.60 -0.28 -0.13 0.14 0.45 
Loss: 0.992510  SIA Ef: -0.103790 Binding: -0.38 -0.30 0.08 -0.07 -0.25 0.35 0.07 0.51 -0.11 -0.31 -0.19  Rvol: 0.55 0.97 1.37 -0.33 -0.29 -0.02 0.25 0.14 0.74 1.24 1.59 -0.28 -0.13 0.13 0.44 
Loss: 0.958863  SIA Ef: -0.129387 Binding: -0.37 -0.28 0.07 -0.06 -0.23 0.36 0.08 0.51 -0.11 -0.31 -0.19  Rvol: 0.55 0.97 1.37 -0.33 -0.29 -0.02 0.25 0.14 0.74 1.24 1.59 -0.28 -0.13 0.13 0.44 
Loss: 0.957926  SIA Ef: -0.145834 Binding: -0.37 -0.28 0.06 -0.06 -0.23 0.36 0.08 0.51 -0.10 -0.31 -0.19  Rvol: 0.55 0.97 1.37 -0.33 -0.29 -0.02 0.25 0.14 0.74 1.24 1.58 -0.28 -0.13 0.13 0.44 
Loss: 0.977203  SIA Ef: -0.200890 Binding: -0.37 -0.27 0.00 -0.07 -0.22 0.37 0.09 0.50 -0.09 -0.31 -0.23  Rvol: 0.55 0.96 1.36 -0.33 -0.29 -0.03 0.25 0.14 0.73 1.24 1.57 -0.28 -0.13 0.13 0.42 
Loss: 0.958490  SIA Ef: -0.130250 Binding: -0.37 -0.28 0.06 -0.06 -0.23 0.36 0.07 0.51 -0.11 -0.31 -0.19  Rvol: 0.55 0.97 1.37 -0.33 -0.29 -0.02 0.25 0.14 0.74 1.24 1.59 -0.28 -0.13 0.14 0.45 
Loss: 0.965290  SIA Ef: -0.209326 Binding: -0.38 -0.27 0.05 -0.06 -0.22 0.36 0.08 0.50 -0.10 -0.31 -0.19  Rvol: 0.55 0.96 1.36 -0.33 -0.29 -0.02 0.25 0.14 0.74 1.24 1.57 -0.28 -0.13 0.13 0.44 
Loss: 0.943955  SIA Ef: -0.154949 Binding: -0.37 -0.27 0.04 -0.06 -0.22 0.36 0.08 0.50 -0.10 -0.31 -0.19  Rvol: 0.55 0.97 1.37 -0.33 -0.29 -0.02 0.25 0.14 0.74 1.24 1.58 -0.28 -0.13 0.13 0.44 
Loss: 1.023783  SIA Ef: -0.170321 Binding: -0.50 -0.12 -0.01 -0.06 -0.20 0.37 0.22 0.49 -0.08 -0.31 -0.23  Rvol: 0.55 0.93 1.36 -0.33 -0.28 -0.02 0.26 0.14 0.73 1.24 1.57 -0.28 -0.13 0.14 0.42 
Loss: 0.950048  SIA Ef: -0.143232 Binding: -0.37 -0.27 0.06 -0.06 -0.23 0.36 0.08 0.51 -0.10 -0.31 -0.19  Rvol: 0.55 0.97 1.37 -0.33 -0.29 -0.02 0.25 0.14 0.74 1.24 1.58 -0.28 -0.13 0.14 0.44 
Loss: 0.943848  SIA Ef: -0.158861 Binding: -0.37 -0.27 0.05 -0.06 -0.22 0.36 0.08 0.50 -0.10 -0.31 -0.19  Rvol: 0.55 0.97 1.36 -0.33 -0.29 -0.02 0.25 0.14 0.74 1.24 1.58 -0.28 -0.13 0.13 0.44 
Loss: 0.947586  SIA Ef: -0.145971 Binding: -0.37 -0.27 0.07 -0.06 -0.23 0.35 0.07 0.50 -0.11 -0.32 -0.20  Rvol: 0.55 0.97 1.37 -0.33 -0.29 -0.02 0.25 0.14 0.74 1.24 1.58 -0.28 -0.13 0.13 0.44 
Loss: 0.944481  SIA Ef: -0.166645 Binding: -0.37 -0.27 0.05 -0.06 -0.22 0.36 0.08 0.50 -0.10 -0.31 -0.19  Rvol: 0.55 0.97 1.36 -0.33 -0.29 -0.02 0.25 0.14 0.74 1.24 1.58 -0.28 -0.13 0.13 0.44 
Loss: 0.957234  SIA Ef: -0.148353 Binding: -0.37 -0.28 0.06 -0.06 -0.23 0.36 0.07 0.50 -0.10 -0.32 -0.20  Rvol: 0.55 0.97 1.37 -0.33 -0.29 -0.02 0.25 0.14 0.74 1.24 1.58 -0.28 -0.13 0.13 0.44 
Loss: 0.942725  SIA Ef: -0.149085 Binding: -0.37 -0.27 0.04 -0.06 -0.22 0.36 0.08 0.50 -0.10 -0.31 -0.20  Rvol: 0.55 0.97 1.37 -0.33 -0.29 -0.02 0.25 0.14 0.74 1.24 1.58 -0.28 -0.13 0.13 0.44 
Loss: 0.959931  SIA Ef: -0.186530 Binding: -0.37 -0.27 0.01 -0.07 -0.22 0.36 0.08 0.49 -0.09 -0.31 -0.24  Rvol: 0.55 0.96 1.36 -0.33 -0.29 -0.02 0.25 0.14 0.74 1.24 1.57 -0.28 -0.13 0.13 0.42 
Loss: 0.942274  SIA Ef: -0.142183 Binding: -0.37 -0.26 0.03 -0.06 -0.21 0.36 0.08 0.49 -0.09 -0.31 -0.24  Rvol: 0.55 0.97 1.37 -0.33 -0.29 -0.02 0.26 0.14 0.74 1.24 1.58 -0.28 -0.13 0.14 0.42 
Loss: 0.944129  SIA Ef: -0.147621 Binding: -0.37 -0.26 0.03 -0.06 -0.21 0.36 0.08 0.49 -0.09 -0.31 -0.23  Rvol: 0.55 0.97 1.37 -0.33 -0.29 -0.02 0.26 0.14 0.74 1.24 1.58 -0.28 -0.13 0.13 0.42 
Loss: 0.942011  SIA Ef: -0.142142 Binding: -0.37 -0.26 0.03 -0.06 -0.21 0.36 0.08 0.49 -0.09 -0.31 -0.24  Rvol: 0.55 0.97 1.37 -0.33 -0.29 -0.02 0.26 0.14 0.74 1.24 1.58 -0.28 -0.13 0.14 0.42 
Loss: 0.945228  SIA Ef: -0.127724 Binding: -0.37 -0.27 0.04 -0.06 -0.22 0.36 0.08 0.50 -0.10 -0.31 -0.23  Rvol: 0.55 0.97 1.37 -0.33 -0.29 -0.02 0.25 0.14 0.74 1.24 1.58 -0.28 -0.13 0.14 0.42 
Loss: 0.945212  SIA Ef: -0.134447 Binding: -0.37 -0.27 0.04 -0.06 -0.22 0.36 0.08 0.49 -0.10 -0.31 -0.24  Rvol: 0.55 0.97 1.37 -0.33 -0.29 -0.02 0.26 0.14 0.74 1.24 1.58 -0.28 -0.13 0.14 0.42 
Loss: 1.029278  SIA Ef: -0.161264 Binding: -0.50 -0.13 0.01 -0.06 -0.21 0.36 0.21 0.49 -0.09 -0.31 -0.24  Rvol: 0.55 0.93 1.36 -0.33 -0.29 -0.02 0.25 0.14 0.74 1.24 1.58 -0.28 -0.13 0.13 0.42 
Loss: 0.942214  SIA Ef: -0.143335 Binding: -0.37 -0.26 0.03 -0.06 -0.21 0.36 0.08 0.49 -0.09 -0.31 -0.23  Rvol: 0.55 0.97 1.37 -0.33 -0.29 -0.02 0.26 0.14 0.74 1.24 1.58 -0.28 -0.13 0.14 0.42 
Loss: 0.944019  SIA Ef: -0.131312 Binding: -0.37 -0.26 0.05 -0.06 -0.21 0.36 0.08 0.50 -0.10 -0.31 -0.23  Rvol: 0.55 0.97 1.37 -0.33 -0.29 -0.02 0.25 0.14 0.74 1.24 1.58 -0.28 -0.13 0.14 0.42 
Loss: 0.942395  SIA Ef: -0.139408 Binding: -0.37 -0.26 0.03 -0.06 -0.21 0.36 0.08 0.49 -0.09 -0.31 -0.24  Rvol: 0.55 0.97 1.37 -0.33 -0.29 -0.02 0.26 0.14 0.74 1.24 1.58 -0.28 -0.13 0.14 0.42 
Loss: 0.943954  SIA Ef: -0.149150 Binding: -0.37 -0.26 0.04 -0.06 -0.21 0.36 0.08 0.50 -0.09 -0.31 -0.23  Rvol: 0.55 0.97 1.37 -0.33 -0.29 -0.02 0.25 0.14 0.74 1.24 1.58 -0.28 -0.13 0.13 0.42 
Loss: 0.942028  SIA Ef: -0.144554 Binding: -0.37 -0.26 0.04 -0.06 -0.21 0.36 0.08 0.49 -0.10 -0.31 -0.24  Rvol: 0.55 0.97 1.37 -0.33 -0.29 -0.02 0.26 0.14 0.74 1.24 1.58 -0.28 -0.13 0.13 0.42 
Loss: 0.925160  SIA Ef: -0.150770 Binding: -0.37 -0.26 0.04 -0.06 -0.21 0.36 0.08 0.49 -0.10 -0.31 -0.19  Rvol: 0.55 0.97 1.36 -0.33 -0.29 -0.02 0.25 0.14 0.74 1.24 1.58 -0.28 -0.13 0.14 0.44 
Loss: 0.920848  SIA Ef: -0.149122 Binding: -0.37 -0.26 0.03 -0.06 -0.21 0.36 0.08 0.49 -0.09 -0.31 -0.19  Rvol: 0.55 0.97 1.36 -0.33 -0.29 -0.02 0.26 0.14 0.74 1.24 1.58 -0.28 -0.13 0.14 0.44 
Loss: 0.915716  SIA Ef: -0.162492 Binding: -0.37 -0.25 0.03 -0.06 -0.20 0.36 0.08 0.49 -0.09 -0.31 -0.19  Rvol: 0.55 0.96 1.36 -0.33 -0.28 -0.02 0.26 0.14 0.74 1.24 1.58 -0.28 -0.13 0.14 0.44 
Loss: 0.918739  SIA Ef: -0.151994 Binding: -0.37 -0.26 0.04 -0.05 -0.21 0.36 0.08 0.49 -0.09 -0.31 -0.19  Rvol: 0.55 0.97 1.36 -0.33 -0.28 -0.02 0.26 0.14 0.74 1.24 1.58 -0.28 -0.13 0.14 0.44 
Loss: 0.915760  SIA Ef: -0.163271 Binding: -0.37 -0.25 0.03 -0.06 -0.20 0.36 0.08 0.49 -0.09 -0.31 -0.19  Rvol: 0.55 0.96 1.36 -0.33 -0.28 -0.02 0.26 0.14 0.74 1.24 1.58 -0.28 -0.13 0.14 0.44 
Loss: 0.917644  SIA Ef: -0.147371 Binding: -0.37 -0.25 0.04 -0.05 -0.21 0.36 0.08 0.49 -0.10 -0.31 -0.19  Rvol: 0.55 0.97 1.36 -0.33 -0.28 -0.02 0.26 0.14 0.74 1.24 1.58 -0.28 -0.13 0.14 0.44 
Loss: 0.916061  SIA Ef: -0.166318 Binding: -0.37 -0.25 0.03 -0.06 -0.20 0.36 0.08 0.49 -0.09 -0.31 -0.19  Rvol: 0.55 0.96 1.36 -0.33 -0.28 -0.02 0.25 0.14 0.74 1.24 1.58 -0.28 -0.13 0.14 0.44 
Loss: 0.917451  SIA Ef: -0.168647 Binding: -0.37 -0.25 0.03 -0.06 -0.20 0.36 0.08 0.49 -0.09 -0.31 -0.19  Rvol: 0.55 0.96 1.36 -0.33 -0.29 -0.02 0.25 0.14 0.74 1.24 1.58 -0.28 -0.13 0.14 0.44 
Loss: 0.915671  SIA Ef: -0.162081 Binding: -0.37 -0.25 0.03 -0.06 -0.20 0.36 0.08 0.49 -0.09 -0.31 -0.19  Rvol: 0.55 0.96 1.36 -0.33 -0.28 -0.02 0.26 0.14 0.74 1.24 1.58 -0.28 -0.13 0.14 0.44 
Loss: 0.913115  SIA Ef: -0.158460 Binding: -0.37 -0.25 0.03 -0.05 -0.20 0.36 0.08 0.49 -0.09 -0.31 -0.19  Rvol: 0.55 0.97 1.36 -0.33 -0.28 -0.02 0.26 0.14 0.74 1.24 1.58 -0.28 -0.13 0.14 0.44 
Loss: 0.913274  SIA Ef: -0.157653 Binding: -0.37 -0.25 0.02 -0.06 -0.20 0.36 0.08 0.49 -0.09 -0.31 -0.19  Rvol: 0.55 0.97 1.36 -0.33 -0.28 -0.02 0.26 0.14 0.74 1.24 1.58 -0.28 -0.13 0.14 0.44 
Loss: 0.995828  SIA Ef: -0.165747 Binding: -0.50 -0.12 0.01 -0.05 -0.19 0.36 0.21 0.49 -0.09 -0.31 -0.19  Rvol: 0.55 0.93 1.36 -0.33 -0.28 -0.02 0.26 0.14 0.74 1.24 1.57 -0.28 -0.13 0.14 0.44 
Loss: 0.913244  SIA Ef: -0.162445 Binding: -0.37 -0.25 0.03 -0.06 -0.20 0.36 0.08 0.49 -0.09 -0.31 -0.19  Rvol: 0.55 0.96 1.36 -0.33 -0.28 -0.02 0.26 0.14 0.74 1.24 1.58 -0.28 -0.13 0.14 0.44 
Loss: 0.921403  SIA Ef: -0.162334 Binding: -0.37 -0.25 0.04 -0.05 -0.21 0.36 0.08 0.49 -0.09 -0.31 -0.19  Rvol: 0.55 0.96 1.36 -0.33 -0.29 -0.02 0.25 0.14 0.74 1.24 1.58 -0.28 -0.13 0.14 0.44 
Loss: 0.915336  SIA Ef: -0.151081 Binding: -0.37 -0.25 0.03 -0.06 -0.20 0.36 0.08 0.49 -0.09 -0.31 -0.19  Rvol: 0.55 0.97 1.36 -0.33 -0.28 -0.02 0.26 0.14 0.74 1.24 1.58 -0.28 -0.13 0.14 0.44 
Loss: 0.913209  SIA Ef: -0.160439 Binding: -0.37 -0.25 0.03 -0.06 -0.20 0.36 0.08 0.49 -0.09 -0.31 -0.19  Rvol: 0.55 0.97 1.36 -0.33 -0.28 -0.02 0.26 0.14 0.74 1.24 1.58 -0.28 -0.13 0.14 0.44 
Loss: 0.914536  SIA Ef: -0.149316 Binding: -0.37 -0.25 0.04 -0.05 -0.20 0.36 0.08 0.49 -0.09 -0.31 -0.19  Rvol: 0.55 0.97 1.36 -0.33 -0.28 -0.02 0.26 0.14 0.74 1.24 1.58 -0.28 -0.13 0.14 0.44 
Loss: 0.913121  SIA Ef: -0.157453 Binding: -0.37 -0.25 0.03 -0.05 -0.20 0.36 0.08 0.49 -0.09 -0.31 -0.19  Rvol: 0.55 0.97 1.36 -0.33 -0.28 -0.02 0.26 0.14 0.74 1.24 1.58 -0.28 -0.13 0.14 0.44 
Loss: 0.913867  SIA Ef: -0.161562 Binding: -0.37 -0.25 0.03 -0.05 -0.20 0.36 0.08 0.49 -0.09 -0.31 -0.19  Rvol: 0.55 0.96 1.36 -0.33 -0.28 -0.02 0.26 0.14 0.74 1.24 1.58 -0.28 -0.13 0.14 0.44 
Loss: 0.913115  SIA Ef: -0.158056 Binding: -0.37 -0.25 0.03 -0.05 -0.20 0.36 0.08 0.49 -0.09 -0.31 -0.19  Rvol: 0.55 0.97 1.36 -0.33 -0.28 -0.02 0.26 0.14 0.74 1.24 1.58 -0.28 -0.13 0.14 0.44 
Loss: 0.917237  SIA Ef: -0.159986 Binding: -0.37 -0.25 0.04 -0.05 -0.20 0.36 0.08 0.49 -0.09 -0.31 -0.19  Rvol: 0.55 0.97 1.36 -0.33 -0.28 -0.02 0.26 0.14 0.74 1.24 1.58 -0.28 -0.13 0.14 0.44 
Loss: 0.913302  SIA Ef: -0.159324 Binding: -0.37 -0.25 0.03 -0.05 -0.20 0.36 0.08 0.49 -0.09 -0.31 -0.19  Rvol: 0.55 0.97 1.36 -0.33 -0.28 -0.02 0.26 0.14 0.74 1.24 1.58 -0.28 -0.13 0.14 0.44 
Loss: 0.914763  SIA Ef: -0.157641 Binding: -0.37 -0.25 0.03 -0.05 -0.20 0.36 0.08 0.49 -0.09 -0.31 -0.19  Rvol: 0.55 0.97 1.36 -0.33 -0.28 -0.02 0.26 0.14 0.74 1.24 1.58 -0.28 -0.13 0.14 0.44 
Loss: 0.910520  SIA Ef: -0.159735 Binding: -0.37 -0.25 0.03 -0.05 -0.20 0.36 0.08 0.49 -0.09 -0.31 -0.19  Rvol: 0.55 0.96 1.36 -0.33 -0.28 -0.02 0.26 0.14 0.74 1.24 1.58 -0.28 -0.13 0.14 0.44 
Loss: 0.999625  SIA Ef: -0.161457 Binding: -0.50 -0.12 0.02 -0.05 -0.20 0.36 0.21 0.49 -0.09 -0.31 -0.19  Rvol: 0.55 0.93 1.36 -0.33 -0.28 -0.02 0.26 0.14 0.74 1.24 1.58 -0.28 -0.13 0.14 0.44 
Loss: 0.910551  SIA Ef: -0.161524 Binding: -0.37 -0.25 0.03 -0.05 -0.20 0.36 0.08 0.49 -0.09 -0.31 -0.19  Rvol: 0.55 0.96 1.36 -0.33 -0.28 -0.02 0.26 0.14 0.74 1.24 1.58 -0.28 -0.13 0.14 0.44 
Loss: 0.999627  SIA Ef: -0.161339 Binding: -0.50 -0.12 0.02 -0.05 -0.20 0.36 0.21 0.49 -0.09 -0.31 -0.19  Rvol: 0.55 0.93 1.36 -0.33 -0.28 -0.02 0.26 0.14 0.74 1.24 1.58 -0.28 -0.13 0.14 0.44 
Loss: 0.910549  SIA Ef: -0.161883 Binding: -0.37 -0.25 0.03 -0.05 -0.20 0.36 0.08 0.49 -0.09 -0.31 -0.19  Rvol: 0.55 0.96 1.36 -0.33 -0.28 -0.02 0.26 0.14 0.74 1.24 1.58 -0.28 -0.13 0.14 0.44 
Loss: 0.999617  SIA Ef: -0.161222 Binding: -0.50 -0.12 0.02 -0.05 -0.20 0.36 0.21 0.49 -0.09 -0.31 -0.19  Rvol: 0.55 0.93 1.36 -0.33 -0.28 -0.02 0.26 0.14 0.74 1.24 1.58 -0.28 -0.13 0.14 0.44 
Loss: 0.910524  SIA Ef: -0.158942 Binding: -0.37 -0.25 0.03 -0.05 -0.20 0.36 0.08 0.49 -0.09 -0.31 -0.19  Rvol: 0.55 0.96 1.36 -0.33 -0.28 -0.02 0.26 0.14 0.74 1.24 1.58 -0.28 -0.13 0.14 0.44 
Loss: 0.999616  SIA Ef: -0.161232 Binding: -0.50 -0.12 0.02 -0.05 -0.20 0.36 0.21 0.49 -0.09 -0.31 -0.19  Rvol: 0.55 0.93 1.36 -0.33 -0.28 -0.02 0.26 0.14 0.74 1.24 1.58 -0.28 -0.13 0.14 0.44 
Loss: 0.910523  SIA Ef: -0.159534 Binding: -0.37 -0.25 0.03 -0.05 -0.20 0.36 0.08 0.49 -0.09 -0.31 -0.19  Rvol: 0.55 0.96 1.36 -0.33 -0.28 -0.02 0.26 0.14 0.74 1.24 1.58 -0.28 -0.13 0.14 0.44 
Loss: 0.999614  SIA Ef: -0.161235 Binding: -0.50 -0.12 0.02 -0.05 -0.20 0.36 0.21 0.49 -0.09 -0.31 -0.19  Rvol: 0.55 0.93 1.36 -0.33 -0.28 -0.02 0.26 0.14 0.74 1.24 1.58 -0.28 -0.13 0.14 0.44 
Loss: 0.910530  SIA Ef: -0.160026 Binding: -0.37 -0.25 0.03 -0.05 -0.20 0.36 0.08 0.49 -0.09 -0.31 -0.19  Rvol: 0.55 0.96 1.36 -0.33 -0.28 -0.02 0.26 0.14 0.74 1.24 1.58 -0.28 -0.13 0.14 0.44 
Loss: 0.999619  SIA Ef: -0.161230 Binding: -0.50 -0.12 0.02 -0.05 -0.20 0.36 0.21 0.49 -0.09 -0.31 -0.19  Rvol: 0.55 0.93 1.36 -0.33 -0.28 -0.02 0.26 0.14 0.74 1.24 1.58 -0.28 -0.13 0.14 0.44 
Loss: 0.910530  SIA Ef: -0.158807 Binding: -0.37 -0.25 0.03 -0.05 -0.20 0.36 0.08 0.49 -0.09 -0.31 -0.19  Rvol: 0.55 0.96 1.36 -0.33 -0.28 -0.02 0.26 0.14 0.74 1.24 1.58 -0.28 -0.13 0.14 0.44 
Loss: 0.999627  SIA Ef: -0.161246 Binding: -0.50 -0.12 0.02 -0.05 -0.20 0.36 0.21 0.49 -0.09 -0.31 -0.19  Rvol: 0.55 0.93 1.36 -0.33 -0.28 -0.02 0.26 0.14 0.74 1.24 1.58 -0.28 -0.13 0.14 0.44 
Loss: 0.909228  SIA Ef: -0.160491 Binding: -0.37 -0.25 0.03 -0.05 -0.20 0.36 0.08 0.49 -0.09 -0.31 -0.19  Rvol: 0.55 0.96 1.36 -0.33 -0.28 -0.02 0.26 0.14 0.74 1.24 1.58 -0.28 -0.13 0.14 0.44 
Loss: 0.999622  SIA Ef: -0.161239 Binding: -0.50 -0.12 0.02 -0.05 -0.20 0.36 0.21 0.49 -0.09 -0.31 -0.19  Rvol: 0.55 0.93 1.36 -0.33 -0.28 -0.02 0.26 0.14 0.74 1.24 1.58 -0.28 -0.13 0.14 0.44 
Loss: 0.909222  SIA Ef: -0.159930 Binding: -0.37 -0.25 0.03 -0.05 -0.20 0.36 0.08 0.49 -0.09 -0.31 -0.19  Rvol: 0.55 0.96 1.36 -0.33 -0.28 -0.02 0.26 0.14 0.74 1.24 1.58 -0.28 -0.13 0.14 0.44 
Loss: 0.999570  SIA Ef: -0.160669 Binding: -0.50 -0.12 0.02 -0.05 -0.20 0.36 0.21 0.49 -0.09 -0.31 -0.19  Rvol: 0.55 0.93 1.36 -0.33 -0.28 -0.02 0.26 0.14 0.74 1.24 1.58 -0.28 -0.13 0.14 0.44 
Loss: 0.909239  SIA Ef: -0.160026 Binding: -0.37 -0.25 0.03 -0.05 -0.20 0.36 0.08 0.49 -0.09 -0.31 -0.19  Rvol: 0.55 0.96 1.36 -0.33 -0.28 -0.02 0.26 0.14 0.74 1.24 1.58 -0.28 -0.13 0.14 0.44 
Loss: 0.909663  SIA Ef: -0.158543 Binding: -0.37 -0.25 0.03 -0.05 -0.20 0.36 0.08 0.49 -0.09 -0.31 -0.19  Rvol: 0.55 0.97 1.36 -0.33 -0.28 -0.02 0.26 0.14 0.74 1.24 1.58 -0.28 -0.13 0.14 0.44 
Loss: 0.909365  SIA Ef: -0.159910 Binding: -0.37 -0.25 0.03 -0.05 -0.20 0.36 0.08 0.49 -0.09 -0.31 -0.19  Rvol: 0.55 0.96 1.36 -0.33 -0.28 -0.02 0.26 0.14 0.74 1.24 1.58 -0.28 -0.13 0.14 0.44 
Loss: 0.999567  SIA Ef: -0.160697 Binding: -0.50 -0.12 0.02 -0.05 -0.20 0.36 0.21 0.49 -0.09 -0.31 -0.19  Rvol: 0.55 0.93 1.36 -0.33 -0.28 -0.02 0.26 0.14 0.74 1.24 1.58 -0.28 -0.13 0.14 0.44 
Loss: 1.000207  SIA Ef: -0.160244 Binding: -0.50 -0.12 0.03 -0.05 -0.20 0.36 0.21 0.49 -0.09 -0.31 -0.19  Rvol: 0.55 0.93 1.36 -0.33 -0.28 -0.02 0.26 0.14 0.74 1.24 1.58 -0.28 -0.13 0.14 0.44 
Loss: 0.909224  SIA Ef: -0.159540 Binding: -0.37 -0.25 0.03 -0.05 -0.20 0.36 0.08 0.49 -0.09 -0.31 -0.19  Rvol: 0.55 0.96 1.36 -0.33 -0.28 -0.02 0.26 0.14 0.74 1.24 1.58 -0.28 -0.13 0.14 0.44 
Loss: 0.909418  SIA Ef: -0.159657 Binding: -0.37 -0.25 0.03 -0.05 -0.20 0.36 0.08 0.49 -0.09 -0.31 -0.19  Rvol: 0.55 0.96 1.36 -0.33 -0.28 -0.02 0.26 0.14 0.74 1.24 1.58 -0.28 -0.13 0.14 0.44 
Loss: 0.909224  SIA Ef: -0.160375 Binding: -0.37 -0.25 0.03 -0.05 -0.20 0.36 0.08 0.49 -0.09 -0.31 -0.19  Rvol: 0.55 0.96 1.36 -0.33 -0.28 -0.02 0.26 0.14 0.74 1.24 1.58 -0.28 -0.13 0.14 0.44 
Loss: 0.909378  SIA Ef: -0.160221 Binding: -0.37 -0.25 0.03 -0.05 -0.20 0.36 0.08 0.49 -0.09 -0.31 -0.19  Rvol: 0.55 0.96 1.36 -0.33 -0.28 -0.02 0.26 0.14 0.74 1.24 1.58 -0.28 -0.13 0.14 0.44 
Loss: 0.909227  SIA Ef: -0.160087 Binding: -0.37 -0.25 0.03 -0.05 -0.20 0.36 0.08 0.49 -0.09 -0.31 -0.19  Rvol: 0.55 0.96 1.36 -0.33 -0.28 -0.02 0.26 0.14 0.74 1.24 1.58 -0.28 -0.13 0.14 0.44 
Loss: 0.909490  SIA Ef: -0.159716 Binding: -0.37 -0.25 0.03 -0.05 -0.20 0.36 0.08 0.49 -0.09 -0.31 -0.19  Rvol: 0.55 0.96 1.36 -0.33 -0.28 -0.02 0.26 0.14 0.74 1.24 1.58 -0.28 -0.13 0.14 0.44 
Loss: 0.909612  SIA Ef: -0.159653 Binding: -0.37 -0.25 0.03 -0.05 -0.20 0.36 0.08 0.49 -0.09 -0.31 -0.19  Rvol: 0.55 0.96 1.36 -0.33 -0.28 -0.02 0.26 0.14 0.74 1.24 1.58 -0.28 -0.13 0.14 0.44 
