Start Optimization 
Loss: 1.824203  SIA Ef: -1.031423 Binding: -0.15 -0.18 -0.10 0.22 0.17 0.52 -0.17 0.38 0.19 -0.22 0.08  Rvol: 0.47 0.98 1.16 -0.33 -0.21 0.05 0.28 0.14 0.72 1.09 1.36 -0.28 -0.08 0.21 0.47 
Loss: 1.702844  SIA Ef: -0.971468 Binding: -0.15 -0.17 -0.09 0.23 0.18 0.51 -0.19 0.37 0.18 -0.24 0.06  Rvol: 0.47 0.99 1.17 -0.33 -0.21 0.06 0.29 0.14 0.73 1.09 1.37 -0.28 -0.08 0.21 0.48 
Loss: 53.657991  SIA Ef: 3.681172 Binding: 1.12 2.17 4.29 2.69 2.12 0.60 -0.03 1.05 -0.40 -0.36 0.24  Rvol: 0.68 1.38 2.01 -0.33 0.09 0.51 0.90 0.14 0.93 1.67 2.24 -0.28 0.22 0.67 1.09 
Loss: 52.739849  SIA Ef: -0.453138 Binding: -0.55 0.38 -5.23 0.54 0.31 1.02 0.94 0.06 4.13 0.58 1.91  Rvol: 0.49 0.97 1.68 -0.33 -0.02 0.50 0.94 0.14 0.76 1.29 1.27 -0.28 0.16 0.63 1.02 
Loss: 211.539589  SIA Ef: 11.220586 Binding: 2.25 0.68 7.87 2.57 0.92 1.12 -0.82 1.49 -0.71 -0.83 -0.46  Rvol: 1.24 2.00 2.82 -0.33 -0.16 0.07 0.54 0.14 1.36 2.25 3.05 -0.28 0.01 0.29 0.75 
Loss: 2.227304  SIA Ef: -0.971468 Binding: -0.15 -0.17 -0.09 0.23 0.18 0.24 0.28 0.51 -0.13 -0.78 -0.17  Rvol: 0.47 0.99 1.17 -0.33 -0.21 0.06 0.29 0.14 0.66 1.04 1.33 -0.28 0.01 0.21 0.52 
Loss: 2.759004  SIA Ef: -0.971468 Binding: -0.15 -0.17 -0.09 0.23 0.18 0.31 -0.53 -0.58 -0.09 -0.55 -0.75  Rvol: 0.47 0.99 1.17 -0.33 -0.21 0.06 0.29 0.14 0.71 1.13 1.33 -0.28 -0.10 0.16 0.36 
Loss: 2.345592  SIA Ef: -0.971468 Binding: -0.15 -0.17 -0.09 0.23 0.18 0.62 0.05 0.72 0.30 -0.04 0.41  Rvol: 0.47 0.99 1.17 -0.33 -0.21 0.06 0.29 0.14 0.73 1.05 1.37 -0.28 -0.08 0.22 0.48 
Loss: 9.031868  SIA Ef: -0.971468 Binding: -1.25 -1.27 -0.09 -0.72 -1.36 0.51 1.00 1.01 0.18 -0.19 0.28  Rvol: 0.47 0.82 1.33 -0.33 -0.21 0.07 0.34 0.14 0.73 1.26 1.55 -0.28 -0.08 0.22 0.52 
Loss: 2.763671  SIA Ef: -0.971468 Binding: -0.07 -0.26 -0.09 0.29 0.07 0.51 -1.09 0.18 0.18 -0.26 0.00  Rvol: 0.47 0.97 1.12 -0.33 -0.21 0.05 0.26 0.14 0.73 1.00 1.35 -0.28 -0.08 0.21 0.45 
Loss: 1.933665  SIA Ef: -0.971468 Binding: -0.37 0.21 -0.09 0.25 0.32 0.51 0.13 0.46 0.18 -0.22 0.09  Rvol: 0.47 0.82 1.18 -0.33 -0.21 0.06 0.30 0.14 0.73 1.12 1.38 -0.28 -0.08 0.21 0.49 
Loss: 307.810545  SIA Ef: -16.341362 Binding: -0.26 -0.59 -4.37 -0.27 -0.63 0.38 -0.63 0.41 3.22 0.11 1.95  Rvol: -0.15 -0.30 -0.65 -0.33 -0.36 -0.70 -0.72 0.14 0.28 -0.16 -0.72 -0.28 -0.32 -0.64 -0.49 
Loss: 97.043772  SIA Ef: -8.337263 Binding: 0.12 -0.20 -3.59 1.32 -0.29 0.68 -0.75 0.01 2.97 -0.96 1.05  Rvol: 0.10 0.66 0.32 -0.33 -0.23 -0.14 -0.17 0.14 0.48 0.70 0.29 -0.28 -0.19 -0.15 -0.04 
Loss: 9.859462  SIA Ef: 1.776398 Binding: -0.30 -0.37 2.09 0.56 -0.27 0.27 -0.31 0.87 -0.38 -0.35 0.02  Rvol: 0.66 1.16 1.65 -0.33 -0.23 0.03 0.35 0.14 0.86 1.33 1.94 -0.28 -0.08 0.22 0.55 
Loss: 1.685858  SIA Ef: -0.962546 Binding: -0.15 -0.17 -0.09 0.24 0.18 0.51 -0.19 0.37 0.18 -0.24 0.06  Rvol: 0.47 0.99 1.17 -0.33 -0.21 0.06 0.29 0.14 0.73 1.09 1.37 -0.28 -0.08 0.21 0.48 
Loss: 4.922476  SIA Ef: 0.655319 Binding: -0.10 0.34 1.49 0.86 0.53 0.46 -0.29 0.66 -0.21 -0.30 0.05  Rvol: 0.55 1.01 1.37 -0.33 -0.15 0.17 0.44 0.14 0.83 1.22 1.67 -0.28 -0.00 0.33 0.65 
Loss: 2.028290  SIA Ef: -0.960369 Binding: -0.15 -0.17 -0.10 0.23 0.19 0.61 0.00 0.59 0.27 -0.04 0.29  Rvol: 0.47 0.99 1.17 -0.33 -0.21 0.06 0.29 0.14 0.72 1.10 1.36 -0.28 -0.09 0.21 0.47 
Loss: 6.933485  SIA Ef: 0.000645 Binding: -0.16 -0.21 -1.95 0.07 0.39 0.63 -0.02 0.30 1.40 -0.10 0.50  Rvol: 0.48 1.09 1.24 -0.33 -0.18 0.11 0.40 0.14 0.74 1.23 1.36 -0.28 -0.02 0.25 0.57 
Loss: 2.050761  SIA Ef: -0.972359 Binding: -0.15 -0.17 -0.10 0.24 0.19 0.57 -0.09 0.60 0.25 -0.15 0.29  Rvol: 0.47 0.99 1.17 -0.33 -0.21 0.06 0.29 0.14 0.73 1.08 1.37 -0.28 -0.08 0.22 0.49 
Loss: 24.314168  SIA Ef: -4.419608 Binding: 0.16 -0.16 -1.45 0.18 0.56 0.60 -0.58 0.03 1.13 -0.22 0.29  Rvol: 0.30 0.82 0.75 -0.33 -0.22 -0.03 0.10 0.14 0.61 0.88 0.83 -0.28 -0.14 0.10 0.21 
Loss: 1.594048  SIA Ef: -0.934839 Binding: -0.15 -0.16 -0.07 0.24 0.18 0.50 -0.21 0.32 0.15 -0.26 0.02  Rvol: 0.48 0.99 1.17 -0.33 -0.21 0.06 0.29 0.14 0.73 1.10 1.37 -0.28 -0.08 0.21 0.48 
Loss: 9.600819  SIA Ef: 1.609963 Binding: -0.28 -0.34 2.19 0.59 -0.25 0.24 -0.35 0.80 -0.40 -0.40 -0.06  Rvol: 0.65 1.15 1.64 -0.33 -0.24 0.02 0.33 0.14 0.85 1.32 1.93 -0.28 -0.09 0.21 0.54 
Loss: 1.693496  SIA Ef: -0.934839 Binding: -0.42 0.10 -0.07 0.22 0.20 0.50 0.11 0.37 0.15 -0.26 0.04  Rvol: 0.48 0.82 1.18 -0.33 -0.21 0.06 0.30 0.14 0.73 1.15 1.38 -0.28 -0.08 0.21 0.49 
Loss: 2.150614  SIA Ef: -0.980722 Binding: -0.65 -0.36 -0.05 -0.01 -0.28 0.49 0.14 0.37 0.15 -0.26 0.04  Rvol: 0.47 0.82 1.17 -0.33 -0.21 0.06 0.29 0.14 0.73 1.17 1.38 -0.28 -0.08 0.21 0.48 
Loss: 1.568295  SIA Ef: -0.920202 Binding: -0.15 -0.18 -0.06 0.24 0.17 0.49 -0.22 0.32 0.15 -0.27 0.01  Rvol: 0.48 0.99 1.17 -0.33 -0.21 0.06 0.29 0.14 0.73 1.09 1.38 -0.28 -0.08 0.21 0.48 
Loss: 5.056368  SIA Ef: 0.636222 Binding: -0.09 0.33 1.57 0.89 0.26 0.44 -0.34 0.61 -0.23 -0.33 0.26  Rvol: 0.55 1.01 1.37 -0.33 -0.15 0.17 0.47 0.14 0.82 1.22 1.68 -0.28 -0.01 0.33 0.65 
Loss: 2.107352  SIA Ef: -1.159501 Binding: -0.13 -0.16 0.08 0.28 0.17 0.43 -0.36 0.13 0.03 -0.40 -0.19  Rvol: 0.47 0.97 1.15 -0.33 -0.21 0.05 0.27 0.14 0.72 1.06 1.35 -0.28 -0.09 0.21 0.46 
Loss: 25.023300  SIA Ef: -4.378302 Binding: 0.12 -0.24 -1.66 0.13 0.50 0.64 -0.49 0.10 1.30 -0.15 0.43  Rvol: 0.30 0.83 0.75 -0.33 -0.22 -0.03 0.10 0.14 0.61 0.90 0.83 -0.28 -0.13 0.09 0.21 
Loss: 2.274380  SIA Ef: -0.444414 Binding: -0.15 -0.22 -0.96 0.11 0.24 0.54 -0.20 0.23 0.64 -0.24 0.15  Rvol: 0.48 1.05 1.20 -0.33 -0.19 0.09 0.34 0.14 0.73 1.19 1.37 -0.28 -0.06 0.23 0.51 
Loss: 1.506416  SIA Ef: -0.863065 Binding: -0.10 -0.06 -0.02 0.31 0.27 0.49 -0.23 0.32 0.13 -0.27 0.00  Rvol: 0.48 0.99 1.18 -0.33 -0.21 0.06 0.29 0.14 0.73 1.08 1.38 -0.28 -0.08 0.21 0.48 
Loss: 2.409361  SIA Ef: 0.491163 Binding: -0.36 -0.07 1.02 0.42 0.01 0.38 -0.07 0.59 -0.22 -0.32 -0.05  Rvol: 0.57 0.99 1.38 -0.33 -0.23 0.05 0.32 0.14 0.79 1.20 1.66 -0.28 -0.08 0.22 0.53 
Loss: 1.307229  SIA Ef: -0.395558 Binding: -0.07 0.03 0.41 0.46 0.34 0.47 -0.27 0.38 -0.01 -0.29 -0.01  Rvol: 0.50 1.01 1.23 -0.33 -0.19 0.09 0.33 0.14 0.76 1.11 1.46 -0.28 -0.07 0.24 0.53 
Loss: 1.282638  SIA Ef: -0.400616 Binding: -0.07 0.03 0.41 0.46 0.34 0.47 -0.26 0.35 -0.02 -0.29 -0.04  Rvol: 0.50 1.01 1.23 -0.33 -0.19 0.09 0.33 0.14 0.75 1.11 1.46 -0.28 -0.07 0.24 0.52 
Loss: 1.972074  SIA Ef: -0.830319 Binding: 0.03 0.07 0.38 0.52 0.45 0.49 -0.35 0.33 0.03 -0.27 -0.01  Rvol: 0.48 0.99 1.18 -0.33 -0.19 0.09 0.31 0.14 0.74 1.07 1.40 -0.28 -0.07 0.24 0.51 
Loss: 1.161167  SIA Ef: -0.350981 Binding: -0.07 0.02 0.33 0.44 0.34 0.45 -0.28 0.29 -0.01 -0.33 -0.09  Rvol: 0.50 1.01 1.23 -0.33 -0.19 0.09 0.33 0.14 0.75 1.12 1.46 -0.28 -0.07 0.25 0.53 
Loss: 1.011299  SIA Ef: -0.174699 Binding: -0.04 -0.00 -0.13 0.37 0.40 0.49 -0.27 0.26 0.19 -0.28 -0.03  Rvol: 0.50 1.05 1.24 -0.33 -0.18 0.11 0.36 0.14 0.75 1.14 1.45 -0.28 -0.06 0.26 0.55 
Loss: 1.005939  SIA Ef: -0.176697 Binding: -0.04 -0.00 -0.13 0.37 0.40 0.48 -0.28 0.24 0.18 -0.29 -0.04  Rvol: 0.50 1.05 1.24 -0.33 -0.18 0.11 0.36 0.14 0.75 1.14 1.45 -0.28 -0.06 0.26 0.55 
Loss: 1.172102  SIA Ef: -0.309449 Binding: -0.00 0.01 -0.17 0.38 0.44 0.46 -0.38 0.13 0.18 -0.35 -0.13  Rvol: 0.49 1.04 1.22 -0.33 -0.18 0.11 0.36 0.14 0.75 1.13 1.43 -0.28 -0.06 0.26 0.55 
Loss: 0.983546  SIA Ef: -0.139098 Binding: -0.04 -0.00 -0.10 0.38 0.39 0.48 -0.29 0.24 0.16 -0.29 -0.05  Rvol: 0.50 1.05 1.24 -0.33 -0.18 0.11 0.36 0.14 0.75 1.14 1.45 -0.28 -0.06 0.26 0.55 
Loss: 1.568055  SIA Ef: 0.688179 Binding: -0.33 0.19 0.31 0.41 0.29 0.43 -0.03 0.33 -0.03 -0.32 -0.10  Rvol: 0.55 0.96 1.35 -0.33 -0.19 0.12 0.39 0.14 0.78 1.21 1.59 -0.28 -0.05 0.27 0.60 
Loss: 0.983475  SIA Ef: -0.140399 Binding: -0.04 -0.00 -0.09 0.38 0.39 0.48 -0.30 0.24 0.16 -0.29 -0.05  Rvol: 0.50 1.05 1.24 -0.33 -0.18 0.11 0.36 0.14 0.75 1.13 1.45 -0.28 -0.06 0.26 0.55 
Loss: 1.837805  SIA Ef: -0.586938 Binding: 0.07 0.01 -0.47 0.38 0.53 0.52 -0.40 0.17 0.40 -0.28 0.03  Rvol: 0.47 1.03 1.17 -0.33 -0.17 0.12 0.35 0.14 0.74 1.10 1.36 -0.28 -0.07 0.26 0.53 
Loss: 1.034974  SIA Ef: -0.130663 Binding: -0.02 0.05 -0.06 0.41 0.44 0.48 -0.29 0.25 0.15 -0.28 -0.05  Rvol: 0.50 1.05 1.24 -0.33 -0.18 0.11 0.36 0.14 0.75 1.13 1.46 -0.28 -0.06 0.26 0.55 
Loss: 0.929575  SIA Ef: -0.194005 Binding: -0.06 -0.04 -0.03 0.37 0.34 0.50 -0.25 0.27 0.15 -0.24 -0.03  Rvol: 0.50 1.04 1.24 -0.33 -0.18 0.11 0.36 0.14 0.75 1.14 1.44 -0.28 -0.07 0.25 0.54 
Loss: 0.972336  SIA Ef: -0.315734 Binding: -0.08 -0.10 -0.20 0.30 0.30 0.50 -0.25 0.24 0.21 -0.25 -0.02  Rvol: 0.50 1.04 1.22 -0.33 -0.19 0.10 0.35 0.14 0.74 1.13 1.42 -0.28 -0.07 0.24 0.53 
Loss: 1.340497  SIA Ef: -0.566179 Binding: -0.05 -0.07 -0.38 0.29 0.35 0.53 -0.25 0.23 0.30 -0.20 0.03  Rvol: 0.48 1.03 1.19 -0.33 -0.19 0.09 0.33 0.14 0.73 1.13 1.38 -0.28 -0.07 0.23 0.50 
Loss: 0.956584  SIA Ef: -0.197551 Binding: -0.06 -0.04 0.01 0.38 0.34 0.51 -0.21 0.33 0.15 -0.21 0.02  Rvol: 0.50 1.04 1.24 -0.33 -0.18 0.11 0.36 0.14 0.75 1.13 1.45 -0.28 -0.07 0.25 0.54 
Loss: 0.921525  SIA Ef: -0.204003 Binding: -0.07 -0.04 0.06 0.38 0.33 0.50 -0.23 0.29 0.12 -0.24 -0.03  Rvol: 0.50 1.04 1.24 -0.33 -0.19 0.10 0.35 0.14 0.75 1.13 1.45 -0.28 -0.07 0.25 0.54 
Loss: 1.024019  SIA Ef: -0.294910 Binding: -0.07 -0.03 0.23 0.41 0.32 0.47 -0.28 0.27 0.05 -0.28 -0.08  Rvol: 0.50 1.02 1.23 -0.33 -0.19 0.10 0.34 0.14 0.75 1.13 1.45 -0.28 -0.07 0.25 0.53 
Loss: 0.888476  SIA Ef: -0.022713 Binding: -0.10 -0.04 0.17 0.39 0.30 0.49 -0.20 0.32 0.07 -0.25 -0.04  Rvol: 0.51 1.04 1.26 -0.33 -0.19 0.10 0.36 0.14 0.76 1.14 1.48 -0.28 -0.06 0.25 0.55 
Loss: 1.117970  SIA Ef: 0.290753 Binding: -0.12 -0.03 0.32 0.42 0.28 0.47 -0.21 0.36 0.02 -0.25 -0.04  Rvol: 0.53 1.05 1.30 -0.33 -0.18 0.11 0.38 0.14 0.77 1.17 1.53 -0.28 -0.06 0.27 0.57 
Loss: 0.886576  SIA Ef: -0.026095 Binding: -0.10 -0.04 0.17 0.39 0.30 0.48 -0.20 0.31 0.07 -0.25 -0.05  Rvol: 0.51 1.04 1.26 -0.33 -0.19 0.10 0.36 0.14 0.76 1.14 1.48 -0.28 -0.07 0.25 0.54 
Loss: 0.834526  SIA Ef: -0.119339 Binding: -0.11 -0.05 0.05 0.35 0.29 0.50 -0.18 0.31 0.11 -0.23 -0.03  Rvol: 0.51 1.04 1.25 -0.33 -0.19 0.10 0.35 0.14 0.75 1.14 1.46 -0.28 -0.07 0.24 0.53 
Loss: 0.864901  SIA Ef: -0.098782 Binding: -0.09 -0.00 0.06 0.37 0.33 0.50 -0.18 0.31 0.11 -0.22 -0.03  Rvol: 0.51 1.04 1.25 -0.33 -0.19 0.09 0.35 0.14 0.75 1.14 1.47 -0.28 -0.07 0.24 0.53 
Loss: 0.836578  SIA Ef: -0.141508 Binding: -0.11 -0.05 0.04 0.34 0.28 0.50 -0.17 0.31 0.12 -0.22 -0.02  Rvol: 0.51 1.03 1.25 -0.33 -0.19 0.10 0.35 0.14 0.75 1.14 1.46 -0.28 -0.07 0.24 0.53 
Loss: 0.839846  SIA Ef: -0.121839 Binding: -0.10 -0.03 -0.00 0.34 0.31 0.49 -0.19 0.30 0.13 -0.24 -0.03  Rvol: 0.51 1.04 1.25 -0.33 -0.19 0.10 0.35 0.14 0.75 1.15 1.46 -0.28 -0.07 0.24 0.54 
Loss: 0.864016  SIA Ef: 0.149470 Binding: -0.14 -0.05 0.09 0.34 0.26 0.50 -0.13 0.35 0.10 -0.20 -0.01  Rvol: 0.52 1.05 1.28 -0.33 -0.19 0.10 0.36 0.14 0.76 1.17 1.50 -0.28 -0.07 0.25 0.54 
Loss: 0.835517  SIA Ef: -0.110485 Binding: -0.12 -0.04 0.14 0.36 0.27 0.49 -0.18 0.31 0.07 -0.24 -0.06  Rvol: 0.51 1.03 1.26 -0.33 -0.19 0.09 0.34 0.14 0.75 1.14 1.47 -0.28 -0.07 0.24 0.53 
Loss: 0.821994  SIA Ef: -0.134630 Binding: -0.11 -0.06 0.01 0.34 0.28 0.50 -0.19 0.29 0.12 -0.23 -0.04  Rvol: 0.51 1.04 1.25 -0.33 -0.19 0.09 0.35 0.14 0.75 1.14 1.46 -0.28 -0.07 0.24 0.53 
Loss: 0.795920  SIA Ef: -0.166819 Binding: -0.13 -0.08 -0.04 0.30 0.25 0.49 -0.18 0.29 0.14 -0.23 -0.03  Rvol: 0.51 1.03 1.25 -0.33 -0.20 0.09 0.34 0.14 0.75 1.14 1.46 -0.28 -0.07 0.24 0.52 
Loss: 0.812098  SIA Ef: -0.154497 Binding: -0.13 -0.09 -0.14 0.29 0.26 0.50 -0.19 0.27 0.17 -0.23 -0.03  Rvol: 0.51 1.04 1.25 -0.33 -0.19 0.09 0.35 0.14 0.75 1.15 1.45 -0.28 -0.07 0.24 0.53 
Loss: 0.797051  SIA Ef: -0.173714 Binding: -0.13 -0.08 -0.04 0.30 0.25 0.49 -0.18 0.29 0.14 -0.23 -0.04  Rvol: 0.51 1.03 1.25 -0.33 -0.20 0.09 0.34 0.14 0.75 1.14 1.46 -0.28 -0.08 0.24 0.52 
Loss: 0.899782  SIA Ef: -0.351399 Binding: -0.13 -0.11 -0.16 0.27 0.25 0.51 -0.19 0.27 0.19 -0.22 -0.02  Rvol: 0.50 1.03 1.22 -0.33 -0.20 0.08 0.33 0.14 0.74 1.13 1.43 -0.28 -0.08 0.23 0.51 
Loss: 0.791825  SIA Ef: -0.159647 Binding: -0.13 -0.09 -0.03 0.30 0.24 0.49 -0.18 0.29 0.13 -0.23 -0.04  Rvol: 0.51 1.03 1.25 -0.33 -0.20 0.09 0.34 0.14 0.75 1.14 1.46 -0.28 -0.07 0.24 0.53 
Loss: 0.777226  SIA Ef: -0.015265 Binding: -0.15 -0.08 0.09 0.32 0.23 0.48 -0.17 0.31 0.08 -0.25 -0.06  Rvol: 0.51 1.04 1.27 -0.33 -0.20 0.09 0.35 0.14 0.76 1.15 1.48 -0.28 -0.07 0.24 0.53 
Loss: 0.779244  SIA Ef: -0.002854 Binding: -0.16 -0.09 0.10 0.32 0.22 0.48 -0.16 0.31 0.08 -0.24 -0.05  Rvol: 0.51 1.04 1.27 -0.33 -0.20 0.09 0.35 0.14 0.76 1.15 1.49 -0.28 -0.07 0.24 0.53 
Loss: 0.807639  SIA Ef: 0.129830 Binding: -0.18 -0.09 0.13 0.32 0.20 0.48 -0.14 0.33 0.07 -0.24 -0.05  Rvol: 0.52 1.04 1.29 -0.33 -0.20 0.09 0.35 0.14 0.76 1.16 1.51 -0.28 -0.07 0.24 0.54 
Loss: 0.766695  SIA Ef: -0.124104 Binding: -0.16 -0.10 0.07 0.31 0.21 0.48 -0.18 0.29 0.08 -0.26 -0.07  Rvol: 0.51 1.03 1.26 -0.33 -0.20 0.09 0.34 0.14 0.75 1.14 1.47 -0.28 -0.07 0.24 0.53 
Loss: 0.781782  SIA Ef: -0.121117 Binding: -0.15 -0.09 0.07 0.31 0.22 0.48 -0.18 0.31 0.09 -0.25 -0.04  Rvol: 0.51 1.03 1.26 -0.33 -0.20 0.09 0.34 0.14 0.75 1.14 1.47 -0.28 -0.07 0.24 0.53 
Loss: 0.769550  SIA Ef: -0.134984 Binding: -0.15 -0.10 0.03 0.30 0.22 0.48 -0.18 0.29 0.10 -0.25 -0.05  Rvol: 0.51 1.03 1.25 -0.33 -0.20 0.09 0.34 0.14 0.75 1.15 1.47 -0.28 -0.07 0.24 0.53 
Loss: 0.788145  SIA Ef: -0.137988 Binding: -0.16 -0.10 0.16 0.32 0.20 0.47 -0.17 0.30 0.05 -0.26 -0.07  Rvol: 0.51 1.03 1.26 -0.33 -0.20 0.08 0.34 0.14 0.75 1.14 1.47 -0.28 -0.07 0.23 0.52 
Loss: 0.784492  SIA Ef: -0.121154 Binding: -0.15 -0.09 0.12 0.32 0.22 0.48 -0.18 0.30 0.07 -0.26 -0.06  Rvol: 0.51 1.03 1.26 -0.33 -0.20 0.09 0.34 0.14 0.75 1.14 1.47 -0.28 -0.07 0.24 0.53 
Loss: 0.772476  SIA Ef: -0.133448 Binding: -0.14 -0.10 0.01 0.31 0.23 0.47 -0.22 0.25 0.10 -0.28 -0.09  Rvol: 0.51 1.03 1.25 -0.33 -0.20 0.09 0.34 0.14 0.75 1.14 1.47 -0.28 -0.07 0.24 0.53 
Loss: 0.747094  SIA Ef: -0.092659 Binding: -0.17 -0.11 0.05 0.29 0.19 0.48 -0.18 0.29 0.09 -0.26 -0.07  Rvol: 0.51 1.03 1.26 -0.33 -0.20 0.09 0.34 0.14 0.75 1.15 1.48 -0.28 -0.07 0.24 0.53 
Loss: 0.735352  SIA Ef: -0.074380 Binding: -0.18 -0.12 0.06 0.28 0.18 0.47 -0.17 0.29 0.08 -0.26 -0.07  Rvol: 0.51 1.03 1.26 -0.33 -0.20 0.08 0.34 0.14 0.75 1.15 1.48 -0.28 -0.07 0.23 0.53 
Loss: 0.730317  SIA Ef: -0.054154 Binding: -0.19 -0.13 0.04 0.27 0.17 0.47 -0.16 0.29 0.09 -0.26 -0.06  Rvol: 0.51 1.03 1.27 -0.33 -0.20 0.08 0.34 0.14 0.75 1.15 1.48 -0.28 -0.07 0.23 0.53 
Loss: 0.728505  SIA Ef: -0.107218 Binding: -0.19 -0.14 0.00 0.26 0.16 0.48 -0.17 0.29 0.10 -0.26 -0.06  Rvol: 0.51 1.03 1.26 -0.33 -0.20 0.08 0.34 0.14 0.75 1.15 1.47 -0.28 -0.08 0.23 0.52 
Loss: 0.728626  SIA Ef: -0.109582 Binding: -0.19 -0.14 0.00 0.26 0.16 0.48 -0.17 0.28 0.10 -0.26 -0.06  Rvol: 0.51 1.03 1.26 -0.33 -0.20 0.08 0.34 0.14 0.75 1.15 1.47 -0.28 -0.08 0.23 0.52 
Loss: 0.721391  SIA Ef: -0.110992 Binding: -0.19 -0.14 -0.02 0.26 0.16 0.48 -0.16 0.28 0.10 -0.26 -0.06  Rvol: 0.51 1.03 1.26 -0.33 -0.20 0.08 0.34 0.14 0.75 1.15 1.47 -0.28 -0.08 0.23 0.52 
Loss: 0.730883  SIA Ef: -0.154147 Binding: -0.19 -0.14 -0.04 0.25 0.16 0.48 -0.17 0.28 0.11 -0.26 -0.06  Rvol: 0.51 1.03 1.25 -0.33 -0.20 0.08 0.33 0.14 0.75 1.15 1.47 -0.28 -0.08 0.23 0.52 
Loss: 0.716314  SIA Ef: -0.066520 Binding: -0.20 -0.14 -0.03 0.25 0.15 0.48 -0.16 0.29 0.11 -0.25 -0.06  Rvol: 0.52 1.03 1.26 -0.33 -0.20 0.08 0.34 0.14 0.75 1.15 1.48 -0.28 -0.08 0.23 0.52 
Loss: 0.710635  SIA Ef: 0.010148 Binding: -0.22 -0.13 0.02 0.25 0.14 0.47 -0.14 0.29 0.09 -0.26 -0.07  Rvol: 0.52 1.03 1.28 -0.33 -0.20 0.08 0.34 0.14 0.75 1.16 1.49 -0.28 -0.08 0.23 0.53 
Loss: 0.775072  SIA Ef: 0.038943 Binding: -0.41 0.06 0.08 0.26 0.13 0.47 0.06 0.31 0.06 -0.25 -0.07  Rvol: 0.52 0.90 1.28 -0.33 -0.20 0.08 0.34 0.14 0.76 1.16 1.50 -0.28 -0.08 0.23 0.52 
Loss: 0.709788  SIA Ef: 0.011648 Binding: -0.22 -0.13 0.01 0.25 0.14 0.47 -0.15 0.28 0.08 -0.26 -0.08  Rvol: 0.52 1.03 1.28 -0.33 -0.20 0.08 0.34 0.14 0.75 1.16 1.49 -0.28 -0.08 0.23 0.53 
Loss: 0.712418  SIA Ef: 0.016542 Binding: -0.21 -0.14 -0.03 0.25 0.14 0.47 -0.15 0.28 0.10 -0.26 -0.07  Rvol: 0.52 1.04 1.27 -0.33 -0.20 0.08 0.34 0.14 0.75 1.16 1.49 -0.28 -0.07 0.23 0.53 
Loss: 0.712238  SIA Ef: 0.018457 Binding: -0.22 -0.14 0.00 0.25 0.14 0.47 -0.15 0.29 0.09 -0.26 -0.07  Rvol: 0.52 1.03 1.28 -0.33 -0.20 0.08 0.34 0.14 0.75 1.16 1.49 -0.28 -0.08 0.23 0.53 
Loss: 0.716755  SIA Ef: 0.014069 Binding: -0.20 -0.13 0.00 0.26 0.15 0.47 -0.16 0.28 0.09 -0.26 -0.08  Rvol: 0.52 1.04 1.27 -0.33 -0.20 0.08 0.34 0.14 0.75 1.16 1.49 -0.28 -0.07 0.23 0.53 
Loss: 0.705015  SIA Ef: -0.018398 Binding: -0.21 -0.14 -0.00 0.25 0.14 0.47 -0.15 0.28 0.09 -0.26 -0.08  Rvol: 0.52 1.03 1.27 -0.33 -0.20 0.08 0.34 0.14 0.75 1.16 1.49 -0.28 -0.08 0.23 0.52 
Loss: 0.704408  SIA Ef: -0.050867 Binding: -0.22 -0.15 -0.05 0.23 0.13 0.47 -0.16 0.27 0.11 -0.26 -0.08  Rvol: 0.52 1.04 1.27 -0.33 -0.20 0.08 0.34 0.14 0.75 1.16 1.48 -0.28 -0.08 0.23 0.52 
Loss: 0.704321  SIA Ef: -0.048824 Binding: -0.22 -0.15 -0.05 0.23 0.13 0.47 -0.15 0.27 0.11 -0.26 -0.08  Rvol: 0.52 1.04 1.27 -0.33 -0.20 0.08 0.34 0.14 0.75 1.16 1.48 -0.28 -0.08 0.23 0.52 
Loss: 0.694284  SIA Ef: -0.057247 Binding: -0.23 -0.16 -0.04 0.23 0.12 0.47 -0.15 0.27 0.10 -0.26 -0.08  Rvol: 0.52 1.03 1.27 -0.33 -0.21 0.08 0.33 0.14 0.75 1.16 1.48 -0.28 -0.08 0.23 0.52 
Loss: 0.737874  SIA Ef: -0.042916 Binding: -0.44 0.03 -0.02 0.22 0.10 0.47 0.05 0.27 0.09 -0.26 -0.09  Rvol: 0.52 0.89 1.27 -0.33 -0.21 0.07 0.33 0.14 0.75 1.16 1.48 -0.28 -0.08 0.22 0.52 
Loss: 0.689746  SIA Ef: -0.047427 Binding: -0.23 -0.15 -0.02 0.23 0.11 0.47 -0.14 0.27 0.09 -0.27 -0.09  Rvol: 0.52 1.02 1.27 -0.33 -0.21 0.07 0.33 0.14 0.75 1.16 1.48 -0.28 -0.08 0.23 0.52 
Loss: 0.700111  SIA Ef: -0.122639 Binding: -0.22 -0.15 -0.05 0.23 0.12 0.47 -0.16 0.26 0.10 -0.27 -0.09  Rvol: 0.51 1.03 1.26 -0.33 -0.21 0.07 0.33 0.14 0.75 1.15 1.47 -0.28 -0.08 0.22 0.51 
Loss: 0.741337  SIA Ef: -0.049124 Binding: -0.43 0.05 0.00 0.24 0.11 0.47 0.05 0.27 0.08 -0.27 -0.09  Rvol: 0.52 0.89 1.27 -0.33 -0.21 0.07 0.33 0.14 0.75 1.16 1.48 -0.28 -0.08 0.23 0.52 
Loss: 0.691765  SIA Ef: -0.020051 Binding: -0.23 -0.15 -0.05 0.22 0.11 0.47 -0.14 0.27 0.10 -0.26 -0.09  Rvol: 0.52 1.03 1.27 -0.33 -0.21 0.08 0.34 0.14 0.75 1.16 1.48 -0.28 -0.08 0.23 0.52 
Loss: 0.740637  SIA Ef: -0.037501 Binding: -0.43 0.04 -0.03 0.23 0.11 0.47 0.05 0.27 0.09 -0.26 -0.08  Rvol: 0.52 0.89 1.27 -0.33 -0.21 0.07 0.33 0.14 0.75 1.16 1.48 -0.28 -0.08 0.23 0.52 
Loss: 0.741101  SIA Ef: -0.050812 Binding: -0.43 0.04 -0.02 0.23 0.11 0.47 0.05 0.27 0.09 -0.26 -0.08  Rvol: 0.52 0.89 1.27 -0.33 -0.21 0.07 0.33 0.14 0.75 1.16 1.48 -0.28 -0.08 0.22 0.52 
Loss: 0.740301  SIA Ef: -0.023912 Binding: -0.43 0.05 0.00 0.23 0.11 0.46 0.05 0.27 0.08 -0.27 -0.09  Rvol: 0.52 0.89 1.27 -0.33 -0.21 0.08 0.33 0.14 0.75 1.16 1.49 -0.28 -0.08 0.23 0.52 
Loss: 0.690117  SIA Ef: -0.055448 Binding: -0.23 -0.15 -0.03 0.23 0.11 0.47 -0.15 0.27 0.09 -0.27 -0.09  Rvol: 0.52 1.02 1.27 -0.33 -0.21 0.07 0.33 0.14 0.75 1.16 1.48 -0.28 -0.08 0.22 0.52 
Loss: 0.694735  SIA Ef: -0.071510 Binding: -0.23 -0.16 -0.03 0.23 0.12 0.47 -0.16 0.26 0.09 -0.27 -0.09  Rvol: 0.52 1.03 1.27 -0.33 -0.21 0.08 0.33 0.14 0.75 1.16 1.48 -0.28 -0.08 0.23 0.52 
Loss: 0.739986  SIA Ef: -0.046360 Binding: -0.43 0.05 -0.02 0.23 0.11 0.47 0.05 0.27 0.09 -0.26 -0.09  Rvol: 0.52 0.89 1.27 -0.33 -0.21 0.07 0.33 0.14 0.75 1.16 1.48 -0.28 -0.08 0.23 0.52 
Loss: 0.690136  SIA Ef: -0.035970 Binding: -0.23 -0.15 -0.03 0.23 0.12 0.47 -0.15 0.27 0.09 -0.27 -0.09  Rvol: 0.52 1.03 1.27 -0.33 -0.21 0.08 0.33 0.14 0.75 1.16 1.48 -0.28 -0.08 0.23 0.52 
Loss: 0.737879  SIA Ef: -0.047247 Binding: -0.43 0.04 -0.01 0.23 0.11 0.46 0.05 0.27 0.09 -0.27 -0.09  Rvol: 0.52 0.89 1.27 -0.33 -0.21 0.07 0.33 0.14 0.75 1.16 1.48 -0.28 -0.08 0.22 0.52 
Loss: 0.693816  SIA Ef: -0.058775 Binding: -0.23 -0.15 -0.02 0.23 0.12 0.47 -0.15 0.27 0.09 -0.26 -0.08  Rvol: 0.52 1.03 1.27 -0.33 -0.21 0.08 0.33 0.14 0.75 1.16 1.48 -0.28 -0.08 0.23 0.52 
Loss: 0.690787  SIA Ef: -0.047783 Binding: -0.23 -0.15 -0.02 0.23 0.11 0.47 -0.14 0.27 0.09 -0.26 -0.08  Rvol: 0.52 1.02 1.27 -0.33 -0.21 0.08 0.33 0.14 0.75 1.16 1.48 -0.28 -0.08 0.23 0.52 
Loss: 0.739411  SIA Ef: -0.037097 Binding: -0.43 0.04 -0.01 0.23 0.11 0.46 0.05 0.27 0.09 -0.27 -0.09  Rvol: 0.52 0.89 1.27 -0.33 -0.21 0.08 0.33 0.14 0.75 1.16 1.48 -0.28 -0.08 0.23 0.52 
Loss: 0.690789  SIA Ef: -0.053798 Binding: -0.23 -0.15 -0.03 0.23 0.12 0.47 -0.15 0.27 0.09 -0.27 -0.09  Rvol: 0.52 1.03 1.27 -0.33 -0.21 0.07 0.33 0.14 0.75 1.16 1.48 -0.28 -0.08 0.23 0.52 
Loss: 0.689889  SIA Ef: -0.050772 Binding: -0.23 -0.15 -0.02 0.23 0.11 0.47 -0.14 0.27 0.09 -0.27 -0.09  Rvol: 0.52 1.02 1.27 -0.33 -0.21 0.07 0.33 0.14 0.75 1.16 1.48 -0.28 -0.08 0.23 0.52 
Loss: 0.739193  SIA Ef: -0.046676 Binding: -0.43 0.05 -0.01 0.23 0.11 0.46 0.05 0.27 0.09 -0.27 -0.09  Rvol: 0.52 0.89 1.27 -0.33 -0.21 0.07 0.33 0.14 0.75 1.16 1.48 -0.28 -0.08 0.23 0.52 
Loss: 0.691419  SIA Ef: -0.056327 Binding: -0.23 -0.15 -0.02 0.23 0.11 0.47 -0.15 0.27 0.09 -0.27 -0.09  Rvol: 0.52 1.03 1.27 -0.33 -0.21 0.07 0.33 0.14 0.75 1.16 1.48 -0.28 -0.08 0.23 0.52 
Loss: 0.690023  SIA Ef: -0.048215 Binding: -0.23 -0.15 -0.02 0.23 0.11 0.47 -0.14 0.27 0.09 -0.27 -0.09  Rvol: 0.52 1.02 1.27 -0.33 -0.21 0.07 0.33 0.14 0.75 1.16 1.48 -0.28 -0.08 0.23 0.52 
Loss: 0.690335  SIA Ef: -0.051269 Binding: -0.23 -0.15 -0.02 0.23 0.11 0.47 -0.14 0.27 0.09 -0.26 -0.09  Rvol: 0.52 1.02 1.27 -0.33 -0.21 0.07 0.33 0.14 0.75 1.16 1.48 -0.28 -0.08 0.23 0.52 
Loss: 0.739728  SIA Ef: -0.045754 Binding: -0.43 0.05 -0.02 0.23 0.11 0.47 0.05 0.27 0.09 -0.27 -0.09  Rvol: 0.52 0.89 1.27 -0.33 -0.21 0.07 0.33 0.14 0.75 1.16 1.48 -0.28 -0.08 0.23 0.52 
Loss: 0.690063  SIA Ef: -0.053444 Binding: -0.23 -0.15 -0.01 0.23 0.11 0.47 -0.15 0.27 0.09 -0.27 -0.09  Rvol: 0.52 1.02 1.27 -0.33 -0.21 0.07 0.33 0.14 0.75 1.16 1.48 -0.28 -0.08 0.23 0.52 
Loss: 0.689900  SIA Ef: -0.048732 Binding: -0.23 -0.15 -0.02 0.23 0.11 0.47 -0.15 0.27 0.09 -0.27 -0.09  Rvol: 0.52 1.02 1.27 -0.33 -0.21 0.07 0.33 0.14 0.75 1.16 1.48 -0.28 -0.08 0.23 0.52 
Loss: 0.689742  SIA Ef: -0.046426 Binding: -0.23 -0.15 -0.02 0.23 0.11 0.47 -0.14 0.27 0.09 -0.27 -0.09  Rvol: 0.52 1.02 1.27 -0.33 -0.21 0.07 0.33 0.14 0.75 1.16 1.48 -0.28 -0.08 0.23 0.52 
Loss: 0.689858  SIA Ef: -0.047002 Binding: -0.23 -0.15 -0.02 0.23 0.11 0.47 -0.14 0.27 0.09 -0.27 -0.09  Rvol: 0.52 1.02 1.27 -0.33 -0.21 0.07 0.33 0.14 0.75 1.16 1.48 -0.28 -0.08 0.23 0.52 
Loss: 0.739378  SIA Ef: -0.046835 Binding: -0.43 0.05 -0.02 0.23 0.11 0.47 0.05 0.27 0.09 -0.27 -0.09  Rvol: 0.52 0.89 1.27 -0.33 -0.21 0.07 0.33 0.14 0.75 1.16 1.48 -0.28 -0.08 0.23 0.52 
Loss: 0.690314  SIA Ef: -0.046383 Binding: -0.23 -0.15 -0.02 0.23 0.11 0.47 -0.14 0.27 0.09 -0.27 -0.09  Rvol: 0.52 1.02 1.27 -0.33 -0.21 0.08 0.33 0.14 0.75 1.16 1.48 -0.28 -0.08 0.23 0.52 
Loss: 0.689825  SIA Ef: -0.047361 Binding: -0.23 -0.15 -0.02 0.23 0.11 0.47 -0.14 0.27 0.09 -0.27 -0.09  Rvol: 0.52 1.02 1.27 -0.33 -0.21 0.07 0.33 0.14 0.75 1.16 1.48 -0.28 -0.08 0.23 0.52 
Loss: 0.689789  SIA Ef: -0.046762 Binding: -0.23 -0.15 -0.02 0.23 0.11 0.47 -0.14 0.27 0.09 -0.27 -0.09  Rvol: 0.52 1.02 1.27 -0.33 -0.21 0.07 0.33 0.14 0.75 1.16 1.48 -0.28 -0.08 0.23 0.52 
Loss: 0.739580  SIA Ef: -0.044694 Binding: -0.43 0.05 -0.01 0.23 0.11 0.47 0.05 0.27 0.09 -0.27 -0.09  Rvol: 0.52 0.89 1.27 -0.33 -0.21 0.08 0.33 0.14 0.75 1.16 1.48 -0.28 -0.08 0.23 0.52 
Loss: 0.689889  SIA Ef: -0.047381 Binding: -0.23 -0.15 -0.02 0.23 0.11 0.47 -0.14 0.27 0.09 -0.27 -0.09  Rvol: 0.52 1.02 1.27 -0.33 -0.21 0.07 0.33 0.14 0.75 1.16 1.48 -0.28 -0.08 0.23 0.52 
Loss: 0.739539  SIA Ef: -0.045149 Binding: -0.43 0.05 -0.01 0.23 0.11 0.47 0.05 0.27 0.09 -0.27 -0.09  Rvol: 0.52 0.89 1.27 -0.33 -0.21 0.07 0.33 0.14 0.75 1.16 1.48 -0.28 -0.08 0.23 0.52 
Loss: 0.739641  SIA Ef: -0.045760 Binding: -0.43 0.05 -0.01 0.23 0.11 0.47 0.05 0.27 0.09 -0.27 -0.09  Rvol: 0.52 0.89 1.27 -0.33 -0.21 0.07 0.33 0.14 0.75 1.16 1.48 -0.28 -0.08 0.23 0.52 
Loss: 0.689773  SIA Ef: -0.046158 Binding: -0.23 -0.15 -0.02 0.23 0.11 0.47 -0.14 0.27 0.09 -0.27 -0.09  Rvol: 0.52 1.02 1.27 -0.33 -0.21 0.07 0.33 0.14 0.75 1.16 1.48 -0.28 -0.08 0.23 0.52 
Loss: 0.689932  SIA Ef: -0.047611 Binding: -0.23 -0.15 -0.02 0.23 0.11 0.47 -0.14 0.27 0.09 -0.27 -0.09  Rvol: 0.52 1.02 1.27 -0.33 -0.21 0.07 0.33 0.14 0.75 1.16 1.48 -0.28 -0.08 0.23 0.52 
Loss: 0.689819  SIA Ef: -0.047115 Binding: -0.23 -0.15 -0.02 0.23 0.11 0.47 -0.14 0.27 0.09 -0.27 -0.09  Rvol: 0.52 1.02 1.27 -0.33 -0.21 0.07 0.33 0.14 0.75 1.16 1.48 -0.28 -0.08 0.23 0.52 
Loss: 0.689725  SIA Ef: -0.046367 Binding: -0.23 -0.15 -0.02 0.23 0.11 0.47 -0.14 0.27 0.09 -0.27 -0.09  Rvol: 0.52 1.02 1.27 -0.33 -0.21 0.07 0.33 0.14 0.75 1.16 1.48 -0.28 -0.08 0.23 0.52 
Loss: 0.689647  SIA Ef: -0.046906 Binding: -0.23 -0.15 -0.02 0.23 0.11 0.47 -0.14 0.27 0.09 -0.27 -0.09  Rvol: 0.52 1.02 1.27 -0.33 -0.21 0.07 0.33 0.14 0.75 1.16 1.48 -0.28 -0.08 0.23 0.52 
Loss: 0.689672  SIA Ef: -0.046842 Binding: -0.23 -0.15 -0.02 0.23 0.11 0.47 -0.14 0.27 0.09 -0.27 -0.09  Rvol: 0.52 1.02 1.27 -0.33 -0.21 0.07 0.33 0.14 0.75 1.16 1.48 -0.28 -0.08 0.23 0.52 
Loss: 0.689605  SIA Ef: -0.046497 Binding: -0.23 -0.15 -0.02 0.23 0.11 0.47 -0.14 0.27 0.09 -0.27 -0.09  Rvol: 0.52 1.02 1.27 -0.33 -0.21 0.07 0.33 0.14 0.75 1.16 1.48 -0.28 -0.08 0.23 0.52 
Loss: 0.739457  SIA Ef: -0.046305 Binding: -0.43 0.05 -0.02 0.23 0.11 0.47 0.05 0.27 0.09 -0.27 -0.09  Rvol: 0.52 0.89 1.27 -0.33 -0.21 0.07 0.33 0.14 0.75 1.16 1.48 -0.28 -0.08 0.23 0.52 
Loss: 0.689679  SIA Ef: -0.047100 Binding: -0.23 -0.15 -0.02 0.23 0.11 0.47 -0.14 0.27 0.09 -0.27 -0.09  Rvol: 0.52 1.02 1.27 -0.33 -0.21 0.07 0.33 0.14 0.75 1.16 1.48 -0.28 -0.08 0.23 0.52 
Loss: 0.739459  SIA Ef: -0.046551 Binding: -0.43 0.05 -0.02 0.23 0.11 0.47 0.05 0.27 0.09 -0.27 -0.09  Rvol: 0.52 0.89 1.27 -0.33 -0.21 0.07 0.33 0.14 0.75 1.16 1.48 -0.28 -0.08 0.23 0.52 
Loss: 0.739420  SIA Ef: -0.046321 Binding: -0.43 0.05 -0.01 0.23 0.11 0.47 0.05 0.27 0.09 -0.27 -0.09  Rvol: 0.52 0.89 1.27 -0.33 -0.21 0.07 0.33 0.14 0.75 1.16 1.48 -0.28 -0.08 0.23 0.52 
