Start Optimization 
Loss: 2.573212  SIA Ef: -0.202778 Binding: -0.38 0.22 -1.00 -0.04 0.04 0.62 0.48 0.61 0.35 0.15 0.34  Rvol: 0.56 0.92 1.34 -0.33 -0.33 -0.09 0.16 0.14 0.74 1.17 1.47 -0.28 -0.16 0.05 0.30 
Loss: 2.424705  SIA Ef: -0.142313 Binding: -0.37 0.23 -0.99 -0.03 0.06 0.61 0.45 0.57 0.34 0.12 0.30  Rvol: 0.56 0.92 1.34 -0.33 -0.33 -0.09 0.17 0.14 0.74 1.17 1.48 -0.28 -0.16 0.06 0.30 
Loss: 50.901979  SIA Ef: 4.686948 Binding: 0.91 1.99 3.33 2.21 2.11 0.50 0.14 1.21 -0.18 0.01 0.43  Rvol: 0.74 1.41 2.02 -0.33 -0.07 0.31 0.72 0.14 0.96 1.58 2.26 -0.28 0.07 0.47 0.90 
Loss: 75.069661  SIA Ef: 0.262543 Binding: -0.17 1.40 -6.34 2.13 0.98 1.42 1.56 -0.63 4.41 0.21 0.28  Rvol: 0.58 1.14 1.97 -0.33 -0.15 0.82 1.26 0.14 0.83 1.45 1.87 -0.28 0.16 0.79 1.20 
Loss: 220.833987  SIA Ef: 11.861241 Binding: 2.69 1.57 7.14 2.68 1.56 1.37 -0.87 0.74 -0.49 -0.50 -0.37  Rvol: 1.29 2.10 3.02 -0.33 -0.27 -0.07 0.36 0.14 1.34 2.34 3.11 -0.28 -0.10 0.12 0.56 
Loss: 8.982024  SIA Ef: -0.142313 Binding: -0.37 0.23 -0.99 -0.03 0.06 -0.14 -1.08 -1.17 -0.30 -1.45 -1.71  Rvol: 0.56 0.92 1.34 -0.33 -0.33 -0.09 0.17 0.14 0.74 1.14 1.50 -0.28 -0.09 0.11 0.36 
Loss: 1.669949  SIA Ef: -0.142313 Binding: -0.37 0.23 -0.99 -0.03 0.06 0.49 0.30 0.03 0.16 -0.06 -0.07  Rvol: 0.56 0.92 1.34 -0.33 -0.33 -0.09 0.17 0.14 0.74 1.19 1.48 -0.28 -0.19 0.02 0.26 
Loss: 1.717731  SIA Ef: -0.142313 Binding: -0.37 0.23 -0.99 -0.03 0.06 0.51 0.32 0.13 0.19 -0.04 -0.01  Rvol: 0.56 0.92 1.34 -0.33 -0.33 -0.09 0.17 0.14 0.74 1.20 1.47 -0.28 -0.19 0.03 0.27 
Loss: 8.342240  SIA Ef: -0.142313 Binding: -0.79 -1.03 -0.99 -0.99 -1.72 0.49 0.73 0.79 0.16 -0.03 0.13  Rvol: 0.56 1.06 1.52 -0.33 -0.33 -0.06 0.25 0.14 0.74 1.30 1.81 -0.28 -0.19 0.05 0.37 
Loss: 1.569166  SIA Ef: -0.142313 Binding: -0.32 0.27 -0.99 0.02 0.04 0.49 0.10 -0.05 0.16 -0.08 -0.10  Rvol: 0.56 0.91 1.32 -0.33 -0.33 -0.11 0.12 0.14 0.74 1.09 1.44 -0.28 -0.19 0.00 0.20 
Loss: 1.567966  SIA Ef: -0.142313 Binding: -0.35 0.22 -0.99 -0.01 0.02 0.49 0.11 -0.03 0.16 -0.07 -0.10  Rvol: 0.56 0.92 1.32 -0.33 -0.33 -0.10 0.13 0.14 0.74 1.12 1.45 -0.28 -0.19 0.01 0.22 
Loss: 262.280432  SIA Ef: -14.873502 Binding: -0.23 0.37 -4.71 -1.84 -0.82 0.60 -0.53 -0.51 2.38 -0.43 1.96  Rvol: -0.10 -0.10 -0.29 -0.33 -0.38 -0.55 -0.68 0.14 0.28 -0.08 -0.45 -0.28 -0.32 -0.64 -0.60 
Loss: 32.783549  SIA Ef: -0.771270 Binding: -0.32 -0.24 -4.43 -1.09 -1.40 0.88 -0.18 -0.54 2.07 -1.19 1.50  Rvol: 0.47 1.15 1.28 -0.33 -0.13 0.14 0.28 0.14 0.75 1.10 1.26 -0.28 0.06 0.03 0.49 
Loss: 1.552456  SIA Ef: -0.123316 Binding: -0.35 0.22 -0.99 -0.01 0.02 0.49 0.10 -0.04 0.16 -0.08 -0.12  Rvol: 0.56 0.92 1.33 -0.33 -0.33 -0.10 0.13 0.14 0.74 1.13 1.45 -0.28 -0.19 0.01 0.22 
Loss: 7.396583  SIA Ef: 1.712026 Binding: 0.18 0.97 0.82 1.02 1.07 0.44 -0.15 0.27 -0.03 -0.10 -0.15  Rvol: 0.61 1.06 1.47 -0.33 -0.20 0.09 0.38 0.14 0.80 1.22 1.70 -0.28 -0.09 0.21 0.48 
Loss: 3.215103  SIA Ef: -0.024383 Binding: -0.35 0.21 -0.92 0.01 0.01 0.73 0.61 0.70 0.38 0.42 0.62  Rvol: 0.57 0.93 1.34 -0.33 -0.33 -0.10 0.13 0.14 0.74 1.13 1.47 -0.28 -0.19 0.01 0.22 
Loss: 57.060469  SIA Ef: 6.173255 Binding: 0.76 0.74 3.57 1.34 0.77 0.10 -0.29 0.04 -0.33 -0.35 -0.65  Rvol: 0.95 1.63 2.09 -0.33 -0.30 -0.12 0.28 0.14 1.07 1.74 2.39 -0.28 -0.16 0.06 0.40 
Loss: 1.567210  SIA Ef: -0.133269 Binding: -0.35 0.22 -0.99 -0.01 0.02 0.48 0.11 -0.08 0.14 -0.08 -0.13  Rvol: 0.56 0.92 1.32 -0.33 -0.33 -0.10 0.13 0.14 0.74 1.12 1.45 -0.28 -0.20 0.00 0.21 
Loss: 49.756109  SIA Ef: -6.430492 Binding: 0.26 0.26 -2.24 -0.15 0.48 0.62 -1.05 -0.42 0.87 -0.09 -0.02  Rvol: 0.25 0.68 0.58 -0.33 -0.36 -0.26 -0.19 0.14 0.52 0.50 0.60 -0.28 -0.26 -0.17 -0.15 
Loss: 1.557395  SIA Ef: -0.123410 Binding: -0.35 0.22 -0.99 -0.01 0.02 0.49 0.10 -0.06 0.15 -0.08 -0.13  Rvol: 0.56 0.92 1.33 -0.33 -0.33 -0.10 0.13 0.14 0.74 1.13 1.45 -0.28 -0.19 0.01 0.22 
Loss: 37.517969  SIA Ef: -1.794610 Binding: -0.33 -0.25 -4.47 -1.32 -1.53 0.88 -0.27 -0.61 2.04 -1.26 1.70  Rvol: 0.42 1.10 1.16 -0.33 -0.12 0.18 0.23 0.14 0.72 1.02 1.12 -0.28 0.05 0.04 0.44 
Loss: 1.964060  SIA Ef: 0.074689 Binding: -0.09 0.71 -0.85 0.28 0.51 0.47 0.14 -0.02 0.12 -0.09 -0.12  Rvol: 0.58 0.94 1.35 -0.33 -0.33 -0.10 0.13 0.14 0.75 1.12 1.48 -0.28 -0.19 0.01 0.23 
Loss: 56.277736  SIA Ef: 5.720444 Binding: 0.82 0.80 4.07 1.49 0.82 0.19 -0.31 0.03 -0.36 -0.40 -0.70  Rvol: 0.94 1.63 2.06 -0.33 -0.31 -0.14 0.23 0.14 1.10 1.73 2.36 -0.28 -0.16 0.04 0.36 
Loss: 1.548505  SIA Ef: -0.120326 Binding: -0.33 0.25 -0.98 0.01 0.03 0.49 0.11 -0.06 0.16 -0.09 -0.11  Rvol: 0.56 0.91 1.32 -0.33 -0.33 -0.10 0.12 0.14 0.74 1.10 1.45 -0.28 -0.19 0.01 0.21 
Loss: 56.996510  SIA Ef: 5.723114 Binding: 0.88 0.94 4.07 1.57 0.93 0.19 -0.23 -0.01 -0.36 -0.41 -0.70  Rvol: 0.94 1.62 2.05 -0.33 -0.31 -0.14 0.22 0.14 1.10 1.76 2.35 -0.28 -0.16 0.03 0.35 
Loss: 1.551479  SIA Ef: -0.120364 Binding: -0.34 0.24 -0.98 0.01 0.03 0.49 0.12 -0.06 0.16 -0.09 -0.11  Rvol: 0.56 0.92 1.32 -0.33 -0.33 -0.10 0.13 0.14 0.74 1.10 1.45 -0.28 -0.19 0.01 0.22 
Loss: 42.620521  SIA Ef: -6.086631 Binding: 0.28 0.31 -1.66 -0.02 0.49 0.60 -1.06 -0.36 0.53 -0.10 -0.12  Rvol: 0.28 0.68 0.61 -0.33 -0.36 -0.25 -0.20 0.14 0.53 0.54 0.66 -0.28 -0.27 -0.16 -0.12 
Loss: 3.419310  SIA Ef: -0.463532 Binding: -0.50 -0.01 -1.46 -0.26 -0.26 0.43 -0.10 -0.39 0.21 -0.27 -0.37  Rvol: 0.55 0.89 1.29 -0.33 -0.34 -0.12 0.11 0.14 0.73 1.10 1.39 -0.28 -0.19 -0.01 0.20 
Loss: 37.792545  SIA Ef: -1.827315 Binding: -0.28 -0.24 -4.44 -1.57 -1.49 0.89 -0.50 -0.57 2.05 -1.22 1.64  Rvol: 0.42 1.09 1.14 -0.33 -0.12 0.10 0.21 0.14 0.71 0.99 1.12 -0.28 0.04 -0.01 0.40 
Loss: 12.589234  SIA Ef: 2.883595 Binding: 0.21 -0.07 1.61 0.70 0.26 0.19 -0.15 0.25 -0.21 -0.21 -0.40  Rvol: 0.76 1.26 1.73 -0.33 -0.33 -0.12 0.16 0.14 0.86 1.40 1.94 -0.28 -0.19 0.03 0.28 
Loss: 3.321497  SIA Ef: -0.756283 Binding: -0.43 0.12 -1.43 -0.20 -0.17 0.52 0.11 -0.10 0.24 -0.06 -0.08  Rvol: 0.54 0.87 1.28 -0.33 -0.36 -0.16 0.07 0.14 0.72 1.07 1.37 -0.28 -0.21 -0.04 0.15 
Loss: 5.533439  SIA Ef: -2.157383 Binding: -0.00 0.40 -0.23 0.35 0.40 0.46 -0.23 -0.06 0.04 -0.14 -0.19  Rvol: 0.48 0.84 1.07 -0.33 -0.33 -0.15 0.00 0.14 0.67 0.96 1.22 -0.28 -0.21 -0.04 0.10 
Loss: 7.515994  SIA Ef: -0.769162 Binding: -0.05 0.09 -2.35 -0.25 0.14 0.62 -0.32 -0.30 0.80 -0.05 -0.01  Rvol: 0.50 1.03 1.22 -0.33 -0.31 -0.09 0.15 0.14 0.72 1.06 1.30 -0.28 -0.13 0.01 0.23 
Loss: 1.517290  SIA Ef: -0.112567 Binding: -0.34 0.22 -0.97 0.00 0.01 0.48 0.09 -0.08 0.14 -0.11 -0.14  Rvol: 0.56 0.92 1.32 -0.33 -0.33 -0.10 0.12 0.14 0.74 1.10 1.45 -0.28 -0.19 0.01 0.21 
Loss: 3.091025  SIA Ef: 1.443223 Binding: -0.06 -0.18 0.47 0.39 -0.01 0.31 -0.02 0.31 -0.12 -0.18 -0.15  Rvol: 0.66 1.10 1.55 -0.33 -0.32 -0.10 0.14 0.14 0.81 1.26 1.71 -0.28 -0.19 0.03 0.26 
Loss: 1.628348  SIA Ef: -0.148782 Binding: -0.37 0.18 -1.01 -0.03 -0.04 0.46 0.06 -0.14 0.13 -0.15 -0.20  Rvol: 0.56 0.91 1.32 -0.33 -0.33 -0.11 0.12 0.14 0.74 1.10 1.44 -0.28 -0.19 0.00 0.21 
Loss: 1.859483  SIA Ef: -0.164594 Binding: -0.41 0.11 -1.08 -0.09 -0.12 0.44 0.02 -0.21 0.13 -0.19 -0.26  Rvol: 0.56 0.91 1.32 -0.33 -0.33 -0.11 0.12 0.14 0.74 1.09 1.44 -0.28 -0.19 0.00 0.21 
Loss: 1.558562  SIA Ef: -0.134100 Binding: -0.37 0.17 -0.99 -0.03 -0.05 0.48 0.11 -0.08 0.15 -0.10 -0.13  Rvol: 0.56 0.91 1.32 -0.33 -0.33 -0.10 0.12 0.14 0.74 1.10 1.44 -0.28 -0.19 0.00 0.21 
Loss: 1.630240  SIA Ef: -0.018747 Binding: -0.37 0.15 -0.88 -0.01 -0.05 0.57 0.31 0.26 0.23 0.10 0.17  Rvol: 0.57 0.93 1.34 -0.33 -0.33 -0.10 0.13 0.14 0.74 1.11 1.46 -0.28 -0.19 0.01 0.22 
Loss: 1.569154  SIA Ef: -0.183029 Binding: -0.38 0.15 -0.99 -0.04 -0.07 0.48 0.08 -0.09 0.15 -0.11 -0.15  Rvol: 0.56 0.91 1.31 -0.33 -0.33 -0.11 0.12 0.14 0.74 1.09 1.44 -0.28 -0.19 0.00 0.21 
Loss: 1.586119  SIA Ef: -0.938070 Binding: -0.23 0.33 -0.38 0.22 0.19 0.44 0.03 -0.03 0.04 -0.14 -0.18  Rvol: 0.53 0.86 1.22 -0.33 -0.33 -0.13 0.06 0.14 0.71 1.04 1.36 -0.28 -0.20 -0.02 0.16 
Loss: 2.707632  SIA Ef: -0.369071 Binding: -0.13 0.15 -1.40 -0.05 0.12 0.53 -0.20 -0.17 0.30 -0.09 -0.13  Rvol: 0.54 1.01 1.27 -0.33 -0.31 -0.09 0.14 0.14 0.73 1.11 1.38 -0.28 -0.18 0.02 0.22 
Loss: 1.517104  SIA Ef: -0.112695 Binding: -0.34 0.23 -0.97 0.00 0.01 0.48 0.09 -0.08 0.14 -0.11 -0.14  Rvol: 0.56 0.92 1.32 -0.33 -0.33 -0.11 0.12 0.14 0.74 1.10 1.45 -0.28 -0.19 0.01 0.21 
Loss: 2.514964  SIA Ef: -0.557591 Binding: -0.39 0.18 -1.26 -0.11 -0.07 0.50 0.04 -0.12 0.21 -0.09 -0.12  Rvol: 0.55 0.88 1.28 -0.33 -0.34 -0.13 0.09 0.14 0.72 1.06 1.39 -0.28 -0.20 -0.02 0.18 
Loss: 1.595514  SIA Ef: -0.135087 Binding: -0.36 0.20 -1.01 -0.02 -0.02 0.47 0.07 -0.12 0.14 -0.13 -0.17  Rvol: 0.56 0.91 1.32 -0.33 -0.33 -0.11 0.12 0.14 0.74 1.10 1.44 -0.28 -0.19 0.00 0.21 
Loss: 1.523707  SIA Ef: -0.115368 Binding: -0.35 0.22 -0.98 -0.00 0.00 0.49 0.12 -0.04 0.16 -0.08 -0.10  Rvol: 0.56 0.92 1.32 -0.33 -0.33 -0.11 0.12 0.14 0.74 1.10 1.45 -0.28 -0.19 0.01 0.21 
Loss: 0.949188  SIA Ef: 0.273783 Binding: -0.31 0.18 -0.60 0.10 0.01 0.44 0.10 0.00 0.06 -0.12 -0.15  Rvol: 0.59 0.96 1.38 -0.33 -0.32 -0.10 0.13 0.14 0.76 1.14 1.51 -0.28 -0.19 0.01 0.23 
Loss: 1.041466  SIA Ef: 0.649337 Binding: -0.27 0.16 -0.27 0.20 0.04 0.41 0.10 0.08 -0.00 -0.13 -0.15  Rvol: 0.61 1.00 1.42 -0.33 -0.32 -0.09 0.14 0.14 0.77 1.18 1.57 -0.28 -0.19 0.02 0.24 
Loss: 1.124177  SIA Ef: 0.372341 Binding: -0.33 0.17 -0.67 0.07 -0.01 0.44 0.11 -0.00 0.07 -0.12 -0.15  Rvol: 0.60 0.96 1.39 -0.33 -0.32 -0.10 0.14 0.14 0.76 1.15 1.52 -0.28 -0.19 0.02 0.23 
Loss: 0.751027  SIA Ef: 0.307520 Binding: -0.31 0.12 -0.39 0.14 -0.02 0.41 0.11 0.06 0.01 -0.13 -0.14  Rvol: 0.60 0.97 1.39 -0.33 -0.33 -0.11 0.11 0.14 0.76 1.15 1.53 -0.28 -0.20 0.00 0.21 
Loss: 0.703977  SIA Ef: 0.237873 Binding: -0.29 0.15 -0.37 0.16 0.02 0.40 0.08 0.01 -0.01 -0.16 -0.19  Rvol: 0.60 0.97 1.38 -0.33 -0.33 -0.12 0.11 0.14 0.76 1.14 1.52 -0.28 -0.20 0.00 0.21 
Loss: 0.705860  SIA Ef: 0.231826 Binding: -0.28 0.16 -0.38 0.16 0.02 0.40 0.08 0.02 -0.00 -0.15 -0.19  Rvol: 0.60 0.96 1.38 -0.33 -0.33 -0.12 0.11 0.14 0.76 1.14 1.52 -0.28 -0.20 0.00 0.21 
Loss: 0.691739  SIA Ef: 0.228250 Binding: -0.29 0.13 -0.33 0.16 -0.01 0.37 0.03 -0.04 -0.03 -0.20 -0.26  Rvol: 0.60 0.97 1.38 -0.33 -0.33 -0.12 0.10 0.14 0.76 1.14 1.52 -0.28 -0.20 -0.00 0.21 
Loss: 0.705039  SIA Ef: 0.236246 Binding: -0.29 0.15 -0.34 0.17 0.01 0.37 0.03 -0.04 -0.03 -0.21 -0.26  Rvol: 0.60 0.97 1.38 -0.33 -0.33 -0.12 0.11 0.14 0.76 1.14 1.52 -0.28 -0.20 -0.00 0.21 
Loss: 0.696136  SIA Ef: 0.196727 Binding: -0.29 0.13 -0.33 0.16 -0.00 0.36 0.01 -0.07 -0.05 -0.23 -0.29  Rvol: 0.60 0.96 1.38 -0.33 -0.33 -0.12 0.10 0.14 0.76 1.14 1.52 -0.28 -0.20 -0.00 0.20 
Loss: 0.691443  SIA Ef: 0.226953 Binding: -0.30 0.11 -0.33 0.15 -0.02 0.37 0.03 -0.04 -0.04 -0.21 -0.26  Rvol: 0.60 0.97 1.38 -0.33 -0.33 -0.12 0.10 0.14 0.76 1.14 1.52 -0.28 -0.20 -0.00 0.21 
Loss: 0.677231  SIA Ef: 0.208212 Binding: -0.30 0.10 -0.32 0.15 -0.03 0.37 0.03 -0.05 -0.04 -0.21 -0.27  Rvol: 0.60 0.97 1.38 -0.33 -0.33 -0.12 0.10 0.14 0.76 1.14 1.52 -0.28 -0.20 -0.00 0.20 
Loss: 0.766429  SIA Ef: 0.017773 Binding: -0.32 0.12 -0.48 0.10 -0.04 0.38 0.03 -0.09 -0.01 -0.20 -0.27  Rvol: 0.59 0.95 1.36 -0.33 -0.33 -0.12 0.10 0.14 0.75 1.12 1.49 -0.28 -0.20 -0.01 0.20 
Loss: 0.598700  SIA Ef: 0.228518 Binding: -0.26 0.09 0.00 0.26 0.03 0.35 0.03 0.03 -0.08 -0.21 -0.27  Rvol: 0.60 0.98 1.39 -0.33 -0.33 -0.13 0.09 0.14 0.76 1.15 1.54 -0.28 -0.21 -0.00 0.20 
Loss: 0.983883  SIA Ef: 0.553681 Binding: -0.12 -0.12 0.30 0.33 -0.07 0.31 -0.07 0.14 -0.12 -0.23 -0.19  Rvol: 0.62 1.03 1.44 -0.33 -0.33 -0.13 0.08 0.14 0.77 1.18 1.59 -0.28 -0.21 -0.00 0.21 
Loss: 0.597631  SIA Ef: 0.189949 Binding: -0.25 0.11 -0.01 0.26 0.04 0.34 0.01 0.00 -0.08 -0.23 -0.29  Rvol: 0.60 0.97 1.38 -0.33 -0.33 -0.13 0.10 0.14 0.76 1.14 1.53 -0.28 -0.21 -0.00 0.20 
Loss: 0.611953  SIA Ef: 0.169002 Binding: -0.24 0.17 -0.03 0.28 0.10 0.35 0.00 -0.02 -0.07 -0.23 -0.30  Rvol: 0.59 0.96 1.37 -0.33 -0.32 -0.11 0.11 0.14 0.76 1.14 1.52 -0.28 -0.20 0.00 0.21 
Loss: 0.546218  SIA Ef: -0.020710 Binding: -0.26 0.13 -0.11 0.23 0.04 0.35 0.01 -0.03 -0.07 -0.22 -0.28  Rvol: 0.59 0.95 1.35 -0.33 -0.33 -0.13 0.08 0.14 0.75 1.12 1.50 -0.28 -0.21 -0.01 0.19 
Loss: 0.561222  SIA Ef: -0.170383 Binding: -0.26 0.13 -0.09 0.24 0.04 0.36 0.01 -0.02 -0.07 -0.22 -0.28  Rvol: 0.58 0.94 1.34 -0.33 -0.33 -0.14 0.07 0.14 0.74 1.11 1.48 -0.28 -0.21 -0.02 0.17 
Loss: 0.547962  SIA Ef: -0.018222 Binding: -0.27 0.13 -0.11 0.23 0.03 0.35 0.01 -0.03 -0.07 -0.23 -0.29  Rvol: 0.59 0.95 1.35 -0.33 -0.33 -0.13 0.08 0.14 0.75 1.12 1.50 -0.28 -0.21 -0.01 0.19 
Loss: 0.590044  SIA Ef: -0.094826 Binding: -0.28 0.14 -0.23 0.19 0.02 0.36 0.00 -0.07 -0.05 -0.22 -0.29  Rvol: 0.58 0.94 1.34 -0.33 -0.33 -0.13 0.08 0.14 0.75 1.11 1.49 -0.28 -0.21 -0.01 0.18 
Loss: 0.557610  SIA Ef: -0.021262 Binding: -0.26 0.13 -0.10 0.23 0.04 0.34 -0.00 -0.04 -0.08 -0.23 -0.30  Rvol: 0.59 0.95 1.35 -0.33 -0.33 -0.13 0.08 0.14 0.75 1.12 1.50 -0.28 -0.21 -0.01 0.19 
Loss: 0.546062  SIA Ef: -0.040492 Binding: -0.25 0.16 -0.12 0.24 0.06 0.36 0.02 -0.01 -0.06 -0.21 -0.27  Rvol: 0.59 0.95 1.35 -0.33 -0.33 -0.13 0.08 0.14 0.75 1.12 1.50 -0.28 -0.21 -0.01 0.18 
Loss: 0.540585  SIA Ef: -0.032855 Binding: -0.25 0.16 -0.12 0.24 0.06 0.36 0.02 -0.01 -0.06 -0.21 -0.26  Rvol: 0.59 0.95 1.35 -0.33 -0.33 -0.13 0.08 0.14 0.75 1.12 1.50 -0.28 -0.21 -0.01 0.19 
Loss: 0.544322  SIA Ef: -0.060789 Binding: -0.27 0.15 -0.16 0.22 0.04 0.36 0.02 -0.02 -0.05 -0.21 -0.26  Rvol: 0.59 0.95 1.35 -0.33 -0.33 -0.13 0.08 0.14 0.75 1.12 1.49 -0.28 -0.21 -0.01 0.18 
Loss: 0.538731  SIA Ef: -0.027914 Binding: -0.26 0.14 -0.13 0.23 0.05 0.36 0.03 -0.01 -0.06 -0.21 -0.26  Rvol: 0.59 0.95 1.35 -0.33 -0.33 -0.13 0.08 0.14 0.75 1.12 1.50 -0.28 -0.21 -0.01 0.18 
Loss: 0.582589  SIA Ef: -0.104969 Binding: -0.27 0.17 -0.25 0.20 0.05 0.37 0.03 -0.03 -0.04 -0.20 -0.25  Rvol: 0.58 0.94 1.34 -0.33 -0.33 -0.13 0.08 0.14 0.75 1.11 1.48 -0.28 -0.21 -0.01 0.18 
Loss: 0.541418  SIA Ef: 0.003141 Binding: -0.25 0.15 -0.11 0.24 0.06 0.36 0.02 -0.00 -0.06 -0.21 -0.27  Rvol: 0.59 0.95 1.36 -0.33 -0.33 -0.13 0.08 0.14 0.75 1.13 1.50 -0.28 -0.21 -0.01 0.18 
Loss: 0.546539  SIA Ef: 0.012570 Binding: -0.24 0.14 -0.04 0.26 0.06 0.35 0.01 -0.00 -0.08 -0.22 -0.28  Rvol: 0.59 0.96 1.36 -0.33 -0.33 -0.13 0.08 0.14 0.75 1.13 1.51 -0.28 -0.21 -0.01 0.18 
Loss: 0.528069  SIA Ef: 0.047656 Binding: -0.25 0.13 -0.06 0.25 0.04 0.36 0.04 0.03 -0.07 -0.20 -0.25  Rvol: 0.59 0.96 1.37 -0.33 -0.33 -0.13 0.09 0.14 0.75 1.13 1.51 -0.28 -0.21 -0.01 0.19 
Loss: 0.524664  SIA Ef: 0.069289 Binding: -0.26 0.12 -0.07 0.24 0.03 0.36 0.04 0.03 -0.06 -0.20 -0.24  Rvol: 0.59 0.96 1.37 -0.33 -0.33 -0.13 0.09 0.14 0.76 1.13 1.51 -0.28 -0.21 -0.01 0.19 
Loss: 0.517865  SIA Ef: 0.038652 Binding: -0.26 0.12 -0.06 0.24 0.04 0.36 0.04 0.04 -0.06 -0.19 -0.24  Rvol: 0.59 0.96 1.36 -0.33 -0.33 -0.13 0.09 0.14 0.76 1.13 1.51 -0.28 -0.21 -0.01 0.18 
Loss: 0.516333  SIA Ef: 0.017801 Binding: -0.26 0.11 -0.03 0.25 0.03 0.36 0.04 0.05 -0.07 -0.20 -0.24  Rvol: 0.59 0.96 1.36 -0.33 -0.33 -0.13 0.08 0.14 0.75 1.13 1.51 -0.28 -0.21 -0.01 0.18 
Loss: 0.515701  SIA Ef: 0.012122 Binding: -0.25 0.12 -0.03 0.26 0.04 0.36 0.05 0.05 -0.06 -0.19 -0.23  Rvol: 0.59 0.96 1.36 -0.33 -0.33 -0.13 0.08 0.14 0.75 1.13 1.51 -0.28 -0.21 -0.01 0.18 
Loss: 0.511380  SIA Ef: 0.006342 Binding: -0.25 0.11 -0.01 0.26 0.04 0.37 0.06 0.07 -0.06 -0.18 -0.21  Rvol: 0.59 0.96 1.36 -0.33 -0.33 -0.14 0.08 0.14 0.75 1.13 1.51 -0.28 -0.21 -0.02 0.18 
Loss: 0.517711  SIA Ef: 0.005703 Binding: -0.25 0.11 0.01 0.27 0.05 0.36 0.06 0.08 -0.06 -0.18 -0.22  Rvol: 0.59 0.96 1.36 -0.33 -0.33 -0.14 0.08 0.14 0.75 1.13 1.51 -0.28 -0.21 -0.02 0.18 
Loss: 0.505581  SIA Ef: -0.004328 Binding: -0.26 0.11 -0.03 0.25 0.03 0.37 0.06 0.07 -0.06 -0.18 -0.21  Rvol: 0.59 0.96 1.36 -0.33 -0.33 -0.14 0.08 0.14 0.75 1.13 1.51 -0.28 -0.21 -0.02 0.18 
Loss: 0.514960  SIA Ef: 0.009673 Binding: -0.25 0.10 0.01 0.26 0.04 0.36 0.06 0.08 -0.06 -0.18 -0.22  Rvol: 0.59 0.96 1.36 -0.33 -0.33 -0.14 0.08 0.14 0.75 1.13 1.51 -0.28 -0.21 -0.02 0.18 
Loss: 0.507383  SIA Ef: 0.006500 Binding: -0.26 0.11 -0.03 0.25 0.03 0.37 0.06 0.07 -0.06 -0.18 -0.21  Rvol: 0.59 0.96 1.36 -0.33 -0.33 -0.14 0.08 0.14 0.75 1.13 1.51 -0.28 -0.21 -0.02 0.18 
Loss: 0.511237  SIA Ef: 0.016494 Binding: -0.25 0.12 -0.01 0.26 0.04 0.37 0.06 0.08 -0.06 -0.17 -0.21  Rvol: 0.59 0.96 1.36 -0.33 -0.33 -0.13 0.08 0.14 0.75 1.13 1.51 -0.28 -0.21 -0.01 0.18 
Loss: 0.503181  SIA Ef: -0.005616 Binding: -0.26 0.11 -0.05 0.24 0.03 0.37 0.06 0.07 -0.05 -0.18 -0.21  Rvol: 0.59 0.96 1.36 -0.33 -0.33 -0.14 0.08 0.14 0.75 1.13 1.51 -0.28 -0.21 -0.02 0.18 
Loss: 0.514470  SIA Ef: -0.104827 Binding: -0.27 0.12 -0.13 0.22 0.02 0.38 0.06 0.05 -0.04 -0.17 -0.21  Rvol: 0.59 0.95 1.35 -0.33 -0.34 -0.14 0.08 0.14 0.75 1.11 1.49 -0.28 -0.21 -0.02 0.18 
Loss: 0.502865  SIA Ef: 0.000833 Binding: -0.26 0.11 -0.05 0.24 0.02 0.37 0.06 0.07 -0.05 -0.18 -0.20  Rvol: 0.59 0.96 1.36 -0.33 -0.33 -0.13 0.08 0.14 0.75 1.13 1.51 -0.28 -0.21 -0.01 0.18 
Loss: 0.513243  SIA Ef: 0.071348 Binding: -0.26 0.09 -0.03 0.24 0.02 0.37 0.07 0.09 -0.05 -0.17 -0.20  Rvol: 0.60 0.96 1.37 -0.33 -0.33 -0.13 0.08 0.14 0.75 1.13 1.52 -0.28 -0.21 -0.01 0.18 
Loss: 0.503223  SIA Ef: -0.000012 Binding: -0.26 0.11 -0.04 0.25 0.02 0.37 0.06 0.07 -0.06 -0.18 -0.21  Rvol: 0.59 0.96 1.36 -0.33 -0.33 -0.14 0.08 0.14 0.75 1.13 1.51 -0.28 -0.21 -0.02 0.18 
Loss: 0.502977  SIA Ef: -0.003033 Binding: -0.26 0.11 -0.04 0.25 0.02 0.37 0.06 0.07 -0.06 -0.18 -0.20  Rvol: 0.59 0.96 1.36 -0.33 -0.33 -0.13 0.08 0.14 0.75 1.13 1.51 -0.28 -0.21 -0.02 0.18 
Loss: 0.504610  SIA Ef: 0.009933 Binding: -0.26 0.11 -0.05 0.25 0.03 0.37 0.06 0.07 -0.05 -0.17 -0.20  Rvol: 0.59 0.96 1.36 -0.33 -0.33 -0.13 0.09 0.14 0.75 1.13 1.51 -0.28 -0.21 -0.01 0.18 
Loss: 0.503361  SIA Ef: -0.001662 Binding: -0.26 0.11 -0.05 0.24 0.03 0.37 0.06 0.07 -0.05 -0.17 -0.20  Rvol: 0.59 0.96 1.36 -0.33 -0.33 -0.13 0.08 0.14 0.75 1.13 1.51 -0.28 -0.21 -0.01 0.18 
Loss: 0.504010  SIA Ef: 0.004635 Binding: -0.26 0.10 -0.03 0.25 0.02 0.37 0.06 0.07 -0.06 -0.18 -0.21  Rvol: 0.59 0.96 1.36 -0.33 -0.33 -0.13 0.08 0.14 0.75 1.13 1.51 -0.28 -0.21 -0.01 0.18 
Loss: 0.504592  SIA Ef: 0.008276 Binding: -0.26 0.11 -0.05 0.24 0.02 0.37 0.06 0.06 -0.06 -0.18 -0.21  Rvol: 0.59 0.96 1.36 -0.33 -0.33 -0.13 0.08 0.14 0.75 1.13 1.51 -0.28 -0.21 -0.01 0.18 
Loss: 0.506773  SIA Ef: -0.048672 Binding: -0.27 0.11 -0.09 0.23 0.03 0.37 0.06 0.06 -0.05 -0.17 -0.22  Rvol: 0.59 0.95 1.36 -0.33 -0.33 -0.14 0.08 0.14 0.75 1.12 1.50 -0.28 -0.21 -0.02 0.18 
Loss: 0.503160  SIA Ef: 0.015768 Binding: -0.26 0.10 -0.04 0.24 0.02 0.37 0.07 0.07 -0.05 -0.17 -0.20  Rvol: 0.59 0.96 1.36 -0.33 -0.33 -0.13 0.08 0.14 0.75 1.13 1.51 -0.28 -0.21 -0.01 0.18 
Loss: 0.503086  SIA Ef: -0.000389 Binding: -0.26 0.11 -0.05 0.24 0.03 0.37 0.06 0.07 -0.05 -0.18 -0.21  Rvol: 0.59 0.96 1.36 -0.33 -0.33 -0.13 0.08 0.14 0.75 1.13 1.51 -0.28 -0.21 -0.01 0.18 
Loss: 0.504445  SIA Ef: 0.007568 Binding: -0.26 0.11 -0.03 0.25 0.03 0.37 0.06 0.07 -0.06 -0.18 -0.20  Rvol: 0.59 0.96 1.36 -0.33 -0.33 -0.13 0.08 0.14 0.75 1.13 1.51 -0.28 -0.21 -0.01 0.18 
Loss: 0.502867  SIA Ef: -0.010251 Binding: -0.26 0.11 -0.06 0.24 0.02 0.37 0.06 0.07 -0.05 -0.17 -0.21  Rvol: 0.59 0.96 1.36 -0.33 -0.33 -0.13 0.08 0.14 0.75 1.13 1.50 -0.28 -0.21 -0.02 0.18 
Loss: 0.502879  SIA Ef: 0.001830 Binding: -0.26 0.11 -0.05 0.24 0.02 0.37 0.06 0.07 -0.05 -0.18 -0.20  Rvol: 0.59 0.96 1.36 -0.33 -0.33 -0.13 0.08 0.14 0.75 1.13 1.51 -0.28 -0.21 -0.01 0.18 
Loss: 0.503063  SIA Ef: 0.001208 Binding: -0.26 0.11 -0.05 0.24 0.03 0.37 0.06 0.07 -0.05 -0.17 -0.20  Rvol: 0.59 0.96 1.36 -0.33 -0.33 -0.13 0.08 0.14 0.75 1.13 1.51 -0.28 -0.21 -0.01 0.18 
Loss: 0.502921  SIA Ef: 0.001062 Binding: -0.26 0.11 -0.05 0.24 0.02 0.37 0.06 0.07 -0.05 -0.18 -0.20  Rvol: 0.59 0.96 1.36 -0.33 -0.33 -0.13 0.08 0.14 0.75 1.13 1.51 -0.28 -0.21 -0.01 0.18 
Loss: 0.502625  SIA Ef: 0.000530 Binding: -0.26 0.11 -0.04 0.24 0.02 0.37 0.06 0.07 -0.05 -0.18 -0.20  Rvol: 0.59 0.96 1.36 -0.33 -0.33 -0.13 0.08 0.14 0.75 1.13 1.51 -0.28 -0.21 -0.01 0.18 
Loss: 0.502738  SIA Ef: 0.000997 Binding: -0.26 0.11 -0.05 0.24 0.02 0.37 0.06 0.07 -0.06 -0.18 -0.21  Rvol: 0.59 0.96 1.36 -0.33 -0.33 -0.13 0.08 0.14 0.75 1.13 1.51 -0.28 -0.21 -0.01 0.18 
Loss: 0.502646  SIA Ef: 0.000960 Binding: -0.26 0.11 -0.04 0.24 0.02 0.37 0.06 0.07 -0.05 -0.18 -0.20  Rvol: 0.59 0.96 1.36 -0.33 -0.33 -0.13 0.08 0.14 0.75 1.13 1.51 -0.28 -0.21 -0.01 0.18 
Loss: 0.502667  SIA Ef: -0.000593 Binding: -0.26 0.11 -0.04 0.24 0.02 0.37 0.06 0.07 -0.05 -0.18 -0.20  Rvol: 0.59 0.96 1.36 -0.33 -0.33 -0.13 0.08 0.14 0.75 1.13 1.51 -0.28 -0.21 -0.02 0.18 
Loss: 0.502610  SIA Ef: 0.001637 Binding: -0.26 0.11 -0.05 0.24 0.02 0.37 0.06 0.07 -0.05 -0.18 -0.20  Rvol: 0.59 0.96 1.36 -0.33 -0.33 -0.13 0.08 0.14 0.75 1.13 1.51 -0.28 -0.21 -0.01 0.18 
Loss: 0.502643  SIA Ef: 0.004337 Binding: -0.26 0.11 -0.04 0.24 0.02 0.37 0.06 0.07 -0.05 -0.17 -0.20  Rvol: 0.59 0.96 1.36 -0.33 -0.33 -0.13 0.08 0.14 0.75 1.13 1.51 -0.28 -0.21 -0.01 0.18 
Loss: 0.502606  SIA Ef: 0.001180 Binding: -0.26 0.11 -0.05 0.24 0.02 0.37 0.06 0.07 -0.05 -0.18 -0.20  Rvol: 0.59 0.96 1.36 -0.33 -0.33 -0.13 0.08 0.14 0.75 1.13 1.51 -0.28 -0.21 -0.01 0.18 
Loss: 0.502465  SIA Ef: 0.000211 Binding: -0.26 0.11 -0.05 0.24 0.02 0.37 0.06 0.07 -0.05 -0.18 -0.20  Rvol: 0.59 0.96 1.36 -0.33 -0.33 -0.13 0.08 0.14 0.75 1.13 1.51 -0.28 -0.21 -0.01 0.18 
Loss: 0.502464  SIA Ef: -0.000039 Binding: -0.26 0.11 -0.05 0.24 0.02 0.37 0.06 0.07 -0.05 -0.17 -0.20  Rvol: 0.59 0.96 1.36 -0.33 -0.33 -0.13 0.08 0.14 0.75 1.13 1.51 -0.28 -0.21 -0.01 0.18 
Loss: 0.502818  SIA Ef: 0.002763 Binding: -0.26 0.11 -0.04 0.24 0.02 0.37 0.06 0.07 -0.05 -0.17 -0.20  Rvol: 0.59 0.96 1.36 -0.33 -0.33 -0.13 0.08 0.14 0.75 1.13 1.51 -0.28 -0.21 -0.01 0.18 
Loss: 0.502384  SIA Ef: -0.001818 Binding: -0.26 0.11 -0.05 0.24 0.02 0.37 0.06 0.07 -0.05 -0.17 -0.20  Rvol: 0.59 0.96 1.36 -0.33 -0.33 -0.13 0.08 0.14 0.75 1.13 1.51 -0.28 -0.21 -0.01 0.18 
Loss: 0.502387  SIA Ef: -0.001926 Binding: -0.26 0.11 -0.05 0.24 0.02 0.37 0.06 0.07 -0.05 -0.17 -0.20  Rvol: 0.59 0.96 1.36 -0.33 -0.33 -0.13 0.08 0.14 0.75 1.13 1.51 -0.28 -0.21 -0.01 0.18 
Loss: 0.502387  SIA Ef: -0.007386 Binding: -0.26 0.11 -0.05 0.24 0.02 0.37 0.06 0.07 -0.05 -0.17 -0.20  Rvol: 0.59 0.96 1.36 -0.33 -0.33 -0.13 0.08 0.14 0.75 1.13 1.51 -0.28 -0.21 -0.01 0.18 
Loss: 0.502527  SIA Ef: -0.001190 Binding: -0.26 0.11 -0.05 0.24 0.02 0.37 0.06 0.07 -0.05 -0.17 -0.20  Rvol: 0.59 0.96 1.36 -0.33 -0.33 -0.13 0.08 0.14 0.75 1.13 1.51 -0.28 -0.21 -0.01 0.18 
Loss: 0.502185  SIA Ef: -0.003121 Binding: -0.26 0.11 -0.05 0.24 0.02 0.37 0.07 0.07 -0.05 -0.17 -0.20  Rvol: 0.59 0.96 1.36 -0.33 -0.33 -0.13 0.08 0.14 0.75 1.13 1.51 -0.28 -0.21 -0.01 0.18 
Loss: 0.502016  SIA Ef: -0.004488 Binding: -0.26 0.11 -0.05 0.24 0.02 0.37 0.07 0.07 -0.05 -0.17 -0.20  Rvol: 0.59 0.96 1.36 -0.33 -0.33 -0.13 0.08 0.14 0.75 1.13 1.51 -0.28 -0.21 -0.01 0.18 
Loss: 0.501777  SIA Ef: -0.004357 Binding: -0.26 0.11 -0.04 0.24 0.02 0.37 0.07 0.07 -0.05 -0.17 -0.20  Rvol: 0.59 0.96 1.36 -0.33 -0.33 -0.13 0.08 0.14 0.75 1.13 1.51 -0.28 -0.21 -0.02 0.18 
Loss: 0.501602  SIA Ef: -0.002459 Binding: -0.26 0.11 -0.04 0.24 0.02 0.37 0.07 0.07 -0.05 -0.17 -0.20  Rvol: 0.59 0.96 1.36 -0.33 -0.33 -0.13 0.08 0.14 0.75 1.13 1.51 -0.28 -0.21 -0.02 0.18 
Loss: 0.501606  SIA Ef: -0.004928 Binding: -0.26 0.11 -0.04 0.24 0.02 0.37 0.07 0.07 -0.05 -0.17 -0.20  Rvol: 0.59 0.96 1.36 -0.33 -0.33 -0.13 0.08 0.14 0.75 1.13 1.51 -0.28 -0.21 -0.02 0.18 
Loss: 0.501599  SIA Ef: -0.002881 Binding: -0.26 0.11 -0.04 0.24 0.02 0.37 0.07 0.07 -0.05 -0.17 -0.20  Rvol: 0.59 0.96 1.36 -0.33 -0.33 -0.13 0.08 0.14 0.75 1.13 1.51 -0.28 -0.21 -0.02 0.18 
Loss: 0.501542  SIA Ef: -0.002540 Binding: -0.26 0.10 -0.04 0.24 0.02 0.37 0.07 0.07 -0.05 -0.17 -0.20  Rvol: 0.59 0.96 1.36 -0.33 -0.33 -0.13 0.08 0.14 0.75 1.13 1.51 -0.28 -0.21 -0.02 0.18 
Loss: 0.501451  SIA Ef: -0.001910 Binding: -0.26 0.10 -0.04 0.24 0.02 0.37 0.07 0.08 -0.05 -0.17 -0.20  Rvol: 0.59 0.96 1.36 -0.33 -0.33 -0.13 0.08 0.14 0.75 1.13 1.51 -0.28 -0.21 -0.02 0.18 
Loss: 0.501357  SIA Ef: -0.002605 Binding: -0.26 0.10 -0.04 0.24 0.02 0.37 0.07 0.08 -0.05 -0.17 -0.20  Rvol: 0.59 0.96 1.36 -0.33 -0.33 -0.14 0.08 0.14 0.75 1.13 1.51 -0.28 -0.21 -0.02 0.18 
Loss: 0.501515  SIA Ef: -0.000403 Binding: -0.26 0.10 -0.04 0.24 0.02 0.37 0.07 0.08 -0.05 -0.17 -0.20  Rvol: 0.59 0.96 1.36 -0.33 -0.33 -0.13 0.08 0.14 0.75 1.13 1.51 -0.28 -0.21 -0.02 0.18 
Loss: 0.501856  SIA Ef: 0.000026 Binding: -0.26 0.10 -0.04 0.24 0.02 0.37 0.07 0.08 -0.05 -0.17 -0.20  Rvol: 0.59 0.96 1.36 -0.33 -0.33 -0.13 0.08 0.14 0.75 1.13 1.51 -0.28 -0.21 -0.02 0.18 
Loss: 0.500977  SIA Ef: -0.005590 Binding: -0.26 0.10 -0.04 0.24 0.02 0.37 0.07 0.07 -0.05 -0.17 -0.20  Rvol: 0.59 0.96 1.36 -0.33 -0.33 -0.14 0.08 0.14 0.75 1.13 1.51 -0.28 -0.21 -0.02 0.18 
Loss: 0.500535  SIA Ef: -0.009045 Binding: -0.26 0.10 -0.05 0.24 0.02 0.37 0.07 0.07 -0.05 -0.17 -0.20  Rvol: 0.59 0.96 1.36 -0.33 -0.33 -0.14 0.08 0.14 0.75 1.13 1.51 -0.28 -0.21 -0.02 0.18 
Loss: 0.500514  SIA Ef: -0.013674 Binding: -0.26 0.10 -0.05 0.24 0.02 0.37 0.07 0.07 -0.05 -0.17 -0.20  Rvol: 0.59 0.96 1.36 -0.33 -0.33 -0.14 0.08 0.14 0.75 1.13 1.50 -0.28 -0.21 -0.02 0.18 
Loss: 0.500341  SIA Ef: -0.012086 Binding: -0.26 0.10 -0.05 0.24 0.02 0.37 0.07 0.07 -0.05 -0.17 -0.20  Rvol: 0.59 0.96 1.36 -0.33 -0.33 -0.14 0.08 0.14 0.75 1.13 1.51 -0.28 -0.21 -0.02 0.18 
Loss: 0.500117  SIA Ef: -0.012629 Binding: -0.26 0.10 -0.05 0.24 0.02 0.37 0.07 0.07 -0.05 -0.17 -0.20  Rvol: 0.59 0.96 1.36 -0.33 -0.33 -0.14 0.08 0.14 0.75 1.13 1.51 -0.28 -0.21 -0.02 0.18 
Loss: 0.499922  SIA Ef: -0.014301 Binding: -0.26 0.10 -0.05 0.24 0.02 0.37 0.07 0.07 -0.05 -0.17 -0.20  Rvol: 0.59 0.96 1.36 -0.33 -0.33 -0.14 0.08 0.14 0.75 1.13 1.50 -0.28 -0.21 -0.02 0.18 
Loss: 0.499814  SIA Ef: -0.013402 Binding: -0.26 0.10 -0.05 0.24 0.02 0.37 0.07 0.07 -0.05 -0.17 -0.20  Rvol: 0.59 0.96 1.36 -0.33 -0.33 -0.14 0.08 0.14 0.75 1.13 1.50 -0.28 -0.21 -0.02 0.18 
Loss: 0.499912  SIA Ef: -0.012161 Binding: -0.26 0.10 -0.05 0.24 0.02 0.37 0.07 0.07 -0.05 -0.17 -0.20  Rvol: 0.59 0.96 1.36 -0.33 -0.33 -0.14 0.08 0.14 0.75 1.13 1.51 -0.28 -0.21 -0.02 0.18 
Loss: 0.499588  SIA Ef: -0.013913 Binding: -0.26 0.10 -0.05 0.24 0.02 0.37 0.07 0.07 -0.05 -0.17 -0.20  Rvol: 0.59 0.96 1.36 -0.33 -0.33 -0.14 0.08 0.14 0.75 1.12 1.50 -0.28 -0.21 -0.02 0.18 
Loss: 0.499352  SIA Ef: -0.013230 Binding: -0.26 0.10 -0.05 0.24 0.02 0.37 0.07 0.08 -0.05 -0.17 -0.20  Rvol: 0.59 0.96 1.36 -0.33 -0.33 -0.14 0.08 0.14 0.75 1.13 1.51 -0.28 -0.21 -0.02 0.18 
Loss: 0.498996  SIA Ef: -0.013171 Binding: -0.26 0.10 -0.05 0.24 0.02 0.37 0.07 0.08 -0.05 -0.17 -0.20  Rvol: 0.59 0.96 1.36 -0.33 -0.33 -0.14 0.08 0.14 0.75 1.13 1.51 -0.28 -0.21 -0.02 0.18 
Loss: 0.498913  SIA Ef: -0.014247 Binding: -0.26 0.10 -0.05 0.24 0.02 0.37 0.07 0.08 -0.05 -0.17 -0.20  Rvol: 0.59 0.96 1.36 -0.33 -0.33 -0.14 0.08 0.14 0.75 1.13 1.51 -0.28 -0.21 -0.02 0.18 
Loss: 0.499040  SIA Ef: -0.015676 Binding: -0.26 0.10 -0.05 0.24 0.02 0.37 0.07 0.08 -0.05 -0.17 -0.20  Rvol: 0.59 0.96 1.36 -0.33 -0.33 -0.14 0.08 0.14 0.75 1.12 1.50 -0.28 -0.21 -0.02 0.18 
Loss: 0.498640  SIA Ef: -0.012119 Binding: -0.26 0.10 -0.05 0.24 0.01 0.37 0.07 0.08 -0.05 -0.17 -0.20  Rvol: 0.59 0.96 1.36 -0.33 -0.33 -0.14 0.08 0.14 0.75 1.13 1.51 -0.28 -0.21 -0.02 0.18 
Loss: 0.498265  SIA Ef: -0.015938 Binding: -0.27 0.10 -0.05 0.24 0.01 0.37 0.07 0.08 -0.05 -0.17 -0.20  Rvol: 0.59 0.96 1.36 -0.33 -0.33 -0.14 0.08 0.14 0.75 1.12 1.50 -0.28 -0.21 -0.02 0.18 
Loss: 0.498231  SIA Ef: -0.016309 Binding: -0.26 0.10 -0.05 0.24 0.01 0.37 0.07 0.08 -0.05 -0.17 -0.19  Rvol: 0.59 0.96 1.36 -0.33 -0.33 -0.14 0.08 0.14 0.75 1.12 1.51 -0.28 -0.21 -0.02 0.18 
Loss: 0.498235  SIA Ef: -0.015459 Binding: -0.27 0.10 -0.05 0.24 0.01 0.37 0.07 0.08 -0.05 -0.17 -0.20  Rvol: 0.59 0.96 1.36 -0.33 -0.33 -0.14 0.08 0.14 0.75 1.13 1.51 -0.28 -0.21 -0.02 0.18 
Loss: 0.498273  SIA Ef: -0.015920 Binding: -0.26 0.10 -0.05 0.24 0.01 0.37 0.07 0.08 -0.05 -0.17 -0.19  Rvol: 0.59 0.96 1.36 -0.33 -0.33 -0.14 0.08 0.14 0.75 1.13 1.51 -0.28 -0.21 -0.02 0.18 
Loss: 0.498172  SIA Ef: -0.015438 Binding: -0.27 0.10 -0.05 0.24 0.01 0.37 0.07 0.08 -0.05 -0.17 -0.19  Rvol: 0.59 0.96 1.36 -0.33 -0.33 -0.14 0.08 0.14 0.75 1.13 1.51 -0.28 -0.21 -0.02 0.18 
Loss: 0.498011  SIA Ef: -0.014824 Binding: -0.27 0.10 -0.05 0.24 0.01 0.37 0.07 0.08 -0.05 -0.17 -0.19  Rvol: 0.59 0.96 1.36 -0.33 -0.33 -0.14 0.08 0.14 0.75 1.13 1.51 -0.28 -0.21 -0.02 0.18 
Loss: 0.497930  SIA Ef: -0.016628 Binding: -0.27 0.10 -0.05 0.24 0.01 0.37 0.07 0.08 -0.05 -0.17 -0.19  Rvol: 0.59 0.96 1.36 -0.33 -0.34 -0.14 0.08 0.14 0.75 1.12 1.50 -0.28 -0.21 -0.02 0.18 
Loss: 0.497916  SIA Ef: -0.017188 Binding: -0.27 0.10 -0.05 0.24 0.01 0.37 0.07 0.08 -0.05 -0.17 -0.19  Rvol: 0.59 0.96 1.36 -0.33 -0.34 -0.14 0.08 0.14 0.75 1.12 1.50 -0.28 -0.21 -0.02 0.18 
Loss: 0.497719  SIA Ef: -0.018602 Binding: -0.27 0.10 -0.05 0.24 0.01 0.37 0.07 0.08 -0.05 -0.17 -0.19  Rvol: 0.59 0.96 1.36 -0.33 -0.34 -0.14 0.08 0.14 0.75 1.12 1.50 -0.28 -0.21 -0.02 0.18 
Loss: 0.497617  SIA Ef: -0.021885 Binding: -0.27 0.10 -0.05 0.24 0.01 0.37 0.07 0.08 -0.05 -0.17 -0.19  Rvol: 0.59 0.96 1.36 -0.33 -0.34 -0.14 0.08 0.14 0.75 1.12 1.50 -0.28 -0.21 -0.02 0.18 
Loss: 0.497857  SIA Ef: -0.024217 Binding: -0.27 0.10 -0.06 0.23 0.01 0.37 0.07 0.08 -0.05 -0.17 -0.19  Rvol: 0.59 0.96 1.36 -0.33 -0.34 -0.14 0.08 0.14 0.75 1.12 1.50 -0.28 -0.21 -0.02 0.18 
Loss: 0.497368  SIA Ef: -0.018319 Binding: -0.27 0.10 -0.05 0.24 0.01 0.37 0.07 0.08 -0.05 -0.17 -0.19  Rvol: 0.59 0.96 1.36 -0.33 -0.34 -0.14 0.08 0.14 0.75 1.12 1.50 -0.28 -0.21 -0.02 0.18 
Loss: 0.497257  SIA Ef: -0.017008 Binding: -0.27 0.09 -0.05 0.24 0.01 0.37 0.07 0.08 -0.05 -0.17 -0.19  Rvol: 0.59 0.96 1.36 -0.33 -0.34 -0.14 0.08 0.14 0.75 1.12 1.51 -0.28 -0.21 -0.02 0.18 
Loss: 0.496987  SIA Ef: -0.022211 Binding: -0.27 0.09 -0.05 0.23 0.01 0.37 0.07 0.08 -0.05 -0.17 -0.19  Rvol: 0.59 0.96 1.36 -0.33 -0.34 -0.14 0.08 0.14 0.75 1.12 1.50 -0.28 -0.21 -0.02 0.18 
Loss: 0.496970  SIA Ef: -0.025581 Binding: -0.27 0.10 -0.05 0.23 0.01 0.37 0.07 0.08 -0.05 -0.17 -0.19  Rvol: 0.59 0.96 1.36 -0.33 -0.34 -0.14 0.08 0.14 0.75 1.12 1.50 -0.28 -0.21 -0.02 0.18 
Loss: 0.496872  SIA Ef: -0.025553 Binding: -0.27 0.10 -0.05 0.23 0.01 0.37 0.07 0.08 -0.05 -0.17 -0.19  Rvol: 0.59 0.96 1.36 -0.33 -0.34 -0.14 0.08 0.14 0.75 1.12 1.50 -0.28 -0.21 -0.02 0.18 
Loss: 0.496781  SIA Ef: -0.027680 Binding: -0.27 0.09 -0.05 0.23 0.01 0.37 0.07 0.08 -0.05 -0.17 -0.19  Rvol: 0.59 0.96 1.36 -0.33 -0.34 -0.14 0.08 0.14 0.75 1.12 1.50 -0.28 -0.21 -0.02 0.18 
Loss: 0.496683  SIA Ef: -0.029188 Binding: -0.27 0.09 -0.05 0.23 0.01 0.37 0.07 0.08 -0.05 -0.17 -0.19  Rvol: 0.59 0.96 1.36 -0.33 -0.34 -0.14 0.08 0.14 0.75 1.12 1.50 -0.28 -0.21 -0.02 0.18 
Loss: 0.496710  SIA Ef: -0.032223 Binding: -0.27 0.09 -0.05 0.23 0.01 0.37 0.07 0.08 -0.05 -0.17 -0.19  Rvol: 0.59 0.96 1.36 -0.33 -0.34 -0.14 0.08 0.14 0.75 1.12 1.50 -0.28 -0.21 -0.02 0.18 
Loss: 0.496711  SIA Ef: -0.029433 Binding: -0.27 0.09 -0.05 0.23 0.01 0.37 0.07 0.08 -0.05 -0.17 -0.19  Rvol: 0.59 0.96 1.36 -0.33 -0.34 -0.14 0.08 0.14 0.75 1.12 1.50 -0.28 -0.21 -0.02 0.18 
Loss: 0.496668  SIA Ef: -0.027892 Binding: -0.27 0.09 -0.05 0.23 0.01 0.37 0.07 0.08 -0.05 -0.17 -0.19  Rvol: 0.59 0.96 1.36 -0.33 -0.34 -0.14 0.08 0.14 0.75 1.12 1.50 -0.28 -0.21 -0.02 0.18 
Loss: 0.496591  SIA Ef: -0.027161 Binding: -0.27 0.09 -0.05 0.23 0.01 0.37 0.07 0.08 -0.05 -0.17 -0.19  Rvol: 0.59 0.96 1.36 -0.33 -0.34 -0.14 0.08 0.14 0.75 1.12 1.50 -0.28 -0.21 -0.02 0.18 
Loss: 0.494695  SIA Ef: -0.028503 Binding: -0.27 0.09 -0.06 0.23 0.01 0.37 0.07 0.08 -0.05 -0.17 -0.19  Rvol: 0.59 0.96 1.36 -0.33 -0.34 -0.14 0.08 0.14 0.75 1.12 1.50 -0.28 -0.21 -0.02 0.18 
Loss: 0.494356  SIA Ef: -0.026329 Binding: -0.27 0.09 -0.06 0.23 0.01 0.37 0.08 0.08 -0.05 -0.17 -0.19  Rvol: 0.59 0.96 1.36 -0.33 -0.34 -0.14 0.08 0.14 0.75 1.12 1.50 -0.28 -0.21 -0.02 0.18 
Loss: 0.494371  SIA Ef: -0.024790 Binding: -0.27 0.09 -0.06 0.23 0.01 0.37 0.08 0.08 -0.05 -0.17 -0.19  Rvol: 0.59 0.96 1.36 -0.33 -0.34 -0.14 0.08 0.14 0.75 1.12 1.50 -0.28 -0.21 -0.02 0.18 
Loss: 0.494673  SIA Ef: -0.029489 Binding: -0.27 0.09 -0.06 0.23 0.01 0.37 0.08 0.08 -0.05 -0.17 -0.19  Rvol: 0.59 0.96 1.36 -0.33 -0.34 -0.14 0.08 0.14 0.75 1.12 1.50 -0.28 -0.21 -0.02 0.18 
Loss: 0.496275  SIA Ef: -0.025253 Binding: -0.27 0.09 -0.05 0.23 0.01 0.37 0.07 0.08 -0.05 -0.17 -0.19  Rvol: 0.59 0.96 1.36 -0.33 -0.34 -0.14 0.08 0.14 0.75 1.12 1.50 -0.28 -0.21 -0.02 0.18 
Loss: 0.496045  SIA Ef: -0.026233 Binding: -0.27 0.09 -0.05 0.23 0.01 0.37 0.08 0.08 -0.05 -0.17 -0.19  Rvol: 0.59 0.96 1.36 -0.33 -0.34 -0.14 0.08 0.14 0.75 1.12 1.50 -0.28 -0.21 -0.02 0.18 
Loss: 0.494356  SIA Ef: -0.027918 Binding: -0.27 0.09 -0.06 0.23 0.01 0.37 0.08 0.08 -0.05 -0.17 -0.19  Rvol: 0.59 0.96 1.36 -0.33 -0.34 -0.14 0.08 0.14 0.75 1.12 1.50 -0.28 -0.21 -0.02 0.18 
Loss: 0.494289  SIA Ef: -0.026916 Binding: -0.27 0.09 -0.05 0.23 0.01 0.37 0.07 0.08 -0.05 -0.17 -0.19  Rvol: 0.59 0.96 1.36 -0.33 -0.34 -0.14 0.08 0.14 0.75 1.12 1.50 -0.28 -0.21 -0.02 0.18 
Loss: 0.494290  SIA Ef: -0.027485 Binding: -0.27 0.09 -0.05 0.23 0.01 0.37 0.07 0.08 -0.05 -0.17 -0.19  Rvol: 0.59 0.96 1.36 -0.33 -0.34 -0.14 0.08 0.14 0.75 1.12 1.50 -0.28 -0.21 -0.02 0.18 
Loss: 0.494260  SIA Ef: -0.026325 Binding: -0.27 0.09 -0.06 0.23 0.01 0.37 0.07 0.08 -0.05 -0.17 -0.19  Rvol: 0.59 0.96 1.36 -0.33 -0.34 -0.14 0.08 0.14 0.75 1.12 1.50 -0.28 -0.21 -0.02 0.18 
Loss: 0.494194  SIA Ef: -0.025524 Binding: -0.27 0.09 -0.06 0.23 0.01 0.37 0.07 0.08 -0.05 -0.17 -0.19  Rvol: 0.59 0.96 1.36 -0.33 -0.34 -0.14 0.08 0.14 0.75 1.12 1.50 -0.28 -0.21 -0.02 0.18 
Loss: 0.494363  SIA Ef: -0.027381 Binding: -0.27 0.09 -0.06 0.23 0.01 0.37 0.08 0.08 -0.05 -0.17 -0.19  Rvol: 0.59 0.96 1.36 -0.33 -0.34 -0.14 0.08 0.14 0.75 1.12 1.50 -0.28 -0.21 -0.02 0.18 
Loss: 0.495991  SIA Ef: -0.024988 Binding: -0.27 0.09 -0.05 0.23 0.01 0.37 0.08 0.08 -0.05 -0.17 -0.19  Rvol: 0.59 0.96 1.36 -0.33 -0.34 -0.14 0.08 0.14 0.75 1.12 1.50 -0.28 -0.21 -0.02 0.18 
Loss: 0.494365  SIA Ef: -0.027408 Binding: -0.27 0.09 -0.06 0.23 0.01 0.37 0.07 0.08 -0.05 -0.17 -0.19  Rvol: 0.59 0.96 1.36 -0.33 -0.34 -0.14 0.08 0.14 0.75 1.12 1.50 -0.28 -0.21 -0.02 0.18 
Loss: 0.494250  SIA Ef: -0.024933 Binding: -0.27 0.09 -0.06 0.23 0.01 0.37 0.07 0.08 -0.05 -0.17 -0.19  Rvol: 0.59 0.96 1.36 -0.33 -0.34 -0.14 0.08 0.14 0.75 1.12 1.50 -0.28 -0.21 -0.02 0.18 
Loss: 0.494113  SIA Ef: -0.025026 Binding: -0.27 0.09 -0.05 0.23 0.01 0.37 0.08 0.08 -0.05 -0.17 -0.19  Rvol: 0.59 0.96 1.36 -0.33 -0.34 -0.14 0.08 0.14 0.75 1.12 1.50 -0.28 -0.21 -0.02 0.18 
Loss: 0.494201  SIA Ef: -0.026039 Binding: -0.27 0.09 -0.06 0.23 0.01 0.37 0.08 0.08 -0.05 -0.17 -0.19  Rvol: 0.59 0.96 1.36 -0.33 -0.34 -0.14 0.08 0.14 0.75 1.12 1.50 -0.28 -0.21 -0.02 0.18 
Loss: 0.495969  SIA Ef: -0.024240 Binding: -0.27 0.09 -0.05 0.23 0.01 0.37 0.08 0.08 -0.05 -0.17 -0.19  Rvol: 0.59 0.96 1.36 -0.33 -0.34 -0.14 0.08 0.14 0.75 1.12 1.50 -0.28 -0.21 -0.02 0.18 
Loss: 0.494265  SIA Ef: -0.026033 Binding: -0.27 0.09 -0.06 0.23 0.01 0.37 0.08 0.08 -0.05 -0.17 -0.19  Rvol: 0.59 0.96 1.36 -0.33 -0.34 -0.14 0.08 0.14 0.75 1.12 1.50 -0.28 -0.21 -0.02 0.18 
Loss: 0.494103  SIA Ef: -0.026110 Binding: -0.27 0.09 -0.05 0.23 0.01 0.37 0.08 0.08 -0.05 -0.17 -0.19  Rvol: 0.59 0.96 1.36 -0.33 -0.34 -0.14 0.08 0.14 0.75 1.12 1.50 -0.28 -0.21 -0.02 0.18 
Loss: 0.494101  SIA Ef: -0.027189 Binding: -0.27 0.09 -0.06 0.23 0.01 0.37 0.08 0.08 -0.05 -0.17 -0.19  Rvol: 0.59 0.96 1.36 -0.33 -0.34 -0.14 0.08 0.14 0.75 1.12 1.50 -0.28 -0.21 -0.02 0.18 
Loss: 0.494087  SIA Ef: -0.026953 Binding: -0.27 0.09 -0.06 0.23 0.01 0.37 0.08 0.08 -0.05 -0.17 -0.19  Rvol: 0.59 0.96 1.36 -0.33 -0.34 -0.14 0.08 0.14 0.75 1.12 1.50 -0.28 -0.21 -0.02 0.18 
Loss: 0.494246  SIA Ef: -0.027996 Binding: -0.27 0.09 -0.06 0.23 0.01 0.37 0.08 0.08 -0.05 -0.17 -0.19  Rvol: 0.59 0.96 1.36 -0.33 -0.34 -0.14 0.08 0.14 0.75 1.12 1.50 -0.28 -0.21 -0.02 0.18 
Loss: 0.494096  SIA Ef: -0.026667 Binding: -0.27 0.09 -0.06 0.23 0.01 0.37 0.08 0.08 -0.05 -0.17 -0.19  Rvol: 0.59 0.96 1.36 -0.33 -0.34 -0.14 0.08 0.14 0.75 1.12 1.50 -0.28 -0.21 -0.02 0.18 
Loss: 0.495871  SIA Ef: -0.024909 Binding: -0.27 0.09 -0.05 0.23 0.00 0.37 0.08 0.08 -0.05 -0.17 -0.19  Rvol: 0.59 0.96 1.36 -0.33 -0.34 -0.14 0.08 0.14 0.75 1.12 1.50 -0.28 -0.21 -0.02 0.18 
Loss: 0.494091  SIA Ef: -0.026886 Binding: -0.27 0.09 -0.06 0.23 0.01 0.37 0.08 0.08 -0.05 -0.17 -0.19  Rvol: 0.59 0.96 1.36 -0.33 -0.34 -0.14 0.08 0.14 0.75 1.12 1.50 -0.28 -0.21 -0.02 0.18 
Loss: 0.494177  SIA Ef: -0.027933 Binding: -0.27 0.09 -0.06 0.23 0.01 0.37 0.08 0.08 -0.05 -0.17 -0.19  Rvol: 0.59 0.96 1.36 -0.33 -0.34 -0.14 0.08 0.14 0.75 1.12 1.50 -0.28 -0.21 -0.02 0.18 
Loss: 0.494089  SIA Ef: -0.026738 Binding: -0.27 0.09 -0.06 0.23 0.01 0.37 0.08 0.08 -0.05 -0.17 -0.19  Rvol: 0.59 0.96 1.36 -0.33 -0.34 -0.14 0.08 0.14 0.75 1.12 1.50 -0.28 -0.21 -0.02 0.18 
Loss: 0.494235  SIA Ef: -0.029561 Binding: -0.27 0.09 -0.06 0.23 0.01 0.37 0.07 0.08 -0.05 -0.17 -0.19  Rvol: 0.59 0.96 1.36 -0.33 -0.34 -0.14 0.08 0.14 0.75 1.12 1.50 -0.28 -0.21 -0.02 0.18 
Loss: 0.494113  SIA Ef: -0.027028 Binding: -0.27 0.09 -0.06 0.23 0.01 0.37 0.08 0.08 -0.05 -0.17 -0.19  Rvol: 0.59 0.96 1.36 -0.33 -0.34 -0.14 0.08 0.14 0.75 1.12 1.50 -0.28 -0.21 -0.02 0.18 
Loss: 0.494091  SIA Ef: -0.027171 Binding: -0.27 0.09 -0.06 0.23 0.01 0.37 0.08 0.08 -0.05 -0.17 -0.19  Rvol: 0.59 0.96 1.36 -0.33 -0.34 -0.14 0.08 0.14 0.75 1.12 1.50 -0.28 -0.21 -0.02 0.18 
Loss: 0.494149  SIA Ef: -0.026604 Binding: -0.27 0.09 -0.06 0.23 0.01 0.37 0.07 0.08 -0.05 -0.17 -0.19  Rvol: 0.59 0.96 1.36 -0.33 -0.34 -0.14 0.08 0.14 0.75 1.12 1.50 -0.28 -0.21 -0.02 0.18 
Loss: 0.494122  SIA Ef: -0.027497 Binding: -0.27 0.09 -0.06 0.23 0.01 0.37 0.08 0.08 -0.05 -0.17 -0.19  Rvol: 0.59 0.96 1.36 -0.33 -0.34 -0.14 0.08 0.14 0.75 1.12 1.50 -0.28 -0.21 -0.02 0.18 
Loss: 0.495906  SIA Ef: -0.026131 Binding: -0.27 0.09 -0.05 0.23 0.00 0.37 0.08 0.08 -0.05 -0.17 -0.19  Rvol: 0.59 0.96 1.36 -0.33 -0.34 -0.14 0.08 0.14 0.75 1.12 1.50 -0.28 -0.21 -0.02 0.18 
Loss: 0.494094  SIA Ef: -0.026884 Binding: -0.27 0.09 -0.06 0.23 0.01 0.37 0.08 0.08 -0.05 -0.17 -0.19  Rvol: 0.59 0.96 1.36 -0.33 -0.34 -0.14 0.08 0.14 0.75 1.12 1.50 -0.28 -0.21 -0.02 0.18 
Loss: 0.494162  SIA Ef: -0.027499 Binding: -0.27 0.09 -0.06 0.23 0.01 0.37 0.08 0.08 -0.05 -0.17 -0.19  Rvol: 0.59 0.96 1.36 -0.33 -0.34 -0.14 0.08 0.14 0.75 1.12 1.50 -0.28 -0.21 -0.02 0.18 
