Start Optimization 
Loss: 4.041848  SIA Ef: -1.237428 Binding: 0.13 0.01 0.37 0.29 0.07 0.51 0.43 1.11 0.05 0.23 0.60  Rvol: 0.57 0.94 1.33 -0.33 -0.40 -0.23 -0.01 0.14 0.71 1.13 1.49 -0.28 -0.25 -0.07 0.14 
Loss: 3.716107  SIA Ef: -1.176859 Binding: 0.13 0.02 0.38 0.29 0.08 0.50 0.40 1.07 0.03 0.20 0.56  Rvol: 0.57 0.95 1.34 -0.33 -0.40 -0.23 -0.01 0.14 0.71 1.14 1.50 -0.28 -0.25 -0.07 0.14 
Loss: 55.920182  SIA Ef: 3.573148 Binding: 1.30 2.33 4.58 2.47 2.33 0.39 0.28 1.27 -0.15 0.10 0.49  Rvol: 0.77 1.39 1.98 -0.33 -0.14 0.15 0.52 0.14 0.88 1.56 2.20 -0.28 0.00 0.30 0.70 
Loss: 67.362589  SIA Ef: -0.429013 Binding: 1.21 0.87 -6.26 1.07 1.03 1.36 0.60 0.14 4.01 0.19 1.64  Rvol: 0.55 1.19 1.88 -0.33 -0.25 0.83 1.11 0.14 0.80 1.35 1.68 -0.28 0.14 0.70 1.02 
Loss: 229.715831  SIA Ef: 10.502670 Binding: 3.88 2.01 8.48 3.42 2.22 1.89 -1.20 0.23 -0.42 -0.44 -0.21  Rvol: 1.28 2.10 3.09 -0.33 -0.31 -0.14 0.26 0.14 1.34 2.26 3.03 -0.28 -0.16 0.01 0.36 
Loss: 11.891941  SIA Ef: -1.176859 Binding: 0.13 0.02 0.38 0.29 0.08 -0.35 -1.39 -1.04 -0.90 -1.57 -1.92  Rvol: 0.57 0.95 1.34 -0.33 -0.40 -0.23 -0.01 0.14 0.71 1.16 1.53 -0.28 -0.23 -0.03 0.18 
Loss: 2.750933  SIA Ef: -1.176859 Binding: 0.13 0.02 0.38 0.29 0.08 0.46 0.30 0.70 0.03 0.13 0.36  Rvol: 0.57 0.95 1.34 -0.33 -0.40 -0.23 -0.01 0.14 0.71 1.13 1.49 -0.28 -0.27 -0.10 0.09 
Loss: 2.821506  SIA Ef: -1.176859 Binding: 0.13 0.02 0.38 0.29 0.08 0.45 0.28 0.75 0.01 0.12 0.38  Rvol: 0.57 0.95 1.34 -0.33 -0.40 -0.23 -0.01 0.14 0.71 1.14 1.49 -0.28 -0.26 -0.09 0.11 
Loss: 7.875357  SIA Ef: -1.176859 Binding: -0.48 -0.76 0.38 -0.72 -1.73 0.46 0.70 0.96 0.03 0.14 0.35  Rvol: 0.57 1.04 1.49 -0.33 -0.40 -0.21 0.10 0.14 0.71 1.22 1.71 -0.28 -0.27 -0.08 0.17 
Loss: 2.736601  SIA Ef: -1.176859 Binding: 0.10 -0.02 0.38 0.41 0.17 0.46 0.24 0.68 0.03 0.11 0.28  Rvol: 0.57 0.94 1.29 -0.33 -0.40 -0.25 -0.07 0.14 0.71 1.06 1.43 -0.28 -0.27 -0.13 0.04 
Loss: 2.701117  SIA Ef: -1.176859 Binding: 0.09 -0.05 0.38 0.36 0.11 0.46 0.24 0.69 0.03 0.11 0.30  Rvol: 0.57 0.94 1.30 -0.33 -0.40 -0.24 -0.05 0.14 0.71 1.07 1.44 -0.28 -0.27 -0.12 0.06 
Loss: 319.862849  SIA Ef: -15.812356 Binding: 0.04 0.86 -6.42 0.95 -0.39 0.77 -0.27 -0.09 4.21 -0.66 1.86  Rvol: -0.14 -0.13 -0.32 -0.33 -0.46 -0.61 -0.78 0.14 0.24 -0.24 -0.51 -0.28 -0.39 -0.72 -0.73 
Loss: 33.614957  SIA Ef: -1.351064 Binding: -0.49 0.55 -4.71 0.31 -0.54 0.88 0.75 -0.10 2.43 -0.51 1.05  Rvol: 0.47 0.84 1.28 -0.33 -0.48 0.03 0.17 0.14 0.73 1.07 1.27 -0.28 -0.02 -0.06 0.33 
Loss: 2.611697  SIA Ef: -1.153936 Binding: 0.09 -0.05 0.38 0.36 0.12 0.45 0.22 0.67 0.02 0.10 0.28  Rvol: 0.57 0.94 1.30 -0.33 -0.39 -0.24 -0.05 0.14 0.71 1.07 1.45 -0.28 -0.27 -0.12 0.06 
Loss: 11.013501  SIA Ef: 0.684211 Binding: 0.45 1.05 2.16 1.33 1.24 0.44 0.29 0.80 -0.03 0.10 0.18  Rvol: 0.63 1.09 1.52 -0.33 -0.27 -0.06 0.21 0.14 0.74 1.22 1.71 -0.28 -0.16 0.06 0.30 
Loss: 6.201060  SIA Ef: -1.037776 Binding: 0.10 -0.07 0.46 0.38 0.13 0.69 0.73 1.43 0.27 0.60 1.02  Rvol: 0.58 0.95 1.32 -0.33 -0.39 -0.24 -0.04 0.14 0.72 1.08 1.47 -0.28 -0.27 -0.12 0.06 
Loss: 59.216877  SIA Ef: 4.946735 Binding: 1.15 1.37 4.88 1.88 1.25 0.53 -0.00 0.30 -0.26 -0.23 -0.43  Rvol: 0.95 1.65 2.07 -0.33 -0.35 -0.23 0.14 0.14 1.07 1.76 2.34 -0.28 -0.21 -0.07 0.26 
Loss: 2.660805  SIA Ef: -1.164313 Binding: 0.09 -0.04 0.38 0.36 0.12 0.46 0.26 0.67 0.04 0.12 0.30  Rvol: 0.57 0.94 1.30 -0.33 -0.39 -0.24 -0.05 0.14 0.71 1.07 1.45 -0.28 -0.27 -0.12 0.05 
Loss: 60.253754  SIA Ef: -7.533181 Binding: 0.22 0.62 -1.15 0.09 0.63 0.62 -0.10 0.00 0.29 0.06 0.11  Rvol: 0.26 0.58 0.54 -0.33 -0.44 -0.38 -0.37 0.14 0.48 0.53 0.57 -0.28 -0.32 -0.29 -0.29 
Loss: 2.610744  SIA Ef: -1.153855 Binding: 0.09 -0.05 0.38 0.36 0.12 0.45 0.24 0.67 0.03 0.11 0.29  Rvol: 0.57 0.94 1.30 -0.33 -0.39 -0.24 -0.05 0.14 0.72 1.07 1.45 -0.28 -0.27 -0.12 0.06 
Loss: 28.732317  SIA Ef: -2.288696 Binding: -0.28 0.38 -4.06 -0.56 -0.72 0.88 0.47 -0.23 1.68 -0.81 1.17  Rvol: 0.42 0.97 1.17 -0.33 -0.22 0.01 0.12 0.14 0.70 0.99 1.14 -0.28 -0.03 -0.11 0.28 
Loss: 3.714266  SIA Ef: -1.218644 Binding: 0.34 0.47 0.38 0.62 0.63 0.45 0.22 0.66 0.03 0.11 0.29  Rvol: 0.57 0.93 1.29 -0.33 -0.40 -0.24 -0.05 0.14 0.71 1.06 1.43 -0.28 -0.27 -0.12 0.05 
Loss: 57.551335  SIA Ef: -7.381165 Binding: -0.07 0.78 -0.86 0.11 0.54 0.60 0.19 0.05 0.22 0.07 0.09  Rvol: 0.27 0.37 0.57 -0.33 -0.44 -0.38 -0.37 0.14 0.49 0.55 0.61 -0.28 -0.32 -0.29 -0.29 
Loss: 2.620357  SIA Ef: -1.153449 Binding: 0.09 -0.03 0.38 0.39 0.15 0.45 0.22 0.66 0.03 0.10 0.27  Rvol: 0.57 0.94 1.29 -0.33 -0.39 -0.24 -0.06 0.14 0.72 1.06 1.43 -0.28 -0.27 -0.12 0.04 
Loss: 56.855658  SIA Ef: 4.692379 Binding: 1.14 1.32 4.92 1.88 1.21 0.52 -0.04 0.23 -0.27 -0.28 -0.51  Rvol: 0.94 1.64 2.05 -0.33 -0.36 -0.24 0.12 0.14 1.07 1.74 2.31 -0.28 -0.22 -0.09 0.23 
Loss: 2.605730  SIA Ef: -1.151860 Binding: 0.09 -0.05 0.38 0.35 0.11 0.45 0.25 0.67 0.03 0.11 0.29  Rvol: 0.57 0.94 1.31 -0.33 -0.39 -0.24 -0.04 0.14 0.72 1.08 1.45 -0.28 -0.27 -0.12 0.06 
Loss: 11.026237  SIA Ef: 0.677573 Binding: 0.45 1.05 2.19 1.32 1.22 0.44 0.30 0.77 -0.03 0.09 0.17  Rvol: 0.63 1.09 1.53 -0.33 -0.27 -0.05 0.21 0.14 0.74 1.22 1.72 -0.28 -0.16 0.06 0.30 
Loss: 4.633908  SIA Ef: -1.362751 Binding: -0.35 0.23 -1.25 -0.13 -0.03 0.60 0.55 0.31 0.25 0.17 0.26  Rvol: 0.53 0.86 1.26 -0.33 -0.40 -0.19 0.04 0.14 0.70 1.08 1.36 -0.28 -0.25 -0.09 0.12 
Loss: 25.524355  SIA Ef: -2.070029 Binding: -0.09 0.65 -4.00 0.21 -0.02 0.80 0.31 -0.16 1.83 -0.36 0.64  Rvol: 0.44 0.97 1.18 -0.33 -0.43 -0.06 0.08 0.14 0.70 0.99 1.18 -0.28 -0.07 -0.10 0.20 
Loss: 60.686648  SIA Ef: -7.526394 Binding: -0.13 0.74 -1.29 -0.02 0.50 0.64 0.19 -0.00 0.32 0.09 0.14  Rvol: 0.25 0.35 0.55 -0.33 -0.44 -0.38 -0.36 0.14 0.48 0.55 0.56 -0.28 -0.32 -0.29 -0.29 
Loss: 12.290809  SIA Ef: 1.878039 Binding: 0.45 0.51 2.50 0.93 0.50 0.24 0.11 0.14 -0.15 -0.07 -0.24  Rvol: 0.76 1.28 1.71 -0.33 -0.38 -0.25 0.05 0.14 0.86 1.39 1.95 -0.28 -0.25 -0.10 0.16 
Loss: 2.266213  SIA Ef: -1.071304 Binding: 0.03 0.14 -0.56 0.14 0.18 0.52 0.23 0.43 0.12 0.12 0.22  Rvol: 0.56 0.92 1.30 -0.33 -0.40 -0.21 0.01 0.14 0.71 1.09 1.42 -0.28 -0.26 -0.10 0.09 
Loss: 3.400630  SIA Ef: -1.416637 Binding: -0.01 0.05 -0.81 0.03 0.07 0.53 0.24 0.39 0.14 0.12 0.22  Rvol: 0.55 0.90 1.28 -0.33 -0.42 -0.24 -0.02 0.14 0.70 1.07 1.38 -0.28 -0.27 -0.12 0.07 
Loss: 7.158281  SIA Ef: -2.192893 Binding: -0.14 0.65 -1.05 0.12 0.43 0.56 0.36 0.16 0.20 0.08 0.11  Rvol: 0.49 0.78 1.14 -0.33 -0.38 -0.21 -0.02 0.14 0.67 0.99 1.23 -0.28 -0.25 -0.10 0.06 
Loss: 2.251934  SIA Ef: -1.064808 Binding: 0.03 0.14 -0.56 0.14 0.18 0.52 0.23 0.43 0.12 0.12 0.22  Rvol: 0.56 0.92 1.30 -0.33 -0.40 -0.21 0.01 0.14 0.71 1.09 1.42 -0.28 -0.26 -0.10 0.10 
Loss: 3.579655  SIA Ef: -1.072668 Binding: 0.03 0.18 -0.59 0.15 0.21 0.65 0.49 0.79 0.25 0.38 0.59  Rvol: 0.56 0.92 1.30 -0.33 -0.40 -0.21 0.01 0.14 0.71 1.09 1.42 -0.28 -0.26 -0.09 0.10 
Loss: 2.249646  SIA Ef: -1.062923 Binding: 0.03 0.14 -0.56 0.15 0.19 0.52 0.22 0.44 0.12 0.12 0.22  Rvol: 0.56 0.92 1.30 -0.33 -0.40 -0.21 0.01 0.14 0.71 1.09 1.42 -0.28 -0.26 -0.10 0.10 
Loss: 2.686913  SIA Ef: -1.109378 Binding: 0.14 0.38 -0.57 0.26 0.42 0.52 0.23 0.43 0.12 0.12 0.22  Rvol: 0.56 0.92 1.30 -0.33 -0.40 -0.21 0.01 0.14 0.71 1.08 1.41 -0.28 -0.26 -0.10 0.09 
Loss: 2.252183  SIA Ef: -1.062042 Binding: 0.04 0.14 -0.56 0.14 0.19 0.52 0.23 0.44 0.11 0.12 0.22  Rvol: 0.56 0.92 1.31 -0.33 -0.40 -0.21 0.01 0.14 0.71 1.10 1.42 -0.28 -0.26 -0.09 0.10 
Loss: 1.913682  SIA Ef: 0.641360 Binding: 0.18 -0.14 0.50 0.40 0.18 0.38 0.17 0.68 -0.03 0.05 0.12  Rvol: 0.66 1.09 1.53 -0.33 -0.38 -0.20 0.06 0.14 0.79 1.25 1.69 -0.28 -0.25 -0.07 0.17 
Loss: 1.910632  SIA Ef: 0.641637 Binding: 0.18 -0.14 0.50 0.40 0.18 0.38 0.18 0.68 -0.03 0.05 0.12  Rvol: 0.66 1.09 1.53 -0.33 -0.38 -0.20 0.06 0.14 0.79 1.25 1.69 -0.28 -0.25 -0.07 0.17 
Loss: 1.707073  SIA Ef: 0.803725 Binding: 0.07 -0.20 -0.20 0.18 -0.10 0.43 0.16 0.56 0.03 0.06 0.25  Rvol: 0.65 1.08 1.53 -0.33 -0.38 -0.17 0.10 0.14 0.79 1.27 1.68 -0.28 -0.25 -0.04 0.22 
Loss: 1.665699  SIA Ef: 0.991540 Binding: 0.08 0.00 -0.09 0.27 0.06 0.38 0.05 0.34 -0.03 -0.06 0.07  Rvol: 0.65 1.08 1.53 -0.33 -0.35 -0.12 0.14 0.14 0.79 1.26 1.69 -0.28 -0.22 -0.00 0.25 
Loss: 2.486341  SIA Ef: 1.223600 Binding: 0.09 0.04 0.01 0.31 0.12 0.43 0.16 0.51 0.02 0.05 0.22  Rvol: 0.66 1.10 1.55 -0.33 -0.34 -0.11 0.16 0.14 0.80 1.28 1.71 -0.28 -0.21 0.02 0.27 
Loss: 1.721076  SIA Ef: 0.984871 Binding: 0.06 0.02 -0.34 0.21 0.15 0.40 0.06 0.30 -0.00 -0.05 -0.02  Rvol: 0.65 1.07 1.52 -0.33 -0.36 -0.12 0.17 0.14 0.79 1.27 1.67 -0.28 -0.22 0.00 0.26 
Loss: 1.600214  SIA Ef: 0.995595 Binding: 0.07 -0.12 -0.05 0.23 -0.02 0.32 -0.06 0.22 -0.09 -0.16 -0.10  Rvol: 0.66 1.08 1.54 -0.33 -0.36 -0.13 0.13 0.14 0.80 1.27 1.70 -0.28 -0.23 -0.01 0.24 
Loss: 1.605536  SIA Ef: 0.998072 Binding: 0.07 -0.12 -0.04 0.23 -0.02 0.32 -0.06 0.22 -0.09 -0.16 -0.10  Rvol: 0.66 1.08 1.54 -0.33 -0.36 -0.13 0.13 0.14 0.80 1.27 1.70 -0.28 -0.23 -0.01 0.24 
Loss: 1.742965  SIA Ef: 1.040858 Binding: 0.12 -0.03 -0.00 0.29 0.09 0.30 -0.10 0.18 -0.11 -0.20 -0.16  Rvol: 0.66 1.09 1.55 -0.33 -0.36 -0.13 0.13 0.14 0.80 1.27 1.70 -0.28 -0.23 -0.01 0.25 
Loss: 1.584139  SIA Ef: 0.988597 Binding: 0.06 -0.12 -0.05 0.23 -0.02 0.32 -0.06 0.22 -0.09 -0.16 -0.10  Rvol: 0.66 1.08 1.54 -0.33 -0.36 -0.14 0.13 0.14 0.80 1.27 1.69 -0.28 -0.23 -0.01 0.24 
Loss: 0.969881  SIA Ef: 0.613987 Binding: 0.03 -0.07 -0.28 0.18 0.06 0.34 -0.05 0.17 -0.06 -0.16 -0.17  Rvol: 0.63 1.05 1.48 -0.33 -0.36 -0.14 0.13 0.14 0.78 1.24 1.63 -0.28 -0.23 -0.02 0.23 
Loss: 0.960633  SIA Ef: 0.606401 Binding: 0.03 -0.07 -0.28 0.18 0.06 0.34 -0.05 0.17 -0.06 -0.16 -0.17  Rvol: 0.63 1.05 1.48 -0.33 -0.36 -0.14 0.13 0.14 0.78 1.24 1.63 -0.28 -0.23 -0.02 0.23 
Loss: 1.108554  SIA Ef: -0.230154 Binding: -0.05 0.13 -0.79 0.07 0.13 0.40 -0.01 -0.03 0.02 -0.15 -0.21  Rvol: 0.59 0.97 1.38 -0.33 -0.37 -0.15 0.10 0.14 0.74 1.16 1.50 -0.28 -0.23 -0.03 0.19 
Loss: 1.008981  SIA Ef: 0.644766 Binding: 0.03 -0.01 -0.22 0.21 0.12 0.33 -0.07 0.12 -0.08 -0.19 -0.23  Rvol: 0.63 1.05 1.48 -0.33 -0.36 -0.13 0.14 0.14 0.78 1.24 1.64 -0.28 -0.22 -0.01 0.23 
Loss: 0.802646  SIA Ef: 0.485551 Binding: 0.08 -0.08 0.04 0.27 0.04 0.31 -0.08 0.22 -0.10 -0.17 -0.11  Rvol: 0.64 1.05 1.48 -0.33 -0.37 -0.16 0.09 0.14 0.78 1.22 1.63 -0.28 -0.24 -0.03 0.20 
Loss: 0.794495  SIA Ef: 0.443835 Binding: 0.07 -0.12 0.11 0.27 0.02 0.31 -0.03 0.26 -0.11 -0.17 -0.11  Rvol: 0.64 1.05 1.48 -0.33 -0.37 -0.17 0.08 0.14 0.78 1.22 1.63 -0.28 -0.24 -0.04 0.20 
Loss: 0.877278  SIA Ef: 0.482499 Binding: 0.08 -0.13 0.16 0.28 0.03 0.31 -0.03 0.27 -0.11 -0.17 -0.12  Rvol: 0.64 1.05 1.49 -0.33 -0.37 -0.17 0.08 0.14 0.78 1.22 1.64 -0.28 -0.24 -0.04 0.19 
Loss: 0.749436  SIA Ef: 0.435456 Binding: 0.06 -0.13 0.00 0.23 -0.02 0.32 -0.07 0.25 -0.09 -0.16 -0.09  Rvol: 0.63 1.05 1.48 -0.33 -0.37 -0.16 0.08 0.14 0.78 1.22 1.63 -0.28 -0.24 -0.04 0.20 
Loss: 0.717301  SIA Ef: 0.417775 Binding: 0.07 -0.08 -0.15 0.22 -0.01 0.32 -0.09 0.20 -0.09 -0.17 -0.09  Rvol: 0.63 1.04 1.47 -0.33 -0.38 -0.16 0.08 0.14 0.77 1.22 1.62 -0.28 -0.24 -0.03 0.20 
Loss: 0.715279  SIA Ef: 0.416390 Binding: 0.07 -0.08 -0.15 0.22 -0.01 0.32 -0.08 0.20 -0.09 -0.17 -0.08  Rvol: 0.63 1.04 1.47 -0.33 -0.38 -0.16 0.08 0.14 0.77 1.22 1.62 -0.28 -0.24 -0.03 0.20 
Loss: 0.723074  SIA Ef: 0.402209 Binding: 0.07 -0.02 -0.18 0.23 0.02 0.36 -0.02 0.26 -0.06 -0.12 0.01  Rvol: 0.63 1.04 1.46 -0.33 -0.37 -0.16 0.09 0.14 0.77 1.22 1.61 -0.28 -0.23 -0.03 0.20 
Loss: 0.989730  SIA Ef: 0.629418 Binding: 0.09 -0.11 -0.02 0.25 0.02 0.31 -0.09 0.24 -0.10 -0.17 -0.11  Rvol: 0.64 1.06 1.50 -0.33 -0.37 -0.16 0.09 0.14 0.78 1.24 1.65 -0.28 -0.24 -0.03 0.21 
Loss: 0.628610  SIA Ef: -0.015680 Binding: 0.03 0.01 -0.43 0.15 0.09 0.35 -0.07 0.10 -0.05 -0.16 -0.19  Rvol: 0.61 1.00 1.42 -0.33 -0.38 -0.17 0.09 0.14 0.76 1.19 1.56 -0.28 -0.24 -0.04 0.18 
Loss: 0.803106  SIA Ef: -0.199892 Binding: 0.02 0.02 -0.59 0.11 0.08 0.37 -0.06 0.06 -0.03 -0.16 -0.19  Rvol: 0.60 0.99 1.40 -0.33 -0.39 -0.18 0.08 0.14 0.75 1.17 1.53 -0.28 -0.24 -0.05 0.17 
Loss: 0.628235  SIA Ef: -0.015795 Binding: 0.03 0.02 -0.43 0.15 0.10 0.35 -0.07 0.09 -0.05 -0.17 -0.19  Rvol: 0.61 1.00 1.42 -0.33 -0.38 -0.17 0.09 0.14 0.76 1.19 1.55 -0.28 -0.24 -0.04 0.18 
Loss: 0.662816  SIA Ef: -0.047654 Binding: 0.03 0.08 -0.41 0.18 0.16 0.34 -0.09 0.03 -0.06 -0.20 -0.25  Rvol: 0.60 1.00 1.41 -0.33 -0.37 -0.16 0.09 0.14 0.75 1.18 1.55 -0.28 -0.24 -0.04 0.18 
Loss: 0.613740  SIA Ef: -0.024576 Binding: 0.02 0.01 -0.41 0.15 0.09 0.35 -0.07 0.10 -0.05 -0.17 -0.19  Rvol: 0.61 1.00 1.42 -0.33 -0.38 -0.17 0.09 0.14 0.75 1.19 1.55 -0.28 -0.24 -0.04 0.18 
Loss: 0.877226  SIA Ef: -0.083702 Binding: -0.01 0.04 -0.67 0.08 0.08 0.38 -0.05 0.03 -0.01 -0.16 -0.19  Rvol: 0.60 0.99 1.41 -0.33 -0.38 -0.16 0.10 0.14 0.75 1.18 1.53 -0.28 -0.24 -0.04 0.19 
Loss: 0.607215  SIA Ef: -0.086439 Binding: 0.02 0.00 -0.40 0.15 0.09 0.35 -0.07 0.11 -0.05 -0.17 -0.19  Rvol: 0.61 1.00 1.41 -0.33 -0.38 -0.17 0.08 0.14 0.75 1.18 1.55 -0.28 -0.24 -0.05 0.17 
Loss: 0.578746  SIA Ef: -0.135593 Binding: 0.04 -0.02 -0.31 0.18 0.11 0.34 -0.07 0.16 -0.07 -0.17 -0.19  Rvol: 0.60 1.00 1.40 -0.33 -0.38 -0.18 0.07 0.14 0.75 1.17 1.54 -0.28 -0.24 -0.05 0.17 
Loss: 0.572542  SIA Ef: -0.131011 Binding: 0.03 -0.04 -0.30 0.18 0.09 0.34 -0.08 0.14 -0.08 -0.18 -0.21  Rvol: 0.61 1.00 1.40 -0.33 -0.38 -0.18 0.07 0.14 0.75 1.18 1.55 -0.28 -0.24 -0.05 0.16 
Loss: 0.541455  SIA Ef: -0.147980 Binding: 0.03 -0.06 -0.23 0.19 0.08 0.34 -0.07 0.17 -0.07 -0.17 -0.19  Rvol: 0.61 1.00 1.40 -0.33 -0.38 -0.18 0.06 0.14 0.75 1.17 1.55 -0.28 -0.24 -0.06 0.16 
Loss: 0.540995  SIA Ef: -0.147763 Binding: 0.03 -0.05 -0.23 0.19 0.09 0.34 -0.07 0.18 -0.07 -0.17 -0.18  Rvol: 0.61 1.00 1.40 -0.33 -0.38 -0.18 0.06 0.14 0.75 1.17 1.55 -0.28 -0.24 -0.06 0.16 
Loss: 0.544624  SIA Ef: -0.195357 Binding: 0.04 -0.07 -0.18 0.20 0.08 0.34 -0.08 0.19 -0.08 -0.17 -0.18  Rvol: 0.61 1.00 1.40 -0.33 -0.38 -0.19 0.05 0.14 0.75 1.17 1.54 -0.28 -0.25 -0.06 0.16 
Loss: 0.592534  SIA Ef: -0.250360 Binding: 0.02 -0.01 -0.31 0.17 0.09 0.35 -0.06 0.12 -0.06 -0.17 -0.18  Rvol: 0.60 0.99 1.39 -0.33 -0.38 -0.18 0.06 0.14 0.75 1.16 1.53 -0.28 -0.25 -0.06 0.16 
Loss: 0.501440  SIA Ef: 0.027743 Binding: 0.05 -0.08 -0.04 0.24 -0.00 0.32 -0.08 0.22 -0.09 -0.17 -0.09  Rvol: 0.62 1.02 1.43 -0.33 -0.38 -0.18 0.05 0.14 0.76 1.19 1.58 -0.28 -0.24 -0.05 0.17 
Loss: 0.558497  SIA Ef: 0.081675 Binding: 0.07 -0.11 0.10 0.27 0.02 0.31 -0.03 0.25 -0.10 -0.17 -0.10  Rvol: 0.62 1.02 1.44 -0.33 -0.38 -0.18 0.05 0.14 0.76 1.19 1.59 -0.28 -0.25 -0.05 0.17 
Loss: 0.500400  SIA Ef: 0.027507 Binding: 0.05 -0.08 -0.04 0.24 -0.00 0.32 -0.08 0.22 -0.09 -0.17 -0.09  Rvol: 0.62 1.02 1.43 -0.33 -0.38 -0.18 0.05 0.14 0.76 1.19 1.57 -0.28 -0.24 -0.05 0.17 
Loss: 0.510024  SIA Ef: 0.044626 Binding: 0.06 -0.06 0.02 0.26 0.03 0.31 -0.09 0.19 -0.11 -0.19 -0.12  Rvol: 0.62 1.02 1.43 -0.33 -0.37 -0.18 0.06 0.14 0.76 1.19 1.58 -0.28 -0.24 -0.05 0.17 
Loss: 0.499617  SIA Ef: 0.013261 Binding: 0.05 -0.08 -0.04 0.24 -0.00 0.32 -0.08 0.22 -0.09 -0.17 -0.09  Rvol: 0.62 1.02 1.42 -0.33 -0.38 -0.18 0.05 0.14 0.76 1.18 1.57 -0.28 -0.24 -0.05 0.17 
Loss: 0.513683  SIA Ef: 0.056983 Binding: 0.06 -0.08 -0.01 0.25 0.01 0.32 -0.08 0.22 -0.10 -0.18 -0.10  Rvol: 0.62 1.02 1.43 -0.33 -0.38 -0.18 0.05 0.14 0.76 1.19 1.58 -0.28 -0.24 -0.05 0.17 
Loss: 0.516488  SIA Ef: 0.076664 Binding: 0.06 -0.10 -0.03 0.24 -0.01 0.32 -0.08 0.22 -0.10 -0.17 -0.09  Rvol: 0.62 1.02 1.43 -0.33 -0.38 -0.18 0.05 0.14 0.76 1.19 1.58 -0.28 -0.24 -0.05 0.17 
Loss: 0.488475  SIA Ef: -0.010127 Binding: 0.05 -0.09 -0.07 0.23 -0.02 0.33 -0.08 0.21 -0.09 -0.17 -0.08  Rvol: 0.61 1.01 1.42 -0.33 -0.38 -0.18 0.05 0.14 0.76 1.18 1.57 -0.28 -0.24 -0.05 0.17 
Loss: 0.488869  SIA Ef: -0.008762 Binding: 0.05 -0.07 -0.07 0.23 -0.01 0.33 -0.07 0.22 -0.08 -0.16 -0.06  Rvol: 0.61 1.01 1.42 -0.33 -0.38 -0.18 0.05 0.14 0.76 1.18 1.57 -0.28 -0.24 -0.05 0.17 
Loss: 0.487011  SIA Ef: 0.001964 Binding: 0.04 -0.08 -0.08 0.22 -0.02 0.33 -0.08 0.20 -0.09 -0.17 -0.08  Rvol: 0.61 1.01 1.42 -0.33 -0.38 -0.18 0.05 0.14 0.76 1.18 1.57 -0.28 -0.24 -0.05 0.17 
Loss: 0.493595  SIA Ef: 0.025464 Binding: 0.05 -0.08 -0.07 0.23 -0.01 0.32 -0.09 0.20 -0.09 -0.18 -0.09  Rvol: 0.62 1.02 1.42 -0.33 -0.38 -0.18 0.05 0.14 0.76 1.19 1.57 -0.28 -0.24 -0.05 0.17 
Loss: 0.486843  SIA Ef: 0.001766 Binding: 0.04 -0.08 -0.08 0.22 -0.02 0.33 -0.08 0.21 -0.09 -0.17 -0.08  Rvol: 0.61 1.01 1.42 -0.33 -0.38 -0.18 0.05 0.14 0.76 1.18 1.57 -0.28 -0.24 -0.05 0.17 
Loss: 0.493125  SIA Ef: 0.000625 Binding: 0.05 -0.09 -0.03 0.23 -0.01 0.33 -0.08 0.22 -0.09 -0.17 -0.08  Rvol: 0.62 1.01 1.42 -0.33 -0.38 -0.18 0.05 0.14 0.76 1.18 1.57 -0.28 -0.24 -0.05 0.17 
Loss: 0.486225  SIA Ef: -0.012145 Binding: 0.04 -0.09 -0.11 0.21 -0.03 0.33 -0.07 0.21 -0.08 -0.17 -0.07  Rvol: 0.61 1.01 1.42 -0.33 -0.38 -0.18 0.05 0.14 0.76 1.18 1.57 -0.28 -0.24 -0.05 0.17 
Loss: 0.520205  SIA Ef: -0.109742 Binding: 0.03 -0.07 -0.18 0.20 0.08 0.34 -0.07 0.19 -0.08 -0.17 -0.18  Rvol: 0.61 1.00 1.40 -0.33 -0.38 -0.18 0.06 0.14 0.75 1.17 1.55 -0.28 -0.24 -0.05 0.16 
Loss: 0.485215  SIA Ef: -0.014231 Binding: 0.04 -0.08 -0.10 0.22 -0.03 0.33 -0.08 0.21 -0.09 -0.17 -0.07  Rvol: 0.61 1.01 1.42 -0.33 -0.38 -0.18 0.05 0.14 0.76 1.18 1.57 -0.28 -0.24 -0.05 0.17 
Loss: 0.505889  SIA Ef: 0.073198 Binding: 0.05 -0.10 -0.06 0.22 -0.02 0.33 -0.08 0.22 -0.09 -0.17 -0.08  Rvol: 0.62 1.02 1.43 -0.33 -0.38 -0.18 0.06 0.14 0.76 1.19 1.58 -0.28 -0.24 -0.05 0.17 
Loss: 0.485417  SIA Ef: -0.020076 Binding: 0.04 -0.08 -0.10 0.22 -0.03 0.33 -0.08 0.21 -0.09 -0.17 -0.07  Rvol: 0.61 1.01 1.42 -0.33 -0.38 -0.18 0.05 0.14 0.76 1.18 1.57 -0.28 -0.24 -0.05 0.17 
Loss: 0.491712  SIA Ef: 0.013416 Binding: 0.05 -0.08 -0.08 0.23 -0.02 0.33 -0.08 0.20 -0.09 -0.18 -0.08  Rvol: 0.62 1.01 1.42 -0.33 -0.38 -0.18 0.05 0.14 0.76 1.18 1.57 -0.28 -0.24 -0.05 0.17 
Loss: 0.487919  SIA Ef: -0.009292 Binding: 0.04 -0.09 -0.10 0.22 -0.03 0.33 -0.07 0.21 -0.08 -0.17 -0.07  Rvol: 0.61 1.01 1.42 -0.33 -0.38 -0.18 0.05 0.14 0.76 1.18 1.57 -0.28 -0.24 -0.05 0.17 
Loss: 0.487184  SIA Ef: -0.004770 Binding: 0.05 -0.07 -0.06 0.23 -0.01 0.33 -0.08 0.20 -0.09 -0.17 -0.08  Rvol: 0.61 1.01 1.42 -0.33 -0.38 -0.18 0.05 0.14 0.76 1.18 1.57 -0.28 -0.24 -0.05 0.17 
Loss: 0.487013  SIA Ef: -0.014511 Binding: 0.04 -0.09 -0.07 0.22 -0.02 0.33 -0.08 0.21 -0.09 -0.17 -0.07  Rvol: 0.61 1.01 1.42 -0.33 -0.38 -0.18 0.05 0.14 0.76 1.18 1.57 -0.28 -0.24 -0.05 0.17 
Loss: 0.485395  SIA Ef: -0.014871 Binding: 0.04 -0.09 -0.10 0.22 -0.03 0.33 -0.08 0.20 -0.09 -0.17 -0.07  Rvol: 0.61 1.01 1.42 -0.33 -0.38 -0.18 0.05 0.14 0.76 1.18 1.57 -0.28 -0.24 -0.05 0.17 
Loss: 0.482961  SIA Ef: -0.063900 Binding: 0.04 -0.07 -0.14 0.21 -0.03 0.33 -0.07 0.20 -0.08 -0.17 -0.07  Rvol: 0.61 1.01 1.41 -0.33 -0.38 -0.18 0.05 0.14 0.76 1.18 1.56 -0.28 -0.24 -0.05 0.17 
Loss: 0.513412  SIA Ef: -0.076763 Binding: 0.03 -0.07 -0.17 0.20 0.08 0.34 -0.07 0.19 -0.08 -0.17 -0.17  Rvol: 0.61 1.01 1.41 -0.33 -0.38 -0.18 0.06 0.14 0.75 1.18 1.56 -0.28 -0.24 -0.05 0.17 
Loss: 0.482705  SIA Ef: -0.055595 Binding: 0.04 -0.07 -0.14 0.21 -0.03 0.33 -0.07 0.19 -0.08 -0.17 -0.07  Rvol: 0.61 1.01 1.41 -0.33 -0.38 -0.18 0.05 0.14 0.76 1.18 1.56 -0.28 -0.24 -0.05 0.17 
Loss: 0.483374  SIA Ef: -0.064235 Binding: 0.04 -0.07 -0.14 0.21 -0.03 0.33 -0.08 0.19 -0.08 -0.17 -0.07  Rvol: 0.61 1.01 1.41 -0.33 -0.38 -0.18 0.05 0.14 0.76 1.18 1.56 -0.28 -0.24 -0.05 0.16 
Loss: 0.482510  SIA Ef: -0.055312 Binding: 0.04 -0.07 -0.14 0.21 -0.03 0.33 -0.07 0.20 -0.08 -0.17 -0.07  Rvol: 0.61 1.01 1.41 -0.33 -0.38 -0.18 0.05 0.14 0.76 1.18 1.56 -0.28 -0.24 -0.05 0.17 
Loss: 0.480667  SIA Ef: -0.055349 Binding: 0.04 -0.06 -0.13 0.22 -0.02 0.33 -0.08 0.19 -0.08 -0.17 -0.07  Rvol: 0.61 1.01 1.41 -0.33 -0.38 -0.18 0.05 0.14 0.76 1.18 1.56 -0.28 -0.24 -0.05 0.17 
Loss: 0.480264  SIA Ef: -0.058862 Binding: 0.04 -0.06 -0.12 0.22 -0.02 0.33 -0.08 0.19 -0.08 -0.17 -0.07  Rvol: 0.61 1.01 1.41 -0.33 -0.38 -0.18 0.05 0.14 0.76 1.18 1.56 -0.28 -0.24 -0.05 0.17 
Loss: 0.480097  SIA Ef: -0.022423 Binding: 0.04 -0.06 -0.11 0.22 -0.02 0.33 -0.08 0.19 -0.09 -0.17 -0.08  Rvol: 0.61 1.01 1.42 -0.33 -0.38 -0.18 0.05 0.14 0.76 1.18 1.56 -0.28 -0.24 -0.05 0.17 
Loss: 0.480740  SIA Ef: -0.023486 Binding: 0.04 -0.07 -0.12 0.22 -0.02 0.33 -0.08 0.19 -0.09 -0.17 -0.07  Rvol: 0.61 1.01 1.42 -0.33 -0.38 -0.18 0.05 0.14 0.76 1.18 1.56 -0.28 -0.24 -0.05 0.17 
Loss: 0.480210  SIA Ef: -0.021429 Binding: 0.04 -0.06 -0.12 0.22 -0.02 0.33 -0.08 0.19 -0.09 -0.17 -0.07  Rvol: 0.61 1.01 1.42 -0.33 -0.38 -0.18 0.05 0.14 0.76 1.18 1.56 -0.28 -0.24 -0.05 0.17 
Loss: 0.478153  SIA Ef: -0.034154 Binding: 0.04 -0.06 -0.12 0.22 -0.02 0.33 -0.08 0.19 -0.09 -0.18 -0.07  Rvol: 0.61 1.01 1.41 -0.33 -0.38 -0.18 0.05 0.14 0.76 1.18 1.56 -0.28 -0.24 -0.05 0.17 
Loss: 0.477280  SIA Ef: -0.044362 Binding: 0.04 -0.05 -0.12 0.22 -0.02 0.33 -0.08 0.19 -0.09 -0.18 -0.08  Rvol: 0.61 1.01 1.41 -0.33 -0.38 -0.18 0.05 0.14 0.76 1.18 1.56 -0.28 -0.24 -0.05 0.17 
Loss: 0.476717  SIA Ef: -0.051321 Binding: 0.04 -0.05 -0.12 0.22 -0.01 0.33 -0.08 0.19 -0.09 -0.18 -0.08  Rvol: 0.61 1.01 1.41 -0.33 -0.38 -0.18 0.05 0.14 0.76 1.18 1.56 -0.28 -0.24 -0.05 0.17 
Loss: 0.513190  SIA Ef: -0.056772 Binding: 0.04 -0.05 -0.13 0.22 0.10 0.33 -0.08 0.18 -0.08 -0.18 -0.19  Rvol: 0.61 1.01 1.41 -0.33 -0.38 -0.18 0.06 0.14 0.75 1.18 1.56 -0.28 -0.24 -0.05 0.17 
Loss: 0.476609  SIA Ef: -0.048669 Binding: 0.04 -0.05 -0.12 0.22 -0.01 0.33 -0.08 0.19 -0.09 -0.18 -0.08  Rvol: 0.61 1.01 1.41 -0.33 -0.38 -0.18 0.05 0.14 0.76 1.18 1.56 -0.28 -0.24 -0.05 0.17 
Loss: 0.476375  SIA Ef: -0.041669 Binding: 0.04 -0.05 -0.11 0.23 -0.01 0.33 -0.08 0.19 -0.09 -0.17 -0.07  Rvol: 0.61 1.01 1.41 -0.33 -0.38 -0.18 0.05 0.14 0.76 1.18 1.56 -0.28 -0.24 -0.05 0.17 
Loss: 0.476338  SIA Ef: -0.037239 Binding: 0.04 -0.05 -0.11 0.23 -0.01 0.33 -0.08 0.19 -0.09 -0.17 -0.07  Rvol: 0.61 1.01 1.41 -0.33 -0.38 -0.18 0.05 0.14 0.76 1.18 1.56 -0.28 -0.24 -0.05 0.17 
Loss: 0.477506  SIA Ef: -0.029517 Binding: 0.04 -0.06 -0.09 0.23 -0.01 0.33 -0.08 0.19 -0.09 -0.17 -0.08  Rvol: 0.61 1.01 1.41 -0.33 -0.38 -0.18 0.05 0.14 0.76 1.18 1.56 -0.28 -0.24 -0.05 0.17 
Loss: 0.476439  SIA Ef: -0.036307 Binding: 0.04 -0.05 -0.11 0.23 -0.01 0.33 -0.08 0.19 -0.09 -0.17 -0.07  Rvol: 0.61 1.01 1.41 -0.33 -0.38 -0.18 0.05 0.14 0.76 1.18 1.56 -0.28 -0.24 -0.05 0.17 
Loss: 0.476257  SIA Ef: -0.038545 Binding: 0.04 -0.05 -0.11 0.23 -0.01 0.33 -0.08 0.19 -0.08 -0.17 -0.07  Rvol: 0.61 1.01 1.41 -0.33 -0.38 -0.17 0.06 0.14 0.76 1.18 1.56 -0.28 -0.24 -0.05 0.17 
Loss: 0.476102  SIA Ef: -0.040151 Binding: 0.04 -0.05 -0.11 0.23 -0.01 0.33 -0.08 0.19 -0.08 -0.17 -0.07  Rvol: 0.61 1.01 1.41 -0.33 -0.38 -0.17 0.06 0.14 0.76 1.18 1.56 -0.28 -0.24 -0.05 0.17 
Loss: 0.510997  SIA Ef: -0.046848 Binding: 0.04 -0.05 -0.13 0.22 0.10 0.33 -0.07 0.19 -0.08 -0.17 -0.18  Rvol: 0.61 1.01 1.41 -0.33 -0.38 -0.17 0.07 0.14 0.76 1.18 1.56 -0.28 -0.24 -0.05 0.17 
Loss: 0.510588  SIA Ef: -0.050310 Binding: 0.04 -0.05 -0.12 0.23 0.10 0.33 -0.07 0.19 -0.08 -0.17 -0.18  Rvol: 0.61 1.01 1.41 -0.33 -0.38 -0.17 0.06 0.14 0.76 1.18 1.56 -0.28 -0.24 -0.05 0.17 
Loss: 0.477436  SIA Ef: -0.021884 Binding: 0.04 -0.05 -0.10 0.23 -0.01 0.33 -0.08 0.19 -0.09 -0.17 -0.07  Rvol: 0.61 1.01 1.41 -0.33 -0.38 -0.17 0.06 0.14 0.76 1.18 1.56 -0.28 -0.24 -0.05 0.17 
Loss: 0.476003  SIA Ef: -0.046215 Binding: 0.04 -0.05 -0.11 0.23 -0.01 0.33 -0.07 0.19 -0.08 -0.17 -0.07  Rvol: 0.61 1.01 1.41 -0.33 -0.38 -0.18 0.05 0.14 0.76 1.18 1.56 -0.28 -0.24 -0.05 0.17 
Loss: 0.475847  SIA Ef: -0.051680 Binding: 0.04 -0.05 -0.11 0.23 -0.01 0.33 -0.08 0.19 -0.08 -0.17 -0.07  Rvol: 0.61 1.01 1.41 -0.33 -0.38 -0.18 0.05 0.14 0.76 1.18 1.56 -0.28 -0.24 -0.05 0.17 
Loss: 0.475841  SIA Ef: -0.048385 Binding: 0.04 -0.05 -0.11 0.23 -0.01 0.33 -0.07 0.19 -0.08 -0.17 -0.07  Rvol: 0.61 1.01 1.41 -0.33 -0.38 -0.18 0.05 0.14 0.76 1.18 1.56 -0.28 -0.24 -0.05 0.17 
Loss: 0.476249  SIA Ef: -0.041727 Binding: 0.05 -0.05 -0.09 0.23 -0.00 0.33 -0.08 0.19 -0.09 -0.17 -0.08  Rvol: 0.61 1.01 1.41 -0.33 -0.38 -0.18 0.05 0.14 0.76 1.18 1.56 -0.28 -0.24 -0.05 0.17 
Loss: 0.511068  SIA Ef: -0.068111 Binding: 0.04 -0.04 -0.12 0.23 0.10 0.33 -0.07 0.19 -0.08 -0.17 -0.18  Rvol: 0.61 1.01 1.41 -0.33 -0.38 -0.18 0.06 0.14 0.75 1.18 1.56 -0.28 -0.24 -0.05 0.17 
Loss: 0.476636  SIA Ef: -0.039347 Binding: 0.04 -0.05 -0.10 0.23 -0.00 0.33 -0.08 0.19 -0.09 -0.17 -0.07  Rvol: 0.61 1.01 1.41 -0.33 -0.38 -0.18 0.05 0.14 0.76 1.18 1.56 -0.28 -0.24 -0.05 0.17 
Loss: 0.476057  SIA Ef: -0.045980 Binding: 0.04 -0.05 -0.10 0.23 -0.00 0.33 -0.07 0.19 -0.08 -0.17 -0.07  Rvol: 0.61 1.01 1.41 -0.33 -0.38 -0.18 0.05 0.14 0.76 1.18 1.56 -0.28 -0.24 -0.05 0.17 
Loss: 0.475660  SIA Ef: -0.047310 Binding: 0.04 -0.05 -0.10 0.23 -0.00 0.33 -0.08 0.19 -0.09 -0.17 -0.07  Rvol: 0.61 1.01 1.41 -0.33 -0.38 -0.18 0.05 0.14 0.76 1.18 1.56 -0.28 -0.24 -0.05 0.17 
Loss: 0.475631  SIA Ef: -0.045068 Binding: 0.04 -0.05 -0.10 0.23 -0.01 0.33 -0.08 0.19 -0.09 -0.17 -0.07  Rvol: 0.61 1.01 1.41 -0.33 -0.38 -0.18 0.05 0.14 0.76 1.18 1.56 -0.28 -0.24 -0.05 0.17 
Loss: 0.475709  SIA Ef: -0.045824 Binding: 0.04 -0.05 -0.10 0.23 -0.00 0.33 -0.08 0.19 -0.09 -0.17 -0.07  Rvol: 0.61 1.01 1.41 -0.33 -0.38 -0.18 0.05 0.14 0.76 1.18 1.56 -0.28 -0.24 -0.05 0.17 
Loss: 0.475809  SIA Ef: -0.044956 Binding: 0.04 -0.05 -0.10 0.23 -0.01 0.33 -0.08 0.19 -0.09 -0.17 -0.07  Rvol: 0.61 1.01 1.41 -0.33 -0.38 -0.18 0.05 0.14 0.76 1.18 1.56 -0.28 -0.24 -0.05 0.17 
Loss: 0.475863  SIA Ef: -0.043410 Binding: 0.04 -0.05 -0.10 0.23 -0.00 0.33 -0.08 0.19 -0.09 -0.17 -0.07  Rvol: 0.61 1.01 1.41 -0.33 -0.38 -0.18 0.05 0.14 0.76 1.18 1.56 -0.28 -0.24 -0.05 0.17 
Loss: 0.475683  SIA Ef: -0.042018 Binding: 0.04 -0.05 -0.10 0.23 -0.01 0.33 -0.08 0.19 -0.09 -0.17 -0.07  Rvol: 0.61 1.01 1.41 -0.33 -0.38 -0.18 0.05 0.14 0.76 1.18 1.56 -0.28 -0.24 -0.05 0.17 
Loss: 0.475407  SIA Ef: -0.054860 Binding: 0.04 -0.05 -0.11 0.23 -0.01 0.33 -0.08 0.19 -0.08 -0.17 -0.07  Rvol: 0.61 1.01 1.41 -0.33 -0.38 -0.18 0.05 0.14 0.75 1.18 1.56 -0.28 -0.24 -0.05 0.17 
Loss: 0.510891  SIA Ef: -0.055733 Binding: 0.04 -0.05 -0.11 0.23 0.10 0.33 -0.08 0.19 -0.08 -0.17 -0.18  Rvol: 0.61 1.01 1.41 -0.33 -0.38 -0.18 0.06 0.14 0.75 1.18 1.56 -0.28 -0.24 -0.05 0.17 
Loss: 0.475567  SIA Ef: -0.055777 Binding: 0.04 -0.05 -0.11 0.23 -0.01 0.33 -0.08 0.19 -0.08 -0.17 -0.07  Rvol: 0.61 1.01 1.41 -0.33 -0.38 -0.18 0.05 0.14 0.75 1.18 1.56 -0.28 -0.24 -0.05 0.17 
Loss: 0.474711  SIA Ef: -0.054663 Binding: 0.04 -0.04 -0.10 0.23 -0.00 0.33 -0.08 0.19 -0.08 -0.17 -0.07  Rvol: 0.61 1.01 1.41 -0.33 -0.38 -0.18 0.05 0.14 0.75 1.18 1.56 -0.28 -0.24 -0.05 0.17 
Loss: 0.474708  SIA Ef: -0.052995 Binding: 0.04 -0.04 -0.10 0.23 -0.00 0.33 -0.08 0.19 -0.08 -0.17 -0.07  Rvol: 0.61 1.01 1.41 -0.33 -0.38 -0.18 0.05 0.14 0.75 1.18 1.56 -0.28 -0.24 -0.05 0.17 
Loss: 0.475339  SIA Ef: -0.054094 Binding: 0.04 -0.04 -0.10 0.23 -0.00 0.33 -0.08 0.19 -0.08 -0.17 -0.07  Rvol: 0.61 1.01 1.41 -0.33 -0.38 -0.18 0.05 0.14 0.75 1.18 1.56 -0.28 -0.24 -0.05 0.17 
Loss: 0.475258  SIA Ef: -0.054912 Binding: 0.04 -0.04 -0.11 0.23 -0.01 0.33 -0.07 0.19 -0.08 -0.17 -0.07  Rvol: 0.61 1.01 1.41 -0.33 -0.38 -0.17 0.05 0.14 0.75 1.18 1.56 -0.28 -0.24 -0.05 0.17 
Loss: 0.475367  SIA Ef: -0.050986 Binding: 0.04 -0.04 -0.10 0.23 -0.00 0.33 -0.07 0.19 -0.09 -0.17 -0.07  Rvol: 0.61 1.01 1.41 -0.33 -0.38 -0.18 0.05 0.14 0.75 1.18 1.56 -0.28 -0.24 -0.05 0.17 
Loss: 0.474736  SIA Ef: -0.050952 Binding: 0.04 -0.04 -0.10 0.23 -0.00 0.33 -0.07 0.19 -0.08 -0.17 -0.07  Rvol: 0.61 1.01 1.41 -0.33 -0.38 -0.17 0.05 0.14 0.75 1.18 1.56 -0.28 -0.24 -0.05 0.17 
Loss: 0.474380  SIA Ef: -0.051855 Binding: 0.04 -0.04 -0.10 0.23 -0.00 0.33 -0.08 0.19 -0.09 -0.17 -0.07  Rvol: 0.61 1.01 1.41 -0.33 -0.38 -0.17 0.05 0.14 0.75 1.18 1.56 -0.28 -0.24 -0.05 0.17 
Loss: 0.474681  SIA Ef: -0.057889 Binding: 0.04 -0.04 -0.10 0.23 -0.00 0.33 -0.08 0.19 -0.09 -0.17 -0.08  Rvol: 0.61 1.01 1.41 -0.33 -0.38 -0.17 0.05 0.14 0.75 1.18 1.56 -0.28 -0.24 -0.05 0.17 
Loss: 0.474369  SIA Ef: -0.051579 Binding: 0.04 -0.04 -0.10 0.23 -0.00 0.33 -0.08 0.19 -0.09 -0.17 -0.07  Rvol: 0.61 1.01 1.41 -0.33 -0.38 -0.17 0.05 0.14 0.75 1.18 1.56 -0.28 -0.24 -0.05 0.17 
Loss: 0.474570  SIA Ef: -0.052070 Binding: 0.04 -0.05 -0.10 0.23 -0.00 0.33 -0.08 0.19 -0.09 -0.17 -0.07  Rvol: 0.61 1.01 1.41 -0.33 -0.38 -0.18 0.05 0.14 0.75 1.18 1.56 -0.28 -0.24 -0.05 0.17 
Loss: 0.474330  SIA Ef: -0.048004 Binding: 0.04 -0.05 -0.10 0.23 -0.00 0.33 -0.08 0.19 -0.09 -0.17 -0.07  Rvol: 0.61 1.01 1.41 -0.33 -0.38 -0.17 0.06 0.14 0.76 1.18 1.56 -0.28 -0.24 -0.05 0.17 
Loss: 0.475012  SIA Ef: -0.039825 Binding: 0.04 -0.05 -0.10 0.23 -0.00 0.33 -0.08 0.19 -0.09 -0.18 -0.07  Rvol: 0.61 1.01 1.41 -0.33 -0.38 -0.17 0.06 0.14 0.76 1.18 1.56 -0.28 -0.24 -0.05 0.17 
Loss: 0.474688  SIA Ef: -0.046595 Binding: 0.04 -0.05 -0.09 0.23 -0.00 0.33 -0.08 0.19 -0.09 -0.17 -0.07  Rvol: 0.61 1.01 1.41 -0.33 -0.38 -0.17 0.05 0.14 0.76 1.18 1.56 -0.28 -0.24 -0.05 0.17 
Loss: 0.473982  SIA Ef: -0.049010 Binding: 0.04 -0.04 -0.10 0.23 -0.00 0.33 -0.08 0.19 -0.09 -0.17 -0.07  Rvol: 0.61 1.01 1.41 -0.33 -0.38 -0.17 0.06 0.14 0.75 1.18 1.56 -0.28 -0.24 -0.05 0.17 
Loss: 0.473819  SIA Ef: -0.049765 Binding: 0.04 -0.04 -0.10 0.23 -0.00 0.33 -0.08 0.19 -0.09 -0.17 -0.07  Rvol: 0.61 1.01 1.41 -0.33 -0.38 -0.17 0.06 0.14 0.75 1.18 1.56 -0.28 -0.24 -0.05 0.17 
Loss: 0.474374  SIA Ef: -0.052351 Binding: 0.04 -0.04 -0.10 0.23 -0.00 0.33 -0.08 0.19 -0.09 -0.17 -0.08  Rvol: 0.61 1.01 1.41 -0.33 -0.38 -0.17 0.06 0.14 0.75 1.18 1.56 -0.28 -0.24 -0.05 0.17 
Loss: 0.474008  SIA Ef: -0.049395 Binding: 0.04 -0.04 -0.10 0.23 -0.00 0.33 -0.08 0.19 -0.08 -0.17 -0.07  Rvol: 0.61 1.01 1.41 -0.33 -0.38 -0.17 0.06 0.14 0.75 1.18 1.56 -0.28 -0.24 -0.05 0.17 
Loss: 0.474453  SIA Ef: -0.050803 Binding: 0.04 -0.04 -0.10 0.23 -0.00 0.33 -0.08 0.19 -0.09 -0.17 -0.08  Rvol: 0.61 1.01 1.41 -0.33 -0.38 -0.17 0.06 0.14 0.75 1.18 1.56 -0.28 -0.24 -0.05 0.17 
Loss: 0.474335  SIA Ef: -0.048177 Binding: 0.04 -0.04 -0.09 0.23 -0.00 0.33 -0.08 0.19 -0.09 -0.17 -0.07  Rvol: 0.61 1.01 1.41 -0.33 -0.38 -0.17 0.06 0.14 0.75 1.18 1.56 -0.28 -0.24 -0.05 0.17 
Loss: 0.473919  SIA Ef: -0.045336 Binding: 0.04 -0.04 -0.10 0.23 -0.00 0.33 -0.08 0.19 -0.09 -0.17 -0.07  Rvol: 0.61 1.01 1.41 -0.33 -0.38 -0.17 0.06 0.14 0.76 1.18 1.56 -0.28 -0.24 -0.05 0.17 
Loss: 0.473730  SIA Ef: -0.050493 Binding: 0.04 -0.04 -0.10 0.23 -0.00 0.33 -0.08 0.19 -0.09 -0.17 -0.07  Rvol: 0.61 1.01 1.41 -0.33 -0.38 -0.17 0.06 0.14 0.75 1.18 1.56 -0.28 -0.24 -0.05 0.17 
Loss: 0.474180  SIA Ef: -0.052938 Binding: 0.04 -0.04 -0.10 0.23 -0.00 0.33 -0.08 0.19 -0.09 -0.17 -0.08  Rvol: 0.61 1.01 1.41 -0.33 -0.38 -0.17 0.06 0.14 0.75 1.18 1.56 -0.28 -0.24 -0.05 0.17 
Loss: 0.473727  SIA Ef: -0.050292 Binding: 0.04 -0.04 -0.10 0.23 -0.00 0.33 -0.08 0.19 -0.09 -0.17 -0.07  Rvol: 0.61 1.01 1.41 -0.33 -0.38 -0.17 0.06 0.14 0.75 1.18 1.56 -0.28 -0.24 -0.05 0.17 
Loss: 0.473920  SIA Ef: -0.046365 Binding: 0.04 -0.04 -0.10 0.23 -0.00 0.33 -0.08 0.19 -0.09 -0.17 -0.07  Rvol: 0.61 1.01 1.41 -0.33 -0.38 -0.17 0.06 0.14 0.76 1.18 1.56 -0.28 -0.24 -0.05 0.17 
Loss: 0.473849  SIA Ef: -0.050590 Binding: 0.04 -0.04 -0.10 0.23 -0.00 0.33 -0.08 0.19 -0.09 -0.17 -0.07  Rvol: 0.61 1.01 1.41 -0.33 -0.38 -0.17 0.06 0.14 0.75 1.18 1.56 -0.28 -0.24 -0.05 0.17 
Loss: 0.474133  SIA Ef: -0.051126 Binding: 0.04 -0.04 -0.10 0.23 -0.00 0.33 -0.08 0.19 -0.09 -0.17 -0.08  Rvol: 0.61 1.01 1.41 -0.33 -0.38 -0.17 0.06 0.14 0.75 1.18 1.56 -0.28 -0.24 -0.05 0.17 
Loss: 0.473699  SIA Ef: -0.050515 Binding: 0.04 -0.04 -0.10 0.23 -0.00 0.33 -0.08 0.19 -0.09 -0.17 -0.07  Rvol: 0.61 1.01 1.41 -0.33 -0.38 -0.17 0.06 0.14 0.75 1.18 1.56 -0.28 -0.24 -0.05 0.17 
Loss: 0.473939  SIA Ef: -0.049404 Binding: 0.04 -0.04 -0.10 0.23 -0.00 0.33 -0.08 0.19 -0.09 -0.17 -0.07  Rvol: 0.61 1.01 1.41 -0.33 -0.38 -0.17 0.06 0.14 0.75 1.18 1.56 -0.28 -0.24 -0.05 0.17 
Loss: 0.474307  SIA Ef: -0.050453 Binding: 0.04 -0.04 -0.10 0.23 -0.00 0.33 -0.08 0.19 -0.09 -0.17 -0.08  Rvol: 0.61 1.01 1.41 -0.33 -0.38 -0.17 0.06 0.14 0.75 1.18 1.56 -0.28 -0.24 -0.05 0.17 
Loss: 0.474438  SIA Ef: -0.050200 Binding: 0.04 -0.04 -0.10 0.23 -0.00 0.33 -0.08 0.19 -0.09 -0.17 -0.08  Rvol: 0.61 1.01 1.41 -0.33 -0.38 -0.17 0.06 0.14 0.75 1.18 1.56 -0.28 -0.24 -0.05 0.17 
Loss: 0.473671  SIA Ef: -0.051253 Binding: 0.04 -0.04 -0.10 0.23 -0.00 0.33 -0.08 0.19 -0.09 -0.17 -0.07  Rvol: 0.61 1.01 1.41 -0.33 -0.38 -0.17 0.06 0.14 0.75 1.18 1.56 -0.28 -0.24 -0.05 0.17 
Loss: 0.474289  SIA Ef: -0.052458 Binding: 0.04 -0.04 -0.10 0.23 -0.00 0.33 -0.08 0.19 -0.09 -0.17 -0.08  Rvol: 0.61 1.01 1.41 -0.33 -0.38 -0.17 0.06 0.14 0.75 1.18 1.56 -0.28 -0.24 -0.05 0.17 
Loss: 0.473637  SIA Ef: -0.050400 Binding: 0.04 -0.04 -0.10 0.23 -0.00 0.33 -0.08 0.19 -0.09 -0.18 -0.07  Rvol: 0.61 1.01 1.41 -0.33 -0.38 -0.17 0.06 0.14 0.75 1.18 1.56 -0.28 -0.24 -0.05 0.17 
Loss: 0.473589  SIA Ef: -0.050510 Binding: 0.04 -0.04 -0.10 0.23 -0.00 0.33 -0.08 0.19 -0.09 -0.18 -0.07  Rvol: 0.61 1.01 1.41 -0.33 -0.38 -0.17 0.06 0.14 0.75 1.18 1.56 -0.28 -0.24 -0.05 0.17 
Loss: 0.473652  SIA Ef: -0.048742 Binding: 0.04 -0.04 -0.10 0.23 -0.00 0.33 -0.08 0.19 -0.09 -0.18 -0.07  Rvol: 0.61 1.01 1.41 -0.33 -0.38 -0.17 0.06 0.14 0.75 1.18 1.56 -0.28 -0.24 -0.05 0.17 
Loss: 0.474196  SIA Ef: -0.051543 Binding: 0.04 -0.04 -0.10 0.23 -0.00 0.33 -0.08 0.19 -0.09 -0.18 -0.08  Rvol: 0.61 1.01 1.41 -0.33 -0.38 -0.17 0.06 0.14 0.75 1.18 1.56 -0.28 -0.24 -0.05 0.17 
Loss: 0.473611  SIA Ef: -0.048629 Binding: 0.04 -0.04 -0.10 0.23 -0.00 0.33 -0.08 0.19 -0.09 -0.18 -0.07  Rvol: 0.61 1.01 1.41 -0.33 -0.38 -0.17 0.06 0.14 0.75 1.18 1.56 -0.28 -0.24 -0.05 0.17 
Loss: 0.474167  SIA Ef: -0.050926 Binding: 0.04 -0.04 -0.10 0.23 -0.00 0.33 -0.08 0.19 -0.09 -0.18 -0.08  Rvol: 0.61 1.01 1.41 -0.33 -0.38 -0.17 0.06 0.14 0.75 1.18 1.56 -0.28 -0.24 -0.05 0.17 
Loss: 0.473728  SIA Ef: -0.049081 Binding: 0.04 -0.04 -0.10 0.23 -0.00 0.33 -0.08 0.19 -0.09 -0.18 -0.07  Rvol: 0.61 1.01 1.41 -0.33 -0.38 -0.17 0.06 0.14 0.75 1.18 1.56 -0.28 -0.24 -0.05 0.17 
Loss: 0.474190  SIA Ef: -0.050992 Binding: 0.04 -0.04 -0.10 0.23 -0.00 0.33 -0.08 0.19 -0.09 -0.18 -0.08  Rvol: 0.61 1.01 1.41 -0.33 -0.38 -0.17 0.06 0.14 0.75 1.18 1.56 -0.28 -0.24 -0.05 0.17 
Loss: 0.473667  SIA Ef: -0.050354 Binding: 0.04 -0.04 -0.10 0.23 -0.00 0.33 -0.08 0.19 -0.09 -0.18 -0.07  Rvol: 0.61 1.01 1.41 -0.33 -0.38 -0.17 0.06 0.14 0.75 1.18 1.56 -0.28 -0.24 -0.05 0.17 
Loss: 0.473526  SIA Ef: -0.050601 Binding: 0.04 -0.04 -0.10 0.23 -0.00 0.33 -0.08 0.19 -0.09 -0.18 -0.07  Rvol: 0.61 1.01 1.41 -0.33 -0.38 -0.17 0.06 0.14 0.75 1.18 1.56 -0.28 -0.24 -0.05 0.17 
Loss: 0.473533  SIA Ef: -0.049991 Binding: 0.04 -0.04 -0.10 0.23 -0.00 0.33 -0.08 0.19 -0.09 -0.17 -0.07  Rvol: 0.61 1.01 1.41 -0.33 -0.38 -0.17 0.06 0.14 0.75 1.18 1.56 -0.28 -0.24 -0.05 0.17 
Loss: 0.473515  SIA Ef: -0.050639 Binding: 0.04 -0.04 -0.10 0.23 -0.00 0.33 -0.08 0.19 -0.09 -0.18 -0.07  Rvol: 0.61 1.01 1.41 -0.33 -0.38 -0.17 0.06 0.14 0.75 1.18 1.56 -0.28 -0.24 -0.05 0.17 
Loss: 0.473587  SIA Ef: -0.050467 Binding: 0.04 -0.04 -0.10 0.23 -0.00 0.33 -0.08 0.19 -0.09 -0.18 -0.07  Rvol: 0.61 1.01 1.41 -0.33 -0.38 -0.17 0.06 0.14 0.75 1.18 1.56 -0.28 -0.24 -0.05 0.17 
Loss: 0.474152  SIA Ef: -0.051056 Binding: 0.04 -0.04 -0.10 0.23 -0.00 0.33 -0.08 0.19 -0.09 -0.18 -0.08  Rvol: 0.61 1.01 1.41 -0.33 -0.38 -0.17 0.06 0.14 0.75 1.18 1.56 -0.28 -0.24 -0.05 0.17 
Loss: 0.473553  SIA Ef: -0.049017 Binding: 0.04 -0.04 -0.10 0.23 -0.00 0.33 -0.08 0.19 -0.09 -0.18 -0.07  Rvol: 0.61 1.01 1.41 -0.33 -0.38 -0.17 0.06 0.14 0.75 1.18 1.56 -0.28 -0.24 -0.05 0.17 
Loss: 0.473517  SIA Ef: -0.050468 Binding: 0.04 -0.04 -0.10 0.23 -0.00 0.33 -0.08 0.19 -0.09 -0.18 -0.07  Rvol: 0.61 1.01 1.41 -0.33 -0.38 -0.17 0.06 0.14 0.75 1.18 1.56 -0.28 -0.24 -0.05 0.17 
Loss: 0.473508  SIA Ef: -0.050853 Binding: 0.04 -0.04 -0.10 0.23 -0.00 0.33 -0.08 0.19 -0.09 -0.18 -0.07  Rvol: 0.61 1.01 1.41 -0.33 -0.38 -0.17 0.06 0.14 0.75 1.18 1.56 -0.28 -0.24 -0.05 0.17 
Loss: 0.474155  SIA Ef: -0.051436 Binding: 0.04 -0.04 -0.10 0.23 -0.00 0.33 -0.08 0.19 -0.09 -0.18 -0.08  Rvol: 0.61 1.01 1.41 -0.33 -0.38 -0.17 0.06 0.14 0.75 1.18 1.56 -0.28 -0.24 -0.05 0.17 
Loss: 0.473497  SIA Ef: -0.050773 Binding: 0.04 -0.04 -0.10 0.23 -0.00 0.33 -0.08 0.19 -0.09 -0.18 -0.07  Rvol: 0.61 1.01 1.41 -0.33 -0.38 -0.17 0.06 0.14 0.75 1.18 1.56 -0.28 -0.24 -0.05 0.17 
Loss: 0.474126  SIA Ef: -0.051397 Binding: 0.04 -0.04 -0.10 0.23 -0.00 0.33 -0.08 0.19 -0.09 -0.18 -0.08  Rvol: 0.61 1.01 1.41 -0.33 -0.38 -0.17 0.06 0.14 0.75 1.18 1.56 -0.28 -0.24 -0.05 0.17 
Loss: 0.474117  SIA Ef: -0.051080 Binding: 0.04 -0.04 -0.10 0.23 -0.00 0.33 -0.08 0.19 -0.09 -0.18 -0.08  Rvol: 0.61 1.01 1.41 -0.33 -0.38 -0.17 0.06 0.14 0.75 1.18 1.56 -0.28 -0.24 -0.05 0.17 
Loss: 0.473562  SIA Ef: -0.049898 Binding: 0.04 -0.04 -0.10 0.23 -0.00 0.33 -0.08 0.19 -0.09 -0.18 -0.07  Rvol: 0.61 1.01 1.41 -0.33 -0.38 -0.17 0.06 0.14 0.75 1.18 1.56 -0.28 -0.24 -0.05 0.17 
Loss: 0.473509  SIA Ef: -0.050436 Binding: 0.04 -0.04 -0.10 0.23 -0.00 0.33 -0.08 0.19 -0.09 -0.18 -0.07  Rvol: 0.61 1.01 1.41 -0.33 -0.38 -0.17 0.06 0.14 0.75 1.18 1.56 -0.28 -0.24 -0.05 0.17 
Loss: 0.473505  SIA Ef: -0.050218 Binding: 0.04 -0.04 -0.10 0.23 -0.00 0.33 -0.08 0.19 -0.09 -0.18 -0.07  Rvol: 0.61 1.01 1.41 -0.33 -0.38 -0.17 0.06 0.14 0.75 1.18 1.56 -0.28 -0.24 -0.05 0.17 
Loss: 0.474116  SIA Ef: -0.050867 Binding: 0.04 -0.04 -0.10 0.23 -0.00 0.33 -0.08 0.19 -0.09 -0.18 -0.08  Rvol: 0.61 1.01 1.41 -0.33 -0.38 -0.17 0.06 0.14 0.75 1.18 1.56 -0.28 -0.24 -0.05 0.17 
Loss: 0.473552  SIA Ef: -0.050903 Binding: 0.04 -0.04 -0.10 0.23 -0.00 0.33 -0.08 0.19 -0.09 -0.18 -0.07  Rvol: 0.61 1.01 1.41 -0.33 -0.38 -0.17 0.06 0.14 0.75 1.18 1.56 -0.28 -0.24 -0.05 0.17 
