Start Optimization 
Loss: 3.582758  SIA Ef: 0.209701 Binding: -0.17 -1.34 0.23 0.39 -0.21 0.51 -0.50 -0.22 0.18 -0.35 -0.30  Rvol: 0.45 1.16 1.23 -0.33 0.03 0.41 0.62 0.14 0.78 1.33 1.40 -0.28 0.07 0.48 0.64 
Loss: 3.702115  SIA Ef: 0.268950 Binding: -0.16 -1.33 0.24 0.40 -0.20 0.49 -0.53 -0.27 0.16 -0.39 -0.35  Rvol: 0.45 1.17 1.24 -0.33 0.03 0.41 0.62 0.14 0.79 1.34 1.41 -0.28 0.06 0.48 0.65 
Loss: 72.807194  SIA Ef: 4.734998 Binding: 1.60 2.12 4.76 3.15 2.09 0.78 -0.24 0.25 -0.29 -0.44 -0.10  Rvol: 0.67 1.67 2.48 -0.33 0.33 0.89 1.38 0.14 0.99 1.97 2.45 -0.28 0.43 0.98 1.55 
Loss: 42.049681  SIA Ef: 0.611659 Binding: -1.13 -1.05 -4.80 1.85 -0.42 0.50 0.51 -0.14 3.24 -0.30 0.64  Rvol: 0.51 0.89 1.63 -0.33 0.05 0.40 0.93 0.14 0.77 1.17 1.65 -0.28 0.13 0.40 0.91 
Loss: 242.319367  SIA Ef: 12.718419 Binding: 1.51 0.03 7.96 2.25 -0.13 0.83 -0.88 -0.69 -0.53 -0.71 -0.72  Rvol: 1.25 2.16 2.95 -0.33 -0.02 0.33 0.88 0.14 1.49 2.61 3.46 -0.28 0.14 0.50 1.06 
Loss: 28.307875  SIA Ef: 0.209701 Binding: -0.17 -1.34 0.23 0.39 -0.21 -0.37 -2.32 -2.71 -0.58 -2.21 -2.72  Rvol: 0.45 1.16 1.23 -0.33 0.03 0.41 0.62 0.14 0.83 1.33 1.41 -0.28 0.03 0.51 0.75 
Loss: 3.706532  SIA Ef: 0.209701 Binding: -0.17 -1.34 0.23 0.39 -0.21 0.49 -0.56 -0.33 0.11 -0.32 -0.38  Rvol: 0.45 1.16 1.23 -0.33 0.03 0.41 0.62 0.14 0.76 1.24 1.41 -0.28 0.08 0.45 0.58 
Loss: 3.437411  SIA Ef: 0.209701 Binding: -0.17 -1.34 0.23 0.39 -0.21 0.55 -0.42 -0.06 0.24 -0.29 -0.14  Rvol: 0.45 1.16 1.23 -0.33 0.03 0.41 0.62 0.14 0.80 1.33 1.41 -0.28 0.05 0.49 0.66 
Loss: 9.303455  SIA Ef: 0.209701 Binding: -1.54 -1.16 0.23 -0.47 -1.17 0.55 1.27 1.15 0.24 -0.17 0.15  Rvol: 0.45 0.85 1.47 -0.33 0.03 0.34 0.60 0.14 0.80 1.39 1.79 -0.28 0.05 0.38 0.63 
Loss: 5.228889  SIA Ef: 0.209701 Binding: -0.14 -1.30 0.23 0.45 -0.38 0.55 -1.35 -0.19 0.24 -0.33 -0.24  Rvol: 0.45 1.14 1.19 -0.33 0.03 0.44 0.66 0.14 0.80 1.05 1.41 -0.28 0.05 0.53 0.87 
Loss: 3.082777  SIA Ef: 0.209701 Binding: -0.12 -1.21 0.23 0.42 -0.02 0.55 -0.49 -0.02 0.24 -0.27 -0.13  Rvol: 0.45 1.16 1.26 -0.33 0.03 0.39 0.61 0.14 0.80 1.28 1.42 -0.28 0.05 0.47 0.67 
Loss: 297.289549  SIA Ef: -15.787545 Binding: -0.80 -2.33 -4.45 0.86 -2.06 0.11 -0.23 0.13 2.99 0.12 1.37  Rvol: -0.10 -0.31 -0.66 -0.33 -0.27 -0.64 -0.95 0.14 0.06 -0.21 -0.65 -0.28 -0.26 -0.61 -0.39 
Loss: 14.465609  SIA Ef: 1.666281 Binding: 0.67 -0.39 2.11 1.54 0.95 0.69 -0.84 0.36 -0.07 -0.32 -0.06  Rvol: 0.50 1.33 1.63 -0.33 0.19 0.67 0.99 0.14 0.90 1.42 1.86 -0.28 0.26 0.75 1.21 
Loss: 3.062387  SIA Ef: 0.196163 Binding: -0.13 -1.21 0.22 0.42 -0.02 0.56 -0.48 -0.01 0.24 -0.26 -0.12  Rvol: 0.45 1.16 1.26 -0.33 0.02 0.39 0.61 0.14 0.80 1.27 1.41 -0.28 0.05 0.47 0.67 
Loss: 49.524188  SIA Ef: 0.199985 Binding: -0.72 -1.07 -4.67 2.94 -0.65 0.60 0.15 -0.22 3.80 -0.98 0.79  Rvol: 0.40 0.84 1.22 -0.33 0.03 0.36 0.58 0.14 0.75 1.23 1.15 -0.28 0.05 0.31 0.67 
Loss: 4.366949  SIA Ef: 0.549908 Binding: -0.14 -1.20 0.43 0.42 -0.08 0.78 -0.01 0.69 0.39 0.20 0.50  Rvol: 0.47 1.17 1.30 -0.33 0.02 0.40 0.63 0.14 0.80 1.29 1.48 -0.28 0.07 0.48 0.68 
Loss: 72.479532  SIA Ef: 6.383894 Binding: -0.06 -0.36 5.07 1.30 -0.58 0.07 -0.33 0.27 -0.49 -0.60 -0.47  Rvol: 0.86 1.61 2.30 -0.33 -0.02 0.36 0.83 0.14 0.99 1.79 2.54 -0.28 0.12 0.52 1.01 
Loss: 3.087834  SIA Ef: 0.194631 Binding: -0.13 -1.21 0.22 0.42 -0.02 0.61 -0.40 0.18 0.33 -0.19 0.07  Rvol: 0.45 1.16 1.26 -0.33 0.02 0.39 0.61 0.14 0.81 1.27 1.41 -0.28 0.04 0.48 0.69 
Loss: 50.948311  SIA Ef: -6.547974 Binding: 0.08 -1.33 -1.33 0.49 0.30 0.61 -1.18 -0.23 1.31 -0.14 0.34  Rvol: 0.15 0.82 0.53 -0.33 0.00 0.07 0.12 0.14 0.63 0.42 0.48 -0.28 -0.14 0.09 0.13 
Loss: 3.044888  SIA Ef: 0.194364 Binding: -0.13 -1.21 0.22 0.42 -0.02 0.57 -0.46 0.04 0.26 -0.24 -0.08  Rvol: 0.45 1.16 1.26 -0.33 0.02 0.39 0.61 0.14 0.80 1.28 1.41 -0.28 0.06 0.47 0.67 
Loss: 51.067617  SIA Ef: -6.549865 Binding: 0.08 -1.33 -1.33 0.49 0.30 0.63 -1.18 -0.19 1.34 -0.12 0.38  Rvol: 0.15 0.82 0.53 -0.33 0.00 0.07 0.12 0.14 0.63 0.42 0.48 -0.28 -0.14 0.10 0.14 
Loss: 2.922258  SIA Ef: 0.315917 Binding: 0.08 -0.77 0.29 0.65 0.35 0.57 -0.68 0.01 0.23 -0.26 -0.12  Rvol: 0.46 1.16 1.26 -0.33 0.02 0.40 0.62 0.14 0.80 1.25 1.42 -0.28 0.06 0.49 0.71 
Loss: 69.490506  SIA Ef: 5.601250 Binding: 0.34 0.23 5.61 1.72 -0.05 0.08 -0.29 0.25 -0.52 -0.63 -0.46  Rvol: 0.84 1.57 2.21 -0.33 -0.03 0.32 0.74 0.14 0.99 1.78 2.46 -0.28 0.11 0.48 0.93 
Loss: 2.657574  SIA Ef: 0.318765 Binding: 0.13 -0.64 0.25 0.68 0.53 0.57 -0.46 0.06 0.25 -0.24 -0.09  Rvol: 0.46 1.16 1.28 -0.33 0.02 0.39 0.61 0.14 0.80 1.27 1.44 -0.28 0.06 0.47 0.69 
Loss: 18.928622  SIA Ef: -0.387796 Binding: -0.51 -0.58 -3.02 1.39 -0.34 0.61 0.11 -0.20 2.07 -1.08 0.87  Rvol: 0.38 0.75 1.17 -0.33 0.02 0.32 0.54 0.14 0.73 1.18 1.07 -0.28 0.03 0.27 0.63 
Loss: 2.703528  SIA Ef: 0.330491 Binding: 0.14 -0.58 0.26 0.70 0.60 0.57 -0.47 0.06 0.25 -0.23 -0.09  Rvol: 0.46 1.16 1.28 -0.33 0.03 0.39 0.61 0.14 0.80 1.27 1.44 -0.28 0.06 0.47 0.70 
Loss: 15.330419  SIA Ef: 1.641535 Binding: 0.90 0.07 1.80 1.71 1.54 0.69 -0.84 0.34 -0.00 -0.28 -0.01  Rvol: 0.49 1.33 1.57 -0.33 0.19 0.66 1.00 0.14 0.91 1.42 1.79 -0.28 0.25 0.75 1.21 
Loss: 3.312427  SIA Ef: 0.044696 Binding: 0.15 -0.66 0.12 0.68 0.57 0.44 -0.76 -0.39 0.17 -0.50 -0.49  Rvol: 0.44 1.15 1.24 -0.33 0.03 0.38 0.59 0.14 0.79 1.25 1.39 -0.28 0.04 0.45 0.66 
Loss: 67.531058  SIA Ef: -7.027537 Binding: 0.13 -0.82 -2.71 1.31 0.71 0.60 -0.90 -0.08 2.39 -0.13 0.64  Rvol: 0.12 0.78 0.46 -0.33 0.00 -0.07 0.03 0.14 0.59 0.33 0.36 -0.28 -0.15 -0.06 0.11 
Loss: 21.512412  SIA Ef: 3.560838 Binding: -0.37 -0.38 2.39 0.81 -0.30 0.40 -0.09 0.52 -0.28 -0.39 -0.15  Rvol: 0.64 1.26 1.77 -0.33 -0.00 0.42 0.82 0.14 0.91 1.48 2.05 -0.28 0.12 0.54 0.95 
Loss: 4.466143  SIA Ef: 0.766704 Binding: 0.30 -0.50 0.70 0.91 0.72 0.59 -0.60 0.12 0.15 -0.26 -0.09  Rvol: 0.47 1.21 1.34 -0.33 0.06 0.46 0.69 0.14 0.84 1.30 1.51 -0.28 0.10 0.54 0.83 
Loss: 2.667111  SIA Ef: 0.281544 Binding: 0.14 -0.65 0.23 0.68 0.54 0.56 -0.48 0.04 0.27 -0.26 -0.09  Rvol: 0.45 1.16 1.27 -0.33 0.02 0.39 0.61 0.14 0.80 1.27 1.43 -0.28 0.04 0.47 0.69 
Loss: 4.810391  SIA Ef: -1.368418 Binding: 0.23 -0.71 -0.20 0.69 0.66 0.60 -0.59 -0.03 0.51 -0.20 0.03  Rvol: 0.38 1.08 1.08 -0.33 0.02 0.33 0.49 0.14 0.75 1.17 1.19 -0.28 -0.02 0.39 0.55 
Loss: 2.710644  SIA Ef: 0.283260 Binding: 0.14 -0.66 0.19 0.68 0.55 0.54 -0.51 -0.02 0.26 -0.29 -0.15  Rvol: 0.45 1.16 1.27 -0.33 0.03 0.39 0.61 0.14 0.80 1.27 1.43 -0.28 0.04 0.46 0.69 
Loss: 5.662801  SIA Ef: -0.223073 Binding: 0.11 -0.72 -1.23 0.78 0.78 0.60 -0.39 -0.06 1.12 -0.14 0.21  Rvol: 0.41 1.12 1.17 -0.33 0.03 0.34 0.55 0.14 0.77 1.22 1.24 -0.28 -0.02 0.39 0.61 
Loss: 2.747257  SIA Ef: 0.297008 Binding: 0.14 -0.65 0.24 0.68 0.54 0.53 -0.54 -0.05 0.23 -0.32 -0.19  Rvol: 0.45 1.16 1.27 -0.33 0.02 0.39 0.61 0.14 0.80 1.27 1.43 -0.28 0.04 0.47 0.69 
Loss: 6.467867  SIA Ef: 1.505522 Binding: -0.05 -0.60 1.39 0.68 0.14 0.51 -0.33 0.28 -0.09 -0.30 -0.25  Rvol: 0.53 1.19 1.46 -0.33 -0.00 0.39 0.67 0.14 0.85 1.35 1.69 -0.28 0.09 0.50 0.80 
Loss: 2.859340  SIA Ef: 0.354562 Binding: 0.19 -0.55 0.27 0.74 0.62 0.57 -0.54 0.05 0.24 -0.24 -0.10  Rvol: 0.46 1.17 1.28 -0.33 0.02 0.39 0.62 0.14 0.80 1.27 1.44 -0.28 0.06 0.47 0.70 
Loss: 6.405474  SIA Ef: 1.494049 Binding: -0.06 -0.63 1.38 0.66 0.12 0.51 -0.32 0.28 -0.08 -0.30 -0.25  Rvol: 0.53 1.19 1.46 -0.33 -0.00 0.39 0.67 0.14 0.85 1.36 1.69 -0.28 0.09 0.50 0.80 
Loss: 3.770893  SIA Ef: 0.912059 Binding: 0.06 -0.64 0.81 0.66 0.33 0.54 -0.41 0.16 0.05 -0.27 -0.18  Rvol: 0.49 1.18 1.37 -0.33 0.01 0.39 0.64 0.14 0.82 1.32 1.56 -0.28 0.08 0.49 0.75 
Loss: 2.662107  SIA Ef: 0.344454 Binding: 0.13 -0.65 0.22 0.68 0.54 0.58 -0.42 0.11 0.28 -0.20 -0.03  Rvol: 0.46 1.16 1.27 -0.33 0.02 0.39 0.61 0.14 0.80 1.27 1.44 -0.28 0.06 0.47 0.69 
Loss: 2.970265  SIA Ef: 0.255688 Binding: 0.09 -0.69 -0.40 0.65 0.62 0.57 -0.40 -0.00 0.57 -0.20 0.02  Rvol: 0.45 1.16 1.25 -0.33 0.02 0.37 0.60 0.14 0.79 1.26 1.38 -0.28 0.00 0.43 0.66 
Loss: 2.639919  SIA Ef: 0.327339 Binding: 0.13 -0.61 0.25 0.69 0.57 0.57 -0.43 0.06 0.25 -0.24 -0.08  Rvol: 0.46 1.16 1.28 -0.33 0.03 0.39 0.61 0.14 0.80 1.28 1.44 -0.28 0.06 0.47 0.69 
Loss: 3.468526  SIA Ef: 0.663349 Binding: 0.20 -0.56 0.42 0.79 0.65 0.57 -0.49 0.09 0.21 -0.24 -0.09  Rvol: 0.46 1.19 1.32 -0.33 0.05 0.42 0.66 0.14 0.82 1.29 1.49 -0.28 0.07 0.50 0.75 
Loss: 2.634328  SIA Ef: 0.321394 Binding: 0.13 -0.62 0.25 0.69 0.56 0.57 -0.43 0.06 0.25 -0.24 -0.08  Rvol: 0.46 1.16 1.28 -0.33 0.03 0.39 0.61 0.14 0.80 1.28 1.44 -0.28 0.06 0.47 0.69 
Loss: 3.012302  SIA Ef: -0.567575 Binding: 0.18 -0.68 -0.11 0.68 0.63 0.59 -0.47 0.01 0.44 -0.21 0.00  Rvol: 0.41 1.12 1.17 -0.33 0.02 0.35 0.54 0.14 0.77 1.22 1.30 -0.28 -0.00 0.42 0.61 
Loss: 2.734593  SIA Ef: 0.304928 Binding: 0.17 -0.59 0.28 0.72 0.59 0.57 -0.48 0.05 0.24 -0.24 -0.09  Rvol: 0.45 1.16 1.28 -0.33 0.03 0.39 0.61 0.14 0.80 1.27 1.43 -0.28 0.06 0.47 0.69 
Loss: 2.671364  SIA Ef: 0.351247 Binding: 0.15 -0.58 0.08 0.69 0.63 0.57 -0.41 0.06 0.33 -0.23 -0.05  Rvol: 0.46 1.16 1.28 -0.33 0.02 0.38 0.61 0.14 0.80 1.28 1.43 -0.28 0.03 0.46 0.69 
Loss: 2.780550  SIA Ef: 0.506710 Binding: 0.10 -0.65 0.45 0.65 0.46 0.56 -0.40 0.10 0.17 -0.25 -0.12  Rvol: 0.47 1.17 1.31 -0.33 0.02 0.39 0.62 0.14 0.81 1.29 1.49 -0.28 0.05 0.47 0.70 
Loss: 2.637304  SIA Ef: 0.323655 Binding: 0.14 -0.63 0.20 0.68 0.57 0.58 -0.41 0.09 0.29 -0.21 -0.05  Rvol: 0.45 1.16 1.28 -0.33 0.03 0.39 0.61 0.14 0.80 1.28 1.44 -0.28 0.04 0.46 0.69 
Loss: 2.627943  SIA Ef: 0.281067 Binding: 0.12 -0.66 -0.04 0.66 0.58 0.56 -0.42 0.02 0.38 -0.23 -0.06  Rvol: 0.45 1.16 1.26 -0.33 0.02 0.38 0.60 0.14 0.79 1.27 1.41 -0.28 0.02 0.45 0.67 
Loss: 2.629124  SIA Ef: 0.297718 Binding: 0.12 -0.66 -0.03 0.66 0.58 0.57 -0.41 0.04 0.38 -0.22 -0.04  Rvol: 0.45 1.16 1.26 -0.33 0.02 0.38 0.60 0.14 0.79 1.28 1.41 -0.28 0.02 0.45 0.67 
Loss: 2.920576  SIA Ef: 0.520342 Binding: 0.13 -0.65 0.00 0.69 0.61 0.56 -0.42 0.02 0.36 -0.24 -0.07  Rvol: 0.46 1.18 1.29 -0.33 0.03 0.39 0.63 0.14 0.80 1.29 1.44 -0.28 0.03 0.47 0.70 
Loss: 2.625323  SIA Ef: 0.284981 Binding: 0.12 -0.66 -0.04 0.66 0.59 0.57 -0.41 0.03 0.38 -0.22 -0.05  Rvol: 0.45 1.16 1.26 -0.33 0.02 0.38 0.60 0.14 0.79 1.27 1.41 -0.28 0.02 0.45 0.67 
Loss: 2.750327  SIA Ef: -0.159436 Binding: 0.13 -0.69 -0.26 0.65 0.62 0.58 -0.43 -0.00 0.50 -0.21 0.00  Rvol: 0.43 1.14 1.21 -0.33 0.02 0.36 0.57 0.14 0.78 1.25 1.34 -0.28 0.00 0.42 0.63 
Loss: 2.597253  SIA Ef: 0.291499 Binding: 0.11 -0.68 0.01 0.65 0.56 0.57 -0.41 0.03 0.35 -0.23 -0.06  Rvol: 0.45 1.16 1.27 -0.33 0.02 0.38 0.60 0.14 0.79 1.28 1.41 -0.28 0.02 0.45 0.67 
Loss: 2.557527  SIA Ef: 0.452567 Binding: 0.08 -0.70 0.18 0.61 0.47 0.56 -0.39 0.06 0.25 -0.23 -0.09  Rvol: 0.46 1.17 1.29 -0.33 0.01 0.38 0.61 0.14 0.80 1.29 1.45 -0.28 0.05 0.45 0.68 
Loss: 2.566183  SIA Ef: 0.445349 Binding: 0.09 -0.69 0.19 0.61 0.48 0.55 -0.40 0.04 0.24 -0.25 -0.11  Rvol: 0.46 1.17 1.29 -0.33 0.01 0.38 0.61 0.14 0.80 1.29 1.45 -0.28 0.05 0.45 0.68 
Loss: 2.571756  SIA Ef: 0.456710 Binding: 0.09 -0.68 0.22 0.62 0.47 0.56 -0.41 0.06 0.24 -0.24 -0.10  Rvol: 0.47 1.17 1.29 -0.33 0.01 0.38 0.61 0.14 0.80 1.28 1.46 -0.28 0.05 0.45 0.68 
Loss: 2.830843  SIA Ef: 0.658315 Binding: 0.07 -0.70 0.29 0.61 0.43 0.55 -0.39 0.08 0.21 -0.24 -0.11  Rvol: 0.47 1.18 1.32 -0.33 0.01 0.38 0.63 0.14 0.80 1.30 1.49 -0.28 0.05 0.46 0.70 
Loss: 2.548115  SIA Ef: 0.446222 Binding: 0.08 -0.70 0.17 0.61 0.46 0.56 -0.39 0.06 0.25 -0.23 -0.09  Rvol: 0.46 1.16 1.29 -0.33 0.01 0.38 0.61 0.14 0.80 1.29 1.45 -0.28 0.05 0.45 0.68 
Loss: 2.328488  SIA Ef: 0.239374 Binding: 0.06 -0.70 0.09 0.60 0.47 0.56 -0.38 0.04 0.30 -0.23 -0.08  Rvol: 0.45 1.15 1.27 -0.33 0.01 0.37 0.59 0.14 0.79 1.28 1.42 -0.28 0.03 0.44 0.66 
Loss: 2.297312  SIA Ef: 0.125920 Binding: 0.07 -0.70 0.01 0.59 0.49 0.57 -0.37 0.04 0.34 -0.22 -0.05  Rvol: 0.45 1.14 1.25 -0.33 0.01 0.36 0.58 0.14 0.79 1.27 1.40 -0.28 0.02 0.43 0.65 
Loss: 2.299810  SIA Ef: 0.121363 Binding: 0.07 -0.70 0.02 0.59 0.49 0.56 -0.39 0.03 0.33 -0.23 -0.07  Rvol: 0.45 1.14 1.25 -0.33 0.01 0.36 0.58 0.14 0.79 1.27 1.40 -0.28 0.02 0.43 0.65 
Loss: 2.329783  SIA Ef: 0.048878 Binding: 0.07 -0.72 -0.09 0.58 0.50 0.56 -0.38 0.02 0.38 -0.22 -0.05  Rvol: 0.44 1.14 1.24 -0.33 0.01 0.35 0.57 0.14 0.78 1.26 1.39 -0.28 0.01 0.42 0.64 
Loss: 2.283137  SIA Ef: 0.130848 Binding: 0.07 -0.69 0.07 0.60 0.48 0.56 -0.38 0.05 0.31 -0.22 -0.07  Rvol: 0.45 1.14 1.25 -0.33 0.01 0.36 0.58 0.14 0.79 1.27 1.41 -0.28 0.03 0.44 0.65 
Loss: 2.265030  SIA Ef: 0.053189 Binding: 0.07 -0.69 0.09 0.60 0.48 0.57 -0.38 0.06 0.31 -0.22 -0.06  Rvol: 0.45 1.14 1.25 -0.33 0.01 0.36 0.58 0.14 0.79 1.26 1.40 -0.28 0.03 0.43 0.64 
Loss: 2.278851  SIA Ef: 0.099970 Binding: 0.08 -0.71 0.13 0.59 0.46 0.57 -0.39 0.06 0.29 -0.22 -0.06  Rvol: 0.45 1.14 1.25 -0.33 0.01 0.36 0.58 0.14 0.79 1.27 1.41 -0.28 0.03 0.43 0.65 
Loss: 2.294071  SIA Ef: -0.097635 Binding: 0.08 -0.72 0.07 0.59 0.48 0.57 -0.40 0.05 0.32 -0.21 -0.05  Rvol: 0.44 1.13 1.23 -0.33 0.01 0.35 0.57 0.14 0.78 1.25 1.38 -0.28 0.02 0.43 0.63 
Loss: 2.268385  SIA Ef: 0.055744 Binding: 0.07 -0.70 0.08 0.60 0.48 0.57 -0.38 0.05 0.31 -0.22 -0.06  Rvol: 0.45 1.14 1.25 -0.33 0.01 0.36 0.58 0.14 0.79 1.27 1.40 -0.28 0.03 0.43 0.64 
Loss: 2.271778  SIA Ef: 0.061398 Binding: 0.08 -0.69 0.10 0.60 0.48 0.57 -0.38 0.06 0.31 -0.22 -0.06  Rvol: 0.45 1.14 1.25 -0.33 0.01 0.36 0.58 0.14 0.79 1.27 1.40 -0.28 0.03 0.44 0.64 
Loss: 2.266865  SIA Ef: 0.060830 Binding: 0.07 -0.70 0.09 0.60 0.48 0.57 -0.38 0.06 0.31 -0.21 -0.05  Rvol: 0.45 1.14 1.25 -0.33 0.01 0.36 0.58 0.14 0.79 1.26 1.40 -0.28 0.03 0.43 0.64 
Loss: 2.295918  SIA Ef: 0.072116 Binding: 0.09 -0.66 0.14 0.62 0.51 0.57 -0.38 0.07 0.30 -0.21 -0.05  Rvol: 0.45 1.14 1.25 -0.33 0.01 0.36 0.58 0.14 0.79 1.27 1.40 -0.28 0.03 0.44 0.65 
Loss: 2.289495  SIA Ef: 0.004763 Binding: 0.08 -0.70 0.04 0.60 0.49 0.57 -0.39 0.04 0.33 -0.22 -0.05  Rvol: 0.44 1.14 1.24 -0.33 0.01 0.36 0.57 0.14 0.78 1.26 1.39 -0.28 0.02 0.43 0.64 
Loss: 2.263932  SIA Ef: 0.059935 Binding: 0.07 -0.69 0.09 0.60 0.48 0.57 -0.37 0.06 0.31 -0.21 -0.05  Rvol: 0.45 1.14 1.25 -0.33 0.01 0.36 0.58 0.14 0.79 1.26 1.40 -0.28 0.03 0.43 0.64 
Loss: 2.287193  SIA Ef: 0.114050 Binding: 0.08 -0.69 0.14 0.60 0.48 0.57 -0.38 0.07 0.29 -0.22 -0.06  Rvol: 0.45 1.14 1.25 -0.33 0.01 0.36 0.58 0.14 0.79 1.27 1.41 -0.28 0.03 0.44 0.65 
Loss: 2.274818  SIA Ef: 0.052577 Binding: 0.08 -0.69 0.07 0.60 0.49 0.57 -0.38 0.06 0.32 -0.21 -0.05  Rvol: 0.45 1.14 1.25 -0.33 0.01 0.36 0.58 0.14 0.79 1.26 1.40 -0.28 0.02 0.43 0.64 
Loss: 2.260069  SIA Ef: 0.067180 Binding: 0.07 -0.69 0.07 0.59 0.48 0.58 -0.36 0.08 0.33 -0.20 -0.03  Rvol: 0.45 1.14 1.25 -0.33 0.01 0.36 0.58 0.14 0.79 1.27 1.40 -0.28 0.02 0.43 0.64 
Loss: 2.258958  SIA Ef: 0.072158 Binding: 0.07 -0.69 0.09 0.60 0.49 0.58 -0.36 0.08 0.32 -0.20 -0.03  Rvol: 0.45 1.14 1.25 -0.33 0.01 0.36 0.58 0.14 0.79 1.27 1.40 -0.28 0.03 0.43 0.64 
Loss: 2.256862  SIA Ef: 0.056077 Binding: 0.07 -0.69 0.09 0.60 0.48 0.58 -0.36 0.09 0.32 -0.20 -0.03  Rvol: 0.45 1.14 1.25 -0.33 0.01 0.36 0.58 0.14 0.79 1.26 1.40 -0.28 0.03 0.43 0.64 
Loss: 2.259793  SIA Ef: 0.029588 Binding: 0.07 -0.69 0.08 0.60 0.48 0.58 -0.36 0.08 0.32 -0.20 -0.02  Rvol: 0.45 1.14 1.24 -0.33 0.01 0.36 0.58 0.14 0.78 1.26 1.39 -0.28 0.03 0.43 0.64 
Loss: 2.256344  SIA Ef: 0.054455 Binding: 0.07 -0.69 0.08 0.60 0.48 0.58 -0.36 0.09 0.32 -0.20 -0.03  Rvol: 0.45 1.14 1.25 -0.33 0.01 0.36 0.58 0.14 0.79 1.26 1.40 -0.28 0.03 0.43 0.64 
Loss: 2.267599  SIA Ef: 0.024081 Binding: 0.08 -0.69 0.06 0.60 0.49 0.58 -0.36 0.08 0.33 -0.20 -0.02  Rvol: 0.45 1.14 1.24 -0.33 0.01 0.36 0.58 0.14 0.78 1.26 1.39 -0.28 0.02 0.43 0.64 
Loss: 2.269563  SIA Ef: 0.052689 Binding: 0.08 -0.69 0.08 0.60 0.49 0.58 -0.36 0.09 0.33 -0.20 -0.02  Rvol: 0.45 1.14 1.25 -0.33 0.01 0.36 0.58 0.14 0.79 1.26 1.40 -0.28 0.03 0.43 0.64 
Loss: 2.263842  SIA Ef: 0.081508 Binding: 0.08 -0.70 0.12 0.59 0.47 0.58 -0.36 0.09 0.31 -0.20 -0.03  Rvol: 0.45 1.14 1.25 -0.33 0.01 0.36 0.58 0.14 0.79 1.27 1.40 -0.28 0.03 0.43 0.65 
Loss: 2.256542  SIA Ef: 0.054851 Binding: 0.07 -0.69 0.08 0.60 0.48 0.58 -0.36 0.09 0.32 -0.20 -0.02  Rvol: 0.45 1.14 1.25 -0.33 0.01 0.36 0.58 0.14 0.79 1.26 1.40 -0.28 0.03 0.43 0.64 
Loss: 2.260454  SIA Ef: 0.036528 Binding: 0.07 -0.69 0.06 0.60 0.49 0.58 -0.36 0.08 0.33 -0.19 -0.02  Rvol: 0.45 1.14 1.24 -0.33 0.01 0.36 0.58 0.14 0.78 1.26 1.39 -0.28 0.02 0.43 0.64 
Loss: 2.256224  SIA Ef: 0.050197 Binding: 0.07 -0.69 0.08 0.60 0.49 0.58 -0.36 0.08 0.32 -0.20 -0.03  Rvol: 0.45 1.14 1.25 -0.33 0.01 0.36 0.58 0.14 0.79 1.26 1.40 -0.28 0.03 0.43 0.64 
Loss: 2.257982  SIA Ef: 0.025772 Binding: 0.07 -0.69 0.08 0.60 0.48 0.58 -0.36 0.09 0.32 -0.20 -0.02  Rvol: 0.45 1.14 1.24 -0.33 0.01 0.36 0.58 0.14 0.78 1.26 1.40 -0.28 0.02 0.43 0.64 
Loss: 2.256581  SIA Ef: 0.048256 Binding: 0.07 -0.69 0.09 0.60 0.49 0.58 -0.36 0.08 0.32 -0.20 -0.03  Rvol: 0.45 1.14 1.25 -0.33 0.01 0.36 0.58 0.14 0.79 1.26 1.40 -0.28 0.03 0.43 0.64 
Loss: 2.253674  SIA Ef: 0.043722 Binding: 0.07 -0.69 0.09 0.60 0.49 0.58 -0.36 0.09 0.32 -0.20 -0.03  Rvol: 0.45 1.14 1.25 -0.33 0.01 0.36 0.58 0.14 0.79 1.26 1.40 -0.28 0.03 0.43 0.64 
Loss: 2.255072  SIA Ef: 0.031119 Binding: 0.08 -0.69 0.08 0.60 0.49 0.58 -0.36 0.08 0.33 -0.20 -0.02  Rvol: 0.45 1.14 1.24 -0.33 0.01 0.36 0.58 0.14 0.78 1.26 1.39 -0.28 0.02 0.43 0.64 
Loss: 2.253356  SIA Ef: 0.045480 Binding: 0.07 -0.69 0.09 0.60 0.49 0.58 -0.35 0.09 0.32 -0.20 -0.02  Rvol: 0.45 1.14 1.25 -0.33 0.01 0.36 0.58 0.14 0.79 1.26 1.40 -0.28 0.03 0.43 0.64 
Loss: 2.247827  SIA Ef: 0.058937 Binding: 0.07 -0.69 0.11 0.60 0.48 0.58 -0.35 0.09 0.31 -0.20 -0.03  Rvol: 0.45 1.14 1.25 -0.33 0.01 0.36 0.58 0.14 0.79 1.26 1.40 -0.28 0.03 0.43 0.64 
Loss: 2.265296  SIA Ef: 0.071308 Binding: 0.08 -0.70 0.13 0.60 0.48 0.58 -0.36 0.09 0.30 -0.20 -0.03  Rvol: 0.45 1.14 1.25 -0.33 0.01 0.36 0.58 0.14 0.79 1.27 1.40 -0.28 0.03 0.43 0.64 
Loss: 2.252974  SIA Ef: 0.067100 Binding: 0.08 -0.69 0.11 0.60 0.48 0.58 -0.35 0.09 0.31 -0.20 -0.03  Rvol: 0.45 1.14 1.25 -0.33 0.01 0.36 0.58 0.14 0.79 1.27 1.40 -0.28 0.03 0.43 0.64 
Loss: 2.246647  SIA Ef: 0.064682 Binding: 0.07 -0.69 0.10 0.60 0.48 0.58 -0.35 0.09 0.31 -0.20 -0.03  Rvol: 0.45 1.14 1.25 -0.33 0.01 0.36 0.58 0.14 0.79 1.27 1.40 -0.28 0.03 0.43 0.64 
Loss: 2.244365  SIA Ef: 0.060880 Binding: 0.07 -0.69 0.10 0.60 0.48 0.58 -0.35 0.09 0.32 -0.20 -0.03  Rvol: 0.45 1.14 1.25 -0.33 0.01 0.36 0.58 0.14 0.79 1.27 1.40 -0.28 0.03 0.43 0.64 
Loss: 2.239417  SIA Ef: 0.050593 Binding: 0.07 -0.69 0.10 0.60 0.48 0.58 -0.35 0.09 0.32 -0.20 -0.03  Rvol: 0.45 1.14 1.25 -0.33 0.01 0.36 0.58 0.14 0.79 1.26 1.40 -0.28 0.03 0.43 0.64 
Loss: 2.240501  SIA Ef: 0.048683 Binding: 0.07 -0.69 0.10 0.60 0.48 0.58 -0.35 0.09 0.31 -0.20 -0.03  Rvol: 0.45 1.14 1.25 -0.33 0.01 0.36 0.58 0.14 0.79 1.26 1.40 -0.28 0.03 0.43 0.64 
Loss: 2.239829  SIA Ef: 0.050476 Binding: 0.07 -0.69 0.10 0.60 0.48 0.58 -0.36 0.08 0.31 -0.20 -0.03  Rvol: 0.45 1.14 1.25 -0.33 0.01 0.36 0.58 0.14 0.79 1.26 1.40 -0.28 0.03 0.43 0.64 
Loss: 2.242706  SIA Ef: 0.055955 Binding: 0.07 -0.69 0.10 0.60 0.48 0.58 -0.35 0.09 0.31 -0.20 -0.03  Rvol: 0.45 1.14 1.25 -0.33 0.01 0.36 0.58 0.14 0.79 1.26 1.40 -0.28 0.03 0.43 0.64 
Loss: 2.235074  SIA Ef: 0.042551 Binding: 0.07 -0.69 0.09 0.59 0.48 0.58 -0.35 0.09 0.32 -0.20 -0.03  Rvol: 0.45 1.14 1.25 -0.33 0.01 0.36 0.58 0.14 0.78 1.26 1.40 -0.28 0.03 0.43 0.64 
Loss: 2.237739  SIA Ef: 0.044072 Binding: 0.07 -0.69 0.10 0.59 0.48 0.58 -0.35 0.09 0.32 -0.20 -0.03  Rvol: 0.45 1.14 1.25 -0.33 0.01 0.36 0.58 0.14 0.79 1.26 1.40 -0.28 0.03 0.43 0.64 
Loss: 2.227263  SIA Ef: 0.025988 Binding: 0.07 -0.69 0.08 0.59 0.48 0.58 -0.35 0.09 0.32 -0.20 -0.03  Rvol: 0.45 1.14 1.24 -0.33 0.01 0.36 0.57 0.14 0.78 1.26 1.40 -0.28 0.02 0.43 0.64 
Loss: 2.242012  SIA Ef: 0.001700 Binding: 0.07 -0.69 0.06 0.59 0.48 0.58 -0.36 0.08 0.33 -0.19 -0.02  Rvol: 0.44 1.14 1.24 -0.33 0.01 0.36 0.57 0.14 0.78 1.26 1.39 -0.28 0.02 0.43 0.64 
Loss: 2.226300  SIA Ef: 0.029835 Binding: 0.07 -0.69 0.08 0.59 0.48 0.58 -0.35 0.09 0.32 -0.20 -0.03  Rvol: 0.45 1.14 1.24 -0.33 0.01 0.36 0.57 0.14 0.78 1.26 1.40 -0.28 0.02 0.43 0.64 
Loss: 2.232447  SIA Ef: 0.040482 Binding: 0.07 -0.70 0.09 0.59 0.47 0.58 -0.36 0.09 0.32 -0.20 -0.03  Rvol: 0.45 1.14 1.25 -0.33 0.01 0.36 0.58 0.14 0.78 1.26 1.40 -0.28 0.03 0.43 0.64 
Loss: 2.226144  SIA Ef: 0.029136 Binding: 0.07 -0.69 0.08 0.59 0.48 0.58 -0.35 0.09 0.32 -0.20 -0.03  Rvol: 0.45 1.14 1.24 -0.33 0.01 0.36 0.57 0.14 0.78 1.26 1.40 -0.28 0.02 0.43 0.64 
Loss: 2.228824  SIA Ef: 0.035299 Binding: 0.07 -0.69 0.08 0.59 0.48 0.58 -0.35 0.09 0.32 -0.20 -0.03  Rvol: 0.45 1.14 1.25 -0.33 0.01 0.36 0.57 0.14 0.78 1.26 1.40 -0.28 0.02 0.43 0.64 
Loss: 2.227549  SIA Ef: 0.030899 Binding: 0.07 -0.69 0.08 0.59 0.48 0.58 -0.35 0.09 0.32 -0.20 -0.03  Rvol: 0.45 1.14 1.24 -0.33 0.01 0.36 0.57 0.14 0.78 1.26 1.40 -0.28 0.02 0.43 0.64 
Loss: 2.226124  SIA Ef: 0.028986 Binding: 0.07 -0.69 0.08 0.59 0.48 0.58 -0.35 0.09 0.32 -0.20 -0.02  Rvol: 0.45 1.14 1.24 -0.33 0.01 0.36 0.57 0.14 0.78 1.26 1.40 -0.28 0.02 0.43 0.64 
Loss: 2.226715  SIA Ef: 0.025856 Binding: 0.07 -0.69 0.08 0.59 0.48 0.58 -0.35 0.08 0.32 -0.20 -0.03  Rvol: 0.45 1.14 1.24 -0.33 0.01 0.36 0.57 0.14 0.78 1.26 1.40 -0.28 0.02 0.43 0.64 
Loss: 2.226387  SIA Ef: 0.030064 Binding: 0.07 -0.69 0.08 0.59 0.48 0.58 -0.35 0.09 0.32 -0.20 -0.02  Rvol: 0.45 1.14 1.24 -0.33 0.01 0.36 0.57 0.14 0.78 1.26 1.40 -0.28 0.02 0.43 0.64 
Loss: 2.228030  SIA Ef: 0.029033 Binding: 0.07 -0.69 0.08 0.59 0.48 0.58 -0.35 0.09 0.32 -0.19 -0.02  Rvol: 0.45 1.14 1.24 -0.33 0.01 0.36 0.57 0.14 0.78 1.26 1.40 -0.28 0.03 0.43 0.64 
Loss: 2.226155  SIA Ef: 0.023201 Binding: 0.07 -0.69 0.08 0.59 0.48 0.58 -0.35 0.09 0.32 -0.19 -0.02  Rvol: 0.45 1.14 1.24 -0.33 0.01 0.36 0.57 0.14 0.78 1.26 1.40 -0.28 0.02 0.43 0.64 
Loss: 2.233582  SIA Ef: 0.024445 Binding: 0.07 -0.69 0.07 0.59 0.48 0.58 -0.35 0.09 0.33 -0.19 -0.02  Rvol: 0.45 1.14 1.24 -0.33 0.01 0.36 0.57 0.14 0.78 1.26 1.40 -0.28 0.02 0.43 0.64 
Loss: 2.228756  SIA Ef: 0.034183 Binding: 0.07 -0.69 0.09 0.59 0.48 0.58 -0.35 0.09 0.32 -0.20 -0.03  Rvol: 0.45 1.14 1.24 -0.33 0.01 0.36 0.57 0.14 0.78 1.26 1.40 -0.28 0.03 0.43 0.64 
Loss: 2.226482  SIA Ef: 0.030536 Binding: 0.07 -0.69 0.08 0.59 0.48 0.58 -0.35 0.09 0.32 -0.20 -0.02  Rvol: 0.45 1.14 1.24 -0.33 0.01 0.36 0.57 0.14 0.78 1.26 1.40 -0.28 0.02 0.43 0.64 
Loss: 2.226120  SIA Ef: 0.028659 Binding: 0.07 -0.69 0.08 0.59 0.48 0.58 -0.35 0.09 0.32 -0.20 -0.02  Rvol: 0.45 1.14 1.24 -0.33 0.01 0.36 0.57 0.14 0.78 1.26 1.40 -0.28 0.02 0.43 0.64 
Loss: 2.226689  SIA Ef: 0.026843 Binding: 0.07 -0.69 0.08 0.59 0.48 0.58 -0.35 0.09 0.32 -0.20 -0.02  Rvol: 0.45 1.14 1.24 -0.33 0.01 0.36 0.57 0.14 0.78 1.26 1.40 -0.28 0.02 0.43 0.64 
Loss: 2.226412  SIA Ef: 0.029448 Binding: 0.07 -0.69 0.08 0.59 0.48 0.58 -0.35 0.09 0.32 -0.20 -0.02  Rvol: 0.45 1.14 1.24 -0.33 0.01 0.36 0.57 0.14 0.78 1.26 1.40 -0.28 0.02 0.43 0.64 
Loss: 2.225752  SIA Ef: 0.027838 Binding: 0.07 -0.69 0.08 0.59 0.48 0.58 -0.35 0.09 0.32 -0.20 -0.03  Rvol: 0.45 1.14 1.24 -0.33 0.01 0.36 0.57 0.14 0.78 1.26 1.40 -0.28 0.02 0.43 0.64 
Loss: 2.226345  SIA Ef: 0.026510 Binding: 0.07 -0.69 0.08 0.59 0.48 0.58 -0.35 0.09 0.32 -0.20 -0.03  Rvol: 0.45 1.14 1.24 -0.33 0.01 0.36 0.57 0.14 0.78 1.26 1.40 -0.28 0.02 0.43 0.64 
Loss: 2.225688  SIA Ef: 0.028166 Binding: 0.07 -0.69 0.08 0.59 0.48 0.58 -0.35 0.09 0.32 -0.20 -0.03  Rvol: 0.45 1.14 1.24 -0.33 0.01 0.36 0.57 0.14 0.78 1.26 1.40 -0.28 0.02 0.43 0.64 
Loss: 2.226501  SIA Ef: 0.029212 Binding: 0.07 -0.69 0.08 0.59 0.48 0.58 -0.35 0.09 0.32 -0.20 -0.03  Rvol: 0.45 1.14 1.24 -0.33 0.01 0.36 0.57 0.14 0.78 1.26 1.40 -0.28 0.02 0.43 0.64 
Loss: 2.225696  SIA Ef: 0.028767 Binding: 0.07 -0.69 0.08 0.59 0.48 0.58 -0.35 0.09 0.32 -0.20 -0.03  Rvol: 0.45 1.14 1.24 -0.33 0.01 0.36 0.57 0.14 0.78 1.26 1.40 -0.28 0.02 0.43 0.64 
Loss: 2.226079  SIA Ef: 0.028518 Binding: 0.07 -0.69 0.08 0.59 0.48 0.58 -0.35 0.09 0.32 -0.20 -0.03  Rvol: 0.45 1.14 1.24 -0.33 0.01 0.36 0.57 0.14 0.78 1.26 1.40 -0.28 0.02 0.43 0.64 
Loss: 2.226567  SIA Ef: 0.029484 Binding: 0.07 -0.69 0.08 0.59 0.48 0.58 -0.35 0.09 0.32 -0.20 -0.03  Rvol: 0.45 1.14 1.24 -0.33 0.01 0.36 0.57 0.14 0.78 1.26 1.40 -0.28 0.02 0.43 0.64 
Loss: 2.225183  SIA Ef: 0.028264 Binding: 0.07 -0.69 0.08 0.59 0.48 0.58 -0.35 0.09 0.32 -0.20 -0.03  Rvol: 0.45 1.14 1.24 -0.33 0.01 0.36 0.57 0.14 0.78 1.26 1.40 -0.28 0.02 0.43 0.64 
Loss: 2.225126  SIA Ef: 0.028141 Binding: 0.07 -0.69 0.08 0.59 0.48 0.58 -0.35 0.09 0.32 -0.20 -0.03  Rvol: 0.45 1.14 1.24 -0.33 0.01 0.36 0.57 0.14 0.78 1.26 1.40 -0.28 0.02 0.43 0.64 
Loss: 2.225051  SIA Ef: 0.025953 Binding: 0.07 -0.69 0.08 0.59 0.48 0.58 -0.35 0.09 0.32 -0.20 -0.02  Rvol: 0.45 1.14 1.24 -0.33 0.01 0.36 0.57 0.14 0.78 1.26 1.40 -0.28 0.02 0.43 0.64 
Loss: 2.224709  SIA Ef: 0.025990 Binding: 0.07 -0.69 0.08 0.59 0.48 0.58 -0.35 0.09 0.32 -0.20 -0.02  Rvol: 0.45 1.14 1.24 -0.33 0.01 0.36 0.57 0.14 0.78 1.26 1.40 -0.28 0.02 0.43 0.64 
Loss: 2.224627  SIA Ef: 0.025489 Binding: 0.07 -0.69 0.08 0.59 0.48 0.58 -0.35 0.09 0.32 -0.20 -0.02  Rvol: 0.45 1.14 1.24 -0.33 0.01 0.36 0.57 0.14 0.78 1.26 1.40 -0.28 0.02 0.43 0.64 
Loss: 2.225516  SIA Ef: 0.024821 Binding: 0.07 -0.69 0.08 0.59 0.48 0.58 -0.35 0.09 0.32 -0.20 -0.02  Rvol: 0.45 1.14 1.24 -0.33 0.01 0.36 0.57 0.14 0.78 1.26 1.40 -0.28 0.02 0.43 0.64 
Loss: 2.223367  SIA Ef: 0.024761 Binding: 0.07 -0.69 0.08 0.59 0.48 0.58 -0.35 0.09 0.32 -0.20 -0.02  Rvol: 0.45 1.14 1.24 -0.33 0.01 0.36 0.57 0.14 0.78 1.26 1.40 -0.28 0.02 0.43 0.64 
Loss: 2.224198  SIA Ef: 0.026038 Binding: 0.07 -0.69 0.08 0.59 0.48 0.58 -0.35 0.09 0.32 -0.19 -0.02  Rvol: 0.45 1.14 1.24 -0.33 0.01 0.36 0.57 0.14 0.78 1.26 1.40 -0.28 0.02 0.43 0.64 
Loss: 2.223828  SIA Ef: 0.024432 Binding: 0.07 -0.69 0.08 0.59 0.48 0.58 -0.35 0.09 0.32 -0.19 -0.02  Rvol: 0.45 1.14 1.24 -0.33 0.01 0.36 0.57 0.14 0.78 1.26 1.40 -0.28 0.02 0.43 0.64 
Loss: 2.223180  SIA Ef: 0.023630 Binding: 0.07 -0.69 0.08 0.59 0.48 0.58 -0.35 0.09 0.32 -0.19 -0.02  Rvol: 0.45 1.14 1.24 -0.33 0.01 0.36 0.57 0.14 0.78 1.26 1.40 -0.28 0.02 0.43 0.64 
Loss: 2.222882  SIA Ef: 0.024175 Binding: 0.07 -0.69 0.08 0.59 0.48 0.58 -0.35 0.09 0.32 -0.20 -0.02  Rvol: 0.45 1.14 1.24 -0.33 0.01 0.36 0.57 0.14 0.78 1.26 1.40 -0.28 0.02 0.43 0.64 
Loss: 2.222865  SIA Ef: 0.024665 Binding: 0.07 -0.69 0.08 0.59 0.48 0.58 -0.35 0.09 0.32 -0.19 -0.02  Rvol: 0.45 1.14 1.24 -0.33 0.01 0.36 0.57 0.14 0.78 1.26 1.40 -0.28 0.02 0.43 0.64 
Loss: 2.223001  SIA Ef: 0.024063 Binding: 0.07 -0.69 0.08 0.59 0.48 0.58 -0.35 0.09 0.32 -0.19 -0.02  Rvol: 0.45 1.14 1.24 -0.33 0.01 0.36 0.57 0.14 0.78 1.26 1.40 -0.28 0.02 0.43 0.64 
Loss: 2.222663  SIA Ef: 0.024241 Binding: 0.07 -0.69 0.08 0.59 0.48 0.58 -0.35 0.09 0.32 -0.19 -0.02  Rvol: 0.45 1.14 1.24 -0.33 0.01 0.36 0.57 0.14 0.78 1.26 1.40 -0.28 0.02 0.43 0.64 
Loss: 2.222572  SIA Ef: 0.024114 Binding: 0.07 -0.69 0.08 0.59 0.48 0.58 -0.35 0.09 0.32 -0.19 -0.02  Rvol: 0.45 1.14 1.24 -0.33 0.01 0.36 0.57 0.14 0.78 1.26 1.40 -0.28 0.02 0.43 0.64 
Loss: 2.222301  SIA Ef: 0.022469 Binding: 0.07 -0.69 0.08 0.59 0.48 0.58 -0.35 0.09 0.32 -0.19 -0.02  Rvol: 0.45 1.14 1.24 -0.33 0.01 0.36 0.57 0.14 0.78 1.26 1.40 -0.28 0.02 0.43 0.64 
Loss: 2.222473  SIA Ef: 0.021726 Binding: 0.07 -0.69 0.08 0.59 0.48 0.58 -0.35 0.09 0.32 -0.19 -0.02  Rvol: 0.45 1.14 1.24 -0.33 0.01 0.36 0.57 0.14 0.78 1.26 1.40 -0.28 0.02 0.43 0.64 
Loss: 2.222322  SIA Ef: 0.023741 Binding: 0.07 -0.69 0.08 0.59 0.48 0.58 -0.35 0.09 0.32 -0.20 -0.02  Rvol: 0.45 1.14 1.24 -0.33 0.01 0.36 0.57 0.14 0.78 1.26 1.40 -0.28 0.02 0.43 0.64 
Loss: 2.221462  SIA Ef: 0.023163 Binding: 0.07 -0.69 0.08 0.59 0.48 0.58 -0.35 0.09 0.32 -0.19 -0.02  Rvol: 0.45 1.14 1.24 -0.33 0.01 0.36 0.57 0.14 0.78 1.26 1.40 -0.28 0.02 0.43 0.64 
Loss: 2.222268  SIA Ef: 0.024668 Binding: 0.07 -0.69 0.08 0.59 0.48 0.58 -0.35 0.09 0.32 -0.19 -0.02  Rvol: 0.45 1.14 1.24 -0.33 0.01 0.36 0.57 0.14 0.78 1.26 1.40 -0.28 0.02 0.43 0.64 
Loss: 2.221409  SIA Ef: 0.022460 Binding: 0.07 -0.69 0.08 0.59 0.48 0.58 -0.35 0.09 0.32 -0.19 -0.02  Rvol: 0.45 1.14 1.24 -0.33 0.01 0.36 0.57 0.14 0.78 1.26 1.40 -0.28 0.02 0.43 0.64 
Loss: 2.221635  SIA Ef: 0.022114 Binding: 0.07 -0.69 0.08 0.59 0.48 0.58 -0.35 0.09 0.32 -0.19 -0.02  Rvol: 0.45 1.14 1.24 -0.33 0.01 0.36 0.57 0.14 0.78 1.26 1.40 -0.28 0.02 0.43 0.64 
Loss: 2.221477  SIA Ef: 0.022036 Binding: 0.07 -0.69 0.08 0.59 0.48 0.58 -0.35 0.09 0.32 -0.20 -0.02  Rvol: 0.45 1.14 1.24 -0.33 0.01 0.36 0.57 0.14 0.78 1.26 1.40 -0.28 0.02 0.43 0.64 
Loss: 2.221309  SIA Ef: 0.020924 Binding: 0.07 -0.69 0.08 0.59 0.48 0.58 -0.35 0.09 0.32 -0.19 -0.02  Rvol: 0.45 1.14 1.24 -0.33 0.01 0.36 0.57 0.14 0.78 1.26 1.40 -0.28 0.02 0.43 0.64 
Loss: 2.221008  SIA Ef: 0.021549 Binding: 0.07 -0.69 0.08 0.59 0.48 0.58 -0.35 0.09 0.32 -0.19 -0.02  Rvol: 0.45 1.14 1.24 -0.33 0.01 0.36 0.57 0.14 0.78 1.26 1.40 -0.28 0.02 0.43 0.64 
Loss: 2.220869  SIA Ef: 0.021201 Binding: 0.07 -0.69 0.08 0.59 0.48 0.58 -0.35 0.09 0.32 -0.19 -0.02  Rvol: 0.45 1.14 1.24 -0.33 0.01 0.36 0.57 0.14 0.78 1.26 1.40 -0.28 0.02 0.43 0.64 
Loss: 2.220824  SIA Ef: 0.021514 Binding: 0.07 -0.69 0.08 0.59 0.48 0.58 -0.35 0.09 0.32 -0.19 -0.02  Rvol: 0.45 1.14 1.24 -0.33 0.01 0.36 0.57 0.14 0.78 1.26 1.40 -0.28 0.02 0.43 0.64 
Loss: 2.220778  SIA Ef: 0.021472 Binding: 0.07 -0.69 0.08 0.59 0.48 0.58 -0.35 0.09 0.32 -0.19 -0.02  Rvol: 0.45 1.14 1.24 -0.33 0.01 0.36 0.57 0.14 0.78 1.26 1.40 -0.28 0.02 0.43 0.64 
Loss: 2.220800  SIA Ef: 0.021625 Binding: 0.07 -0.69 0.08 0.59 0.48 0.58 -0.35 0.09 0.32 -0.19 -0.02  Rvol: 0.45 1.14 1.24 -0.33 0.01 0.36 0.57 0.14 0.78 1.26 1.40 -0.28 0.02 0.43 0.64 
Loss: 2.220727  SIA Ef: 0.021241 Binding: 0.07 -0.69 0.08 0.59 0.48 0.58 -0.35 0.09 0.32 -0.19 -0.02  Rvol: 0.45 1.14 1.24 -0.33 0.01 0.36 0.57 0.14 0.78 1.26 1.40 -0.28 0.02 0.43 0.64 
Loss: 2.221472  SIA Ef: 0.022077 Binding: 0.07 -0.69 0.08 0.59 0.48 0.58 -0.35 0.09 0.32 -0.19 -0.02  Rvol: 0.45 1.14 1.24 -0.33 0.01 0.36 0.57 0.14 0.78 1.26 1.40 -0.28 0.02 0.43 0.64 
Loss: 2.220672  SIA Ef: 0.021309 Binding: 0.07 -0.69 0.08 0.59 0.48 0.58 -0.35 0.09 0.32 -0.19 -0.02  Rvol: 0.45 1.14 1.24 -0.33 0.01 0.36 0.57 0.14 0.78 1.26 1.40 -0.28 0.02 0.43 0.64 
Loss: 2.220196  SIA Ef: 0.020691 Binding: 0.06 -0.69 0.07 0.59 0.48 0.58 -0.35 0.09 0.32 -0.19 -0.02  Rvol: 0.45 1.13 1.24 -0.33 0.01 0.36 0.57 0.14 0.78 1.26 1.40 -0.28 0.02 0.43 0.64 
Loss: 2.220785  SIA Ef: 0.019440 Binding: 0.07 -0.69 0.07 0.59 0.48 0.58 -0.35 0.09 0.32 -0.19 -0.02  Rvol: 0.45 1.14 1.24 -0.33 0.01 0.36 0.57 0.14 0.78 1.26 1.40 -0.28 0.02 0.43 0.64 
Loss: 2.220206  SIA Ef: 0.020903 Binding: 0.06 -0.69 0.07 0.59 0.48 0.58 -0.35 0.09 0.32 -0.19 -0.02  Rvol: 0.45 1.14 1.24 -0.33 0.01 0.36 0.57 0.14 0.78 1.26 1.40 -0.28 0.02 0.43 0.64 
Loss: 2.220117  SIA Ef: 0.020688 Binding: 0.06 -0.69 0.08 0.59 0.48 0.58 -0.35 0.09 0.32 -0.19 -0.02  Rvol: 0.45 1.13 1.24 -0.33 0.01 0.36 0.57 0.14 0.78 1.26 1.40 -0.28 0.02 0.43 0.64 
Loss: 2.220339  SIA Ef: 0.020805 Binding: 0.06 -0.69 0.07 0.59 0.48 0.58 -0.35 0.09 0.32 -0.19 -0.02  Rvol: 0.45 1.14 1.24 -0.33 0.01 0.36 0.57 0.14 0.78 1.26 1.40 -0.28 0.02 0.43 0.64 
Loss: 2.220299  SIA Ef: 0.021207 Binding: 0.07 -0.69 0.08 0.59 0.48 0.58 -0.35 0.09 0.32 -0.19 -0.02  Rvol: 0.45 1.14 1.24 -0.33 0.01 0.36 0.57 0.14 0.78 1.26 1.40 -0.28 0.02 0.43 0.64 
Loss: 2.220163  SIA Ef: 0.020843 Binding: 0.06 -0.69 0.07 0.59 0.48 0.58 -0.35 0.09 0.32 -0.19 -0.02  Rvol: 0.45 1.14 1.24 -0.33 0.01 0.36 0.57 0.14 0.78 1.26 1.40 -0.28 0.02 0.43 0.64 
Loss: 2.220377  SIA Ef: 0.019424 Binding: 0.07 -0.69 0.07 0.59 0.48 0.58 -0.35 0.09 0.32 -0.19 -0.02  Rvol: 0.45 1.13 1.24 -0.33 0.01 0.36 0.57 0.14 0.78 1.26 1.40 -0.28 0.02 0.43 0.64 
