Start Optimization 
Loss: 3.691558  SIA Ef: 0.428291 Binding: -0.40 -0.43 0.89 -0.25 -1.11 0.26 0.53 0.50 -0.19 -0.23 -0.10  Rvol: 0.62 1.10 1.61 -0.33 -0.33 -0.10 0.21 0.14 0.76 1.35 1.89 -0.28 -0.20 0.05 0.34 
Loss: 3.516192  SIA Ef: 0.488582 Binding: -0.40 -0.43 0.89 -0.25 -1.10 0.24 0.50 0.18 -0.22 -0.27 -0.16  Rvol: 0.62 1.10 1.61 -0.33 -0.32 -0.09 0.22 0.14 0.77 1.36 1.87 -0.28 -0.20 0.06 0.35 
Loss: 63.240703  SIA Ef: 5.168517 Binding: 0.77 1.26 5.12 2.04 1.06 0.21 -0.10 0.53 -0.34 -0.38 -0.23  Rvol: 0.82 1.52 2.17 -0.33 -0.07 0.27 0.70 0.14 0.95 1.69 2.41 -0.28 0.06 0.41 0.88 
Loss: 58.229970  SIA Ef: 1.307540 Binding: 1.54 0.90 -5.56 0.95 1.95 1.06 0.10 0.36 3.72 0.08 0.54  Rvol: 0.59 1.31 1.78 -0.33 -0.13 0.70 1.14 0.14 0.85 1.48 1.99 -0.28 0.22 0.68 1.21 
Loss: 259.647154  SIA Ef: 12.131292 Binding: 3.34 0.63 8.90 2.88 0.79 1.72 -0.29 0.73 -0.56 -0.85 -0.97  Rvol: 1.33 2.19 3.23 -0.33 -0.23 -0.06 0.35 0.14 1.41 2.54 3.49 -0.28 -0.10 0.10 0.49 
Loss: 9.587947  SIA Ef: 0.488582 Binding: -0.40 -0.43 0.89 -0.25 -1.10 -0.44 -0.59 0.90 -1.19 -1.57 -1.16  Rvol: 0.62 1.10 1.61 -0.33 -0.32 -0.09 0.22 0.14 0.79 1.50 1.93 -0.28 -0.16 0.17 0.50 
Loss: 3.576288  SIA Ef: 0.488582 Binding: -0.40 -0.43 0.89 -0.25 -1.10 0.29 0.40 0.45 -0.13 -0.20 -0.19  Rvol: 0.62 1.10 1.61 -0.33 -0.32 -0.09 0.22 0.14 0.74 1.31 1.83 -0.28 -0.22 0.01 0.28 
Loss: 3.820263  SIA Ef: 0.488582 Binding: -0.40 -0.43 0.89 -0.25 -1.10 0.29 0.68 0.41 -0.21 -0.19 0.01  Rvol: 0.62 1.10 1.61 -0.33 -0.32 -0.09 0.22 0.14 0.77 1.39 1.85 -0.28 -0.19 0.08 0.37 
Loss: 9.684070  SIA Ef: 0.488582 Binding: 0.08 0.47 0.89 -1.25 -2.34 0.24 0.39 0.61 -0.22 -0.21 0.17  Rvol: 0.62 1.18 1.67 -0.33 -0.32 -0.06 0.59 0.14 0.77 1.36 1.91 -0.28 -0.20 0.12 0.64 
Loss: 5.112302  SIA Ef: 0.488582 Binding: -0.62 -1.31 0.89 -0.13 -1.13 0.24 -0.13 0.35 -0.22 -0.30 -0.30  Rvol: 0.62 1.04 1.47 -0.33 -0.32 -0.13 0.11 0.14 0.77 1.21 1.65 -0.28 -0.20 0.02 0.25 
Loss: 3.066991  SIA Ef: 0.488582 Binding: -0.29 -0.51 0.89 -0.26 -0.95 0.24 0.21 0.36 -0.22 -0.25 -0.10  Rvol: 0.62 1.10 1.59 -0.33 -0.32 -0.07 0.27 0.14 0.77 1.31 1.80 -0.28 -0.20 0.08 0.39 
Loss: 241.377179  SIA Ef: -14.333196 Binding: -0.33 0.17 -4.38 0.88 -0.80 0.58 0.19 0.01 2.62 -1.46 1.29  Rvol: -0.09 -0.17 -0.36 -0.33 -0.37 -0.48 -0.60 0.14 0.29 0.21 -0.38 -0.28 -0.31 -0.57 -0.41 
Loss: 64.328093  SIA Ef: 5.622152 Binding: 0.15 -0.39 5.23 0.94 -0.70 0.43 0.16 0.12 -0.45 -0.57 -0.66  Rvol: 0.97 1.71 2.33 -0.33 -0.31 -0.18 0.26 0.14 1.10 2.01 2.62 -0.28 -0.17 0.00 0.43 
Loss: 3.082700  SIA Ef: 0.507269 Binding: -0.29 -0.50 0.90 -0.25 -0.95 0.24 0.20 0.35 -0.22 -0.26 -0.11  Rvol: 0.62 1.10 1.59 -0.33 -0.32 -0.07 0.27 0.14 0.77 1.32 1.81 -0.28 -0.20 0.08 0.39 
Loss: 25.183421  SIA Ef: 3.190823 Binding: 0.02 0.05 3.52 0.87 -0.02 0.16 -0.03 0.52 -0.32 -0.33 -0.32  Rvol: 0.74 1.37 1.95 -0.33 -0.20 0.07 0.48 0.14 0.84 1.53 2.22 -0.28 -0.08 0.22 0.63 
Loss: 4.202290  SIA Ef: 0.540218 Binding: -0.26 -0.49 0.65 -0.30 -0.83 0.51 0.70 0.96 0.05 0.26 0.54  Rvol: 0.62 1.11 1.58 -0.33 -0.32 -0.06 0.29 0.14 0.77 1.31 1.80 -0.28 -0.20 0.08 0.39 
Loss: 20.187322  SIA Ef: 1.623333 Binding: 0.56 -0.23 -3.38 0.78 -0.33 0.60 0.09 0.41 1.69 -0.85 0.37  Rvol: 0.59 1.20 1.61 -0.33 -0.31 0.32 0.62 0.14 0.82 1.40 1.83 -0.28 0.07 0.25 0.78 
Loss: 3.507039  SIA Ef: 0.487718 Binding: -0.29 -0.51 0.89 -0.26 -0.95 0.28 0.27 0.75 -0.22 -0.19 0.05  Rvol: 0.62 1.10 1.59 -0.33 -0.32 -0.07 0.27 0.14 0.77 1.33 1.83 -0.28 -0.19 0.09 0.42 
Loss: 58.689815  SIA Ef: -6.655553 Binding: -0.01 -0.01 -2.89 0.96 -0.55 0.61 0.30 -0.14 1.55 -1.16 0.48  Rvol: 0.23 0.56 0.74 -0.33 -0.35 -0.15 -0.12 0.14 0.51 0.76 0.71 -0.28 -0.22 -0.20 -0.01 
Loss: 3.014238  SIA Ef: 0.484211 Binding: -0.29 -0.51 0.89 -0.26 -0.95 0.24 0.19 0.29 -0.22 -0.26 -0.13  Rvol: 0.62 1.10 1.59 -0.33 -0.32 -0.07 0.27 0.14 0.76 1.31 1.80 -0.28 -0.20 0.07 0.38 
Loss: 58.711393  SIA Ef: -6.660289 Binding: -0.01 -0.01 -2.90 0.96 -0.55 0.60 0.29 -0.24 1.52 -1.18 0.43  Rvol: 0.23 0.56 0.74 -0.33 -0.35 -0.15 -0.12 0.14 0.51 0.76 0.73 -0.28 -0.21 -0.21 -0.02 
Loss: 1.669923  SIA Ef: 0.603683 Binding: -0.14 -0.32 0.54 -0.07 -0.42 0.26 0.13 0.36 -0.19 -0.25 -0.22  Rvol: 0.62 1.09 1.56 -0.33 -0.32 -0.06 0.27 0.14 0.77 1.31 1.77 -0.28 -0.20 0.08 0.38 
Loss: 27.267354  SIA Ef: 1.233928 Binding: 0.62 -0.14 -3.99 1.27 -0.31 0.63 0.06 0.27 2.24 -1.15 0.46  Rvol: 0.56 1.16 1.59 -0.33 -0.32 0.31 0.59 0.14 0.81 1.36 1.74 -0.28 0.10 0.21 0.76 
Loss: 1.507194  SIA Ef: 0.639426 Binding: 0.03 0.07 0.57 -0.05 -0.26 0.26 0.18 0.27 -0.19 -0.23 -0.18  Rvol: 0.62 1.11 1.59 -0.33 -0.32 -0.04 0.31 0.14 0.77 1.31 1.80 -0.28 -0.20 0.10 0.41 
Loss: 51.927947  SIA Ef: 4.847099 Binding: 0.28 -0.11 4.86 0.98 -0.34 0.34 -0.06 0.21 -0.44 -0.58 -0.75  Rvol: 0.94 1.65 2.31 -0.33 -0.34 -0.20 0.24 0.14 1.06 1.99 2.52 -0.28 -0.20 -0.03 0.41 
Loss: 1.526857  SIA Ef: 0.653640 Binding: 0.06 0.15 0.59 -0.04 -0.21 0.26 0.17 0.26 -0.19 -0.23 -0.17  Rvol: 0.63 1.11 1.60 -0.33 -0.32 -0.04 0.32 0.14 0.77 1.32 1.80 -0.28 -0.20 0.10 0.42 
Loss: 26.124417  SIA Ef: 3.256536 Binding: 0.28 0.62 3.44 1.06 0.50 0.16 -0.03 0.45 -0.32 -0.34 -0.37  Rvol: 0.75 1.37 1.96 -0.33 -0.20 0.08 0.50 0.14 0.84 1.52 2.22 -0.28 -0.08 0.23 0.64 
Loss: 1.813645  SIA Ef: 0.512170 Binding: 0.01 0.07 0.65 -0.04 -0.28 0.13 -0.07 -0.11 -0.32 -0.49 -0.56  Rvol: 0.62 1.10 1.58 -0.33 -0.32 -0.05 0.30 0.14 0.77 1.31 1.79 -0.28 -0.20 0.09 0.40 
Loss: 51.709312  SIA Ef: -6.363503 Binding: 0.23 0.54 -2.54 0.99 0.08 0.60 0.31 -0.12 1.22 -1.00 0.35  Rvol: 0.25 0.56 0.75 -0.33 -0.36 -0.16 -0.11 0.14 0.52 0.77 0.74 -0.28 -0.22 -0.20 -0.02 
Loss: 5.142004  SIA Ef: 1.019137 Binding: 0.46 0.18 -1.68 -0.06 0.40 0.44 0.13 0.18 0.38 -0.17 -0.03  Rvol: 0.60 1.13 1.56 -0.33 -0.31 0.07 0.48 0.14 0.78 1.34 1.77 -0.28 -0.11 0.18 0.59 
Loss: 1.940854  SIA Ef: -1.104978 Binding: 0.17 0.01 -0.47 -0.11 0.18 0.38 0.20 0.30 -0.02 -0.19 -0.14  Rvol: 0.53 0.97 1.31 -0.33 -0.33 -0.07 0.22 0.14 0.70 1.16 1.52 -0.28 -0.20 0.05 0.32 
Loss: 1.456448  SIA Ef: 0.586759 Binding: 0.02 0.02 0.49 -0.13 -0.40 0.25 0.18 0.24 -0.20 -0.24 -0.16  Rvol: 0.63 1.12 1.61 -0.33 -0.34 -0.06 0.31 0.14 0.77 1.32 1.82 -0.28 -0.21 0.08 0.40 
Loss: 5.201710  SIA Ef: 0.934643 Binding: -0.05 -0.03 1.77 0.15 -0.37 0.13 0.02 0.25 -0.30 -0.33 -0.46  Rvol: 0.67 1.17 1.70 -0.33 -0.34 -0.12 0.25 0.14 0.77 1.35 1.92 -0.28 -0.22 0.04 0.37 
Loss: 1.425780  SIA Ef: 0.599880 Binding: 0.03 0.02 0.45 -0.13 -0.39 0.23 0.14 0.18 -0.21 -0.27 -0.22  Rvol: 0.63 1.12 1.61 -0.33 -0.34 -0.06 0.31 0.14 0.77 1.32 1.82 -0.28 -0.21 0.09 0.41 
Loss: 1.868521  SIA Ef: 0.800000 Binding: 0.24 0.10 -0.67 -0.19 -0.06 0.32 0.12 0.06 -0.06 -0.25 -0.21  Rvol: 0.62 1.13 1.60 -0.33 -0.33 0.01 0.38 0.14 0.77 1.33 1.83 -0.28 -0.18 0.13 0.50 
Loss: 1.378609  SIA Ef: 0.603750 Binding: 0.03 0.02 0.43 -0.14 -0.38 0.25 0.17 0.16 -0.19 -0.24 -0.19  Rvol: 0.63 1.12 1.61 -0.33 -0.33 -0.06 0.31 0.14 0.77 1.31 1.83 -0.28 -0.21 0.08 0.40 
Loss: 1.474255  SIA Ef: 0.637362 Binding: 0.06 0.03 0.27 -0.15 -0.33 0.35 0.35 0.42 -0.08 -0.05 0.08  Rvol: 0.63 1.13 1.61 -0.33 -0.33 -0.05 0.32 0.14 0.77 1.31 1.83 -0.28 -0.21 0.09 0.41 
Loss: 1.454687  SIA Ef: 0.628131 Binding: 0.03 0.01 0.43 -0.15 -0.41 0.28 0.23 0.25 -0.16 -0.18 -0.09  Rvol: 0.63 1.12 1.61 -0.33 -0.33 -0.06 0.32 0.14 0.77 1.32 1.83 -0.28 -0.21 0.08 0.41 
Loss: 1.624223  SIA Ef: 0.551734 Binding: -0.01 -0.05 0.49 -0.24 -0.58 0.23 0.18 0.11 -0.20 -0.26 -0.20  Rvol: 0.63 1.12 1.62 -0.33 -0.34 -0.06 0.33 0.14 0.77 1.31 1.84 -0.28 -0.22 0.08 0.41 
Loss: 1.082380  SIA Ef: 0.453166 Binding: 0.10 0.12 0.34 -0.13 -0.29 0.26 0.17 0.15 -0.18 -0.23 -0.18  Rvol: 0.62 1.11 1.59 -0.33 -0.34 -0.06 0.31 0.14 0.77 1.30 1.81 -0.28 -0.21 0.08 0.41 
Loss: 2.723066  SIA Ef: -1.278473 Binding: 0.24 0.06 -0.78 -0.16 0.16 0.39 0.19 0.17 0.03 -0.18 -0.13  Rvol: 0.52 0.96 1.31 -0.33 -0.35 -0.08 0.22 0.14 0.69 1.15 1.53 -0.28 -0.21 0.03 0.31 
Loss: 1.085629  SIA Ef: 0.450084 Binding: 0.09 0.11 0.34 -0.14 -0.31 0.26 0.18 0.15 -0.18 -0.23 -0.19  Rvol: 0.62 1.11 1.59 -0.33 -0.34 -0.06 0.31 0.14 0.77 1.30 1.81 -0.28 -0.21 0.08 0.40 
Loss: 7.143996  SIA Ef: 1.809115 Binding: 0.01 0.15 1.56 0.05 -0.39 0.13 0.10 0.17 -0.28 -0.30 -0.46  Rvol: 0.70 1.24 1.82 -0.33 -0.33 -0.07 0.36 0.14 0.81 1.43 2.05 -0.28 -0.21 0.09 0.47 
Loss: 1.123813  SIA Ef: 0.573972 Binding: 0.20 0.18 -0.21 -0.17 -0.10 0.30 0.17 0.11 -0.12 -0.21 -0.20  Rvol: 0.62 1.11 1.59 -0.33 -0.34 -0.02 0.35 0.14 0.77 1.31 1.81 -0.28 -0.20 0.11 0.45 
Loss: 1.138728  SIA Ef: 0.440698 Binding: 0.09 0.11 0.38 -0.14 -0.32 0.24 0.13 0.08 -0.20 -0.28 -0.25  Rvol: 0.62 1.11 1.59 -0.33 -0.34 -0.06 0.31 0.14 0.77 1.30 1.81 -0.28 -0.21 0.08 0.41 
Loss: 1.143031  SIA Ef: 0.447510 Binding: 0.08 0.10 0.34 -0.19 -0.37 0.27 0.21 0.17 -0.16 -0.20 -0.14  Rvol: 0.62 1.11 1.60 -0.33 -0.34 -0.05 0.32 0.14 0.77 1.30 1.81 -0.28 -0.21 0.09 0.41 
Loss: 1.969204  SIA Ef: 0.815198 Binding: 0.07 0.15 0.60 -0.11 -0.45 0.23 0.18 0.15 -0.20 -0.24 -0.11  Rvol: 0.64 1.14 1.65 -0.33 -0.33 -0.05 0.32 0.14 0.78 1.33 1.87 -0.28 -0.21 0.09 0.42 
Loss: 1.059213  SIA Ef: 0.426932 Binding: 0.10 0.11 0.31 -0.15 -0.32 0.26 0.17 0.14 -0.18 -0.23 -0.18  Rvol: 0.62 1.11 1.59 -0.33 -0.34 -0.06 0.31 0.14 0.77 1.30 1.81 -0.28 -0.21 0.08 0.40 
Loss: 0.631337  SIA Ef: -0.002538 Binding: 0.14 0.12 0.02 -0.17 -0.18 0.29 0.18 0.14 -0.14 -0.21 -0.20  Rvol: 0.60 1.07 1.52 -0.33 -0.34 -0.06 0.28 0.14 0.75 1.26 1.74 -0.28 -0.21 0.07 0.38 
Loss: 0.797906  SIA Ef: -0.424397 Binding: 0.18 0.13 -0.26 -0.18 -0.05 0.33 0.19 0.14 -0.09 -0.20 -0.19  Rvol: 0.57 1.04 1.46 -0.33 -0.35 -0.07 0.26 0.14 0.73 1.23 1.67 -0.28 -0.22 0.06 0.36 
Loss: 0.633789  SIA Ef: 0.003763 Binding: 0.14 0.12 0.01 -0.17 -0.17 0.29 0.17 0.12 -0.14 -0.22 -0.22  Rvol: 0.60 1.07 1.52 -0.33 -0.34 -0.06 0.28 0.14 0.75 1.26 1.74 -0.28 -0.21 0.07 0.38 
Loss: 0.797976  SIA Ef: -0.424871 Binding: 0.18 0.13 -0.26 -0.18 -0.05 0.33 0.19 0.14 -0.09 -0.20 -0.19  Rvol: 0.57 1.04 1.46 -0.33 -0.35 -0.07 0.26 0.14 0.73 1.23 1.67 -0.28 -0.22 0.06 0.36 
Loss: 0.633377  SIA Ef: -0.000924 Binding: 0.14 0.12 0.03 -0.17 -0.17 0.29 0.16 0.11 -0.15 -0.23 -0.22  Rvol: 0.60 1.07 1.52 -0.33 -0.34 -0.06 0.28 0.14 0.75 1.26 1.74 -0.28 -0.21 0.07 0.38 
Loss: 0.799355  SIA Ef: -0.425644 Binding: 0.18 0.13 -0.26 -0.18 -0.05 0.33 0.19 0.14 -0.09 -0.20 -0.19  Rvol: 0.57 1.04 1.46 -0.33 -0.35 -0.07 0.26 0.14 0.73 1.23 1.67 -0.28 -0.22 0.06 0.36 
Loss: 0.632012  SIA Ef: 0.003176 Binding: 0.14 0.12 0.02 -0.17 -0.18 0.30 0.19 0.14 -0.13 -0.21 -0.19  Rvol: 0.60 1.07 1.52 -0.33 -0.34 -0.06 0.28 0.14 0.75 1.26 1.74 -0.28 -0.21 0.07 0.38 
Loss: 0.799723  SIA Ef: -0.426276 Binding: 0.18 0.13 -0.26 -0.18 -0.05 0.33 0.19 0.14 -0.09 -0.20 -0.19  Rvol: 0.57 1.04 1.46 -0.33 -0.35 -0.07 0.26 0.14 0.73 1.23 1.67 -0.28 -0.22 0.06 0.36 
Loss: 0.635761  SIA Ef: -0.010263 Binding: 0.15 0.15 0.02 -0.17 -0.16 0.29 0.18 0.13 -0.14 -0.21 -0.20  Rvol: 0.60 1.07 1.52 -0.33 -0.34 -0.06 0.28 0.14 0.75 1.26 1.74 -0.28 -0.21 0.07 0.38 
Loss: 0.802655  SIA Ef: -0.431681 Binding: 0.18 0.11 -0.27 -0.18 -0.05 0.33 0.19 0.14 -0.09 -0.20 -0.19  Rvol: 0.57 1.04 1.46 -0.33 -0.35 -0.07 0.26 0.14 0.73 1.22 1.67 -0.28 -0.22 0.06 0.36 
Loss: 0.625766  SIA Ef: 0.005186 Binding: 0.14 0.12 0.02 -0.16 -0.16 0.29 0.17 0.13 -0.14 -0.22 -0.21  Rvol: 0.60 1.07 1.52 -0.33 -0.34 -0.06 0.28 0.14 0.75 1.26 1.74 -0.28 -0.21 0.07 0.38 
Loss: 0.790550  SIA Ef: -0.424411 Binding: 0.18 0.12 -0.26 -0.17 -0.04 0.33 0.18 0.14 -0.09 -0.20 -0.20  Rvol: 0.57 1.04 1.45 -0.33 -0.35 -0.07 0.26 0.14 0.73 1.23 1.67 -0.28 -0.22 0.06 0.36 
Loss: 0.662282  SIA Ef: -0.014857 Binding: 0.12 0.11 0.17 -0.15 -0.21 0.28 0.17 0.14 -0.16 -0.23 -0.21  Rvol: 0.60 1.08 1.53 -0.33 -0.34 -0.07 0.26 0.14 0.75 1.26 1.74 -0.28 -0.22 0.06 0.37 
Loss: 0.678380  SIA Ef: 0.056530 Binding: 0.14 0.11 -0.00 -0.19 -0.24 0.28 0.17 0.11 -0.15 -0.22 -0.20  Rvol: 0.60 1.08 1.54 -0.33 -0.35 -0.07 0.27 0.14 0.75 1.27 1.76 -0.28 -0.22 0.07 0.38 
Loss: 0.625212  SIA Ef: 0.006910 Binding: 0.14 0.12 0.03 -0.16 -0.16 0.29 0.17 0.13 -0.14 -0.22 -0.21  Rvol: 0.60 1.07 1.52 -0.33 -0.34 -0.06 0.28 0.14 0.75 1.26 1.74 -0.28 -0.21 0.07 0.38 
Loss: 0.678415  SIA Ef: 0.160170 Binding: 0.14 0.14 0.06 -0.14 -0.15 0.31 0.21 0.19 -0.13 -0.18 -0.15  Rvol: 0.61 1.09 1.54 -0.33 -0.34 -0.06 0.28 0.14 0.75 1.27 1.76 -0.28 -0.21 0.08 0.39 
Loss: 0.625931  SIA Ef: 0.002391 Binding: 0.13 0.11 0.03 -0.17 -0.17 0.30 0.18 0.15 -0.14 -0.21 -0.19  Rvol: 0.60 1.07 1.52 -0.33 -0.34 -0.06 0.28 0.14 0.75 1.26 1.74 -0.28 -0.21 0.07 0.38 
Loss: 0.825257  SIA Ef: 0.310524 Binding: 0.13 0.13 0.16 -0.14 -0.21 0.26 0.14 0.10 -0.17 -0.25 -0.24  Rvol: 0.61 1.10 1.56 -0.33 -0.34 -0.05 0.29 0.14 0.76 1.29 1.79 -0.28 -0.21 0.08 0.40 
Loss: 0.636387  SIA Ef: -0.197018 Binding: 0.17 0.13 -0.14 -0.16 -0.09 0.31 0.18 0.13 -0.12 -0.21 -0.20  Rvol: 0.59 1.05 1.49 -0.33 -0.35 -0.06 0.27 0.14 0.74 1.24 1.71 -0.28 -0.21 0.07 0.37 
Loss: 0.640024  SIA Ef: 0.008431 Binding: 0.14 0.12 -0.01 -0.18 -0.18 0.29 0.17 0.12 -0.14 -0.22 -0.21  Rvol: 0.60 1.08 1.53 -0.33 -0.35 -0.07 0.28 0.14 0.75 1.26 1.75 -0.28 -0.22 0.07 0.38 
Loss: 0.633207  SIA Ef: 0.042212 Binding: 0.15 0.13 0.01 -0.16 -0.15 0.29 0.16 0.12 -0.15 -0.23 -0.22  Rvol: 0.60 1.08 1.52 -0.33 -0.34 -0.06 0.28 0.14 0.75 1.26 1.75 -0.28 -0.21 0.07 0.39 
Loss: 0.624818  SIA Ef: 0.007064 Binding: 0.14 0.13 0.03 -0.16 -0.16 0.29 0.17 0.13 -0.14 -0.22 -0.21  Rvol: 0.60 1.07 1.52 -0.33 -0.34 -0.06 0.28 0.14 0.75 1.26 1.74 -0.28 -0.21 0.07 0.38 
Loss: 0.630432  SIA Ef: 0.049501 Binding: 0.15 0.13 0.02 -0.15 -0.15 0.30 0.18 0.15 -0.14 -0.21 -0.20  Rvol: 0.60 1.08 1.52 -0.33 -0.34 -0.06 0.28 0.14 0.75 1.27 1.75 -0.28 -0.21 0.07 0.38 
Loss: 0.624509  SIA Ef: 0.006869 Binding: 0.14 0.13 0.03 -0.16 -0.16 0.29 0.18 0.14 -0.14 -0.22 -0.20  Rvol: 0.60 1.07 1.52 -0.33 -0.34 -0.06 0.28 0.14 0.75 1.26 1.74 -0.28 -0.21 0.07 0.38 
Loss: 0.637516  SIA Ef: 0.008710 Binding: 0.13 0.12 0.11 -0.15 -0.18 0.29 0.17 0.14 -0.15 -0.22 -0.20  Rvol: 0.60 1.08 1.52 -0.33 -0.34 -0.07 0.27 0.14 0.75 1.26 1.74 -0.28 -0.21 0.07 0.38 
Loss: 0.624669  SIA Ef: 0.005325 Binding: 0.15 0.13 0.03 -0.15 -0.15 0.29 0.17 0.13 -0.14 -0.22 -0.21  Rvol: 0.60 1.07 1.52 -0.33 -0.34 -0.06 0.28 0.14 0.75 1.26 1.74 -0.28 -0.21 0.07 0.38 
Loss: 0.627767  SIA Ef: 0.004056 Binding: 0.15 0.14 0.03 -0.16 -0.16 0.29 0.18 0.14 -0.14 -0.21 -0.20  Rvol: 0.60 1.07 1.52 -0.33 -0.34 -0.06 0.28 0.14 0.75 1.26 1.74 -0.28 -0.21 0.07 0.38 
Loss: 0.624514  SIA Ef: 0.007423 Binding: 0.14 0.13 0.03 -0.15 -0.15 0.29 0.18 0.14 -0.14 -0.22 -0.20  Rvol: 0.60 1.07 1.52 -0.33 -0.34 -0.06 0.28 0.14 0.75 1.26 1.74 -0.28 -0.21 0.07 0.38 
Loss: 0.633559  SIA Ef: 0.019093 Binding: 0.14 0.13 0.02 -0.16 -0.17 0.29 0.17 0.13 -0.14 -0.22 -0.20  Rvol: 0.60 1.08 1.53 -0.33 -0.35 -0.06 0.28 0.14 0.75 1.26 1.75 -0.28 -0.21 0.07 0.38 
Loss: 0.623763  SIA Ef: 0.004730 Binding: 0.15 0.13 0.03 -0.15 -0.15 0.29 0.17 0.13 -0.14 -0.22 -0.21  Rvol: 0.60 1.07 1.52 -0.33 -0.34 -0.06 0.28 0.14 0.75 1.26 1.74 -0.28 -0.21 0.07 0.38 
Loss: 0.611294  SIA Ef: -0.096923 Binding: 0.16 0.14 -0.06 -0.16 -0.12 0.30 0.18 0.13 -0.13 -0.21 -0.20  Rvol: 0.59 1.06 1.50 -0.33 -0.34 -0.06 0.28 0.14 0.74 1.25 1.72 -0.28 -0.21 0.07 0.38 
Loss: 0.620308  SIA Ef: -0.128915 Binding: 0.17 0.14 -0.12 -0.16 -0.09 0.31 0.17 0.12 -0.12 -0.22 -0.21  Rvol: 0.59 1.06 1.50 -0.33 -0.34 -0.06 0.28 0.14 0.74 1.25 1.72 -0.28 -0.21 0.07 0.38 
Loss: 0.608642  SIA Ef: -0.096179 Binding: 0.15 0.13 -0.05 -0.16 -0.12 0.30 0.18 0.14 -0.13 -0.21 -0.20  Rvol: 0.59 1.06 1.50 -0.33 -0.34 -0.06 0.28 0.14 0.74 1.25 1.72 -0.28 -0.21 0.07 0.38 
Loss: 0.611336  SIA Ef: -0.165281 Binding: 0.15 0.13 -0.04 -0.15 -0.11 0.31 0.18 0.15 -0.13 -0.21 -0.20  Rvol: 0.59 1.06 1.49 -0.33 -0.34 -0.07 0.27 0.14 0.74 1.25 1.71 -0.28 -0.21 0.07 0.37 
Loss: 0.609198  SIA Ef: -0.090913 Binding: 0.16 0.13 -0.07 -0.15 -0.11 0.31 0.19 0.15 -0.12 -0.20 -0.19  Rvol: 0.59 1.06 1.50 -0.33 -0.34 -0.06 0.28 0.14 0.74 1.25 1.72 -0.28 -0.21 0.07 0.38 
Loss: 0.608348  SIA Ef: -0.094636 Binding: 0.15 0.13 -0.05 -0.16 -0.12 0.30 0.18 0.14 -0.13 -0.21 -0.20  Rvol: 0.59 1.06 1.50 -0.33 -0.34 -0.06 0.28 0.14 0.74 1.25 1.72 -0.28 -0.21 0.07 0.38 
Loss: 0.614095  SIA Ef: -0.112716 Binding: 0.16 0.13 -0.07 -0.16 -0.12 0.31 0.18 0.14 -0.13 -0.21 -0.20  Rvol: 0.59 1.06 1.50 -0.33 -0.35 -0.06 0.28 0.14 0.74 1.25 1.72 -0.28 -0.21 0.07 0.37 
Loss: 0.607897  SIA Ef: -0.092724 Binding: 0.15 0.13 -0.05 -0.16 -0.12 0.30 0.18 0.14 -0.13 -0.21 -0.20  Rvol: 0.59 1.06 1.50 -0.33 -0.34 -0.06 0.28 0.14 0.74 1.25 1.72 -0.28 -0.21 0.07 0.38 
Loss: 0.606521  SIA Ef: -0.075346 Binding: 0.15 0.13 -0.03 -0.15 -0.12 0.30 0.18 0.14 -0.13 -0.21 -0.20  Rvol: 0.59 1.07 1.51 -0.33 -0.34 -0.06 0.27 0.14 0.74 1.25 1.73 -0.28 -0.21 0.07 0.38 
Loss: 0.606389  SIA Ef: -0.075094 Binding: 0.15 0.13 -0.03 -0.15 -0.13 0.30 0.18 0.14 -0.13 -0.21 -0.20  Rvol: 0.59 1.07 1.51 -0.33 -0.34 -0.06 0.27 0.14 0.74 1.25 1.73 -0.28 -0.21 0.07 0.38 
Loss: 0.606701  SIA Ef: -0.065985 Binding: 0.15 0.13 -0.02 -0.15 -0.13 0.30 0.18 0.14 -0.13 -0.22 -0.21  Rvol: 0.59 1.07 1.51 -0.33 -0.34 -0.06 0.27 0.14 0.74 1.26 1.73 -0.28 -0.21 0.07 0.38 
Loss: 0.609125  SIA Ef: -0.058454 Binding: 0.15 0.13 -0.01 -0.15 -0.13 0.30 0.18 0.14 -0.13 -0.21 -0.20  Rvol: 0.59 1.07 1.51 -0.33 -0.34 -0.06 0.28 0.14 0.74 1.26 1.73 -0.28 -0.21 0.07 0.38 
Loss: 0.604568  SIA Ef: -0.073541 Binding: 0.15 0.13 -0.04 -0.15 -0.12 0.30 0.18 0.14 -0.13 -0.21 -0.20  Rvol: 0.59 1.07 1.51 -0.33 -0.34 -0.06 0.28 0.14 0.74 1.25 1.73 -0.28 -0.21 0.07 0.38 
Loss: 0.603379  SIA Ef: -0.109798 Binding: 0.15 0.13 -0.04 -0.15 -0.11 0.30 0.18 0.14 -0.13 -0.21 -0.20  Rvol: 0.59 1.06 1.50 -0.33 -0.34 -0.06 0.27 0.14 0.74 1.25 1.72 -0.28 -0.21 0.07 0.37 
Loss: 0.603403  SIA Ef: -0.113314 Binding: 0.15 0.13 -0.04 -0.15 -0.11 0.30 0.18 0.14 -0.13 -0.21 -0.20  Rvol: 0.59 1.06 1.50 -0.33 -0.34 -0.06 0.27 0.14 0.74 1.25 1.72 -0.28 -0.21 0.07 0.37 
Loss: 0.609781  SIA Ef: -0.142948 Binding: 0.16 0.13 -0.07 -0.15 -0.09 0.31 0.17 0.13 -0.13 -0.21 -0.21  Rvol: 0.59 1.06 1.49 -0.33 -0.34 -0.06 0.27 0.14 0.74 1.25 1.71 -0.28 -0.21 0.07 0.37 
Loss: 0.603682  SIA Ef: -0.110980 Binding: 0.15 0.13 -0.03 -0.15 -0.12 0.30 0.17 0.13 -0.13 -0.22 -0.21  Rvol: 0.59 1.06 1.50 -0.33 -0.34 -0.06 0.27 0.14 0.74 1.25 1.72 -0.28 -0.21 0.07 0.37 
Loss: 0.600595  SIA Ef: -0.078771 Binding: 0.15 0.13 0.00 -0.14 -0.12 0.30 0.18 0.14 -0.13 -0.21 -0.21  Rvol: 0.59 1.07 1.50 -0.33 -0.34 -0.06 0.27 0.14 0.74 1.25 1.72 -0.28 -0.21 0.07 0.37 
Loss: 0.602328  SIA Ef: -0.060955 Binding: 0.14 0.13 0.03 -0.14 -0.11 0.30 0.18 0.15 -0.14 -0.21 -0.21  Rvol: 0.59 1.07 1.51 -0.33 -0.34 -0.06 0.28 0.14 0.74 1.25 1.73 -0.28 -0.21 0.07 0.37 
Loss: 0.600420  SIA Ef: -0.078005 Binding: 0.15 0.13 -0.00 -0.14 -0.12 0.30 0.18 0.14 -0.13 -0.21 -0.21  Rvol: 0.59 1.07 1.50 -0.33 -0.34 -0.06 0.27 0.14 0.74 1.25 1.73 -0.28 -0.21 0.07 0.37 
Loss: 0.602054  SIA Ef: -0.060188 Binding: 0.14 0.13 0.02 -0.14 -0.12 0.30 0.18 0.14 -0.14 -0.21 -0.21  Rvol: 0.59 1.07 1.51 -0.33 -0.34 -0.06 0.28 0.14 0.74 1.25 1.73 -0.28 -0.21 0.07 0.37 
Loss: 0.600741  SIA Ef: -0.077305 Binding: 0.15 0.13 0.00 -0.14 -0.12 0.30 0.18 0.14 -0.13 -0.21 -0.21  Rvol: 0.59 1.07 1.50 -0.33 -0.34 -0.06 0.27 0.14 0.74 1.25 1.73 -0.28 -0.21 0.07 0.37 
Loss: 0.601759  SIA Ef: -0.060784 Binding: 0.14 0.13 0.02 -0.14 -0.12 0.30 0.18 0.14 -0.14 -0.22 -0.21  Rvol: 0.59 1.07 1.51 -0.33 -0.34 -0.06 0.28 0.14 0.74 1.25 1.73 -0.28 -0.21 0.07 0.37 
Loss: 0.601816  SIA Ef: -0.071050 Binding: 0.15 0.13 0.00 -0.14 -0.12 0.30 0.18 0.14 -0.14 -0.22 -0.21  Rvol: 0.59 1.07 1.51 -0.33 -0.34 -0.06 0.27 0.14 0.74 1.25 1.73 -0.28 -0.21 0.07 0.37 
Loss: 0.598542  SIA Ef: -0.076124 Binding: 0.14 0.12 0.01 -0.14 -0.12 0.30 0.18 0.14 -0.13 -0.21 -0.21  Rvol: 0.59 1.07 1.50 -0.33 -0.34 -0.06 0.27 0.14 0.74 1.25 1.72 -0.28 -0.21 0.07 0.37 
Loss: 0.600665  SIA Ef: -0.058509 Binding: 0.14 0.12 0.03 -0.14 -0.11 0.30 0.18 0.15 -0.14 -0.22 -0.21  Rvol: 0.59 1.07 1.51 -0.33 -0.34 -0.06 0.28 0.14 0.74 1.25 1.73 -0.28 -0.21 0.07 0.37 
Loss: 0.597417  SIA Ef: -0.082673 Binding: 0.15 0.12 0.00 -0.14 -0.12 0.30 0.18 0.15 -0.13 -0.21 -0.20  Rvol: 0.59 1.07 1.50 -0.33 -0.34 -0.06 0.27 0.14 0.74 1.25 1.72 -0.28 -0.21 0.07 0.37 
Loss: 0.596981  SIA Ef: -0.097368 Binding: 0.15 0.12 -0.02 -0.14 -0.11 0.30 0.17 0.14 -0.13 -0.22 -0.20  Rvol: 0.59 1.06 1.50 -0.33 -0.34 -0.06 0.27 0.14 0.74 1.25 1.72 -0.28 -0.21 0.07 0.37 
Loss: 0.596972  SIA Ef: -0.097228 Binding: 0.15 0.12 -0.02 -0.14 -0.12 0.30 0.17 0.14 -0.13 -0.22 -0.20  Rvol: 0.59 1.06 1.50 -0.33 -0.34 -0.06 0.27 0.14 0.74 1.25 1.72 -0.28 -0.21 0.07 0.37 
Loss: 0.597732  SIA Ef: -0.099174 Binding: 0.14 0.12 -0.01 -0.14 -0.12 0.30 0.18 0.15 -0.13 -0.21 -0.20  Rvol: 0.59 1.07 1.50 -0.33 -0.34 -0.07 0.27 0.14 0.74 1.25 1.72 -0.28 -0.21 0.07 0.37 
Loss: 0.597036  SIA Ef: -0.087931 Binding: 0.15 0.12 -0.03 -0.14 -0.11 0.30 0.18 0.14 -0.13 -0.21 -0.20  Rvol: 0.59 1.07 1.50 -0.33 -0.34 -0.06 0.27 0.14 0.74 1.25 1.72 -0.28 -0.21 0.07 0.37 
Loss: 0.599082  SIA Ef: -0.065021 Binding: 0.14 0.12 -0.01 -0.15 -0.12 0.30 0.17 0.14 -0.14 -0.22 -0.21  Rvol: 0.59 1.07 1.51 -0.33 -0.34 -0.06 0.27 0.14 0.74 1.25 1.73 -0.28 -0.21 0.07 0.37 
Loss: 0.597094  SIA Ef: -0.093970 Binding: 0.15 0.12 -0.02 -0.14 -0.11 0.30 0.17 0.14 -0.13 -0.22 -0.21  Rvol: 0.59 1.06 1.50 -0.33 -0.34 -0.06 0.27 0.14 0.74 1.25 1.72 -0.28 -0.21 0.07 0.37 
Loss: 0.601626  SIA Ef: -0.140618 Binding: 0.15 0.12 -0.06 -0.15 -0.10 0.31 0.18 0.14 -0.13 -0.21 -0.21  Rvol: 0.59 1.06 1.49 -0.33 -0.34 -0.06 0.27 0.14 0.74 1.25 1.71 -0.28 -0.21 0.07 0.37 
Loss: 0.595691  SIA Ef: -0.089404 Binding: 0.14 0.12 -0.01 -0.14 -0.12 0.30 0.17 0.14 -0.13 -0.22 -0.21  Rvol: 0.59 1.07 1.50 -0.33 -0.34 -0.06 0.27 0.14 0.74 1.25 1.72 -0.28 -0.21 0.07 0.37 
Loss: 0.595375  SIA Ef: -0.081812 Binding: 0.14 0.12 0.00 -0.14 -0.12 0.30 0.17 0.14 -0.13 -0.22 -0.21  Rvol: 0.59 1.07 1.50 -0.33 -0.34 -0.06 0.27 0.14 0.74 1.25 1.72 -0.28 -0.21 0.07 0.37 
Loss: 0.595417  SIA Ef: -0.081914 Binding: 0.14 0.12 0.00 -0.14 -0.12 0.30 0.17 0.14 -0.13 -0.22 -0.21  Rvol: 0.59 1.07 1.50 -0.33 -0.34 -0.06 0.27 0.14 0.74 1.25 1.72 -0.28 -0.21 0.07 0.37 
Loss: 0.597371  SIA Ef: -0.074873 Binding: 0.14 0.12 0.01 -0.14 -0.12 0.30 0.17 0.14 -0.14 -0.22 -0.21  Rvol: 0.59 1.07 1.50 -0.33 -0.34 -0.06 0.27 0.14 0.74 1.25 1.72 -0.28 -0.21 0.07 0.37 
Loss: 0.594461  SIA Ef: -0.092541 Binding: 0.14 0.12 -0.00 -0.14 -0.11 0.30 0.17 0.14 -0.13 -0.22 -0.21  Rvol: 0.59 1.07 1.50 -0.33 -0.34 -0.06 0.27 0.14 0.74 1.25 1.72 -0.28 -0.21 0.07 0.37 
Loss: 0.593435  SIA Ef: -0.104598 Binding: 0.14 0.12 -0.01 -0.14 -0.11 0.30 0.17 0.15 -0.13 -0.21 -0.20  Rvol: 0.59 1.06 1.50 -0.33 -0.34 -0.06 0.27 0.14 0.74 1.25 1.72 -0.28 -0.21 0.07 0.37 
Loss: 0.593447  SIA Ef: -0.116640 Binding: 0.14 0.12 -0.01 -0.14 -0.10 0.30 0.18 0.15 -0.13 -0.21 -0.20  Rvol: 0.59 1.06 1.50 -0.33 -0.34 -0.06 0.27 0.14 0.74 1.25 1.72 -0.28 -0.21 0.07 0.37 
Loss: 0.593827  SIA Ef: -0.108435 Binding: 0.14 0.12 -0.02 -0.14 -0.11 0.30 0.17 0.14 -0.13 -0.22 -0.21  Rvol: 0.59 1.06 1.50 -0.33 -0.34 -0.06 0.27 0.14 0.74 1.25 1.72 -0.28 -0.21 0.07 0.37 
Loss: 0.593076  SIA Ef: -0.107965 Binding: 0.14 0.12 -0.01 -0.14 -0.11 0.30 0.18 0.15 -0.13 -0.21 -0.20  Rvol: 0.59 1.06 1.50 -0.33 -0.34 -0.06 0.27 0.14 0.74 1.25 1.72 -0.28 -0.21 0.07 0.37 
Loss: 0.593113  SIA Ef: -0.109664 Binding: 0.14 0.12 -0.01 -0.14 -0.11 0.30 0.18 0.15 -0.13 -0.21 -0.20  Rvol: 0.59 1.06 1.50 -0.33 -0.34 -0.06 0.27 0.14 0.74 1.25 1.72 -0.28 -0.21 0.07 0.37 
Loss: 0.593091  SIA Ef: -0.109229 Binding: 0.14 0.12 -0.00 -0.14 -0.11 0.30 0.18 0.15 -0.13 -0.21 -0.20  Rvol: 0.59 1.06 1.50 -0.33 -0.34 -0.06 0.27 0.14 0.74 1.25 1.72 -0.28 -0.21 0.07 0.37 
Loss: 0.593424  SIA Ef: -0.112905 Binding: 0.14 0.12 -0.00 -0.14 -0.11 0.30 0.17 0.15 -0.13 -0.22 -0.20  Rvol: 0.59 1.06 1.50 -0.33 -0.34 -0.06 0.27 0.14 0.74 1.25 1.72 -0.28 -0.21 0.07 0.37 
Loss: 0.594115  SIA Ef: -0.115807 Binding: 0.14 0.12 -0.02 -0.14 -0.10 0.30 0.18 0.15 -0.13 -0.21 -0.20  Rvol: 0.59 1.06 1.50 -0.33 -0.34 -0.06 0.27 0.14 0.74 1.25 1.72 -0.28 -0.21 0.07 0.37 
Loss: 0.594329  SIA Ef: -0.115664 Binding: 0.14 0.12 -0.02 -0.14 -0.10 0.30 0.18 0.15 -0.13 -0.21 -0.20  Rvol: 0.59 1.06 1.50 -0.33 -0.34 -0.06 0.27 0.14 0.74 1.25 1.72 -0.28 -0.21 0.07 0.37 
Loss: 0.591389  SIA Ef: -0.097192 Binding: 0.14 0.12 0.00 -0.14 -0.11 0.30 0.18 0.15 -0.13 -0.21 -0.20  Rvol: 0.59 1.06 1.50 -0.33 -0.34 -0.06 0.27 0.14 0.74 1.25 1.72 -0.28 -0.21 0.07 0.37 
Loss: 0.591370  SIA Ef: -0.086998 Binding: 0.14 0.12 0.01 -0.13 -0.11 0.30 0.18 0.15 -0.13 -0.21 -0.20  Rvol: 0.59 1.07 1.50 -0.33 -0.34 -0.06 0.27 0.14 0.74 1.25 1.72 -0.28 -0.21 0.07 0.37 
Loss: 0.592295  SIA Ef: -0.080941 Binding: 0.14 0.12 0.01 -0.13 -0.11 0.30 0.18 0.15 -0.13 -0.21 -0.21  Rvol: 0.59 1.07 1.50 -0.33 -0.34 -0.06 0.27 0.14 0.74 1.25 1.72 -0.28 -0.21 0.07 0.37 
Loss: 0.592859  SIA Ef: -0.074802 Binding: 0.14 0.12 0.02 -0.13 -0.11 0.30 0.18 0.15 -0.13 -0.21 -0.21  Rvol: 0.59 1.07 1.50 -0.33 -0.34 -0.06 0.27 0.14 0.74 1.25 1.72 -0.28 -0.21 0.07 0.37 
Loss: 0.590884  SIA Ef: -0.088070 Binding: 0.14 0.12 0.01 -0.13 -0.11 0.30 0.18 0.15 -0.13 -0.21 -0.20  Rvol: 0.59 1.07 1.50 -0.33 -0.34 -0.06 0.27 0.14 0.74 1.25 1.72 -0.28 -0.21 0.07 0.37 
Loss: 0.590167  SIA Ef: -0.103260 Binding: 0.14 0.12 -0.00 -0.13 -0.11 0.30 0.18 0.15 -0.13 -0.21 -0.20  Rvol: 0.59 1.06 1.50 -0.33 -0.34 -0.06 0.27 0.14 0.74 1.25 1.72 -0.28 -0.21 0.07 0.37 
Loss: 0.590766  SIA Ef: -0.110012 Binding: 0.15 0.12 -0.01 -0.13 -0.10 0.30 0.18 0.15 -0.13 -0.21 -0.20  Rvol: 0.59 1.06 1.50 -0.33 -0.34 -0.06 0.27 0.14 0.74 1.25 1.72 -0.28 -0.21 0.07 0.37 
Loss: 0.590151  SIA Ef: -0.106570 Binding: 0.14 0.12 -0.00 -0.13 -0.11 0.30 0.18 0.15 -0.13 -0.21 -0.20  Rvol: 0.59 1.06 1.50 -0.33 -0.34 -0.06 0.27 0.14 0.74 1.25 1.72 -0.28 -0.21 0.07 0.37 
Loss: 0.590427  SIA Ef: -0.109458 Binding: 0.14 0.12 -0.01 -0.13 -0.10 0.30 0.18 0.15 -0.13 -0.21 -0.20  Rvol: 0.59 1.06 1.50 -0.33 -0.34 -0.06 0.27 0.14 0.74 1.25 1.72 -0.28 -0.21 0.07 0.37 
Loss: 0.590161  SIA Ef: -0.106984 Binding: 0.14 0.12 -0.00 -0.13 -0.10 0.30 0.18 0.15 -0.13 -0.21 -0.20  Rvol: 0.59 1.06 1.50 -0.33 -0.34 -0.06 0.27 0.14 0.74 1.25 1.72 -0.28 -0.21 0.07 0.37 
Loss: 0.590783  SIA Ef: -0.114969 Binding: 0.14 0.12 0.00 -0.13 -0.10 0.30 0.17 0.15 -0.13 -0.22 -0.21  Rvol: 0.59 1.06 1.50 -0.33 -0.34 -0.06 0.27 0.14 0.74 1.25 1.72 -0.28 -0.21 0.07 0.37 
Loss: 0.590731  SIA Ef: -0.112704 Binding: 0.14 0.12 -0.00 -0.13 -0.10 0.30 0.18 0.15 -0.13 -0.21 -0.20  Rvol: 0.59 1.06 1.50 -0.33 -0.34 -0.06 0.27 0.14 0.74 1.25 1.72 -0.28 -0.21 0.07 0.37 
Loss: 0.590604  SIA Ef: -0.111994 Binding: 0.14 0.11 -0.01 -0.13 -0.10 0.30 0.18 0.15 -0.13 -0.21 -0.20  Rvol: 0.59 1.06 1.50 -0.33 -0.34 -0.06 0.27 0.14 0.74 1.25 1.72 -0.28 -0.21 0.07 0.37 
Loss: 0.589363  SIA Ef: -0.102418 Binding: 0.14 0.12 0.01 -0.13 -0.11 0.30 0.18 0.15 -0.13 -0.21 -0.20  Rvol: 0.59 1.06 1.50 -0.33 -0.34 -0.06 0.27 0.14 0.74 1.25 1.72 -0.28 -0.21 0.07 0.37 
Loss: 0.588975  SIA Ef: -0.095007 Binding: 0.14 0.12 0.01 -0.13 -0.11 0.30 0.18 0.15 -0.13 -0.21 -0.20  Rvol: 0.59 1.07 1.50 -0.33 -0.34 -0.06 0.27 0.14 0.74 1.25 1.72 -0.28 -0.21 0.07 0.37 
Loss: 0.588353  SIA Ef: -0.094973 Binding: 0.14 0.12 0.01 -0.13 -0.10 0.30 0.18 0.15 -0.13 -0.21 -0.20  Rvol: 0.59 1.07 1.50 -0.33 -0.34 -0.06 0.27 0.14 0.74 1.25 1.72 -0.28 -0.21 0.07 0.37 
Loss: 0.588211  SIA Ef: -0.097734 Binding: 0.14 0.12 0.01 -0.13 -0.10 0.30 0.18 0.16 -0.13 -0.21 -0.20  Rvol: 0.59 1.06 1.50 -0.33 -0.34 -0.06 0.27 0.14 0.74 1.25 1.72 -0.28 -0.21 0.07 0.37 
Loss: 0.588279  SIA Ef: -0.093785 Binding: 0.14 0.12 0.01 -0.13 -0.10 0.30 0.18 0.16 -0.13 -0.21 -0.20  Rvol: 0.59 1.07 1.50 -0.33 -0.34 -0.06 0.27 0.14 0.74 1.25 1.72 -0.28 -0.21 0.07 0.37 
Loss: 0.587946  SIA Ef: -0.092309 Binding: 0.14 0.12 0.01 -0.13 -0.10 0.30 0.18 0.15 -0.13 -0.21 -0.20  Rvol: 0.59 1.07 1.50 -0.33 -0.34 -0.06 0.27 0.14 0.74 1.25 1.72 -0.28 -0.21 0.07 0.37 
Loss: 0.587363  SIA Ef: -0.094038 Binding: 0.14 0.12 0.01 -0.13 -0.10 0.30 0.18 0.16 -0.13 -0.21 -0.20  Rvol: 0.59 1.07 1.50 -0.33 -0.34 -0.06 0.27 0.14 0.74 1.25 1.72 -0.28 -0.21 0.07 0.37 
Loss: 0.587006  SIA Ef: -0.094705 Binding: 0.14 0.12 0.01 -0.13 -0.10 0.30 0.18 0.16 -0.13 -0.21 -0.20  Rvol: 0.59 1.06 1.50 -0.33 -0.34 -0.06 0.27 0.14 0.74 1.25 1.72 -0.28 -0.21 0.07 0.37 
Loss: 0.586986  SIA Ef: -0.096445 Binding: 0.14 0.12 0.01 -0.13 -0.10 0.30 0.18 0.16 -0.13 -0.21 -0.20  Rvol: 0.59 1.06 1.50 -0.33 -0.34 -0.06 0.27 0.14 0.74 1.25 1.72 -0.28 -0.21 0.07 0.37 
Loss: 0.586506  SIA Ef: -0.098841 Binding: 0.14 0.12 0.00 -0.13 -0.10 0.30 0.18 0.16 -0.13 -0.21 -0.20  Rvol: 0.59 1.06 1.50 -0.33 -0.34 -0.06 0.27 0.14 0.74 1.25 1.72 -0.28 -0.21 0.07 0.37 
Loss: 0.586085  SIA Ef: -0.098841 Binding: 0.14 0.12 0.00 -0.13 -0.09 0.30 0.18 0.16 -0.13 -0.21 -0.20  Rvol: 0.59 1.06 1.50 -0.33 -0.34 -0.06 0.27 0.14 0.74 1.25 1.72 -0.28 -0.21 0.07 0.37 
Loss: 0.585690  SIA Ef: -0.099214 Binding: 0.14 0.12 -0.00 -0.13 -0.09 0.30 0.18 0.16 -0.13 -0.21 -0.20  Rvol: 0.59 1.06 1.49 -0.33 -0.34 -0.06 0.27 0.14 0.74 1.25 1.72 -0.28 -0.21 0.07 0.37 
Loss: 0.585946  SIA Ef: -0.105995 Binding: 0.14 0.12 -0.01 -0.13 -0.09 0.31 0.18 0.16 -0.13 -0.21 -0.20  Rvol: 0.59 1.06 1.49 -0.33 -0.34 -0.06 0.27 0.14 0.74 1.25 1.71 -0.28 -0.21 0.07 0.37 
Loss: 0.585736  SIA Ef: -0.100645 Binding: 0.14 0.12 -0.00 -0.13 -0.09 0.30 0.18 0.16 -0.13 -0.21 -0.20  Rvol: 0.59 1.06 1.49 -0.33 -0.34 -0.06 0.27 0.14 0.74 1.25 1.72 -0.28 -0.21 0.07 0.37 
Loss: 0.584960  SIA Ef: -0.094452 Binding: 0.14 0.12 0.00 -0.13 -0.09 0.30 0.18 0.16 -0.13 -0.21 -0.20  Rvol: 0.59 1.06 1.50 -0.33 -0.34 -0.06 0.27 0.14 0.74 1.25 1.72 -0.28 -0.21 0.07 0.37 
Loss: 0.584310  SIA Ef: -0.087069 Binding: 0.14 0.12 0.01 -0.12 -0.09 0.30 0.18 0.16 -0.13 -0.21 -0.20  Rvol: 0.59 1.07 1.50 -0.33 -0.34 -0.06 0.27 0.14 0.74 1.25 1.72 -0.28 -0.21 0.07 0.37 
Loss: 0.584060  SIA Ef: -0.092372 Binding: 0.14 0.12 0.01 -0.12 -0.09 0.30 0.18 0.16 -0.13 -0.21 -0.20  Rvol: 0.59 1.06 1.50 -0.33 -0.34 -0.06 0.27 0.14 0.74 1.25 1.72 -0.28 -0.21 0.07 0.37 
Loss: 0.583445  SIA Ef: -0.086046 Binding: 0.14 0.12 0.02 -0.12 -0.10 0.30 0.18 0.16 -0.13 -0.21 -0.20  Rvol: 0.59 1.07 1.50 -0.33 -0.34 -0.06 0.27 0.14 0.74 1.25 1.72 -0.28 -0.21 0.07 0.37 
Loss: 0.582939  SIA Ef: -0.081172 Binding: 0.14 0.11 0.02 -0.12 -0.10 0.30 0.18 0.16 -0.13 -0.21 -0.20  Rvol: 0.59 1.07 1.50 -0.33 -0.34 -0.06 0.27 0.14 0.74 1.25 1.72 -0.28 -0.21 0.07 0.37 
Loss: 0.582455  SIA Ef: -0.084690 Binding: 0.14 0.11 0.02 -0.12 -0.10 0.30 0.18 0.16 -0.13 -0.21 -0.20  Rvol: 0.59 1.07 1.50 -0.33 -0.34 -0.06 0.27 0.14 0.74 1.25 1.72 -0.28 -0.21 0.07 0.37 
Loss: 0.582060  SIA Ef: -0.082735 Binding: 0.14 0.11 0.02 -0.12 -0.09 0.30 0.18 0.16 -0.13 -0.21 -0.20  Rvol: 0.59 1.07 1.50 -0.33 -0.34 -0.06 0.27 0.14 0.74 1.25 1.72 -0.28 -0.21 0.07 0.37 
Loss: 0.582296  SIA Ef: -0.080078 Binding: 0.14 0.11 0.03 -0.12 -0.09 0.30 0.18 0.16 -0.13 -0.21 -0.20  Rvol: 0.59 1.07 1.50 -0.33 -0.34 -0.06 0.27 0.14 0.74 1.25 1.72 -0.28 -0.21 0.07 0.37 
Loss: 0.582039  SIA Ef: -0.084375 Binding: 0.14 0.11 0.02 -0.12 -0.09 0.30 0.18 0.16 -0.13 -0.21 -0.20  Rvol: 0.59 1.07 1.50 -0.33 -0.34 -0.06 0.27 0.14 0.74 1.25 1.72 -0.28 -0.21 0.07 0.37 
Loss: 0.581924  SIA Ef: -0.079137 Binding: 0.14 0.11 0.02 -0.12 -0.09 0.30 0.18 0.16 -0.13 -0.21 -0.20  Rvol: 0.59 1.07 1.50 -0.33 -0.34 -0.06 0.27 0.14 0.74 1.25 1.72 -0.28 -0.21 0.07 0.37 
Loss: 0.581948  SIA Ef: -0.078930 Binding: 0.14 0.11 0.02 -0.12 -0.09 0.30 0.18 0.16 -0.13 -0.21 -0.20  Rvol: 0.59 1.07 1.50 -0.33 -0.34 -0.06 0.27 0.14 0.74 1.25 1.72 -0.28 -0.21 0.07 0.37 
Loss: 0.581802  SIA Ef: -0.076726 Binding: 0.14 0.11 0.02 -0.12 -0.10 0.30 0.18 0.16 -0.13 -0.21 -0.20  Rvol: 0.59 1.07 1.50 -0.33 -0.34 -0.06 0.27 0.14 0.74 1.25 1.72 -0.28 -0.21 0.07 0.37 
Loss: 0.581246  SIA Ef: -0.079984 Binding: 0.14 0.11 0.02 -0.12 -0.09 0.30 0.18 0.16 -0.13 -0.21 -0.20  Rvol: 0.59 1.07 1.50 -0.33 -0.34 -0.06 0.27 0.14 0.74 1.25 1.72 -0.28 -0.21 0.07 0.37 
Loss: 0.581003  SIA Ef: -0.078865 Binding: 0.14 0.11 0.01 -0.12 -0.09 0.31 0.18 0.17 -0.13 -0.21 -0.20  Rvol: 0.59 1.07 1.50 -0.33 -0.34 -0.06 0.27 0.14 0.74 1.25 1.72 -0.28 -0.21 0.07 0.37 
Loss: 0.580585  SIA Ef: -0.085746 Binding: 0.14 0.11 0.00 -0.12 -0.08 0.31 0.18 0.17 -0.13 -0.21 -0.20  Rvol: 0.59 1.06 1.49 -0.33 -0.34 -0.06 0.27 0.14 0.74 1.25 1.72 -0.28 -0.21 0.07 0.37 
Loss: 0.580602  SIA Ef: -0.093626 Binding: 0.14 0.11 -0.00 -0.12 -0.08 0.31 0.18 0.17 -0.13 -0.21 -0.20  Rvol: 0.59 1.06 1.49 -0.33 -0.34 -0.06 0.27 0.14 0.74 1.25 1.71 -0.28 -0.21 0.07 0.37 
Loss: 0.580577  SIA Ef: -0.083255 Binding: 0.14 0.11 0.00 -0.12 -0.08 0.31 0.18 0.17 -0.13 -0.21 -0.20  Rvol: 0.59 1.06 1.49 -0.33 -0.34 -0.06 0.27 0.14 0.74 1.25 1.72 -0.28 -0.21 0.07 0.37 
Loss: 0.580168  SIA Ef: -0.081249 Binding: 0.14 0.11 0.00 -0.12 -0.08 0.31 0.18 0.17 -0.13 -0.21 -0.20  Rvol: 0.59 1.06 1.49 -0.33 -0.34 -0.06 0.27 0.14 0.74 1.25 1.72 -0.28 -0.21 0.07 0.37 
Loss: 0.579765  SIA Ef: -0.079559 Binding: 0.14 0.11 0.01 -0.12 -0.08 0.31 0.18 0.17 -0.13 -0.21 -0.20  Rvol: 0.59 1.07 1.49 -0.33 -0.34 -0.06 0.27 0.14 0.74 1.25 1.72 -0.28 -0.21 0.07 0.37 
Loss: 0.579093  SIA Ef: -0.076868 Binding: 0.14 0.11 0.01 -0.12 -0.08 0.31 0.18 0.17 -0.13 -0.21 -0.20  Rvol: 0.59 1.07 1.49 -0.33 -0.34 -0.06 0.27 0.14 0.74 1.25 1.72 -0.28 -0.21 0.07 0.37 
Loss: 0.578758  SIA Ef: -0.073956 Binding: 0.14 0.11 0.01 -0.12 -0.08 0.31 0.18 0.17 -0.13 -0.21 -0.20  Rvol: 0.59 1.07 1.49 -0.33 -0.34 -0.06 0.27 0.14 0.74 1.25 1.72 -0.28 -0.21 0.07 0.37 
Loss: 0.578210  SIA Ef: -0.070395 Binding: 0.14 0.11 0.02 -0.12 -0.08 0.31 0.18 0.17 -0.13 -0.21 -0.20  Rvol: 0.59 1.07 1.49 -0.33 -0.34 -0.06 0.27 0.14 0.74 1.25 1.72 -0.28 -0.21 0.07 0.37 
Loss: 0.577908  SIA Ef: -0.064284 Binding: 0.14 0.11 0.02 -0.12 -0.09 0.31 0.18 0.17 -0.13 -0.21 -0.20  Rvol: 0.59 1.07 1.50 -0.33 -0.34 -0.06 0.27 0.14 0.74 1.25 1.72 -0.28 -0.21 0.07 0.37 
Loss: 0.577533  SIA Ef: -0.068816 Binding: 0.14 0.11 0.02 -0.12 -0.08 0.31 0.18 0.17 -0.13 -0.21 -0.20  Rvol: 0.59 1.07 1.49 -0.33 -0.34 -0.06 0.27 0.14 0.74 1.25 1.72 -0.28 -0.21 0.07 0.37 
Loss: 0.576956  SIA Ef: -0.071734 Binding: 0.14 0.11 0.02 -0.11 -0.08 0.31 0.18 0.17 -0.13 -0.21 -0.20  Rvol: 0.59 1.07 1.49 -0.33 -0.34 -0.06 0.27 0.14 0.74 1.25 1.72 -0.28 -0.21 0.07 0.37 
Loss: 0.576661  SIA Ef: -0.070357 Binding: 0.13 0.11 0.03 -0.11 -0.08 0.30 0.18 0.17 -0.13 -0.21 -0.20  Rvol: 0.59 1.07 1.49 -0.33 -0.34 -0.06 0.27 0.14 0.74 1.25 1.72 -0.28 -0.21 0.07 0.37 
Loss: 0.576680  SIA Ef: -0.066918 Binding: 0.13 0.11 0.03 -0.11 -0.08 0.30 0.18 0.17 -0.13 -0.21 -0.20  Rvol: 0.59 1.07 1.49 -0.33 -0.34 -0.06 0.27 0.14 0.74 1.25 1.72 -0.28 -0.21 0.07 0.37 
Loss: 0.577106  SIA Ef: -0.066516 Binding: 0.13 0.11 0.03 -0.11 -0.09 0.30 0.18 0.17 -0.13 -0.21 -0.20  Rvol: 0.59 1.07 1.49 -0.33 -0.34 -0.06 0.27 0.14 0.74 1.25 1.72 -0.28 -0.21 0.07 0.37 
Loss: 0.576181  SIA Ef: -0.077815 Binding: 0.13 0.11 0.03 -0.11 -0.08 0.31 0.18 0.17 -0.13 -0.21 -0.20  Rvol: 0.59 1.07 1.49 -0.33 -0.34 -0.06 0.27 0.14 0.74 1.25 1.71 -0.28 -0.21 0.07 0.37 
Loss: 0.575792  SIA Ef: -0.082953 Binding: 0.14 0.11 0.02 -0.11 -0.08 0.31 0.18 0.17 -0.13 -0.21 -0.20  Rvol: 0.59 1.06 1.49 -0.33 -0.34 -0.06 0.27 0.14 0.74 1.25 1.71 -0.28 -0.21 0.07 0.37 
Loss: 0.575402  SIA Ef: -0.087440 Binding: 0.14 0.11 0.01 -0.11 -0.07 0.31 0.18 0.17 -0.13 -0.21 -0.20  Rvol: 0.59 1.06 1.49 -0.33 -0.34 -0.06 0.27 0.14 0.74 1.25 1.71 -0.28 -0.21 0.07 0.37 
Loss: 0.575409  SIA Ef: -0.090151 Binding: 0.14 0.11 0.01 -0.11 -0.07 0.31 0.18 0.17 -0.13 -0.21 -0.20  Rvol: 0.59 1.06 1.49 -0.33 -0.34 -0.06 0.27 0.14 0.74 1.25 1.71 -0.28 -0.21 0.07 0.37 
Loss: 0.575300  SIA Ef: -0.085092 Binding: 0.14 0.11 0.02 -0.11 -0.07 0.31 0.18 0.17 -0.13 -0.21 -0.20  Rvol: 0.59 1.06 1.49 -0.33 -0.34 -0.06 0.27 0.14 0.74 1.25 1.71 -0.28 -0.21 0.07 0.37 
Loss: 0.575430  SIA Ef: -0.094179 Binding: 0.14 0.11 0.01 -0.11 -0.07 0.31 0.18 0.17 -0.13 -0.21 -0.20  Rvol: 0.59 1.06 1.49 -0.33 -0.34 -0.06 0.27 0.14 0.74 1.25 1.71 -0.28 -0.21 0.07 0.37 
Loss: 0.575254  SIA Ef: -0.083689 Binding: 0.14 0.11 0.01 -0.11 -0.07 0.31 0.18 0.17 -0.13 -0.21 -0.20  Rvol: 0.59 1.06 1.49 -0.33 -0.34 -0.06 0.27 0.14 0.74 1.25 1.71 -0.28 -0.21 0.07 0.37 
Loss: 0.575018  SIA Ef: -0.082497 Binding: 0.14 0.11 0.01 -0.11 -0.07 0.31 0.18 0.17 -0.13 -0.21 -0.20  Rvol: 0.59 1.06 1.49 -0.33 -0.34 -0.06 0.27 0.14 0.74 1.25 1.71 -0.28 -0.21 0.07 0.37 
Loss: 0.574407  SIA Ef: -0.083301 Binding: 0.14 0.11 0.01 -0.11 -0.07 0.31 0.18 0.17 -0.13 -0.21 -0.20  Rvol: 0.59 1.06 1.49 -0.33 -0.34 -0.06 0.27 0.14 0.74 1.25 1.71 -0.28 -0.21 0.07 0.37 
Loss: 0.574056  SIA Ef: -0.086281 Binding: 0.14 0.11 0.00 -0.11 -0.07 0.31 0.18 0.17 -0.13 -0.21 -0.20  Rvol: 0.59 1.06 1.49 -0.33 -0.34 -0.06 0.27 0.14 0.74 1.25 1.71 -0.28 -0.21 0.07 0.37 
Loss: 0.573540  SIA Ef: -0.085636 Binding: 0.14 0.10 0.00 -0.11 -0.07 0.31 0.18 0.17 -0.13 -0.21 -0.20  Rvol: 0.59 1.06 1.49 -0.33 -0.34 -0.06 0.27 0.14 0.74 1.25 1.71 -0.28 -0.21 0.07 0.37 
Loss: 0.572852  SIA Ef: -0.082399 Binding: 0.14 0.10 0.01 -0.11 -0.07 0.31 0.18 0.18 -0.13 -0.21 -0.20  Rvol: 0.59 1.06 1.49 -0.33 -0.34 -0.06 0.27 0.14 0.74 1.25 1.71 -0.28 -0.21 0.07 0.37 
Loss: 0.572240  SIA Ef: -0.079475 Binding: 0.13 0.10 0.01 -0.11 -0.07 0.31 0.18 0.18 -0.13 -0.21 -0.20  Rvol: 0.59 1.06 1.49 -0.33 -0.34 -0.06 0.27 0.14 0.74 1.25 1.71 -0.28 -0.21 0.07 0.37 
Loss: 0.571685  SIA Ef: -0.077948 Binding: 0.13 0.10 0.01 -0.11 -0.07 0.31 0.18 0.18 -0.13 -0.21 -0.20  Rvol: 0.59 1.06 1.49 -0.33 -0.34 -0.06 0.27 0.14 0.74 1.25 1.71 -0.28 -0.21 0.07 0.37 
Loss: 0.571234  SIA Ef: -0.075009 Binding: 0.13 0.10 0.01 -0.11 -0.07 0.31 0.18 0.18 -0.13 -0.21 -0.20  Rvol: 0.59 1.06 1.49 -0.33 -0.34 -0.06 0.27 0.14 0.74 1.25 1.71 -0.28 -0.21 0.07 0.37 
Loss: 0.570704  SIA Ef: -0.074671 Binding: 0.13 0.10 0.01 -0.11 -0.06 0.31 0.18 0.18 -0.13 -0.21 -0.20  Rvol: 0.59 1.06 1.49 -0.33 -0.34 -0.06 0.27 0.14 0.74 1.25 1.71 -0.28 -0.21 0.07 0.37 
Loss: 0.570201  SIA Ef: -0.074978 Binding: 0.13 0.10 0.00 -0.11 -0.06 0.31 0.18 0.18 -0.13 -0.21 -0.20  Rvol: 0.59 1.06 1.49 -0.33 -0.34 -0.06 0.27 0.14 0.74 1.25 1.71 -0.28 -0.21 0.07 0.37 
Loss: 0.569814  SIA Ef: -0.072319 Binding: 0.13 0.10 0.01 -0.11 -0.06 0.31 0.18 0.18 -0.13 -0.21 -0.20  Rvol: 0.59 1.06 1.49 -0.33 -0.34 -0.06 0.27 0.14 0.74 1.25 1.71 -0.28 -0.21 0.07 0.37 
Loss: 0.569740  SIA Ef: -0.067870 Binding: 0.13 0.10 0.01 -0.11 -0.06 0.31 0.18 0.18 -0.13 -0.21 -0.20  Rvol: 0.59 1.06 1.49 -0.33 -0.34 -0.06 0.27 0.14 0.74 1.25 1.71 -0.28 -0.21 0.07 0.37 
Loss: 0.569970  SIA Ef: -0.062924 Binding: 0.13 0.10 0.01 -0.11 -0.07 0.31 0.18 0.18 -0.13 -0.21 -0.20  Rvol: 0.59 1.06 1.49 -0.33 -0.34 -0.06 0.27 0.14 0.74 1.25 1.71 -0.28 -0.21 0.07 0.37 
Loss: 0.569386  SIA Ef: -0.072075 Binding: 0.13 0.10 0.01 -0.11 -0.06 0.31 0.18 0.18 -0.13 -0.21 -0.20  Rvol: 0.59 1.06 1.49 -0.33 -0.34 -0.06 0.27 0.14 0.74 1.25 1.71 -0.28 -0.21 0.07 0.37 
Loss: 0.569352  SIA Ef: -0.069711 Binding: 0.13 0.10 0.01 -0.11 -0.06 0.31 0.18 0.18 -0.13 -0.21 -0.20  Rvol: 0.59 1.06 1.49 -0.33 -0.34 -0.06 0.27 0.14 0.74 1.25 1.71 -0.28 -0.21 0.07 0.37 
Loss: 0.569392  SIA Ef: -0.068362 Binding: 0.13 0.10 0.01 -0.11 -0.06 0.31 0.18 0.18 -0.13 -0.21 -0.20  Rvol: 0.59 1.06 1.49 -0.33 -0.34 -0.06 0.27 0.14 0.74 1.25 1.71 -0.28 -0.21 0.07 0.37 
Loss: 0.568775  SIA Ef: -0.076004 Binding: 0.13 0.10 0.01 -0.11 -0.06 0.31 0.18 0.18 -0.13 -0.21 -0.20  Rvol: 0.59 1.06 1.49 -0.33 -0.34 -0.06 0.27 0.14 0.74 1.25 1.71 -0.28 -0.21 0.07 0.37 
Loss: 0.568327  SIA Ef: -0.084520 Binding: 0.13 0.10 -0.00 -0.11 -0.06 0.31 0.18 0.18 -0.12 -0.21 -0.20  Rvol: 0.59 1.06 1.48 -0.33 -0.34 -0.06 0.27 0.14 0.74 1.25 1.71 -0.28 -0.21 0.07 0.37 
Loss: 0.568241  SIA Ef: -0.091060 Binding: 0.13 0.10 0.00 -0.11 -0.06 0.31 0.18 0.18 -0.12 -0.21 -0.20  Rvol: 0.59 1.06 1.48 -0.33 -0.34 -0.06 0.27 0.14 0.74 1.25 1.71 -0.28 -0.21 0.07 0.37 
Loss: 0.568267  SIA Ef: -0.091539 Binding: 0.13 0.10 0.00 -0.11 -0.06 0.31 0.18 0.18 -0.12 -0.21 -0.20  Rvol: 0.59 1.06 1.48 -0.33 -0.34 -0.06 0.27 0.14 0.74 1.25 1.71 -0.28 -0.21 0.07 0.37 
Loss: 0.567981  SIA Ef: -0.096295 Binding: 0.13 0.10 -0.00 -0.11 -0.05 0.31 0.18 0.18 -0.12 -0.21 -0.20  Rvol: 0.59 1.06 1.48 -0.33 -0.34 -0.06 0.27 0.14 0.74 1.25 1.71 -0.28 -0.21 0.07 0.37 
Loss: 0.568091  SIA Ef: -0.103698 Binding: 0.13 0.10 -0.01 -0.11 -0.05 0.31 0.18 0.18 -0.12 -0.21 -0.20  Rvol: 0.59 1.06 1.48 -0.33 -0.34 -0.06 0.27 0.14 0.74 1.25 1.70 -0.28 -0.21 0.07 0.37 
Loss: 0.567838  SIA Ef: -0.093317 Binding: 0.13 0.10 -0.00 -0.11 -0.05 0.31 0.18 0.18 -0.12 -0.21 -0.20  Rvol: 0.59 1.06 1.48 -0.33 -0.34 -0.06 0.27 0.14 0.74 1.25 1.71 -0.28 -0.21 0.07 0.37 
Loss: 0.567419  SIA Ef: -0.088657 Binding: 0.13 0.10 0.00 -0.10 -0.05 0.31 0.18 0.18 -0.12 -0.21 -0.20  Rvol: 0.59 1.06 1.48 -0.33 -0.34 -0.06 0.27 0.14 0.74 1.25 1.71 -0.28 -0.21 0.07 0.37 
Loss: 0.567204  SIA Ef: -0.087467 Binding: 0.13 0.10 -0.00 -0.11 -0.05 0.31 0.18 0.18 -0.12 -0.21 -0.20  Rvol: 0.59 1.06 1.48 -0.33 -0.34 -0.06 0.27 0.14 0.74 1.25 1.71 -0.28 -0.21 0.07 0.37 
Loss: 0.567071  SIA Ef: -0.087366 Binding: 0.13 0.10 -0.01 -0.10 -0.05 0.31 0.18 0.19 -0.12 -0.21 -0.20  Rvol: 0.59 1.06 1.48 -0.33 -0.34 -0.06 0.27 0.14 0.74 1.25 1.71 -0.28 -0.21 0.07 0.37 
Loss: 0.567140  SIA Ef: -0.090199 Binding: 0.13 0.10 -0.01 -0.11 -0.05 0.31 0.18 0.18 -0.12 -0.21 -0.20  Rvol: 0.59 1.06 1.48 -0.33 -0.34 -0.06 0.27 0.14 0.74 1.25 1.71 -0.28 -0.21 0.07 0.37 
Loss: 0.567078  SIA Ef: -0.089199 Binding: 0.13 0.10 -0.01 -0.11 -0.05 0.31 0.18 0.19 -0.12 -0.21 -0.20  Rvol: 0.59 1.06 1.48 -0.33 -0.34 -0.06 0.27 0.14 0.74 1.25 1.71 -0.28 -0.21 0.07 0.37 
Loss: 0.566605  SIA Ef: -0.081295 Binding: 0.13 0.10 -0.00 -0.10 -0.05 0.31 0.18 0.19 -0.12 -0.21 -0.20  Rvol: 0.59 1.06 1.48 -0.33 -0.34 -0.06 0.27 0.14 0.74 1.25 1.71 -0.28 -0.21 0.07 0.37 
Loss: 0.566130  SIA Ef: -0.079588 Binding: 0.13 0.10 -0.00 -0.10 -0.05 0.31 0.18 0.19 -0.12 -0.21 -0.20  Rvol: 0.59 1.06 1.48 -0.33 -0.34 -0.06 0.27 0.14 0.74 1.25 1.71 -0.28 -0.21 0.07 0.37 
Loss: 0.565613  SIA Ef: -0.079029 Binding: 0.13 0.09 -0.00 -0.10 -0.05 0.31 0.18 0.19 -0.12 -0.21 -0.20  Rvol: 0.59 1.06 1.48 -0.33 -0.34 -0.06 0.27 0.14 0.74 1.25 1.71 -0.28 -0.21 0.07 0.37 
Loss: 0.565096  SIA Ef: -0.078673 Binding: 0.13 0.09 -0.00 -0.10 -0.05 0.31 0.18 0.19 -0.12 -0.21 -0.21  Rvol: 0.59 1.06 1.48 -0.33 -0.34 -0.06 0.27 0.14 0.74 1.25 1.71 -0.28 -0.21 0.07 0.37 
Loss: 0.564649  SIA Ef: -0.077218 Binding: 0.13 0.09 -0.00 -0.10 -0.05 0.31 0.18 0.19 -0.12 -0.21 -0.21  Rvol: 0.59 1.06 1.48 -0.33 -0.34 -0.06 0.27 0.14 0.74 1.25 1.71 -0.28 -0.21 0.07 0.37 
Loss: 0.564504  SIA Ef: -0.074894 Binding: 0.13 0.09 -0.00 -0.10 -0.05 0.31 0.18 0.19 -0.12 -0.21 -0.21  Rvol: 0.59 1.06 1.48 -0.33 -0.34 -0.06 0.27 0.14 0.74 1.25 1.71 -0.28 -0.21 0.07 0.37 
Loss: 0.564650  SIA Ef: -0.068118 Binding: 0.13 0.10 -0.00 -0.10 -0.05 0.31 0.18 0.19 -0.12 -0.21 -0.21  Rvol: 0.59 1.06 1.48 -0.33 -0.34 -0.06 0.27 0.14 0.74 1.25 1.71 -0.28 -0.21 0.07 0.37 
Loss: 0.564485  SIA Ef: -0.075282 Binding: 0.13 0.09 -0.00 -0.10 -0.05 0.31 0.18 0.19 -0.12 -0.21 -0.21  Rvol: 0.59 1.06 1.48 -0.33 -0.34 -0.06 0.27 0.14 0.74 1.25 1.71 -0.28 -0.21 0.07 0.37 
Loss: 0.564189  SIA Ef: -0.077497 Binding: 0.13 0.09 0.00 -0.10 -0.05 0.31 0.18 0.19 -0.12 -0.21 -0.21  Rvol: 0.59 1.06 1.48 -0.33 -0.34 -0.06 0.27 0.14 0.74 1.25 1.71 -0.28 -0.21 0.07 0.37 
Loss: 0.564175  SIA Ef: -0.080969 Binding: 0.13 0.09 0.00 -0.10 -0.05 0.31 0.18 0.19 -0.12 -0.21 -0.21  Rvol: 0.59 1.06 1.48 -0.33 -0.34 -0.06 0.27 0.14 0.74 1.25 1.71 -0.28 -0.21 0.07 0.37 
Loss: 0.564225  SIA Ef: -0.079789 Binding: 0.13 0.09 0.01 -0.10 -0.05 0.31 0.18 0.19 -0.12 -0.21 -0.21  Rvol: 0.59 1.06 1.48 -0.33 -0.34 -0.06 0.27 0.14 0.74 1.25 1.71 -0.28 -0.21 0.07 0.37 
Loss: 0.564110  SIA Ef: -0.084611 Binding: 0.13 0.09 0.00 -0.10 -0.05 0.31 0.18 0.19 -0.12 -0.21 -0.21  Rvol: 0.59 1.06 1.48 -0.33 -0.34 -0.06 0.27 0.14 0.74 1.25 1.70 -0.28 -0.21 0.07 0.37 
Loss: 0.564069  SIA Ef: -0.089084 Binding: 0.13 0.09 -0.00 -0.10 -0.04 0.31 0.18 0.19 -0.12 -0.21 -0.21  Rvol: 0.59 1.06 1.48 -0.33 -0.34 -0.06 0.27 0.14 0.74 1.25 1.70 -0.28 -0.21 0.07 0.37 
Loss: 0.563839  SIA Ef: -0.094501 Binding: 0.13 0.09 -0.01 -0.10 -0.04 0.31 0.18 0.19 -0.12 -0.21 -0.21  Rvol: 0.59 1.06 1.48 -0.33 -0.34 -0.06 0.27 0.14 0.74 1.25 1.70 -0.28 -0.21 0.07 0.37 
Loss: 0.563445  SIA Ef: -0.094635 Binding: 0.13 0.09 -0.01 -0.10 -0.04 0.31 0.18 0.19 -0.12 -0.21 -0.21  Rvol: 0.59 1.06 1.48 -0.33 -0.34 -0.06 0.27 0.14 0.74 1.25 1.70 -0.28 -0.21 0.07 0.37 
Loss: 0.563079  SIA Ef: -0.097478 Binding: 0.13 0.09 -0.01 -0.10 -0.04 0.31 0.18 0.19 -0.12 -0.21 -0.21  Rvol: 0.59 1.06 1.48 -0.33 -0.34 -0.06 0.27 0.14 0.74 1.25 1.70 -0.28 -0.21 0.07 0.37 
Loss: 0.562858  SIA Ef: -0.102878 Binding: 0.13 0.09 -0.01 -0.10 -0.04 0.31 0.18 0.19 -0.12 -0.21 -0.21  Rvol: 0.59 1.06 1.48 -0.33 -0.34 -0.06 0.27 0.14 0.74 1.25 1.70 -0.28 -0.21 0.07 0.37 
Loss: 0.562660  SIA Ef: -0.103623 Binding: 0.13 0.09 -0.01 -0.10 -0.04 0.31 0.18 0.19 -0.12 -0.21 -0.21  Rvol: 0.59 1.06 1.48 -0.33 -0.34 -0.06 0.27 0.14 0.74 1.25 1.70 -0.28 -0.21 0.07 0.37 
Loss: 0.562110  SIA Ef: -0.097827 Binding: 0.13 0.09 -0.01 -0.10 -0.04 0.31 0.18 0.19 -0.12 -0.21 -0.21  Rvol: 0.59 1.06 1.48 -0.33 -0.34 -0.06 0.27 0.14 0.74 1.25 1.70 -0.28 -0.21 0.07 0.37 
Loss: 0.561870  SIA Ef: -0.097736 Binding: 0.13 0.09 -0.01 -0.10 -0.04 0.31 0.18 0.19 -0.12 -0.21 -0.21  Rvol: 0.59 1.06 1.48 -0.33 -0.34 -0.06 0.27 0.14 0.74 1.25 1.70 -0.28 -0.21 0.07 0.37 
Loss: 0.561560  SIA Ef: -0.093483 Binding: 0.13 0.09 -0.00 -0.10 -0.04 0.31 0.18 0.19 -0.12 -0.21 -0.21  Rvol: 0.59 1.06 1.48 -0.33 -0.34 -0.06 0.27 0.14 0.74 1.25 1.70 -0.28 -0.21 0.07 0.37 
Loss: 0.561483  SIA Ef: -0.092109 Binding: 0.13 0.09 -0.00 -0.10 -0.04 0.31 0.18 0.19 -0.12 -0.21 -0.21  Rvol: 0.59 1.06 1.48 -0.33 -0.34 -0.06 0.27 0.14 0.74 1.25 1.70 -0.28 -0.21 0.07 0.37 
Loss: 0.561521  SIA Ef: -0.093311 Binding: 0.13 0.09 -0.00 -0.10 -0.04 0.31 0.18 0.19 -0.12 -0.21 -0.21  Rvol: 0.59 1.06 1.48 -0.33 -0.34 -0.06 0.27 0.14 0.74 1.25 1.70 -0.28 -0.21 0.07 0.37 
Loss: 0.561133  SIA Ef: -0.085527 Binding: 0.13 0.09 -0.00 -0.10 -0.04 0.31 0.18 0.19 -0.12 -0.21 -0.21  Rvol: 0.59 1.06 1.48 -0.33 -0.34 -0.06 0.27 0.14 0.74 1.25 1.70 -0.28 -0.21 0.07 0.37 
Loss: 0.560972  SIA Ef: -0.087874 Binding: 0.13 0.09 -0.01 -0.10 -0.04 0.31 0.18 0.19 -0.12 -0.21 -0.21  Rvol: 0.59 1.06 1.48 -0.33 -0.33 -0.06 0.27 0.14 0.74 1.25 1.70 -0.28 -0.21 0.07 0.37 
Loss: 0.560786  SIA Ef: -0.079097 Binding: 0.13 0.09 0.00 -0.09 -0.04 0.31 0.18 0.19 -0.12 -0.21 -0.21  Rvol: 0.59 1.06 1.48 -0.33 -0.33 -0.06 0.27 0.14 0.74 1.25 1.70 -0.28 -0.21 0.07 0.37 
Loss: 0.560485  SIA Ef: -0.077541 Binding: 0.13 0.09 -0.00 -0.09 -0.04 0.31 0.18 0.19 -0.12 -0.21 -0.21  Rvol: 0.59 1.06 1.48 -0.33 -0.33 -0.06 0.27 0.14 0.74 1.25 1.70 -0.28 -0.21 0.07 0.37 
Loss: 0.560781  SIA Ef: -0.069229 Binding: 0.13 0.09 0.00 -0.09 -0.04 0.31 0.18 0.19 -0.12 -0.21 -0.21  Rvol: 0.59 1.06 1.48 -0.33 -0.33 -0.06 0.27 0.14 0.74 1.25 1.70 -0.28 -0.21 0.07 0.37 
Loss: 0.560597  SIA Ef: -0.076134 Binding: 0.13 0.09 0.00 -0.09 -0.04 0.31 0.18 0.19 -0.12 -0.21 -0.21  Rvol: 0.59 1.06 1.48 -0.33 -0.33 -0.06 0.27 0.14 0.74 1.25 1.70 -0.28 -0.21 0.07 0.37 
Loss: 0.560033  SIA Ef: -0.079818 Binding: 0.13 0.09 -0.00 -0.09 -0.04 0.31 0.18 0.19 -0.12 -0.21 -0.21  Rvol: 0.59 1.06 1.48 -0.33 -0.33 -0.06 0.27 0.14 0.74 1.25 1.70 -0.28 -0.21 0.07 0.37 
Loss: 0.559769  SIA Ef: -0.086536 Binding: 0.13 0.09 -0.00 -0.09 -0.04 0.31 0.18 0.19 -0.12 -0.21 -0.21  Rvol: 0.59 1.06 1.48 -0.33 -0.33 -0.06 0.27 0.14 0.74 1.25 1.70 -0.28 -0.21 0.07 0.37 
Loss: 0.559535  SIA Ef: -0.085905 Binding: 0.13 0.09 -0.01 -0.09 -0.03 0.31 0.18 0.19 -0.12 -0.21 -0.21  Rvol: 0.59 1.06 1.48 -0.33 -0.33 -0.06 0.27 0.14 0.74 1.25 1.70 -0.28 -0.21 0.07 0.37 
Loss: 0.559286  SIA Ef: -0.088861 Binding: 0.13 0.09 -0.01 -0.09 -0.03 0.31 0.18 0.19 -0.12 -0.21 -0.21  Rvol: 0.59 1.06 1.48 -0.33 -0.33 -0.06 0.27 0.14 0.74 1.25 1.70 -0.28 -0.21 0.07 0.37 
Loss: 0.559089  SIA Ef: -0.083147 Binding: 0.12 0.09 -0.00 -0.09 -0.03 0.31 0.18 0.19 -0.12 -0.21 -0.21  Rvol: 0.59 1.06 1.48 -0.33 -0.33 -0.06 0.27 0.14 0.74 1.25 1.70 -0.28 -0.21 0.07 0.37 
Loss: 0.559004  SIA Ef: -0.084132 Binding: 0.12 0.09 -0.00 -0.09 -0.03 0.31 0.18 0.19 -0.12 -0.21 -0.21  Rvol: 0.59 1.06 1.48 -0.33 -0.33 -0.06 0.27 0.14 0.74 1.25 1.70 -0.28 -0.21 0.07 0.37 
Loss: 0.558980  SIA Ef: -0.084635 Binding: 0.12 0.09 -0.01 -0.09 -0.03 0.31 0.18 0.19 -0.12 -0.21 -0.21  Rvol: 0.59 1.06 1.48 -0.33 -0.33 -0.06 0.27 0.14 0.74 1.25 1.70 -0.28 -0.21 0.07 0.37 
Loss: 0.558697  SIA Ef: -0.089747 Binding: 0.12 0.08 -0.01 -0.09 -0.03 0.31 0.18 0.19 -0.12 -0.21 -0.21  Rvol: 0.59 1.06 1.48 -0.33 -0.33 -0.06 0.27 0.14 0.74 1.25 1.70 -0.28 -0.21 0.07 0.37 
Loss: 0.558363  SIA Ef: -0.091364 Binding: 0.12 0.08 -0.01 -0.09 -0.03 0.31 0.18 0.19 -0.12 -0.21 -0.22  Rvol: 0.59 1.06 1.48 -0.33 -0.33 -0.06 0.27 0.14 0.74 1.25 1.70 -0.28 -0.21 0.07 0.37 
Loss: 0.557901  SIA Ef: -0.086982 Binding: 0.12 0.08 -0.00 -0.09 -0.03 0.31 0.18 0.19 -0.12 -0.21 -0.22  Rvol: 0.59 1.06 1.48 -0.33 -0.33 -0.06 0.27 0.14 0.74 1.25 1.70 -0.28 -0.21 0.07 0.37 
Loss: 0.557525  SIA Ef: -0.083952 Binding: 0.12 0.08 -0.00 -0.09 -0.03 0.31 0.18 0.19 -0.12 -0.21 -0.22  Rvol: 0.59 1.06 1.48 -0.33 -0.33 -0.06 0.27 0.14 0.74 1.25 1.70 -0.28 -0.20 0.07 0.37 
Loss: 0.557111  SIA Ef: -0.081709 Binding: 0.12 0.08 -0.00 -0.09 -0.03 0.31 0.18 0.19 -0.12 -0.21 -0.22  Rvol: 0.59 1.06 1.48 -0.33 -0.33 -0.06 0.27 0.14 0.74 1.25 1.70 -0.28 -0.20 0.07 0.37 
Loss: 0.556722  SIA Ef: -0.081374 Binding: 0.12 0.08 -0.00 -0.09 -0.03 0.31 0.18 0.19 -0.12 -0.21 -0.22  Rvol: 0.59 1.06 1.48 -0.33 -0.33 -0.06 0.27 0.14 0.74 1.25 1.70 -0.28 -0.20 0.07 0.37 
Loss: 0.556289  SIA Ef: -0.082148 Binding: 0.12 0.08 -0.00 -0.09 -0.03 0.31 0.18 0.19 -0.12 -0.21 -0.22  Rvol: 0.59 1.06 1.48 -0.33 -0.33 -0.06 0.27 0.14 0.74 1.25 1.70 -0.28 -0.20 0.07 0.37 
Loss: 0.555822  SIA Ef: -0.083464 Binding: 0.12 0.08 -0.00 -0.09 -0.03 0.31 0.18 0.19 -0.12 -0.21 -0.22  Rvol: 0.59 1.05 1.48 -0.33 -0.33 -0.06 0.27 0.14 0.74 1.25 1.70 -0.28 -0.20 0.07 0.37 
Loss: 0.555415  SIA Ef: -0.085524 Binding: 0.12 0.08 -0.00 -0.09 -0.03 0.31 0.18 0.19 -0.12 -0.22 -0.22  Rvol: 0.59 1.05 1.47 -0.33 -0.33 -0.06 0.27 0.14 0.74 1.25 1.70 -0.28 -0.20 0.07 0.37 
Loss: 0.555004  SIA Ef: -0.086231 Binding: 0.12 0.08 -0.00 -0.09 -0.03 0.31 0.18 0.19 -0.12 -0.22 -0.22  Rvol: 0.59 1.05 1.47 -0.33 -0.33 -0.06 0.27 0.14 0.74 1.25 1.70 -0.28 -0.20 0.07 0.37 
Loss: 0.554612  SIA Ef: -0.088074 Binding: 0.12 0.08 -0.00 -0.09 -0.03 0.31 0.18 0.19 -0.12 -0.22 -0.22  Rvol: 0.59 1.05 1.47 -0.33 -0.33 -0.06 0.27 0.14 0.74 1.25 1.70 -0.28 -0.20 0.07 0.37 
Loss: 0.554146  SIA Ef: -0.088450 Binding: 0.12 0.08 -0.00 -0.09 -0.03 0.31 0.18 0.19 -0.12 -0.22 -0.22  Rvol: 0.59 1.05 1.47 -0.33 -0.33 -0.06 0.27 0.14 0.74 1.25 1.70 -0.28 -0.20 0.07 0.37 
Loss: 0.553686  SIA Ef: -0.088616 Binding: 0.12 0.07 -0.00 -0.09 -0.03 0.31 0.18 0.20 -0.12 -0.22 -0.22  Rvol: 0.59 1.05 1.47 -0.33 -0.33 -0.06 0.27 0.14 0.74 1.25 1.70 -0.28 -0.20 0.07 0.37 
Loss: 0.553313  SIA Ef: -0.088914 Binding: 0.12 0.07 -0.00 -0.09 -0.03 0.31 0.18 0.20 -0.12 -0.22 -0.22  Rvol: 0.59 1.05 1.47 -0.33 -0.33 -0.06 0.27 0.14 0.74 1.25 1.69 -0.28 -0.20 0.07 0.37 
Loss: 0.553022  SIA Ef: -0.091331 Binding: 0.11 0.07 -0.00 -0.09 -0.03 0.31 0.18 0.20 -0.12 -0.22 -0.22  Rvol: 0.59 1.05 1.47 -0.33 -0.33 -0.06 0.27 0.14 0.74 1.25 1.69 -0.28 -0.20 0.07 0.37 
Loss: 0.552768  SIA Ef: -0.085083 Binding: 0.11 0.07 0.00 -0.08 -0.03 0.31 0.18 0.20 -0.12 -0.22 -0.22  Rvol: 0.59 1.05 1.47 -0.33 -0.33 -0.06 0.27 0.14 0.74 1.25 1.70 -0.28 -0.20 0.07 0.37 
Loss: 0.552323  SIA Ef: -0.084516 Binding: 0.11 0.07 0.00 -0.08 -0.03 0.31 0.18 0.20 -0.12 -0.22 -0.22  Rvol: 0.59 1.05 1.47 -0.33 -0.33 -0.06 0.27 0.14 0.74 1.25 1.69 -0.28 -0.20 0.07 0.37 
Loss: 0.551875  SIA Ef: -0.084458 Binding: 0.11 0.07 0.00 -0.08 -0.03 0.31 0.18 0.20 -0.12 -0.22 -0.22  Rvol: 0.59 1.05 1.47 -0.33 -0.33 -0.06 0.27 0.14 0.74 1.25 1.69 -0.28 -0.20 0.07 0.37 
Loss: 0.551485  SIA Ef: -0.084400 Binding: 0.11 0.07 0.00 -0.08 -0.02 0.31 0.18 0.20 -0.12 -0.22 -0.22  Rvol: 0.59 1.05 1.47 -0.33 -0.33 -0.06 0.27 0.14 0.74 1.25 1.69 -0.28 -0.20 0.07 0.37 
Loss: 0.551353  SIA Ef: -0.083421 Binding: 0.11 0.07 0.00 -0.08 -0.03 0.31 0.18 0.20 -0.13 -0.22 -0.23  Rvol: 0.59 1.05 1.47 -0.33 -0.33 -0.06 0.27 0.14 0.74 1.25 1.69 -0.28 -0.20 0.07 0.37 
Loss: 0.551314  SIA Ef: -0.075185 Binding: 0.11 0.07 0.01 -0.08 -0.03 0.31 0.18 0.20 -0.13 -0.22 -0.23  Rvol: 0.59 1.05 1.47 -0.33 -0.33 -0.06 0.27 0.14 0.74 1.25 1.70 -0.28 -0.20 0.07 0.37 
Loss: 0.551228  SIA Ef: -0.076685 Binding: 0.11 0.07 0.00 -0.08 -0.03 0.31 0.18 0.20 -0.13 -0.22 -0.23  Rvol: 0.59 1.05 1.47 -0.33 -0.33 -0.06 0.27 0.14 0.74 1.25 1.70 -0.28 -0.20 0.07 0.37 
Loss: 0.551353  SIA Ef: -0.075451 Binding: 0.11 0.07 0.01 -0.08 -0.03 0.31 0.18 0.20 -0.13 -0.22 -0.23  Rvol: 0.59 1.05 1.47 -0.33 -0.33 -0.06 0.27 0.14 0.74 1.25 1.70 -0.28 -0.20 0.07 0.37 
Loss: 0.551138  SIA Ef: -0.078304 Binding: 0.11 0.07 0.00 -0.08 -0.03 0.31 0.18 0.20 -0.12 -0.22 -0.22  Rvol: 0.59 1.05 1.47 -0.33 -0.33 -0.06 0.27 0.14 0.74 1.25 1.69 -0.28 -0.20 0.07 0.37 
Loss: 0.550847  SIA Ef: -0.083796 Binding: 0.11 0.07 -0.01 -0.09 -0.02 0.31 0.18 0.20 -0.12 -0.22 -0.22  Rvol: 0.59 1.05 1.47 -0.33 -0.33 -0.06 0.27 0.14 0.74 1.25 1.69 -0.28 -0.20 0.07 0.37 
Loss: 0.550886  SIA Ef: -0.084250 Binding: 0.11 0.07 -0.01 -0.09 -0.02 0.31 0.18 0.20 -0.12 -0.22 -0.23  Rvol: 0.59 1.05 1.47 -0.33 -0.33 -0.06 0.27 0.14 0.74 1.25 1.69 -0.28 -0.20 0.07 0.37 
Loss: 0.550553  SIA Ef: -0.083142 Binding: 0.11 0.07 -0.01 -0.08 -0.02 0.31 0.18 0.20 -0.12 -0.22 -0.22  Rvol: 0.59 1.05 1.47 -0.33 -0.33 -0.06 0.27 0.14 0.74 1.25 1.69 -0.28 -0.20 0.07 0.37 
Loss: 0.550429  SIA Ef: -0.085866 Binding: 0.11 0.07 -0.02 -0.08 -0.02 0.31 0.18 0.20 -0.12 -0.22 -0.22  Rvol: 0.59 1.05 1.47 -0.33 -0.33 -0.06 0.27 0.14 0.74 1.25 1.69 -0.28 -0.20 0.07 0.37 
Loss: 0.549983  SIA Ef: -0.094398 Binding: 0.11 0.06 -0.03 -0.09 -0.02 0.31 0.18 0.20 -0.12 -0.22 -0.22  Rvol: 0.59 1.05 1.47 -0.33 -0.33 -0.06 0.27 0.14 0.74 1.25 1.69 -0.28 -0.21 0.07 0.37 
Loss: 0.550281  SIA Ef: -0.101295 Binding: 0.12 0.06 -0.03 -0.09 -0.02 0.31 0.18 0.20 -0.12 -0.22 -0.22  Rvol: 0.59 1.05 1.47 -0.33 -0.33 -0.06 0.27 0.14 0.74 1.24 1.69 -0.28 -0.21 0.07 0.37 
Loss: 0.549920  SIA Ef: -0.095046 Binding: 0.11 0.06 -0.02 -0.09 -0.02 0.31 0.18 0.20 -0.12 -0.22 -0.22  Rvol: 0.59 1.05 1.47 -0.33 -0.33 -0.06 0.27 0.14 0.74 1.25 1.69 -0.28 -0.21 0.07 0.37 
Loss: 0.550210  SIA Ef: -0.100650 Binding: 0.11 0.06 -0.03 -0.09 -0.02 0.31 0.18 0.20 -0.12 -0.22 -0.22  Rvol: 0.59 1.05 1.47 -0.33 -0.33 -0.06 0.27 0.14 0.74 1.25 1.69 -0.28 -0.21 0.07 0.37 
Loss: 0.549715  SIA Ef: -0.090887 Binding: 0.11 0.06 -0.02 -0.09 -0.02 0.31 0.18 0.20 -0.12 -0.22 -0.22  Rvol: 0.59 1.05 1.47 -0.33 -0.33 -0.06 0.27 0.14 0.74 1.25 1.69 -0.28 -0.21 0.07 0.37 
Loss: 0.550035  SIA Ef: -0.092118 Binding: 0.11 0.06 -0.02 -0.08 -0.02 0.31 0.18 0.20 -0.12 -0.22 -0.22  Rvol: 0.59 1.05 1.47 -0.33 -0.33 -0.06 0.27 0.14 0.74 1.25 1.69 -0.28 -0.20 0.07 0.37 
Loss: 0.549744  SIA Ef: -0.090928 Binding: 0.11 0.06 -0.02 -0.09 -0.02 0.31 0.18 0.20 -0.12 -0.22 -0.22  Rvol: 0.59 1.05 1.47 -0.33 -0.33 -0.06 0.27 0.14 0.74 1.25 1.69 -0.28 -0.21 0.07 0.37 
Loss: 0.550022  SIA Ef: -0.087398 Binding: 0.11 0.06 -0.02 -0.08 -0.02 0.31 0.18 0.20 -0.12 -0.22 -0.22  Rvol: 0.59 1.05 1.47 -0.33 -0.33 -0.06 0.27 0.14 0.74 1.25 1.69 -0.28 -0.20 0.07 0.37 
Loss: 0.550191  SIA Ef: -0.089736 Binding: 0.11 0.06 -0.02 -0.09 -0.02 0.31 0.18 0.20 -0.12 -0.22 -0.22  Rvol: 0.59 1.05 1.47 -0.33 -0.33 -0.06 0.27 0.14 0.74 1.25 1.69 -0.28 -0.20 0.07 0.37 
Loss: 0.550032  SIA Ef: -0.088344 Binding: 0.11 0.06 -0.02 -0.08 -0.02 0.31 0.18 0.20 -0.12 -0.22 -0.22  Rvol: 0.59 1.05 1.47 -0.33 -0.33 -0.06 0.27 0.14 0.74 1.25 1.69 -0.28 -0.20 0.07 0.37 
Loss: 0.550333  SIA Ef: -0.091725 Binding: 0.11 0.06 -0.02 -0.09 -0.02 0.31 0.18 0.20 -0.12 -0.22 -0.22  Rvol: 0.59 1.05 1.47 -0.33 -0.33 -0.06 0.27 0.14 0.74 1.25 1.69 -0.28 -0.20 0.07 0.37 
Loss: 0.549747  SIA Ef: -0.090844 Binding: 0.11 0.06 -0.03 -0.09 -0.02 0.31 0.18 0.20 -0.12 -0.22 -0.22  Rvol: 0.59 1.05 1.47 -0.33 -0.33 -0.06 0.27 0.14 0.74 1.25 1.69 -0.28 -0.21 0.07 0.37 
Loss: 0.549808  SIA Ef: -0.092160 Binding: 0.11 0.06 -0.03 -0.09 -0.02 0.31 0.18 0.20 -0.12 -0.22 -0.22  Rvol: 0.59 1.05 1.47 -0.33 -0.33 -0.06 0.27 0.14 0.74 1.25 1.69 -0.28 -0.21 0.07 0.37 
Loss: 0.550216  SIA Ef: -0.088787 Binding: 0.11 0.06 -0.02 -0.09 -0.02 0.31 0.18 0.20 -0.12 -0.22 -0.22  Rvol: 0.59 1.05 1.47 -0.33 -0.33 -0.06 0.27 0.14 0.74 1.25 1.69 -0.28 -0.20 0.07 0.37 
Loss: 0.549753  SIA Ef: -0.090565 Binding: 0.11 0.06 -0.02 -0.09 -0.02 0.31 0.18 0.20 -0.12 -0.22 -0.22  Rvol: 0.59 1.05 1.47 -0.33 -0.33 -0.06 0.27 0.14 0.74 1.25 1.69 -0.28 -0.21 0.07 0.37 
Loss: 0.549667  SIA Ef: -0.091742 Binding: 0.11 0.06 -0.02 -0.09 -0.02 0.31 0.18 0.20 -0.12 -0.22 -0.22  Rvol: 0.59 1.05 1.47 -0.33 -0.33 -0.06 0.27 0.14 0.74 1.25 1.69 -0.28 -0.21 0.07 0.37 
Loss: 0.549677  SIA Ef: -0.091872 Binding: 0.11 0.06 -0.02 -0.09 -0.02 0.31 0.18 0.20 -0.12 -0.22 -0.22  Rvol: 0.59 1.05 1.47 -0.33 -0.33 -0.06 0.27 0.14 0.74 1.25 1.69 -0.28 -0.21 0.07 0.37 
Loss: 0.549600  SIA Ef: -0.091703 Binding: 0.11 0.06 -0.02 -0.09 -0.02 0.31 0.18 0.20 -0.12 -0.22 -0.22  Rvol: 0.59 1.05 1.47 -0.33 -0.33 -0.06 0.27 0.14 0.74 1.25 1.69 -0.28 -0.21 0.07 0.37 
Loss: 0.549597  SIA Ef: -0.091683 Binding: 0.11 0.06 -0.02 -0.09 -0.02 0.31 0.18 0.20 -0.12 -0.22 -0.22  Rvol: 0.59 1.05 1.47 -0.33 -0.33 -0.06 0.27 0.14 0.74 1.25 1.69 -0.28 -0.21 0.07 0.37 
Loss: 0.549670  SIA Ef: -0.093640 Binding: 0.11 0.06 -0.02 -0.09 -0.02 0.31 0.18 0.20 -0.12 -0.22 -0.22  Rvol: 0.59 1.05 1.47 -0.33 -0.33 -0.06 0.27 0.14 0.74 1.25 1.69 -0.28 -0.21 0.07 0.37 
Loss: 0.549548  SIA Ef: -0.090614 Binding: 0.11 0.06 -0.02 -0.09 -0.02 0.31 0.18 0.20 -0.12 -0.22 -0.22  Rvol: 0.59 1.05 1.47 -0.33 -0.33 -0.06 0.27 0.14 0.74 1.25 1.69 -0.28 -0.21 0.07 0.37 
Loss: 0.549558  SIA Ef: -0.091695 Binding: 0.11 0.06 -0.02 -0.09 -0.02 0.31 0.18 0.20 -0.12 -0.22 -0.22  Rvol: 0.59 1.05 1.47 -0.33 -0.33 -0.06 0.27 0.14 0.74 1.25 1.69 -0.28 -0.21 0.07 0.37 
Loss: 0.550076  SIA Ef: -0.090200 Binding: 0.11 0.06 -0.02 -0.09 -0.02 0.31 0.18 0.20 -0.12 -0.22 -0.22  Rvol: 0.59 1.05 1.47 -0.33 -0.33 -0.06 0.27 0.14 0.74 1.25 1.69 -0.28 -0.20 0.07 0.37 
Loss: 0.549574  SIA Ef: -0.090987 Binding: 0.11 0.06 -0.02 -0.09 -0.02 0.31 0.18 0.20 -0.12 -0.22 -0.22  Rvol: 0.59 1.05 1.47 -0.33 -0.33 -0.06 0.27 0.14 0.74 1.25 1.69 -0.28 -0.21 0.07 0.37 
Loss: 0.549541  SIA Ef: -0.090574 Binding: 0.11 0.06 -0.02 -0.09 -0.02 0.31 0.18 0.20 -0.12 -0.22 -0.22  Rvol: 0.59 1.05 1.47 -0.33 -0.33 -0.06 0.27 0.14 0.74 1.25 1.69 -0.28 -0.21 0.07 0.37 
Loss: 0.549529  SIA Ef: -0.090852 Binding: 0.11 0.06 -0.02 -0.09 -0.02 0.31 0.18 0.20 -0.12 -0.22 -0.22  Rvol: 0.59 1.05 1.47 -0.33 -0.33 -0.06 0.27 0.14 0.74 1.25 1.69 -0.28 -0.21 0.07 0.37 
Loss: 0.549521  SIA Ef: -0.090403 Binding: 0.11 0.06 -0.02 -0.09 -0.02 0.31 0.18 0.20 -0.12 -0.22 -0.22  Rvol: 0.59 1.05 1.47 -0.33 -0.33 -0.06 0.27 0.14 0.74 1.25 1.69 -0.28 -0.21 0.07 0.37 
Loss: 0.549577  SIA Ef: -0.091927 Binding: 0.11 0.06 -0.03 -0.09 -0.02 0.31 0.18 0.20 -0.12 -0.22 -0.22  Rvol: 0.59 1.05 1.47 -0.33 -0.33 -0.06 0.27 0.14 0.74 1.25 1.69 -0.28 -0.21 0.07 0.37 
Loss: 0.549515  SIA Ef: -0.090061 Binding: 0.11 0.06 -0.02 -0.09 -0.02 0.31 0.18 0.20 -0.12 -0.22 -0.22  Rvol: 0.59 1.05 1.47 -0.33 -0.33 -0.06 0.27 0.14 0.74 1.25 1.69 -0.28 -0.21 0.07 0.37 
Loss: 0.549516  SIA Ef: -0.089944 Binding: 0.11 0.06 -0.02 -0.09 -0.02 0.31 0.18 0.20 -0.12 -0.22 -0.22  Rvol: 0.59 1.05 1.47 -0.33 -0.33 -0.06 0.27 0.14 0.74 1.25 1.69 -0.28 -0.21 0.07 0.37 
Loss: 0.549543  SIA Ef: -0.089860 Binding: 0.11 0.06 -0.02 -0.09 -0.02 0.31 0.18 0.20 -0.12 -0.22 -0.22  Rvol: 0.59 1.05 1.47 -0.33 -0.33 -0.06 0.27 0.14 0.74 1.25 1.69 -0.28 -0.21 0.07 0.37 
Loss: 0.549519  SIA Ef: -0.089806 Binding: 0.11 0.06 -0.02 -0.09 -0.02 0.31 0.18 0.20 -0.12 -0.22 -0.22  Rvol: 0.59 1.05 1.47 -0.33 -0.33 -0.06 0.27 0.14 0.74 1.25 1.69 -0.28 -0.21 0.07 0.37 
Loss: 0.549558  SIA Ef: -0.090747 Binding: 0.11 0.06 -0.02 -0.09 -0.02 0.31 0.18 0.20 -0.12 -0.22 -0.22  Rvol: 0.59 1.05 1.47 -0.33 -0.33 -0.06 0.27 0.14 0.74 1.25 1.69 -0.28 -0.21 0.07 0.37 
Loss: 0.549516  SIA Ef: -0.090050 Binding: 0.11 0.06 -0.02 -0.09 -0.02 0.31 0.18 0.20 -0.12 -0.22 -0.22  Rvol: 0.59 1.05 1.47 -0.33 -0.33 -0.06 0.27 0.14 0.74 1.25 1.69 -0.28 -0.21 0.07 0.37 
Loss: 0.549456  SIA Ef: -0.089138 Binding: 0.11 0.06 -0.02 -0.09 -0.02 0.31 0.18 0.20 -0.12 -0.22 -0.22  Rvol: 0.59 1.05 1.47 -0.33 -0.33 -0.06 0.27 0.14 0.74 1.25 1.69 -0.28 -0.21 0.07 0.37 
Loss: 0.549399  SIA Ef: -0.088300 Binding: 0.11 0.06 -0.02 -0.08 -0.02 0.31 0.18 0.20 -0.12 -0.22 -0.22  Rvol: 0.59 1.05 1.47 -0.33 -0.33 -0.06 0.27 0.14 0.74 1.25 1.69 -0.28 -0.21 0.07 0.37 
Loss: 0.549884  SIA Ef: -0.087416 Binding: 0.11 0.06 -0.02 -0.08 -0.02 0.31 0.18 0.20 -0.12 -0.22 -0.22  Rvol: 0.59 1.05 1.47 -0.33 -0.33 -0.06 0.27 0.14 0.74 1.25 1.69 -0.28 -0.20 0.07 0.37 
Loss: 0.549943  SIA Ef: -0.088256 Binding: 0.11 0.06 -0.02 -0.08 -0.02 0.31 0.18 0.20 -0.12 -0.22 -0.22  Rvol: 0.59 1.05 1.47 -0.33 -0.33 -0.06 0.27 0.14 0.74 1.25 1.69 -0.28 -0.20 0.07 0.37 
Loss: 0.549399  SIA Ef: -0.088578 Binding: 0.11 0.06 -0.02 -0.08 -0.02 0.31 0.18 0.20 -0.12 -0.22 -0.22  Rvol: 0.59 1.05 1.47 -0.33 -0.33 -0.06 0.27 0.14 0.74 1.25 1.69 -0.28 -0.21 0.07 0.37 
Loss: 0.549399  SIA Ef: -0.088339 Binding: 0.11 0.06 -0.02 -0.08 -0.02 0.31 0.18 0.20 -0.12 -0.22 -0.22  Rvol: 0.59 1.05 1.47 -0.33 -0.33 -0.06 0.27 0.14 0.74 1.25 1.69 -0.28 -0.21 0.07 0.37 
Loss: 0.549940  SIA Ef: -0.087599 Binding: 0.11 0.06 -0.02 -0.08 -0.02 0.31 0.18 0.20 -0.12 -0.22 -0.22  Rvol: 0.59 1.05 1.47 -0.33 -0.33 -0.06 0.27 0.14 0.74 1.25 1.69 -0.28 -0.20 0.07 0.37 
Loss: 0.549398  SIA Ef: -0.088186 Binding: 0.11 0.06 -0.02 -0.08 -0.02 0.31 0.18 0.20 -0.12 -0.22 -0.22  Rvol: 0.59 1.05 1.47 -0.33 -0.33 -0.06 0.27 0.14 0.74 1.25 1.69 -0.28 -0.21 0.07 0.37 
Loss: 0.549411  SIA Ef: -0.088826 Binding: 0.11 0.06 -0.02 -0.08 -0.02 0.31 0.18 0.20 -0.12 -0.22 -0.22  Rvol: 0.59 1.05 1.47 -0.33 -0.33 -0.06 0.27 0.14 0.74 1.25 1.69 -0.28 -0.21 0.07 0.37 
Loss: 0.549399  SIA Ef: -0.088446 Binding: 0.11 0.06 -0.02 -0.09 -0.02 0.31 0.18 0.20 -0.12 -0.22 -0.22  Rvol: 0.59 1.05 1.47 -0.33 -0.33 -0.06 0.27 0.14 0.74 1.25 1.69 -0.28 -0.21 0.07 0.37 
Loss: 0.549402  SIA Ef: -0.088125 Binding: 0.11 0.06 -0.02 -0.08 -0.02 0.31 0.18 0.20 -0.12 -0.22 -0.22  Rvol: 0.59 1.05 1.47 -0.33 -0.33 -0.06 0.27 0.14 0.74 1.25 1.69 -0.28 -0.21 0.07 0.37 
Loss: 0.549396  SIA Ef: -0.088258 Binding: 0.11 0.06 -0.02 -0.09 -0.02 0.31 0.18 0.20 -0.12 -0.22 -0.22  Rvol: 0.59 1.05 1.47 -0.33 -0.33 -0.06 0.27 0.14 0.74 1.25 1.69 -0.28 -0.21 0.07 0.37 
Loss: 0.549413  SIA Ef: -0.088801 Binding: 0.11 0.06 -0.02 -0.09 -0.02 0.31 0.18 0.20 -0.12 -0.22 -0.22  Rvol: 0.59 1.05 1.47 -0.33 -0.33 -0.06 0.27 0.14 0.74 1.25 1.69 -0.28 -0.21 0.07 0.37 
Loss: 0.549396  SIA Ef: -0.088438 Binding: 0.11 0.06 -0.02 -0.08 -0.02 0.31 0.18 0.20 -0.12 -0.22 -0.22  Rvol: 0.59 1.05 1.47 -0.33 -0.33 -0.06 0.27 0.14 0.74 1.25 1.69 -0.28 -0.21 0.07 0.37 
Loss: 0.549395  SIA Ef: -0.088401 Binding: 0.11 0.06 -0.02 -0.08 -0.02 0.31 0.18 0.20 -0.12 -0.22 -0.22  Rvol: 0.59 1.05 1.47 -0.33 -0.33 -0.06 0.27 0.14 0.74 1.25 1.69 -0.28 -0.21 0.07 0.37 
