Start Optimization 
Loss: 3.107311  SIA Ef: -1.520877 Binding: -0.19 -0.42 0.11 -0.27 -0.10 0.36 0.18 0.11 -0.05 -0.36 -0.29  Rvol: 0.45 0.94 1.21 -0.33 -0.21 0.07 0.35 0.14 0.71 1.17 1.44 -0.28 -0.10 0.17 0.41 
Loss: 2.945376  SIA Ef: -1.460939 Binding: -0.19 -0.41 0.12 -0.26 -0.09 0.35 0.15 0.09 -0.07 -0.39 -0.33  Rvol: 0.45 0.95 1.22 -0.33 -0.21 0.07 0.35 0.14 0.71 1.18 1.44 -0.28 -0.10 0.18 0.42 
Loss: 37.781857  SIA Ef: 3.164111 Binding: 0.36 0.98 4.49 1.76 0.41 0.47 -0.02 0.38 -0.47 -0.61 -0.36  Rvol: 0.66 1.36 2.02 -0.33 0.09 0.51 0.88 0.14 0.91 1.57 2.22 -0.28 0.21 0.64 1.04 
Loss: 45.575329  SIA Ef: -0.878805 Binding: 0.85 0.38 -5.10 0.87 1.23 0.78 -0.06 -0.26 3.63 -0.17 1.14  Rvol: 0.47 1.03 1.22 -0.33 -0.02 0.36 0.65 0.14 0.75 1.23 1.46 -0.28 0.19 0.38 0.89 
Loss: 196.692746  SIA Ef: 10.726762 Binding: 1.28 -0.37 8.06 1.65 -1.15 0.98 -0.33 -0.22 -0.76 -1.04 -0.98  Rvol: 1.23 1.98 3.34 -0.33 -0.16 0.06 0.53 0.14 1.37 2.46 3.33 -0.28 0.00 0.25 0.71 
Loss: 7.154221  SIA Ef: -1.460939 Binding: -0.19 -0.41 0.12 -0.26 -0.09 -0.32 -1.38 0.19 -0.68 -1.45 -0.20  Rvol: 0.45 0.95 1.22 -0.33 -0.21 0.07 0.35 0.14 0.72 1.19 1.56 -0.28 -0.02 0.25 0.59 
Loss: 3.531188  SIA Ef: -1.460939 Binding: -0.19 -0.41 0.12 -0.26 -0.09 0.25 -0.03 -0.10 -0.18 -0.56 -0.76  Rvol: 0.45 0.95 1.22 -0.33 -0.21 0.07 0.35 0.14 0.69 1.16 1.44 -0.28 -0.10 0.14 0.36 
Loss: 3.039210  SIA Ef: -1.460939 Binding: -0.19 -0.41 0.12 -0.26 -0.09 0.42 0.28 0.42 0.01 -0.27 -0.09  Rvol: 0.45 0.95 1.22 -0.33 -0.21 0.07 0.35 0.14 0.71 1.18 1.43 -0.28 -0.09 0.19 0.44 
Loss: 3.278297  SIA Ef: -1.460939 Binding: 0.00 -0.03 0.12 -0.73 -0.32 0.35 0.18 0.10 -0.07 -0.29 -0.30  Rvol: 0.45 0.97 1.29 -0.33 -0.21 0.10 0.41 0.14 0.71 1.19 1.54 -0.28 -0.10 0.17 0.45 
Loss: 7.701441  SIA Ef: -1.460939 Binding: -1.14 -1.31 0.12 -0.48 -1.23 0.35 0.07 -0.23 -0.07 -0.51 -0.53  Rvol: 0.45 0.79 1.15 -0.33 -0.21 0.05 0.28 0.14 0.71 1.17 1.31 -0.28 -0.10 0.18 0.38 
Loss: 2.884931  SIA Ef: -1.460939 Binding: -0.18 -0.32 0.12 -0.15 0.16 0.35 0.11 0.22 -0.07 -0.38 -0.37  Rvol: 0.45 0.91 1.18 -0.33 -0.21 0.07 0.34 0.14 0.71 1.15 1.41 -0.28 -0.10 0.18 0.42 
Loss: 315.444219  SIA Ef: -16.777356 Binding: -0.29 -0.27 -4.33 0.49 0.41 0.13 -0.55 -0.24 2.82 -0.15 0.58  Rvol: -0.17 -0.35 -0.64 -0.33 -0.34 -0.74 -0.70 0.14 0.24 -0.30 -0.67 -0.28 -0.31 -0.69 -0.51 
Loss: 47.115418  SIA Ef: 4.466009 Binding: -0.36 -0.79 4.44 0.09 -1.63 -0.11 -0.32 0.27 -0.61 -0.72 -0.69  Rvol: 0.85 1.58 2.33 -0.33 -0.23 0.02 0.63 0.14 0.97 1.72 2.58 -0.28 -0.07 0.22 0.86 
Loss: 2.833355  SIA Ef: -1.440301 Binding: -0.18 -0.32 0.12 -0.15 0.16 0.35 0.11 0.22 -0.07 -0.39 -0.38  Rvol: 0.45 0.91 1.18 -0.33 -0.21 0.07 0.34 0.14 0.71 1.16 1.41 -0.28 -0.10 0.18 0.42 
Loss: 10.146453  SIA Ef: 1.160731 Binding: -0.19 0.41 2.60 0.56 0.14 0.35 0.13 0.26 -0.39 -0.53 -0.45  Rvol: 0.56 1.10 1.57 -0.33 -0.07 0.29 0.61 0.14 0.85 1.38 1.84 -0.28 0.06 0.42 0.76 
Loss: 3.633890  SIA Ef: -1.397541 Binding: -0.12 -0.33 -0.10 -0.12 0.25 0.58 0.53 0.79 0.21 0.07 0.29  Rvol: 0.45 0.94 1.17 -0.33 -0.21 0.08 0.35 0.14 0.71 1.16 1.40 -0.28 -0.10 0.17 0.42 
Loss: 38.869709  SIA Ef: -0.441595 Binding: 0.45 0.13 -4.20 2.80 -0.19 0.55 -0.08 -0.36 2.96 -1.84 0.11  Rvol: 0.42 1.00 1.19 -0.33 -0.17 0.26 0.48 0.14 0.73 1.20 1.40 -0.28 0.05 0.22 0.62 
Loss: 3.044210  SIA Ef: -1.446910 Binding: -0.18 -0.32 0.12 -0.15 0.16 0.41 0.21 0.60 0.00 -0.29 -0.16  Rvol: 0.45 0.91 1.18 -0.33 -0.21 0.07 0.34 0.14 0.72 1.16 1.42 -0.28 -0.09 0.19 0.47 
Loss: 64.901298  SIA Ef: -7.815591 Binding: -0.49 0.29 -1.06 0.15 0.74 0.47 0.37 -0.17 0.67 -0.35 -0.14  Rvol: 0.16 0.24 0.55 -0.33 -0.22 -0.18 -0.12 0.14 0.53 0.76 0.58 -0.28 -0.23 -0.12 -0.04 
Loss: 2.849919  SIA Ef: -1.436978 Binding: -0.18 -0.32 0.12 -0.15 0.16 0.33 0.08 0.14 -0.09 -0.42 -0.43  Rvol: 0.45 0.91 1.18 -0.33 -0.21 0.07 0.34 0.14 0.71 1.16 1.41 -0.28 -0.10 0.17 0.42 
Loss: 49.345167  SIA Ef: 3.761488 Binding: -0.32 -0.97 5.21 0.41 -1.68 0.02 -0.33 0.30 -0.64 -0.79 -0.74  Rvol: 0.84 1.56 2.30 -0.33 -0.23 -0.02 0.47 0.14 1.04 1.71 2.54 -0.28 -0.07 0.17 0.71 
Loss: 2.834445  SIA Ef: -1.446216 Binding: -0.16 -0.07 0.12 0.02 0.36 0.35 0.09 0.16 -0.07 -0.41 -0.40  Rvol: 0.45 0.89 1.17 -0.33 -0.21 0.07 0.33 0.14 0.71 1.15 1.39 -0.28 -0.10 0.18 0.42 
Loss: 73.150649  SIA Ef: -8.124968 Binding: -0.45 0.17 -1.72 0.38 0.92 0.48 0.36 -0.04 1.15 -0.32 -0.05  Rvol: 0.13 0.21 0.36 -0.33 -0.21 -0.21 -0.14 0.14 0.51 0.73 0.49 -0.28 -0.24 -0.15 -0.04 
Loss: 3.267283  SIA Ef: -1.524403 Binding: 0.10 0.30 0.08 -0.01 0.58 0.35 0.08 -0.02 -0.06 -0.37 -0.37  Rvol: 0.45 0.93 1.18 -0.33 -0.21 0.07 0.35 0.14 0.71 1.15 1.41 -0.28 -0.10 0.17 0.43 
Loss: 72.981840  SIA Ef: -8.122964 Binding: -0.47 0.11 -1.72 0.35 0.87 0.48 0.34 -0.05 1.15 -0.32 -0.04  Rvol: 0.13 0.21 0.36 -0.33 -0.21 -0.20 -0.13 0.14 0.51 0.73 0.49 -0.28 -0.24 -0.15 -0.04 
Loss: 24.738995  SIA Ef: -4.742849 Binding: -0.52 0.09 -0.79 0.05 0.58 0.44 0.43 0.10 0.42 -0.35 -0.23  Rvol: 0.29 0.48 0.76 -0.33 -0.21 -0.06 0.10 0.14 0.61 0.94 0.96 -0.28 -0.17 0.02 0.18 
Loss: 2.815815  SIA Ef: -1.440058 Binding: -0.17 -0.29 0.12 -0.13 0.19 0.35 0.10 0.21 -0.07 -0.39 -0.38  Rvol: 0.45 0.91 1.18 -0.33 -0.21 0.07 0.34 0.14 0.71 1.15 1.41 -0.28 -0.10 0.18 0.43 
Loss: 12.115818  SIA Ef: -1.333714 Binding: 0.17 -0.22 -2.29 1.25 0.16 0.47 0.01 0.06 1.33 -1.12 -0.15  Rvol: 0.42 0.92 1.09 -0.33 -0.19 0.17 0.38 0.14 0.70 1.14 1.31 -0.28 -0.06 0.16 0.48 
Loss: 2.006583  SIA Ef: -0.811152 Binding: -0.21 -0.14 0.69 -0.01 0.23 0.34 0.14 0.25 -0.18 -0.42 -0.44  Rvol: 0.48 0.92 1.26 -0.33 -0.17 0.13 0.41 0.14 0.74 1.20 1.49 -0.28 -0.06 0.23 0.50 
Loss: 2.355973  SIA Ef: 0.019408 Binding: -0.23 -0.17 1.16 -0.06 -0.04 0.29 0.11 0.28 -0.28 -0.45 -0.45  Rvol: 0.52 0.98 1.40 -0.33 -0.18 0.15 0.46 0.14 0.76 1.27 1.62 -0.28 -0.05 0.27 0.57 
Loss: 5.362790  SIA Ef: -1.084563 Binding: -0.29 -0.05 1.78 0.01 -0.18 0.30 0.07 0.14 -0.35 -0.50 -0.52  Rvol: 0.49 0.92 1.28 -0.33 -0.18 0.11 0.37 0.14 0.74 1.22 1.52 -0.28 -0.05 0.24 0.49 
Loss: 2.218052  SIA Ef: -0.818093 Binding: -0.21 -0.14 0.69 -0.01 0.23 0.28 0.02 0.12 -0.24 -0.53 -0.60  Rvol: 0.48 0.92 1.26 -0.33 -0.17 0.13 0.41 0.14 0.74 1.20 1.49 -0.28 -0.06 0.24 0.51 
Loss: 2.134376  SIA Ef: -0.873027 Binding: -0.06 -0.08 -0.48 0.20 0.69 0.41 0.14 0.21 0.25 -0.33 -0.25  Rvol: 0.45 0.95 1.18 -0.33 -0.15 0.14 0.41 0.14 0.73 1.19 1.41 -0.28 -0.07 0.23 0.50 
Loss: 1.973453  SIA Ef: -0.787789 Binding: -0.28 -0.21 0.67 -0.04 0.15 0.34 0.15 0.24 -0.18 -0.42 -0.45  Rvol: 0.48 0.90 1.26 -0.33 -0.17 0.13 0.41 0.14 0.74 1.20 1.49 -0.28 -0.06 0.24 0.50 
Loss: 2.050304  SIA Ef: -0.854282 Binding: -0.12 -0.13 -0.50 0.18 0.61 0.41 0.15 0.20 0.26 -0.33 -0.25  Rvol: 0.45 0.96 1.18 -0.33 -0.15 0.14 0.41 0.14 0.73 1.19 1.41 -0.28 -0.07 0.23 0.50 
Loss: 1.997129  SIA Ef: -0.827089 Binding: -0.28 -0.22 0.64 -0.05 0.14 0.33 0.12 0.17 -0.18 -0.44 -0.49  Rvol: 0.48 0.90 1.26 -0.33 -0.18 0.13 0.40 0.14 0.74 1.20 1.48 -0.28 -0.06 0.23 0.48 
Loss: 2.388340  SIA Ef: -1.267301 Binding: -0.21 -0.30 0.10 -0.09 0.22 0.36 0.11 0.24 -0.04 -0.38 -0.36  Rvol: 0.46 0.94 1.19 -0.33 -0.19 0.09 0.36 0.14 0.72 1.16 1.41 -0.28 -0.09 0.19 0.45 
Loss: 1.972138  SIA Ef: -0.792490 Binding: -0.28 -0.22 0.67 -0.04 0.14 0.34 0.15 0.24 -0.18 -0.42 -0.45  Rvol: 0.48 0.90 1.26 -0.33 -0.18 0.13 0.41 0.14 0.74 1.20 1.49 -0.28 -0.06 0.24 0.50 
Loss: 2.212649  SIA Ef: -1.141184 Binding: -0.23 -0.38 0.25 -0.14 0.12 0.36 0.12 0.25 -0.08 -0.39 -0.37  Rvol: 0.46 0.95 1.21 -0.33 -0.19 0.10 0.38 0.14 0.72 1.18 1.44 -0.28 -0.08 0.20 0.46 
Loss: 1.993254  SIA Ef: -0.788813 Binding: -0.27 -0.27 0.67 -0.07 0.11 0.33 0.13 0.24 -0.18 -0.43 -0.45  Rvol: 0.48 0.92 1.26 -0.33 -0.17 0.13 0.41 0.14 0.74 1.20 1.49 -0.28 -0.06 0.24 0.50 
Loss: 2.178158  SIA Ef: -1.149883 Binding: -0.23 -0.26 0.24 -0.05 0.22 0.35 0.11 0.19 -0.09 -0.41 -0.42  Rvol: 0.46 0.94 1.20 -0.33 -0.19 0.10 0.37 0.14 0.72 1.17 1.43 -0.28 -0.08 0.20 0.45 
Loss: 4.278693  SIA Ef: -1.624492 Binding: -0.46 0.03 0.75 0.08 0.28 0.42 0.42 0.34 -0.11 -0.35 -0.31  Rvol: 0.43 0.78 1.15 -0.33 -0.16 0.12 0.35 0.14 0.72 1.15 1.38 -0.28 -0.05 0.22 0.44 
Loss: 1.393437  SIA Ef: -0.707998 Binding: -0.20 -0.18 0.14 0.04 0.37 0.37 0.14 0.22 -0.03 -0.39 -0.38  Rvol: 0.47 0.95 1.24 -0.33 -0.16 0.14 0.42 0.14 0.74 1.20 1.47 -0.28 -0.06 0.24 0.51 
Loss: 1.509091  SIA Ef: -0.809881 Binding: -0.17 -0.21 -0.01 0.03 0.39 0.37 0.12 0.21 0.02 -0.38 -0.35  Rvol: 0.47 0.97 1.22 -0.33 -0.17 0.13 0.41 0.14 0.73 1.19 1.45 -0.28 -0.07 0.23 0.50 
Loss: 1.924900  SIA Ef: -0.896320 Binding: -0.17 -0.09 -0.30 0.17 0.59 0.41 0.20 0.22 0.17 -0.33 -0.26  Rvol: 0.45 0.91 1.18 -0.33 -0.15 0.15 0.41 0.14 0.73 1.19 1.41 -0.28 -0.07 0.23 0.50 
Loss: 1.233761  SIA Ef: -0.486234 Binding: -0.23 -0.14 0.32 0.04 0.34 0.36 0.15 0.22 -0.08 -0.40 -0.40  Rvol: 0.48 0.92 1.27 -0.33 -0.16 0.15 0.44 0.14 0.75 1.22 1.50 -0.28 -0.06 0.25 0.53 
Loss: 1.432722  SIA Ef: 0.308372 Binding: -0.22 -0.18 0.59 -0.01 0.20 0.33 0.14 0.26 -0.16 -0.40 -0.42  Rvol: 0.52 1.00 1.39 -0.33 -0.16 0.18 0.50 0.14 0.77 1.28 1.62 -0.28 -0.04 0.29 0.59 
Loss: 1.248789  SIA Ef: -0.574961 Binding: -0.21 -0.15 0.19 0.05 0.37 0.36 0.14 0.21 -0.05 -0.39 -0.39  Rvol: 0.48 0.93 1.25 -0.33 -0.16 0.15 0.43 0.14 0.74 1.21 1.48 -0.28 -0.06 0.24 0.52 
Loss: 1.189652  SIA Ef: -0.390032 Binding: -0.22 -0.09 0.34 0.07 0.37 0.36 0.17 0.24 -0.08 -0.39 -0.40  Rvol: 0.49 0.92 1.28 -0.33 -0.16 0.15 0.44 0.14 0.75 1.23 1.51 -0.28 -0.05 0.26 0.53 
Loss: 1.218683  SIA Ef: -0.364749 Binding: -0.22 -0.09 0.32 0.08 0.38 0.33 0.11 0.17 -0.10 -0.44 -0.47  Rvol: 0.49 0.92 1.28 -0.33 -0.16 0.16 0.45 0.14 0.75 1.23 1.51 -0.28 -0.05 0.26 0.54 
Loss: 1.182027  SIA Ef: -0.386134 Binding: -0.24 -0.12 0.35 0.06 0.34 0.36 0.16 0.23 -0.09 -0.39 -0.40  Rvol: 0.49 0.92 1.28 -0.33 -0.16 0.15 0.44 0.14 0.75 1.23 1.51 -0.28 -0.05 0.26 0.53 
Loss: 1.289035  SIA Ef: -0.380013 Binding: -0.24 -0.11 0.48 0.06 0.31 0.35 0.15 0.24 -0.12 -0.40 -0.41  Rvol: 0.49 0.93 1.29 -0.33 -0.16 0.15 0.44 0.14 0.75 1.23 1.52 -0.28 -0.05 0.26 0.54 
Loss: 1.188813  SIA Ef: -0.377365 Binding: -0.24 -0.12 0.36 0.06 0.34 0.36 0.17 0.25 -0.09 -0.39 -0.39  Rvol: 0.49 0.92 1.28 -0.33 -0.16 0.16 0.44 0.14 0.75 1.23 1.51 -0.28 -0.05 0.26 0.54 
Loss: 1.249555  SIA Ef: -0.376453 Binding: -0.25 -0.14 0.45 0.04 0.29 0.35 0.16 0.23 -0.11 -0.40 -0.42  Rvol: 0.49 0.92 1.29 -0.33 -0.16 0.15 0.44 0.14 0.75 1.23 1.52 -0.28 -0.05 0.26 0.53 
Loss: 1.266162  SIA Ef: -0.364115 Binding: -0.24 -0.13 0.47 0.04 0.29 0.35 0.15 0.24 -0.12 -0.40 -0.42  Rvol: 0.49 0.92 1.29 -0.33 -0.16 0.15 0.44 0.14 0.75 1.23 1.52 -0.28 -0.05 0.26 0.54 
Loss: 1.206100  SIA Ef: -0.437189 Binding: -0.22 -0.08 0.26 0.11 0.43 0.38 0.18 0.24 -0.04 -0.37 -0.37  Rvol: 0.48 0.93 1.26 -0.33 -0.15 0.16 0.45 0.14 0.75 1.22 1.49 -0.28 -0.05 0.26 0.53 
Loss: 1.168548  SIA Ef: -0.170248 Binding: -0.24 -0.12 0.45 0.05 0.31 0.35 0.16 0.24 -0.12 -0.39 -0.41  Rvol: 0.50 0.94 1.31 -0.33 -0.16 0.16 0.46 0.14 0.76 1.24 1.54 -0.28 -0.05 0.27 0.55 
Loss: 0.962669  SIA Ef: -0.129841 Binding: -0.20 -0.14 0.20 0.06 0.36 0.37 0.16 0.25 -0.05 -0.37 -0.35  Rvol: 0.50 0.96 1.31 -0.33 -0.16 0.16 0.46 0.14 0.76 1.24 1.54 -0.28 -0.06 0.26 0.55 
Loss: 0.953807  SIA Ef: -0.085816 Binding: -0.15 -0.16 -0.01 0.08 0.43 0.38 0.15 0.26 0.03 -0.34 -0.32  Rvol: 0.50 1.01 1.30 -0.33 -0.16 0.17 0.47 0.14 0.75 1.24 1.53 -0.28 -0.06 0.26 0.56 
Loss: 0.949001  SIA Ef: -0.042097 Binding: -0.16 -0.16 0.06 0.07 0.41 0.38 0.15 0.26 0.00 -0.34 -0.32  Rvol: 0.50 1.01 1.31 -0.33 -0.16 0.17 0.47 0.14 0.76 1.25 1.54 -0.28 -0.06 0.27 0.56 
Loss: 0.950095  SIA Ef: -0.038266 Binding: -0.15 -0.19 -0.03 0.06 0.41 0.38 0.15 0.26 0.03 -0.34 -0.32  Rvol: 0.50 1.02 1.31 -0.33 -0.16 0.17 0.48 0.14 0.76 1.24 1.54 -0.28 -0.06 0.27 0.56 
Loss: 0.941165  SIA Ef: -0.068682 Binding: -0.16 -0.17 0.06 0.06 0.40 0.39 0.17 0.28 0.01 -0.33 -0.30  Rvol: 0.50 1.01 1.31 -0.33 -0.16 0.17 0.47 0.14 0.76 1.24 1.54 -0.28 -0.06 0.27 0.56 
Loss: 0.975702  SIA Ef: -0.071578 Binding: -0.15 -0.18 -0.04 0.07 0.43 0.37 0.12 0.23 0.03 -0.37 -0.35  Rvol: 0.50 1.02 1.30 -0.33 -0.16 0.17 0.47 0.14 0.76 1.24 1.53 -0.28 -0.06 0.27 0.56 
Loss: 0.918556  SIA Ef: -0.042016 Binding: -0.17 -0.19 0.12 0.04 0.35 0.38 0.16 0.28 -0.02 -0.34 -0.31  Rvol: 0.50 1.02 1.32 -0.33 -0.16 0.16 0.47 0.14 0.76 1.25 1.55 -0.28 -0.06 0.26 0.56 
Loss: 0.905894  SIA Ef: 0.008818 Binding: -0.17 -0.21 0.08 0.02 0.34 0.38 0.17 0.30 -0.00 -0.32 -0.29  Rvol: 0.50 1.02 1.32 -0.33 -0.17 0.16 0.47 0.14 0.76 1.25 1.55 -0.28 -0.06 0.26 0.56 
Loss: 0.909282  SIA Ef: 0.023306 Binding: -0.18 -0.23 0.10 0.01 0.31 0.38 0.17 0.30 -0.01 -0.32 -0.29  Rvol: 0.50 1.02 1.32 -0.33 -0.17 0.16 0.47 0.14 0.76 1.25 1.55 -0.28 -0.06 0.27 0.56 
Loss: 1.272725  SIA Ef: 0.437262 Binding: -0.18 -0.20 0.34 -0.01 0.25 0.36 0.17 0.32 -0.08 -0.33 -0.32  Rvol: 0.53 1.05 1.39 -0.33 -0.16 0.18 0.51 0.14 0.77 1.28 1.62 -0.28 -0.05 0.28 0.60 
Loss: 0.898467  SIA Ef: -0.007944 Binding: -0.17 -0.21 0.07 0.02 0.34 0.38 0.17 0.28 -0.00 -0.32 -0.30  Rvol: 0.50 1.02 1.32 -0.33 -0.17 0.16 0.47 0.14 0.76 1.25 1.55 -0.28 -0.06 0.26 0.56 
Loss: 1.071762  SIA Ef: -0.422864 Binding: -0.15 -0.22 -0.15 0.04 0.40 0.40 0.17 0.27 0.08 -0.31 -0.27  Rvol: 0.48 0.99 1.26 -0.33 -0.17 0.14 0.44 0.14 0.74 1.22 1.49 -0.28 -0.07 0.24 0.52 
Loss: 1.002972  SIA Ef: 0.200277 Binding: -0.18 -0.21 0.20 0.00 0.29 0.37 0.17 0.30 -0.05 -0.33 -0.32  Rvol: 0.51 1.03 1.35 -0.33 -0.17 0.17 0.49 0.14 0.76 1.26 1.58 -0.28 -0.06 0.27 0.57 
Loss: 0.905610  SIA Ef: 0.002697 Binding: -0.16 -0.21 0.01 0.03 0.36 0.38 0.17 0.28 0.02 -0.32 -0.30  Rvol: 0.50 1.02 1.32 -0.33 -0.17 0.16 0.47 0.14 0.76 1.25 1.55 -0.28 -0.06 0.26 0.56 
Loss: 0.904990  SIA Ef: -0.006554 Binding: -0.17 -0.21 0.05 0.02 0.34 0.37 0.14 0.25 -0.01 -0.35 -0.33  Rvol: 0.50 1.02 1.32 -0.33 -0.17 0.16 0.47 0.14 0.76 1.25 1.55 -0.28 -0.06 0.26 0.56 
Loss: 0.900532  SIA Ef: -0.011304 Binding: -0.17 -0.20 0.08 0.02 0.34 0.38 0.17 0.28 -0.01 -0.33 -0.30  Rvol: 0.50 1.02 1.32 -0.33 -0.17 0.16 0.47 0.14 0.76 1.25 1.55 -0.28 -0.06 0.26 0.56 
Loss: 0.899872  SIA Ef: -0.048967 Binding: -0.16 -0.21 -0.01 0.03 0.36 0.38 0.16 0.27 0.02 -0.32 -0.30  Rvol: 0.50 1.02 1.31 -0.33 -0.17 0.16 0.47 0.14 0.75 1.24 1.54 -0.28 -0.07 0.26 0.55 
Loss: 0.899631  SIA Ef: 0.008953 Binding: -0.17 -0.21 0.08 0.02 0.33 0.38 0.16 0.27 -0.01 -0.33 -0.31  Rvol: 0.50 1.02 1.32 -0.33 -0.17 0.16 0.47 0.14 0.76 1.25 1.55 -0.28 -0.06 0.26 0.56 
Loss: 0.925133  SIA Ef: -0.013642 Binding: -0.16 -0.19 0.02 0.05 0.39 0.39 0.17 0.28 0.02 -0.32 -0.30  Rvol: 0.50 1.02 1.31 -0.33 -0.16 0.17 0.47 0.14 0.76 1.25 1.54 -0.28 -0.06 0.26 0.56 
Loss: 0.901431  SIA Ef: -0.024672 Binding: -0.17 -0.20 0.07 0.03 0.34 0.38 0.16 0.28 -0.01 -0.33 -0.31  Rvol: 0.50 1.02 1.32 -0.33 -0.17 0.16 0.47 0.14 0.76 1.25 1.55 -0.28 -0.06 0.26 0.55 
Loss: 1.003998  SIA Ef: 0.191352 Binding: -0.18 -0.21 0.22 0.00 0.29 0.37 0.17 0.29 -0.05 -0.33 -0.32  Rvol: 0.51 1.03 1.35 -0.33 -0.17 0.17 0.49 0.14 0.76 1.26 1.58 -0.28 -0.06 0.27 0.57 
Loss: 0.904487  SIA Ef: -0.111036 Binding: -0.16 -0.21 0.02 0.02 0.36 0.38 0.17 0.28 0.01 -0.32 -0.30  Rvol: 0.50 1.01 1.31 -0.33 -0.17 0.16 0.46 0.14 0.75 1.24 1.54 -0.28 -0.06 0.26 0.55 
Loss: 0.898556  SIA Ef: -0.010000 Binding: -0.16 -0.20 0.06 0.02 0.35 0.38 0.17 0.28 -0.00 -0.32 -0.30  Rvol: 0.50 1.02 1.32 -0.33 -0.17 0.16 0.47 0.14 0.76 1.25 1.55 -0.28 -0.06 0.26 0.56 
Loss: 0.926594  SIA Ef: 0.048743 Binding: -0.18 -0.21 0.14 0.01 0.31 0.38 0.17 0.29 -0.03 -0.33 -0.32  Rvol: 0.51 1.02 1.33 -0.33 -0.17 0.16 0.47 0.14 0.76 1.25 1.56 -0.28 -0.06 0.26 0.56 
Loss: 0.903081  SIA Ef: -0.012499 Binding: -0.17 -0.20 0.06 0.03 0.35 0.38 0.17 0.28 0.00 -0.32 -0.30  Rvol: 0.50 1.02 1.32 -0.33 -0.17 0.16 0.47 0.14 0.76 1.25 1.55 -0.28 -0.06 0.26 0.56 
Loss: 0.898343  SIA Ef: -0.009188 Binding: -0.17 -0.21 0.07 0.02 0.34 0.38 0.16 0.28 -0.00 -0.33 -0.30  Rvol: 0.50 1.02 1.32 -0.33 -0.17 0.16 0.47 0.14 0.76 1.25 1.55 -0.28 -0.06 0.26 0.56 
Loss: 0.900087  SIA Ef: -0.007051 Binding: -0.17 -0.21 0.06 0.02 0.34 0.38 0.16 0.28 -0.00 -0.33 -0.31  Rvol: 0.50 1.02 1.32 -0.33 -0.17 0.16 0.47 0.14 0.76 1.25 1.55 -0.28 -0.06 0.26 0.56 
Loss: 0.899473  SIA Ef: -0.003794 Binding: -0.17 -0.21 0.07 0.02 0.34 0.38 0.16 0.28 -0.01 -0.33 -0.30  Rvol: 0.50 1.02 1.32 -0.33 -0.17 0.16 0.47 0.14 0.76 1.25 1.55 -0.28 -0.06 0.26 0.56 
Loss: 0.900460  SIA Ef: -0.007306 Binding: -0.16 -0.21 0.03 0.02 0.35 0.38 0.16 0.28 0.01 -0.32 -0.30  Rvol: 0.50 1.02 1.32 -0.33 -0.17 0.16 0.47 0.14 0.76 1.25 1.55 -0.28 -0.06 0.26 0.56 
Loss: 0.896833  SIA Ef: -0.027713 Binding: -0.17 -0.21 0.06 0.02 0.34 0.38 0.17 0.28 -0.00 -0.33 -0.30  Rvol: 0.50 1.02 1.32 -0.33 -0.17 0.16 0.47 0.14 0.76 1.25 1.55 -0.28 -0.06 0.26 0.55 
Loss: 0.899670  SIA Ef: -0.069908 Binding: -0.16 -0.21 0.03 0.02 0.35 0.38 0.16 0.27 0.01 -0.33 -0.31  Rvol: 0.50 1.02 1.31 -0.33 -0.17 0.16 0.47 0.14 0.75 1.24 1.54 -0.28 -0.06 0.26 0.55 
Loss: 0.897297  SIA Ef: -0.032285 Binding: -0.17 -0.21 0.05 0.02 0.34 0.38 0.17 0.28 0.00 -0.32 -0.30  Rvol: 0.50 1.02 1.32 -0.33 -0.17 0.16 0.47 0.14 0.76 1.25 1.55 -0.28 -0.06 0.26 0.55 
Loss: 0.892382  SIA Ef: -0.018912 Binding: -0.17 -0.21 0.08 0.01 0.32 0.38 0.17 0.28 -0.01 -0.32 -0.30  Rvol: 0.50 1.02 1.32 -0.33 -0.17 0.16 0.47 0.14 0.76 1.25 1.55 -0.28 -0.06 0.26 0.55 
Loss: 0.891429  SIA Ef: -0.016584 Binding: -0.17 -0.22 0.09 0.01 0.32 0.38 0.17 0.29 -0.01 -0.32 -0.29  Rvol: 0.50 1.02 1.32 -0.33 -0.17 0.16 0.47 0.14 0.76 1.25 1.55 -0.28 -0.06 0.26 0.55 
Loss: 0.892355  SIA Ef: -0.022212 Binding: -0.17 -0.22 0.10 0.01 0.31 0.38 0.17 0.29 -0.01 -0.32 -0.30  Rvol: 0.50 1.02 1.32 -0.33 -0.17 0.16 0.47 0.14 0.76 1.25 1.55 -0.28 -0.06 0.26 0.55 
Loss: 0.893351  SIA Ef: -0.017552 Binding: -0.17 -0.22 0.10 0.01 0.31 0.38 0.17 0.29 -0.01 -0.32 -0.30  Rvol: 0.50 1.02 1.32 -0.33 -0.17 0.16 0.47 0.14 0.76 1.25 1.55 -0.28 -0.06 0.26 0.55 
Loss: 0.887822  SIA Ef: -0.011052 Binding: -0.17 -0.22 0.06 0.01 0.32 0.38 0.17 0.29 -0.00 -0.32 -0.29  Rvol: 0.50 1.02 1.32 -0.33 -0.17 0.16 0.47 0.14 0.76 1.25 1.55 -0.28 -0.06 0.26 0.55 
Loss: 0.887095  SIA Ef: -0.005750 Binding: -0.17 -0.23 0.06 0.00 0.31 0.38 0.17 0.29 -0.00 -0.32 -0.29  Rvol: 0.50 1.02 1.32 -0.33 -0.17 0.16 0.47 0.14 0.76 1.25 1.55 -0.28 -0.06 0.26 0.55 
Loss: 0.887114  SIA Ef: -0.006425 Binding: -0.17 -0.23 0.06 0.00 0.31 0.38 0.17 0.29 -0.00 -0.32 -0.29  Rvol: 0.50 1.02 1.32 -0.33 -0.17 0.16 0.47 0.14 0.76 1.25 1.55 -0.28 -0.06 0.26 0.55 
Loss: 0.881764  SIA Ef: -0.029499 Binding: -0.17 -0.23 0.05 0.00 0.31 0.38 0.17 0.29 0.00 -0.32 -0.29  Rvol: 0.50 1.02 1.32 -0.33 -0.17 0.16 0.47 0.14 0.75 1.25 1.55 -0.28 -0.06 0.26 0.55 
Loss: 0.879456  SIA Ef: -0.024484 Binding: -0.17 -0.23 0.05 -0.00 0.31 0.38 0.17 0.29 -0.00 -0.32 -0.29  Rvol: 0.50 1.02 1.32 -0.33 -0.17 0.16 0.47 0.14 0.76 1.25 1.55 -0.28 -0.06 0.26 0.55 
Loss: 0.878870  SIA Ef: -0.001942 Binding: -0.17 -0.24 0.06 -0.01 0.30 0.38 0.17 0.29 -0.01 -0.32 -0.30  Rvol: 0.50 1.02 1.32 -0.33 -0.17 0.16 0.47 0.14 0.76 1.25 1.55 -0.28 -0.06 0.26 0.55 
Loss: 0.879360  SIA Ef: 0.001710 Binding: -0.17 -0.24 0.06 -0.01 0.30 0.38 0.16 0.28 -0.01 -0.32 -0.30  Rvol: 0.50 1.02 1.32 -0.33 -0.17 0.16 0.47 0.14 0.76 1.25 1.55 -0.28 -0.06 0.26 0.55 
Loss: 0.876709  SIA Ef: -0.040989 Binding: -0.16 -0.24 0.02 -0.00 0.31 0.38 0.17 0.28 0.01 -0.32 -0.29  Rvol: 0.50 1.02 1.32 -0.33 -0.17 0.16 0.46 0.14 0.75 1.25 1.55 -0.28 -0.07 0.26 0.55 
Loss: 0.873144  SIA Ef: -0.059222 Binding: -0.17 -0.24 0.02 -0.01 0.31 0.38 0.17 0.28 0.01 -0.32 -0.29  Rvol: 0.50 1.02 1.32 -0.33 -0.17 0.15 0.46 0.14 0.75 1.24 1.55 -0.28 -0.07 0.26 0.55 
Loss: 0.872310  SIA Ef: -0.066627 Binding: -0.17 -0.24 0.03 -0.01 0.30 0.38 0.17 0.29 0.00 -0.32 -0.29  Rvol: 0.50 1.02 1.32 -0.33 -0.17 0.15 0.46 0.14 0.75 1.24 1.55 -0.28 -0.07 0.26 0.55 
Loss: 0.873328  SIA Ef: -0.065477 Binding: -0.17 -0.24 0.02 -0.01 0.31 0.38 0.17 0.28 0.01 -0.32 -0.29  Rvol: 0.50 1.02 1.32 -0.33 -0.17 0.15 0.46 0.14 0.75 1.24 1.55 -0.28 -0.07 0.26 0.55 
Loss: 0.872573  SIA Ef: -0.096913 Binding: -0.17 -0.24 0.03 -0.01 0.30 0.38 0.17 0.28 0.00 -0.32 -0.29  Rvol: 0.50 1.01 1.31 -0.33 -0.17 0.15 0.46 0.14 0.75 1.24 1.54 -0.28 -0.07 0.25 0.54 
Loss: 0.871829  SIA Ef: -0.062293 Binding: -0.17 -0.24 0.03 -0.01 0.30 0.38 0.17 0.29 0.00 -0.32 -0.29  Rvol: 0.50 1.02 1.32 -0.33 -0.17 0.15 0.46 0.14 0.75 1.24 1.55 -0.28 -0.07 0.26 0.55 
Loss: 0.869974  SIA Ef: -0.064932 Binding: -0.17 -0.24 0.03 -0.01 0.30 0.38 0.17 0.29 0.01 -0.31 -0.28  Rvol: 0.50 1.01 1.32 -0.33 -0.17 0.15 0.46 0.14 0.75 1.24 1.55 -0.28 -0.07 0.25 0.55 
Loss: 0.868059  SIA Ef: -0.069430 Binding: -0.17 -0.25 0.03 -0.02 0.29 0.39 0.17 0.30 0.01 -0.31 -0.28  Rvol: 0.50 1.01 1.32 -0.33 -0.17 0.15 0.46 0.14 0.75 1.24 1.55 -0.28 -0.07 0.25 0.55 
Loss: 0.871099  SIA Ef: -0.089616 Binding: -0.17 -0.25 0.01 -0.01 0.30 0.39 0.17 0.30 0.01 -0.31 -0.28  Rvol: 0.50 1.01 1.31 -0.33 -0.17 0.15 0.46 0.14 0.75 1.24 1.54 -0.28 -0.07 0.25 0.54 
Loss: 0.865916  SIA Ef: -0.057883 Binding: -0.17 -0.25 0.03 -0.02 0.29 0.38 0.17 0.30 0.00 -0.31 -0.28  Rvol: 0.50 1.01 1.32 -0.33 -0.17 0.15 0.46 0.14 0.75 1.24 1.55 -0.28 -0.07 0.25 0.55 
Loss: 0.866326  SIA Ef: -0.067355 Binding: -0.17 -0.25 0.02 -0.02 0.29 0.38 0.17 0.29 0.00 -0.31 -0.28  Rvol: 0.50 1.01 1.32 -0.33 -0.17 0.15 0.46 0.14 0.75 1.24 1.55 -0.28 -0.07 0.25 0.55 
Loss: 0.867078  SIA Ef: -0.044598 Binding: -0.17 -0.25 0.05 -0.02 0.28 0.38 0.17 0.30 -0.00 -0.31 -0.28  Rvol: 0.50 1.02 1.32 -0.33 -0.17 0.15 0.46 0.14 0.75 1.25 1.55 -0.28 -0.07 0.26 0.55 
Loss: 0.864050  SIA Ef: -0.034396 Binding: -0.17 -0.25 0.03 -0.02 0.28 0.38 0.17 0.30 0.00 -0.31 -0.28  Rvol: 0.50 1.01 1.32 -0.33 -0.17 0.15 0.46 0.14 0.75 1.25 1.55 -0.28 -0.07 0.25 0.55 
Loss: 0.861882  SIA Ef: -0.037156 Binding: -0.17 -0.25 0.02 -0.02 0.29 0.38 0.17 0.29 0.01 -0.31 -0.28  Rvol: 0.50 1.01 1.32 -0.33 -0.17 0.15 0.46 0.14 0.75 1.25 1.55 -0.28 -0.07 0.25 0.55 
Loss: 0.861754  SIA Ef: -0.031967 Binding: -0.17 -0.25 0.01 -0.02 0.29 0.38 0.17 0.29 0.01 -0.31 -0.28  Rvol: 0.50 1.01 1.32 -0.33 -0.17 0.15 0.46 0.14 0.75 1.25 1.55 -0.28 -0.07 0.25 0.55 
Loss: 0.860354  SIA Ef: -0.045423 Binding: -0.17 -0.25 0.01 -0.02 0.29 0.38 0.17 0.29 0.01 -0.31 -0.28  Rvol: 0.50 1.01 1.32 -0.33 -0.18 0.15 0.46 0.14 0.75 1.25 1.55 -0.28 -0.07 0.25 0.55 
Loss: 0.860042  SIA Ef: -0.062767 Binding: -0.17 -0.25 0.01 -0.02 0.29 0.38 0.17 0.29 0.01 -0.31 -0.28  Rvol: 0.50 1.01 1.32 -0.33 -0.18 0.15 0.46 0.14 0.75 1.24 1.55 -0.28 -0.07 0.25 0.55 
Loss: 0.859840  SIA Ef: -0.059067 Binding: -0.17 -0.25 0.01 -0.02 0.29 0.38 0.17 0.29 0.00 -0.31 -0.29  Rvol: 0.50 1.01 1.32 -0.33 -0.18 0.15 0.46 0.14 0.75 1.24 1.55 -0.28 -0.07 0.25 0.55 
Loss: 0.859992  SIA Ef: -0.073343 Binding: -0.17 -0.26 -0.01 -0.03 0.29 0.38 0.17 0.28 0.01 -0.32 -0.29  Rvol: 0.50 1.01 1.32 -0.33 -0.18 0.15 0.46 0.14 0.75 1.24 1.55 -0.28 -0.07 0.25 0.54 
Loss: 0.859915  SIA Ef: -0.052302 Binding: -0.17 -0.25 0.02 -0.02 0.29 0.38 0.17 0.28 0.00 -0.32 -0.29  Rvol: 0.50 1.01 1.32 -0.33 -0.18 0.15 0.46 0.14 0.75 1.24 1.55 -0.28 -0.07 0.25 0.55 
Loss: 0.860667  SIA Ef: -0.074698 Binding: -0.17 -0.25 0.01 -0.03 0.29 0.38 0.17 0.29 0.01 -0.31 -0.29  Rvol: 0.50 1.01 1.32 -0.33 -0.18 0.15 0.46 0.14 0.75 1.24 1.55 -0.28 -0.07 0.25 0.55 
Loss: 0.859532  SIA Ef: -0.052093 Binding: -0.17 -0.25 0.02 -0.03 0.28 0.38 0.17 0.29 0.00 -0.31 -0.29  Rvol: 0.50 1.01 1.32 -0.33 -0.18 0.15 0.46 0.14 0.75 1.24 1.55 -0.28 -0.07 0.25 0.55 
Loss: 0.869277  SIA Ef: -0.023438 Binding: -0.17 -0.26 0.06 -0.03 0.27 0.38 0.17 0.29 -0.01 -0.32 -0.30  Rvol: 0.50 1.01 1.33 -0.33 -0.18 0.15 0.47 0.14 0.75 1.25 1.56 -0.28 -0.07 0.25 0.55 
Loss: 0.860711  SIA Ef: -0.062964 Binding: -0.17 -0.25 0.02 -0.02 0.28 0.38 0.17 0.29 0.00 -0.31 -0.29  Rvol: 0.50 1.01 1.32 -0.33 -0.18 0.15 0.46 0.14 0.75 1.24 1.55 -0.28 -0.07 0.25 0.55 
Loss: 0.864915  SIA Ef: -0.081103 Binding: -0.16 -0.25 -0.01 -0.02 0.30 0.38 0.17 0.29 0.01 -0.31 -0.28  Rvol: 0.50 1.01 1.31 -0.33 -0.17 0.15 0.46 0.14 0.75 1.24 1.54 -0.28 -0.07 0.25 0.54 
Loss: 0.860039  SIA Ef: -0.054845 Binding: -0.17 -0.26 0.02 -0.03 0.28 0.38 0.17 0.29 0.00 -0.31 -0.28  Rvol: 0.50 1.01 1.32 -0.33 -0.18 0.15 0.46 0.14 0.75 1.24 1.55 -0.28 -0.07 0.25 0.55 
Loss: 0.859442  SIA Ef: -0.050490 Binding: -0.17 -0.25 0.02 -0.03 0.28 0.38 0.17 0.29 0.00 -0.31 -0.29  Rvol: 0.50 1.01 1.32 -0.33 -0.18 0.15 0.46 0.14 0.75 1.24 1.55 -0.28 -0.07 0.25 0.55 
Loss: 0.860966  SIA Ef: -0.042621 Binding: -0.17 -0.25 0.01 -0.02 0.29 0.38 0.17 0.29 0.01 -0.31 -0.28  Rvol: 0.50 1.01 1.32 -0.33 -0.17 0.15 0.46 0.14 0.75 1.25 1.55 -0.28 -0.07 0.25 0.55 
Loss: 0.859218  SIA Ef: -0.054960 Binding: -0.17 -0.25 0.02 -0.03 0.28 0.38 0.17 0.29 0.00 -0.31 -0.29  Rvol: 0.50 1.01 1.32 -0.33 -0.18 0.15 0.46 0.14 0.75 1.24 1.55 -0.28 -0.07 0.25 0.55 
Loss: 0.861900  SIA Ef: -0.069611 Binding: -0.17 -0.25 0.00 -0.02 0.29 0.38 0.17 0.29 0.01 -0.31 -0.28  Rvol: 0.50 1.01 1.32 -0.33 -0.17 0.15 0.46 0.14 0.75 1.24 1.55 -0.28 -0.07 0.25 0.55 
Loss: 0.859151  SIA Ef: -0.049981 Binding: -0.17 -0.25 0.02 -0.02 0.28 0.38 0.17 0.29 0.00 -0.31 -0.29  Rvol: 0.50 1.01 1.32 -0.33 -0.18 0.15 0.46 0.14 0.75 1.24 1.55 -0.28 -0.07 0.25 0.55 
Loss: 0.859828  SIA Ef: -0.034694 Binding: -0.17 -0.25 0.04 -0.03 0.27 0.38 0.17 0.29 -0.00 -0.31 -0.29  Rvol: 0.50 1.01 1.32 -0.33 -0.18 0.15 0.46 0.14 0.75 1.25 1.55 -0.28 -0.07 0.25 0.55 
Loss: 0.859780  SIA Ef: -0.045948 Binding: -0.17 -0.25 0.02 -0.02 0.28 0.38 0.17 0.29 0.00 -0.31 -0.28  Rvol: 0.50 1.01 1.32 -0.33 -0.18 0.15 0.46 0.14 0.75 1.25 1.55 -0.28 -0.07 0.25 0.55 
Loss: 0.859690  SIA Ef: -0.059791 Binding: -0.17 -0.25 0.02 -0.03 0.28 0.38 0.17 0.29 0.00 -0.31 -0.29  Rvol: 0.50 1.01 1.32 -0.33 -0.18 0.15 0.46 0.14 0.75 1.24 1.55 -0.28 -0.07 0.25 0.55 
Loss: 0.859282  SIA Ef: -0.051130 Binding: -0.17 -0.25 0.02 -0.03 0.28 0.38 0.17 0.29 0.00 -0.31 -0.29  Rvol: 0.50 1.01 1.32 -0.33 -0.18 0.15 0.46 0.14 0.75 1.24 1.55 -0.28 -0.07 0.25 0.55 
Loss: 0.859032  SIA Ef: -0.051563 Binding: -0.17 -0.25 0.02 -0.03 0.28 0.38 0.17 0.29 0.00 -0.31 -0.28  Rvol: 0.50 1.01 1.32 -0.33 -0.18 0.15 0.46 0.14 0.75 1.24 1.55 -0.28 -0.07 0.25 0.55 
Loss: 0.858909  SIA Ef: -0.054567 Binding: -0.17 -0.25 0.02 -0.02 0.29 0.38 0.17 0.29 0.00 -0.31 -0.28  Rvol: 0.50 1.01 1.32 -0.33 -0.18 0.15 0.46 0.14 0.75 1.24 1.55 -0.28 -0.07 0.25 0.55 
Loss: 0.858920  SIA Ef: -0.051417 Binding: -0.17 -0.25 0.02 -0.02 0.28 0.38 0.17 0.29 0.00 -0.31 -0.28  Rvol: 0.50 1.01 1.32 -0.33 -0.18 0.15 0.46 0.14 0.75 1.24 1.55 -0.28 -0.07 0.25 0.55 
Loss: 0.859627  SIA Ef: -0.060044 Binding: -0.17 -0.25 0.01 -0.02 0.29 0.38 0.17 0.29 0.01 -0.31 -0.28  Rvol: 0.50 1.01 1.32 -0.33 -0.18 0.15 0.46 0.14 0.75 1.24 1.55 -0.28 -0.07 0.25 0.55 
Loss: 0.858491  SIA Ef: -0.050412 Binding: -0.17 -0.25 0.02 -0.03 0.28 0.38 0.17 0.29 0.00 -0.31 -0.28  Rvol: 0.50 1.01 1.32 -0.33 -0.18 0.15 0.46 0.14 0.75 1.24 1.55 -0.28 -0.07 0.25 0.55 
Loss: 0.858056  SIA Ef: -0.047002 Binding: -0.17 -0.25 0.03 -0.03 0.28 0.38 0.17 0.29 0.00 -0.31 -0.29  Rvol: 0.50 1.01 1.32 -0.33 -0.18 0.15 0.46 0.14 0.75 1.25 1.55 -0.28 -0.07 0.25 0.55 
Loss: 0.858976  SIA Ef: -0.039797 Binding: -0.17 -0.25 0.04 -0.03 0.28 0.38 0.17 0.29 -0.00 -0.31 -0.29  Rvol: 0.50 1.01 1.32 -0.33 -0.18 0.15 0.46 0.14 0.75 1.25 1.55 -0.28 -0.07 0.25 0.55 
Loss: 0.857901  SIA Ef: -0.046399 Binding: -0.17 -0.25 0.03 -0.03 0.28 0.38 0.17 0.29 0.00 -0.31 -0.29  Rvol: 0.50 1.01 1.32 -0.33 -0.18 0.15 0.46 0.14 0.75 1.25 1.55 -0.28 -0.07 0.25 0.55 
Loss: 0.856978  SIA Ef: -0.047959 Binding: -0.17 -0.25 0.02 -0.03 0.28 0.38 0.17 0.29 0.00 -0.31 -0.29  Rvol: 0.50 1.01 1.32 -0.33 -0.18 0.15 0.46 0.14 0.75 1.24 1.55 -0.28 -0.07 0.25 0.55 
Loss: 0.857031  SIA Ef: -0.043258 Binding: -0.17 -0.25 0.02 -0.03 0.28 0.38 0.17 0.29 0.00 -0.31 -0.29  Rvol: 0.50 1.01 1.32 -0.33 -0.18 0.15 0.46 0.14 0.75 1.25 1.55 -0.28 -0.07 0.25 0.55 
Loss: 0.857062  SIA Ef: -0.046017 Binding: -0.17 -0.25 0.02 -0.03 0.28 0.38 0.17 0.29 0.00 -0.31 -0.29  Rvol: 0.50 1.01 1.32 -0.33 -0.18 0.15 0.46 0.14 0.75 1.25 1.55 -0.28 -0.07 0.25 0.55 
Loss: 0.856902  SIA Ef: -0.051251 Binding: -0.17 -0.25 0.02 -0.03 0.28 0.38 0.17 0.29 0.00 -0.31 -0.29  Rvol: 0.50 1.01 1.32 -0.33 -0.18 0.15 0.46 0.14 0.75 1.24 1.55 -0.28 -0.07 0.25 0.55 
Loss: 0.856844  SIA Ef: -0.051863 Binding: -0.17 -0.25 0.02 -0.03 0.28 0.38 0.17 0.29 0.00 -0.31 -0.29  Rvol: 0.50 1.01 1.32 -0.33 -0.18 0.15 0.46 0.14 0.75 1.24 1.55 -0.28 -0.07 0.25 0.55 
Loss: 0.856899  SIA Ef: -0.047699 Binding: -0.17 -0.25 0.02 -0.03 0.28 0.38 0.17 0.29 0.00 -0.32 -0.29  Rvol: 0.50 1.01 1.32 -0.33 -0.18 0.15 0.46 0.14 0.75 1.25 1.55 -0.28 -0.07 0.25 0.55 
Loss: 0.856847  SIA Ef: -0.055128 Binding: -0.17 -0.25 0.02 -0.03 0.28 0.38 0.17 0.29 0.00 -0.31 -0.29  Rvol: 0.50 1.01 1.32 -0.33 -0.18 0.15 0.46 0.14 0.75 1.24 1.55 -0.28 -0.07 0.25 0.55 
Loss: 0.856464  SIA Ef: -0.059568 Binding: -0.17 -0.25 0.01 -0.03 0.28 0.38 0.17 0.29 0.00 -0.31 -0.29  Rvol: 0.50 1.01 1.32 -0.33 -0.18 0.15 0.46 0.14 0.75 1.24 1.55 -0.28 -0.07 0.25 0.55 
Loss: 0.855513  SIA Ef: -0.058341 Binding: -0.17 -0.25 0.01 -0.03 0.28 0.38 0.17 0.29 0.00 -0.31 -0.29  Rvol: 0.50 1.01 1.32 -0.33 -0.18 0.15 0.46 0.14 0.75 1.24 1.55 -0.28 -0.07 0.25 0.55 
Loss: 0.855809  SIA Ef: -0.060379 Binding: -0.17 -0.25 0.01 -0.03 0.28 0.38 0.17 0.29 0.01 -0.31 -0.29  Rvol: 0.50 1.01 1.32 -0.33 -0.18 0.15 0.46 0.14 0.75 1.24 1.55 -0.28 -0.07 0.25 0.55 
Loss: 0.855453  SIA Ef: -0.059196 Binding: -0.17 -0.25 0.01 -0.03 0.28 0.38 0.17 0.29 0.00 -0.31 -0.29  Rvol: 0.50 1.01 1.32 -0.33 -0.18 0.15 0.46 0.14 0.75 1.24 1.55 -0.28 -0.07 0.25 0.55 
Loss: 0.854887  SIA Ef: -0.055758 Binding: -0.17 -0.26 0.02 -0.03 0.27 0.38 0.17 0.29 -0.00 -0.31 -0.29  Rvol: 0.50 1.01 1.32 -0.33 -0.18 0.15 0.46 0.14 0.75 1.24 1.55 -0.28 -0.07 0.25 0.55 
Loss: 0.854619  SIA Ef: -0.062632 Binding: -0.17 -0.26 0.02 -0.03 0.27 0.38 0.17 0.29 0.00 -0.31 -0.29  Rvol: 0.50 1.01 1.32 -0.33 -0.18 0.15 0.46 0.14 0.75 1.24 1.55 -0.28 -0.07 0.25 0.55 
Loss: 0.854606  SIA Ef: -0.060297 Binding: -0.17 -0.26 0.02 -0.03 0.27 0.38 0.17 0.29 0.00 -0.31 -0.29  Rvol: 0.50 1.01 1.32 -0.33 -0.18 0.15 0.46 0.14 0.75 1.24 1.55 -0.28 -0.07 0.25 0.55 
Loss: 0.854651  SIA Ef: -0.061957 Binding: -0.17 -0.26 0.02 -0.03 0.28 0.38 0.17 0.29 0.00 -0.31 -0.29  Rvol: 0.50 1.01 1.32 -0.33 -0.18 0.15 0.46 0.14 0.75 1.24 1.55 -0.28 -0.07 0.25 0.55 
Loss: 0.854504  SIA Ef: -0.055497 Binding: -0.17 -0.26 0.02 -0.03 0.27 0.38 0.17 0.29 -0.00 -0.31 -0.29  Rvol: 0.50 1.01 1.32 -0.33 -0.18 0.15 0.46 0.14 0.75 1.24 1.55 -0.28 -0.07 0.25 0.55 
Loss: 0.854460  SIA Ef: -0.054847 Binding: -0.17 -0.26 0.02 -0.03 0.27 0.38 0.17 0.29 -0.00 -0.31 -0.29  Rvol: 0.50 1.01 1.32 -0.33 -0.18 0.15 0.46 0.14 0.75 1.24 1.55 -0.28 -0.07 0.25 0.55 
Loss: 0.854562  SIA Ef: -0.048748 Binding: -0.17 -0.26 0.02 -0.03 0.27 0.38 0.17 0.28 -0.00 -0.32 -0.29  Rvol: 0.50 1.01 1.32 -0.33 -0.18 0.15 0.46 0.14 0.75 1.24 1.55 -0.28 -0.07 0.25 0.55 
Loss: 0.854496  SIA Ef: -0.052249 Binding: -0.17 -0.26 0.02 -0.03 0.27 0.38 0.17 0.29 -0.00 -0.31 -0.29  Rvol: 0.50 1.01 1.32 -0.33 -0.18 0.15 0.46 0.14 0.75 1.24 1.55 -0.28 -0.07 0.25 0.55 
Loss: 0.854861  SIA Ef: -0.053082 Binding: -0.17 -0.26 0.03 -0.03 0.27 0.38 0.17 0.29 -0.00 -0.32 -0.29  Rvol: 0.50 1.01 1.32 -0.33 -0.18 0.15 0.46 0.14 0.75 1.24 1.55 -0.28 -0.07 0.25 0.55 
Loss: 0.854294  SIA Ef: -0.056086 Binding: -0.17 -0.26 0.02 -0.03 0.27 0.38 0.17 0.29 0.00 -0.31 -0.29  Rvol: 0.50 1.01 1.32 -0.33 -0.18 0.15 0.46 0.14 0.75 1.24 1.55 -0.28 -0.07 0.25 0.55 
Loss: 0.853494  SIA Ef: -0.058094 Binding: -0.17 -0.26 0.02 -0.03 0.27 0.38 0.17 0.29 0.00 -0.31 -0.29  Rvol: 0.50 1.01 1.32 -0.33 -0.18 0.15 0.46 0.14 0.75 1.24 1.55 -0.28 -0.07 0.25 0.55 
Loss: 0.854057  SIA Ef: -0.064199 Binding: -0.17 -0.25 0.01 -0.03 0.28 0.38 0.17 0.29 0.00 -0.31 -0.29  Rvol: 0.50 1.01 1.32 -0.33 -0.18 0.15 0.46 0.14 0.75 1.24 1.55 -0.28 -0.07 0.25 0.54 
Loss: 0.853668  SIA Ef: -0.058339 Binding: -0.17 -0.25 0.01 -0.03 0.28 0.38 0.17 0.29 0.00 -0.31 -0.29  Rvol: 0.50 1.01 1.32 -0.33 -0.18 0.15 0.46 0.14 0.75 1.24 1.55 -0.28 -0.07 0.25 0.55 
Loss: 0.853409  SIA Ef: -0.049687 Binding: -0.17 -0.26 0.02 -0.03 0.27 0.38 0.17 0.29 -0.00 -0.31 -0.29  Rvol: 0.50 1.01 1.32 -0.33 -0.18 0.15 0.46 0.14 0.75 1.24 1.55 -0.28 -0.07 0.25 0.55 
Loss: 0.853339  SIA Ef: -0.051308 Binding: -0.17 -0.25 0.02 -0.03 0.27 0.38 0.17 0.29 -0.00 -0.31 -0.29  Rvol: 0.50 1.01 1.32 -0.33 -0.18 0.15 0.46 0.14 0.75 1.24 1.55 -0.28 -0.07 0.25 0.55 
Loss: 0.853347  SIA Ef: -0.050720 Binding: -0.17 -0.25 0.02 -0.03 0.27 0.38 0.17 0.29 -0.00 -0.31 -0.29  Rvol: 0.50 1.01 1.32 -0.33 -0.18 0.15 0.46 0.14 0.75 1.24 1.55 -0.28 -0.07 0.25 0.55 
Loss: 0.853319  SIA Ef: -0.051067 Binding: -0.17 -0.26 0.03 -0.03 0.27 0.38 0.17 0.29 -0.00 -0.31 -0.29  Rvol: 0.50 1.01 1.32 -0.33 -0.18 0.15 0.46 0.14 0.75 1.24 1.55 -0.28 -0.07 0.25 0.55 
Loss: 0.853379  SIA Ef: -0.049262 Binding: -0.17 -0.26 0.03 -0.03 0.27 0.38 0.17 0.29 -0.00 -0.31 -0.29  Rvol: 0.50 1.01 1.32 -0.33 -0.18 0.15 0.46 0.14 0.75 1.24 1.55 -0.28 -0.07 0.25 0.55 
Loss: 0.853265  SIA Ef: -0.050587 Binding: -0.17 -0.25 0.02 -0.03 0.27 0.38 0.17 0.29 -0.00 -0.31 -0.29  Rvol: 0.50 1.01 1.32 -0.33 -0.18 0.15 0.46 0.14 0.75 1.24 1.55 -0.28 -0.07 0.25 0.55 
Loss: 0.853253  SIA Ef: -0.051763 Binding: -0.17 -0.25 0.02 -0.03 0.27 0.38 0.17 0.29 -0.00 -0.31 -0.29  Rvol: 0.50 1.01 1.32 -0.33 -0.18 0.15 0.46 0.14 0.75 1.24 1.55 -0.28 -0.07 0.25 0.55 
Loss: 0.853304  SIA Ef: -0.050384 Binding: -0.17 -0.26 0.03 -0.03 0.27 0.38 0.17 0.29 -0.00 -0.31 -0.29  Rvol: 0.50 1.01 1.32 -0.33 -0.18 0.15 0.46 0.14 0.75 1.24 1.55 -0.28 -0.07 0.25 0.55 
Loss: 0.853593  SIA Ef: -0.050547 Binding: -0.17 -0.25 0.03 -0.03 0.27 0.38 0.17 0.29 -0.00 -0.31 -0.29  Rvol: 0.50 1.01 1.32 -0.33 -0.18 0.15 0.46 0.14 0.75 1.24 1.55 -0.28 -0.07 0.25 0.55 
Loss: 0.852657  SIA Ef: -0.054830 Binding: -0.17 -0.25 0.02 -0.03 0.27 0.38 0.17 0.29 -0.00 -0.31 -0.29  Rvol: 0.50 1.01 1.32 -0.33 -0.18 0.15 0.46 0.14 0.75 1.24 1.55 -0.28 -0.07 0.25 0.55 
Loss: 0.852176  SIA Ef: -0.057991 Binding: -0.17 -0.25 0.02 -0.03 0.27 0.38 0.17 0.29 0.00 -0.31 -0.29  Rvol: 0.50 1.01 1.32 -0.33 -0.18 0.15 0.46 0.14 0.75 1.24 1.55 -0.28 -0.07 0.25 0.55 
Loss: 0.851905  SIA Ef: -0.062054 Binding: -0.17 -0.25 0.01 -0.03 0.27 0.38 0.17 0.29 0.00 -0.31 -0.29  Rvol: 0.50 1.01 1.32 -0.33 -0.18 0.15 0.46 0.14 0.75 1.24 1.55 -0.28 -0.07 0.25 0.54 
Loss: 0.851756  SIA Ef: -0.062922 Binding: -0.17 -0.25 0.01 -0.03 0.27 0.38 0.17 0.29 0.00 -0.31 -0.29  Rvol: 0.50 1.00 1.32 -0.33 -0.18 0.15 0.46 0.14 0.75 1.24 1.55 -0.28 -0.07 0.25 0.54 
Loss: 0.851787  SIA Ef: -0.064236 Binding: -0.17 -0.25 0.01 -0.03 0.28 0.38 0.17 0.29 0.00 -0.31 -0.29  Rvol: 0.50 1.00 1.32 -0.33 -0.18 0.15 0.46 0.14 0.75 1.24 1.55 -0.28 -0.07 0.25 0.54 
Loss: 0.851621  SIA Ef: -0.060339 Binding: -0.17 -0.25 0.01 -0.03 0.27 0.38 0.17 0.29 0.00 -0.31 -0.29  Rvol: 0.50 1.01 1.32 -0.33 -0.18 0.15 0.46 0.14 0.75 1.24 1.55 -0.28 -0.07 0.25 0.54 
Loss: 0.851463  SIA Ef: -0.058953 Binding: -0.17 -0.25 0.01 -0.03 0.27 0.38 0.17 0.29 0.00 -0.31 -0.29  Rvol: 0.50 1.01 1.32 -0.33 -0.18 0.15 0.46 0.14 0.75 1.24 1.55 -0.28 -0.07 0.25 0.54 
Loss: 0.851467  SIA Ef: -0.059338 Binding: -0.17 -0.26 0.01 -0.03 0.27 0.38 0.17 0.29 0.00 -0.31 -0.29  Rvol: 0.50 1.01 1.32 -0.33 -0.18 0.15 0.46 0.14 0.75 1.24 1.55 -0.28 -0.07 0.25 0.54 
Loss: 0.851420  SIA Ef: -0.057450 Binding: -0.17 -0.26 0.01 -0.03 0.27 0.38 0.17 0.29 0.00 -0.31 -0.29  Rvol: 0.50 1.01 1.32 -0.33 -0.18 0.15 0.46 0.14 0.75 1.24 1.55 -0.28 -0.07 0.25 0.55 
Loss: 0.851562  SIA Ef: -0.057484 Binding: -0.17 -0.26 0.01 -0.03 0.27 0.38 0.17 0.29 0.00 -0.31 -0.29  Rvol: 0.50 1.01 1.32 -0.33 -0.18 0.15 0.46 0.14 0.75 1.24 1.55 -0.28 -0.07 0.25 0.55 
Loss: 0.851486  SIA Ef: -0.058274 Binding: -0.17 -0.26 0.01 -0.03 0.27 0.38 0.17 0.29 0.00 -0.31 -0.29  Rvol: 0.50 1.01 1.32 -0.33 -0.18 0.15 0.46 0.14 0.75 1.24 1.55 -0.28 -0.07 0.25 0.54 
Loss: 0.851349  SIA Ef: -0.057222 Binding: -0.17 -0.26 0.01 -0.03 0.27 0.38 0.17 0.29 0.00 -0.31 -0.29  Rvol: 0.50 1.01 1.32 -0.33 -0.18 0.15 0.46 0.14 0.75 1.24 1.55 -0.28 -0.07 0.25 0.55 
Loss: 0.850952  SIA Ef: -0.055889 Binding: -0.17 -0.26 0.01 -0.03 0.27 0.38 0.17 0.29 0.00 -0.31 -0.29  Rvol: 0.50 1.00 1.32 -0.33 -0.18 0.15 0.46 0.14 0.75 1.24 1.55 -0.28 -0.07 0.25 0.55 
Loss: 0.850788  SIA Ef: -0.051959 Binding: -0.17 -0.26 0.02 -0.04 0.27 0.38 0.17 0.29 -0.00 -0.31 -0.29  Rvol: 0.50 1.01 1.32 -0.33 -0.18 0.15 0.46 0.14 0.75 1.24 1.55 -0.28 -0.07 0.25 0.55 
Loss: 0.850765  SIA Ef: -0.051370 Binding: -0.17 -0.26 0.02 -0.04 0.27 0.38 0.17 0.29 -0.00 -0.31 -0.29  Rvol: 0.50 1.01 1.32 -0.33 -0.18 0.15 0.46 0.14 0.75 1.24 1.55 -0.28 -0.07 0.25 0.55 
Loss: 0.850873  SIA Ef: -0.051003 Binding: -0.17 -0.26 0.02 -0.04 0.27 0.38 0.17 0.29 -0.00 -0.31 -0.29  Rvol: 0.50 1.01 1.32 -0.33 -0.18 0.15 0.46 0.14 0.75 1.24 1.55 -0.28 -0.07 0.25 0.55 
Loss: 0.850287  SIA Ef: -0.055791 Binding: -0.17 -0.26 0.02 -0.04 0.27 0.38 0.17 0.29 -0.00 -0.31 -0.29  Rvol: 0.50 1.00 1.32 -0.33 -0.18 0.15 0.46 0.14 0.75 1.24 1.55 -0.28 -0.07 0.25 0.54 
Loss: 0.850058  SIA Ef: -0.058419 Binding: -0.17 -0.26 0.01 -0.04 0.27 0.38 0.17 0.29 0.00 -0.31 -0.29  Rvol: 0.50 1.00 1.32 -0.33 -0.18 0.15 0.46 0.14 0.75 1.24 1.55 -0.28 -0.07 0.25 0.54 
Loss: 0.849721  SIA Ef: -0.060052 Binding: -0.17 -0.26 0.01 -0.04 0.27 0.38 0.17 0.28 0.00 -0.31 -0.29  Rvol: 0.50 1.00 1.32 -0.33 -0.18 0.15 0.46 0.14 0.75 1.24 1.55 -0.28 -0.07 0.25 0.54 
Loss: 0.849517  SIA Ef: -0.062584 Binding: -0.17 -0.26 0.01 -0.04 0.27 0.38 0.17 0.28 0.00 -0.31 -0.29  Rvol: 0.50 1.00 1.32 -0.33 -0.18 0.15 0.46 0.14 0.75 1.24 1.55 -0.28 -0.07 0.25 0.54 
Loss: 0.849377  SIA Ef: -0.063981 Binding: -0.17 -0.26 0.01 -0.04 0.27 0.38 0.17 0.28 0.00 -0.31 -0.29  Rvol: 0.50 1.00 1.32 -0.33 -0.18 0.15 0.46 0.14 0.75 1.24 1.55 -0.28 -0.07 0.25 0.54 
Loss: 0.849298  SIA Ef: -0.065868 Binding: -0.17 -0.26 0.00 -0.04 0.27 0.38 0.17 0.28 0.00 -0.31 -0.29  Rvol: 0.50 1.00 1.32 -0.33 -0.18 0.15 0.46 0.14 0.75 1.24 1.55 -0.28 -0.07 0.25 0.54 
Loss: 0.849299  SIA Ef: -0.065507 Binding: -0.17 -0.26 0.00 -0.04 0.27 0.38 0.17 0.28 0.00 -0.31 -0.29  Rvol: 0.50 1.00 1.32 -0.33 -0.18 0.15 0.46 0.14 0.75 1.24 1.55 -0.28 -0.07 0.25 0.54 
Loss: 0.849196  SIA Ef: -0.068664 Binding: -0.17 -0.26 0.01 -0.04 0.27 0.38 0.17 0.28 0.00 -0.31 -0.29  Rvol: 0.50 1.00 1.32 -0.33 -0.18 0.15 0.46 0.14 0.75 1.24 1.55 -0.28 -0.07 0.25 0.54 
Loss: 0.850401  SIA Ef: -0.074095 Binding: -0.17 -0.25 0.00 -0.03 0.28 0.38 0.17 0.28 0.00 -0.31 -0.29  Rvol: 0.50 1.00 1.32 -0.33 -0.18 0.15 0.46 0.14 0.75 1.24 1.55 -0.28 -0.07 0.25 0.54 
Loss: 0.849073  SIA Ef: -0.068331 Binding: -0.17 -0.25 0.01 -0.04 0.27 0.38 0.17 0.28 0.00 -0.31 -0.29  Rvol: 0.50 1.00 1.32 -0.33 -0.18 0.15 0.46 0.14 0.75 1.24 1.55 -0.28 -0.07 0.25 0.54 
Loss: 0.848799  SIA Ef: -0.067093 Binding: -0.17 -0.26 0.01 -0.04 0.27 0.38 0.17 0.28 0.00 -0.31 -0.29  Rvol: 0.50 1.00 1.32 -0.33 -0.18 0.15 0.46 0.14 0.75 1.24 1.55 -0.28 -0.07 0.25 0.54 
Loss: 0.848747  SIA Ef: -0.067398 Binding: -0.17 -0.26 0.01 -0.04 0.27 0.38 0.17 0.28 0.00 -0.31 -0.29  Rvol: 0.50 1.00 1.32 -0.33 -0.18 0.15 0.46 0.14 0.75 1.24 1.55 -0.28 -0.07 0.25 0.54 
Loss: 0.848479  SIA Ef: -0.062200 Binding: -0.17 -0.26 0.01 -0.04 0.27 0.38 0.17 0.28 0.00 -0.31 -0.29  Rvol: 0.50 1.00 1.32 -0.33 -0.18 0.15 0.46 0.14 0.75 1.24 1.55 -0.28 -0.07 0.25 0.54 
Loss: 0.848560  SIA Ef: -0.061848 Binding: -0.17 -0.26 0.01 -0.04 0.27 0.38 0.17 0.28 -0.00 -0.31 -0.29  Rvol: 0.50 1.00 1.32 -0.33 -0.18 0.15 0.46 0.14 0.75 1.24 1.55 -0.28 -0.07 0.25 0.54 
Loss: 0.848496  SIA Ef: -0.062034 Binding: -0.17 -0.26 0.01 -0.04 0.27 0.38 0.17 0.28 -0.00 -0.31 -0.29  Rvol: 0.50 1.00 1.32 -0.33 -0.18 0.15 0.46 0.14 0.75 1.24 1.55 -0.28 -0.07 0.25 0.54 
Loss: 0.848733  SIA Ef: -0.059439 Binding: -0.17 -0.26 0.02 -0.04 0.27 0.38 0.17 0.28 -0.00 -0.31 -0.29  Rvol: 0.50 1.00 1.32 -0.33 -0.18 0.15 0.46 0.14 0.75 1.24 1.55 -0.28 -0.07 0.25 0.54 
Loss: 0.848405  SIA Ef: -0.063193 Binding: -0.17 -0.26 0.01 -0.04 0.27 0.38 0.17 0.28 0.00 -0.31 -0.29  Rvol: 0.50 1.00 1.32 -0.33 -0.18 0.15 0.46 0.14 0.75 1.24 1.55 -0.28 -0.07 0.25 0.54 
Loss: 0.848042  SIA Ef: -0.063220 Binding: -0.17 -0.26 0.01 -0.04 0.27 0.38 0.17 0.28 0.00 -0.31 -0.29  Rvol: 0.50 1.00 1.32 -0.33 -0.18 0.15 0.46 0.14 0.75 1.24 1.55 -0.28 -0.07 0.25 0.54 
Loss: 0.847780  SIA Ef: -0.064203 Binding: -0.17 -0.26 0.01 -0.04 0.27 0.38 0.17 0.28 0.00 -0.31 -0.29  Rvol: 0.50 1.00 1.32 -0.33 -0.18 0.15 0.46 0.14 0.75 1.24 1.55 -0.28 -0.07 0.25 0.54 
Loss: 0.847695  SIA Ef: -0.063752 Binding: -0.17 -0.26 0.01 -0.04 0.27 0.38 0.17 0.28 0.00 -0.31 -0.29  Rvol: 0.50 1.00 1.32 -0.33 -0.18 0.15 0.46 0.14 0.75 1.24 1.55 -0.28 -0.07 0.25 0.54 
Loss: 0.847735  SIA Ef: -0.062408 Binding: -0.17 -0.26 0.01 -0.04 0.27 0.38 0.17 0.28 0.00 -0.31 -0.29  Rvol: 0.50 1.00 1.32 -0.33 -0.18 0.15 0.46 0.14 0.75 1.24 1.55 -0.28 -0.07 0.25 0.54 
Loss: 0.847360  SIA Ef: -0.063637 Binding: -0.17 -0.26 0.01 -0.04 0.27 0.38 0.17 0.28 0.00 -0.31 -0.29  Rvol: 0.50 1.00 1.32 -0.33 -0.18 0.15 0.46 0.14 0.75 1.24 1.55 -0.28 -0.07 0.25 0.54 
Loss: 0.846995  SIA Ef: -0.063041 Binding: -0.17 -0.26 0.01 -0.04 0.27 0.38 0.17 0.28 0.00 -0.31 -0.29  Rvol: 0.50 1.00 1.32 -0.33 -0.18 0.15 0.46 0.14 0.75 1.24 1.55 -0.28 -0.07 0.25 0.54 
Loss: 0.846671  SIA Ef: -0.061894 Binding: -0.17 -0.26 0.01 -0.04 0.27 0.38 0.17 0.28 0.00 -0.31 -0.29  Rvol: 0.50 1.00 1.32 -0.33 -0.18 0.15 0.46 0.14 0.75 1.24 1.55 -0.28 -0.07 0.25 0.54 
Loss: 0.846347  SIA Ef: -0.061986 Binding: -0.17 -0.26 0.01 -0.04 0.27 0.38 0.17 0.28 0.00 -0.31 -0.29  Rvol: 0.50 1.00 1.32 -0.33 -0.18 0.15 0.46 0.14 0.75 1.24 1.55 -0.28 -0.07 0.25 0.54 
Loss: 0.846031  SIA Ef: -0.061410 Binding: -0.17 -0.26 0.01 -0.04 0.27 0.38 0.17 0.28 0.00 -0.31 -0.29  Rvol: 0.50 1.00 1.32 -0.33 -0.18 0.15 0.46 0.14 0.75 1.24 1.55 -0.28 -0.07 0.25 0.54 
Loss: 0.845650  SIA Ef: -0.062527 Binding: -0.17 -0.26 0.00 -0.04 0.27 0.38 0.17 0.28 0.00 -0.31 -0.29  Rvol: 0.50 1.00 1.32 -0.33 -0.18 0.15 0.46 0.14 0.75 1.24 1.55 -0.28 -0.07 0.25 0.54 
Loss: 0.845282  SIA Ef: -0.063374 Binding: -0.17 -0.26 0.00 -0.04 0.27 0.38 0.17 0.28 0.00 -0.31 -0.29  Rvol: 0.50 1.00 1.32 -0.33 -0.18 0.15 0.46 0.14 0.75 1.24 1.55 -0.28 -0.07 0.25 0.54 
Loss: 0.844937  SIA Ef: -0.063402 Binding: -0.17 -0.26 0.00 -0.04 0.27 0.38 0.17 0.28 0.00 -0.31 -0.29  Rvol: 0.50 1.00 1.32 -0.33 -0.18 0.15 0.46 0.14 0.75 1.24 1.55 -0.28 -0.07 0.25 0.54 
Loss: 0.844581  SIA Ef: -0.062841 Binding: -0.17 -0.26 0.00 -0.04 0.27 0.38 0.17 0.28 0.00 -0.31 -0.29  Rvol: 0.50 1.00 1.32 -0.33 -0.18 0.15 0.46 0.14 0.75 1.24 1.55 -0.28 -0.07 0.25 0.54 
Loss: 0.844228  SIA Ef: -0.064338 Binding: -0.17 -0.26 0.00 -0.04 0.27 0.38 0.17 0.28 0.00 -0.31 -0.29  Rvol: 0.50 1.00 1.32 -0.33 -0.18 0.15 0.46 0.14 0.75 1.24 1.55 -0.28 -0.07 0.25 0.54 
Loss: 0.843887  SIA Ef: -0.064172 Binding: -0.17 -0.26 0.00 -0.04 0.27 0.38 0.17 0.28 0.00 -0.31 -0.29  Rvol: 0.50 1.00 1.32 -0.33 -0.18 0.15 0.46 0.14 0.75 1.24 1.55 -0.28 -0.07 0.25 0.54 
Loss: 0.843553  SIA Ef: -0.063873 Binding: -0.17 -0.26 0.00 -0.04 0.27 0.38 0.17 0.28 0.00 -0.31 -0.29  Rvol: 0.50 1.00 1.32 -0.33 -0.18 0.15 0.46 0.14 0.75 1.24 1.55 -0.28 -0.07 0.25 0.54 
Loss: 0.843894  SIA Ef: -0.066387 Binding: -0.17 -0.26 -0.00 -0.04 0.27 0.38 0.17 0.28 0.00 -0.31 -0.29  Rvol: 0.51 1.00 1.32 -0.33 -0.18 0.15 0.46 0.14 0.75 1.24 1.55 -0.28 -0.07 0.25 0.54 
Loss: 0.844180  SIA Ef: -0.063789 Binding: -0.17 -0.26 -0.00 -0.04 0.27 0.38 0.17 0.28 0.00 -0.31 -0.29  Rvol: 0.51 1.00 1.32 -0.33 -0.18 0.15 0.46 0.14 0.75 1.24 1.55 -0.28 -0.07 0.25 0.54 
Loss: 0.843470  SIA Ef: -0.060504 Binding: -0.17 -0.26 0.00 -0.04 0.26 0.38 0.17 0.28 -0.00 -0.31 -0.29  Rvol: 0.50 1.00 1.32 -0.33 -0.18 0.15 0.46 0.14 0.75 1.24 1.55 -0.28 -0.07 0.25 0.54 
Loss: 0.843471  SIA Ef: -0.061856 Binding: -0.17 -0.26 0.00 -0.04 0.26 0.38 0.17 0.28 0.00 -0.31 -0.29  Rvol: 0.50 1.00 1.32 -0.33 -0.18 0.15 0.46 0.14 0.75 1.24 1.55 -0.28 -0.07 0.25 0.54 
Loss: 0.843372  SIA Ef: -0.063637 Binding: -0.17 -0.26 0.00 -0.04 0.26 0.38 0.17 0.28 0.00 -0.31 -0.29  Rvol: 0.50 1.00 1.32 -0.33 -0.18 0.15 0.46 0.14 0.75 1.24 1.55 -0.28 -0.07 0.25 0.54 
Loss: 0.843390  SIA Ef: -0.064329 Binding: -0.17 -0.26 0.00 -0.04 0.26 0.38 0.17 0.28 0.00 -0.31 -0.29  Rvol: 0.50 1.00 1.32 -0.33 -0.18 0.15 0.46 0.14 0.75 1.24 1.55 -0.28 -0.07 0.25 0.54 
Loss: 0.843022  SIA Ef: -0.063616 Binding: -0.17 -0.26 0.00 -0.04 0.26 0.38 0.17 0.28 -0.00 -0.31 -0.29  Rvol: 0.50 1.00 1.32 -0.33 -0.18 0.15 0.46 0.14 0.75 1.24 1.55 -0.28 -0.07 0.25 0.54 
Loss: 0.842740  SIA Ef: -0.064411 Binding: -0.17 -0.26 0.00 -0.04 0.26 0.38 0.17 0.28 0.00 -0.31 -0.29  Rvol: 0.50 1.00 1.32 -0.33 -0.18 0.15 0.46 0.14 0.75 1.24 1.55 -0.28 -0.07 0.25 0.54 
Loss: 0.842400  SIA Ef: -0.063999 Binding: -0.17 -0.26 0.00 -0.04 0.26 0.38 0.17 0.28 0.00 -0.31 -0.29  Rvol: 0.50 1.00 1.32 -0.33 -0.18 0.15 0.46 0.14 0.75 1.24 1.55 -0.28 -0.07 0.25 0.54 
Loss: 0.842097  SIA Ef: -0.063717 Binding: -0.17 -0.26 -0.00 -0.05 0.26 0.38 0.17 0.28 0.00 -0.31 -0.29  Rvol: 0.50 1.00 1.32 -0.33 -0.18 0.15 0.46 0.14 0.75 1.24 1.55 -0.28 -0.07 0.25 0.54 
Loss: 0.841786  SIA Ef: -0.062863 Binding: -0.17 -0.26 -0.00 -0.05 0.26 0.38 0.17 0.28 -0.00 -0.31 -0.29  Rvol: 0.50 1.00 1.32 -0.33 -0.18 0.15 0.46 0.14 0.75 1.24 1.55 -0.28 -0.07 0.25 0.54 
Loss: 0.841505  SIA Ef: -0.061834 Binding: -0.17 -0.26 -0.00 -0.05 0.26 0.38 0.17 0.28 -0.00 -0.31 -0.29  Rvol: 0.50 1.00 1.32 -0.33 -0.18 0.15 0.46 0.14 0.75 1.24 1.55 -0.28 -0.07 0.25 0.54 
Loss: 0.841296  SIA Ef: -0.060115 Binding: -0.17 -0.26 -0.00 -0.05 0.26 0.38 0.17 0.28 -0.00 -0.31 -0.29  Rvol: 0.50 1.00 1.32 -0.33 -0.18 0.15 0.46 0.14 0.75 1.24 1.55 -0.28 -0.07 0.25 0.54 
Loss: 0.841148  SIA Ef: -0.062150 Binding: -0.17 -0.26 0.00 -0.05 0.26 0.38 0.17 0.28 -0.00 -0.31 -0.29  Rvol: 0.50 1.00 1.32 -0.33 -0.18 0.15 0.46 0.14 0.75 1.24 1.55 -0.28 -0.07 0.25 0.54 
Loss: 0.841069  SIA Ef: -0.060763 Binding: -0.17 -0.26 0.00 -0.05 0.26 0.38 0.17 0.28 -0.00 -0.31 -0.29  Rvol: 0.50 1.00 1.32 -0.33 -0.18 0.15 0.46 0.14 0.75 1.24 1.55 -0.28 -0.07 0.25 0.54 
Loss: 0.840742  SIA Ef: -0.063407 Binding: -0.17 -0.26 -0.00 -0.05 0.26 0.38 0.17 0.28 -0.00 -0.31 -0.29  Rvol: 0.50 1.00 1.32 -0.33 -0.18 0.15 0.46 0.14 0.75 1.24 1.55 -0.28 -0.07 0.25 0.54 
Loss: 0.841107  SIA Ef: -0.064305 Binding: -0.17 -0.26 -0.00 -0.05 0.26 0.38 0.17 0.28 -0.00 -0.31 -0.29  Rvol: 0.51 1.00 1.32 -0.33 -0.18 0.15 0.46 0.14 0.75 1.24 1.55 -0.28 -0.07 0.25 0.54 
Loss: 0.840748  SIA Ef: -0.062771 Binding: -0.17 -0.26 0.00 -0.05 0.26 0.38 0.17 0.28 -0.00 -0.31 -0.29  Rvol: 0.50 1.00 1.32 -0.33 -0.18 0.15 0.46 0.14 0.75 1.24 1.55 -0.28 -0.07 0.25 0.54 
Loss: 0.840654  SIA Ef: -0.063933 Binding: -0.17 -0.26 0.00 -0.05 0.26 0.38 0.17 0.28 -0.00 -0.31 -0.29  Rvol: 0.50 1.00 1.32 -0.33 -0.18 0.15 0.46 0.14 0.75 1.24 1.55 -0.28 -0.07 0.25 0.54 
Loss: 0.840711  SIA Ef: -0.062179 Binding: -0.17 -0.26 0.00 -0.05 0.26 0.38 0.17 0.28 -0.00 -0.32 -0.29  Rvol: 0.50 1.00 1.32 -0.33 -0.18 0.15 0.46 0.14 0.75 1.24 1.55 -0.28 -0.07 0.25 0.54 
Loss: 0.840309  SIA Ef: -0.066627 Binding: -0.17 -0.26 -0.00 -0.05 0.26 0.38 0.17 0.28 -0.00 -0.31 -0.29  Rvol: 0.50 1.00 1.32 -0.33 -0.18 0.15 0.46 0.14 0.75 1.24 1.55 -0.28 -0.07 0.25 0.54 
Loss: 0.840590  SIA Ef: -0.068082 Binding: -0.17 -0.26 -0.00 -0.05 0.26 0.38 0.17 0.28 -0.00 -0.31 -0.29  Rvol: 0.51 1.00 1.32 -0.33 -0.18 0.15 0.46 0.14 0.75 1.24 1.55 -0.28 -0.07 0.25 0.54 
Loss: 0.840315  SIA Ef: -0.065271 Binding: -0.17 -0.26 0.00 -0.05 0.26 0.38 0.17 0.28 -0.00 -0.31 -0.29  Rvol: 0.50 1.00 1.32 -0.33 -0.18 0.15 0.46 0.14 0.75 1.24 1.55 -0.28 -0.07 0.25 0.54 
Loss: 0.840595  SIA Ef: -0.068160 Binding: -0.17 -0.26 -0.00 -0.05 0.26 0.38 0.17 0.28 -0.00 -0.31 -0.29  Rvol: 0.51 1.00 1.32 -0.33 -0.18 0.15 0.46 0.14 0.75 1.24 1.55 -0.28 -0.07 0.25 0.54 
Loss: 0.840301  SIA Ef: -0.066149 Binding: -0.17 -0.26 0.00 -0.05 0.26 0.38 0.17 0.28 -0.00 -0.31 -0.29  Rvol: 0.50 1.00 1.32 -0.33 -0.18 0.15 0.46 0.14 0.75 1.24 1.55 -0.28 -0.07 0.25 0.54 
Loss: 0.839979  SIA Ef: -0.068255 Binding: -0.17 -0.26 -0.00 -0.05 0.26 0.38 0.17 0.28 -0.00 -0.31 -0.29  Rvol: 0.50 1.00 1.32 -0.33 -0.18 0.15 0.46 0.14 0.75 1.24 1.55 -0.28 -0.07 0.25 0.54 
Loss: 0.839688  SIA Ef: -0.068276 Binding: -0.17 -0.26 -0.00 -0.05 0.26 0.38 0.17 0.28 -0.00 -0.31 -0.29  Rvol: 0.50 1.00 1.32 -0.33 -0.18 0.15 0.46 0.14 0.75 1.24 1.55 -0.28 -0.07 0.25 0.54 
Loss: 0.840024  SIA Ef: -0.070776 Binding: -0.17 -0.26 -0.00 -0.05 0.26 0.38 0.17 0.28 -0.00 -0.31 -0.29  Rvol: 0.51 1.00 1.32 -0.33 -0.18 0.15 0.46 0.14 0.75 1.24 1.55 -0.28 -0.07 0.25 0.54 
Loss: 0.839649  SIA Ef: -0.066171 Binding: -0.17 -0.26 -0.00 -0.05 0.26 0.38 0.17 0.28 -0.00 -0.31 -0.29  Rvol: 0.50 1.00 1.32 -0.33 -0.18 0.15 0.46 0.14 0.75 1.24 1.55 -0.28 -0.07 0.25 0.54 
Loss: 0.839575  SIA Ef: -0.064276 Binding: -0.17 -0.26 -0.00 -0.05 0.26 0.38 0.17 0.28 -0.00 -0.31 -0.29  Rvol: 0.50 1.00 1.32 -0.33 -0.18 0.15 0.46 0.14 0.75 1.24 1.55 -0.28 -0.07 0.25 0.54 
Loss: 0.839574  SIA Ef: -0.063463 Binding: -0.17 -0.26 -0.00 -0.05 0.26 0.38 0.17 0.28 -0.00 -0.31 -0.29  Rvol: 0.50 1.00 1.32 -0.33 -0.18 0.15 0.46 0.14 0.75 1.24 1.55 -0.28 -0.07 0.25 0.54 
Loss: 0.840154  SIA Ef: -0.062322 Binding: -0.17 -0.26 -0.00 -0.05 0.26 0.38 0.17 0.28 -0.00 -0.31 -0.29  Rvol: 0.51 1.00 1.32 -0.33 -0.18 0.15 0.46 0.14 0.75 1.24 1.55 -0.28 -0.07 0.25 0.54 
Loss: 0.840171  SIA Ef: -0.063737 Binding: -0.17 -0.26 -0.00 -0.05 0.26 0.38 0.17 0.28 -0.00 -0.31 -0.29  Rvol: 0.51 1.00 1.32 -0.33 -0.18 0.15 0.46 0.14 0.75 1.24 1.55 -0.28 -0.07 0.25 0.54 
Loss: 0.839574  SIA Ef: -0.062188 Binding: -0.17 -0.26 -0.00 -0.05 0.26 0.38 0.17 0.28 -0.00 -0.31 -0.29  Rvol: 0.50 1.00 1.32 -0.33 -0.18 0.15 0.46 0.14 0.75 1.24 1.55 -0.28 -0.07 0.25 0.54 
Loss: 0.839570  SIA Ef: -0.064032 Binding: -0.17 -0.26 -0.00 -0.05 0.26 0.38 0.17 0.28 -0.00 -0.31 -0.29  Rvol: 0.50 1.00 1.32 -0.33 -0.18 0.15 0.46 0.14 0.75 1.24 1.55 -0.28 -0.07 0.25 0.54 
Loss: 0.840186  SIA Ef: -0.062976 Binding: -0.17 -0.26 -0.00 -0.05 0.26 0.38 0.17 0.28 -0.00 -0.31 -0.29  Rvol: 0.51 1.00 1.32 -0.33 -0.18 0.15 0.46 0.14 0.75 1.24 1.55 -0.28 -0.07 0.25 0.54 
Loss: 0.839642  SIA Ef: -0.062899 Binding: -0.17 -0.26 -0.00 -0.05 0.26 0.38 0.17 0.28 -0.00 -0.31 -0.29  Rvol: 0.50 1.00 1.32 -0.33 -0.18 0.15 0.46 0.14 0.75 1.24 1.55 -0.28 -0.07 0.25 0.54 
Loss: 0.839675  SIA Ef: -0.061421 Binding: -0.17 -0.26 0.00 -0.05 0.26 0.38 0.17 0.28 -0.00 -0.31 -0.29  Rvol: 0.50 1.00 1.32 -0.33 -0.18 0.15 0.46 0.14 0.75 1.24 1.55 -0.28 -0.07 0.25 0.54 
Loss: 0.840108  SIA Ef: -0.065490 Binding: -0.17 -0.26 -0.00 -0.05 0.26 0.38 0.17 0.28 -0.00 -0.31 -0.29  Rvol: 0.51 1.00 1.32 -0.33 -0.18 0.15 0.46 0.14 0.75 1.24 1.55 -0.28 -0.07 0.25 0.54 
Loss: 0.839533  SIA Ef: -0.065686 Binding: -0.17 -0.26 -0.00 -0.05 0.26 0.38 0.17 0.28 -0.00 -0.31 -0.29  Rvol: 0.50 1.00 1.32 -0.33 -0.18 0.15 0.46 0.14 0.75 1.24 1.55 -0.28 -0.07 0.25 0.54 
Loss: 0.839678  SIA Ef: -0.066067 Binding: -0.17 -0.26 -0.00 -0.05 0.26 0.38 0.17 0.28 -0.00 -0.31 -0.29  Rvol: 0.50 1.00 1.32 -0.33 -0.18 0.15 0.46 0.14 0.75 1.24 1.55 -0.28 -0.07 0.25 0.54 
Loss: 0.839520  SIA Ef: -0.065160 Binding: -0.17 -0.26 -0.00 -0.05 0.26 0.38 0.17 0.28 -0.00 -0.31 -0.29  Rvol: 0.50 1.00 1.32 -0.33 -0.18 0.15 0.46 0.14 0.75 1.24 1.55 -0.28 -0.07 0.25 0.54 
Loss: 0.839523  SIA Ef: -0.064257 Binding: -0.17 -0.26 -0.00 -0.05 0.26 0.38 0.17 0.28 -0.00 -0.31 -0.29  Rvol: 0.50 1.00 1.32 -0.33 -0.18 0.15 0.46 0.14 0.75 1.24 1.55 -0.28 -0.07 0.25 0.54 
Loss: 0.839519  SIA Ef: -0.065613 Binding: -0.17 -0.26 -0.00 -0.05 0.26 0.38 0.17 0.28 -0.00 -0.31 -0.29  Rvol: 0.50 1.00 1.32 -0.33 -0.18 0.15 0.46 0.14 0.75 1.24 1.55 -0.28 -0.07 0.25 0.54 
Loss: 0.839529  SIA Ef: -0.064327 Binding: -0.17 -0.26 -0.00 -0.05 0.26 0.38 0.17 0.28 -0.00 -0.31 -0.29  Rvol: 0.50 1.00 1.32 -0.33 -0.18 0.15 0.46 0.14 0.75 1.24 1.55 -0.28 -0.07 0.25 0.54 
Loss: 0.839534  SIA Ef: -0.064962 Binding: -0.17 -0.26 -0.00 -0.05 0.26 0.38 0.17 0.28 -0.00 -0.31 -0.29  Rvol: 0.50 1.00 1.32 -0.33 -0.18 0.15 0.46 0.14 0.75 1.24 1.55 -0.28 -0.07 0.25 0.54 
Loss: 0.839546  SIA Ef: -0.063769 Binding: -0.17 -0.26 -0.00 -0.05 0.26 0.38 0.17 0.28 -0.00 -0.31 -0.29  Rvol: 0.50 1.00 1.32 -0.33 -0.18 0.15 0.46 0.14 0.75 1.24 1.55 -0.28 -0.07 0.25 0.54 
Loss: 0.839517  SIA Ef: -0.065533 Binding: -0.17 -0.26 -0.00 -0.05 0.26 0.38 0.17 0.28 -0.00 -0.31 -0.29  Rvol: 0.50 1.00 1.32 -0.33 -0.18 0.15 0.46 0.14 0.75 1.24 1.55 -0.28 -0.07 0.25 0.54 
Loss: 0.839349  SIA Ef: -0.066833 Binding: -0.17 -0.26 -0.00 -0.05 0.26 0.38 0.17 0.28 -0.00 -0.31 -0.29  Rvol: 0.50 1.00 1.32 -0.33 -0.18 0.15 0.46 0.14 0.75 1.24 1.55 -0.28 -0.07 0.25 0.54 
Loss: 0.839788  SIA Ef: -0.067619 Binding: -0.17 -0.26 -0.00 -0.05 0.26 0.38 0.17 0.28 -0.00 -0.31 -0.29  Rvol: 0.51 1.00 1.32 -0.33 -0.18 0.15 0.46 0.14 0.75 1.24 1.55 -0.28 -0.07 0.25 0.54 
Loss: 0.839347  SIA Ef: -0.067100 Binding: -0.17 -0.26 -0.00 -0.05 0.26 0.38 0.17 0.28 -0.00 -0.31 -0.29  Rvol: 0.50 1.00 1.32 -0.33 -0.18 0.15 0.46 0.14 0.75 1.24 1.55 -0.28 -0.07 0.25 0.54 
Loss: 0.839779  SIA Ef: -0.067872 Binding: -0.17 -0.26 -0.00 -0.05 0.26 0.38 0.17 0.28 -0.00 -0.31 -0.29  Rvol: 0.51 1.00 1.32 -0.33 -0.18 0.15 0.46 0.14 0.75 1.24 1.55 -0.28 -0.07 0.25 0.54 
Loss: 0.839345  SIA Ef: -0.066461 Binding: -0.17 -0.26 -0.00 -0.05 0.26 0.38 0.17 0.28 -0.00 -0.31 -0.29  Rvol: 0.50 1.00 1.32 -0.33 -0.18 0.15 0.46 0.14 0.75 1.24 1.55 -0.28 -0.07 0.25 0.54 
Loss: 0.839767  SIA Ef: -0.067436 Binding: -0.17 -0.26 -0.00 -0.05 0.26 0.38 0.17 0.28 -0.00 -0.31 -0.29  Rvol: 0.51 1.00 1.32 -0.33 -0.18 0.15 0.46 0.14 0.75 1.24 1.55 -0.28 -0.07 0.25 0.54 
Loss: 0.839364  SIA Ef: -0.066293 Binding: -0.17 -0.26 -0.00 -0.05 0.26 0.38 0.17 0.28 -0.00 -0.31 -0.29  Rvol: 0.50 1.00 1.32 -0.33 -0.18 0.15 0.46 0.14 0.75 1.24 1.55 -0.28 -0.07 0.25 0.54 
Loss: 0.839346  SIA Ef: -0.066660 Binding: -0.17 -0.26 -0.00 -0.05 0.26 0.38 0.17 0.28 -0.00 -0.31 -0.29  Rvol: 0.50 1.00 1.32 -0.33 -0.18 0.15 0.46 0.14 0.75 1.24 1.55 -0.28 -0.07 0.25 0.54 
Loss: 0.839364  SIA Ef: -0.067255 Binding: -0.17 -0.26 -0.00 -0.05 0.26 0.38 0.17 0.28 -0.00 -0.31 -0.29  Rvol: 0.50 1.00 1.32 -0.33 -0.18 0.15 0.46 0.14 0.75 1.24 1.55 -0.28 -0.07 0.25 0.54 
Loss: 0.839340  SIA Ef: -0.066457 Binding: -0.17 -0.26 -0.00 -0.05 0.26 0.38 0.17 0.28 -0.00 -0.31 -0.29  Rvol: 0.50 1.00 1.32 -0.33 -0.18 0.15 0.46 0.14 0.75 1.24 1.55 -0.28 -0.07 0.25 0.54 
Loss: 0.839349  SIA Ef: -0.065902 Binding: -0.17 -0.26 -0.00 -0.05 0.26 0.38 0.17 0.28 -0.00 -0.31 -0.29  Rvol: 0.50 1.00 1.32 -0.33 -0.18 0.15 0.46 0.14 0.75 1.24 1.55 -0.28 -0.07 0.25 0.54 
Loss: 0.839342  SIA Ef: -0.066727 Binding: -0.17 -0.26 -0.00 -0.05 0.26 0.38 0.17 0.28 -0.00 -0.31 -0.29  Rvol: 0.50 1.00 1.32 -0.33 -0.18 0.15 0.46 0.14 0.75 1.24 1.55 -0.28 -0.07 0.25 0.54 
Loss: 0.839352  SIA Ef: -0.066358 Binding: -0.17 -0.26 -0.00 -0.05 0.26 0.38 0.17 0.28 -0.00 -0.31 -0.29  Rvol: 0.50 1.00 1.32 -0.33 -0.18 0.15 0.46 0.14 0.75 1.24 1.55 -0.28 -0.07 0.25 0.54 
Loss: 0.839372  SIA Ef: -0.066170 Binding: -0.17 -0.26 -0.00 -0.05 0.26 0.38 0.17 0.28 -0.00 -0.31 -0.29  Rvol: 0.50 1.00 1.32 -0.33 -0.18 0.15 0.46 0.14 0.75 1.24 1.55 -0.28 -0.07 0.25 0.54 
Loss: 0.839273  SIA Ef: -0.066829 Binding: -0.17 -0.26 -0.00 -0.05 0.26 0.38 0.17 0.28 -0.00 -0.31 -0.29  Rvol: 0.50 1.00 1.32 -0.33 -0.18 0.15 0.46 0.14 0.75 1.24 1.55 -0.28 -0.07 0.25 0.54 
Loss: 0.839209  SIA Ef: -0.067168 Binding: -0.17 -0.26 -0.00 -0.05 0.26 0.38 0.17 0.28 -0.00 -0.31 -0.29  Rvol: 0.50 1.00 1.32 -0.33 -0.18 0.15 0.46 0.14 0.75 1.24 1.55 -0.28 -0.07 0.25 0.54 
Loss: 0.839139  SIA Ef: -0.067517 Binding: -0.17 -0.26 -0.00 -0.05 0.26 0.38 0.17 0.28 -0.00 -0.31 -0.29  Rvol: 0.50 1.00 1.32 -0.33 -0.18 0.15 0.46 0.14 0.75 1.24 1.55 -0.28 -0.07 0.25 0.54 
Loss: 0.839663  SIA Ef: -0.067530 Binding: -0.17 -0.26 -0.00 -0.05 0.26 0.38 0.17 0.28 -0.00 -0.31 -0.29  Rvol: 0.51 1.00 1.32 -0.33 -0.18 0.15 0.46 0.14 0.75 1.24 1.55 -0.28 -0.07 0.25 0.54 
Loss: 0.839141  SIA Ef: -0.067619 Binding: -0.17 -0.26 -0.00 -0.05 0.26 0.38 0.17 0.28 -0.00 -0.31 -0.29  Rvol: 0.50 1.00 1.32 -0.33 -0.18 0.15 0.46 0.14 0.75 1.24 1.55 -0.28 -0.07 0.25 0.54 
Loss: 0.839740  SIA Ef: -0.067154 Binding: -0.17 -0.26 -0.00 -0.05 0.26 0.38 0.17 0.28 -0.00 -0.31 -0.29  Rvol: 0.51 1.00 1.32 -0.33 -0.18 0.15 0.46 0.14 0.75 1.24 1.55 -0.28 -0.07 0.25 0.54 
Loss: 0.839138  SIA Ef: -0.067045 Binding: -0.17 -0.26 -0.00 -0.05 0.26 0.38 0.17 0.28 -0.00 -0.31 -0.29  Rvol: 0.50 1.00 1.32 -0.33 -0.18 0.15 0.46 0.14 0.75 1.24 1.55 -0.28 -0.07 0.25 0.54 
Loss: 0.839148  SIA Ef: -0.066887 Binding: -0.17 -0.26 -0.00 -0.05 0.26 0.38 0.17 0.28 -0.00 -0.31 -0.29  Rvol: 0.50 1.00 1.32 -0.33 -0.18 0.15 0.46 0.14 0.75 1.24 1.55 -0.28 -0.07 0.25 0.54 
Loss: 0.839139  SIA Ef: -0.066776 Binding: -0.17 -0.26 -0.00 -0.05 0.26 0.38 0.17 0.28 -0.00 -0.31 -0.29  Rvol: 0.50 1.00 1.32 -0.33 -0.18 0.15 0.46 0.14 0.75 1.24 1.55 -0.28 -0.07 0.25 0.54 
Loss: 0.839141  SIA Ef: -0.066935 Binding: -0.17 -0.26 -0.00 -0.05 0.26 0.38 0.17 0.28 -0.00 -0.31 -0.29  Rvol: 0.50 1.00 1.32 -0.33 -0.18 0.15 0.46 0.14 0.75 1.24 1.55 -0.28 -0.07 0.25 0.54 
Loss: 0.839135  SIA Ef: -0.066828 Binding: -0.17 -0.26 -0.00 -0.05 0.26 0.38 0.17 0.28 -0.00 -0.31 -0.29  Rvol: 0.50 1.00 1.32 -0.33 -0.18 0.15 0.46 0.14 0.75 1.24 1.55 -0.28 -0.07 0.25 0.54 
Loss: 0.839140  SIA Ef: -0.066207 Binding: -0.17 -0.26 -0.00 -0.05 0.26 0.38 0.17 0.28 -0.00 -0.31 -0.29  Rvol: 0.50 1.00 1.32 -0.33 -0.18 0.15 0.46 0.14 0.75 1.24 1.55 -0.28 -0.07 0.25 0.54 
Loss: 0.839137  SIA Ef: -0.066649 Binding: -0.17 -0.26 -0.00 -0.05 0.26 0.38 0.17 0.28 -0.00 -0.31 -0.29  Rvol: 0.50 1.00 1.32 -0.33 -0.18 0.15 0.46 0.14 0.75 1.24 1.55 -0.28 -0.07 0.25 0.54 
Loss: 0.839187  SIA Ef: -0.066630 Binding: -0.17 -0.26 -0.00 -0.05 0.26 0.38 0.17 0.28 -0.00 -0.31 -0.29  Rvol: 0.50 1.00 1.32 -0.33 -0.18 0.15 0.46 0.14 0.75 1.24 1.55 -0.28 -0.07 0.25 0.54 
