Start Optimization 
Loss: 3.303590  SIA Ef: -0.253231 Binding: 0.11 1.12 -0.19 0.57 1.07 0.45 0.29 0.27 0.04 -0.13 -0.10  Rvol: 0.54 0.91 1.32 -0.33 -0.28 -0.02 0.24 0.14 0.73 1.20 1.50 -0.28 -0.15 0.10 0.35 
Loss: 3.312076  SIA Ef: -0.192996 Binding: 0.11 1.13 -0.18 0.58 1.08 0.43 0.25 0.24 0.02 -0.17 -0.15  Rvol: 0.54 0.91 1.32 -0.33 -0.28 -0.02 0.24 0.14 0.74 1.20 1.50 -0.28 -0.15 0.11 0.36 
Loss: 66.899140  SIA Ef: 4.471497 Binding: 1.42 2.96 4.14 2.76 2.89 0.43 0.02 0.76 -0.25 -0.23 0.01  Rvol: 0.73 1.43 2.09 -0.33 -0.01 0.39 0.81 0.14 0.94 1.61 2.30 -0.28 0.11 0.52 0.97 
Loss: 58.377667  SIA Ef: 0.282823 Binding: 0.89 1.03 -5.58 0.41 0.70 1.11 0.30 -0.74 3.89 0.00 2.46  Rvol: 0.54 1.11 1.71 -0.33 -0.09 0.81 0.78 0.14 0.80 1.30 1.36 -0.28 0.18 0.70 1.00 
Loss: 233.563706  SIA Ef: 11.745169 Binding: 2.98 1.69 7.86 2.93 1.86 1.31 -1.07 0.38 -0.49 -0.66 -0.64  Rvol: 1.28 2.05 3.04 -0.33 -0.21 -0.00 0.49 0.14 1.36 2.30 3.19 -0.28 -0.06 0.18 0.66 
Loss: 8.961935  SIA Ef: -0.253231 Binding: 0.11 1.12 -0.19 0.57 1.07 -0.24 -1.24 -0.55 -0.68 -1.55 -1.13  Rvol: 0.54 0.91 1.32 -0.33 -0.28 -0.02 0.24 0.14 0.74 1.12 1.53 -0.28 -0.05 0.19 0.52 
Loss: 3.292561  SIA Ef: -0.253231 Binding: 0.11 1.12 -0.19 0.57 1.07 0.44 0.37 -0.00 0.03 -0.10 -0.20  Rvol: 0.54 0.91 1.32 -0.33 -0.28 -0.02 0.24 0.14 0.72 1.15 1.50 -0.28 -0.18 0.06 0.30 
Loss: 3.261468  SIA Ef: -0.253231 Binding: 0.11 1.12 -0.19 0.57 1.07 0.42 0.30 -0.02 0.01 -0.15 -0.24  Rvol: 0.54 0.91 1.32 -0.33 -0.28 -0.02 0.24 0.14 0.73 1.17 1.49 -0.28 -0.17 0.08 0.31 
Loss: 1.747345  SIA Ef: -0.253231 Binding: -0.26 -0.64 -0.19 -0.35 -0.44 0.42 0.38 0.57 0.01 -0.12 -0.14  Rvol: 0.54 1.01 1.38 -0.33 -0.28 0.01 0.33 0.14 0.73 1.21 1.60 -0.28 -0.17 0.10 0.38 
Loss: 3.832249  SIA Ef: -0.253231 Binding: -0.96 -1.02 -0.19 -0.45 -1.08 0.42 0.23 -0.07 0.01 -0.17 -0.27  Rvol: 0.54 0.90 1.30 -0.33 -0.28 -0.04 0.21 0.14 0.73 1.17 1.47 -0.28 -0.17 0.06 0.29 
Loss: 1.025445  SIA Ef: -0.253231 Binding: -0.16 -0.43 -0.19 -0.27 -0.19 0.42 0.32 0.35 0.01 -0.10 -0.16  Rvol: 0.54 1.00 1.37 -0.33 -0.28 0.02 0.35 0.14 0.73 1.20 1.54 -0.28 -0.17 0.11 0.39 
Loss: 273.240468  SIA Ef: -15.467130 Binding: -0.34 -0.03 -4.69 0.01 -0.01 0.43 0.06 -0.11 2.31 -0.56 1.01  Rvol: -0.12 -0.23 -0.51 -0.33 -0.37 -0.57 -0.67 0.14 0.26 -0.18 -0.48 -0.28 -0.34 -0.67 -0.48 
Loss: 1.097456  SIA Ef: -0.283020 Binding: -0.16 -0.43 -0.19 -0.28 -0.20 0.43 0.35 0.40 0.02 -0.08 -0.12  Rvol: 0.54 1.00 1.36 -0.33 -0.28 0.02 0.34 0.14 0.73 1.20 1.53 -0.28 -0.17 0.11 0.39 
Loss: 26.624886  SIA Ef: 2.854551 Binding: 0.37 1.09 3.43 1.53 0.90 0.50 0.28 0.58 -0.15 -0.18 -0.11  Rvol: 0.64 1.27 1.87 -0.33 -0.00 0.39 0.77 0.14 0.87 1.46 2.07 -0.28 0.10 0.48 0.84 
Loss: 61.657952  SIA Ef: -1.381311 Binding: 0.48 -0.32 -5.75 2.96 -0.52 0.75 0.19 0.49 3.57 -1.74 0.75  Rvol: 0.41 0.94 1.13 -0.33 -0.24 0.21 0.41 0.14 0.71 1.10 1.27 -0.28 -0.02 0.09 0.54 
Loss: 234.652144  SIA Ef: 11.095117 Binding: 2.86 -0.26 9.28 2.62 0.09 1.64 -0.33 -0.19 -0.41 -0.61 -0.72  Rvol: 1.29 2.07 3.11 -0.33 -0.19 -0.00 0.44 0.14 1.42 2.68 3.19 -0.28 -0.06 0.14 0.55 
Loss: 9.809029  SIA Ef: -0.097377 Binding: -0.17 -0.43 -0.12 -0.28 -0.23 0.92 1.35 1.93 0.50 0.91 1.34  Rvol: 0.55 1.02 1.39 -0.33 -0.28 0.02 0.35 0.14 0.73 1.21 1.57 -0.28 -0.17 0.11 0.39 
Loss: 234.513962  SIA Ef: 11.065596 Binding: 2.85 -0.27 9.27 2.62 0.09 1.53 -0.55 -0.47 -0.51 -0.81 -1.00  Rvol: 1.29 2.07 3.10 -0.33 -0.19 -0.01 0.44 0.14 1.42 2.67 3.19 -0.28 -0.06 0.14 0.53 
Loss: 61.303175  SIA Ef: 5.776442 Binding: -0.13 -1.01 4.65 0.53 -1.00 0.23 -0.03 0.43 -0.35 -0.45 -0.67  Rvol: 0.93 1.68 2.49 -0.33 -0.26 -0.05 0.46 0.14 1.10 1.89 2.66 -0.28 -0.13 0.11 0.65 
Loss: 1.144112  SIA Ef: -0.253373 Binding: -0.16 -0.43 -0.19 -0.27 -0.19 0.43 0.36 0.46 0.02 -0.08 -0.15  Rvol: 0.54 1.00 1.37 -0.33 -0.28 0.02 0.35 0.14 0.72 1.20 1.55 -0.28 -0.17 0.10 0.38 
Loss: 35.165769  SIA Ef: -5.849713 Binding: -0.33 -0.12 -0.25 -0.26 0.02 0.46 0.31 -0.09 0.04 -0.18 -0.20  Rvol: 0.30 0.57 0.76 -0.33 -0.33 -0.20 -0.09 0.14 0.54 0.79 0.86 -0.28 -0.22 -0.12 -0.06 
Loss: 1.001586  SIA Ef: -0.253633 Binding: -0.16 -0.43 -0.19 -0.27 -0.19 0.42 0.31 0.33 0.01 -0.11 -0.14  Rvol: 0.54 1.00 1.37 -0.33 -0.28 0.02 0.35 0.14 0.73 1.20 1.56 -0.28 -0.17 0.11 0.39 
Loss: 35.165628  SIA Ef: -5.850124 Binding: -0.33 -0.12 -0.25 -0.26 0.02 0.46 0.30 -0.09 0.04 -0.19 -0.19  Rvol: 0.30 0.57 0.76 -0.33 -0.33 -0.20 -0.09 0.14 0.54 0.80 0.86 -0.28 -0.22 -0.12 -0.05 
Loss: 1.437468  SIA Ef: -0.258840 Binding: -0.19 -0.50 -0.22 -0.46 -0.42 0.42 0.32 0.37 0.01 -0.09 -0.13  Rvol: 0.54 1.02 1.39 -0.33 -0.28 0.03 0.36 0.14 0.73 1.21 1.57 -0.28 -0.17 0.12 0.41 
Loss: 39.205383  SIA Ef: -3.166021 Binding: 0.44 -0.35 -4.23 1.14 -0.73 0.71 0.07 0.30 1.94 -1.99 0.82  Rvol: 0.34 0.83 0.94 -0.33 -0.14 0.14 0.29 0.14 0.65 0.97 1.04 -0.28 -0.01 0.03 0.44 
Loss: 0.812133  SIA Ef: -0.186245 Binding: 0.06 -0.08 -0.12 -0.16 0.14 0.42 0.32 0.46 -0.00 -0.10 -0.13  Rvol: 0.54 1.02 1.38 -0.33 -0.28 0.04 0.37 0.14 0.73 1.21 1.57 -0.28 -0.16 0.13 0.42 
Loss: 5.179270  SIA Ef: 1.034774 Binding: -0.07 0.59 1.41 0.52 0.65 0.43 0.46 0.42 -0.10 -0.15 -0.20  Rvol: 0.56 1.03 1.49 -0.33 -0.15 0.20 0.53 0.14 0.76 1.29 1.72 -0.28 -0.04 0.28 0.57 
Loss: 0.771912  SIA Ef: -0.167261 Binding: 0.08 -0.02 -0.10 -0.13 0.19 0.42 0.32 0.42 -0.00 -0.09 -0.13  Rvol: 0.54 1.02 1.38 -0.33 -0.28 0.04 0.37 0.14 0.73 1.21 1.56 -0.28 -0.16 0.13 0.42 
Loss: 64.512921  SIA Ef: 5.887468 Binding: -0.04 -0.53 4.89 0.57 -0.89 0.22 0.03 0.27 -0.40 -0.53 -0.73  Rvol: 0.94 1.73 2.59 -0.33 -0.25 -0.02 0.55 0.14 1.11 1.94 2.79 -0.28 -0.12 0.13 0.78 
Loss: 3.449844  SIA Ef: -0.098574 Binding: 0.07 -0.01 -0.06 -0.14 0.17 0.66 0.83 1.20 0.24 0.41 0.61  Rvol: 0.55 1.03 1.39 -0.33 -0.28 0.05 0.37 0.14 0.73 1.22 1.57 -0.28 -0.16 0.13 0.42 
Loss: 0.758817  SIA Ef: -0.162738 Binding: 0.08 -0.02 -0.10 -0.13 0.20 0.41 0.31 0.41 -0.01 -0.10 -0.14  Rvol: 0.54 1.02 1.38 -0.33 -0.28 0.04 0.37 0.14 0.73 1.21 1.56 -0.28 -0.16 0.13 0.42 
Loss: 9.247693  SIA Ef: -2.946546 Binding: 0.00 -0.02 -0.11 -0.12 0.31 0.45 0.31 0.29 0.02 -0.13 -0.15  Rvol: 0.42 0.81 1.04 -0.33 -0.29 -0.07 0.15 0.14 0.63 1.01 1.21 -0.28 -0.19 0.01 0.19 
Loss: 1.349234  SIA Ef: -0.545858 Binding: 0.14 0.09 -0.64 -0.23 0.13 0.43 0.28 0.27 0.06 -0.09 -0.12  Rvol: 0.53 1.00 1.37 -0.33 -0.31 0.02 0.34 0.14 0.71 1.18 1.55 -0.28 -0.18 0.10 0.40 
Loss: 20.268866  SIA Ef: -1.786109 Binding: 0.45 0.13 -3.13 1.63 0.17 0.62 0.25 0.40 1.52 -1.16 0.21  Rvol: 0.40 0.89 1.05 -0.33 -0.24 0.13 0.32 0.14 0.67 1.07 1.28 -0.28 -0.10 0.05 0.39 
Loss: 4.615527  SIA Ef: 1.289055 Binding: -0.10 0.07 1.33 -0.16 -0.56 0.27 0.26 0.19 -0.18 -0.19 -0.09  Rvol: 0.64 1.15 1.65 -0.33 -0.27 0.05 0.48 0.14 0.77 1.33 1.86 -0.28 -0.16 0.16 0.51 
Loss: 0.735798  SIA Ef: -0.172341 Binding: 0.08 -0.02 -0.10 -0.13 0.20 0.41 0.31 0.38 -0.01 -0.10 -0.13  Rvol: 0.54 1.02 1.38 -0.33 -0.28 0.04 0.37 0.14 0.73 1.21 1.57 -0.28 -0.16 0.13 0.42 
Loss: 2.257880  SIA Ef: -1.298898 Binding: -0.01 -0.03 0.23 -0.15 0.11 0.40 0.31 0.34 -0.05 -0.13 -0.16  Rvol: 0.50 0.92 1.25 -0.33 -0.29 -0.01 0.26 0.14 0.69 1.13 1.45 -0.28 -0.18 0.08 0.32 
Loss: 0.733877  SIA Ef: -0.172289 Binding: 0.08 -0.02 -0.10 -0.13 0.20 0.41 0.31 0.38 -0.01 -0.10 -0.13  Rvol: 0.54 1.02 1.38 -0.33 -0.28 0.04 0.37 0.14 0.73 1.21 1.57 -0.28 -0.16 0.13 0.42 
Loss: 1.516573  SIA Ef: -0.084285 Binding: 0.06 -0.02 0.03 -0.14 0.14 0.53 0.56 0.76 0.10 0.15 0.23  Rvol: 0.55 1.03 1.40 -0.33 -0.28 0.04 0.37 0.14 0.73 1.22 1.58 -0.28 -0.16 0.13 0.42 
Loss: 0.740753  SIA Ef: -0.179472 Binding: 0.09 0.04 -0.11 -0.09 0.26 0.41 0.31 0.35 -0.01 -0.10 -0.14  Rvol: 0.54 1.02 1.38 -0.33 -0.28 0.04 0.36 0.14 0.73 1.21 1.58 -0.28 -0.16 0.13 0.42 
Loss: 4.861978  SIA Ef: -0.986445 Binding: 0.28 0.06 -1.54 0.12 0.78 0.52 0.28 0.39 0.45 -0.09 -0.01  Rvol: 0.47 0.94 1.20 -0.33 -0.25 0.05 0.35 0.14 0.69 1.13 1.41 -0.28 -0.14 0.10 0.40 
Loss: 0.739925  SIA Ef: -0.137740 Binding: 0.13 0.24 -0.07 -0.10 0.27 0.41 0.31 0.24 -0.01 -0.10 -0.12  Rvol: 0.54 1.02 1.40 -0.33 -0.28 0.05 0.37 0.14 0.73 1.22 1.57 -0.28 -0.16 0.14 0.43 
Loss: 4.625765  SIA Ef: 1.377326 Binding: -0.09 0.08 1.25 -0.16 -0.54 0.26 0.24 0.17 -0.19 -0.21 -0.08  Rvol: 0.64 1.15 1.66 -0.33 -0.27 0.06 0.49 0.14 0.78 1.35 1.87 -0.28 -0.16 0.18 0.52 
Loss: 0.736748  SIA Ef: -0.173978 Binding: 0.08 -0.00 -0.11 -0.13 0.21 0.41 0.31 0.38 -0.01 -0.10 -0.13  Rvol: 0.54 1.02 1.38 -0.33 -0.28 0.04 0.37 0.14 0.73 1.21 1.57 -0.28 -0.16 0.13 0.42 
Loss: 1.356016  SIA Ef: -0.546612 Binding: 0.14 0.09 -0.66 -0.23 0.14 0.43 0.28 0.24 0.06 -0.10 -0.11  Rvol: 0.53 1.00 1.37 -0.33 -0.30 0.02 0.34 0.14 0.71 1.18 1.55 -0.28 -0.18 0.10 0.40 
Loss: 2.305934  SIA Ef: -1.325910 Binding: -0.01 -0.03 0.19 -0.14 0.13 0.40 0.30 0.32 -0.05 -0.14 -0.17  Rvol: 0.50 0.92 1.25 -0.33 -0.29 -0.01 0.26 0.14 0.69 1.13 1.45 -0.28 -0.17 0.08 0.32 
Loss: 1.904500  SIA Ef: -0.575342 Binding: 0.18 0.03 -0.82 -0.03 0.49 0.47 0.30 0.39 0.15 -0.09 -0.07  Rvol: 0.51 0.98 1.29 -0.33 -0.26 0.05 0.36 0.14 0.71 1.17 1.48 -0.28 -0.15 0.12 0.41 
Loss: 0.731497  SIA Ef: -0.173477 Binding: 0.08 -0.02 -0.10 -0.13 0.20 0.41 0.31 0.38 -0.01 -0.10 -0.13  Rvol: 0.54 1.02 1.38 -0.33 -0.28 0.04 0.37 0.14 0.73 1.21 1.57 -0.28 -0.16 0.13 0.42 
Loss: 1.229451  SIA Ef: -0.798712 Binding: 0.04 -0.02 -0.01 -0.13 0.20 0.41 0.30 0.34 -0.02 -0.12 -0.16  Rvol: 0.52 0.97 1.30 -0.33 -0.28 0.01 0.32 0.14 0.71 1.17 1.50 -0.28 -0.17 0.10 0.37 
Loss: 0.808608  SIA Ef: -0.154084 Binding: 0.06 -0.03 -0.04 -0.14 0.16 0.44 0.36 0.46 0.01 -0.05 -0.05  Rvol: 0.54 1.02 1.38 -0.33 -0.28 0.04 0.37 0.14 0.73 1.22 1.58 -0.28 -0.16 0.13 0.42 
Loss: 0.958986  SIA Ef: -0.230076 Binding: 0.12 0.03 -0.22 -0.10 0.29 0.45 0.36 0.47 0.04 -0.04 -0.05  Rvol: 0.54 1.02 1.37 -0.33 -0.28 0.04 0.37 0.14 0.73 1.21 1.55 -0.28 -0.16 0.13 0.42 
Loss: 0.745492  SIA Ef: 0.217083 Binding: 0.02 0.15 0.25 -0.15 0.04 0.37 0.31 0.20 -0.07 -0.13 -0.15  Rvol: 0.57 1.04 1.46 -0.33 -0.28 0.05 0.39 0.14 0.75 1.25 1.65 -0.28 -0.16 0.15 0.45 
Loss: 0.732266  SIA Ef: -0.179558 Binding: 0.08 -0.02 -0.11 -0.13 0.20 0.41 0.31 0.37 -0.01 -0.10 -0.13  Rvol: 0.54 1.02 1.38 -0.33 -0.28 0.04 0.37 0.14 0.73 1.21 1.57 -0.28 -0.16 0.13 0.42 
Loss: 0.673084  SIA Ef: -0.195063 Binding: 0.08 0.11 -0.17 -0.17 0.15 0.41 0.29 0.23 -0.01 -0.10 -0.13  Rvol: 0.55 1.02 1.40 -0.33 -0.28 0.04 0.36 0.14 0.73 1.21 1.57 -0.28 -0.17 0.13 0.42 
Loss: 0.676240  SIA Ef: -0.192973 Binding: 0.08 0.10 -0.17 -0.18 0.14 0.41 0.30 0.24 -0.01 -0.10 -0.14  Rvol: 0.55 1.02 1.40 -0.33 -0.28 0.04 0.37 0.14 0.73 1.21 1.57 -0.28 -0.17 0.13 0.42 
Loss: 0.781616  SIA Ef: -0.069368 Binding: 0.11 0.11 -0.36 -0.16 0.21 0.41 0.28 0.21 0.01 -0.12 -0.16  Rvol: 0.55 1.03 1.41 -0.33 -0.28 0.05 0.39 0.14 0.74 1.22 1.58 -0.28 -0.16 0.14 0.44 
Loss: 0.668171  SIA Ef: -0.203321 Binding: 0.07 0.08 -0.18 -0.18 0.13 0.41 0.29 0.23 -0.01 -0.10 -0.13  Rvol: 0.55 1.02 1.39 -0.33 -0.28 0.04 0.36 0.14 0.73 1.21 1.57 -0.28 -0.17 0.13 0.42 
Loss: 0.705713  SIA Ef: -0.416148 Binding: 0.05 0.06 -0.10 -0.19 0.09 0.39 0.26 0.16 -0.03 -0.14 -0.18  Rvol: 0.54 1.01 1.37 -0.33 -0.29 0.02 0.34 0.14 0.72 1.20 1.55 -0.28 -0.17 0.12 0.40 
Loss: 0.667778  SIA Ef: -0.203385 Binding: 0.07 0.08 -0.17 -0.18 0.13 0.41 0.29 0.23 -0.01 -0.10 -0.13  Rvol: 0.55 1.02 1.39 -0.33 -0.28 0.04 0.36 0.14 0.73 1.21 1.57 -0.28 -0.17 0.13 0.42 
Loss: 0.719690  SIA Ef: -0.250624 Binding: 0.08 0.10 -0.21 -0.17 0.15 0.42 0.31 0.25 0.00 -0.09 -0.12  Rvol: 0.54 1.02 1.39 -0.33 -0.29 0.03 0.36 0.14 0.73 1.21 1.56 -0.28 -0.17 0.12 0.41 
Loss: 0.666720  SIA Ef: -0.205391 Binding: 0.07 0.08 -0.18 -0.18 0.13 0.41 0.29 0.23 -0.01 -0.10 -0.13  Rvol: 0.55 1.02 1.39 -0.33 -0.28 0.04 0.36 0.14 0.73 1.21 1.57 -0.28 -0.17 0.13 0.42 
Loss: 0.700173  SIA Ef: -0.201971 Binding: 0.04 0.06 -0.09 -0.20 0.06 0.43 0.35 0.30 0.01 -0.06 -0.05  Rvol: 0.55 1.02 1.40 -0.33 -0.29 0.03 0.36 0.14 0.73 1.21 1.57 -0.28 -0.17 0.13 0.41 
Loss: 0.712330  SIA Ef: -0.165303 Binding: 0.08 0.08 -0.28 -0.18 0.16 0.41 0.28 0.22 0.01 -0.11 -0.15  Rvol: 0.55 1.02 1.40 -0.33 -0.28 0.04 0.37 0.14 0.73 1.21 1.57 -0.28 -0.16 0.13 0.42 
Loss: 0.759802  SIA Ef: -0.310490 Binding: 0.08 0.08 -0.25 -0.17 0.17 0.42 0.30 0.23 0.01 -0.10 -0.13  Rvol: 0.54 1.01 1.38 -0.33 -0.29 0.03 0.36 0.14 0.73 1.20 1.55 -0.28 -0.17 0.12 0.41 
Loss: 0.594337  SIA Ef: -0.065843 Binding: 0.04 0.08 0.01 -0.19 0.06 0.39 0.29 0.20 -0.04 -0.12 -0.16  Rvol: 0.55 1.03 1.42 -0.33 -0.28 0.04 0.37 0.14 0.74 1.23 1.60 -0.28 -0.17 0.13 0.42 
Loss: 0.608574  SIA Ef: 0.023352 Binding: 0.03 0.09 0.06 -0.18 0.05 0.39 0.29 0.20 -0.05 -0.12 -0.16  Rvol: 0.56 1.04 1.44 -0.33 -0.28 0.04 0.38 0.14 0.74 1.23 1.61 -0.28 -0.17 0.14 0.43 
Loss: 0.592787  SIA Ef: -0.056363 Binding: 0.04 0.08 0.02 -0.19 0.06 0.39 0.29 0.19 -0.04 -0.12 -0.17  Rvol: 0.55 1.03 1.42 -0.33 -0.28 0.04 0.37 0.14 0.74 1.23 1.60 -0.28 -0.17 0.13 0.43 
Loss: 0.630344  SIA Ef: 0.088848 Binding: 0.03 0.09 0.10 -0.18 0.03 0.38 0.29 0.21 -0.05 -0.12 -0.15  Rvol: 0.56 1.04 1.45 -0.33 -0.28 0.04 0.38 0.14 0.74 1.24 1.63 -0.28 -0.17 0.14 0.44 
Loss: 0.592985  SIA Ef: -0.057210 Binding: 0.04 0.08 0.02 -0.18 0.06 0.39 0.29 0.20 -0.04 -0.12 -0.16  Rvol: 0.55 1.03 1.42 -0.33 -0.28 0.04 0.37 0.14 0.74 1.23 1.60 -0.28 -0.17 0.13 0.42 
Loss: 0.619246  SIA Ef: -0.013359 Binding: 0.03 0.06 0.07 -0.20 0.01 0.39 0.31 0.23 -0.04 -0.10 -0.13  Rvol: 0.56 1.04 1.43 -0.33 -0.28 0.04 0.37 0.14 0.74 1.23 1.61 -0.28 -0.17 0.13 0.43 
Loss: 0.596613  SIA Ef: -0.046718 Binding: 0.04 0.09 0.02 -0.18 0.07 0.39 0.29 0.20 -0.04 -0.12 -0.16  Rvol: 0.55 1.04 1.42 -0.33 -0.28 0.04 0.37 0.14 0.74 1.23 1.60 -0.28 -0.17 0.13 0.43 
Loss: 0.591433  SIA Ef: -0.012052 Binding: 0.02 0.07 0.11 -0.20 0.00 0.37 0.26 0.16 -0.07 -0.15 -0.20  Rvol: 0.56 1.04 1.44 -0.33 -0.28 0.04 0.37 0.14 0.74 1.23 1.62 -0.28 -0.17 0.13 0.43 
Loss: 0.591643  SIA Ef: -0.068793 Binding: 0.02 0.07 0.13 -0.20 0.00 0.37 0.26 0.16 -0.07 -0.15 -0.20  Rvol: 0.56 1.03 1.43 -0.33 -0.28 0.03 0.36 0.14 0.74 1.23 1.61 -0.28 -0.17 0.13 0.43 
Loss: 0.591593  SIA Ef: -0.012116 Binding: 0.02 0.07 0.11 -0.20 0.00 0.37 0.26 0.16 -0.07 -0.15 -0.20  Rvol: 0.56 1.04 1.44 -0.33 -0.28 0.04 0.37 0.14 0.74 1.23 1.62 -0.28 -0.17 0.13 0.43 
Loss: 0.580346  SIA Ef: -0.021176 Binding: 0.03 0.07 0.07 -0.20 0.02 0.37 0.26 0.15 -0.07 -0.16 -0.21  Rvol: 0.56 1.04 1.43 -0.33 -0.28 0.04 0.37 0.14 0.74 1.23 1.61 -0.28 -0.17 0.13 0.43 
Loss: 0.570502  SIA Ef: -0.101466 Binding: 0.04 0.06 -0.01 -0.19 0.05 0.37 0.25 0.14 -0.06 -0.16 -0.21  Rvol: 0.55 1.03 1.42 -0.33 -0.28 0.04 0.37 0.14 0.73 1.22 1.60 -0.28 -0.17 0.13 0.42 
Loss: 0.567947  SIA Ef: -0.125402 Binding: 0.04 0.06 -0.06 -0.19 0.06 0.37 0.24 0.12 -0.05 -0.17 -0.22  Rvol: 0.55 1.03 1.41 -0.33 -0.28 0.04 0.36 0.14 0.73 1.22 1.59 -0.28 -0.17 0.13 0.42 
Loss: 0.580815  SIA Ef: -0.177267 Binding: 0.04 0.05 -0.11 -0.20 0.06 0.37 0.23 0.12 -0.05 -0.17 -0.21  Rvol: 0.55 1.02 1.40 -0.33 -0.29 0.03 0.36 0.14 0.73 1.22 1.58 -0.28 -0.17 0.13 0.42 
Loss: 0.566213  SIA Ef: -0.119080 Binding: 0.04 0.06 -0.06 -0.19 0.06 0.37 0.24 0.12 -0.05 -0.17 -0.22  Rvol: 0.55 1.03 1.41 -0.33 -0.28 0.04 0.36 0.14 0.73 1.22 1.59 -0.28 -0.17 0.13 0.42 
Loss: 0.565725  SIA Ef: -0.107601 Binding: 0.04 0.07 -0.06 -0.19 0.07 0.37 0.23 0.12 -0.06 -0.17 -0.23  Rvol: 0.55 1.03 1.41 -0.33 -0.28 0.04 0.36 0.14 0.73 1.22 1.59 -0.28 -0.17 0.13 0.42 
Loss: 0.564081  SIA Ef: -0.097871 Binding: 0.04 0.07 -0.06 -0.19 0.07 0.37 0.23 0.12 -0.06 -0.17 -0.23  Rvol: 0.55 1.03 1.41 -0.33 -0.28 0.04 0.37 0.14 0.73 1.22 1.59 -0.28 -0.17 0.13 0.42 
Loss: 0.564762  SIA Ef: -0.087402 Binding: 0.04 0.07 -0.07 -0.19 0.07 0.36 0.23 0.11 -0.06 -0.17 -0.23  Rvol: 0.55 1.03 1.41 -0.33 -0.28 0.04 0.37 0.14 0.73 1.22 1.60 -0.28 -0.17 0.13 0.42 
Loss: 0.564788  SIA Ef: -0.099490 Binding: 0.04 0.07 -0.06 -0.19 0.07 0.37 0.23 0.12 -0.06 -0.17 -0.23  Rvol: 0.55 1.03 1.41 -0.33 -0.28 0.04 0.37 0.14 0.73 1.22 1.59 -0.28 -0.16 0.13 0.42 
Loss: 0.567582  SIA Ef: -0.151750 Binding: 0.04 0.07 -0.03 -0.18 0.07 0.37 0.23 0.12 -0.06 -0.18 -0.23  Rvol: 0.55 1.03 1.41 -0.33 -0.28 0.03 0.36 0.14 0.73 1.22 1.59 -0.28 -0.17 0.13 0.42 
Loss: 0.567643  SIA Ef: -0.108840 Binding: 0.04 0.07 -0.08 -0.18 0.08 0.37 0.24 0.13 -0.05 -0.17 -0.22  Rvol: 0.55 1.03 1.41 -0.33 -0.28 0.04 0.37 0.14 0.73 1.22 1.59 -0.28 -0.16 0.13 0.42 
Loss: 0.566616  SIA Ef: -0.121239 Binding: 0.04 0.07 -0.07 -0.18 0.08 0.37 0.23 0.12 -0.05 -0.17 -0.23  Rvol: 0.55 1.03 1.41 -0.33 -0.28 0.04 0.36 0.14 0.73 1.22 1.59 -0.28 -0.16 0.13 0.42 
Loss: 0.573523  SIA Ef: -0.001674 Binding: 0.03 0.07 0.02 -0.18 0.06 0.36 0.23 0.11 -0.07 -0.18 -0.25  Rvol: 0.56 1.04 1.43 -0.33 -0.28 0.04 0.37 0.14 0.74 1.23 1.61 -0.28 -0.16 0.14 0.43 
Loss: 0.565572  SIA Ef: -0.115484 Binding: 0.04 0.06 -0.07 -0.19 0.07 0.37 0.23 0.11 -0.06 -0.17 -0.23  Rvol: 0.55 1.03 1.41 -0.33 -0.28 0.04 0.36 0.14 0.73 1.22 1.59 -0.28 -0.17 0.13 0.42 
Loss: 0.563743  SIA Ef: -0.091588 Binding: 0.04 0.07 -0.04 -0.19 0.07 0.37 0.23 0.12 -0.06 -0.17 -0.23  Rvol: 0.55 1.03 1.41 -0.33 -0.28 0.04 0.37 0.14 0.73 1.22 1.60 -0.28 -0.17 0.13 0.42 
Loss: 0.565173  SIA Ef: -0.087038 Binding: 0.04 0.07 -0.03 -0.18 0.07 0.37 0.24 0.12 -0.06 -0.17 -0.23  Rvol: 0.55 1.03 1.42 -0.33 -0.28 0.04 0.37 0.14 0.73 1.22 1.60 -0.28 -0.17 0.13 0.42 
Loss: 0.563834  SIA Ef: -0.089639 Binding: 0.04 0.07 -0.05 -0.18 0.07 0.37 0.23 0.12 -0.06 -0.17 -0.23  Rvol: 0.55 1.03 1.41 -0.33 -0.28 0.04 0.37 0.14 0.73 1.22 1.60 -0.28 -0.16 0.13 0.42 
Loss: 0.564472  SIA Ef: -0.108584 Binding: 0.04 0.07 -0.06 -0.18 0.07 0.37 0.23 0.12 -0.06 -0.17 -0.22  Rvol: 0.55 1.03 1.41 -0.33 -0.28 0.04 0.36 0.14 0.73 1.22 1.59 -0.28 -0.16 0.13 0.42 
Loss: 0.565986  SIA Ef: -0.043042 Binding: 0.03 0.07 -0.01 -0.19 0.06 0.36 0.23 0.12 -0.06 -0.17 -0.24  Rvol: 0.55 1.04 1.42 -0.33 -0.28 0.04 0.37 0.14 0.74 1.23 1.60 -0.28 -0.17 0.13 0.43 
Loss: 0.563567  SIA Ef: -0.101687 Binding: 0.04 0.07 -0.03 -0.18 0.07 0.37 0.23 0.12 -0.06 -0.17 -0.23  Rvol: 0.55 1.03 1.41 -0.33 -0.28 0.04 0.37 0.14 0.73 1.22 1.59 -0.28 -0.17 0.13 0.42 
Loss: 0.563608  SIA Ef: -0.103200 Binding: 0.04 0.07 -0.03 -0.18 0.07 0.37 0.23 0.12 -0.06 -0.17 -0.23  Rvol: 0.55 1.03 1.41 -0.33 -0.28 0.04 0.37 0.14 0.73 1.22 1.59 -0.28 -0.17 0.13 0.42 
Loss: 0.563981  SIA Ef: -0.107006 Binding: 0.04 0.07 -0.04 -0.18 0.07 0.37 0.24 0.12 -0.06 -0.17 -0.22  Rvol: 0.55 1.03 1.41 -0.33 -0.28 0.04 0.36 0.14 0.73 1.22 1.59 -0.28 -0.17 0.13 0.42 
Loss: 0.563797  SIA Ef: -0.100225 Binding: 0.04 0.07 -0.03 -0.18 0.07 0.37 0.23 0.12 -0.06 -0.17 -0.23  Rvol: 0.55 1.03 1.41 -0.33 -0.28 0.04 0.37 0.14 0.73 1.22 1.59 -0.28 -0.17 0.13 0.42 
Loss: 0.564459  SIA Ef: -0.117626 Binding: 0.04 0.06 -0.05 -0.19 0.07 0.37 0.23 0.12 -0.06 -0.17 -0.23  Rvol: 0.55 1.03 1.41 -0.33 -0.28 0.04 0.36 0.14 0.73 1.22 1.59 -0.28 -0.17 0.13 0.42 
Loss: 0.563899  SIA Ef: -0.105136 Binding: 0.04 0.07 -0.04 -0.18 0.07 0.37 0.23 0.12 -0.06 -0.17 -0.23  Rvol: 0.55 1.03 1.41 -0.33 -0.28 0.04 0.37 0.14 0.73 1.22 1.59 -0.28 -0.17 0.13 0.42 
Loss: 0.563227  SIA Ef: -0.081406 Binding: 0.04 0.07 -0.02 -0.18 0.06 0.37 0.23 0.12 -0.06 -0.17 -0.23  Rvol: 0.55 1.03 1.42 -0.33 -0.28 0.04 0.37 0.14 0.73 1.22 1.60 -0.28 -0.17 0.13 0.42 
Loss: 0.564647  SIA Ef: -0.072715 Binding: 0.03 0.07 -0.00 -0.18 0.06 0.36 0.23 0.12 -0.06 -0.17 -0.24  Rvol: 0.55 1.03 1.42 -0.33 -0.28 0.04 0.37 0.14 0.73 1.23 1.60 -0.28 -0.17 0.13 0.42 
Loss: 0.562919  SIA Ef: -0.085962 Binding: 0.04 0.07 -0.02 -0.18 0.06 0.37 0.23 0.12 -0.06 -0.17 -0.23  Rvol: 0.55 1.03 1.42 -0.33 -0.28 0.04 0.37 0.14 0.73 1.22 1.60 -0.28 -0.17 0.13 0.42 
Loss: 0.562559  SIA Ef: -0.082025 Binding: 0.04 0.07 -0.02 -0.18 0.06 0.37 0.23 0.12 -0.06 -0.17 -0.23  Rvol: 0.55 1.03 1.42 -0.33 -0.28 0.04 0.37 0.14 0.73 1.22 1.60 -0.28 -0.17 0.13 0.42 
Loss: 0.561889  SIA Ef: -0.086487 Binding: 0.04 0.07 -0.03 -0.18 0.07 0.36 0.23 0.11 -0.06 -0.18 -0.24  Rvol: 0.55 1.03 1.41 -0.33 -0.28 0.04 0.37 0.14 0.73 1.22 1.60 -0.28 -0.16 0.13 0.42 
Loss: 0.561285  SIA Ef: -0.094677 Binding: 0.04 0.06 -0.03 -0.18 0.07 0.36 0.23 0.11 -0.06 -0.18 -0.24  Rvol: 0.55 1.03 1.41 -0.33 -0.28 0.04 0.37 0.14 0.73 1.22 1.60 -0.28 -0.16 0.13 0.42 
Loss: 0.561254  SIA Ef: -0.099616 Binding: 0.04 0.06 -0.04 -0.18 0.07 0.37 0.23 0.12 -0.06 -0.18 -0.23  Rvol: 0.55 1.03 1.41 -0.33 -0.28 0.04 0.36 0.14 0.73 1.22 1.59 -0.28 -0.16 0.13 0.42 
Loss: 0.561329  SIA Ef: -0.098475 Binding: 0.04 0.06 -0.04 -0.18 0.07 0.37 0.23 0.11 -0.06 -0.18 -0.23  Rvol: 0.55 1.03 1.41 -0.33 -0.28 0.04 0.37 0.14 0.73 1.22 1.59 -0.28 -0.16 0.13 0.42 
Loss: 0.560758  SIA Ef: -0.101187 Binding: 0.04 0.06 -0.05 -0.18 0.07 0.37 0.23 0.11 -0.06 -0.18 -0.24  Rvol: 0.55 1.03 1.41 -0.33 -0.28 0.04 0.36 0.14 0.73 1.22 1.59 -0.28 -0.16 0.13 0.42 
Loss: 0.559859  SIA Ef: -0.087748 Binding: 0.04 0.06 -0.04 -0.18 0.07 0.36 0.23 0.11 -0.06 -0.18 -0.24  Rvol: 0.55 1.03 1.41 -0.33 -0.28 0.04 0.37 0.14 0.73 1.22 1.60 -0.28 -0.16 0.13 0.42 
Loss: 0.559551  SIA Ef: -0.088400 Binding: 0.04 0.06 -0.04 -0.18 0.07 0.36 0.22 0.11 -0.06 -0.18 -0.24  Rvol: 0.55 1.03 1.41 -0.33 -0.28 0.04 0.37 0.14 0.73 1.22 1.60 -0.28 -0.16 0.13 0.42 
Loss: 0.559421  SIA Ef: -0.083292 Binding: 0.04 0.06 -0.03 -0.18 0.07 0.36 0.22 0.11 -0.06 -0.18 -0.24  Rvol: 0.55 1.03 1.41 -0.33 -0.28 0.04 0.37 0.14 0.73 1.22 1.60 -0.28 -0.16 0.13 0.42 
Loss: 0.559673  SIA Ef: -0.078107 Binding: 0.03 0.06 -0.04 -0.18 0.06 0.36 0.22 0.10 -0.06 -0.18 -0.24  Rvol: 0.55 1.03 1.41 -0.33 -0.28 0.04 0.37 0.14 0.73 1.22 1.60 -0.28 -0.16 0.13 0.42 
Loss: 0.559393  SIA Ef: -0.088838 Binding: 0.03 0.06 -0.04 -0.18 0.06 0.36 0.22 0.10 -0.06 -0.18 -0.24  Rvol: 0.55 1.03 1.41 -0.33 -0.28 0.04 0.37 0.14 0.73 1.22 1.60 -0.28 -0.16 0.13 0.42 
Loss: 0.559598  SIA Ef: -0.091712 Binding: 0.03 0.06 -0.05 -0.18 0.06 0.36 0.22 0.10 -0.06 -0.18 -0.24  Rvol: 0.55 1.03 1.41 -0.33 -0.28 0.04 0.37 0.14 0.73 1.22 1.60 -0.28 -0.16 0.13 0.42 
Loss: 0.558972  SIA Ef: -0.076974 Binding: 0.03 0.06 -0.02 -0.18 0.06 0.36 0.22 0.10 -0.07 -0.18 -0.25  Rvol: 0.55 1.03 1.42 -0.33 -0.28 0.04 0.37 0.14 0.73 1.22 1.60 -0.28 -0.16 0.13 0.42 
Loss: 0.559920  SIA Ef: -0.063942 Binding: 0.03 0.06 -0.01 -0.18 0.06 0.36 0.22 0.10 -0.07 -0.19 -0.25  Rvol: 0.55 1.03 1.42 -0.33 -0.28 0.04 0.37 0.14 0.74 1.23 1.60 -0.28 -0.16 0.13 0.43 
Loss: 0.558492  SIA Ef: -0.079482 Binding: 0.03 0.05 -0.03 -0.18 0.06 0.36 0.22 0.11 -0.07 -0.18 -0.25  Rvol: 0.55 1.03 1.41 -0.33 -0.28 0.04 0.37 0.14 0.73 1.22 1.60 -0.28 -0.16 0.13 0.42 
Loss: 0.558918  SIA Ef: -0.080096 Binding: 0.03 0.05 -0.02 -0.18 0.06 0.36 0.22 0.11 -0.06 -0.18 -0.24  Rvol: 0.55 1.03 1.42 -0.33 -0.28 0.04 0.37 0.14 0.73 1.22 1.60 -0.28 -0.16 0.13 0.42 
Loss: 0.558804  SIA Ef: -0.074765 Binding: 0.03 0.06 -0.02 -0.18 0.06 0.36 0.22 0.11 -0.07 -0.18 -0.25  Rvol: 0.55 1.03 1.41 -0.33 -0.28 0.04 0.37 0.14 0.73 1.22 1.60 -0.28 -0.16 0.13 0.42 
Loss: 0.557972  SIA Ef: -0.095694 Binding: 0.03 0.05 -0.04 -0.18 0.06 0.36 0.22 0.11 -0.06 -0.18 -0.24  Rvol: 0.55 1.03 1.41 -0.33 -0.28 0.04 0.36 0.14 0.73 1.22 1.60 -0.28 -0.16 0.13 0.42 
Loss: 0.557874  SIA Ef: -0.085969 Binding: 0.03 0.05 -0.04 -0.18 0.06 0.36 0.22 0.11 -0.06 -0.18 -0.24  Rvol: 0.55 1.03 1.41 -0.33 -0.28 0.04 0.37 0.14 0.73 1.22 1.60 -0.28 -0.16 0.13 0.42 
Loss: 0.557812  SIA Ef: -0.083324 Binding: 0.03 0.05 -0.04 -0.18 0.06 0.36 0.22 0.11 -0.06 -0.18 -0.24  Rvol: 0.55 1.03 1.41 -0.33 -0.28 0.04 0.37 0.14 0.73 1.22 1.60 -0.28 -0.16 0.13 0.42 
Loss: 0.557551  SIA Ef: -0.083633 Binding: 0.03 0.05 -0.04 -0.18 0.07 0.36 0.23 0.11 -0.06 -0.18 -0.24  Rvol: 0.55 1.03 1.41 -0.33 -0.28 0.04 0.37 0.14 0.73 1.22 1.60 -0.28 -0.16 0.13 0.42 
Loss: 0.557746  SIA Ef: -0.087375 Binding: 0.03 0.05 -0.04 -0.18 0.06 0.36 0.23 0.11 -0.06 -0.18 -0.24  Rvol: 0.55 1.03 1.41 -0.33 -0.28 0.04 0.36 0.14 0.73 1.22 1.60 -0.28 -0.16 0.13 0.42 
Loss: 0.557006  SIA Ef: -0.081269 Binding: 0.03 0.05 -0.03 -0.18 0.07 0.36 0.23 0.12 -0.06 -0.18 -0.24  Rvol: 0.55 1.03 1.41 -0.33 -0.28 0.04 0.37 0.14 0.73 1.22 1.60 -0.28 -0.16 0.13 0.42 
Loss: 0.608021  SIA Ef: -0.087579 Binding: 0.03 -0.09 -0.04 -0.18 0.07 0.36 0.23 0.26 -0.06 -0.18 -0.24  Rvol: 0.55 1.03 1.40 -0.33 -0.28 0.04 0.36 0.14 0.73 1.22 1.60 -0.28 -0.16 0.13 0.42 
Loss: 0.557314  SIA Ef: -0.084890 Binding: 0.03 0.05 -0.04 -0.18 0.07 0.36 0.23 0.12 -0.06 -0.18 -0.24  Rvol: 0.55 1.03 1.41 -0.33 -0.28 0.04 0.37 0.14 0.73 1.22 1.60 -0.28 -0.16 0.13 0.42 
Loss: 0.557172  SIA Ef: -0.081081 Binding: 0.03 0.05 -0.04 -0.18 0.07 0.36 0.23 0.12 -0.06 -0.18 -0.24  Rvol: 0.55 1.03 1.41 -0.33 -0.28 0.04 0.37 0.14 0.73 1.22 1.60 -0.28 -0.16 0.13 0.42 
Loss: 0.556967  SIA Ef: -0.083858 Binding: 0.03 0.05 -0.03 -0.18 0.07 0.36 0.23 0.12 -0.06 -0.18 -0.24  Rvol: 0.55 1.03 1.41 -0.33 -0.28 0.04 0.37 0.14 0.73 1.22 1.60 -0.28 -0.16 0.13 0.42 
Loss: 0.608018  SIA Ef: -0.072294 Binding: 0.03 -0.09 -0.02 -0.18 0.06 0.36 0.22 0.25 -0.06 -0.18 -0.24  Rvol: 0.55 1.03 1.40 -0.33 -0.28 0.04 0.37 0.14 0.73 1.22 1.60 -0.28 -0.16 0.13 0.42 
Loss: 0.557180  SIA Ef: -0.073686 Binding: 0.03 0.05 -0.03 -0.18 0.07 0.36 0.23 0.11 -0.06 -0.18 -0.24  Rvol: 0.55 1.03 1.41 -0.33 -0.28 0.04 0.37 0.14 0.73 1.22 1.60 -0.28 -0.16 0.13 0.42 
Loss: 0.558076  SIA Ef: -0.094570 Binding: 0.03 0.05 -0.05 -0.18 0.07 0.36 0.23 0.11 -0.06 -0.18 -0.24  Rvol: 0.55 1.03 1.41 -0.33 -0.28 0.04 0.36 0.14 0.73 1.22 1.60 -0.28 -0.16 0.13 0.42 
Loss: 0.557036  SIA Ef: -0.088188 Binding: 0.03 0.05 -0.04 -0.18 0.07 0.36 0.23 0.12 -0.06 -0.18 -0.24  Rvol: 0.55 1.03 1.41 -0.33 -0.28 0.04 0.36 0.14 0.73 1.22 1.60 -0.28 -0.16 0.13 0.42 
Loss: 0.556921  SIA Ef: -0.080886 Binding: 0.03 0.05 -0.03 -0.18 0.07 0.36 0.23 0.12 -0.06 -0.18 -0.24  Rvol: 0.55 1.03 1.41 -0.33 -0.28 0.04 0.37 0.14 0.73 1.22 1.60 -0.28 -0.16 0.13 0.42 
Loss: 0.557501  SIA Ef: -0.087374 Binding: 0.03 0.05 -0.04 -0.18 0.07 0.36 0.23 0.11 -0.06 -0.18 -0.24  Rvol: 0.55 1.03 1.41 -0.33 -0.28 0.04 0.36 0.14 0.73 1.22 1.60 -0.28 -0.16 0.13 0.42 
Loss: 0.556916  SIA Ef: -0.079531 Binding: 0.03 0.05 -0.03 -0.18 0.07 0.36 0.23 0.12 -0.06 -0.18 -0.24  Rvol: 0.55 1.03 1.41 -0.33 -0.28 0.04 0.37 0.14 0.73 1.22 1.60 -0.28 -0.16 0.13 0.42 
Loss: 0.608379  SIA Ef: -0.077375 Binding: 0.03 -0.09 -0.03 -0.18 0.06 0.36 0.23 0.26 -0.06 -0.18 -0.24  Rvol: 0.55 1.03 1.40 -0.33 -0.28 0.04 0.37 0.14 0.73 1.22 1.60 -0.28 -0.16 0.13 0.42 
Loss: 0.556988  SIA Ef: -0.077725 Binding: 0.03 0.05 -0.03 -0.18 0.07 0.36 0.23 0.12 -0.06 -0.18 -0.24  Rvol: 0.55 1.03 1.41 -0.33 -0.28 0.04 0.37 0.14 0.73 1.22 1.60 -0.28 -0.16 0.13 0.42 
Loss: 0.557147  SIA Ef: -0.069989 Binding: 0.03 0.05 -0.03 -0.18 0.06 0.36 0.23 0.11 -0.06 -0.18 -0.24  Rvol: 0.55 1.03 1.41 -0.33 -0.28 0.04 0.37 0.14 0.73 1.22 1.60 -0.28 -0.16 0.13 0.42 
Loss: 0.556924  SIA Ef: -0.078797 Binding: 0.03 0.05 -0.03 -0.18 0.07 0.36 0.23 0.12 -0.06 -0.18 -0.24  Rvol: 0.55 1.03 1.41 -0.33 -0.28 0.04 0.37 0.14 0.73 1.22 1.60 -0.28 -0.16 0.13 0.42 
Loss: 0.556767  SIA Ef: -0.081342 Binding: 0.03 0.05 -0.04 -0.18 0.07 0.36 0.23 0.12 -0.06 -0.18 -0.24  Rvol: 0.55 1.03 1.41 -0.33 -0.28 0.04 0.37 0.14 0.73 1.22 1.60 -0.28 -0.16 0.13 0.42 
Loss: 0.556852  SIA Ef: -0.082105 Binding: 0.03 0.05 -0.04 -0.18 0.07 0.36 0.23 0.11 -0.06 -0.18 -0.24  Rvol: 0.55 1.03 1.41 -0.33 -0.28 0.04 0.37 0.14 0.73 1.22 1.60 -0.28 -0.16 0.13 0.42 
Loss: 0.556905  SIA Ef: -0.078354 Binding: 0.03 0.05 -0.04 -0.18 0.07 0.36 0.23 0.12 -0.06 -0.18 -0.24  Rvol: 0.55 1.03 1.41 -0.33 -0.28 0.04 0.37 0.14 0.73 1.22 1.60 -0.28 -0.16 0.13 0.42 
Loss: 0.608235  SIA Ef: -0.080959 Binding: 0.03 -0.09 -0.04 -0.18 0.07 0.36 0.23 0.26 -0.06 -0.18 -0.24  Rvol: 0.55 1.03 1.40 -0.33 -0.28 0.04 0.37 0.14 0.73 1.22 1.60 -0.28 -0.16 0.13 0.42 
Loss: 0.556852  SIA Ef: -0.083568 Binding: 0.03 0.05 -0.03 -0.18 0.07 0.36 0.23 0.12 -0.06 -0.18 -0.24  Rvol: 0.55 1.03 1.41 -0.33 -0.28 0.04 0.37 0.14 0.73 1.22 1.60 -0.28 -0.16 0.13 0.42 
Loss: 0.556667  SIA Ef: -0.080566 Binding: 0.03 0.05 -0.03 -0.18 0.07 0.36 0.23 0.12 -0.06 -0.18 -0.24  Rvol: 0.55 1.03 1.41 -0.33 -0.28 0.04 0.37 0.14 0.73 1.22 1.60 -0.28 -0.16 0.13 0.42 
Loss: 0.608219  SIA Ef: -0.079484 Binding: 0.03 -0.09 -0.03 -0.18 0.07 0.36 0.23 0.25 -0.06 -0.18 -0.24  Rvol: 0.55 1.03 1.40 -0.33 -0.28 0.04 0.37 0.14 0.73 1.22 1.60 -0.28 -0.16 0.13 0.42 
Loss: 0.556694  SIA Ef: -0.082989 Binding: 0.03 0.05 -0.03 -0.18 0.07 0.36 0.23 0.12 -0.06 -0.18 -0.24  Rvol: 0.55 1.03 1.41 -0.33 -0.28 0.04 0.37 0.14 0.73 1.22 1.60 -0.28 -0.16 0.13 0.42 
Loss: 0.608269  SIA Ef: -0.079640 Binding: 0.03 -0.09 -0.03 -0.18 0.06 0.36 0.23 0.26 -0.06 -0.18 -0.24  Rvol: 0.55 1.03 1.40 -0.33 -0.28 0.04 0.37 0.14 0.73 1.22 1.60 -0.28 -0.16 0.13 0.42 
Loss: 0.556699  SIA Ef: -0.081652 Binding: 0.03 0.05 -0.04 -0.18 0.07 0.36 0.23 0.12 -0.06 -0.18 -0.24  Rvol: 0.55 1.03 1.41 -0.33 -0.28 0.04 0.37 0.14 0.73 1.22 1.60 -0.28 -0.16 0.13 0.42 
Loss: 0.608373  SIA Ef: -0.082857 Binding: 0.03 -0.09 -0.04 -0.18 0.07 0.36 0.23 0.26 -0.06 -0.18 -0.24  Rvol: 0.55 1.03 1.40 -0.33 -0.28 0.04 0.37 0.14 0.73 1.22 1.60 -0.28 -0.16 0.13 0.42 
Loss: 0.556758  SIA Ef: -0.078675 Binding: 0.03 0.05 -0.03 -0.18 0.07 0.36 0.23 0.11 -0.06 -0.18 -0.24  Rvol: 0.55 1.03 1.41 -0.33 -0.28 0.04 0.37 0.14 0.73 1.22 1.60 -0.28 -0.16 0.13 0.42 
Loss: 0.556657  SIA Ef: -0.078886 Binding: 0.03 0.05 -0.03 -0.18 0.07 0.36 0.23 0.12 -0.06 -0.18 -0.24  Rvol: 0.55 1.03 1.41 -0.33 -0.28 0.04 0.37 0.14 0.73 1.22 1.60 -0.28 -0.16 0.13 0.42 
Loss: 0.556663  SIA Ef: -0.074446 Binding: 0.03 0.05 -0.03 -0.18 0.06 0.36 0.23 0.11 -0.06 -0.18 -0.24  Rvol: 0.55 1.03 1.41 -0.33 -0.28 0.04 0.37 0.14 0.73 1.22 1.60 -0.28 -0.16 0.13 0.42 
Loss: 0.556626  SIA Ef: -0.079476 Binding: 0.03 0.05 -0.03 -0.18 0.06 0.36 0.23 0.12 -0.06 -0.18 -0.24  Rvol: 0.55 1.03 1.41 -0.33 -0.28 0.04 0.37 0.14 0.73 1.22 1.60 -0.28 -0.16 0.13 0.42 
Loss: 0.556721  SIA Ef: -0.077580 Binding: 0.03 0.05 -0.03 -0.18 0.06 0.36 0.23 0.11 -0.06 -0.18 -0.24  Rvol: 0.55 1.03 1.41 -0.33 -0.28 0.04 0.37 0.14 0.73 1.22 1.60 -0.28 -0.16 0.13 0.42 
Loss: 0.608231  SIA Ef: -0.080045 Binding: 0.03 -0.09 -0.04 -0.18 0.07 0.36 0.23 0.25 -0.06 -0.18 -0.24  Rvol: 0.55 1.03 1.40 -0.33 -0.28 0.04 0.37 0.14 0.73 1.22 1.60 -0.28 -0.16 0.13 0.42 
Loss: 0.556671  SIA Ef: -0.075239 Binding: 0.03 0.05 -0.03 -0.18 0.06 0.36 0.23 0.12 -0.06 -0.18 -0.24  Rvol: 0.55 1.03 1.41 -0.33 -0.28 0.04 0.37 0.14 0.73 1.22 1.60 -0.28 -0.16 0.13 0.42 
Loss: 0.608162  SIA Ef: -0.080223 Binding: 0.03 -0.09 -0.03 -0.18 0.07 0.36 0.23 0.25 -0.06 -0.18 -0.24  Rvol: 0.55 1.03 1.40 -0.33 -0.28 0.04 0.37 0.14 0.73 1.22 1.60 -0.28 -0.16 0.13 0.42 
Loss: 0.556729  SIA Ef: -0.079009 Binding: 0.03 0.05 -0.04 -0.18 0.07 0.36 0.23 0.12 -0.06 -0.18 -0.24  Rvol: 0.55 1.03 1.41 -0.33 -0.28 0.04 0.37 0.14 0.73 1.22 1.60 -0.28 -0.16 0.13 0.42 
Loss: 0.556642  SIA Ef: -0.078834 Binding: 0.03 0.05 -0.03 -0.18 0.06 0.36 0.23 0.12 -0.06 -0.18 -0.24  Rvol: 0.55 1.03 1.41 -0.33 -0.28 0.04 0.37 0.14 0.73 1.22 1.60 -0.28 -0.16 0.13 0.42 
Loss: 0.556643  SIA Ef: -0.079667 Binding: 0.03 0.05 -0.03 -0.18 0.06 0.36 0.23 0.11 -0.06 -0.18 -0.24  Rvol: 0.55 1.03 1.41 -0.33 -0.28 0.04 0.37 0.14 0.73 1.22 1.60 -0.28 -0.16 0.13 0.42 
Loss: 0.556597  SIA Ef: -0.078933 Binding: 0.03 0.05 -0.03 -0.18 0.06 0.36 0.23 0.12 -0.06 -0.18 -0.24  Rvol: 0.55 1.03 1.41 -0.33 -0.28 0.04 0.37 0.14 0.73 1.22 1.60 -0.28 -0.16 0.13 0.42 
Loss: 0.556596  SIA Ef: -0.078285 Binding: 0.03 0.05 -0.03 -0.18 0.06 0.36 0.23 0.12 -0.06 -0.18 -0.24  Rvol: 0.55 1.03 1.41 -0.33 -0.28 0.04 0.37 0.14 0.73 1.22 1.60 -0.28 -0.16 0.13 0.42 
Loss: 0.556640  SIA Ef: -0.077535 Binding: 0.03 0.05 -0.03 -0.18 0.06 0.36 0.23 0.12 -0.06 -0.18 -0.24  Rvol: 0.55 1.03 1.41 -0.33 -0.28 0.04 0.37 0.14 0.73 1.22 1.60 -0.28 -0.16 0.13 0.42 
Loss: 0.556617  SIA Ef: -0.078578 Binding: 0.03 0.05 -0.03 -0.18 0.06 0.36 0.23 0.11 -0.06 -0.18 -0.24  Rvol: 0.55 1.03 1.41 -0.33 -0.28 0.04 0.37 0.14 0.73 1.22 1.60 -0.28 -0.16 0.13 0.42 
Loss: 0.556649  SIA Ef: -0.076348 Binding: 0.03 0.05 -0.03 -0.18 0.06 0.36 0.23 0.11 -0.06 -0.18 -0.24  Rvol: 0.55 1.03 1.41 -0.33 -0.28 0.04 0.37 0.14 0.73 1.22 1.60 -0.28 -0.16 0.13 0.42 
Loss: 0.608431  SIA Ef: -0.079261 Binding: 0.03 -0.09 -0.03 -0.18 0.06 0.36 0.23 0.26 -0.06 -0.18 -0.24  Rvol: 0.55 1.03 1.40 -0.33 -0.28 0.04 0.37 0.14 0.73 1.22 1.60 -0.28 -0.16 0.13 0.42 
Loss: 0.556632  SIA Ef: -0.077374 Binding: 0.03 0.05 -0.03 -0.18 0.06 0.36 0.23 0.11 -0.06 -0.18 -0.24  Rvol: 0.55 1.03 1.41 -0.33 -0.28 0.04 0.37 0.14 0.73 1.22 1.60 -0.28 -0.16 0.13 0.42 
Loss: 0.556588  SIA Ef: -0.077709 Binding: 0.03 0.05 -0.03 -0.18 0.06 0.36 0.23 0.11 -0.06 -0.18 -0.24  Rvol: 0.55 1.03 1.41 -0.33 -0.28 0.04 0.37 0.14 0.73 1.22 1.60 -0.28 -0.16 0.13 0.42 
Loss: 0.556586  SIA Ef: -0.077808 Binding: 0.03 0.05 -0.03 -0.18 0.06 0.36 0.23 0.11 -0.06 -0.18 -0.24  Rvol: 0.55 1.03 1.41 -0.33 -0.28 0.04 0.37 0.14 0.73 1.22 1.60 -0.28 -0.16 0.13 0.42 
Loss: 0.556579  SIA Ef: -0.077269 Binding: 0.03 0.05 -0.03 -0.18 0.06 0.36 0.23 0.11 -0.06 -0.18 -0.24  Rvol: 0.55 1.03 1.41 -0.33 -0.28 0.04 0.37 0.14 0.73 1.22 1.60 -0.28 -0.16 0.13 0.42 
Loss: 0.556575  SIA Ef: -0.077397 Binding: 0.03 0.05 -0.03 -0.18 0.06 0.36 0.23 0.11 -0.06 -0.18 -0.24  Rvol: 0.55 1.03 1.41 -0.33 -0.28 0.04 0.37 0.14 0.73 1.22 1.60 -0.28 -0.16 0.13 0.42 
Loss: 0.556592  SIA Ef: -0.077023 Binding: 0.03 0.05 -0.03 -0.18 0.06 0.36 0.23 0.11 -0.06 -0.18 -0.24  Rvol: 0.55 1.03 1.41 -0.33 -0.28 0.04 0.37 0.14 0.73 1.22 1.60 -0.28 -0.16 0.13 0.42 
Loss: 0.556570  SIA Ef: -0.077263 Binding: 0.03 0.05 -0.03 -0.18 0.06 0.36 0.23 0.11 -0.06 -0.18 -0.24  Rvol: 0.55 1.03 1.41 -0.33 -0.28 0.04 0.37 0.14 0.73 1.22 1.60 -0.28 -0.16 0.13 0.42 
Loss: 0.608300  SIA Ef: -0.077688 Binding: 0.03 -0.09 -0.03 -0.18 0.06 0.36 0.23 0.25 -0.06 -0.18 -0.24  Rvol: 0.55 1.03 1.40 -0.33 -0.28 0.04 0.37 0.14 0.73 1.22 1.60 -0.28 -0.16 0.13 0.42 
Loss: 0.556569  SIA Ef: -0.077126 Binding: 0.03 0.05 -0.03 -0.18 0.06 0.36 0.23 0.11 -0.06 -0.18 -0.24  Rvol: 0.55 1.03 1.41 -0.33 -0.28 0.04 0.37 0.14 0.73 1.22 1.60 -0.28 -0.16 0.13 0.42 
Loss: 0.556596  SIA Ef: -0.076320 Binding: 0.03 0.05 -0.03 -0.18 0.06 0.36 0.23 0.11 -0.06 -0.18 -0.24  Rvol: 0.55 1.03 1.41 -0.33 -0.28 0.04 0.37 0.14 0.73 1.22 1.60 -0.28 -0.16 0.13 0.42 
Loss: 0.556571  SIA Ef: -0.076867 Binding: 0.03 0.05 -0.03 -0.18 0.06 0.36 0.23 0.11 -0.06 -0.18 -0.24  Rvol: 0.55 1.03 1.41 -0.33 -0.28 0.04 0.37 0.14 0.73 1.22 1.60 -0.28 -0.16 0.13 0.42 
Loss: 0.556587  SIA Ef: -0.077395 Binding: 0.03 0.05 -0.03 -0.18 0.06 0.36 0.23 0.11 -0.06 -0.18 -0.24  Rvol: 0.55 1.03 1.41 -0.33 -0.28 0.04 0.37 0.14 0.73 1.22 1.60 -0.28 -0.16 0.13 0.42 
Loss: 0.556573  SIA Ef: -0.077396 Binding: 0.03 0.05 -0.03 -0.18 0.06 0.36 0.23 0.11 -0.06 -0.18 -0.24  Rvol: 0.55 1.03 1.41 -0.33 -0.28 0.04 0.37 0.14 0.73 1.22 1.60 -0.28 -0.16 0.13 0.42 
Loss: 0.556579  SIA Ef: -0.077324 Binding: 0.03 0.05 -0.03 -0.18 0.06 0.36 0.23 0.11 -0.06 -0.18 -0.24  Rvol: 0.55 1.03 1.41 -0.33 -0.28 0.04 0.37 0.14 0.73 1.22 1.60 -0.28 -0.16 0.13 0.42 
