Start Optimization 
Loss: 3.974858  SIA Ef: 0.881160 Binding: -0.12 0.01 0.39 -0.01 -0.24 0.07 0.18 0.96 -0.56 -0.94 -0.67  Rvol: 0.60 1.12 1.57 -0.33 -0.27 0.02 0.34 0.14 0.80 1.45 1.93 -0.28 -0.08 0.24 0.59 
Loss: 4.115620  SIA Ef: 0.941264 Binding: -0.13 0.03 0.39 -0.01 -0.23 0.07 0.20 0.95 -0.56 -0.95 -0.68  Rvol: 0.60 1.11 1.58 -0.33 -0.27 0.02 0.35 0.14 0.80 1.44 1.94 -0.28 -0.07 0.24 0.60 
Loss: 70.464117  SIA Ef: 5.563289 Binding: 0.90 1.77 4.68 2.26 1.58 0.08 -0.83 0.28 -0.98 -1.16 -0.60  Rvol: 0.80 1.55 2.22 -0.33 -0.00 0.40 0.85 0.14 1.03 1.78 2.48 -0.28 0.17 0.61 1.11 
Loss: 66.833778  SIA Ef: 1.558533 Binding: 1.68 0.66 -5.52 1.66 2.47 0.85 -0.35 1.27 4.10 0.24 0.44  Rvol: 0.59 1.32 1.69 -0.33 -0.06 0.68 1.15 0.14 0.86 1.54 2.03 -0.28 0.22 0.81 1.37 
Loss: 264.540865  SIA Ef: 12.723950 Binding: 2.85 0.65 8.37 2.65 0.79 1.20 0.12 0.93 -1.29 -1.77 -1.48  Rvol: 1.34 2.14 3.20 -0.33 -0.20 0.01 0.48 0.14 1.39 2.56 3.45 -0.28 -0.01 0.24 0.64 
Loss: 5.719684  SIA Ef: 0.881160 Binding: -0.12 0.01 0.39 -0.01 -0.24 -0.08 -0.02 1.57 -0.89 -1.03 -0.20  Rvol: 0.60 1.12 1.57 -0.33 -0.27 0.02 0.34 0.14 0.75 1.47 1.92 -0.28 0.01 0.21 0.67 
Loss: 13.342906  SIA Ef: 0.881160 Binding: -0.12 0.01 0.39 -0.01 -0.24 -0.36 -0.79 -1.66 -0.82 -1.62 -2.28  Rvol: 0.60 1.12 1.57 -0.33 -0.27 0.02 0.34 0.14 0.78 1.38 1.87 -0.28 -0.14 0.16 0.47 
Loss: 3.141523  SIA Ef: 0.881160 Binding: -0.12 0.01 0.39 -0.01 -0.24 0.19 0.41 0.85 -0.44 -0.70 -0.39  Rvol: 0.60 1.12 1.57 -0.33 -0.27 0.02 0.34 0.14 0.80 1.45 1.92 -0.28 -0.08 0.23 0.58 
Loss: 5.922694  SIA Ef: 0.881160 Binding: 0.44 0.99 0.39 -0.91 -1.17 0.19 0.15 0.48 -0.44 -0.56 0.19  Rvol: 0.60 1.19 1.68 -0.33 -0.27 0.10 0.69 0.14 0.80 1.43 1.92 -0.28 -0.08 0.35 0.89 
Loss: 3.217620  SIA Ef: 0.881160 Binding: -0.61 -0.52 0.39 0.03 -0.52 0.19 -0.40 0.16 -0.44 -0.75 -0.48  Rvol: 0.60 1.01 1.43 -0.33 -0.27 -0.02 0.25 0.14 0.80 1.24 1.68 -0.28 -0.08 0.20 0.47 
Loss: 2.673055  SIA Ef: 0.881160 Binding: -0.05 -0.07 0.39 0.01 -0.03 0.19 -0.18 0.72 -0.44 -0.68 -0.36  Rvol: 0.60 1.12 1.54 -0.33 -0.27 0.04 0.38 0.14 0.80 1.38 1.81 -0.28 -0.08 0.25 0.61 
Loss: 235.841830  SIA Ef: -14.097104 Binding: -0.13 0.33 -4.42 0.98 -0.08 0.39 -0.32 0.32 3.06 -1.18 1.13  Rvol: -0.08 -0.15 -0.36 -0.33 -0.34 -0.52 -0.55 0.14 0.31 0.40 -0.36 -0.28 -0.29 -0.48 -0.25 
Loss: 66.084344  SIA Ef: 5.996496 Binding: 0.19 -0.30 4.73 0.89 -0.42 -0.10 -0.67 0.54 -1.06 -1.10 -0.84  Rvol: 0.96 1.70 2.43 -0.33 -0.28 -0.08 0.38 0.14 1.09 1.85 2.71 -0.28 -0.08 0.21 0.64 
Loss: 2.647185  SIA Ef: 0.868740 Binding: -0.05 -0.07 0.39 0.01 -0.03 0.19 -0.18 0.72 -0.44 -0.68 -0.35  Rvol: 0.60 1.12 1.54 -0.33 -0.27 0.03 0.38 0.14 0.80 1.38 1.80 -0.28 -0.08 0.25 0.61 
Loss: 27.901430  SIA Ef: 3.557571 Binding: 0.20 0.63 3.10 1.08 0.50 0.10 -0.71 0.68 -0.85 -0.84 -0.28  Rvol: 0.72 1.34 1.94 -0.33 -0.15 0.18 0.61 0.14 0.96 1.50 2.26 -0.28 0.03 0.42 0.86 
Loss: 2.510060  SIA Ef: 0.881115 Binding: -0.03 -0.07 0.32 0.01 -0.01 0.31 0.10 0.95 -0.26 -0.41 -0.06  Rvol: 0.60 1.12 1.54 -0.33 -0.27 0.04 0.38 0.14 0.79 1.38 1.79 -0.28 -0.09 0.24 0.61 
Loss: 37.284400  SIA Ef: 1.963378 Binding: 0.79 0.16 -4.00 2.04 -0.03 0.70 0.08 1.11 2.75 -1.27 0.92  Rvol: 0.56 1.21 1.60 -0.33 -0.23 0.38 0.68 0.14 0.82 1.46 1.78 -0.28 0.09 0.40 0.96 
Loss: 3.986634  SIA Ef: 0.741873 Binding: -0.02 -0.07 0.26 0.00 0.01 0.48 0.39 1.54 -0.10 -0.10 0.49  Rvol: 0.59 1.10 1.52 -0.33 -0.27 0.04 0.37 0.14 0.78 1.37 1.78 -0.28 -0.07 0.25 0.60 
Loss: 51.266272  SIA Ef: -6.120308 Binding: -0.27 0.76 -2.50 1.19 0.02 0.55 0.46 0.32 1.65 -1.25 0.43  Rvol: 0.24 0.38 0.74 -0.33 -0.30 -0.09 -0.05 0.14 0.53 0.84 0.76 -0.28 -0.19 -0.07 0.13 
Loss: 2.707507  SIA Ef: 0.899003 Binding: -0.04 -0.07 0.34 0.01 -0.02 0.33 0.16 1.04 -0.24 -0.35 0.03  Rvol: 0.60 1.12 1.54 -0.33 -0.27 0.04 0.38 0.14 0.79 1.38 1.80 -0.28 -0.09 0.24 0.61 
Loss: 52.328562  SIA Ef: 4.769401 Binding: 0.15 -0.26 4.86 0.94 -0.43 0.08 -0.35 0.78 -0.86 -0.88 -0.55  Rvol: 0.91 1.61 2.27 -0.33 -0.29 -0.13 0.29 0.14 1.05 1.86 2.51 -0.28 -0.11 0.15 0.52 
Loss: 2.770808  SIA Ef: 0.957402 Binding: 0.04 0.27 0.40 0.26 0.36 0.30 0.02 0.85 -0.28 -0.42 -0.09  Rvol: 0.60 1.08 1.53 -0.33 -0.27 0.03 0.36 0.14 0.80 1.37 1.78 -0.28 -0.08 0.23 0.58 
Loss: 27.310602  SIA Ef: 3.299687 Binding: 0.21 0.57 3.38 1.13 0.45 0.21 -0.45 0.92 -0.67 -0.60 -0.04  Rvol: 0.72 1.34 1.94 -0.33 -0.15 0.17 0.58 0.14 0.94 1.50 2.24 -0.28 0.02 0.39 0.81 
Loss: 2.704694  SIA Ef: 0.878978 Binding: 0.20 0.37 0.32 0.05 0.25 0.31 0.12 0.93 -0.26 -0.38 -0.01  Rvol: 0.60 1.12 1.55 -0.33 -0.27 0.06 0.42 0.14 0.79 1.38 1.81 -0.28 -0.09 0.26 0.65 
Loss: 54.345006  SIA Ef: -6.193472 Binding: -0.28 0.77 -2.72 1.29 -0.02 0.56 0.48 0.32 1.82 -1.29 0.48  Rvol: 0.23 0.38 0.74 -0.33 -0.31 -0.10 -0.06 0.14 0.53 0.84 0.75 -0.28 -0.19 -0.07 0.13 
Loss: 2.461632  SIA Ef: 0.867955 Binding: -0.01 -0.01 0.32 0.02 0.05 0.31 0.07 0.95 -0.26 -0.40 -0.05  Rvol: 0.60 1.11 1.54 -0.33 -0.27 0.04 0.39 0.14 0.79 1.37 1.79 -0.28 -0.09 0.24 0.61 
Loss: 54.649092  SIA Ef: -6.207609 Binding: -0.25 0.80 -2.73 1.31 0.04 0.56 0.43 0.34 1.82 -1.29 0.45  Rvol: 0.23 0.38 0.72 -0.33 -0.31 -0.10 -0.06 0.14 0.53 0.82 0.74 -0.28 -0.19 -0.07 0.13 
Loss: 4.058260  SIA Ef: 1.161540 Binding: -0.16 -0.07 1.05 0.16 -0.10 0.28 0.07 0.83 -0.38 -0.45 -0.13  Rvol: 0.61 1.10 1.57 -0.33 -0.25 0.06 0.41 0.14 0.81 1.38 1.82 -0.28 -0.08 0.25 0.62 
Loss: 25.395189  SIA Ef: 3.336011 Binding: 0.26 0.78 2.97 1.00 0.57 0.24 -0.45 1.09 -0.69 -0.53 0.14  Rvol: 0.72 1.33 1.91 -0.33 -0.17 0.16 0.60 0.14 0.94 1.49 2.23 -0.28 0.01 0.39 0.84 
Loss: 8.552365  SIA Ef: 1.479054 Binding: 0.36 0.01 -1.78 0.11 0.65 0.49 0.05 0.99 0.89 -0.21 0.27  Rvol: 0.59 1.15 1.52 -0.33 -0.24 0.15 0.55 0.14 0.79 1.40 1.78 -0.28 -0.01 0.32 0.77 
Loss: 18.978565  SIA Ef: 3.195117 Binding: -0.20 -0.27 2.29 0.15 -0.60 0.08 -0.50 0.82 -0.66 -0.56 -0.28  Rvol: 0.76 1.38 1.99 -0.33 -0.29 -0.03 0.42 0.14 0.93 1.59 2.27 -0.28 -0.12 0.23 0.67 
Loss: 5.595294  SIA Ef: 1.613428 Binding: -0.02 0.17 0.97 0.22 0.10 0.28 0.07 0.99 -0.42 -0.43 -0.00  Rvol: 0.63 1.14 1.64 -0.33 -0.25 0.07 0.43 0.14 0.84 1.43 1.89 -0.28 -0.07 0.29 0.68 
Loss: 2.448635  SIA Ef: 0.863998 Binding: -0.01 -0.02 0.32 0.02 0.05 0.31 0.07 0.95 -0.25 -0.40 -0.05  Rvol: 0.60 1.11 1.54 -0.33 -0.27 0.04 0.39 0.14 0.79 1.37 1.79 -0.28 -0.09 0.24 0.61 
Loss: 2.404161  SIA Ef: -0.874304 Binding: 0.08 0.05 -0.55 0.02 0.41 0.40 0.06 0.86 0.16 -0.36 0.04  Rvol: 0.51 0.97 1.28 -0.33 -0.27 -0.00 0.30 0.14 0.71 1.22 1.51 -0.28 -0.10 0.19 0.50 
Loss: 2.022650  SIA Ef: -0.793630 Binding: 0.08 0.07 -0.49 0.03 0.41 0.35 -0.01 0.73 0.08 -0.44 -0.10  Rvol: 0.51 0.97 1.29 -0.33 -0.27 0.00 0.30 0.14 0.72 1.22 1.53 -0.28 -0.11 0.18 0.50 
Loss: 1.907539  SIA Ef: -0.888547 Binding: -0.03 -0.11 0.12 -0.08 0.01 0.27 -0.06 0.71 -0.25 -0.51 -0.26  Rvol: 0.53 0.98 1.33 -0.33 -0.31 -0.05 0.24 0.14 0.72 1.23 1.57 -0.28 -0.13 0.15 0.45 
Loss: 1.981620  SIA Ef: -0.902782 Binding: -0.03 -0.15 0.09 -0.13 -0.05 0.27 -0.06 0.73 -0.25 -0.52 -0.26  Rvol: 0.53 0.98 1.33 -0.33 -0.31 -0.04 0.25 0.14 0.72 1.23 1.58 -0.28 -0.13 0.15 0.46 
Loss: 3.565085  SIA Ef: -1.163797 Binding: 0.14 -0.19 -1.07 -0.18 0.20 0.35 -0.11 0.66 0.26 -0.44 -0.15  Rvol: 0.51 0.97 1.26 -0.33 -0.32 -0.04 0.27 0.14 0.70 1.20 1.51 -0.28 -0.12 0.13 0.46 
Loss: 1.929733  SIA Ef: -0.890249 Binding: -0.02 -0.09 0.13 -0.07 0.03 0.26 -0.09 0.68 -0.27 -0.55 -0.31  Rvol: 0.53 0.98 1.33 -0.33 -0.31 -0.04 0.24 0.14 0.72 1.23 1.58 -0.28 -0.13 0.15 0.45 
Loss: 2.116515  SIA Ef: -0.896702 Binding: -0.13 -0.17 0.44 -0.04 -0.10 0.26 -0.03 0.64 -0.32 -0.54 -0.32  Rvol: 0.53 0.96 1.33 -0.33 -0.30 -0.05 0.23 0.14 0.73 1.23 1.57 -0.28 -0.13 0.14 0.43 
Loss: 1.930940  SIA Ef: -0.883329 Binding: -0.07 -0.16 0.13 -0.08 -0.03 0.26 -0.10 0.66 -0.27 -0.55 -0.31  Rvol: 0.53 0.98 1.33 -0.33 -0.31 -0.05 0.24 0.14 0.72 1.23 1.57 -0.28 -0.13 0.15 0.44 
Loss: 3.240661  SIA Ef: -0.621673 Binding: -0.09 0.01 1.18 0.15 -0.32 0.19 -0.17 0.64 -0.53 -0.64 -0.12  Rvol: 0.56 0.99 1.40 -0.33 -0.30 -0.06 0.25 0.14 0.76 1.27 1.64 -0.28 -0.13 0.15 0.44 
Loss: 1.961327  SIA Ef: -0.928653 Binding: -0.02 -0.10 0.08 -0.08 0.03 0.31 0.01 0.78 -0.20 -0.45 -0.18  Rvol: 0.53 0.97 1.32 -0.33 -0.31 -0.05 0.24 0.14 0.72 1.23 1.56 -0.28 -0.13 0.14 0.44 
Loss: 4.640508  SIA Ef: -1.854807 Binding: -0.03 -0.12 -0.19 -0.10 0.10 0.37 0.05 0.89 -0.05 -0.40 -0.03  Rvol: 0.48 0.90 1.20 -0.33 -0.32 -0.07 0.19 0.14 0.68 1.15 1.44 -0.28 -0.14 0.11 0.39 
Loss: 1.869729  SIA Ef: -0.513915 Binding: -0.06 -0.06 0.58 0.00 -0.06 0.21 -0.10 0.63 -0.40 -0.59 -0.37  Rvol: 0.55 1.00 1.39 -0.33 -0.30 -0.04 0.25 0.14 0.75 1.26 1.64 -0.28 -0.13 0.16 0.46 
Loss: 1.871261  SIA Ef: -0.517419 Binding: -0.06 -0.06 0.58 0.00 -0.06 0.21 -0.10 0.63 -0.40 -0.59 -0.36  Rvol: 0.55 1.00 1.39 -0.33 -0.30 -0.04 0.25 0.14 0.75 1.26 1.64 -0.28 -0.13 0.16 0.46 
Loss: 2.726347  SIA Ef: -0.806240 Binding: -0.09 -0.02 0.86 0.08 -0.05 0.22 -0.10 0.68 -0.46 -0.60 -0.33  Rvol: 0.54 0.97 1.36 -0.33 -0.30 -0.06 0.23 0.14 0.74 1.25 1.60 -0.28 -0.13 0.15 0.44 
Loss: 2.138348  SIA Ef: -0.149469 Binding: -0.09 -0.08 0.83 0.03 -0.15 0.20 -0.09 0.68 -0.47 -0.59 -0.33  Rvol: 0.57 1.03 1.45 -0.33 -0.30 -0.04 0.27 0.14 0.76 1.30 1.70 -0.28 -0.13 0.17 0.48 
Loss: 1.533790  SIA Ef: -0.621218 Binding: -0.01 -0.07 0.12 -0.06 0.03 0.22 -0.14 0.55 -0.30 -0.60 -0.42  Rvol: 0.54 0.99 1.36 -0.33 -0.31 -0.04 0.26 0.14 0.73 1.25 1.61 -0.28 -0.13 0.15 0.46 
Loss: 2.757573  SIA Ef: -1.284782 Binding: 0.05 -0.02 -0.36 -0.07 0.20 0.25 -0.18 0.45 -0.13 -0.61 -0.42  Rvol: 0.51 0.94 1.26 -0.33 -0.31 -0.05 0.23 0.14 0.70 1.19 1.50 -0.28 -0.14 0.13 0.42 
Loss: 1.460490  SIA Ef: -0.560310 Binding: 0.01 -0.05 0.07 -0.07 0.04 0.22 -0.14 0.58 -0.29 -0.59 -0.40  Rvol: 0.55 0.99 1.37 -0.33 -0.31 -0.04 0.27 0.14 0.73 1.26 1.62 -0.28 -0.13 0.15 0.47 
Loss: 1.477344  SIA Ef: 0.191764 Binding: -0.01 -0.10 0.30 -0.08 -0.12 0.19 -0.13 0.61 -0.37 -0.58 -0.39  Rvol: 0.59 1.07 1.49 -0.33 -0.30 -0.02 0.31 0.14 0.76 1.33 1.74 -0.28 -0.13 0.18 0.52 
Loss: 1.638908  SIA Ef: -0.597020 Binding: -0.02 -0.10 0.23 -0.08 -0.06 0.20 -0.15 0.57 -0.35 -0.60 -0.42  Rvol: 0.55 1.01 1.38 -0.33 -0.32 -0.05 0.25 0.14 0.73 1.26 1.63 -0.28 -0.14 0.14 0.45 
Loss: 1.726461  SIA Ef: -0.667534 Binding: 0.11 0.02 -0.49 -0.05 0.27 0.26 -0.17 0.53 -0.06 -0.57 -0.35  Rvol: 0.53 0.99 1.33 -0.33 -0.31 -0.02 0.29 0.14 0.72 1.24 1.57 -0.28 -0.12 0.16 0.49 
Loss: 1.597714  SIA Ef: -0.638071 Binding: -0.00 -0.09 0.11 -0.09 -0.03 0.21 -0.16 0.56 -0.32 -0.60 -0.42  Rvol: 0.55 0.99 1.37 -0.33 -0.32 -0.05 0.25 0.14 0.73 1.25 1.62 -0.28 -0.14 0.14 0.45 
Loss: 1.451159  SIA Ef: -0.538623 Binding: 0.01 -0.04 0.12 -0.05 0.04 0.22 -0.14 0.58 -0.30 -0.59 -0.39  Rvol: 0.55 1.00 1.38 -0.33 -0.31 -0.04 0.26 0.14 0.73 1.26 1.62 -0.28 -0.13 0.15 0.47 
Loss: 1.481911  SIA Ef: -0.424895 Binding: -0.00 -0.04 0.27 -0.04 0.01 0.21 -0.15 0.58 -0.35 -0.61 -0.42  Rvol: 0.55 1.02 1.40 -0.33 -0.31 -0.03 0.27 0.14 0.74 1.27 1.64 -0.28 -0.13 0.16 0.47 
Loss: 1.435717  SIA Ef: -0.543811 Binding: 0.02 -0.03 0.11 -0.05 0.06 0.23 -0.12 0.60 -0.29 -0.57 -0.38  Rvol: 0.55 1.00 1.38 -0.33 -0.31 -0.04 0.26 0.14 0.73 1.26 1.62 -0.28 -0.13 0.15 0.47 
Loss: 1.407166  SIA Ef: -0.551614 Binding: 0.01 -0.03 0.09 -0.05 0.06 0.24 -0.11 0.61 -0.27 -0.55 -0.35  Rvol: 0.55 0.99 1.37 -0.33 -0.31 -0.04 0.26 0.14 0.73 1.26 1.62 -0.28 -0.13 0.15 0.47 
Loss: 1.408343  SIA Ef: -0.537176 Binding: 0.02 -0.02 0.11 -0.05 0.06 0.23 -0.12 0.60 -0.28 -0.56 -0.37  Rvol: 0.55 1.00 1.38 -0.33 -0.31 -0.04 0.26 0.14 0.73 1.26 1.62 -0.28 -0.13 0.15 0.47 
Loss: 1.541951  SIA Ef: -0.702988 Binding: 0.02 -0.04 -0.11 -0.08 0.10 0.26 -0.08 0.65 -0.19 -0.52 -0.30  Rvol: 0.54 0.98 1.35 -0.33 -0.31 -0.04 0.27 0.14 0.72 1.24 1.59 -0.28 -0.13 0.15 0.46 
Loss: 1.457907  SIA Ef: -0.507046 Binding: -0.00 -0.05 0.23 -0.04 0.02 0.23 -0.10 0.63 -0.31 -0.55 -0.35  Rvol: 0.55 1.01 1.39 -0.33 -0.31 -0.04 0.26 0.14 0.74 1.26 1.63 -0.28 -0.13 0.15 0.46 
Loss: 1.309985  SIA Ef: -0.475577 Binding: 0.04 0.02 0.01 -0.02 0.15 0.25 -0.10 0.61 -0.24 -0.54 -0.35  Rvol: 0.55 0.99 1.37 -0.33 -0.30 -0.03 0.28 0.14 0.73 1.26 1.62 -0.28 -0.13 0.16 0.48 
Loss: 1.312964  SIA Ef: -0.474417 Binding: 0.05 0.04 -0.03 -0.02 0.17 0.24 -0.12 0.57 -0.24 -0.56 -0.38  Rvol: 0.55 0.99 1.38 -0.33 -0.31 -0.03 0.28 0.14 0.73 1.26 1.62 -0.28 -0.13 0.16 0.48 
Loss: 1.498871  SIA Ef: -0.664905 Binding: 0.04 0.04 -0.04 -0.02 0.19 0.25 -0.11 0.59 -0.22 -0.55 -0.35  Rvol: 0.54 0.98 1.35 -0.33 -0.31 -0.03 0.27 0.14 0.72 1.24 1.59 -0.28 -0.13 0.16 0.47 
Loss: 1.158267  SIA Ef: -0.165256 Binding: 0.03 0.01 0.10 -0.02 0.10 0.24 -0.10 0.60 -0.27 -0.55 -0.35  Rvol: 0.56 1.02 1.42 -0.33 -0.30 -0.02 0.29 0.14 0.74 1.28 1.66 -0.28 -0.12 0.17 0.50 
Loss: 1.279669  SIA Ef: 0.057573 Binding: 0.03 0.01 0.25 -0.01 0.07 0.22 -0.11 0.60 -0.32 -0.56 -0.37  Rvol: 0.57 1.05 1.45 -0.33 -0.30 -0.01 0.31 0.14 0.75 1.30 1.70 -0.28 -0.12 0.18 0.51 
Loss: 1.167232  SIA Ef: -0.153782 Binding: 0.03 0.02 0.13 -0.00 0.11 0.24 -0.10 0.60 -0.28 -0.54 -0.35  Rvol: 0.56 1.02 1.42 -0.33 -0.30 -0.02 0.29 0.14 0.74 1.28 1.66 -0.28 -0.12 0.17 0.50 
Loss: 1.116431  SIA Ef: -0.044627 Binding: 0.04 0.01 -0.07 -0.04 0.13 0.25 -0.08 0.63 -0.21 -0.52 -0.32  Rvol: 0.57 1.03 1.43 -0.33 -0.30 -0.01 0.31 0.14 0.75 1.29 1.67 -0.28 -0.12 0.18 0.52 
Loss: 1.115493  SIA Ef: -0.036532 Binding: 0.04 0.02 -0.04 -0.04 0.12 0.26 -0.06 0.65 -0.22 -0.50 -0.30  Rvol: 0.57 1.03 1.43 -0.33 -0.30 -0.01 0.32 0.14 0.75 1.29 1.67 -0.28 -0.12 0.18 0.52 
Loss: 1.338900  SIA Ef: 0.197979 Binding: 0.02 -0.00 0.26 -0.02 0.03 0.23 -0.07 0.67 -0.32 -0.52 -0.31  Rvol: 0.58 1.06 1.47 -0.33 -0.30 -0.01 0.32 0.14 0.76 1.32 1.72 -0.28 -0.12 0.18 0.52 
Loss: 1.104923  SIA Ef: -0.055941 Binding: 0.04 0.01 -0.04 -0.04 0.11 0.26 -0.05 0.67 -0.21 -0.49 -0.28  Rvol: 0.57 1.03 1.43 -0.33 -0.30 -0.01 0.31 0.14 0.74 1.29 1.67 -0.28 -0.12 0.18 0.51 
Loss: 1.108039  SIA Ef: -0.071091 Binding: 0.03 -0.02 -0.05 -0.06 0.07 0.26 -0.04 0.68 -0.21 -0.48 -0.27  Rvol: 0.57 1.03 1.43 -0.33 -0.30 -0.01 0.31 0.14 0.74 1.29 1.68 -0.28 -0.12 0.17 0.51 
Loss: 1.113275  SIA Ef: -0.037215 Binding: 0.03 -0.01 0.01 -0.06 0.06 0.25 -0.06 0.66 -0.24 -0.50 -0.29  Rvol: 0.57 1.03 1.44 -0.33 -0.30 -0.01 0.30 0.14 0.75 1.30 1.68 -0.28 -0.12 0.18 0.51 
Loss: 1.139139  SIA Ef: -0.182206 Binding: 0.07 0.01 -0.28 -0.05 0.19 0.29 -0.05 0.64 -0.11 -0.47 -0.27  Rvol: 0.56 1.02 1.40 -0.33 -0.30 -0.01 0.32 0.14 0.74 1.28 1.64 -0.28 -0.12 0.18 0.51 
Loss: 1.126831  SIA Ef: -0.172319 Binding: 0.04 0.00 -0.11 -0.05 0.13 0.27 -0.04 0.69 -0.18 -0.48 -0.26  Rvol: 0.56 1.02 1.41 -0.33 -0.30 -0.01 0.31 0.14 0.74 1.28 1.66 -0.28 -0.12 0.17 0.51 
Loss: 1.106577  SIA Ef: -0.130543 Binding: 0.04 0.01 -0.08 -0.05 0.13 0.27 -0.05 0.66 -0.20 -0.49 -0.28  Rvol: 0.56 1.02 1.42 -0.33 -0.30 -0.01 0.31 0.14 0.74 1.29 1.66 -0.28 -0.12 0.17 0.51 
Loss: 1.115063  SIA Ef: -0.069529 Binding: 0.05 0.02 -0.11 -0.05 0.14 0.27 -0.06 0.67 -0.19 -0.48 -0.28  Rvol: 0.57 1.03 1.42 -0.33 -0.30 -0.01 0.31 0.14 0.74 1.29 1.67 -0.28 -0.12 0.18 0.52 
Loss: 1.105687  SIA Ef: -0.058414 Binding: 0.04 0.00 -0.05 -0.05 0.11 0.26 -0.05 0.67 -0.21 -0.49 -0.29  Rvol: 0.57 1.03 1.43 -0.33 -0.30 -0.01 0.31 0.14 0.74 1.29 1.67 -0.28 -0.12 0.18 0.51 
Loss: 1.149327  SIA Ef: 0.093028 Binding: 0.03 0.00 0.04 -0.04 0.07 0.26 -0.05 0.69 -0.24 -0.48 -0.27  Rvol: 0.58 1.04 1.45 -0.33 -0.30 -0.01 0.31 0.14 0.75 1.31 1.70 -0.28 -0.12 0.18 0.52 
Loss: 1.112603  SIA Ef: -0.096612 Binding: 0.03 0.01 0.05 -0.03 0.09 0.26 -0.06 0.65 -0.24 -0.50 -0.30  Rvol: 0.56 1.02 1.42 -0.33 -0.30 -0.01 0.30 0.14 0.75 1.29 1.67 -0.28 -0.12 0.18 0.50 
Loss: 1.096331  SIA Ef: -0.080164 Binding: 0.04 0.01 -0.09 -0.05 0.13 0.27 -0.05 0.66 -0.19 -0.48 -0.28  Rvol: 0.57 1.02 1.42 -0.33 -0.30 -0.01 0.31 0.14 0.74 1.29 1.66 -0.28 -0.12 0.18 0.51 
Loss: 1.092679  SIA Ef: -0.031202 Binding: 0.04 0.01 -0.09 -0.04 0.13 0.27 -0.05 0.66 -0.19 -0.48 -0.28  Rvol: 0.57 1.03 1.43 -0.33 -0.30 -0.01 0.31 0.14 0.74 1.29 1.67 -0.28 -0.12 0.18 0.52 
Loss: 1.095679  SIA Ef: -0.069052 Binding: 0.05 0.01 -0.14 -0.05 0.14 0.28 -0.04 0.67 -0.17 -0.47 -0.26  Rvol: 0.56 1.02 1.42 -0.33 -0.30 -0.01 0.32 0.14 0.74 1.29 1.67 -0.28 -0.12 0.18 0.52 
Loss: 1.093831  SIA Ef: -0.028259 Binding: 0.04 0.02 -0.09 -0.04 0.13 0.27 -0.05 0.66 -0.19 -0.48 -0.28  Rvol: 0.57 1.03 1.43 -0.33 -0.30 -0.01 0.32 0.14 0.75 1.29 1.67 -0.28 -0.12 0.18 0.52 
Loss: 1.098468  SIA Ef: -0.017025 Binding: 0.05 0.02 -0.08 -0.04 0.13 0.27 -0.04 0.67 -0.19 -0.48 -0.28  Rvol: 0.57 1.03 1.43 -0.33 -0.30 -0.01 0.32 0.14 0.75 1.29 1.68 -0.28 -0.12 0.18 0.52 
Loss: 1.092990  SIA Ef: -0.027368 Binding: 0.04 0.01 -0.08 -0.04 0.13 0.26 -0.05 0.66 -0.19 -0.48 -0.29  Rvol: 0.57 1.03 1.43 -0.33 -0.30 -0.01 0.31 0.14 0.75 1.29 1.67 -0.28 -0.12 0.18 0.52 
Loss: 1.100264  SIA Ef: -0.026290 Binding: 0.05 0.01 -0.14 -0.04 0.15 0.27 -0.05 0.65 -0.18 -0.48 -0.29  Rvol: 0.57 1.03 1.43 -0.33 -0.30 -0.00 0.32 0.14 0.74 1.29 1.67 -0.28 -0.12 0.18 0.52 
Loss: 1.098877  SIA Ef: -0.019861 Binding: 0.04 0.01 -0.10 -0.05 0.12 0.27 -0.05 0.67 -0.19 -0.48 -0.28  Rvol: 0.57 1.03 1.43 -0.33 -0.30 -0.01 0.32 0.14 0.75 1.29 1.68 -0.28 -0.12 0.18 0.52 
Loss: 1.090557  SIA Ef: -0.040116 Binding: 0.04 0.01 -0.04 -0.04 0.11 0.26 -0.05 0.66 -0.21 -0.49 -0.29  Rvol: 0.57 1.03 1.43 -0.33 -0.30 -0.01 0.31 0.14 0.74 1.29 1.68 -0.28 -0.12 0.18 0.51 
Loss: 1.084282  SIA Ef: -0.077335 Binding: 0.04 0.01 -0.07 -0.04 0.12 0.26 -0.05 0.65 -0.20 -0.49 -0.29  Rvol: 0.57 1.02 1.42 -0.33 -0.30 -0.01 0.31 0.14 0.74 1.29 1.67 -0.28 -0.12 0.18 0.51 
Loss: 1.083800  SIA Ef: -0.080431 Binding: 0.04 0.00 -0.07 -0.05 0.12 0.26 -0.05 0.65 -0.20 -0.49 -0.29  Rvol: 0.57 1.02 1.42 -0.33 -0.30 -0.01 0.31 0.14 0.74 1.29 1.66 -0.28 -0.12 0.18 0.51 
Loss: 1.085603  SIA Ef: -0.074474 Binding: 0.04 0.00 -0.06 -0.05 0.11 0.26 -0.05 0.65 -0.20 -0.49 -0.29  Rvol: 0.57 1.02 1.42 -0.33 -0.30 -0.01 0.31 0.14 0.74 1.29 1.67 -0.28 -0.12 0.18 0.51 
Loss: 1.083153  SIA Ef: -0.101680 Binding: 0.04 0.01 -0.09 -0.04 0.13 0.26 -0.05 0.65 -0.19 -0.49 -0.29  Rvol: 0.56 1.02 1.42 -0.33 -0.30 -0.01 0.31 0.14 0.74 1.29 1.66 -0.28 -0.12 0.18 0.51 
Loss: 1.081615  SIA Ef: -0.088458 Binding: 0.04 0.01 -0.08 -0.04 0.13 0.26 -0.05 0.65 -0.19 -0.49 -0.29  Rvol: 0.57 1.02 1.42 -0.33 -0.30 -0.01 0.31 0.14 0.74 1.29 1.66 -0.28 -0.12 0.18 0.51 
Loss: 1.086773  SIA Ef: -0.114313 Binding: 0.04 0.01 -0.09 -0.04 0.14 0.27 -0.05 0.65 -0.19 -0.49 -0.29  Rvol: 0.56 1.02 1.42 -0.33 -0.30 -0.01 0.31 0.14 0.74 1.28 1.66 -0.28 -0.12 0.18 0.51 
Loss: 1.080786  SIA Ef: -0.098984 Binding: 0.04 0.01 -0.10 -0.04 0.13 0.27 -0.05 0.65 -0.19 -0.48 -0.29  Rvol: 0.56 1.02 1.42 -0.33 -0.30 -0.01 0.31 0.14 0.74 1.29 1.66 -0.28 -0.12 0.18 0.51 
Loss: 1.083530  SIA Ef: -0.106649 Binding: 0.04 0.01 -0.12 -0.05 0.13 0.27 -0.05 0.65 -0.18 -0.48 -0.29  Rvol: 0.56 1.02 1.42 -0.33 -0.30 -0.01 0.31 0.14 0.74 1.28 1.66 -0.28 -0.12 0.18 0.51 
Loss: 1.080340  SIA Ef: -0.097045 Binding: 0.04 0.01 -0.09 -0.04 0.13 0.27 -0.05 0.65 -0.19 -0.48 -0.29  Rvol: 0.56 1.02 1.42 -0.33 -0.30 -0.01 0.31 0.14 0.74 1.29 1.66 -0.28 -0.12 0.18 0.51 
Loss: 1.077858  SIA Ef: -0.070584 Binding: 0.04 0.01 -0.07 -0.04 0.13 0.26 -0.05 0.64 -0.20 -0.49 -0.29  Rvol: 0.57 1.02 1.42 -0.33 -0.30 -0.01 0.31 0.14 0.74 1.29 1.66 -0.28 -0.12 0.18 0.51 
Loss: 1.077874  SIA Ef: -0.064286 Binding: 0.04 0.01 -0.09 -0.04 0.13 0.27 -0.05 0.65 -0.19 -0.48 -0.29  Rvol: 0.57 1.02 1.42 -0.33 -0.30 -0.01 0.31 0.14 0.74 1.29 1.66 -0.28 -0.12 0.18 0.51 
Loss: 1.079753  SIA Ef: -0.045469 Binding: 0.04 0.01 -0.08 -0.04 0.13 0.26 -0.05 0.64 -0.19 -0.49 -0.29  Rvol: 0.57 1.02 1.42 -0.33 -0.30 -0.01 0.31 0.14 0.74 1.29 1.67 -0.28 -0.12 0.18 0.51 
Loss: 1.081931  SIA Ef: -0.062121 Binding: 0.04 0.01 -0.06 -0.04 0.12 0.26 -0.05 0.65 -0.20 -0.48 -0.29  Rvol: 0.57 1.02 1.42 -0.33 -0.30 -0.01 0.31 0.14 0.74 1.29 1.67 -0.28 -0.12 0.18 0.51 
Loss: 1.077661  SIA Ef: -0.071686 Binding: 0.04 0.01 -0.08 -0.04 0.13 0.26 -0.05 0.64 -0.20 -0.49 -0.29  Rvol: 0.57 1.02 1.42 -0.33 -0.30 -0.01 0.31 0.14 0.74 1.29 1.66 -0.28 -0.12 0.18 0.51 
Loss: 1.076375  SIA Ef: -0.079519 Binding: 0.04 0.01 -0.08 -0.04 0.13 0.26 -0.05 0.64 -0.19 -0.49 -0.30  Rvol: 0.57 1.02 1.42 -0.33 -0.30 -0.01 0.31 0.14 0.74 1.29 1.66 -0.28 -0.12 0.18 0.51 
Loss: 1.078707  SIA Ef: -0.082051 Binding: 0.04 0.01 -0.09 -0.04 0.13 0.26 -0.05 0.64 -0.19 -0.49 -0.30  Rvol: 0.57 1.02 1.42 -0.33 -0.30 -0.01 0.31 0.14 0.74 1.29 1.67 -0.28 -0.12 0.18 0.51 
Loss: 1.076305  SIA Ef: -0.086079 Binding: 0.04 0.01 -0.09 -0.04 0.13 0.26 -0.05 0.64 -0.19 -0.49 -0.30  Rvol: 0.57 1.02 1.42 -0.33 -0.30 -0.01 0.31 0.14 0.74 1.29 1.66 -0.28 -0.12 0.18 0.51 
Loss: 1.077236  SIA Ef: -0.094770 Binding: 0.04 0.01 -0.09 -0.04 0.13 0.26 -0.05 0.64 -0.19 -0.49 -0.30  Rvol: 0.56 1.02 1.42 -0.33 -0.30 -0.01 0.31 0.14 0.74 1.29 1.66 -0.28 -0.12 0.18 0.51 
Loss: 1.076393  SIA Ef: -0.082733 Binding: 0.04 0.01 -0.08 -0.04 0.13 0.26 -0.05 0.64 -0.19 -0.49 -0.30  Rvol: 0.57 1.02 1.42 -0.33 -0.30 -0.01 0.31 0.14 0.74 1.29 1.66 -0.28 -0.12 0.18 0.51 
Loss: 1.077402  SIA Ef: -0.076219 Binding: 0.04 0.01 -0.08 -0.04 0.13 0.26 -0.05 0.64 -0.20 -0.49 -0.30  Rvol: 0.57 1.02 1.42 -0.33 -0.30 -0.01 0.31 0.14 0.74 1.29 1.66 -0.28 -0.12 0.18 0.51 
Loss: 1.076616  SIA Ef: -0.094427 Binding: 0.04 0.01 -0.09 -0.04 0.13 0.27 -0.05 0.64 -0.19 -0.49 -0.30  Rvol: 0.56 1.02 1.42 -0.33 -0.30 -0.01 0.31 0.14 0.74 1.29 1.66 -0.28 -0.12 0.18 0.51 
Loss: 1.081431  SIA Ef: -0.090995 Binding: 0.04 0.01 -0.10 -0.04 0.14 0.27 -0.05 0.64 -0.19 -0.48 -0.29  Rvol: 0.56 1.02 1.42 -0.33 -0.30 -0.01 0.31 0.14 0.74 1.29 1.66 -0.28 -0.12 0.18 0.51 
Loss: 1.076413  SIA Ef: -0.087646 Binding: 0.04 0.01 -0.08 -0.04 0.13 0.26 -0.05 0.64 -0.19 -0.49 -0.30  Rvol: 0.57 1.02 1.42 -0.33 -0.30 -0.01 0.31 0.14 0.74 1.29 1.66 -0.28 -0.12 0.18 0.51 
Loss: 1.075782  SIA Ef: -0.081894 Binding: 0.04 0.01 -0.07 -0.04 0.13 0.26 -0.05 0.64 -0.20 -0.49 -0.30  Rvol: 0.57 1.02 1.42 -0.33 -0.30 -0.01 0.31 0.14 0.74 1.29 1.66 -0.28 -0.12 0.18 0.51 
Loss: 1.075973  SIA Ef: -0.083019 Binding: 0.04 0.01 -0.07 -0.04 0.13 0.26 -0.05 0.64 -0.19 -0.49 -0.29  Rvol: 0.57 1.02 1.42 -0.33 -0.30 -0.01 0.31 0.14 0.74 1.29 1.66 -0.28 -0.12 0.18 0.51 
Loss: 1.075608  SIA Ef: -0.082373 Binding: 0.04 0.01 -0.07 -0.04 0.13 0.26 -0.05 0.64 -0.20 -0.49 -0.30  Rvol: 0.57 1.02 1.42 -0.33 -0.30 -0.01 0.31 0.14 0.74 1.29 1.66 -0.28 -0.12 0.18 0.51 
Loss: 1.074167  SIA Ef: -0.083504 Binding: 0.04 0.01 -0.08 -0.04 0.13 0.26 -0.05 0.64 -0.19 -0.49 -0.30  Rvol: 0.57 1.02 1.42 -0.33 -0.30 -0.01 0.31 0.14 0.74 1.29 1.66 -0.28 -0.12 0.18 0.51 
Loss: 1.076754  SIA Ef: -0.084505 Binding: 0.04 0.01 -0.08 -0.04 0.13 0.26 -0.05 0.64 -0.19 -0.49 -0.30  Rvol: 0.57 1.02 1.42 -0.33 -0.30 -0.01 0.31 0.14 0.74 1.29 1.67 -0.28 -0.12 0.18 0.51 
Loss: 1.074152  SIA Ef: -0.084242 Binding: 0.04 0.01 -0.08 -0.04 0.13 0.26 -0.05 0.64 -0.19 -0.49 -0.30  Rvol: 0.57 1.02 1.42 -0.33 -0.30 -0.01 0.31 0.14 0.74 1.29 1.66 -0.28 -0.12 0.18 0.51 
Loss: 1.076714  SIA Ef: -0.085237 Binding: 0.04 0.01 -0.08 -0.04 0.13 0.27 -0.05 0.64 -0.19 -0.48 -0.30  Rvol: 0.57 1.02 1.42 -0.33 -0.30 -0.01 0.31 0.14 0.74 1.29 1.67 -0.28 -0.12 0.18 0.51 
Loss: 1.074176  SIA Ef: -0.080980 Binding: 0.04 0.01 -0.08 -0.04 0.13 0.26 -0.05 0.64 -0.19 -0.49 -0.30  Rvol: 0.57 1.02 1.42 -0.33 -0.30 -0.01 0.31 0.14 0.74 1.29 1.66 -0.28 -0.12 0.18 0.51 
Loss: 1.074548  SIA Ef: -0.083314 Binding: 0.04 0.01 -0.08 -0.04 0.13 0.26 -0.05 0.64 -0.19 -0.49 -0.30  Rvol: 0.57 1.02 1.42 -0.33 -0.30 -0.01 0.31 0.14 0.74 1.29 1.66 -0.28 -0.12 0.18 0.51 
Loss: 1.074221  SIA Ef: -0.079662 Binding: 0.04 0.01 -0.08 -0.04 0.13 0.26 -0.05 0.64 -0.19 -0.49 -0.30  Rvol: 0.57 1.02 1.42 -0.33 -0.30 -0.01 0.31 0.14 0.74 1.29 1.66 -0.28 -0.12 0.18 0.51 
Loss: 1.074613  SIA Ef: -0.083385 Binding: 0.04 0.01 -0.07 -0.04 0.13 0.26 -0.05 0.64 -0.20 -0.49 -0.30  Rvol: 0.57 1.02 1.42 -0.33 -0.30 -0.01 0.31 0.14 0.74 1.29 1.66 -0.28 -0.12 0.18 0.51 
Loss: 1.074150  SIA Ef: -0.083461 Binding: 0.04 0.01 -0.08 -0.04 0.13 0.27 -0.05 0.64 -0.19 -0.48 -0.29  Rvol: 0.57 1.02 1.42 -0.33 -0.30 -0.01 0.31 0.14 0.74 1.29 1.66 -0.28 -0.12 0.18 0.51 
Loss: 1.074833  SIA Ef: -0.082958 Binding: 0.04 0.01 -0.08 -0.04 0.13 0.27 -0.05 0.64 -0.19 -0.48 -0.29  Rvol: 0.57 1.02 1.42 -0.33 -0.30 -0.01 0.31 0.14 0.74 1.29 1.66 -0.28 -0.12 0.18 0.51 
Loss: 1.074145  SIA Ef: -0.085105 Binding: 0.04 0.01 -0.08 -0.04 0.13 0.27 -0.05 0.64 -0.19 -0.48 -0.29  Rvol: 0.57 1.02 1.42 -0.33 -0.30 -0.01 0.31 0.14 0.74 1.29 1.66 -0.28 -0.12 0.18 0.51 
Loss: 1.074535  SIA Ef: -0.083904 Binding: 0.04 0.01 -0.07 -0.04 0.13 0.26 -0.05 0.64 -0.19 -0.48 -0.30  Rvol: 0.57 1.02 1.42 -0.33 -0.30 -0.01 0.31 0.14 0.74 1.29 1.66 -0.28 -0.12 0.18 0.51 
Loss: 1.074139  SIA Ef: -0.088425 Binding: 0.04 0.01 -0.08 -0.04 0.13 0.27 -0.05 0.64 -0.19 -0.48 -0.29  Rvol: 0.57 1.02 1.42 -0.33 -0.30 -0.01 0.31 0.14 0.74 1.29 1.66 -0.28 -0.12 0.18 0.51 
Loss: 1.075005  SIA Ef: -0.089533 Binding: 0.04 0.01 -0.09 -0.04 0.13 0.27 -0.05 0.64 -0.19 -0.48 -0.29  Rvol: 0.56 1.02 1.42 -0.33 -0.30 -0.01 0.31 0.14 0.74 1.29 1.66 -0.28 -0.12 0.18 0.51 
Loss: 1.074299  SIA Ef: -0.091845 Binding: 0.04 0.01 -0.08 -0.04 0.13 0.27 -0.05 0.64 -0.19 -0.48 -0.29  Rvol: 0.56 1.02 1.42 -0.33 -0.30 -0.01 0.31 0.14 0.74 1.29 1.66 -0.28 -0.12 0.18 0.51 
Loss: 1.074415  SIA Ef: -0.081877 Binding: 0.04 0.01 -0.08 -0.04 0.13 0.26 -0.05 0.64 -0.19 -0.48 -0.30  Rvol: 0.57 1.02 1.42 -0.33 -0.30 -0.01 0.31 0.14 0.74 1.29 1.66 -0.28 -0.12 0.18 0.51 
Loss: 1.073446  SIA Ef: -0.089184 Binding: 0.04 0.01 -0.09 -0.04 0.13 0.27 -0.05 0.64 -0.19 -0.48 -0.29  Rvol: 0.56 1.02 1.42 -0.33 -0.30 -0.01 0.31 0.14 0.74 1.29 1.66 -0.28 -0.12 0.18 0.51 
Loss: 1.076802  SIA Ef: -0.089926 Binding: 0.04 0.01 -0.09 -0.04 0.13 0.27 -0.05 0.64 -0.19 -0.48 -0.29  Rvol: 0.56 1.02 1.42 -0.33 -0.30 -0.01 0.31 0.14 0.74 1.29 1.66 -0.28 -0.12 0.18 0.51 
Loss: 1.073439  SIA Ef: -0.088934 Binding: 0.04 0.01 -0.08 -0.04 0.13 0.27 -0.05 0.64 -0.19 -0.48 -0.29  Rvol: 0.56 1.02 1.42 -0.33 -0.30 -0.01 0.31 0.14 0.74 1.29 1.66 -0.28 -0.12 0.18 0.51 
Loss: 1.076738  SIA Ef: -0.089700 Binding: 0.04 0.01 -0.09 -0.04 0.13 0.27 -0.05 0.64 -0.19 -0.48 -0.29  Rvol: 0.56 1.02 1.42 -0.33 -0.30 -0.01 0.31 0.14 0.74 1.29 1.66 -0.28 -0.12 0.18 0.51 
Loss: 1.073444  SIA Ef: -0.089260 Binding: 0.04 0.01 -0.09 -0.04 0.13 0.27 -0.05 0.64 -0.19 -0.48 -0.29  Rvol: 0.56 1.02 1.42 -0.33 -0.30 -0.01 0.31 0.14 0.74 1.29 1.66 -0.28 -0.12 0.18 0.51 
Loss: 1.073748  SIA Ef: -0.089330 Binding: 0.04 0.01 -0.08 -0.04 0.13 0.27 -0.05 0.64 -0.19 -0.48 -0.29  Rvol: 0.56 1.02 1.42 -0.33 -0.30 -0.01 0.31 0.14 0.74 1.29 1.66 -0.28 -0.12 0.18 0.51 
Loss: 1.073459  SIA Ef: -0.089995 Binding: 0.04 0.01 -0.09 -0.04 0.13 0.27 -0.05 0.64 -0.19 -0.48 -0.29  Rvol: 0.56 1.02 1.42 -0.33 -0.30 -0.01 0.31 0.14 0.74 1.29 1.66 -0.28 -0.12 0.18 0.51 
Loss: 1.073575  SIA Ef: -0.085540 Binding: 0.04 0.01 -0.08 -0.04 0.13 0.27 -0.05 0.64 -0.19 -0.48 -0.29  Rvol: 0.57 1.02 1.42 -0.33 -0.30 -0.01 0.31 0.14 0.74 1.29 1.66 -0.28 -0.12 0.18 0.51 
Loss: 1.073441  SIA Ef: -0.089981 Binding: 0.04 0.01 -0.09 -0.04 0.13 0.27 -0.05 0.64 -0.19 -0.48 -0.29  Rvol: 0.56 1.02 1.42 -0.33 -0.30 -0.01 0.31 0.14 0.74 1.29 1.66 -0.28 -0.12 0.18 0.51 
Loss: 1.073747  SIA Ef: -0.093020 Binding: 0.04 0.01 -0.09 -0.04 0.13 0.27 -0.05 0.64 -0.19 -0.48 -0.29  Rvol: 0.56 1.02 1.42 -0.33 -0.30 -0.01 0.31 0.14 0.74 1.29 1.66 -0.28 -0.12 0.18 0.51 
Loss: 1.073442  SIA Ef: -0.088899 Binding: 0.04 0.01 -0.09 -0.04 0.13 0.27 -0.05 0.64 -0.19 -0.48 -0.29  Rvol: 0.56 1.02 1.42 -0.33 -0.30 -0.01 0.31 0.14 0.74 1.29 1.66 -0.28 -0.12 0.18 0.51 
Loss: 1.073692  SIA Ef: -0.088757 Binding: 0.04 0.01 -0.08 -0.04 0.13 0.27 -0.05 0.64 -0.19 -0.48 -0.29  Rvol: 0.56 1.02 1.42 -0.33 -0.30 -0.01 0.31 0.14 0.74 1.29 1.66 -0.28 -0.12 0.18 0.51 
Loss: 1.073644  SIA Ef: -0.087278 Binding: 0.04 0.01 -0.08 -0.04 0.13 0.27 -0.05 0.64 -0.19 -0.48 -0.29  Rvol: 0.57 1.02 1.42 -0.33 -0.30 -0.01 0.31 0.14 0.74 1.29 1.66 -0.28 -0.12 0.18 0.51 
Loss: 1.073298  SIA Ef: -0.089053 Binding: 0.04 0.01 -0.09 -0.04 0.13 0.27 -0.05 0.64 -0.19 -0.48 -0.29  Rvol: 0.56 1.02 1.42 -0.33 -0.30 -0.01 0.31 0.14 0.74 1.29 1.66 -0.28 -0.12 0.18 0.51 
Loss: 1.073149  SIA Ef: -0.089180 Binding: 0.04 0.01 -0.09 -0.04 0.13 0.27 -0.05 0.64 -0.19 -0.48 -0.29  Rvol: 0.56 1.02 1.42 -0.33 -0.30 -0.01 0.31 0.14 0.74 1.29 1.66 -0.28 -0.12 0.18 0.51 
Loss: 1.076957  SIA Ef: -0.089300 Binding: 0.04 0.01 -0.09 -0.04 0.13 0.27 -0.05 0.64 -0.19 -0.48 -0.29  Rvol: 0.56 1.02 1.42 -0.33 -0.30 -0.01 0.31 0.14 0.74 1.29 1.66 -0.28 -0.12 0.18 0.51 
Loss: 1.073149  SIA Ef: -0.088875 Binding: 0.04 0.01 -0.09 -0.04 0.13 0.27 -0.05 0.64 -0.19 -0.48 -0.29  Rvol: 0.56 1.02 1.42 -0.33 -0.30 -0.01 0.31 0.14 0.74 1.29 1.66 -0.28 -0.12 0.18 0.51 
Loss: 1.073188  SIA Ef: -0.089218 Binding: 0.04 0.01 -0.09 -0.04 0.13 0.27 -0.05 0.64 -0.19 -0.48 -0.29  Rvol: 0.56 1.02 1.42 -0.33 -0.30 -0.01 0.31 0.14 0.74 1.29 1.66 -0.28 -0.12 0.18 0.51 
Loss: 1.073150  SIA Ef: -0.089141 Binding: 0.04 0.01 -0.09 -0.04 0.13 0.27 -0.05 0.64 -0.19 -0.48 -0.29  Rvol: 0.56 1.02 1.42 -0.33 -0.30 -0.01 0.31 0.14 0.74 1.29 1.66 -0.28 -0.12 0.18 0.51 
Loss: 1.073174  SIA Ef: -0.088343 Binding: 0.04 0.01 -0.09 -0.04 0.13 0.27 -0.05 0.64 -0.19 -0.48 -0.29  Rvol: 0.56 1.02 1.42 -0.33 -0.30 -0.01 0.31 0.14 0.74 1.29 1.66 -0.28 -0.12 0.18 0.51 
Loss: 1.073147  SIA Ef: -0.088517 Binding: 0.04 0.01 -0.09 -0.04 0.13 0.27 -0.05 0.64 -0.19 -0.48 -0.29  Rvol: 0.56 1.02 1.42 -0.33 -0.30 -0.01 0.31 0.14 0.74 1.29 1.66 -0.28 -0.12 0.18 0.51 
Loss: 1.073201  SIA Ef: -0.087958 Binding: 0.04 0.01 -0.08 -0.04 0.13 0.27 -0.05 0.64 -0.19 -0.48 -0.29  Rvol: 0.56 1.02 1.42 -0.33 -0.30 -0.01 0.31 0.14 0.74 1.29 1.66 -0.28 -0.12 0.18 0.51 
Loss: 1.073144  SIA Ef: -0.088506 Binding: 0.04 0.01 -0.09 -0.04 0.13 0.27 -0.05 0.64 -0.19 -0.48 -0.29  Rvol: 0.56 1.02 1.42 -0.33 -0.30 -0.01 0.31 0.14 0.74 1.29 1.66 -0.28 -0.12 0.18 0.51 
Loss: 1.073204  SIA Ef: -0.088455 Binding: 0.04 0.01 -0.09 -0.04 0.13 0.27 -0.05 0.64 -0.19 -0.48 -0.29  Rvol: 0.56 1.02 1.42 -0.33 -0.30 -0.01 0.31 0.14 0.74 1.29 1.66 -0.28 -0.12 0.18 0.51 
Loss: 1.073148  SIA Ef: -0.088349 Binding: 0.04 0.01 -0.09 -0.04 0.13 0.27 -0.05 0.64 -0.19 -0.48 -0.29  Rvol: 0.56 1.02 1.42 -0.33 -0.30 -0.01 0.31 0.14 0.74 1.29 1.66 -0.28 -0.12 0.18 0.51 
Loss: 1.073256  SIA Ef: -0.088604 Binding: 0.04 0.01 -0.09 -0.04 0.13 0.27 -0.05 0.64 -0.19 -0.48 -0.29  Rvol: 0.56 1.02 1.42 -0.33 -0.30 -0.01 0.31 0.14 0.74 1.29 1.66 -0.28 -0.12 0.18 0.51 
