Start Optimization 
Loss: 3.363809  SIA Ef: -0.001046 Binding: -0.16 0.01 0.37 -0.31 -0.86 0.18 0.62 0.92 -0.33 -0.57 -0.60  Rvol: 0.58 1.11 1.55 -0.33 -0.31 -0.07 0.22 0.14 0.75 1.36 1.88 -0.28 -0.16 0.10 0.40 
Loss: 3.231807  SIA Ef: 0.059233 Binding: -0.16 0.01 0.37 -0.30 -0.84 0.17 0.60 0.83 -0.35 -0.59 -0.63  Rvol: 0.58 1.11 1.55 -0.33 -0.31 -0.07 0.23 0.14 0.75 1.37 1.88 -0.28 -0.16 0.11 0.40 
Loss: 54.835678  SIA Ef: 4.762191 Binding: 0.68 1.19 4.64 1.99 1.09 0.14 -0.50 0.30 -0.61 -0.74 -0.50  Rvol: 0.78 1.46 2.12 -0.33 -0.05 0.31 0.73 0.14 0.96 1.69 2.38 -0.28 0.10 0.48 0.92 
Loss: 63.665369  SIA Ef: 0.755865 Binding: 1.77 1.61 -5.59 1.68 2.48 0.99 -0.09 0.03 3.73 0.06 -0.10  Rvol: 0.57 1.31 1.81 -0.33 -0.10 0.64 1.12 0.14 0.83 1.49 2.07 -0.28 0.16 0.64 1.24 
Loss: 239.657165  SIA Ef: 11.859201 Binding: 2.86 0.48 8.41 2.64 0.62 1.39 -0.17 0.08 -0.89 -1.29 -1.29  Rvol: 1.31 2.11 3.13 -0.33 -0.23 -0.05 0.38 0.14 1.38 2.46 3.53 -0.28 -0.07 0.14 0.51 
Loss: 9.363752  SIA Ef: 0.059233 Binding: -0.16 0.01 0.37 -0.30 -0.84 -0.31 -0.34 1.03 -1.07 -1.67 -1.69  Rvol: 0.58 1.11 1.55 -0.33 -0.31 -0.07 0.23 0.14 0.77 1.41 1.90 -0.28 -0.09 0.15 0.48 
Loss: 3.499743  SIA Ef: 0.059233 Binding: -0.16 0.01 0.37 -0.30 -0.84 0.03 0.00 0.16 -0.42 -0.82 -1.16  Rvol: 0.58 1.11 1.55 -0.33 -0.31 -0.07 0.23 0.14 0.75 1.32 1.87 -0.28 -0.19 0.05 0.32 
Loss: 4.164028  SIA Ef: 0.059233 Binding: -0.16 0.01 0.37 -0.30 -0.84 0.27 0.83 1.33 -0.27 -0.42 -0.30  Rvol: 0.58 1.11 1.55 -0.33 -0.31 -0.07 0.23 0.14 0.75 1.37 1.87 -0.28 -0.15 0.12 0.41 
Loss: 7.933572  SIA Ef: 0.059233 Binding: 0.57 1.31 0.37 -1.24 -1.70 0.17 0.17 0.41 -0.35 -0.46 0.14  Rvol: 0.58 1.16 1.63 -0.33 -0.31 0.01 0.71 0.14 0.75 1.35 1.89 -0.28 -0.16 0.24 0.79 
Loss: 4.285591  SIA Ef: 0.059233 Binding: -0.80 -1.00 0.37 -0.22 -1.20 0.17 -0.22 -0.06 -0.35 -0.63 -0.53  Rvol: 0.58 0.96 1.36 -0.33 -0.31 -0.10 0.12 0.14 0.75 1.16 1.56 -0.28 -0.16 0.07 0.30 
Loss: 2.104488  SIA Ef: 0.059233 Binding: -0.21 -0.51 0.37 -0.29 -0.65 0.17 -0.01 0.27 -0.35 -0.57 -0.58  Rvol: 0.58 1.08 1.49 -0.33 -0.31 -0.05 0.27 0.14 0.75 1.31 1.74 -0.28 -0.16 0.13 0.44 
Loss: 253.956809  SIA Ef: -14.769193 Binding: -0.32 0.06 -4.37 1.01 -0.66 0.43 -0.05 -0.08 2.68 -1.48 1.06  Rvol: -0.11 -0.20 -0.41 -0.33 -0.37 -0.53 -0.61 0.14 0.29 0.35 -0.43 -0.28 -0.33 -0.56 -0.37 
Loss: 59.334673  SIA Ef: 5.386892 Binding: 0.06 -0.49 4.86 0.83 -0.72 0.12 -0.36 -0.42 -0.75 -0.95 -1.02  Rvol: 0.95 1.66 2.32 -0.33 -0.30 -0.15 0.27 0.14 1.07 1.92 2.65 -0.28 -0.14 0.07 0.48 
Loss: 2.113317  SIA Ef: 0.077464 Binding: -0.21 -0.51 0.38 -0.28 -0.65 0.17 -0.02 0.27 -0.35 -0.57 -0.58  Rvol: 0.59 1.09 1.49 -0.33 -0.31 -0.05 0.27 0.14 0.75 1.31 1.74 -0.28 -0.16 0.13 0.44 
Loss: 19.232079  SIA Ef: 2.722087 Binding: -0.06 0.07 2.97 0.79 -0.03 0.08 -0.50 0.31 -0.57 -0.69 -0.53  Rvol: 0.70 1.28 1.83 -0.33 -0.19 0.10 0.49 0.14 0.90 1.50 2.12 -0.28 -0.05 0.29 0.68 
Loss: 1.842849  SIA Ef: 0.102095 Binding: -0.18 -0.49 0.14 -0.31 -0.59 0.39 0.41 0.69 -0.08 -0.12 0.03  Rvol: 0.58 1.08 1.49 -0.33 -0.31 -0.03 0.29 0.14 0.75 1.30 1.72 -0.28 -0.16 0.12 0.44 
Loss: 33.152095  SIA Ef: 1.201788 Binding: 0.75 -0.06 -4.14 1.74 -0.52 0.76 0.26 0.78 2.52 -1.17 0.97  Rvol: 0.55 1.19 1.60 -0.33 -0.29 0.36 0.65 0.14 0.81 1.40 1.87 -0.28 0.05 0.29 0.85 
Loss: 2.862888  SIA Ef: 0.098430 Binding: -0.18 -0.49 0.14 -0.32 -0.59 0.47 0.54 1.11 -0.02 0.00 0.29  Rvol: 0.58 1.08 1.48 -0.33 -0.31 -0.04 0.29 0.14 0.75 1.31 1.73 -0.28 -0.15 0.14 0.46 
Loss: 60.097953  SIA Ef: -6.821702 Binding: -0.49 0.44 -2.53 0.91 -0.51 0.68 0.96 0.24 1.47 -0.96 0.80  Rvol: 0.22 0.34 0.73 -0.33 -0.34 -0.14 -0.13 0.14 0.51 0.79 0.69 -0.28 -0.24 -0.17 -0.01 
Loss: 1.721908  SIA Ef: 0.141722 Binding: -0.18 -0.49 0.18 -0.30 -0.59 0.37 0.37 0.61 -0.10 -0.15 -0.01  Rvol: 0.58 1.09 1.49 -0.33 -0.31 -0.03 0.29 0.14 0.75 1.30 1.72 -0.28 -0.16 0.12 0.44 
Loss: 15.240242  SIA Ef: 2.385673 Binding: -0.08 0.11 2.71 0.75 -0.02 0.29 0.03 0.74 -0.30 -0.25 -0.01  Rvol: 0.68 1.24 1.76 -0.33 -0.19 0.11 0.49 0.14 0.85 1.47 2.03 -0.28 -0.05 0.27 0.65 
Loss: 1.265064  SIA Ef: 0.258143 Binding: -0.15 -0.28 0.28 -0.06 -0.25 0.36 0.30 0.65 -0.12 -0.17 -0.08  Rvol: 0.59 1.06 1.50 -0.33 -0.31 -0.04 0.26 0.14 0.76 1.30 1.70 -0.28 -0.17 0.11 0.41 
Loss: 57.787355  SIA Ef: 4.915347 Binding: 0.40 -0.01 5.33 1.27 -0.10 0.42 -0.04 0.59 -0.50 -0.53 -0.46  Rvol: 0.94 1.63 2.20 -0.33 -0.30 -0.16 0.23 0.14 1.07 2.03 2.46 -0.28 -0.15 0.04 0.41 
Loss: 1.109009  SIA Ef: 0.232803 Binding: 0.07 0.04 0.26 -0.04 -0.06 0.36 0.34 0.64 -0.11 -0.15 -0.03  Rvol: 0.59 1.09 1.50 -0.33 -0.31 -0.03 0.30 0.14 0.76 1.30 1.73 -0.28 -0.17 0.13 0.45 
Loss: 61.598621  SIA Ef: -6.771641 Binding: -0.19 0.98 -2.70 1.28 0.07 0.68 0.87 0.17 1.57 -1.02 0.74  Rvol: 0.22 0.34 0.71 -0.33 -0.34 -0.14 -0.12 0.14 0.51 0.78 0.66 -0.28 -0.23 -0.18 -0.00 
Loss: 1.095884  SIA Ef: 0.244803 Binding: 0.10 0.10 0.22 -0.03 0.01 0.37 0.31 0.65 -0.11 -0.14 -0.02  Rvol: 0.59 1.08 1.50 -0.33 -0.31 -0.02 0.31 0.14 0.76 1.30 1.72 -0.28 -0.16 0.13 0.46 
Loss: 32.628423  SIA Ef: 1.335461 Binding: 0.95 0.37 -4.06 1.93 0.06 0.73 0.19 0.47 2.43 -1.21 0.80  Rvol: 0.55 1.18 1.56 -0.33 -0.29 0.34 0.63 0.14 0.81 1.39 1.77 -0.28 0.06 0.27 0.81 
Loss: 5.788978  SIA Ef: 1.379327 Binding: 0.04 0.33 1.49 0.41 0.06 0.31 0.29 0.78 -0.24 -0.19 0.08  Rvol: 0.63 1.14 1.64 -0.33 -0.25 0.04 0.42 0.14 0.80 1.39 1.86 -0.28 -0.11 0.20 0.54 
Loss: 1.094524  SIA Ef: 0.236076 Binding: 0.10 0.10 0.22 -0.03 0.01 0.37 0.32 0.65 -0.11 -0.14 -0.01  Rvol: 0.59 1.08 1.50 -0.33 -0.31 -0.02 0.31 0.14 0.76 1.30 1.72 -0.28 -0.17 0.13 0.46 
Loss: 17.849493  SIA Ef: 2.716746 Binding: -0.08 -0.21 2.84 0.36 -0.42 0.04 -0.09 0.64 -0.38 -0.31 -0.31  Rvol: 0.77 1.39 1.99 -0.33 -0.32 -0.10 0.32 0.14 0.86 1.58 2.26 -0.28 -0.16 0.10 0.49 
Loss: 1.860416  SIA Ef: 0.241526 Binding: 0.11 0.10 0.10 -0.04 0.04 0.49 0.55 0.91 0.03 0.10 0.33  Rvol: 0.59 1.08 1.49 -0.33 -0.31 -0.02 0.32 0.14 0.76 1.29 1.71 -0.28 -0.17 0.13 0.45 
Loss: 10.807287  SIA Ef: -3.046923 Binding: 0.17 0.23 -0.74 -0.03 0.49 0.50 0.31 0.47 0.20 -0.11 0.14  Rvol: 0.42 0.83 1.11 -0.33 -0.33 -0.12 0.10 0.14 0.63 1.04 1.23 -0.28 -0.20 0.00 0.22 
Loss: 0.879436  SIA Ef: 0.256984 Binding: 0.10 0.10 0.15 -0.04 0.03 0.35 0.28 0.49 -0.11 -0.17 -0.08  Rvol: 0.59 1.08 1.49 -0.33 -0.31 -0.02 0.31 0.14 0.76 1.29 1.72 -0.28 -0.17 0.13 0.44 
Loss: 9.723506  SIA Ef: 0.035855 Binding: 0.59 0.21 -2.46 0.82 0.21 0.57 0.21 0.32 1.07 -0.73 0.34  Rvol: 0.53 1.07 1.39 -0.33 -0.29 0.19 0.43 0.14 0.75 1.27 1.62 -0.28 -0.07 0.16 0.57 
Loss: 0.886120  SIA Ef: 0.292745 Binding: 0.10 0.11 0.19 -0.03 0.03 0.34 0.27 0.45 -0.12 -0.19 -0.11  Rvol: 0.59 1.08 1.50 -0.33 -0.31 -0.02 0.32 0.14 0.76 1.29 1.72 -0.28 -0.17 0.13 0.44 
Loss: 4.220338  SIA Ef: 1.175539 Binding: 0.06 0.36 1.18 0.37 0.28 0.31 0.27 0.61 -0.21 -0.22 -0.15  Rvol: 0.62 1.11 1.59 -0.33 -0.25 0.05 0.39 0.14 0.79 1.37 1.81 -0.28 -0.12 0.20 0.53 
Loss: 10.825864  SIA Ef: -3.043219 Binding: 0.19 0.23 -0.85 -0.03 0.52 0.48 0.27 0.29 0.20 -0.15 0.07  Rvol: 0.42 0.83 1.11 -0.33 -0.33 -0.12 0.11 0.14 0.63 1.03 1.22 -0.28 -0.20 -0.00 0.21 
Loss: 5.811502  SIA Ef: 1.536456 Binding: -0.06 0.04 1.46 0.07 -0.42 0.18 0.18 0.45 -0.30 -0.27 -0.24  Rvol: 0.68 1.20 1.75 -0.33 -0.31 -0.05 0.34 0.14 0.81 1.43 1.98 -0.28 -0.18 0.12 0.48 
Loss: 0.942182  SIA Ef: 0.284197 Binding: 0.11 0.12 0.14 0.02 0.11 0.35 0.27 0.53 -0.11 -0.18 -0.09  Rvol: 0.59 1.07 1.50 -0.33 -0.31 -0.02 0.31 0.14 0.76 1.29 1.71 -0.28 -0.17 0.13 0.44 
Loss: 2.250008  SIA Ef: 0.351292 Binding: 0.32 0.15 -1.04 -0.05 0.37 0.45 0.25 0.40 0.20 -0.13 0.06  Rvol: 0.57 1.07 1.47 -0.33 -0.30 0.04 0.40 0.14 0.75 1.29 1.70 -0.28 -0.14 0.16 0.52 
Loss: 0.911956  SIA Ef: 0.237944 Binding: 0.16 0.21 0.15 -0.03 0.09 0.35 0.28 0.46 -0.11 -0.17 -0.07  Rvol: 0.59 1.08 1.50 -0.33 -0.31 -0.01 0.33 0.14 0.76 1.29 1.72 -0.28 -0.17 0.13 0.45 
Loss: 3.362168  SIA Ef: -1.481403 Binding: 0.21 0.05 -0.67 -0.06 0.34 0.44 0.25 0.44 0.10 -0.16 0.02  Rvol: 0.50 0.94 1.24 -0.33 -0.32 -0.06 0.22 0.14 0.69 1.15 1.45 -0.28 -0.18 0.07 0.33 
Loss: 0.883276  SIA Ef: 0.260881 Binding: 0.11 0.12 0.14 -0.03 0.04 0.35 0.27 0.49 -0.11 -0.17 -0.08  Rvol: 0.59 1.08 1.49 -0.33 -0.31 -0.02 0.32 0.14 0.76 1.29 1.72 -0.28 -0.17 0.13 0.44 
Loss: 1.615810  SIA Ef: 0.573092 Binding: 0.08 0.21 0.52 0.14 0.21 0.34 0.29 0.56 -0.15 -0.20 -0.13  Rvol: 0.59 1.09 1.52 -0.33 -0.28 0.02 0.35 0.14 0.77 1.31 1.73 -0.28 -0.14 0.16 0.48 
Loss: 1.094817  SIA Ef: 0.229504 Binding: 0.11 0.11 0.06 -0.04 0.06 0.41 0.40 0.63 -0.04 -0.05 0.09  Rvol: 0.59 1.07 1.48 -0.33 -0.31 -0.01 0.32 0.14 0.75 1.29 1.71 -0.28 -0.17 0.13 0.44 
Loss: 0.878561  SIA Ef: 0.254672 Binding: 0.10 0.10 0.15 -0.04 0.03 0.35 0.28 0.49 -0.11 -0.17 -0.08  Rvol: 0.59 1.08 1.49 -0.33 -0.31 -0.02 0.31 0.14 0.76 1.29 1.72 -0.28 -0.17 0.13 0.44 
Loss: 1.153441  SIA Ef: -0.610813 Binding: 0.15 0.06 -0.26 -0.05 0.20 0.40 0.27 0.49 -0.02 -0.16 -0.05  Rvol: 0.55 1.01 1.37 -0.33 -0.32 -0.04 0.27 0.14 0.72 1.22 1.58 -0.28 -0.17 0.10 0.39 
Loss: 1.216804  SIA Ef: 0.418975 Binding: 0.05 0.10 0.48 -0.02 -0.12 0.30 0.26 0.46 -0.17 -0.20 -0.11  Rvol: 0.61 1.10 1.54 -0.33 -0.31 -0.03 0.30 0.14 0.77 1.31 1.76 -0.28 -0.17 0.12 0.44 
Loss: 0.874085  SIA Ef: 0.268200 Binding: 0.10 0.11 0.16 -0.03 0.03 0.34 0.27 0.47 -0.11 -0.18 -0.09  Rvol: 0.59 1.08 1.49 -0.33 -0.31 -0.02 0.32 0.14 0.76 1.29 1.72 -0.28 -0.17 0.13 0.44 
Loss: 1.035807  SIA Ef: 0.350762 Binding: 0.09 0.13 0.31 0.01 0.06 0.34 0.27 0.50 -0.13 -0.19 -0.11  Rvol: 0.59 1.08 1.50 -0.33 -0.30 -0.01 0.32 0.14 0.76 1.30 1.72 -0.28 -0.16 0.13 0.45 
Loss: 0.873880  SIA Ef: 0.264061 Binding: 0.10 0.10 0.15 -0.03 0.03 0.35 0.28 0.48 -0.11 -0.18 -0.09  Rvol: 0.59 1.08 1.49 -0.33 -0.31 -0.02 0.32 0.14 0.76 1.29 1.72 -0.28 -0.17 0.13 0.44 
Loss: 0.888936  SIA Ef: 0.316539 Binding: 0.15 0.10 -0.12 -0.06 0.10 0.36 0.26 0.45 -0.07 -0.17 -0.07  Rvol: 0.59 1.09 1.49 -0.33 -0.31 -0.00 0.33 0.14 0.76 1.29 1.72 -0.28 -0.16 0.14 0.46 
Loss: 0.873514  SIA Ef: 0.262965 Binding: 0.10 0.10 0.15 -0.03 0.03 0.35 0.28 0.48 -0.11 -0.18 -0.09  Rvol: 0.59 1.08 1.49 -0.33 -0.31 -0.02 0.31 0.14 0.76 1.29 1.72 -0.28 -0.17 0.13 0.44 
Loss: 0.956558  SIA Ef: 0.266504 Binding: 0.11 0.10 0.06 -0.04 0.06 0.38 0.34 0.54 -0.07 -0.11 -0.00  Rvol: 0.59 1.08 1.49 -0.33 -0.31 -0.01 0.32 0.14 0.76 1.29 1.71 -0.28 -0.17 0.13 0.44 
Loss: 0.875213  SIA Ef: 0.270322 Binding: 0.09 0.08 0.15 -0.03 0.02 0.35 0.27 0.49 -0.11 -0.18 -0.09  Rvol: 0.59 1.08 1.49 -0.33 -0.31 -0.02 0.31 0.14 0.76 1.29 1.72 -0.28 -0.17 0.13 0.44 
Loss: 0.896008  SIA Ef: 0.276421 Binding: 0.12 0.14 0.13 -0.01 0.08 0.35 0.27 0.48 -0.11 -0.18 -0.09  Rvol: 0.59 1.08 1.49 -0.33 -0.31 -0.02 0.32 0.14 0.76 1.29 1.72 -0.28 -0.17 0.13 0.44 
Loss: 0.786341  SIA Ef: -0.171183 Binding: 0.13 0.07 -0.12 -0.05 0.13 0.38 0.28 0.49 -0.06 -0.17 -0.07  Rvol: 0.57 1.04 1.42 -0.33 -0.31 -0.02 0.30 0.14 0.74 1.26 1.65 -0.28 -0.17 0.12 0.42 
Loss: 0.788860  SIA Ef: -0.339074 Binding: 0.14 0.05 -0.16 -0.08 0.09 0.36 0.24 0.42 -0.07 -0.19 -0.10  Rvol: 0.56 1.04 1.41 -0.33 -0.32 -0.04 0.28 0.14 0.73 1.24 1.63 -0.28 -0.17 0.10 0.40 
Loss: 0.833530  SIA Ef: -0.293367 Binding: 0.13 0.07 -0.16 -0.04 0.17 0.38 0.27 0.48 -0.05 -0.18 -0.09  Rvol: 0.56 1.03 1.41 -0.33 -0.31 -0.03 0.30 0.14 0.73 1.24 1.63 -0.28 -0.17 0.11 0.41 
Loss: 0.786980  SIA Ef: -0.171771 Binding: 0.13 0.07 -0.12 -0.05 0.13 0.38 0.28 0.49 -0.06 -0.17 -0.07  Rvol: 0.57 1.04 1.42 -0.33 -0.31 -0.02 0.30 0.14 0.74 1.26 1.65 -0.28 -0.17 0.12 0.42 
Loss: 0.896199  SIA Ef: -0.264660 Binding: 0.15 0.05 -0.21 -0.06 0.16 0.40 0.29 0.52 -0.02 -0.14 -0.03  Rvol: 0.56 1.04 1.41 -0.33 -0.31 -0.03 0.30 0.14 0.73 1.25 1.63 -0.28 -0.17 0.11 0.41 
Loss: 0.783427  SIA Ef: -0.179995 Binding: 0.12 0.08 -0.07 -0.04 0.13 0.37 0.28 0.50 -0.07 -0.17 -0.07  Rvol: 0.57 1.04 1.43 -0.33 -0.31 -0.03 0.29 0.14 0.74 1.26 1.65 -0.28 -0.17 0.11 0.41 
Loss: 0.808888  SIA Ef: -0.180420 Binding: 0.15 0.08 -0.16 -0.04 0.17 0.38 0.27 0.49 -0.05 -0.17 -0.08  Rvol: 0.57 1.04 1.42 -0.33 -0.31 -0.02 0.30 0.14 0.74 1.25 1.64 -0.28 -0.17 0.12 0.42 
Loss: 0.786904  SIA Ef: -0.182380 Binding: 0.12 0.08 -0.07 -0.04 0.13 0.37 0.28 0.50 -0.07 -0.17 -0.07  Rvol: 0.57 1.04 1.43 -0.33 -0.31 -0.03 0.29 0.14 0.74 1.26 1.65 -0.28 -0.17 0.11 0.41 
Loss: 0.801620  SIA Ef: -0.200007 Binding: 0.12 0.07 -0.07 -0.05 0.12 0.37 0.28 0.51 -0.06 -0.17 -0.07  Rvol: 0.57 1.04 1.42 -0.33 -0.31 -0.03 0.29 0.14 0.74 1.25 1.65 -0.28 -0.17 0.11 0.41 
Loss: 0.782345  SIA Ef: -0.179750 Binding: 0.12 0.07 -0.07 -0.04 0.12 0.37 0.28 0.50 -0.07 -0.17 -0.07  Rvol: 0.57 1.04 1.43 -0.33 -0.31 -0.03 0.29 0.14 0.74 1.26 1.65 -0.28 -0.17 0.11 0.41 
Loss: 0.777680  SIA Ef: -0.174847 Binding: 0.10 0.06 -0.07 -0.04 0.12 0.37 0.29 0.50 -0.07 -0.17 -0.08  Rvol: 0.57 1.03 1.43 -0.33 -0.31 -0.03 0.29 0.14 0.74 1.26 1.65 -0.28 -0.17 0.11 0.41 
Loss: 0.784778  SIA Ef: -0.130303 Binding: 0.10 0.07 -0.05 -0.03 0.13 0.37 0.30 0.51 -0.06 -0.17 -0.07  Rvol: 0.57 1.04 1.43 -0.33 -0.31 -0.03 0.29 0.14 0.74 1.26 1.65 -0.28 -0.17 0.12 0.42 
Loss: 0.745210  SIA Ef: 0.002177 Binding: 0.09 0.05 0.09 -0.03 0.06 0.35 0.26 0.49 -0.11 -0.19 -0.12  Rvol: 0.58 1.05 1.46 -0.33 -0.31 -0.03 0.29 0.14 0.75 1.27 1.68 -0.28 -0.17 0.12 0.42 
Loss: 0.783194  SIA Ef: 0.111523 Binding: 0.08 0.06 0.20 -0.04 -0.00 0.34 0.26 0.47 -0.12 -0.19 -0.11  Rvol: 0.58 1.07 1.48 -0.33 -0.31 -0.03 0.29 0.14 0.75 1.28 1.70 -0.28 -0.17 0.12 0.42 
Loss: 0.738323  SIA Ef: -0.010778 Binding: 0.08 0.05 0.12 -0.03 0.05 0.34 0.25 0.48 -0.12 -0.20 -0.13  Rvol: 0.58 1.05 1.46 -0.33 -0.31 -0.03 0.29 0.14 0.75 1.27 1.68 -0.28 -0.17 0.12 0.42 
Loss: 0.730462  SIA Ef: 0.013025 Binding: 0.08 0.06 0.11 -0.03 0.06 0.34 0.24 0.46 -0.12 -0.21 -0.15  Rvol: 0.58 1.05 1.46 -0.33 -0.31 -0.03 0.29 0.14 0.75 1.27 1.68 -0.28 -0.17 0.12 0.42 
Loss: 0.737798  SIA Ef: 0.024171 Binding: 0.08 0.05 0.13 -0.03 0.05 0.33 0.24 0.47 -0.13 -0.22 -0.15  Rvol: 0.58 1.06 1.46 -0.33 -0.31 -0.03 0.29 0.14 0.75 1.27 1.68 -0.28 -0.17 0.12 0.42 
Loss: 0.730500  SIA Ef: 0.013099 Binding: 0.08 0.06 0.11 -0.03 0.06 0.34 0.24 0.46 -0.12 -0.21 -0.15  Rvol: 0.58 1.05 1.46 -0.33 -0.31 -0.03 0.29 0.14 0.75 1.27 1.68 -0.28 -0.17 0.12 0.42 
Loss: 0.732730  SIA Ef: 0.018569 Binding: 0.08 0.06 0.12 -0.03 0.06 0.34 0.24 0.46 -0.12 -0.21 -0.15  Rvol: 0.58 1.05 1.46 -0.33 -0.31 -0.03 0.29 0.14 0.75 1.27 1.68 -0.28 -0.17 0.12 0.42 
Loss: 0.727486  SIA Ef: 0.014709 Binding: 0.08 0.06 0.10 -0.03 0.06 0.34 0.24 0.46 -0.12 -0.21 -0.15  Rvol: 0.58 1.05 1.46 -0.33 -0.31 -0.03 0.29 0.14 0.75 1.27 1.68 -0.28 -0.17 0.12 0.42 
Loss: 0.717155  SIA Ef: 0.030214 Binding: 0.09 0.05 0.06 -0.04 0.07 0.34 0.24 0.45 -0.11 -0.21 -0.15  Rvol: 0.58 1.05 1.46 -0.33 -0.31 -0.02 0.30 0.14 0.75 1.27 1.68 -0.28 -0.17 0.12 0.42 
Loss: 0.714717  SIA Ef: 0.022100 Binding: 0.09 0.06 0.06 -0.04 0.06 0.34 0.24 0.45 -0.11 -0.22 -0.15  Rvol: 0.58 1.05 1.46 -0.33 -0.31 -0.02 0.30 0.14 0.75 1.27 1.68 -0.28 -0.17 0.12 0.42 
Loss: 0.738977  SIA Ef: 0.082729 Binding: 0.09 0.06 0.08 -0.03 0.07 0.34 0.24 0.46 -0.12 -0.21 -0.15  Rvol: 0.58 1.06 1.47 -0.33 -0.31 -0.02 0.30 0.14 0.75 1.28 1.69 -0.28 -0.17 0.12 0.43 
Loss: 0.727694  SIA Ef: 0.063557 Binding: 0.09 0.05 0.10 -0.04 0.05 0.33 0.24 0.45 -0.12 -0.22 -0.15  Rvol: 0.58 1.06 1.47 -0.33 -0.31 -0.03 0.30 0.14 0.75 1.28 1.69 -0.28 -0.17 0.12 0.43 
Loss: 0.692771  SIA Ef: -0.067590 Binding: 0.10 0.06 -0.02 -0.04 0.08 0.34 0.24 0.44 -0.10 -0.22 -0.14  Rvol: 0.57 1.05 1.44 -0.33 -0.31 -0.03 0.29 0.14 0.74 1.27 1.66 -0.28 -0.17 0.12 0.42 
Loss: 0.694036  SIA Ef: -0.099378 Binding: 0.10 0.05 -0.04 -0.05 0.08 0.34 0.24 0.44 -0.10 -0.22 -0.14  Rvol: 0.57 1.04 1.44 -0.33 -0.31 -0.03 0.29 0.14 0.74 1.26 1.66 -0.28 -0.17 0.11 0.42 
Loss: 0.695226  SIA Ef: -0.054207 Binding: 0.10 0.06 -0.04 -0.04 0.09 0.35 0.24 0.44 -0.10 -0.21 -0.14  Rvol: 0.57 1.05 1.44 -0.33 -0.31 -0.03 0.29 0.14 0.74 1.27 1.67 -0.28 -0.17 0.12 0.42 
Loss: 0.711979  SIA Ef: -0.124420 Binding: 0.11 0.05 -0.08 -0.05 0.10 0.35 0.25 0.45 -0.08 -0.20 -0.12  Rvol: 0.57 1.04 1.43 -0.33 -0.31 -0.03 0.29 0.14 0.74 1.26 1.66 -0.28 -0.17 0.11 0.42 
Loss: 0.693704  SIA Ef: -0.072724 Binding: 0.10 0.06 -0.02 -0.04 0.08 0.34 0.24 0.44 -0.10 -0.22 -0.14  Rvol: 0.57 1.05 1.44 -0.33 -0.31 -0.03 0.29 0.14 0.74 1.26 1.66 -0.28 -0.17 0.12 0.42 
Loss: 0.684071  SIA Ef: -0.097268 Binding: 0.10 0.06 -0.05 -0.04 0.09 0.34 0.23 0.42 -0.10 -0.23 -0.16  Rvol: 0.57 1.04 1.44 -0.33 -0.31 -0.03 0.29 0.14 0.74 1.26 1.66 -0.28 -0.17 0.12 0.42 
Loss: 0.698717  SIA Ef: -0.110633 Binding: 0.11 0.07 -0.08 -0.04 0.12 0.34 0.23 0.42 -0.09 -0.23 -0.16  Rvol: 0.57 1.04 1.43 -0.33 -0.31 -0.02 0.30 0.14 0.74 1.26 1.65 -0.28 -0.17 0.12 0.42 
Loss: 0.683309  SIA Ef: -0.093261 Binding: 0.10 0.06 -0.05 -0.04 0.09 0.34 0.23 0.42 -0.10 -0.23 -0.16  Rvol: 0.57 1.04 1.44 -0.33 -0.31 -0.03 0.29 0.14 0.74 1.26 1.66 -0.28 -0.17 0.12 0.42 
Loss: 0.670099  SIA Ef: -0.071383 Binding: 0.10 0.05 -0.02 -0.05 0.07 0.33 0.22 0.41 -0.11 -0.23 -0.17  Rvol: 0.57 1.05 1.44 -0.33 -0.31 -0.03 0.29 0.14 0.74 1.27 1.67 -0.28 -0.17 0.11 0.42 
Loss: 0.672202  SIA Ef: -0.001989 Binding: 0.09 0.04 -0.00 -0.05 0.06 0.33 0.22 0.41 -0.12 -0.24 -0.18  Rvol: 0.58 1.05 1.45 -0.33 -0.31 -0.03 0.30 0.14 0.75 1.27 1.68 -0.28 -0.17 0.12 0.42 
Loss: 0.670241  SIA Ef: -0.077527 Binding: 0.10 0.05 -0.02 -0.05 0.07 0.33 0.22 0.41 -0.11 -0.24 -0.17  Rvol: 0.57 1.05 1.44 -0.33 -0.31 -0.03 0.29 0.14 0.74 1.26 1.66 -0.28 -0.17 0.11 0.42 
Loss: 0.673867  SIA Ef: -0.040271 Binding: 0.09 0.04 0.06 -0.04 0.05 0.32 0.21 0.41 -0.13 -0.25 -0.19  Rvol: 0.58 1.05 1.45 -0.33 -0.31 -0.03 0.29 0.14 0.74 1.27 1.67 -0.28 -0.17 0.11 0.42 
Loss: 0.671359  SIA Ef: -0.128652 Binding: 0.10 0.04 -0.06 -0.06 0.07 0.34 0.22 0.40 -0.10 -0.23 -0.17  Rvol: 0.57 1.04 1.44 -0.33 -0.31 -0.03 0.29 0.14 0.74 1.26 1.66 -0.28 -0.17 0.11 0.42 
Loss: 0.670012  SIA Ef: -0.059009 Binding: 0.10 0.05 -0.03 -0.05 0.07 0.33 0.22 0.41 -0.11 -0.23 -0.17  Rvol: 0.58 1.05 1.45 -0.33 -0.31 -0.03 0.29 0.14 0.74 1.27 1.67 -0.28 -0.17 0.12 0.42 
Loss: 0.669840  SIA Ef: -0.064147 Binding: 0.10 0.05 -0.04 -0.05 0.07 0.33 0.22 0.41 -0.11 -0.23 -0.17  Rvol: 0.57 1.05 1.44 -0.33 -0.31 -0.03 0.29 0.14 0.74 1.27 1.67 -0.28 -0.17 0.12 0.42 
Loss: 0.669947  SIA Ef: -0.077763 Binding: 0.10 0.05 -0.04 -0.05 0.07 0.33 0.22 0.41 -0.11 -0.24 -0.17  Rvol: 0.57 1.05 1.44 -0.33 -0.31 -0.03 0.29 0.14 0.74 1.26 1.67 -0.28 -0.17 0.11 0.42 
Loss: 0.668899  SIA Ef: -0.071873 Binding: 0.10 0.05 -0.05 -0.05 0.08 0.33 0.22 0.41 -0.11 -0.24 -0.17  Rvol: 0.57 1.05 1.44 -0.33 -0.31 -0.03 0.29 0.14 0.74 1.27 1.67 -0.28 -0.17 0.12 0.42 
Loss: 0.668094  SIA Ef: -0.067113 Binding: 0.11 0.05 -0.04 -0.05 0.08 0.33 0.21 0.40 -0.11 -0.24 -0.17  Rvol: 0.57 1.05 1.44 -0.33 -0.31 -0.03 0.29 0.14 0.74 1.27 1.67 -0.28 -0.17 0.12 0.42 
Loss: 0.668199  SIA Ef: -0.065747 Binding: 0.11 0.05 -0.04 -0.05 0.08 0.33 0.21 0.40 -0.11 -0.24 -0.17  Rvol: 0.57 1.05 1.44 -0.33 -0.31 -0.03 0.29 0.14 0.74 1.27 1.67 -0.28 -0.17 0.12 0.42 
Loss: 0.676109  SIA Ef: -0.092932 Binding: 0.11 0.06 -0.08 -0.05 0.10 0.34 0.21 0.40 -0.10 -0.24 -0.17  Rvol: 0.57 1.05 1.44 -0.33 -0.31 -0.03 0.30 0.14 0.74 1.26 1.66 -0.28 -0.17 0.12 0.42 
Loss: 0.667946  SIA Ef: -0.078163 Binding: 0.11 0.06 -0.04 -0.05 0.08 0.33 0.21 0.40 -0.11 -0.24 -0.17  Rvol: 0.57 1.05 1.44 -0.33 -0.31 -0.03 0.29 0.14 0.74 1.26 1.67 -0.28 -0.17 0.11 0.42 
Loss: 0.664141  SIA Ef: -0.048894 Binding: 0.10 0.05 -0.00 -0.05 0.07 0.33 0.21 0.40 -0.12 -0.25 -0.19  Rvol: 0.58 1.05 1.45 -0.33 -0.31 -0.03 0.29 0.14 0.74 1.27 1.67 -0.28 -0.17 0.12 0.42 
Loss: 0.658911  SIA Ef: -0.072626 Binding: 0.10 0.05 -0.02 -0.05 0.06 0.33 0.21 0.39 -0.12 -0.25 -0.19  Rvol: 0.58 1.05 1.44 -0.33 -0.31 -0.03 0.29 0.14 0.74 1.27 1.67 -0.28 -0.17 0.11 0.42 
Loss: 0.654086  SIA Ef: -0.079850 Binding: 0.10 0.04 -0.02 -0.06 0.06 0.32 0.20 0.38 -0.12 -0.25 -0.19  Rvol: 0.58 1.05 1.44 -0.33 -0.31 -0.03 0.29 0.14 0.74 1.27 1.67 -0.28 -0.17 0.11 0.42 
Loss: 0.654321  SIA Ef: -0.115455 Binding: 0.10 0.04 -0.03 -0.06 0.06 0.32 0.20 0.38 -0.12 -0.25 -0.19  Rvol: 0.57 1.05 1.44 -0.33 -0.31 -0.03 0.29 0.14 0.74 1.26 1.66 -0.28 -0.17 0.11 0.41 
Loss: 0.654107  SIA Ef: -0.076247 Binding: 0.10 0.04 -0.02 -0.06 0.05 0.32 0.20 0.38 -0.12 -0.25 -0.19  Rvol: 0.58 1.05 1.45 -0.33 -0.31 -0.03 0.29 0.14 0.74 1.27 1.67 -0.28 -0.17 0.11 0.42 
Loss: 0.639334  SIA Ef: -0.068726 Binding: 0.10 0.06 -0.01 -0.06 0.05 0.32 0.20 0.36 -0.12 -0.25 -0.20  Rvol: 0.58 1.05 1.44 -0.33 -0.31 -0.03 0.29 0.14 0.74 1.27 1.67 -0.28 -0.17 0.11 0.42 
Loss: 0.639813  SIA Ef: -0.067323 Binding: 0.10 0.05 -0.01 -0.07 0.04 0.32 0.20 0.36 -0.13 -0.25 -0.20  Rvol: 0.58 1.05 1.45 -0.33 -0.31 -0.03 0.29 0.14 0.74 1.27 1.67 -0.28 -0.17 0.11 0.42 
Loss: 0.638987  SIA Ef: -0.062051 Binding: 0.10 0.06 -0.02 -0.06 0.05 0.32 0.20 0.36 -0.12 -0.25 -0.19  Rvol: 0.58 1.05 1.44 -0.33 -0.31 -0.03 0.29 0.14 0.74 1.27 1.67 -0.28 -0.17 0.11 0.42 
Loss: 0.641014  SIA Ef: -0.039380 Binding: 0.10 0.06 -0.00 -0.06 0.04 0.32 0.20 0.36 -0.12 -0.25 -0.20  Rvol: 0.58 1.05 1.45 -0.33 -0.31 -0.03 0.29 0.14 0.74 1.27 1.68 -0.28 -0.17 0.11 0.42 
Loss: 0.639510  SIA Ef: -0.055368 Binding: 0.10 0.06 -0.01 -0.06 0.05 0.32 0.20 0.36 -0.12 -0.25 -0.20  Rvol: 0.58 1.05 1.45 -0.33 -0.31 -0.03 0.29 0.14 0.74 1.27 1.67 -0.28 -0.17 0.11 0.42 
Loss: 0.638483  SIA Ef: -0.058284 Binding: 0.10 0.06 -0.02 -0.06 0.05 0.32 0.20 0.36 -0.12 -0.25 -0.20  Rvol: 0.58 1.05 1.44 -0.33 -0.31 -0.03 0.29 0.14 0.74 1.27 1.67 -0.28 -0.17 0.11 0.42 
Loss: 0.638555  SIA Ef: -0.059587 Binding: 0.10 0.06 -0.02 -0.06 0.05 0.32 0.20 0.36 -0.12 -0.26 -0.20  Rvol: 0.58 1.05 1.44 -0.33 -0.31 -0.03 0.29 0.14 0.74 1.27 1.67 -0.28 -0.17 0.11 0.42 
Loss: 0.654553  SIA Ef: -0.085413 Binding: 0.11 0.04 -0.06 -0.06 0.06 0.33 0.20 0.38 -0.11 -0.25 -0.19  Rvol: 0.57 1.05 1.44 -0.33 -0.31 -0.03 0.29 0.14 0.74 1.26 1.67 -0.28 -0.17 0.11 0.42 
Loss: 0.655498  SIA Ef: -0.064565 Binding: 0.10 0.04 -0.02 -0.06 0.05 0.32 0.20 0.38 -0.12 -0.25 -0.20  Rvol: 0.58 1.05 1.45 -0.33 -0.31 -0.03 0.29 0.14 0.74 1.27 1.67 -0.28 -0.17 0.11 0.42 
Loss: 0.638397  SIA Ef: -0.034629 Binding: 0.10 0.06 -0.01 -0.06 0.04 0.32 0.19 0.35 -0.13 -0.26 -0.21  Rvol: 0.58 1.05 1.45 -0.33 -0.31 -0.03 0.29 0.14 0.74 1.27 1.68 -0.28 -0.17 0.11 0.42 
Loss: 0.638913  SIA Ef: -0.029781 Binding: 0.10 0.06 -0.01 -0.06 0.04 0.32 0.19 0.35 -0.13 -0.26 -0.21  Rvol: 0.58 1.05 1.45 -0.33 -0.31 -0.03 0.29 0.14 0.74 1.27 1.68 -0.28 -0.17 0.11 0.42 
Loss: 0.637354  SIA Ef: -0.043327 Binding: 0.10 0.06 -0.01 -0.06 0.04 0.32 0.19 0.35 -0.13 -0.26 -0.21  Rvol: 0.58 1.05 1.45 -0.33 -0.31 -0.03 0.29 0.14 0.74 1.27 1.67 -0.28 -0.17 0.11 0.42 
Loss: 0.636738  SIA Ef: -0.045213 Binding: 0.10 0.06 -0.01 -0.06 0.04 0.32 0.19 0.35 -0.13 -0.26 -0.21  Rvol: 0.58 1.05 1.45 -0.33 -0.31 -0.03 0.29 0.14 0.74 1.27 1.67 -0.28 -0.17 0.11 0.42 
Loss: 0.636599  SIA Ef: -0.044548 Binding: 0.10 0.06 -0.01 -0.06 0.05 0.32 0.19 0.35 -0.13 -0.26 -0.21  Rvol: 0.58 1.05 1.45 -0.33 -0.31 -0.03 0.29 0.14 0.74 1.27 1.67 -0.28 -0.17 0.11 0.42 
Loss: 0.633442  SIA Ef: -0.055317 Binding: 0.10 0.06 -0.03 -0.06 0.05 0.32 0.19 0.35 -0.13 -0.26 -0.21  Rvol: 0.58 1.05 1.44 -0.33 -0.31 -0.03 0.29 0.14 0.74 1.27 1.67 -0.28 -0.17 0.11 0.42 
Loss: 0.633089  SIA Ef: -0.061191 Binding: 0.10 0.06 -0.03 -0.06 0.05 0.32 0.19 0.35 -0.12 -0.26 -0.21  Rvol: 0.58 1.05 1.44 -0.33 -0.31 -0.03 0.29 0.14 0.74 1.27 1.67 -0.28 -0.17 0.11 0.42 
Loss: 0.647102  SIA Ef: -0.081697 Binding: 0.10 0.03 -0.05 -0.07 0.05 0.32 0.19 0.37 -0.12 -0.26 -0.21  Rvol: 0.58 1.05 1.44 -0.33 -0.31 -0.03 0.29 0.14 0.74 1.27 1.67 -0.28 -0.17 0.11 0.42 
Loss: 0.647778  SIA Ef: -0.062073 Binding: 0.10 0.04 -0.04 -0.06 0.05 0.32 0.19 0.37 -0.12 -0.26 -0.21  Rvol: 0.58 1.05 1.45 -0.33 -0.31 -0.03 0.29 0.14 0.74 1.27 1.67 -0.28 -0.17 0.11 0.42 
Loss: 0.634058  SIA Ef: -0.047468 Binding: 0.10 0.06 -0.03 -0.06 0.05 0.32 0.19 0.35 -0.13 -0.26 -0.21  Rvol: 0.58 1.05 1.45 -0.33 -0.31 -0.03 0.29 0.14 0.74 1.27 1.67 -0.28 -0.17 0.11 0.42 
Loss: 0.647847  SIA Ef: -0.059137 Binding: 0.10 0.04 -0.03 -0.06 0.05 0.32 0.19 0.37 -0.13 -0.26 -0.21  Rvol: 0.58 1.05 1.45 -0.33 -0.31 -0.03 0.29 0.14 0.74 1.27 1.67 -0.28 -0.17 0.11 0.42 
Loss: 0.633365  SIA Ef: -0.055682 Binding: 0.10 0.06 -0.03 -0.06 0.05 0.32 0.19 0.35 -0.13 -0.26 -0.21  Rvol: 0.58 1.05 1.44 -0.33 -0.31 -0.03 0.29 0.14 0.74 1.27 1.67 -0.28 -0.17 0.11 0.42 
Loss: 0.633065  SIA Ef: -0.060376 Binding: 0.10 0.06 -0.03 -0.06 0.05 0.32 0.19 0.35 -0.12 -0.26 -0.21  Rvol: 0.58 1.05 1.44 -0.33 -0.31 -0.03 0.29 0.14 0.74 1.27 1.67 -0.28 -0.17 0.11 0.42 
Loss: 0.648149  SIA Ef: -0.061127 Binding: 0.10 0.04 -0.03 -0.06 0.05 0.32 0.19 0.37 -0.12 -0.26 -0.21  Rvol: 0.58 1.05 1.45 -0.33 -0.31 -0.03 0.29 0.14 0.74 1.27 1.67 -0.28 -0.17 0.11 0.42 
Loss: 0.648048  SIA Ef: -0.065963 Binding: 0.10 0.04 -0.03 -0.06 0.05 0.32 0.19 0.37 -0.12 -0.26 -0.20  Rvol: 0.58 1.05 1.45 -0.33 -0.31 -0.03 0.29 0.14 0.74 1.27 1.67 -0.28 -0.17 0.11 0.42 
Loss: 0.633283  SIA Ef: -0.046120 Binding: 0.10 0.06 -0.03 -0.06 0.04 0.32 0.19 0.35 -0.13 -0.26 -0.21  Rvol: 0.58 1.05 1.45 -0.33 -0.31 -0.03 0.29 0.14 0.74 1.27 1.67 -0.28 -0.17 0.11 0.42 
Loss: 0.633222  SIA Ef: -0.061971 Binding: 0.10 0.06 -0.03 -0.06 0.05 0.32 0.19 0.35 -0.12 -0.26 -0.20  Rvol: 0.58 1.05 1.44 -0.33 -0.31 -0.03 0.29 0.14 0.74 1.27 1.67 -0.28 -0.17 0.11 0.42 
Loss: 0.633070  SIA Ef: -0.060374 Binding: 0.10 0.06 -0.03 -0.06 0.05 0.32 0.19 0.35 -0.13 -0.26 -0.21  Rvol: 0.58 1.05 1.44 -0.33 -0.31 -0.03 0.29 0.14 0.74 1.27 1.67 -0.28 -0.17 0.11 0.42 
Loss: 0.633529  SIA Ef: -0.063108 Binding: 0.10 0.06 -0.03 -0.06 0.05 0.32 0.19 0.35 -0.13 -0.26 -0.21  Rvol: 0.58 1.05 1.44 -0.33 -0.31 -0.03 0.29 0.14 0.74 1.27 1.67 -0.28 -0.17 0.11 0.42 
Loss: 0.647460  SIA Ef: -0.063839 Binding: 0.10 0.04 -0.03 -0.06 0.05 0.32 0.19 0.37 -0.12 -0.26 -0.21  Rvol: 0.58 1.05 1.45 -0.33 -0.31 -0.03 0.29 0.14 0.74 1.27 1.67 -0.28 -0.17 0.11 0.42 
Loss: 0.632395  SIA Ef: -0.066702 Binding: 0.10 0.06 -0.04 -0.06 0.05 0.32 0.19 0.35 -0.12 -0.26 -0.21  Rvol: 0.58 1.05 1.44 -0.33 -0.31 -0.03 0.29 0.14 0.74 1.27 1.67 -0.28 -0.17 0.11 0.42 
Loss: 0.632404  SIA Ef: -0.066233 Binding: 0.10 0.06 -0.04 -0.06 0.05 0.32 0.19 0.35 -0.12 -0.26 -0.21  Rvol: 0.58 1.05 1.44 -0.33 -0.31 -0.03 0.29 0.14 0.74 1.27 1.67 -0.28 -0.17 0.11 0.42 
Loss: 0.632724  SIA Ef: -0.059863 Binding: 0.10 0.06 -0.04 -0.06 0.05 0.32 0.19 0.35 -0.12 -0.26 -0.21  Rvol: 0.58 1.05 1.44 -0.33 -0.31 -0.03 0.29 0.14 0.74 1.27 1.67 -0.28 -0.17 0.11 0.42 
Loss: 0.632249  SIA Ef: -0.062208 Binding: 0.10 0.06 -0.04 -0.06 0.05 0.32 0.19 0.35 -0.12 -0.26 -0.21  Rvol: 0.58 1.05 1.44 -0.33 -0.31 -0.03 0.29 0.14 0.74 1.27 1.67 -0.28 -0.17 0.11 0.42 
Loss: 0.631929  SIA Ef: -0.061510 Binding: 0.10 0.05 -0.04 -0.06 0.05 0.32 0.19 0.35 -0.12 -0.26 -0.21  Rvol: 0.58 1.05 1.44 -0.33 -0.31 -0.03 0.29 0.14 0.74 1.27 1.67 -0.28 -0.17 0.11 0.42 
Loss: 0.632068  SIA Ef: -0.060776 Binding: 0.10 0.06 -0.03 -0.06 0.05 0.32 0.19 0.35 -0.13 -0.26 -0.21  Rvol: 0.58 1.05 1.44 -0.33 -0.31 -0.03 0.29 0.14 0.74 1.27 1.67 -0.28 -0.17 0.11 0.42 
Loss: 0.632027  SIA Ef: -0.060688 Binding: 0.10 0.05 -0.04 -0.06 0.05 0.32 0.19 0.35 -0.12 -0.26 -0.21  Rvol: 0.58 1.05 1.44 -0.33 -0.31 -0.03 0.29 0.14 0.74 1.27 1.67 -0.28 -0.17 0.11 0.42 
Loss: 0.631983  SIA Ef: -0.063269 Binding: 0.10 0.05 -0.04 -0.06 0.05 0.32 0.19 0.35 -0.12 -0.26 -0.21  Rvol: 0.58 1.05 1.44 -0.33 -0.31 -0.03 0.29 0.14 0.74 1.27 1.67 -0.28 -0.17 0.11 0.42 
Loss: 0.631797  SIA Ef: -0.061201 Binding: 0.10 0.05 -0.04 -0.06 0.05 0.32 0.19 0.35 -0.12 -0.26 -0.21  Rvol: 0.58 1.05 1.44 -0.33 -0.31 -0.03 0.29 0.14 0.74 1.27 1.67 -0.28 -0.17 0.11 0.42 
Loss: 0.631437  SIA Ef: -0.062768 Binding: 0.10 0.05 -0.04 -0.07 0.05 0.32 0.19 0.35 -0.12 -0.26 -0.21  Rvol: 0.58 1.05 1.44 -0.33 -0.31 -0.03 0.29 0.14 0.74 1.27 1.67 -0.28 -0.17 0.11 0.42 
Loss: 0.631054  SIA Ef: -0.061732 Binding: 0.10 0.05 -0.04 -0.07 0.05 0.32 0.19 0.35 -0.12 -0.26 -0.21  Rvol: 0.58 1.05 1.44 -0.33 -0.31 -0.03 0.29 0.14 0.74 1.27 1.67 -0.28 -0.17 0.11 0.42 
Loss: 0.630733  SIA Ef: -0.061334 Binding: 0.10 0.05 -0.04 -0.07 0.05 0.32 0.19 0.35 -0.12 -0.26 -0.21  Rvol: 0.58 1.05 1.44 -0.33 -0.31 -0.03 0.29 0.14 0.74 1.27 1.67 -0.28 -0.17 0.11 0.42 
Loss: 0.630451  SIA Ef: -0.060684 Binding: 0.10 0.05 -0.04 -0.07 0.04 0.32 0.19 0.34 -0.12 -0.26 -0.21  Rvol: 0.58 1.05 1.44 -0.33 -0.31 -0.03 0.29 0.14 0.74 1.27 1.67 -0.28 -0.17 0.11 0.42 
Loss: 0.630251  SIA Ef: -0.058441 Binding: 0.10 0.05 -0.04 -0.07 0.04 0.32 0.19 0.34 -0.13 -0.26 -0.21  Rvol: 0.58 1.05 1.44 -0.33 -0.31 -0.03 0.29 0.14 0.74 1.27 1.67 -0.28 -0.17 0.11 0.42 
Loss: 0.630135  SIA Ef: -0.062215 Binding: 0.10 0.05 -0.04 -0.07 0.05 0.32 0.19 0.34 -0.12 -0.26 -0.21  Rvol: 0.58 1.05 1.44 -0.33 -0.31 -0.03 0.29 0.14 0.74 1.27 1.67 -0.28 -0.17 0.11 0.42 
Loss: 0.630097  SIA Ef: -0.063294 Binding: 0.10 0.05 -0.04 -0.07 0.05 0.32 0.19 0.34 -0.12 -0.26 -0.21  Rvol: 0.58 1.05 1.44 -0.33 -0.31 -0.03 0.29 0.14 0.74 1.27 1.67 -0.28 -0.17 0.11 0.42 
Loss: 0.630031  SIA Ef: -0.065638 Binding: 0.10 0.05 -0.04 -0.07 0.05 0.32 0.19 0.34 -0.12 -0.26 -0.21  Rvol: 0.58 1.05 1.44 -0.33 -0.31 -0.03 0.29 0.14 0.74 1.27 1.67 -0.28 -0.17 0.11 0.42 
Loss: 0.629928  SIA Ef: -0.064687 Binding: 0.10 0.05 -0.04 -0.07 0.05 0.32 0.19 0.34 -0.12 -0.26 -0.21  Rvol: 0.58 1.05 1.44 -0.33 -0.31 -0.03 0.29 0.14 0.74 1.27 1.67 -0.28 -0.17 0.11 0.42 
Loss: 0.629805  SIA Ef: -0.064431 Binding: 0.10 0.05 -0.04 -0.07 0.05 0.32 0.19 0.34 -0.13 -0.26 -0.21  Rvol: 0.58 1.05 1.44 -0.33 -0.31 -0.03 0.29 0.14 0.74 1.27 1.67 -0.28 -0.17 0.11 0.42 
Loss: 0.629364  SIA Ef: -0.064616 Binding: 0.10 0.05 -0.04 -0.07 0.04 0.32 0.18 0.34 -0.13 -0.26 -0.21  Rvol: 0.58 1.05 1.44 -0.33 -0.31 -0.03 0.29 0.14 0.74 1.27 1.67 -0.28 -0.17 0.11 0.42 
Loss: 0.628904  SIA Ef: -0.062954 Binding: 0.10 0.05 -0.04 -0.07 0.04 0.32 0.18 0.34 -0.13 -0.27 -0.21  Rvol: 0.58 1.05 1.44 -0.33 -0.31 -0.03 0.29 0.14 0.74 1.27 1.67 -0.28 -0.17 0.11 0.42 
Loss: 0.628621  SIA Ef: -0.062477 Binding: 0.10 0.05 -0.04 -0.07 0.04 0.32 0.18 0.34 -0.13 -0.27 -0.21  Rvol: 0.58 1.05 1.44 -0.33 -0.31 -0.03 0.29 0.14 0.74 1.27 1.67 -0.28 -0.17 0.11 0.42 
Loss: 0.628780  SIA Ef: -0.061374 Binding: 0.10 0.05 -0.04 -0.07 0.04 0.32 0.18 0.34 -0.13 -0.27 -0.22  Rvol: 0.58 1.05 1.44 -0.33 -0.31 -0.03 0.29 0.14 0.74 1.27 1.67 -0.28 -0.17 0.11 0.42 
Loss: 0.628699  SIA Ef: -0.061563 Binding: 0.10 0.05 -0.04 -0.07 0.04 0.32 0.18 0.34 -0.13 -0.27 -0.21  Rvol: 0.58 1.05 1.44 -0.33 -0.31 -0.03 0.29 0.14 0.74 1.27 1.67 -0.28 -0.17 0.11 0.42 
Loss: 0.628653  SIA Ef: -0.063534 Binding: 0.10 0.05 -0.04 -0.07 0.04 0.32 0.18 0.34 -0.13 -0.27 -0.22  Rvol: 0.58 1.05 1.44 -0.33 -0.31 -0.03 0.29 0.14 0.74 1.27 1.67 -0.28 -0.17 0.11 0.42 
Loss: 0.628437  SIA Ef: -0.064661 Binding: 0.10 0.05 -0.04 -0.07 0.04 0.32 0.18 0.34 -0.13 -0.27 -0.21  Rvol: 0.58 1.05 1.44 -0.33 -0.31 -0.03 0.29 0.14 0.74 1.27 1.67 -0.28 -0.17 0.11 0.42 
Loss: 0.628350  SIA Ef: -0.063860 Binding: 0.10 0.05 -0.04 -0.07 0.04 0.32 0.18 0.34 -0.13 -0.27 -0.21  Rvol: 0.58 1.05 1.44 -0.33 -0.31 -0.03 0.29 0.14 0.74 1.27 1.67 -0.28 -0.17 0.11 0.42 
Loss: 0.628348  SIA Ef: -0.063152 Binding: 0.10 0.05 -0.04 -0.07 0.04 0.32 0.18 0.34 -0.13 -0.27 -0.21  Rvol: 0.58 1.05 1.44 -0.33 -0.31 -0.03 0.29 0.14 0.74 1.27 1.67 -0.28 -0.17 0.11 0.42 
Loss: 0.628621  SIA Ef: -0.060572 Binding: 0.10 0.05 -0.04 -0.07 0.04 0.32 0.18 0.34 -0.13 -0.27 -0.21  Rvol: 0.58 1.05 1.44 -0.33 -0.31 -0.03 0.29 0.14 0.74 1.27 1.67 -0.28 -0.17 0.11 0.42 
Loss: 0.628346  SIA Ef: -0.063305 Binding: 0.10 0.05 -0.04 -0.07 0.04 0.32 0.18 0.34 -0.13 -0.27 -0.21  Rvol: 0.58 1.05 1.44 -0.33 -0.31 -0.03 0.29 0.14 0.74 1.27 1.67 -0.28 -0.17 0.11 0.42 
Loss: 0.628220  SIA Ef: -0.062207 Binding: 0.10 0.05 -0.04 -0.07 0.04 0.32 0.18 0.34 -0.13 -0.27 -0.21  Rvol: 0.58 1.05 1.44 -0.33 -0.31 -0.03 0.29 0.14 0.74 1.27 1.67 -0.28 -0.17 0.11 0.42 
Loss: 0.628094  SIA Ef: -0.062714 Binding: 0.10 0.05 -0.04 -0.07 0.04 0.32 0.18 0.34 -0.13 -0.27 -0.21  Rvol: 0.58 1.05 1.44 -0.33 -0.31 -0.03 0.29 0.14 0.74 1.27 1.67 -0.28 -0.17 0.11 0.42 
Loss: 0.628191  SIA Ef: -0.068271 Binding: 0.10 0.05 -0.05 -0.07 0.04 0.32 0.18 0.34 -0.13 -0.27 -0.21  Rvol: 0.58 1.05 1.44 -0.33 -0.31 -0.03 0.29 0.14 0.74 1.27 1.67 -0.28 -0.17 0.11 0.42 
Loss: 0.628121  SIA Ef: -0.062158 Binding: 0.10 0.05 -0.04 -0.07 0.04 0.32 0.18 0.34 -0.13 -0.27 -0.21  Rvol: 0.58 1.05 1.44 -0.33 -0.31 -0.03 0.29 0.14 0.74 1.27 1.67 -0.28 -0.17 0.11 0.42 
Loss: 0.627937  SIA Ef: -0.063033 Binding: 0.10 0.05 -0.04 -0.07 0.04 0.32 0.18 0.34 -0.13 -0.27 -0.22  Rvol: 0.58 1.05 1.44 -0.33 -0.31 -0.03 0.29 0.14 0.74 1.27 1.67 -0.28 -0.17 0.11 0.42 
Loss: 0.627924  SIA Ef: -0.063053 Binding: 0.10 0.05 -0.04 -0.07 0.04 0.32 0.18 0.34 -0.13 -0.27 -0.22  Rvol: 0.58 1.05 1.44 -0.33 -0.31 -0.03 0.29 0.14 0.74 1.27 1.67 -0.28 -0.17 0.11 0.42 
Loss: 0.627946  SIA Ef: -0.060055 Binding: 0.10 0.05 -0.04 -0.07 0.04 0.32 0.18 0.34 -0.13 -0.27 -0.22  Rvol: 0.58 1.05 1.44 -0.33 -0.31 -0.03 0.29 0.14 0.74 1.27 1.67 -0.28 -0.17 0.11 0.42 
Loss: 0.627932  SIA Ef: -0.062282 Binding: 0.10 0.05 -0.04 -0.07 0.04 0.32 0.18 0.34 -0.13 -0.27 -0.22  Rvol: 0.58 1.05 1.44 -0.33 -0.31 -0.03 0.29 0.14 0.74 1.27 1.67 -0.28 -0.17 0.11 0.42 
Loss: 0.627989  SIA Ef: -0.061405 Binding: 0.10 0.05 -0.04 -0.07 0.04 0.32 0.18 0.34 -0.13 -0.27 -0.22  Rvol: 0.58 1.05 1.44 -0.33 -0.31 -0.03 0.29 0.14 0.74 1.27 1.67 -0.28 -0.17 0.11 0.42 
Loss: 0.627648  SIA Ef: -0.068602 Binding: 0.10 0.05 -0.04 -0.07 0.04 0.32 0.18 0.34 -0.13 -0.27 -0.21  Rvol: 0.58 1.05 1.44 -0.33 -0.31 -0.03 0.29 0.14 0.74 1.27 1.67 -0.28 -0.17 0.11 0.42 
Loss: 0.627630  SIA Ef: -0.071464 Binding: 0.10 0.05 -0.04 -0.07 0.04 0.32 0.18 0.34 -0.13 -0.27 -0.22  Rvol: 0.58 1.05 1.44 -0.33 -0.31 -0.03 0.29 0.14 0.74 1.27 1.67 -0.28 -0.17 0.11 0.42 
Loss: 0.627624  SIA Ef: -0.070768 Binding: 0.10 0.05 -0.04 -0.07 0.04 0.32 0.18 0.34 -0.13 -0.27 -0.22  Rvol: 0.58 1.05 1.44 -0.33 -0.31 -0.03 0.29 0.14 0.74 1.27 1.67 -0.28 -0.17 0.11 0.42 
Loss: 0.627630  SIA Ef: -0.073331 Binding: 0.10 0.05 -0.05 -0.07 0.04 0.32 0.18 0.34 -0.13 -0.27 -0.21  Rvol: 0.58 1.05 1.44 -0.33 -0.31 -0.03 0.29 0.14 0.74 1.27 1.67 -0.28 -0.17 0.11 0.42 
Loss: 0.627629  SIA Ef: -0.071351 Binding: 0.10 0.05 -0.04 -0.07 0.04 0.32 0.18 0.34 -0.13 -0.27 -0.22  Rvol: 0.58 1.05 1.44 -0.33 -0.31 -0.03 0.29 0.14 0.74 1.27 1.67 -0.28 -0.17 0.11 0.42 
Loss: 0.627677  SIA Ef: -0.074800 Binding: 0.10 0.05 -0.05 -0.07 0.04 0.32 0.18 0.34 -0.13 -0.27 -0.22  Rvol: 0.58 1.05 1.44 -0.33 -0.31 -0.03 0.29 0.14 0.74 1.27 1.67 -0.28 -0.17 0.11 0.42 
Loss: 0.627825  SIA Ef: -0.071348 Binding: 0.10 0.05 -0.05 -0.07 0.04 0.32 0.18 0.34 -0.13 -0.27 -0.21  Rvol: 0.58 1.05 1.44 -0.33 -0.31 -0.03 0.29 0.14 0.74 1.27 1.67 -0.28 -0.17 0.11 0.42 
Loss: 0.627560  SIA Ef: -0.071678 Binding: 0.10 0.05 -0.05 -0.07 0.04 0.32 0.18 0.34 -0.13 -0.27 -0.21  Rvol: 0.58 1.05 1.44 -0.33 -0.31 -0.03 0.29 0.14 0.74 1.27 1.67 -0.28 -0.17 0.11 0.42 
Loss: 0.627723  SIA Ef: -0.072973 Binding: 0.10 0.05 -0.05 -0.07 0.04 0.32 0.18 0.34 -0.13 -0.27 -0.21  Rvol: 0.58 1.05 1.44 -0.33 -0.31 -0.03 0.29 0.14 0.74 1.27 1.67 -0.28 -0.17 0.11 0.42 
Loss: 0.627358  SIA Ef: -0.070459 Binding: 0.10 0.05 -0.04 -0.07 0.04 0.32 0.18 0.34 -0.13 -0.27 -0.22  Rvol: 0.58 1.05 1.44 -0.33 -0.31 -0.03 0.29 0.14 0.74 1.27 1.67 -0.28 -0.17 0.11 0.42 
Loss: 0.627196  SIA Ef: -0.069940 Binding: 0.10 0.05 -0.04 -0.07 0.04 0.32 0.18 0.34 -0.13 -0.27 -0.22  Rvol: 0.58 1.05 1.44 -0.33 -0.31 -0.03 0.29 0.14 0.74 1.27 1.67 -0.28 -0.17 0.11 0.42 
Loss: 0.626822  SIA Ef: -0.066441 Binding: 0.10 0.05 -0.04 -0.07 0.04 0.32 0.18 0.34 -0.13 -0.27 -0.22  Rvol: 0.58 1.05 1.44 -0.33 -0.31 -0.03 0.29 0.14 0.74 1.27 1.67 -0.28 -0.17 0.11 0.42 
Loss: 0.626905  SIA Ef: -0.062940 Binding: 0.10 0.05 -0.04 -0.07 0.04 0.31 0.18 0.33 -0.13 -0.27 -0.22  Rvol: 0.58 1.05 1.44 -0.33 -0.31 -0.03 0.29 0.14 0.74 1.27 1.67 -0.28 -0.17 0.11 0.42 
Loss: 0.627053  SIA Ef: -0.064621 Binding: 0.10 0.05 -0.04 -0.07 0.04 0.32 0.18 0.34 -0.13 -0.27 -0.22  Rvol: 0.58 1.05 1.44 -0.33 -0.31 -0.03 0.29 0.14 0.74 1.27 1.67 -0.28 -0.17 0.11 0.42 
Loss: 0.626871  SIA Ef: -0.067938 Binding: 0.10 0.05 -0.04 -0.07 0.04 0.31 0.18 0.33 -0.13 -0.27 -0.22  Rvol: 0.58 1.05 1.44 -0.33 -0.31 -0.03 0.29 0.14 0.74 1.27 1.67 -0.28 -0.17 0.11 0.42 
Loss: 0.626702  SIA Ef: -0.067942 Binding: 0.10 0.05 -0.04 -0.07 0.04 0.32 0.18 0.34 -0.13 -0.27 -0.22  Rvol: 0.58 1.05 1.44 -0.33 -0.31 -0.03 0.29 0.14 0.74 1.27 1.67 -0.28 -0.17 0.11 0.42 
Loss: 0.626634  SIA Ef: -0.068577 Binding: 0.10 0.05 -0.04 -0.07 0.04 0.32 0.18 0.34 -0.13 -0.27 -0.22  Rvol: 0.58 1.05 1.44 -0.33 -0.31 -0.03 0.29 0.14 0.74 1.27 1.67 -0.28 -0.17 0.11 0.42 
Loss: 0.626652  SIA Ef: -0.067179 Binding: 0.10 0.05 -0.04 -0.07 0.04 0.32 0.18 0.34 -0.13 -0.27 -0.22  Rvol: 0.58 1.05 1.44 -0.33 -0.31 -0.03 0.29 0.14 0.74 1.27 1.67 -0.28 -0.17 0.11 0.42 
Loss: 0.626631  SIA Ef: -0.067098 Binding: 0.10 0.05 -0.04 -0.07 0.04 0.32 0.18 0.34 -0.13 -0.27 -0.22  Rvol: 0.58 1.05 1.44 -0.33 -0.31 -0.03 0.29 0.14 0.74 1.27 1.67 -0.28 -0.17 0.11 0.42 
Loss: 0.626623  SIA Ef: -0.067176 Binding: 0.10 0.05 -0.04 -0.07 0.04 0.32 0.18 0.34 -0.13 -0.27 -0.22  Rvol: 0.58 1.05 1.44 -0.33 -0.31 -0.03 0.29 0.14 0.74 1.27 1.67 -0.28 -0.17 0.11 0.42 
Loss: 0.626579  SIA Ef: -0.066976 Binding: 0.10 0.05 -0.04 -0.07 0.04 0.32 0.18 0.34 -0.13 -0.27 -0.22  Rvol: 0.58 1.05 1.44 -0.33 -0.31 -0.03 0.29 0.14 0.74 1.27 1.67 -0.28 -0.17 0.11 0.42 
Loss: 0.626551  SIA Ef: -0.066463 Binding: 0.10 0.05 -0.04 -0.07 0.04 0.32 0.18 0.34 -0.13 -0.27 -0.22  Rvol: 0.58 1.05 1.44 -0.33 -0.31 -0.03 0.29 0.14 0.74 1.27 1.67 -0.28 -0.17 0.11 0.42 
Loss: 0.626629  SIA Ef: -0.071311 Binding: 0.10 0.05 -0.05 -0.07 0.04 0.32 0.18 0.33 -0.13 -0.27 -0.22  Rvol: 0.58 1.05 1.44 -0.33 -0.31 -0.03 0.29 0.14 0.74 1.27 1.67 -0.28 -0.17 0.11 0.42 
Loss: 0.626726  SIA Ef: -0.068127 Binding: 0.10 0.05 -0.04 -0.07 0.04 0.32 0.18 0.34 -0.13 -0.27 -0.22  Rvol: 0.58 1.05 1.44 -0.33 -0.31 -0.03 0.29 0.14 0.74 1.27 1.67 -0.28 -0.17 0.11 0.42 
Loss: 0.626463  SIA Ef: -0.066206 Binding: 0.10 0.05 -0.04 -0.07 0.04 0.31 0.18 0.33 -0.13 -0.27 -0.22  Rvol: 0.58 1.05 1.44 -0.33 -0.31 -0.03 0.29 0.14 0.74 1.27 1.67 -0.28 -0.17 0.11 0.42 
Loss: 0.626427  SIA Ef: -0.066699 Binding: 0.10 0.05 -0.04 -0.07 0.04 0.32 0.18 0.33 -0.13 -0.27 -0.22  Rvol: 0.58 1.05 1.44 -0.33 -0.31 -0.03 0.29 0.14 0.74 1.27 1.67 -0.28 -0.17 0.11 0.42 
Loss: 0.626520  SIA Ef: -0.062811 Binding: 0.10 0.05 -0.04 -0.07 0.04 0.31 0.18 0.33 -0.13 -0.27 -0.22  Rvol: 0.58 1.05 1.44 -0.33 -0.31 -0.03 0.29 0.14 0.74 1.27 1.67 -0.28 -0.17 0.11 0.42 
Loss: 0.626165  SIA Ef: -0.068306 Binding: 0.10 0.05 -0.04 -0.07 0.04 0.32 0.18 0.33 -0.13 -0.27 -0.22  Rvol: 0.58 1.05 1.44 -0.33 -0.31 -0.03 0.29 0.14 0.74 1.27 1.67 -0.28 -0.17 0.11 0.42 
Loss: 0.626158  SIA Ef: -0.072053 Binding: 0.10 0.05 -0.05 -0.07 0.04 0.32 0.18 0.33 -0.13 -0.27 -0.22  Rvol: 0.58 1.05 1.44 -0.33 -0.31 -0.03 0.29 0.14 0.74 1.27 1.67 -0.28 -0.17 0.11 0.42 
Loss: 0.626155  SIA Ef: -0.071176 Binding: 0.10 0.05 -0.05 -0.07 0.04 0.32 0.18 0.33 -0.13 -0.27 -0.22  Rvol: 0.58 1.05 1.44 -0.33 -0.31 -0.03 0.29 0.14 0.74 1.27 1.67 -0.28 -0.17 0.11 0.42 
Loss: 0.626146  SIA Ef: -0.068566 Binding: 0.10 0.05 -0.05 -0.07 0.04 0.32 0.18 0.33 -0.13 -0.27 -0.22  Rvol: 0.58 1.05 1.44 -0.33 -0.31 -0.03 0.29 0.14 0.74 1.27 1.67 -0.28 -0.17 0.11 0.42 
Loss: 0.626144  SIA Ef: -0.068459 Binding: 0.10 0.05 -0.05 -0.07 0.04 0.31 0.18 0.33 -0.13 -0.27 -0.22  Rvol: 0.58 1.05 1.44 -0.33 -0.31 -0.03 0.29 0.14 0.74 1.27 1.67 -0.28 -0.17 0.11 0.42 
Loss: 0.626157  SIA Ef: -0.068628 Binding: 0.10 0.05 -0.05 -0.07 0.04 0.32 0.18 0.33 -0.13 -0.27 -0.22  Rvol: 0.58 1.05 1.44 -0.33 -0.31 -0.03 0.29 0.14 0.74 1.27 1.67 -0.28 -0.17 0.11 0.42 
Loss: 0.626142  SIA Ef: -0.068215 Binding: 0.10 0.05 -0.05 -0.07 0.04 0.32 0.18 0.33 -0.13 -0.27 -0.22  Rvol: 0.58 1.05 1.44 -0.33 -0.31 -0.03 0.29 0.14 0.74 1.27 1.67 -0.28 -0.17 0.11 0.42 
Loss: 0.626186  SIA Ef: -0.071527 Binding: 0.10 0.05 -0.05 -0.07 0.04 0.32 0.18 0.33 -0.13 -0.27 -0.22  Rvol: 0.58 1.05 1.44 -0.33 -0.31 -0.03 0.29 0.14 0.74 1.27 1.67 -0.28 -0.17 0.11 0.42 
Loss: 0.625908  SIA Ef: -0.066947 Binding: 0.10 0.05 -0.04 -0.07 0.04 0.31 0.18 0.33 -0.13 -0.27 -0.22  Rvol: 0.58 1.05 1.44 -0.33 -0.31 -0.03 0.29 0.14 0.74 1.27 1.67 -0.28 -0.17 0.11 0.42 
Loss: 0.625776  SIA Ef: -0.064083 Binding: 0.10 0.05 -0.04 -0.07 0.04 0.31 0.18 0.33 -0.13 -0.27 -0.22  Rvol: 0.58 1.05 1.44 -0.33 -0.31 -0.03 0.29 0.14 0.74 1.27 1.67 -0.28 -0.17 0.11 0.42 
Loss: 0.625784  SIA Ef: -0.063812 Binding: 0.10 0.05 -0.04 -0.07 0.04 0.31 0.18 0.33 -0.13 -0.27 -0.22  Rvol: 0.58 1.05 1.44 -0.33 -0.31 -0.03 0.29 0.14 0.74 1.27 1.67 -0.28 -0.17 0.11 0.42 
Loss: 0.625794  SIA Ef: -0.061136 Binding: 0.10 0.05 -0.04 -0.07 0.04 0.31 0.18 0.33 -0.13 -0.27 -0.22  Rvol: 0.58 1.05 1.44 -0.33 -0.31 -0.03 0.29 0.14 0.74 1.27 1.67 -0.28 -0.17 0.11 0.42 
Loss: 0.625801  SIA Ef: -0.062926 Binding: 0.10 0.05 -0.04 -0.07 0.04 0.31 0.18 0.33 -0.13 -0.27 -0.22  Rvol: 0.58 1.05 1.44 -0.33 -0.31 -0.03 0.29 0.14 0.74 1.27 1.67 -0.28 -0.17 0.11 0.42 
Loss: 0.625763  SIA Ef: -0.065059 Binding: 0.10 0.05 -0.04 -0.07 0.04 0.31 0.18 0.33 -0.13 -0.27 -0.22  Rvol: 0.58 1.05 1.44 -0.33 -0.31 -0.03 0.29 0.14 0.74 1.27 1.67 -0.28 -0.17 0.11 0.42 
Loss: 0.625757  SIA Ef: -0.066223 Binding: 0.10 0.05 -0.05 -0.07 0.04 0.31 0.18 0.33 -0.13 -0.27 -0.22  Rvol: 0.58 1.05 1.44 -0.33 -0.31 -0.03 0.29 0.14 0.74 1.27 1.67 -0.28 -0.17 0.11 0.42 
Loss: 0.625761  SIA Ef: -0.065794 Binding: 0.10 0.05 -0.05 -0.07 0.04 0.31 0.18 0.33 -0.13 -0.27 -0.22  Rvol: 0.58 1.05 1.44 -0.33 -0.31 -0.03 0.29 0.14 0.74 1.27 1.67 -0.28 -0.17 0.11 0.42 
Loss: 0.625761  SIA Ef: -0.066210 Binding: 0.10 0.05 -0.05 -0.07 0.04 0.31 0.18 0.33 -0.13 -0.27 -0.22  Rvol: 0.58 1.05 1.44 -0.33 -0.31 -0.03 0.29 0.14 0.74 1.27 1.67 -0.28 -0.17 0.11 0.42 
Loss: 0.625762  SIA Ef: -0.065589 Binding: 0.10 0.05 -0.05 -0.07 0.04 0.31 0.18 0.33 -0.13 -0.27 -0.22  Rvol: 0.58 1.05 1.44 -0.33 -0.31 -0.03 0.29 0.14 0.74 1.27 1.67 -0.28 -0.17 0.11 0.42 
Loss: 0.625759  SIA Ef: -0.066419 Binding: 0.10 0.05 -0.05 -0.07 0.04 0.31 0.18 0.33 -0.13 -0.27 -0.22  Rvol: 0.58 1.05 1.44 -0.33 -0.31 -0.03 0.29 0.14 0.74 1.27 1.67 -0.28 -0.17 0.11 0.42 
Loss: 0.625755  SIA Ef: -0.065754 Binding: 0.10 0.05 -0.05 -0.07 0.04 0.31 0.18 0.33 -0.13 -0.27 -0.22  Rvol: 0.58 1.05 1.44 -0.33 -0.31 -0.03 0.29 0.14 0.74 1.27 1.67 -0.28 -0.17 0.11 0.42 
Loss: 0.625807  SIA Ef: -0.068551 Binding: 0.10 0.05 -0.05 -0.07 0.04 0.32 0.18 0.33 -0.13 -0.27 -0.22  Rvol: 0.58 1.05 1.44 -0.33 -0.31 -0.03 0.29 0.14 0.74 1.27 1.67 -0.28 -0.17 0.11 0.42 
Loss: 0.625870  SIA Ef: -0.066236 Binding: 0.10 0.05 -0.05 -0.07 0.04 0.32 0.18 0.33 -0.13 -0.27 -0.22  Rvol: 0.58 1.05 1.44 -0.33 -0.31 -0.03 0.29 0.14 0.74 1.27 1.67 -0.28 -0.17 0.11 0.42 
Loss: 0.625532  SIA Ef: -0.064456 Binding: 0.10 0.05 -0.04 -0.07 0.04 0.31 0.18 0.33 -0.13 -0.27 -0.22  Rvol: 0.58 1.05 1.44 -0.33 -0.31 -0.03 0.29 0.14 0.74 1.27 1.67 -0.28 -0.17 0.11 0.42 
Loss: 0.625450  SIA Ef: -0.062945 Binding: 0.10 0.05 -0.04 -0.07 0.04 0.31 0.18 0.33 -0.13 -0.27 -0.22  Rvol: 0.58 1.05 1.44 -0.33 -0.31 -0.03 0.29 0.14 0.74 1.27 1.67 -0.28 -0.17 0.11 0.42 
Loss: 0.625425  SIA Ef: -0.062685 Binding: 0.10 0.05 -0.04 -0.07 0.04 0.31 0.18 0.33 -0.13 -0.27 -0.22  Rvol: 0.58 1.05 1.44 -0.33 -0.31 -0.03 0.29 0.14 0.74 1.27 1.67 -0.28 -0.17 0.11 0.42 
Loss: 0.625541  SIA Ef: -0.061612 Binding: 0.10 0.05 -0.04 -0.07 0.04 0.31 0.18 0.33 -0.13 -0.27 -0.22  Rvol: 0.58 1.05 1.44 -0.33 -0.31 -0.03 0.29 0.14 0.74 1.27 1.67 -0.28 -0.17 0.11 0.42 
Loss: 0.625238  SIA Ef: -0.063690 Binding: 0.10 0.05 -0.04 -0.07 0.04 0.31 0.18 0.33 -0.13 -0.27 -0.22  Rvol: 0.58 1.05 1.44 -0.33 -0.31 -0.03 0.29 0.14 0.74 1.27 1.67 -0.28 -0.17 0.11 0.42 
Loss: 0.625092  SIA Ef: -0.064194 Binding: 0.10 0.05 -0.04 -0.07 0.04 0.31 0.18 0.33 -0.13 -0.27 -0.22  Rvol: 0.58 1.05 1.44 -0.33 -0.31 -0.03 0.29 0.14 0.74 1.27 1.67 -0.28 -0.17 0.11 0.42 
Loss: 0.625041  SIA Ef: -0.066433 Binding: 0.10 0.05 -0.04 -0.07 0.04 0.31 0.18 0.33 -0.13 -0.27 -0.22  Rvol: 0.58 1.05 1.44 -0.33 -0.31 -0.03 0.29 0.14 0.74 1.27 1.67 -0.28 -0.17 0.11 0.42 
Loss: 0.625049  SIA Ef: -0.066025 Binding: 0.10 0.05 -0.04 -0.07 0.04 0.31 0.18 0.33 -0.13 -0.27 -0.22  Rvol: 0.58 1.05 1.44 -0.33 -0.31 -0.03 0.29 0.14 0.74 1.27 1.67 -0.28 -0.17 0.11 0.42 
Loss: 0.625084  SIA Ef: -0.066545 Binding: 0.10 0.05 -0.04 -0.07 0.04 0.31 0.18 0.33 -0.13 -0.27 -0.22  Rvol: 0.58 1.05 1.44 -0.33 -0.31 -0.03 0.29 0.14 0.74 1.27 1.67 -0.28 -0.17 0.11 0.42 
Loss: 0.625036  SIA Ef: -0.066810 Binding: 0.10 0.05 -0.04 -0.07 0.04 0.31 0.18 0.33 -0.13 -0.27 -0.22  Rvol: 0.58 1.05 1.44 -0.33 -0.31 -0.03 0.29 0.14 0.74 1.27 1.67 -0.28 -0.17 0.11 0.42 
Loss: 0.624988  SIA Ef: -0.067392 Binding: 0.10 0.05 -0.04 -0.07 0.04 0.31 0.18 0.33 -0.13 -0.27 -0.22  Rvol: 0.58 1.05 1.44 -0.33 -0.31 -0.03 0.29 0.14 0.74 1.27 1.67 -0.28 -0.17 0.11 0.42 
Loss: 0.624905  SIA Ef: -0.066687 Binding: 0.10 0.05 -0.04 -0.07 0.04 0.31 0.18 0.33 -0.13 -0.27 -0.22  Rvol: 0.58 1.05 1.44 -0.33 -0.31 -0.03 0.29 0.14 0.74 1.27 1.67 -0.28 -0.17 0.11 0.42 
Loss: 0.624798  SIA Ef: -0.067570 Binding: 0.10 0.05 -0.04 -0.07 0.04 0.31 0.18 0.33 -0.13 -0.27 -0.22  Rvol: 0.58 1.05 1.44 -0.33 -0.31 -0.03 0.29 0.14 0.74 1.27 1.67 -0.28 -0.17 0.11 0.42 
Loss: 0.624626  SIA Ef: -0.066371 Binding: 0.10 0.05 -0.04 -0.07 0.04 0.31 0.18 0.33 -0.13 -0.27 -0.22  Rvol: 0.58 1.05 1.44 -0.33 -0.31 -0.03 0.29 0.14 0.74 1.27 1.67 -0.28 -0.17 0.11 0.42 
Loss: 0.624602  SIA Ef: -0.065446 Binding: 0.10 0.05 -0.04 -0.07 0.04 0.31 0.18 0.33 -0.13 -0.27 -0.22  Rvol: 0.58 1.05 1.44 -0.33 -0.31 -0.03 0.29 0.14 0.74 1.27 1.67 -0.28 -0.17 0.11 0.42 
Loss: 0.624587  SIA Ef: -0.065441 Binding: 0.10 0.05 -0.04 -0.07 0.04 0.31 0.18 0.33 -0.13 -0.27 -0.22  Rvol: 0.58 1.05 1.44 -0.33 -0.31 -0.03 0.29 0.14 0.74 1.27 1.67 -0.28 -0.17 0.11 0.42 
Loss: 0.624581  SIA Ef: -0.065041 Binding: 0.10 0.05 -0.04 -0.07 0.04 0.31 0.18 0.33 -0.13 -0.27 -0.22  Rvol: 0.58 1.05 1.44 -0.33 -0.31 -0.03 0.29 0.14 0.74 1.27 1.67 -0.28 -0.17 0.11 0.42 
Loss: 0.624503  SIA Ef: -0.066335 Binding: 0.10 0.05 -0.04 -0.07 0.04 0.31 0.18 0.33 -0.13 -0.27 -0.22  Rvol: 0.58 1.05 1.44 -0.33 -0.31 -0.03 0.29 0.14 0.74 1.27 1.67 -0.28 -0.17 0.11 0.42 
Loss: 0.624353  SIA Ef: -0.067390 Binding: 0.10 0.05 -0.04 -0.07 0.04 0.31 0.18 0.33 -0.13 -0.27 -0.22  Rvol: 0.58 1.05 1.44 -0.33 -0.31 -0.03 0.29 0.14 0.74 1.27 1.67 -0.28 -0.17 0.11 0.42 
Loss: 0.624362  SIA Ef: -0.069784 Binding: 0.10 0.05 -0.05 -0.07 0.04 0.31 0.18 0.33 -0.13 -0.27 -0.22  Rvol: 0.58 1.05 1.44 -0.33 -0.31 -0.03 0.29 0.14 0.74 1.27 1.67 -0.28 -0.17 0.11 0.42 
Loss: 0.624347  SIA Ef: -0.067788 Binding: 0.10 0.05 -0.04 -0.07 0.04 0.31 0.18 0.33 -0.13 -0.27 -0.22  Rvol: 0.58 1.05 1.44 -0.33 -0.31 -0.03 0.29 0.14 0.74 1.27 1.67 -0.28 -0.17 0.11 0.42 
Loss: 0.624347  SIA Ef: -0.067692 Binding: 0.10 0.05 -0.04 -0.07 0.04 0.31 0.18 0.33 -0.13 -0.27 -0.22  Rvol: 0.58 1.05 1.44 -0.33 -0.31 -0.03 0.29 0.14 0.74 1.27 1.67 -0.28 -0.17 0.11 0.42 
Loss: 0.624295  SIA Ef: -0.068073 Binding: 0.10 0.05 -0.04 -0.07 0.04 0.31 0.18 0.33 -0.13 -0.27 -0.22  Rvol: 0.58 1.05 1.44 -0.33 -0.31 -0.03 0.29 0.14 0.74 1.27 1.67 -0.28 -0.17 0.11 0.42 
Loss: 0.624291  SIA Ef: -0.068561 Binding: 0.10 0.05 -0.04 -0.07 0.04 0.31 0.18 0.33 -0.13 -0.27 -0.22  Rvol: 0.58 1.05 1.44 -0.33 -0.31 -0.03 0.29 0.14 0.74 1.27 1.67 -0.28 -0.17 0.11 0.42 
Loss: 0.624225  SIA Ef: -0.068078 Binding: 0.10 0.05 -0.04 -0.07 0.04 0.31 0.18 0.33 -0.13 -0.27 -0.22  Rvol: 0.58 1.05 1.44 -0.33 -0.31 -0.03 0.29 0.14 0.74 1.27 1.67 -0.28 -0.17 0.11 0.42 
Loss: 0.624173  SIA Ef: -0.068952 Binding: 0.10 0.05 -0.04 -0.07 0.04 0.31 0.18 0.33 -0.13 -0.27 -0.22  Rvol: 0.58 1.05 1.44 -0.33 -0.31 -0.03 0.29 0.14 0.74 1.27 1.67 -0.28 -0.17 0.11 0.42 
Loss: 0.624050  SIA Ef: -0.067407 Binding: 0.10 0.05 -0.04 -0.07 0.04 0.31 0.18 0.33 -0.13 -0.27 -0.22  Rvol: 0.58 1.05 1.44 -0.33 -0.31 -0.03 0.29 0.14 0.74 1.27 1.67 -0.28 -0.17 0.11 0.42 
Loss: 0.624001  SIA Ef: -0.067140 Binding: 0.10 0.05 -0.04 -0.07 0.04 0.31 0.18 0.33 -0.13 -0.27 -0.22  Rvol: 0.58 1.05 1.44 -0.33 -0.31 -0.03 0.29 0.14 0.74 1.27 1.67 -0.28 -0.17 0.11 0.42 
Loss: 0.623997  SIA Ef: -0.066632 Binding: 0.10 0.05 -0.04 -0.07 0.04 0.31 0.18 0.33 -0.13 -0.27 -0.22  Rvol: 0.58 1.05 1.44 -0.33 -0.31 -0.03 0.29 0.14 0.74 1.27 1.67 -0.28 -0.17 0.11 0.42 
Loss: 0.624131  SIA Ef: -0.065425 Binding: 0.10 0.05 -0.04 -0.07 0.04 0.31 0.18 0.33 -0.13 -0.27 -0.22  Rvol: 0.58 1.05 1.44 -0.33 -0.31 -0.03 0.29 0.14 0.74 1.27 1.67 -0.28 -0.17 0.11 0.42 
Loss: 0.623866  SIA Ef: -0.068020 Binding: 0.10 0.05 -0.04 -0.07 0.04 0.31 0.18 0.33 -0.13 -0.27 -0.22  Rvol: 0.58 1.05 1.44 -0.33 -0.31 -0.03 0.29 0.14 0.74 1.27 1.67 -0.28 -0.17 0.11 0.42 
Loss: 0.623778  SIA Ef: -0.068210 Binding: 0.10 0.05 -0.04 -0.07 0.04 0.31 0.18 0.33 -0.13 -0.27 -0.22  Rvol: 0.58 1.05 1.44 -0.33 -0.31 -0.03 0.29 0.14 0.74 1.27 1.67 -0.28 -0.17 0.11 0.42 
Loss: 0.623787  SIA Ef: -0.068665 Binding: 0.10 0.05 -0.04 -0.07 0.04 0.31 0.18 0.33 -0.13 -0.27 -0.22  Rvol: 0.58 1.05 1.44 -0.33 -0.31 -0.03 0.29 0.14 0.74 1.27 1.67 -0.28 -0.17 0.11 0.42 
Loss: 0.623776  SIA Ef: -0.067892 Binding: 0.10 0.05 -0.04 -0.07 0.04 0.31 0.18 0.33 -0.13 -0.27 -0.22  Rvol: 0.58 1.05 1.44 -0.33 -0.31 -0.03 0.29 0.14 0.74 1.27 1.67 -0.28 -0.17 0.11 0.42 
Loss: 0.623783  SIA Ef: -0.067554 Binding: 0.10 0.05 -0.04 -0.07 0.04 0.31 0.18 0.33 -0.13 -0.27 -0.22  Rvol: 0.58 1.05 1.44 -0.33 -0.31 -0.03 0.29 0.14 0.74 1.27 1.67 -0.28 -0.17 0.11 0.42 
Loss: 0.623779  SIA Ef: -0.068596 Binding: 0.10 0.05 -0.04 -0.07 0.04 0.31 0.18 0.33 -0.13 -0.27 -0.22  Rvol: 0.58 1.05 1.44 -0.33 -0.31 -0.03 0.29 0.14 0.74 1.27 1.67 -0.28 -0.17 0.11 0.42 
Loss: 0.623808  SIA Ef: -0.069283 Binding: 0.10 0.05 -0.04 -0.07 0.04 0.31 0.18 0.33 -0.13 -0.27 -0.22  Rvol: 0.58 1.05 1.44 -0.33 -0.31 -0.03 0.29 0.14 0.74 1.27 1.67 -0.28 -0.17 0.11 0.42 
Loss: 0.623766  SIA Ef: -0.068070 Binding: 0.10 0.05 -0.04 -0.07 0.04 0.31 0.18 0.33 -0.13 -0.27 -0.22  Rvol: 0.58 1.05 1.44 -0.33 -0.31 -0.03 0.29 0.14 0.74 1.27 1.67 -0.28 -0.17 0.11 0.42 
Loss: 0.623804  SIA Ef: -0.070434 Binding: 0.10 0.05 -0.04 -0.07 0.04 0.31 0.18 0.33 -0.13 -0.27 -0.22  Rvol: 0.58 1.05 1.44 -0.33 -0.31 -0.03 0.29 0.14 0.74 1.27 1.67 -0.28 -0.17 0.11 0.42 
Loss: 0.623709  SIA Ef: -0.067217 Binding: 0.10 0.05 -0.04 -0.07 0.04 0.31 0.18 0.33 -0.13 -0.27 -0.22  Rvol: 0.58 1.05 1.44 -0.33 -0.31 -0.03 0.29 0.14 0.74 1.27 1.67 -0.28 -0.17 0.11 0.42 
Loss: 0.623804  SIA Ef: -0.065701 Binding: 0.10 0.05 -0.04 -0.07 0.04 0.31 0.18 0.33 -0.13 -0.27 -0.22  Rvol: 0.58 1.05 1.44 -0.33 -0.31 -0.03 0.29 0.14 0.74 1.27 1.67 -0.28 -0.17 0.11 0.42 
Loss: 0.623787  SIA Ef: -0.066747 Binding: 0.10 0.05 -0.04 -0.07 0.04 0.31 0.18 0.33 -0.13 -0.27 -0.22  Rvol: 0.58 1.05 1.44 -0.33 -0.31 -0.03 0.29 0.14 0.74 1.27 1.67 -0.28 -0.17 0.11 0.42 
Loss: 0.623680  SIA Ef: -0.067230 Binding: 0.10 0.05 -0.04 -0.07 0.04 0.31 0.18 0.33 -0.13 -0.27 -0.22  Rvol: 0.58 1.05 1.44 -0.33 -0.31 -0.03 0.29 0.14 0.74 1.27 1.67 -0.28 -0.17 0.11 0.42 
Loss: 0.623603  SIA Ef: -0.067811 Binding: 0.10 0.05 -0.04 -0.07 0.04 0.31 0.18 0.33 -0.13 -0.27 -0.22  Rvol: 0.58 1.05 1.44 -0.33 -0.31 -0.03 0.29 0.14 0.74 1.27 1.67 -0.28 -0.17 0.11 0.42 
Loss: 0.623552  SIA Ef: -0.068100 Binding: 0.10 0.05 -0.04 -0.07 0.04 0.31 0.18 0.33 -0.13 -0.27 -0.22  Rvol: 0.58 1.05 1.44 -0.33 -0.31 -0.03 0.29 0.14 0.74 1.27 1.67 -0.28 -0.17 0.11 0.42 
Loss: 0.623554  SIA Ef: -0.069177 Binding: 0.10 0.05 -0.04 -0.07 0.04 0.31 0.18 0.33 -0.13 -0.27 -0.22  Rvol: 0.58 1.05 1.44 -0.33 -0.31 -0.03 0.29 0.14 0.74 1.27 1.67 -0.28 -0.17 0.11 0.42 
Loss: 0.623552  SIA Ef: -0.068164 Binding: 0.10 0.05 -0.04 -0.07 0.04 0.31 0.18 0.33 -0.13 -0.27 -0.22  Rvol: 0.58 1.05 1.44 -0.33 -0.31 -0.03 0.29 0.14 0.74 1.27 1.67 -0.28 -0.17 0.11 0.42 
Loss: 0.623532  SIA Ef: -0.067850 Binding: 0.10 0.05 -0.04 -0.07 0.04 0.31 0.18 0.33 -0.13 -0.27 -0.22  Rvol: 0.58 1.05 1.44 -0.33 -0.31 -0.03 0.29 0.14 0.74 1.27 1.67 -0.28 -0.17 0.11 0.42 
Loss: 0.623512  SIA Ef: -0.067966 Binding: 0.10 0.05 -0.04 -0.07 0.04 0.31 0.18 0.33 -0.13 -0.27 -0.22  Rvol: 0.58 1.05 1.44 -0.33 -0.31 -0.03 0.29 0.14 0.74 1.27 1.67 -0.28 -0.17 0.11 0.42 
Loss: 0.623514  SIA Ef: -0.067674 Binding: 0.10 0.05 -0.04 -0.07 0.04 0.31 0.18 0.33 -0.13 -0.27 -0.22  Rvol: 0.58 1.05 1.44 -0.33 -0.31 -0.03 0.29 0.14 0.74 1.27 1.67 -0.28 -0.17 0.11 0.42 
Loss: 0.623474  SIA Ef: -0.067917 Binding: 0.10 0.05 -0.04 -0.07 0.04 0.31 0.18 0.33 -0.13 -0.27 -0.22  Rvol: 0.58 1.05 1.44 -0.33 -0.31 -0.03 0.29 0.14 0.74 1.27 1.67 -0.28 -0.17 0.11 0.42 
Loss: 0.623477  SIA Ef: -0.067805 Binding: 0.10 0.05 -0.04 -0.07 0.04 0.31 0.18 0.33 -0.13 -0.27 -0.22  Rvol: 0.58 1.05 1.44 -0.33 -0.31 -0.03 0.29 0.14 0.74 1.27 1.67 -0.28 -0.17 0.11 0.42 
Loss: 0.623480  SIA Ef: -0.068267 Binding: 0.10 0.05 -0.04 -0.07 0.04 0.31 0.18 0.33 -0.13 -0.27 -0.22  Rvol: 0.58 1.05 1.44 -0.33 -0.31 -0.03 0.29 0.14 0.74 1.27 1.67 -0.28 -0.17 0.11 0.42 
Loss: 0.623505  SIA Ef: -0.068129 Binding: 0.10 0.05 -0.04 -0.07 0.04 0.31 0.18 0.33 -0.13 -0.27 -0.22  Rvol: 0.58 1.05 1.44 -0.33 -0.31 -0.03 0.29 0.14 0.74 1.27 1.67 -0.28 -0.17 0.11 0.42 
Loss: 0.623424  SIA Ef: -0.067550 Binding: 0.10 0.05 -0.04 -0.07 0.04 0.31 0.18 0.33 -0.13 -0.27 -0.22  Rvol: 0.58 1.05 1.44 -0.33 -0.31 -0.03 0.29 0.14 0.74 1.27 1.67 -0.28 -0.17 0.11 0.42 
Loss: 0.623432  SIA Ef: -0.067181 Binding: 0.10 0.05 -0.04 -0.07 0.04 0.31 0.18 0.33 -0.13 -0.27 -0.22  Rvol: 0.58 1.05 1.44 -0.33 -0.31 -0.03 0.29 0.14 0.74 1.27 1.67 -0.28 -0.17 0.11 0.42 
Loss: 0.623480  SIA Ef: -0.067018 Binding: 0.10 0.05 -0.04 -0.07 0.04 0.31 0.18 0.33 -0.13 -0.27 -0.22  Rvol: 0.58 1.05 1.44 -0.33 -0.31 -0.03 0.29 0.14 0.74 1.27 1.67 -0.28 -0.17 0.11 0.42 
Loss: 0.623411  SIA Ef: -0.068406 Binding: 0.10 0.04 -0.04 -0.07 0.04 0.31 0.18 0.33 -0.13 -0.27 -0.22  Rvol: 0.58 1.05 1.44 -0.33 -0.31 -0.03 0.29 0.14 0.74 1.27 1.67 -0.28 -0.17 0.11 0.42 
Loss: 0.623412  SIA Ef: -0.068469 Binding: 0.10 0.05 -0.04 -0.07 0.04 0.31 0.18 0.33 -0.13 -0.27 -0.22  Rvol: 0.58 1.05 1.44 -0.33 -0.31 -0.03 0.29 0.14 0.74 1.27 1.67 -0.28 -0.17 0.11 0.42 
Loss: 0.623360  SIA Ef: -0.068569 Binding: 0.10 0.04 -0.04 -0.07 0.04 0.31 0.18 0.33 -0.13 -0.27 -0.22  Rvol: 0.58 1.05 1.44 -0.33 -0.31 -0.03 0.29 0.14 0.74 1.27 1.67 -0.28 -0.17 0.11 0.42 
Loss: 0.623285  SIA Ef: -0.068336 Binding: 0.10 0.04 -0.04 -0.07 0.04 0.31 0.18 0.33 -0.13 -0.27 -0.22  Rvol: 0.58 1.05 1.44 -0.33 -0.31 -0.03 0.29 0.14 0.74 1.27 1.67 -0.28 -0.17 0.11 0.42 
Loss: 0.623262  SIA Ef: -0.067878 Binding: 0.10 0.04 -0.04 -0.07 0.04 0.31 0.18 0.33 -0.13 -0.27 -0.22  Rvol: 0.58 1.05 1.44 -0.33 -0.31 -0.03 0.29 0.14 0.74 1.27 1.67 -0.28 -0.17 0.11 0.42 
Loss: 0.623197  SIA Ef: -0.068750 Binding: 0.10 0.04 -0.04 -0.07 0.04 0.31 0.18 0.33 -0.13 -0.27 -0.22  Rvol: 0.58 1.05 1.44 -0.33 -0.31 -0.03 0.29 0.14 0.74 1.27 1.67 -0.28 -0.17 0.11 0.42 
Loss: 0.623189  SIA Ef: -0.069075 Binding: 0.10 0.04 -0.04 -0.07 0.04 0.31 0.18 0.33 -0.13 -0.27 -0.22  Rvol: 0.58 1.05 1.44 -0.33 -0.31 -0.03 0.29 0.14 0.74 1.27 1.67 -0.28 -0.17 0.11 0.42 
Loss: 0.623191  SIA Ef: -0.069231 Binding: 0.10 0.04 -0.04 -0.07 0.04 0.31 0.18 0.33 -0.13 -0.27 -0.22  Rvol: 0.58 1.05 1.44 -0.33 -0.31 -0.03 0.29 0.14 0.74 1.27 1.67 -0.28 -0.17 0.11 0.42 
Loss: 0.623180  SIA Ef: -0.069514 Binding: 0.10 0.04 -0.04 -0.07 0.04 0.31 0.18 0.33 -0.13 -0.27 -0.22  Rvol: 0.58 1.05 1.44 -0.33 -0.31 -0.03 0.29 0.14 0.74 1.27 1.67 -0.28 -0.17 0.11 0.42 
Loss: 0.623184  SIA Ef: -0.069807 Binding: 0.10 0.04 -0.04 -0.07 0.04 0.31 0.18 0.33 -0.13 -0.27 -0.22  Rvol: 0.58 1.05 1.44 -0.33 -0.31 -0.03 0.29 0.14 0.74 1.27 1.67 -0.28 -0.17 0.11 0.42 
Loss: 0.623169  SIA Ef: -0.069826 Binding: 0.10 0.04 -0.04 -0.07 0.04 0.31 0.18 0.33 -0.13 -0.27 -0.22  Rvol: 0.58 1.05 1.44 -0.33 -0.31 -0.03 0.29 0.14 0.74 1.27 1.67 -0.28 -0.17 0.11 0.42 
Loss: 0.623181  SIA Ef: -0.069672 Binding: 0.10 0.04 -0.04 -0.07 0.04 0.31 0.18 0.33 -0.13 -0.27 -0.22  Rvol: 0.58 1.05 1.44 -0.33 -0.31 -0.03 0.29 0.14 0.74 1.27 1.67 -0.28 -0.17 0.11 0.42 
Loss: 0.623168  SIA Ef: -0.070138 Binding: 0.10 0.04 -0.04 -0.07 0.04 0.31 0.18 0.33 -0.13 -0.27 -0.22  Rvol: 0.58 1.05 1.44 -0.33 -0.31 -0.03 0.29 0.14 0.74 1.27 1.67 -0.28 -0.17 0.11 0.42 
Loss: 0.623164  SIA Ef: -0.069938 Binding: 0.10 0.04 -0.04 -0.07 0.04 0.31 0.18 0.33 -0.13 -0.27 -0.22  Rvol: 0.58 1.05 1.44 -0.33 -0.31 -0.03 0.29 0.14 0.74 1.27 1.67 -0.28 -0.17 0.11 0.42 
Loss: 0.623142  SIA Ef: -0.070461 Binding: 0.10 0.04 -0.04 -0.07 0.04 0.31 0.18 0.33 -0.13 -0.27 -0.22  Rvol: 0.58 1.05 1.44 -0.33 -0.31 -0.03 0.29 0.14 0.74 1.27 1.67 -0.28 -0.17 0.11 0.42 
Loss: 0.623069  SIA Ef: -0.069872 Binding: 0.10 0.04 -0.04 -0.07 0.04 0.31 0.18 0.33 -0.13 -0.27 -0.22  Rvol: 0.58 1.05 1.44 -0.33 -0.31 -0.03 0.29 0.14 0.74 1.27 1.67 -0.28 -0.17 0.11 0.42 
Loss: 0.623081  SIA Ef: -0.069341 Binding: 0.10 0.04 -0.04 -0.07 0.03 0.31 0.18 0.33 -0.13 -0.27 -0.22  Rvol: 0.58 1.05 1.44 -0.33 -0.31 -0.03 0.29 0.14 0.74 1.27 1.67 -0.28 -0.17 0.11 0.42 
Loss: 0.623062  SIA Ef: -0.070021 Binding: 0.10 0.04 -0.04 -0.07 0.04 0.31 0.18 0.33 -0.13 -0.27 -0.22  Rvol: 0.58 1.05 1.44 -0.33 -0.31 -0.03 0.29 0.14 0.74 1.27 1.67 -0.28 -0.17 0.11 0.42 
Loss: 0.623042  SIA Ef: -0.069546 Binding: 0.10 0.04 -0.04 -0.07 0.03 0.31 0.18 0.33 -0.13 -0.27 -0.22  Rvol: 0.58 1.05 1.44 -0.33 -0.31 -0.03 0.29 0.14 0.74 1.27 1.67 -0.28 -0.17 0.11 0.42 
Loss: 0.622985  SIA Ef: -0.070165 Binding: 0.10 0.04 -0.04 -0.07 0.03 0.31 0.18 0.33 -0.13 -0.27 -0.22  Rvol: 0.58 1.05 1.44 -0.33 -0.31 -0.03 0.29 0.14 0.74 1.27 1.67 -0.28 -0.17 0.11 0.42 
Loss: 0.622995  SIA Ef: -0.070332 Binding: 0.10 0.04 -0.04 -0.07 0.04 0.31 0.18 0.33 -0.13 -0.27 -0.23  Rvol: 0.58 1.05 1.44 -0.33 -0.31 -0.03 0.29 0.14 0.74 1.27 1.67 -0.28 -0.17 0.11 0.42 
Loss: 0.622977  SIA Ef: -0.070016 Binding: 0.10 0.04 -0.04 -0.07 0.04 0.31 0.18 0.33 -0.13 -0.27 -0.22  Rvol: 0.58 1.05 1.44 -0.33 -0.31 -0.03 0.29 0.14 0.74 1.27 1.67 -0.28 -0.17 0.11 0.42 
Loss: 0.622953  SIA Ef: -0.070694 Binding: 0.10 0.04 -0.04 -0.07 0.04 0.31 0.18 0.33 -0.13 -0.27 -0.22  Rvol: 0.58 1.05 1.44 -0.33 -0.31 -0.03 0.29 0.14 0.74 1.27 1.67 -0.28 -0.17 0.11 0.42 
Loss: 0.622919  SIA Ef: -0.070303 Binding: 0.10 0.04 -0.04 -0.07 0.03 0.31 0.18 0.33 -0.13 -0.27 -0.22  Rvol: 0.58 1.05 1.44 -0.33 -0.31 -0.03 0.29 0.14 0.74 1.27 1.67 -0.28 -0.17 0.11 0.42 
Loss: 0.622900  SIA Ef: -0.070062 Binding: 0.10 0.04 -0.04 -0.07 0.04 0.31 0.18 0.32 -0.13 -0.27 -0.23  Rvol: 0.58 1.05 1.44 -0.33 -0.31 -0.03 0.29 0.14 0.74 1.27 1.67 -0.28 -0.17 0.11 0.42 
Loss: 0.622914  SIA Ef: -0.069698 Binding: 0.10 0.04 -0.04 -0.07 0.04 0.31 0.18 0.32 -0.13 -0.27 -0.23  Rvol: 0.58 1.05 1.44 -0.33 -0.31 -0.03 0.29 0.14 0.74 1.27 1.67 -0.28 -0.17 0.11 0.42 
Loss: 0.622897  SIA Ef: -0.070211 Binding: 0.10 0.04 -0.04 -0.07 0.04 0.31 0.18 0.32 -0.13 -0.27 -0.23  Rvol: 0.58 1.05 1.44 -0.33 -0.31 -0.03 0.29 0.14 0.74 1.27 1.67 -0.28 -0.17 0.11 0.42 
Loss: 0.622898  SIA Ef: -0.070056 Binding: 0.10 0.04 -0.04 -0.07 0.04 0.31 0.18 0.32 -0.13 -0.27 -0.23  Rvol: 0.58 1.05 1.44 -0.33 -0.31 -0.03 0.29 0.14 0.74 1.27 1.67 -0.28 -0.17 0.11 0.42 
Loss: 0.622903  SIA Ef: -0.070639 Binding: 0.10 0.04 -0.04 -0.07 0.04 0.31 0.18 0.32 -0.13 -0.27 -0.22  Rvol: 0.58 1.05 1.44 -0.33 -0.31 -0.03 0.29 0.14 0.74 1.27 1.67 -0.28 -0.17 0.11 0.42 
Loss: 0.622924  SIA Ef: -0.070476 Binding: 0.10 0.04 -0.04 -0.07 0.04 0.31 0.18 0.32 -0.13 -0.27 -0.22  Rvol: 0.58 1.05 1.44 -0.33 -0.31 -0.03 0.29 0.14 0.74 1.27 1.67 -0.28 -0.17 0.11 0.42 
Loss: 0.622830  SIA Ef: -0.069879 Binding: 0.10 0.04 -0.04 -0.07 0.03 0.31 0.18 0.32 -0.13 -0.27 -0.23  Rvol: 0.58 1.05 1.44 -0.33 -0.31 -0.03 0.29 0.14 0.74 1.27 1.67 -0.28 -0.17 0.11 0.42 
Loss: 0.622820  SIA Ef: -0.069218 Binding: 0.10 0.04 -0.04 -0.07 0.03 0.31 0.18 0.32 -0.13 -0.27 -0.23  Rvol: 0.58 1.05 1.44 -0.33 -0.31 -0.03 0.29 0.14 0.74 1.27 1.67 -0.28 -0.17 0.11 0.42 
Loss: 0.622788  SIA Ef: -0.069773 Binding: 0.10 0.04 -0.04 -0.07 0.03 0.31 0.18 0.32 -0.13 -0.27 -0.23  Rvol: 0.58 1.05 1.44 -0.33 -0.31 -0.03 0.29 0.14 0.74 1.27 1.67 -0.28 -0.17 0.11 0.42 
Loss: 0.622776  SIA Ef: -0.069893 Binding: 0.10 0.04 -0.04 -0.07 0.03 0.31 0.18 0.32 -0.13 -0.27 -0.23  Rvol: 0.58 1.05 1.44 -0.33 -0.31 -0.03 0.29 0.14 0.74 1.27 1.67 -0.28 -0.17 0.11 0.42 
Loss: 0.622773  SIA Ef: -0.070066 Binding: 0.10 0.04 -0.04 -0.07 0.03 0.31 0.18 0.32 -0.13 -0.27 -0.23  Rvol: 0.58 1.05 1.44 -0.33 -0.31 -0.03 0.29 0.14 0.74 1.27 1.67 -0.28 -0.17 0.11 0.42 
Loss: 0.622770  SIA Ef: -0.070862 Binding: 0.10 0.04 -0.04 -0.07 0.03 0.31 0.18 0.32 -0.13 -0.27 -0.23  Rvol: 0.58 1.05 1.44 -0.33 -0.31 -0.03 0.29 0.14 0.74 1.27 1.67 -0.28 -0.17 0.11 0.42 
Loss: 0.622758  SIA Ef: -0.071049 Binding: 0.10 0.04 -0.04 -0.07 0.03 0.31 0.18 0.32 -0.13 -0.27 -0.23  Rvol: 0.58 1.05 1.44 -0.33 -0.31 -0.03 0.29 0.14 0.74 1.27 1.67 -0.28 -0.17 0.11 0.42 
Loss: 0.622752  SIA Ef: -0.071087 Binding: 0.10 0.04 -0.04 -0.07 0.03 0.31 0.18 0.32 -0.13 -0.27 -0.23  Rvol: 0.58 1.05 1.44 -0.33 -0.31 -0.03 0.29 0.14 0.74 1.27 1.67 -0.28 -0.17 0.11 0.42 
Loss: 0.622745  SIA Ef: -0.071053 Binding: 0.10 0.04 -0.04 -0.07 0.03 0.31 0.18 0.32 -0.13 -0.27 -0.23  Rvol: 0.58 1.05 1.44 -0.33 -0.31 -0.03 0.29 0.14 0.74 1.27 1.67 -0.28 -0.17 0.11 0.42 
Loss: 0.622737  SIA Ef: -0.071720 Binding: 0.10 0.04 -0.04 -0.07 0.03 0.31 0.18 0.32 -0.13 -0.27 -0.23  Rvol: 0.58 1.05 1.44 -0.33 -0.31 -0.03 0.29 0.14 0.74 1.27 1.67 -0.28 -0.17 0.11 0.42 
Loss: 0.622735  SIA Ef: -0.071721 Binding: 0.10 0.04 -0.04 -0.07 0.03 0.31 0.18 0.32 -0.13 -0.27 -0.23  Rvol: 0.58 1.05 1.44 -0.33 -0.31 -0.03 0.29 0.14 0.74 1.27 1.67 -0.28 -0.17 0.11 0.42 
Loss: 0.622716  SIA Ef: -0.072229 Binding: 0.10 0.04 -0.04 -0.07 0.03 0.31 0.18 0.32 -0.13 -0.27 -0.23  Rvol: 0.58 1.05 1.44 -0.33 -0.31 -0.03 0.29 0.14 0.74 1.27 1.67 -0.28 -0.17 0.11 0.42 
Loss: 0.622662  SIA Ef: -0.071722 Binding: 0.10 0.04 -0.04 -0.07 0.03 0.31 0.18 0.32 -0.13 -0.27 -0.23  Rvol: 0.58 1.05 1.44 -0.33 -0.31 -0.03 0.29 0.14 0.74 1.27 1.67 -0.28 -0.17 0.11 0.42 
Loss: 0.622675  SIA Ef: -0.071327 Binding: 0.10 0.04 -0.04 -0.07 0.03 0.31 0.18 0.32 -0.13 -0.27 -0.23  Rvol: 0.58 1.05 1.44 -0.33 -0.31 -0.03 0.29 0.14 0.74 1.27 1.67 -0.28 -0.17 0.11 0.42 
Loss: 0.622661  SIA Ef: -0.071795 Binding: 0.10 0.04 -0.04 -0.07 0.03 0.31 0.18 0.32 -0.13 -0.27 -0.23  Rvol: 0.58 1.05 1.44 -0.33 -0.31 -0.03 0.29 0.14 0.74 1.27 1.67 -0.28 -0.17 0.11 0.42 
Loss: 0.622676  SIA Ef: -0.071396 Binding: 0.10 0.04 -0.04 -0.07 0.03 0.31 0.18 0.32 -0.13 -0.27 -0.23  Rvol: 0.58 1.05 1.44 -0.33 -0.31 -0.03 0.29 0.14 0.74 1.27 1.67 -0.28 -0.17 0.11 0.42 
Loss: 0.622677  SIA Ef: -0.071600 Binding: 0.10 0.04 -0.04 -0.07 0.03 0.31 0.18 0.32 -0.13 -0.27 -0.23  Rvol: 0.58 1.05 1.44 -0.33 -0.31 -0.03 0.29 0.14 0.74 1.27 1.67 -0.28 -0.17 0.11 0.42 
Loss: 0.622677  SIA Ef: -0.072508 Binding: 0.10 0.04 -0.04 -0.07 0.03 0.31 0.18 0.32 -0.13 -0.27 -0.23  Rvol: 0.58 1.05 1.44 -0.33 -0.31 -0.03 0.29 0.14 0.74 1.27 1.67 -0.28 -0.17 0.11 0.42 
Loss: 0.622661  SIA Ef: -0.072202 Binding: 0.10 0.04 -0.04 -0.07 0.03 0.31 0.18 0.32 -0.13 -0.27 -0.23  Rvol: 0.58 1.05 1.44 -0.33 -0.31 -0.03 0.29 0.14 0.74 1.27 1.67 -0.28 -0.17 0.11 0.42 
Loss: 0.622682  SIA Ef: -0.072382 Binding: 0.10 0.04 -0.04 -0.07 0.03 0.31 0.18 0.32 -0.13 -0.27 -0.23  Rvol: 0.58 1.05 1.44 -0.33 -0.31 -0.03 0.29 0.14 0.74 1.27 1.67 -0.28 -0.17 0.11 0.42 
Loss: 0.622667  SIA Ef: -0.072423 Binding: 0.10 0.04 -0.04 -0.07 0.03 0.31 0.18 0.32 -0.13 -0.27 -0.23  Rvol: 0.58 1.05 1.44 -0.33 -0.31 -0.03 0.29 0.14 0.74 1.27 1.67 -0.28 -0.17 0.11 0.42 
Loss: 0.622675  SIA Ef: -0.072748 Binding: 0.10 0.04 -0.05 -0.07 0.03 0.31 0.18 0.32 -0.13 -0.27 -0.23  Rvol: 0.58 1.05 1.44 -0.33 -0.31 -0.03 0.29 0.14 0.74 1.27 1.67 -0.28 -0.17 0.11 0.42 
Loss: 0.622666  SIA Ef: -0.072170 Binding: 0.10 0.04 -0.04 -0.07 0.03 0.31 0.18 0.32 -0.13 -0.27 -0.23  Rvol: 0.58 1.05 1.44 -0.33 -0.31 -0.03 0.29 0.14 0.74 1.27 1.67 -0.28 -0.17 0.11 0.42 
Loss: 0.622709  SIA Ef: -0.071988 Binding: 0.10 0.04 -0.04 -0.07 0.03 0.31 0.18 0.32 -0.13 -0.27 -0.23  Rvol: 0.58 1.05 1.44 -0.33 -0.31 -0.03 0.29 0.14 0.74 1.27 1.67 -0.28 -0.17 0.11 0.42 
Loss: 0.622687  SIA Ef: -0.071987 Binding: 0.10 0.04 -0.04 -0.07 0.03 0.31 0.18 0.32 -0.13 -0.27 -0.23  Rvol: 0.58 1.05 1.44 -0.33 -0.31 -0.03 0.29 0.14 0.74 1.27 1.67 -0.28 -0.17 0.11 0.42 
Loss: 0.622630  SIA Ef: -0.072471 Binding: 0.10 0.04 -0.04 -0.07 0.03 0.31 0.18 0.32 -0.13 -0.27 -0.23  Rvol: 0.58 1.05 1.44 -0.33 -0.31 -0.03 0.29 0.14 0.74 1.27 1.67 -0.28 -0.17 0.11 0.42 
Loss: 0.622610  SIA Ef: -0.072514 Binding: 0.10 0.04 -0.04 -0.07 0.03 0.31 0.18 0.32 -0.13 -0.27 -0.23  Rvol: 0.58 1.05 1.44 -0.33 -0.31 -0.03 0.29 0.14 0.74 1.27 1.67 -0.28 -0.17 0.11 0.42 
Loss: 0.622614  SIA Ef: -0.073184 Binding: 0.10 0.04 -0.04 -0.07 0.03 0.31 0.18 0.32 -0.13 -0.27 -0.23  Rvol: 0.58 1.05 1.44 -0.33 -0.31 -0.03 0.29 0.14 0.74 1.27 1.67 -0.28 -0.17 0.11 0.42 
Loss: 0.622600  SIA Ef: -0.072294 Binding: 0.10 0.04 -0.04 -0.07 0.03 0.31 0.18 0.32 -0.13 -0.27 -0.23  Rvol: 0.58 1.05 1.44 -0.33 -0.31 -0.03 0.29 0.14 0.74 1.27 1.67 -0.28 -0.17 0.11 0.42 
Loss: 0.622602  SIA Ef: -0.072385 Binding: 0.10 0.04 -0.04 -0.07 0.03 0.31 0.18 0.32 -0.13 -0.27 -0.23  Rvol: 0.58 1.05 1.44 -0.33 -0.31 -0.03 0.29 0.14 0.74 1.27 1.67 -0.28 -0.17 0.11 0.42 
Loss: 0.622583  SIA Ef: -0.072592 Binding: 0.10 0.04 -0.04 -0.07 0.03 0.31 0.18 0.32 -0.13 -0.27 -0.23  Rvol: 0.58 1.05 1.44 -0.33 -0.31 -0.03 0.29 0.14 0.74 1.27 1.67 -0.28 -0.17 0.11 0.42 
Loss: 0.622551  SIA Ef: -0.072873 Binding: 0.10 0.04 -0.04 -0.07 0.03 0.31 0.18 0.32 -0.13 -0.27 -0.23  Rvol: 0.58 1.05 1.44 -0.33 -0.31 -0.03 0.29 0.14 0.74 1.27 1.67 -0.28 -0.17 0.11 0.42 
Loss: 0.622546  SIA Ef: -0.073033 Binding: 0.10 0.04 -0.04 -0.07 0.03 0.31 0.18 0.32 -0.13 -0.27 -0.23  Rvol: 0.58 1.05 1.44 -0.33 -0.31 -0.03 0.29 0.14 0.74 1.27 1.67 -0.28 -0.17 0.11 0.42 
Loss: 0.622532  SIA Ef: -0.072665 Binding: 0.10 0.04 -0.04 -0.07 0.03 0.31 0.18 0.32 -0.13 -0.27 -0.23  Rvol: 0.58 1.05 1.44 -0.33 -0.31 -0.03 0.29 0.14 0.74 1.27 1.67 -0.28 -0.17 0.11 0.42 
Loss: 0.622485  SIA Ef: -0.072549 Binding: 0.10 0.04 -0.04 -0.07 0.03 0.31 0.18 0.32 -0.13 -0.27 -0.23  Rvol: 0.58 1.05 1.44 -0.33 -0.31 -0.03 0.29 0.14 0.74 1.27 1.67 -0.28 -0.17 0.11 0.42 
Loss: 0.622459  SIA Ef: -0.072767 Binding: 0.10 0.04 -0.04 -0.07 0.03 0.31 0.18 0.32 -0.13 -0.27 -0.23  Rvol: 0.58 1.05 1.44 -0.33 -0.31 -0.03 0.29 0.14 0.74 1.27 1.67 -0.28 -0.17 0.11 0.42 
Loss: 0.622417  SIA Ef: -0.072298 Binding: 0.10 0.04 -0.04 -0.07 0.03 0.31 0.18 0.32 -0.13 -0.27 -0.23  Rvol: 0.58 1.05 1.44 -0.33 -0.31 -0.03 0.29 0.14 0.74 1.27 1.67 -0.28 -0.17 0.11 0.42 
Loss: 0.622369  SIA Ef: -0.072168 Binding: 0.10 0.04 -0.04 -0.07 0.03 0.31 0.18 0.32 -0.13 -0.27 -0.23  Rvol: 0.58 1.05 1.44 -0.33 -0.31 -0.03 0.29 0.14 0.74 1.27 1.67 -0.28 -0.17 0.11 0.42 
Loss: 0.622345  SIA Ef: -0.072082 Binding: 0.10 0.04 -0.04 -0.07 0.03 0.31 0.18 0.32 -0.13 -0.27 -0.23  Rvol: 0.58 1.05 1.44 -0.33 -0.31 -0.03 0.29 0.14 0.74 1.27 1.67 -0.28 -0.17 0.11 0.42 
Loss: 0.622323  SIA Ef: -0.072600 Binding: 0.10 0.04 -0.04 -0.07 0.03 0.31 0.18 0.32 -0.13 -0.27 -0.23  Rvol: 0.58 1.05 1.44 -0.33 -0.31 -0.03 0.29 0.14 0.74 1.27 1.67 -0.28 -0.17 0.11 0.42 
Loss: 0.622287  SIA Ef: -0.071924 Binding: 0.10 0.04 -0.04 -0.07 0.03 0.31 0.18 0.32 -0.13 -0.27 -0.23  Rvol: 0.58 1.05 1.44 -0.33 -0.31 -0.03 0.29 0.14 0.74 1.27 1.67 -0.28 -0.17 0.11 0.42 
Loss: 0.622290  SIA Ef: -0.071690 Binding: 0.10 0.04 -0.04 -0.07 0.03 0.31 0.18 0.32 -0.13 -0.27 -0.23  Rvol: 0.58 1.05 1.44 -0.33 -0.31 -0.03 0.29 0.14 0.74 1.27 1.67 -0.28 -0.17 0.11 0.42 
Loss: 0.622266  SIA Ef: -0.071985 Binding: 0.10 0.04 -0.04 -0.07 0.03 0.31 0.18 0.32 -0.13 -0.27 -0.23  Rvol: 0.58 1.05 1.44 -0.33 -0.31 -0.03 0.29 0.14 0.74 1.27 1.67 -0.28 -0.17 0.11 0.42 
Loss: 0.622258  SIA Ef: -0.071739 Binding: 0.10 0.04 -0.04 -0.07 0.03 0.31 0.18 0.32 -0.13 -0.27 -0.23  Rvol: 0.58 1.05 1.44 -0.33 -0.31 -0.03 0.29 0.14 0.74 1.27 1.67 -0.28 -0.17 0.11 0.42 
Loss: 0.622257  SIA Ef: -0.072066 Binding: 0.10 0.04 -0.04 -0.07 0.03 0.31 0.18 0.32 -0.13 -0.27 -0.23  Rvol: 0.58 1.05 1.44 -0.33 -0.31 -0.03 0.29 0.14 0.74 1.27 1.67 -0.28 -0.17 0.11 0.42 
Loss: 0.622247  SIA Ef: -0.072317 Binding: 0.10 0.04 -0.04 -0.07 0.03 0.31 0.18 0.32 -0.13 -0.27 -0.23  Rvol: 0.58 1.05 1.44 -0.33 -0.31 -0.03 0.29 0.14 0.74 1.27 1.67 -0.28 -0.17 0.11 0.42 
Loss: 0.622243  SIA Ef: -0.072059 Binding: 0.10 0.04 -0.04 -0.07 0.03 0.31 0.18 0.32 -0.13 -0.27 -0.23  Rvol: 0.58 1.05 1.44 -0.33 -0.31 -0.03 0.29 0.14 0.74 1.27 1.67 -0.28 -0.17 0.11 0.42 
Loss: 0.622246  SIA Ef: -0.072192 Binding: 0.10 0.04 -0.05 -0.07 0.03 0.31 0.18 0.32 -0.13 -0.27 -0.23  Rvol: 0.58 1.05 1.44 -0.33 -0.31 -0.03 0.29 0.14 0.74 1.27 1.67 -0.28 -0.17 0.11 0.42 
Loss: 0.622244  SIA Ef: -0.072044 Binding: 0.10 0.04 -0.04 -0.07 0.03 0.31 0.18 0.32 -0.13 -0.27 -0.23  Rvol: 0.58 1.05 1.44 -0.33 -0.31 -0.03 0.29 0.14 0.74 1.27 1.67 -0.28 -0.17 0.11 0.42 
Loss: 0.622217  SIA Ef: -0.071762 Binding: 0.10 0.04 -0.04 -0.07 0.03 0.31 0.18 0.32 -0.13 -0.27 -0.23  Rvol: 0.58 1.05 1.44 -0.33 -0.31 -0.03 0.29 0.14 0.74 1.27 1.67 -0.28 -0.17 0.11 0.42 
Loss: 0.622230  SIA Ef: -0.070884 Binding: 0.10 0.04 -0.04 -0.07 0.03 0.31 0.18 0.32 -0.13 -0.27 -0.23  Rvol: 0.58 1.05 1.44 -0.33 -0.31 -0.03 0.29 0.14 0.74 1.27 1.67 -0.28 -0.17 0.11 0.42 
Loss: 0.622252  SIA Ef: -0.071901 Binding: 0.10 0.04 -0.04 -0.07 0.03 0.31 0.18 0.32 -0.13 -0.27 -0.23  Rvol: 0.58 1.05 1.44 -0.33 -0.31 -0.03 0.29 0.14 0.74 1.27 1.67 -0.28 -0.17 0.11 0.42 
Loss: 0.622175  SIA Ef: -0.071893 Binding: 0.10 0.04 -0.04 -0.07 0.03 0.31 0.18 0.32 -0.13 -0.27 -0.23  Rvol: 0.58 1.05 1.44 -0.33 -0.31 -0.03 0.29 0.14 0.74 1.27 1.67 -0.28 -0.17 0.11 0.42 
Loss: 0.622172  SIA Ef: -0.071449 Binding: 0.10 0.04 -0.04 -0.07 0.03 0.31 0.18 0.32 -0.13 -0.27 -0.23  Rvol: 0.58 1.05 1.44 -0.33 -0.31 -0.03 0.29 0.14 0.74 1.27 1.67 -0.28 -0.17 0.11 0.42 
Loss: 0.622165  SIA Ef: -0.071353 Binding: 0.10 0.04 -0.04 -0.07 0.03 0.31 0.18 0.32 -0.13 -0.27 -0.23  Rvol: 0.58 1.05 1.44 -0.33 -0.31 -0.03 0.29 0.14 0.74 1.27 1.67 -0.28 -0.17 0.11 0.42 
Loss: 0.622124  SIA Ef: -0.071734 Binding: 0.10 0.04 -0.04 -0.07 0.03 0.31 0.18 0.32 -0.13 -0.27 -0.23  Rvol: 0.58 1.05 1.44 -0.33 -0.31 -0.03 0.29 0.14 0.74 1.27 1.67 -0.28 -0.17 0.11 0.42 
Loss: 0.622119  SIA Ef: -0.071436 Binding: 0.10 0.04 -0.04 -0.07 0.03 0.31 0.18 0.32 -0.13 -0.27 -0.23  Rvol: 0.58 1.05 1.44 -0.33 -0.31 -0.03 0.29 0.14 0.74 1.27 1.67 -0.28 -0.17 0.11 0.42 
Loss: 0.622106  SIA Ef: -0.071759 Binding: 0.10 0.04 -0.04 -0.07 0.03 0.31 0.18 0.32 -0.13 -0.27 -0.23  Rvol: 0.58 1.05 1.44 -0.33 -0.31 -0.03 0.29 0.14 0.74 1.27 1.67 -0.28 -0.17 0.11 0.42 
Loss: 0.622098  SIA Ef: -0.072166 Binding: 0.10 0.04 -0.04 -0.07 0.03 0.31 0.18 0.32 -0.13 -0.27 -0.23  Rvol: 0.58 1.05 1.44 -0.33 -0.31 -0.03 0.29 0.14 0.74 1.27 1.67 -0.28 -0.17 0.11 0.42 
Loss: 0.622075  SIA Ef: -0.072270 Binding: 0.10 0.04 -0.04 -0.07 0.03 0.31 0.18 0.32 -0.13 -0.27 -0.23  Rvol: 0.58 1.05 1.44 -0.33 -0.31 -0.03 0.29 0.14 0.74 1.27 1.67 -0.28 -0.17 0.11 0.42 
Loss: 0.622053  SIA Ef: -0.073005 Binding: 0.10 0.04 -0.04 -0.07 0.03 0.31 0.18 0.32 -0.13 -0.27 -0.23  Rvol: 0.58 1.05 1.44 -0.33 -0.31 -0.03 0.29 0.14 0.74 1.27 1.67 -0.28 -0.17 0.11 0.42 
Loss: 0.622020  SIA Ef: -0.072402 Binding: 0.10 0.04 -0.04 -0.07 0.03 0.31 0.18 0.32 -0.13 -0.27 -0.23  Rvol: 0.58 1.05 1.44 -0.33 -0.31 -0.03 0.29 0.14 0.74 1.27 1.67 -0.28 -0.17 0.11 0.42 
Loss: 0.622016  SIA Ef: -0.072942 Binding: 0.10 0.04 -0.04 -0.07 0.03 0.31 0.18 0.32 -0.13 -0.27 -0.23  Rvol: 0.58 1.05 1.44 -0.33 -0.31 -0.03 0.29 0.14 0.74 1.27 1.67 -0.28 -0.17 0.11 0.42 
Loss: 0.622019  SIA Ef: -0.072996 Binding: 0.10 0.04 -0.04 -0.07 0.03 0.31 0.18 0.32 -0.13 -0.27 -0.23  Rvol: 0.58 1.05 1.44 -0.33 -0.31 -0.03 0.29 0.14 0.74 1.27 1.67 -0.28 -0.17 0.11 0.42 
Loss: 0.622011  SIA Ef: -0.073028 Binding: 0.10 0.04 -0.04 -0.07 0.03 0.31 0.18 0.32 -0.13 -0.27 -0.23  Rvol: 0.58 1.05 1.44 -0.33 -0.31 -0.03 0.29 0.14 0.74 1.27 1.67 -0.28 -0.17 0.11 0.42 
Loss: 0.622044  SIA Ef: -0.073274 Binding: 0.10 0.04 -0.05 -0.07 0.03 0.31 0.18 0.32 -0.13 -0.27 -0.23  Rvol: 0.58 1.05 1.44 -0.33 -0.31 -0.03 0.29 0.14 0.74 1.27 1.67 -0.28 -0.17 0.11 0.42 
Loss: 0.621950  SIA Ef: -0.072709 Binding: 0.10 0.04 -0.04 -0.07 0.03 0.31 0.18 0.32 -0.13 -0.27 -0.23  Rvol: 0.58 1.05 1.44 -0.33 -0.31 -0.03 0.29 0.14 0.74 1.27 1.67 -0.28 -0.17 0.11 0.42 
Loss: 0.621918  SIA Ef: -0.072454 Binding: 0.10 0.04 -0.04 -0.07 0.03 0.31 0.18 0.32 -0.13 -0.27 -0.23  Rvol: 0.58 1.05 1.44 -0.33 -0.31 -0.03 0.29 0.14 0.74 1.27 1.67 -0.28 -0.17 0.11 0.42 
Loss: 0.621908  SIA Ef: -0.071786 Binding: 0.10 0.04 -0.04 -0.07 0.03 0.31 0.18 0.32 -0.13 -0.27 -0.23  Rvol: 0.58 1.05 1.44 -0.33 -0.31 -0.03 0.29 0.14 0.74 1.27 1.67 -0.28 -0.17 0.11 0.42 
Loss: 0.621913  SIA Ef: -0.071902 Binding: 0.10 0.04 -0.04 -0.07 0.03 0.31 0.18 0.32 -0.13 -0.27 -0.23  Rvol: 0.58 1.05 1.44 -0.33 -0.31 -0.03 0.29 0.14 0.74 1.27 1.67 -0.28 -0.17 0.11 0.42 
Loss: 0.621932  SIA Ef: -0.071362 Binding: 0.10 0.04 -0.04 -0.07 0.03 0.31 0.18 0.32 -0.13 -0.27 -0.23  Rvol: 0.58 1.05 1.44 -0.33 -0.31 -0.03 0.29 0.14 0.74 1.27 1.67 -0.28 -0.17 0.11 0.42 
Loss: 0.621948  SIA Ef: -0.071291 Binding: 0.10 0.04 -0.04 -0.07 0.03 0.31 0.18 0.32 -0.13 -0.27 -0.23  Rvol: 0.58 1.05 1.44 -0.33 -0.31 -0.03 0.29 0.14 0.74 1.27 1.67 -0.28 -0.17 0.11 0.42 
Loss: 0.621880  SIA Ef: -0.072329 Binding: 0.10 0.04 -0.04 -0.07 0.03 0.31 0.18 0.32 -0.13 -0.27 -0.23  Rvol: 0.58 1.05 1.44 -0.33 -0.31 -0.03 0.29 0.14 0.74 1.27 1.67 -0.28 -0.17 0.11 0.42 
Loss: 0.621829  SIA Ef: -0.072903 Binding: 0.10 0.04 -0.04 -0.07 0.03 0.31 0.18 0.32 -0.13 -0.27 -0.23  Rvol: 0.58 1.05 1.44 -0.33 -0.31 -0.03 0.29 0.14 0.74 1.27 1.67 -0.28 -0.17 0.11 0.42 
Loss: 0.621814  SIA Ef: -0.073559 Binding: 0.10 0.04 -0.04 -0.07 0.03 0.31 0.18 0.32 -0.13 -0.27 -0.23  Rvol: 0.58 1.05 1.44 -0.33 -0.31 -0.03 0.29 0.14 0.74 1.27 1.67 -0.28 -0.17 0.11 0.42 
Loss: 0.621779  SIA Ef: -0.073766 Binding: 0.10 0.04 -0.04 -0.07 0.03 0.31 0.18 0.32 -0.13 -0.27 -0.23  Rvol: 0.58 1.05 1.44 -0.33 -0.31 -0.03 0.29 0.14 0.74 1.27 1.67 -0.28 -0.17 0.11 0.42 
Loss: 0.621737  SIA Ef: -0.073963 Binding: 0.10 0.04 -0.04 -0.07 0.03 0.31 0.18 0.32 -0.13 -0.27 -0.23  Rvol: 0.58 1.05 1.44 -0.33 -0.31 -0.03 0.29 0.14 0.74 1.27 1.67 -0.28 -0.17 0.11 0.42 
Loss: 0.621709  SIA Ef: -0.074222 Binding: 0.10 0.04 -0.04 -0.07 0.03 0.31 0.18 0.32 -0.13 -0.27 -0.23  Rvol: 0.58 1.05 1.44 -0.33 -0.31 -0.03 0.29 0.14 0.74 1.27 1.67 -0.28 -0.17 0.11 0.42 
Loss: 0.621679  SIA Ef: -0.074266 Binding: 0.10 0.04 -0.04 -0.07 0.03 0.31 0.18 0.32 -0.13 -0.27 -0.23  Rvol: 0.58 1.05 1.44 -0.33 -0.31 -0.03 0.29 0.14 0.74 1.27 1.67 -0.28 -0.17 0.11 0.42 
Loss: 0.621662  SIA Ef: -0.074409 Binding: 0.10 0.04 -0.04 -0.07 0.03 0.31 0.18 0.32 -0.13 -0.27 -0.23  Rvol: 0.58 1.05 1.44 -0.33 -0.31 -0.03 0.29 0.14 0.74 1.27 1.67 -0.28 -0.17 0.11 0.42 
Loss: 0.621659  SIA Ef: -0.074129 Binding: 0.10 0.04 -0.04 -0.07 0.03 0.31 0.18 0.32 -0.13 -0.27 -0.23  Rvol: 0.58 1.05 1.44 -0.33 -0.31 -0.03 0.29 0.14 0.74 1.27 1.67 -0.28 -0.17 0.11 0.42 
Loss: 0.621644  SIA Ef: -0.074676 Binding: 0.10 0.04 -0.04 -0.07 0.03 0.31 0.18 0.32 -0.13 -0.27 -0.23  Rvol: 0.58 1.05 1.44 -0.33 -0.31 -0.03 0.29 0.14 0.74 1.27 1.67 -0.28 -0.17 0.11 0.42 
Loss: 0.621588  SIA Ef: -0.074693 Binding: 0.10 0.04 -0.04 -0.07 0.03 0.31 0.18 0.32 -0.13 -0.27 -0.23  Rvol: 0.58 1.05 1.44 -0.33 -0.31 -0.03 0.29 0.14 0.74 1.27 1.67 -0.28 -0.17 0.11 0.42 
Loss: 0.621560  SIA Ef: -0.074820 Binding: 0.10 0.04 -0.04 -0.07 0.03 0.31 0.17 0.32 -0.13 -0.27 -0.23  Rvol: 0.58 1.05 1.44 -0.33 -0.31 -0.03 0.29 0.14 0.74 1.27 1.67 -0.28 -0.17 0.11 0.42 
Loss: 0.621583  SIA Ef: -0.075542 Binding: 0.10 0.04 -0.04 -0.07 0.03 0.31 0.17 0.32 -0.13 -0.27 -0.23  Rvol: 0.58 1.05 1.44 -0.33 -0.31 -0.03 0.29 0.14 0.74 1.27 1.67 -0.28 -0.17 0.11 0.42 
Loss: 0.621568  SIA Ef: -0.075034 Binding: 0.10 0.04 -0.04 -0.07 0.03 0.31 0.17 0.32 -0.13 -0.27 -0.23  Rvol: 0.58 1.05 1.44 -0.33 -0.31 -0.03 0.29 0.14 0.74 1.27 1.67 -0.28 -0.17 0.11 0.42 
Loss: 0.621537  SIA Ef: -0.074002 Binding: 0.10 0.04 -0.04 -0.07 0.03 0.31 0.17 0.32 -0.13 -0.27 -0.23  Rvol: 0.58 1.05 1.44 -0.33 -0.31 -0.03 0.29 0.14 0.74 1.27 1.67 -0.28 -0.17 0.11 0.42 
Loss: 0.621511  SIA Ef: -0.074012 Binding: 0.10 0.04 -0.04 -0.07 0.03 0.31 0.17 0.32 -0.13 -0.27 -0.23  Rvol: 0.58 1.05 1.44 -0.33 -0.31 -0.03 0.29 0.14 0.74 1.27 1.67 -0.28 -0.17 0.11 0.42 
Loss: 0.621501  SIA Ef: -0.074108 Binding: 0.10 0.04 -0.04 -0.07 0.03 0.31 0.17 0.32 -0.13 -0.27 -0.23  Rvol: 0.58 1.05 1.44 -0.33 -0.31 -0.03 0.29 0.14 0.74 1.27 1.67 -0.28 -0.17 0.11 0.42 
Loss: 0.621469  SIA Ef: -0.074133 Binding: 0.10 0.04 -0.04 -0.07 0.03 0.31 0.17 0.32 -0.13 -0.27 -0.23  Rvol: 0.58 1.05 1.44 -0.33 -0.31 -0.03 0.29 0.14 0.74 1.27 1.67 -0.28 -0.17 0.11 0.42 
Loss: 0.621437  SIA Ef: -0.074192 Binding: 0.10 0.04 -0.04 -0.07 0.03 0.31 0.17 0.32 -0.13 -0.27 -0.23  Rvol: 0.58 1.05 1.44 -0.33 -0.31 -0.03 0.29 0.14 0.74 1.27 1.67 -0.28 -0.17 0.11 0.42 
Loss: 0.621423  SIA Ef: -0.074311 Binding: 0.10 0.04 -0.04 -0.07 0.03 0.31 0.17 0.32 -0.13 -0.27 -0.23  Rvol: 0.58 1.05 1.44 -0.33 -0.31 -0.03 0.29 0.14 0.74 1.27 1.67 -0.28 -0.17 0.11 0.42 
Loss: 0.621423  SIA Ef: -0.073527 Binding: 0.10 0.04 -0.04 -0.07 0.03 0.31 0.17 0.32 -0.13 -0.27 -0.23  Rvol: 0.58 1.05 1.44 -0.33 -0.31 -0.03 0.29 0.14 0.74 1.27 1.67 -0.28 -0.17 0.11 0.42 
Loss: 0.621423  SIA Ef: -0.074322 Binding: 0.10 0.04 -0.04 -0.07 0.03 0.31 0.17 0.32 -0.13 -0.27 -0.23  Rvol: 0.58 1.05 1.44 -0.33 -0.31 -0.03 0.29 0.14 0.74 1.27 1.67 -0.28 -0.17 0.11 0.42 
Loss: 0.621414  SIA Ef: -0.073915 Binding: 0.10 0.04 -0.04 -0.07 0.03 0.31 0.17 0.32 -0.13 -0.27 -0.23  Rvol: 0.58 1.05 1.44 -0.33 -0.31 -0.03 0.29 0.14 0.74 1.27 1.67 -0.28 -0.17 0.11 0.42 
Loss: 0.621415  SIA Ef: -0.073949 Binding: 0.10 0.04 -0.04 -0.07 0.03 0.31 0.17 0.32 -0.13 -0.27 -0.23  Rvol: 0.58 1.05 1.44 -0.33 -0.31 -0.03 0.29 0.14 0.74 1.27 1.67 -0.28 -0.17 0.11 0.42 
Loss: 0.621411  SIA Ef: -0.074553 Binding: 0.10 0.04 -0.05 -0.07 0.03 0.31 0.17 0.32 -0.13 -0.27 -0.23  Rvol: 0.58 1.05 1.44 -0.33 -0.31 -0.03 0.29 0.14 0.74 1.27 1.67 -0.28 -0.17 0.11 0.42 
Loss: 0.621434  SIA Ef: -0.074877 Binding: 0.10 0.04 -0.05 -0.07 0.03 0.31 0.17 0.32 -0.13 -0.27 -0.23  Rvol: 0.58 1.05 1.44 -0.33 -0.31 -0.03 0.29 0.14 0.74 1.27 1.67 -0.28 -0.17 0.11 0.42 
Loss: 0.621436  SIA Ef: -0.074850 Binding: 0.10 0.04 -0.05 -0.07 0.03 0.31 0.17 0.32 -0.13 -0.27 -0.23  Rvol: 0.58 1.05 1.44 -0.33 -0.31 -0.03 0.29 0.14 0.74 1.27 1.67 -0.28 -0.17 0.11 0.42 
Loss: 0.621425  SIA Ef: -0.074509 Binding: 0.10 0.04 -0.05 -0.07 0.03 0.31 0.17 0.32 -0.13 -0.27 -0.23  Rvol: 0.58 1.05 1.44 -0.33 -0.31 -0.03 0.29 0.14 0.74 1.27 1.67 -0.28 -0.17 0.11 0.42 
Loss: 0.621333  SIA Ef: -0.073940 Binding: 0.10 0.04 -0.04 -0.07 0.03 0.31 0.17 0.32 -0.13 -0.27 -0.23  Rvol: 0.58 1.05 1.44 -0.33 -0.31 -0.03 0.29 0.14 0.74 1.27 1.67 -0.28 -0.17 0.11 0.42 
Loss: 0.621259  SIA Ef: -0.073280 Binding: 0.10 0.04 -0.04 -0.07 0.03 0.31 0.17 0.32 -0.13 -0.27 -0.23  Rvol: 0.58 1.05 1.44 -0.33 -0.31 -0.03 0.29 0.14 0.74 1.27 1.67 -0.28 -0.17 0.11 0.42 
Loss: 0.621224  SIA Ef: -0.072905 Binding: 0.10 0.04 -0.04 -0.07 0.03 0.31 0.17 0.32 -0.13 -0.27 -0.23  Rvol: 0.58 1.05 1.44 -0.33 -0.31 -0.03 0.29 0.14 0.74 1.27 1.67 -0.28 -0.17 0.11 0.42 
Loss: 0.621270  SIA Ef: -0.072457 Binding: 0.10 0.04 -0.04 -0.07 0.03 0.31 0.17 0.32 -0.13 -0.27 -0.23  Rvol: 0.58 1.05 1.44 -0.33 -0.31 -0.03 0.29 0.14 0.74 1.27 1.67 -0.28 -0.17 0.11 0.42 
Loss: 0.621200  SIA Ef: -0.073064 Binding: 0.10 0.04 -0.04 -0.07 0.03 0.31 0.17 0.32 -0.13 -0.27 -0.23  Rvol: 0.58 1.05 1.44 -0.33 -0.31 -0.03 0.29 0.14 0.74 1.27 1.67 -0.28 -0.17 0.11 0.42 
Loss: 0.621198  SIA Ef: -0.072916 Binding: 0.10 0.04 -0.04 -0.07 0.03 0.31 0.17 0.32 -0.13 -0.27 -0.23  Rvol: 0.58 1.05 1.44 -0.33 -0.31 -0.03 0.29 0.14 0.74 1.27 1.67 -0.28 -0.17 0.11 0.42 
Loss: 0.621193  SIA Ef: -0.073309 Binding: 0.10 0.04 -0.04 -0.07 0.03 0.31 0.17 0.32 -0.13 -0.27 -0.23  Rvol: 0.58 1.05 1.44 -0.33 -0.31 -0.03 0.29 0.14 0.74 1.27 1.67 -0.28 -0.17 0.11 0.42 
Loss: 0.621182  SIA Ef: -0.072886 Binding: 0.10 0.04 -0.04 -0.07 0.03 0.31 0.17 0.32 -0.13 -0.27 -0.23  Rvol: 0.58 1.05 1.44 -0.33 -0.31 -0.03 0.29 0.14 0.74 1.27 1.67 -0.28 -0.17 0.11 0.42 
Loss: 0.621195  SIA Ef: -0.072880 Binding: 0.10 0.04 -0.04 -0.07 0.03 0.31 0.17 0.32 -0.13 -0.27 -0.23  Rvol: 0.58 1.05 1.44 -0.33 -0.31 -0.03 0.29 0.14 0.74 1.27 1.67 -0.28 -0.17 0.11 0.42 
Loss: 0.621191  SIA Ef: -0.073736 Binding: 0.10 0.04 -0.05 -0.07 0.03 0.31 0.17 0.32 -0.13 -0.27 -0.23  Rvol: 0.58 1.05 1.44 -0.33 -0.31 -0.03 0.29 0.14 0.74 1.27 1.67 -0.28 -0.17 0.11 0.42 
Loss: 0.621182  SIA Ef: -0.072702 Binding: 0.10 0.04 -0.04 -0.07 0.03 0.31 0.17 0.32 -0.13 -0.27 -0.23  Rvol: 0.58 1.05 1.44 -0.33 -0.31 -0.03 0.29 0.14 0.74 1.27 1.67 -0.28 -0.17 0.11 0.42 
Loss: 0.621185  SIA Ef: -0.072653 Binding: 0.10 0.04 -0.04 -0.07 0.03 0.31 0.17 0.32 -0.13 -0.27 -0.23  Rvol: 0.58 1.05 1.44 -0.33 -0.31 -0.03 0.29 0.14 0.74 1.27 1.67 -0.28 -0.17 0.11 0.42 
Loss: 0.621203  SIA Ef: -0.072795 Binding: 0.10 0.04 -0.05 -0.07 0.03 0.31 0.17 0.32 -0.13 -0.27 -0.23  Rvol: 0.58 1.05 1.44 -0.33 -0.31 -0.03 0.29 0.14 0.74 1.27 1.67 -0.28 -0.17 0.11 0.42 
Loss: 0.621163  SIA Ef: -0.072404 Binding: 0.10 0.04 -0.04 -0.07 0.03 0.31 0.17 0.32 -0.13 -0.27 -0.23  Rvol: 0.58 1.05 1.44 -0.33 -0.31 -0.03 0.29 0.14 0.74 1.27 1.67 -0.28 -0.17 0.11 0.42 
Loss: 0.621180  SIA Ef: -0.072719 Binding: 0.10 0.04 -0.04 -0.07 0.03 0.31 0.17 0.32 -0.13 -0.27 -0.23  Rvol: 0.58 1.05 1.44 -0.33 -0.31 -0.03 0.29 0.14 0.74 1.27 1.67 -0.28 -0.17 0.11 0.42 
Loss: 0.621190  SIA Ef: -0.072238 Binding: 0.10 0.04 -0.04 -0.07 0.03 0.31 0.17 0.32 -0.13 -0.27 -0.23  Rvol: 0.58 1.05 1.44 -0.33 -0.31 -0.03 0.29 0.14 0.74 1.27 1.67 -0.28 -0.17 0.11 0.42 
Loss: 0.621142  SIA Ef: -0.072337 Binding: 0.10 0.04 -0.04 -0.07 0.03 0.31 0.17 0.32 -0.13 -0.27 -0.23  Rvol: 0.58 1.05 1.44 -0.33 -0.31 -0.03 0.29 0.14 0.74 1.27 1.67 -0.28 -0.17 0.11 0.42 
Loss: 0.621117  SIA Ef: -0.072306 Binding: 0.10 0.04 -0.05 -0.07 0.03 0.31 0.17 0.32 -0.13 -0.27 -0.23  Rvol: 0.58 1.05 1.44 -0.33 -0.31 -0.03 0.29 0.14 0.74 1.27 1.67 -0.28 -0.17 0.11 0.42 
Loss: 0.621123  SIA Ef: -0.073115 Binding: 0.10 0.04 -0.05 -0.07 0.03 0.31 0.17 0.32 -0.13 -0.27 -0.23  Rvol: 0.58 1.05 1.44 -0.33 -0.31 -0.03 0.29 0.14 0.74 1.27 1.67 -0.28 -0.17 0.11 0.42 
Loss: 0.621119  SIA Ef: -0.072136 Binding: 0.10 0.04 -0.05 -0.07 0.03 0.31 0.17 0.32 -0.13 -0.27 -0.23  Rvol: 0.58 1.05 1.44 -0.33 -0.31 -0.03 0.29 0.14 0.74 1.27 1.67 -0.28 -0.17 0.11 0.42 
Loss: 0.621122  SIA Ef: -0.071530 Binding: 0.10 0.04 -0.04 -0.07 0.03 0.31 0.17 0.32 -0.13 -0.27 -0.23  Rvol: 0.58 1.05 1.44 -0.33 -0.31 -0.03 0.29 0.14 0.74 1.27 1.67 -0.28 -0.17 0.11 0.42 
Loss: 0.621124  SIA Ef: -0.072503 Binding: 0.10 0.04 -0.05 -0.07 0.03 0.31 0.17 0.32 -0.13 -0.27 -0.23  Rvol: 0.58 1.05 1.44 -0.33 -0.31 -0.03 0.29 0.14 0.74 1.27 1.67 -0.28 -0.17 0.11 0.42 
Loss: 0.621109  SIA Ef: -0.072327 Binding: 0.10 0.04 -0.05 -0.07 0.03 0.31 0.17 0.32 -0.13 -0.27 -0.23  Rvol: 0.58 1.05 1.44 -0.33 -0.31 -0.03 0.29 0.14 0.74 1.27 1.67 -0.28 -0.17 0.11 0.42 
Loss: 0.621115  SIA Ef: -0.072460 Binding: 0.10 0.04 -0.05 -0.07 0.03 0.31 0.17 0.32 -0.13 -0.27 -0.23  Rvol: 0.58 1.05 1.44 -0.33 -0.31 -0.03 0.29 0.14 0.74 1.27 1.67 -0.28 -0.17 0.11 0.42 
Loss: 0.621162  SIA Ef: -0.072663 Binding: 0.10 0.04 -0.05 -0.07 0.03 0.31 0.17 0.32 -0.13 -0.27 -0.23  Rvol: 0.58 1.05 1.44 -0.33 -0.31 -0.03 0.29 0.14 0.74 1.27 1.67 -0.28 -0.17 0.11 0.42 
Loss: 0.621128  SIA Ef: -0.072528 Binding: 0.10 0.04 -0.05 -0.07 0.03 0.31 0.17 0.32 -0.13 -0.27 -0.23  Rvol: 0.58 1.05 1.44 -0.33 -0.31 -0.03 0.29 0.14 0.74 1.27 1.67 -0.28 -0.17 0.11 0.42 
Loss: 0.621090  SIA Ef: -0.071643 Binding: 0.10 0.04 -0.04 -0.07 0.03 0.31 0.17 0.32 -0.13 -0.27 -0.23  Rvol: 0.58 1.05 1.44 -0.33 -0.31 -0.03 0.29 0.14 0.74 1.27 1.67 -0.28 -0.17 0.11 0.42 
Loss: 0.621101  SIA Ef: -0.071528 Binding: 0.10 0.04 -0.04 -0.07 0.03 0.31 0.17 0.32 -0.13 -0.27 -0.23  Rvol: 0.58 1.05 1.44 -0.33 -0.31 -0.03 0.29 0.14 0.74 1.27 1.67 -0.28 -0.17 0.11 0.42 
Loss: 0.621104  SIA Ef: -0.071611 Binding: 0.10 0.04 -0.04 -0.07 0.03 0.31 0.17 0.32 -0.13 -0.27 -0.23  Rvol: 0.58 1.05 1.44 -0.33 -0.31 -0.03 0.29 0.14 0.74 1.27 1.67 -0.28 -0.17 0.11 0.42 
Loss: 0.621119  SIA Ef: -0.071294 Binding: 0.10 0.04 -0.04 -0.07 0.03 0.31 0.17 0.32 -0.13 -0.27 -0.23  Rvol: 0.58 1.05 1.44 -0.33 -0.31 -0.03 0.29 0.14 0.74 1.27 1.67 -0.28 -0.17 0.11 0.42 
