Start Optimization 
6.064095 -0.356919 -0.108762 -0.049357 -0.186994 0.965671 -0.137123 -0.134058 0.184480 -0.133734 
7.064095 -0.356919 -0.108762 -0.049357 -0.186994 0.965671 -0.137123 -0.134058 0.184480 -0.133734 
6.064095 0.643081 -0.108762 -0.049357 -0.186994 0.965671 -0.137123 -0.134058 0.184480 -0.133734 
6.064095 -0.356919 0.891238 -0.049357 -0.186994 0.965671 -0.137123 -0.134058 0.184480 -0.133734 
6.064095 -0.356919 -0.108762 0.950643 -0.186994 0.965671 -0.137123 -0.134058 0.184480 -0.133734 
6.064095 -0.356919 -0.108762 -0.049357 0.813006 0.965671 -0.137123 -0.134058 0.184480 -0.133734 
6.064095 -0.356919 -0.108762 -0.049357 -0.186994 1.965671 -0.137123 -0.134058 0.184480 -0.133734 
6.064095 -0.356919 -0.108762 -0.049357 -0.186994 1.965671 0.862877 -0.134058 0.184480 -0.133734 
6.064095 -0.356919 -0.108762 -0.049357 -0.186994 1.965671 -0.137123 0.865942 0.184480 -0.133734 
6.064095 -0.356919 -0.108762 -0.049357 -0.186994 1.965671 -0.137123 -0.134058 1.184480 -0.133734 
6.064095 -0.356919 -0.108762 -0.049357 -0.186994 1.965671 -0.137123 -0.134058 0.184480 0.866266 
6.062679 -0.616754 -0.250460 -0.995370 -0.318623 1.968283 -0.138392 -0.145429 0.184365 0.866509 
6.063992 0.138093 -0.119099 -0.118371 -0.196597 1.965862 -0.137216 -0.134888 0.184472 0.866284 
5.814107 -0.356919 -0.106264 -0.049357 -0.186994 1.965671 -0.137123 -0.134058 0.184480 0.866266 
5.819029 -0.355584 0.392195 -0.087884 -0.192355 1.965777 -0.137175 -0.134521 0.184475 0.866276 
5.814107 -0.356919 -0.106264 -0.014904 -0.434609 1.965671 -0.137123 -0.134058 0.184480 0.866266 
5.812484 -0.338598 -0.186820 0.437145 -0.106712 1.967130 -0.137832 -0.140411 0.184416 0.866402 
5.814106 -0.357123 -0.106375 -0.050101 -0.187097 2.215670 -0.137123 -0.134058 0.184480 0.866266 
5.811153 -0.487746 -0.295363 -0.491813 -0.232184 2.216193 -0.138045 -0.142320 0.184397 0.866443 
5.814107 -0.357098 -0.106362 -0.049599 -0.187028 2.215671 -0.387122 -0.134058 0.184480 0.866266 
5.810552 -0.393005 -0.302412 0.400395 -0.099878 2.219996 -0.386693 -0.146439 0.184355 0.866531 
5.814100 -0.325203 -0.107028 -0.054046 -0.187646 2.215684 -0.387128 -0.381973 0.184480 0.866266 
5.813442 0.131377 -0.148503 -0.121194 -0.193254 2.216303 -0.387295 -0.067347 0.184461 0.866306 
5.814108 -0.357098 -0.106227 -0.049610 -0.187029 2.215671 -0.387122 -0.134058 -0.065520 0.866266 
5.818386 -0.365170 0.390597 -0.103509 -0.183965 2.217048 -0.387412 -0.128533 0.184778 0.866380 
5.814106 -0.357152 -0.106439 -0.049780 -0.187053 2.215671 -0.387123 -0.134061 0.184480 1.116266 
5.811264 -0.493653 -0.301410 -0.486729 -0.234109 2.215871 -0.388307 -0.134117 0.184429 0.865785 
5.812310 -0.380477 -0.208810 0.173137 -0.144159 2.217772 -0.386905 -0.133090 0.184446 0.866332 
5.813891 -0.234691 -0.119609 -0.063051 -0.187618 2.215885 -0.387163 -0.117189 0.184477 0.866272 
5.813547 -0.365966 -0.162379 -0.075600 -0.190645 2.215560 -0.387180 -0.134573 0.184451 0.866228 
5.813514 -0.394442 -0.111265 -0.185776 -0.197616 2.216274 -0.387567 -0.130889 0.184505 0.866114 
5.751049 -0.365991 -0.161872 -0.075342 -0.190610 2.215561 -0.387179 -0.134581 0.184451 0.866228 
5.749948 -0.456824 -0.200306 -0.013966 -0.146015 2.220178 -0.387764 -0.123690 0.184521 0.866058 
5.751049 -0.366042 -0.161899 -0.074448 -0.198386 2.277569 -0.387179 -0.134581 0.184451 0.866228 
5.750794 -0.385889 -0.166847 -0.050775 -0.318453 2.262647 -0.387329 -0.131851 0.184469 0.866184 
5.751049 -0.366010 -0.161934 -0.074450 -0.198387 2.277569 -0.387179 -0.134829 0.246950 0.866228 
5.750874 -0.363008 -0.165592 -0.072300 -0.197179 2.278023 -0.387283 -0.259713 0.246630 0.866199 
5.751048 -0.365522 -0.161983 -0.074377 -0.198372 2.277570 -0.449677 -0.134762 0.246950 0.866228 
5.749648 -0.249377 -0.203652 -0.068967 -0.189971 2.280673 -0.448862 -0.117862 0.248041 0.866068 
5.751048 -0.365559 -0.161864 -0.074528 -0.198377 2.277571 -0.449678 -0.134755 0.246950 0.803728 
5.750534 -0.415699 -0.114735 -0.178807 -0.201222 2.279657 -0.450296 -0.133221 0.247521 0.803821 
5.750830 -0.413687 -0.175215 -0.043525 -0.177582 2.280219 -0.450037 -0.131485 0.247268 0.803501 
5.750828 -0.371980 -0.184587 -0.081229 -0.217576 2.275245 -0.449722 -0.134552 0.246942 0.803707 
5.751281 -0.371242 -0.127098 -0.047733 -0.242146 2.271975 -0.449748 -0.134228 0.247120 0.803659 
5.719903 -0.365511 -0.161686 -0.074356 -0.198334 2.277574 -0.449679 -0.137304 0.246940 0.803728 
5.724991 -0.365405 -0.162356 -0.072578 -0.197169 2.277810 -0.449750 -0.199556 0.246755 0.803681 
5.719140 -0.308032 -0.171778 -0.059541 -0.184126 2.280933 -0.449322 -0.129182 0.247880 0.803133 
5.719755 -0.378242 -0.147752 -0.099223 -0.197300 2.278362 -0.449840 -0.136914 0.247118 0.803734 
5.719493 -0.385610 -0.133177 -0.125630 -0.194375 2.279669 -0.449978 -0.135469 0.247437 0.803667 
5.719304 -0.385288 -0.133342 -0.125248 -0.196295 2.295165 -0.449975 -0.135359 0.247437 0.803666 
5.692826 -0.375218 -0.132090 -0.127926 -0.193052 2.296231 -0.449919 -0.122966 0.247721 0.803542 
5.692824 -0.375594 -0.132205 -0.127679 -0.192886 2.296252 -0.449922 -0.123002 0.263338 0.803541 
5.685130 -0.402550 -0.132748 -0.119874 -0.182608 2.298373 -0.450132 -0.118648 0.262719 0.803472 
5.692824 -0.375485 -0.132149 -0.127606 -0.192977 2.296240 -0.465546 -0.122984 0.263338 0.803541 
5.689005 -0.380258 -0.113029 -0.118647 -0.214993 2.293851 -0.465407 -0.121299 0.263598 0.803527 
5.688990 -0.380239 -0.113029 -0.118625 -0.214992 2.293851 -0.465407 -0.121499 0.263597 0.787904 
5.675895 -0.380716 -0.108239 -0.118661 -0.215842 2.294707 -0.465614 -0.149431 0.263934 0.788209 
5.686218 -0.384485 -0.123034 -0.124031 -0.224368 2.292770 -0.465443 -0.121583 0.263607 0.787894 
5.693305 -0.377822 -0.085343 -0.113232 -0.223433 2.298521 -0.466470 -0.114095 0.266282 0.787389 
5.694613 -0.376181 -0.085178 -0.114492 -0.219676 2.299919 -0.481365 -0.113962 0.266692 0.787318 
5.693268 -0.376598 -0.087573 -0.109158 -0.224640 2.304561 -0.466448 -0.114265 0.266235 0.787399 
5.692903 -0.372819 -0.090060 -0.095635 -0.226165 2.298503 -0.467674 -0.114016 0.266519 0.787350 
5.686277 -0.370327 -0.089748 -0.096297 -0.225344 2.298771 -0.467661 -0.110913 0.266589 0.787319 
5.689359 -0.385887 -0.089084 -0.090246 -0.221760 2.300896 -0.468311 -0.111733 0.266247 0.787287 
5.689265 -0.385815 -0.088554 -0.090146 -0.222388 2.300826 -0.468692 -0.111674 0.258489 0.787287 
5.692962 -0.380926 -0.090673 -0.084800 -0.214942 2.311255 -0.463797 -0.111689 0.266640 0.787098 
5.692228 -0.386257 -0.091396 -0.090856 -0.222626 2.300564 -0.468265 -0.104946 0.266166 0.787196 
5.689541 -0.389410 -0.095695 -0.090067 -0.236025 2.304693 -0.471085 -0.105707 0.267820 0.787087 
5.689515 -0.389441 -0.095712 -0.090139 -0.236009 2.304553 -0.470976 -0.105821 0.267812 0.779278 
5.689253 -0.393391 -0.090758 -0.090860 -0.242684 2.295849 -0.462302 -0.103671 0.269608 0.779281 
5.688012 -0.394312 -0.097101 -0.092057 -0.241376 2.294235 -0.459276 -0.105403 0.268912 0.779413 
5.687483 -0.398223 -0.103363 -0.095872 -0.242026 2.283986 -0.467392 -0.105662 0.270746 0.779215 
5.689204 -0.401379 -0.116900 -0.094833 -0.244324 2.280435 -0.463469 -0.104818 0.274267 0.778510 
5.687297 -0.396665 -0.103992 -0.090597 -0.243031 2.281589 -0.468106 -0.105536 0.265943 0.779197 
5.687489 -0.403138 -0.103694 -0.107481 -0.243439 2.285918 -0.466800 -0.105641 0.261857 0.779120 
5.684717 -0.404308 -0.102832 -0.093307 -0.239721 2.285211 -0.467705 -0.104058 0.270622 0.779179 
5.675018 -0.392061 -0.104322 -0.097969 -0.241635 2.282890 -0.467139 -0.099898 0.274035 0.779110 
5.684379 -0.398188 -0.103666 -0.095472 -0.241401 2.284482 -0.464595 -0.112184 0.270392 0.779349 
5.684332 -0.399399 -0.099491 -0.094452 -0.242123 2.280194 -0.472187 -0.117325 0.281400 0.779121 
5.684536 -0.399161 -0.099140 -0.094590 -0.240963 2.279703 -0.471839 -0.117372 0.281250 0.771436 
5.687552 -0.396982 -0.097535 -0.095424 -0.228082 2.274014 -0.467673 -0.116686 0.283202 0.774104 
5.685401 -0.397088 -0.102173 -0.094734 -0.237828 2.283803 -0.476244 -0.118193 0.281027 0.771408 
5.674833 -0.400747 -0.104866 -0.086695 -0.234925 2.285899 -0.473957 -0.123455 0.282180 0.771084 
5.687820 -0.395236 -0.099963 -0.093243 -0.238742 2.288337 -0.473414 -0.117057 0.284757 0.771205 
5.684482 -0.396653 -0.099010 -0.094895 -0.237246 2.284620 -0.477071 -0.118572 0.279499 0.771575 
5.686181 -0.399587 -0.103499 -0.101682 -0.238793 2.284366 -0.476566 -0.119078 0.282418 0.771132 
5.687756 -0.399099 -0.101946 -0.093756 -0.237662 2.284153 -0.476075 -0.120061 0.280031 0.771443 
5.691198 -0.395759 -0.103459 -0.091706 -0.240592 2.280523 -0.478836 -0.119284 0.278824 0.771136 
5.688079 -0.397004 -0.102007 -0.094512 -0.236343 2.283191 -0.474511 -0.122273 0.280122 0.771870 
5.689530 -0.400754 -0.101343 -0.093500 -0.231837 2.281849 -0.475802 -0.116490 0.281328 0.772429 
5.687526 -0.398390 -0.103753 -0.094018 -0.237440 2.284918 -0.474469 -0.118440 0.277680 0.771474 
5.690587 -0.402396 -0.097314 -0.094381 -0.238034 2.286049 -0.473830 -0.122067 0.277294 0.771571 
5.685543 -0.400571 -0.102947 -0.091887 -0.236954 2.284414 -0.475495 -0.121547 0.280787 0.771330 
5.687853 -0.398970 -0.101844 -0.093748 -0.237394 2.284138 -0.475921 -0.120023 0.280107 0.769526 
5.688630 -0.398036 -0.101739 -0.092840 -0.238090 2.286245 -0.474743 -0.119284 0.282369 0.771719 
5.688137 -0.398774 -0.102201 -0.093521 -0.236821 2.285235 -0.477166 -0.120524 0.279629 0.771468 
5.687496 -0.400303 -0.103239 -0.096931 -0.237872 2.284380 -0.476385 -0.120454 0.281301 0.771271 
5.688372 -0.400729 -0.104750 -0.097967 -0.239576 2.282061 -0.477642 -0.121011 0.282127 0.770951 
5.688252 -0.400674 -0.104450 -0.098094 -0.240910 2.282783 -0.477445 -0.121977 0.281514 0.770744 
5.689758 -0.403406 -0.103428 -0.099416 -0.238521 2.281377 -0.476824 -0.121170 0.282026 0.771149 
5.687227 -0.400688 -0.104227 -0.098468 -0.239292 2.281370 -0.478354 -0.121071 0.281178 0.770870 
5.687074 -0.398772 -0.104882 -0.098611 -0.240363 2.282786 -0.477916 -0.119860 0.284727 0.771019 
5.687903 -0.398019 -0.104928 -0.099421 -0.240601 2.282877 -0.477761 -0.118847 0.283841 0.771070 
5.685514 -0.399075 -0.108115 -0.098081 -0.240244 2.283029 -0.476639 -0.119566 0.284295 0.770871 
5.685398 -0.400077 -0.108114 -0.097678 -0.240800 2.283633 -0.477543 -0.118522 0.284202 0.770662 
5.686261 -0.398186 -0.109580 -0.098014 -0.238815 2.284574 -0.478961 -0.120948 0.284456 0.770885 
5.685420 -0.399189 -0.108200 -0.098049 -0.240508 2.283041 -0.476788 -0.119599 0.284202 0.772790 
5.685692 -0.397658 -0.108168 -0.094762 -0.240813 2.281702 -0.476680 -0.119344 0.284499 0.770715 
5.685444 -0.401270 -0.108296 -0.099608 -0.239338 2.283322 -0.475201 -0.119906 0.286528 0.770840 
5.684058 -0.399061 -0.107820 -0.098704 -0.239858 2.282397 -0.477261 -0.119626 0.283778 0.770756 
5.685716 -0.399174 -0.108452 -0.098348 -0.240801 2.282538 -0.476925 -0.119804 0.284432 0.770771 
5.685062 -0.398986 -0.107796 -0.098161 -0.241303 2.284110 -0.476203 -0.120472 0.283905 0.770678 
5.685733 -0.399639 -0.108077 -0.097830 -0.240025 2.282842 -0.476590 -0.119964 0.283766 0.770849 
5.686534 -0.399343 -0.108340 -0.098712 -0.240013 2.283073 -0.476085 -0.119228 0.282588 0.770825 
5.685885 -0.399206 -0.108384 -0.097846 -0.239505 2.283314 -0.476913 -0.120063 0.283956 0.770776 
5.685814 -0.400566 -0.108343 -0.097788 -0.240354 2.282885 -0.477655 -0.121173 0.283416 0.771068 
5.685732 -0.400455 -0.108319 -0.096896 -0.240435 2.282676 -0.477607 -0.121383 0.283614 0.771022 
5.685628 -0.400859 -0.108280 -0.096508 -0.240281 2.282656 -0.477286 -0.121652 0.284269 0.771000 
5.685941 -0.400812 -0.107490 -0.096314 -0.240238 2.282582 -0.477462 -0.121828 0.284619 0.770997 
5.686113 -0.400957 -0.107095 -0.095672 -0.240194 2.282455 -0.477330 -0.122124 0.285077 0.770968 
5.686376 -0.401571 -0.106774 -0.095975 -0.240058 2.282587 -0.477333 -0.122490 0.285450 0.771030 
5.685787 -0.401778 -0.106337 -0.096079 -0.239725 2.282404 -0.477553 -0.122769 0.285746 0.770974 
5.685964 -0.401649 -0.106524 -0.096360 -0.240027 2.281931 -0.477728 -0.122955 0.286345 0.770744 
5.685965 -0.401802 -0.106505 -0.096295 -0.240069 2.282029 -0.477844 -0.122792 0.286334 0.770345 
5.685919 -0.402092 -0.106441 -0.096181 -0.240282 2.282182 -0.478249 -0.122399 0.286839 0.770801 
5.685757 -0.402129 -0.106291 -0.096230 -0.240668 2.282234 -0.478077 -0.122450 0.286798 0.770797 
5.685908 -0.401764 -0.106466 -0.096207 -0.240230 2.282868 -0.478384 -0.122811 0.287253 0.770691 
5.685882 -0.401685 -0.106403 -0.096317 -0.240100 2.282900 -0.478077 -0.122564 0.287452 0.770647 
5.686304 -0.402042 -0.105985 -0.096313 -0.240081 2.282839 -0.478550 -0.123210 0.287768 0.770646 
5.686186 -0.402614 -0.106393 -0.096185 -0.239952 2.282858 -0.478350 -0.123612 0.288228 0.770619 
5.686134 -0.403106 -0.106621 -0.096822 -0.239796 2.283001 -0.478507 -0.123899 0.288544 0.770628 
5.685797 -0.402562 -0.106243 -0.096160 -0.239809 2.282724 -0.478468 -0.123665 0.288287 0.770572 
5.685868 -0.402556 -0.106232 -0.095419 -0.239808 2.282561 -0.478358 -0.123937 0.288815 0.770488 
5.686284 -0.402466 -0.105475 -0.095233 -0.239733 2.282430 -0.478513 -0.124130 0.289095 0.770435 
5.686165 -0.402868 -0.105238 -0.094734 -0.239372 2.282874 -0.478275 -0.124226 0.288908 0.770647 
5.686279 -0.402620 -0.105451 -0.095170 -0.239789 2.282530 -0.478622 -0.123969 0.289083 0.770036 
5.685992 -0.402600 -0.105176 -0.095280 -0.240477 2.282490 -0.478134 -0.124360 0.289159 0.770427 
5.686008 -0.402383 -0.105210 -0.095336 -0.240372 2.282622 -0.478001 -0.124645 0.289064 0.770203 
5.686107 -0.402921 -0.105179 -0.095166 -0.240353 2.281744 -0.477759 -0.124502 0.288935 0.770220 
5.686129 -0.402988 -0.105243 -0.095057 -0.240488 2.281712 -0.478067 -0.124738 0.288722 0.770265 
5.686079 -0.402651 -0.105235 -0.094487 -0.240528 2.281421 -0.477667 -0.124644 0.289425 0.770102 
5.685365 -0.402417 -0.104805 -0.094467 -0.240331 2.281082 -0.477861 -0.124635 0.289362 0.770013 
5.685980 -0.402881 -0.105311 -0.094626 -0.240417 2.281423 -0.477747 -0.124860 0.289716 0.770076 
5.686068 -0.403322 -0.105364 -0.094785 -0.240353 2.281305 -0.477780 -0.125348 0.290394 0.770002 
5.686266 -0.403720 -0.105462 -0.094834 -0.240358 2.281183 -0.477761 -0.125823 0.291099 0.769928 
5.686773 -0.403783 -0.105772 -0.094415 -0.240611 2.281145 -0.477562 -0.126033 0.291620 0.769889 
5.686452 -0.404168 -0.106409 -0.094472 -0.240609 2.281088 -0.477447 -0.126323 0.292058 0.769844 
5.686657 -0.404540 -0.106459 -0.094795 -0.240415 2.280889 -0.476856 -0.126306 0.292529 0.769710 
5.686936 -0.405145 -0.106672 -0.094903 -0.240495 2.280575 -0.476893 -0.126876 0.292664 0.769650 
5.686830 -0.405361 -0.106695 -0.094857 -0.240418 2.280419 -0.476892 -0.127268 0.293500 0.769543 
5.686673 -0.405581 -0.106820 -0.094662 -0.240342 2.280021 -0.476736 -0.127625 0.294194 0.769373 
5.686705 -0.405795 -0.107023 -0.094494 -0.240363 2.279858 -0.476605 -0.127980 0.295004 0.769267 
5.686723 -0.406060 -0.107253 -0.094303 -0.240378 2.279574 -0.476441 -0.128363 0.295726 0.769135 
5.687148 -0.406436 -0.107501 -0.094387 -0.240553 2.279752 -0.476503 -0.128790 0.296287 0.769174 
5.686861 -0.406891 -0.107305 -0.094420 -0.240896 2.279591 -0.476591 -0.128622 0.296890 0.769461 
5.686543 -0.406887 -0.107153 -0.094613 -0.241038 2.279739 -0.476339 -0.129202 0.297424 0.769208 
5.686564 -0.406503 -0.107328 -0.094968 -0.240898 2.279385 -0.476352 -0.129485 0.297786 0.769749 
5.686516 -0.406621 -0.107236 -0.094768 -0.240718 2.279529 -0.476190 -0.129613 0.297725 0.770021 
5.686403 -0.406978 -0.107228 -0.094612 -0.240177 2.279674 -0.476301 -0.129817 0.298361 0.769885 
5.686520 -0.407166 -0.107377 -0.094585 -0.240091 2.279844 -0.475578 -0.129671 0.298910 0.769865 
5.686985 -0.407097 -0.106689 -0.094306 -0.240082 2.279644 -0.475523 -0.129849 0.299232 0.769798 
5.686988 -0.407080 -0.106646 -0.093655 -0.240245 2.279753 -0.475546 -0.130227 0.299818 0.769835 
5.687046 -0.407398 -0.106490 -0.093187 -0.240293 2.279635 -0.475438 -0.130775 0.300345 0.769817 
5.687149 -0.407472 -0.106182 -0.092847 -0.240357 2.280009 -0.475491 -0.131131 0.301010 0.769922 
5.686656 -0.407273 -0.105883 -0.092332 -0.240175 2.279721 -0.475276 -0.131158 0.301384 0.769804 
5.687174 -0.407254 -0.106222 -0.092898 -0.240244 2.280138 -0.475361 -0.131413 0.300909 0.769697 
5.687798 -0.407545 -0.106533 -0.092317 -0.240095 2.279952 -0.475599 -0.131235 0.301174 0.769964 
5.687167 -0.407263 -0.106283 -0.093054 -0.240317 2.279811 -0.475524 -0.131250 0.301198 0.770145 
5.687260 -0.407254 -0.106422 -0.093263 -0.240731 2.279626 -0.475767 -0.131198 0.301658 0.769510 
5.687356 -0.407248 -0.106503 -0.093295 -0.240846 2.279674 -0.475348 -0.131060 0.301763 0.769541 
5.687444 -0.407127 -0.106396 -0.093172 -0.241647 2.279522 -0.475362 -0.131515 0.301716 0.769713 
5.687189 -0.407159 -0.106758 -0.093088 -0.241712 2.279672 -0.475402 -0.131556 0.301753 0.769764 
5.687423 -0.407673 -0.106330 -0.093612 -0.241680 2.279450 -0.475269 -0.132007 0.302163 0.769682 
5.687484 -0.407809 -0.106172 -0.094126 -0.241885 2.279667 -0.475362 -0.132314 0.302835 0.769698 
5.687425 -0.408180 -0.106392 -0.094587 -0.242002 2.279044 -0.475215 -0.132611 0.302870 0.769504 
5.687327 -0.407650 -0.105905 -0.094347 -0.242042 2.279634 -0.475330 -0.132196 0.302671 0.769682 
5.688297 -0.407700 -0.105983 -0.093789 -0.241946 2.279491 -0.475460 -0.132500 0.303065 0.769729 
5.687877 -0.407606 -0.105703 -0.093282 -0.241792 2.279232 -0.475259 -0.132659 0.303580 0.769620 
5.687851 -0.407826 -0.105662 -0.093230 -0.241906 2.279105 -0.475388 -0.132378 0.303680 0.769844 
5.687957 -0.408211 -0.105524 -0.092852 -0.241903 2.279627 -0.475196 -0.132802 0.303653 0.769212 
5.688045 -0.408206 -0.105595 -0.092868 -0.241987 2.279687 -0.474764 -0.132669 0.303723 0.769287 
5.688068 -0.408421 -0.105478 -0.092656 -0.241611 2.279836 -0.474644 -0.133181 0.303786 0.769923 
5.688160 -0.408506 -0.105330 -0.092792 -0.241238 2.279817 -0.474609 -0.133010 0.303828 0.769820 
5.688177 -0.408305 -0.105916 -0.092214 -0.241411 2.280021 -0.474773 -0.133275 0.304450 0.769888 
5.688260 -0.408712 -0.106227 -0.092223 -0.241391 2.279379 -0.474603 -0.133700 0.304625 0.769708 
5.688388 -0.408886 -0.106115 -0.091916 -0.241460 2.278925 -0.474422 -0.134243 0.305122 0.769587 
5.688525 -0.408801 -0.106185 -0.091399 -0.241398 2.278921 -0.474424 -0.134570 0.305858 0.769536 
5.688588 -0.408879 -0.106363 -0.090747 -0.241195 2.278441 -0.474234 -0.134607 0.305442 0.769463 
5.688063 -0.408814 -0.106172 -0.091372 -0.241324 2.278909 -0.474321 -0.134546 0.305929 0.769489 
5.688028 -0.409266 -0.106324 -0.091952 -0.241502 2.278941 -0.474307 -0.134996 0.306321 0.769463 
5.688003 -0.409812 -0.106564 -0.092379 -0.241630 2.278802 -0.474221 -0.135525 0.306620 0.769406 
5.687293 -0.410174 -0.106748 -0.092335 -0.241512 2.278523 -0.473939 -0.135803 0.306745 0.769271 
5.687080 -0.410320 -0.107084 -0.092580 -0.241493 2.278998 -0.474065 -0.135995 0.307404 0.769295 
5.686948 -0.410328 -0.106452 -0.092817 -0.241785 2.278906 -0.473942 -0.136360 0.307890 0.769265 
5.687098 -0.410737 -0.106650 -0.092938 -0.241885 2.278688 -0.473868 -0.136955 0.308426 0.769183 
5.687045 -0.410680 -0.106715 -0.092499 -0.241806 2.278520 -0.473806 -0.137277 0.309197 0.769066 
5.686864 -0.410729 -0.106801 -0.092131 -0.241733 2.278333 -0.473694 -0.137661 0.309945 0.768940 
5.686899 -0.410896 -0.106939 -0.091918 -0.241732 2.278120 -0.473617 -0.138155 0.310688 0.768827 
5.686772 -0.411079 -0.107010 -0.091727 -0.241736 2.277908 -0.473493 -0.138654 0.311422 0.768707 
5.687244 -0.411264 -0.107280 -0.091619 -0.241777 2.277721 -0.473543 -0.139109 0.312023 0.768637 
5.687190 -0.411224 -0.107412 -0.091637 -0.241787 2.278137 -0.473677 -0.139325 0.312855 0.768654 
5.687049 -0.411479 -0.107947 -0.091370 -0.241607 2.278001 -0.473618 -0.139675 0.313421 0.768535 
5.687064 -0.411758 -0.107890 -0.091484 -0.241760 2.277839 -0.473522 -0.140255 0.314097 0.768456 
5.687081 -0.412031 -0.107824 -0.091605 -0.241918 2.277685 -0.473429 -0.140834 0.314777 0.768379 
5.687077 -0.412324 -0.107842 -0.091674 -0.242034 2.277506 -0.473329 -0.141412 0.315459 0.768289 
5.687038 -0.412611 -0.107985 -0.091668 -0.242086 2.277358 -0.473245 -0.141960 0.316172 0.768192 
5.687035 -0.412738 -0.107935 -0.091539 -0.242161 2.277201 -0.473161 -0.142469 0.316955 0.768098 
5.687050 -0.412836 -0.107810 -0.091404 -0.242258 2.277024 -0.473070 -0.142974 0.317727 0.768006 
5.687083 -0.413059 -0.107660 -0.091421 -0.242414 2.276770 -0.472943 -0.143550 0.318387 0.767912 
5.687063 -0.413084 -0.107647 -0.091192 -0.242438 2.276706 -0.472900 -0.143974 0.319228 0.767828 
5.687041 -0.413126 -0.107643 -0.090983 -0.242465 2.276646 -0.472857 -0.144408 0.320068 0.767744 
5.687035 -0.413232 -0.107601 -0.090847 -0.242534 2.276527 -0.472788 -0.144899 0.320874 0.767656 
5.687008 -0.413346 -0.107640 -0.090749 -0.242583 2.276508 -0.472756 -0.145366 0.321712 0.767582 
5.686993 -0.413463 -0.107637 -0.090641 -0.242645 2.276436 -0.472703 -0.145852 0.322532 0.767500 
5.686966 -0.413691 -0.107729 -0.090779 -0.242745 2.276518 -0.472699 -0.146344 0.323315 0.767456 
5.687006 -0.413887 -0.107546 -0.090784 -0.242907 2.276270 -0.472576 -0.146910 0.323984 0.767364 
5.687167 -0.414012 -0.107748 -0.090595 -0.242906 2.276176 -0.472579 -0.147362 0.324769 0.767280 
5.687486 -0.414201 -0.108047 -0.090454 -0.242911 2.276030 -0.472607 -0.147824 0.325451 0.767200 
5.687641 -0.414190 -0.108175 -0.090048 -0.242860 2.275853 -0.472587 -0.148193 0.326204 0.767098 
5.687530 -0.414350 -0.108658 -0.090323 -0.242804 2.276402 -0.472774 -0.148291 0.326708 0.767152 
5.688013 -0.414187 -0.108123 -0.090610 -0.243138 2.276668 -0.472920 -0.148440 0.327002 0.767266 
5.687986 -0.414416 -0.108082 -0.090556 -0.243249 2.276536 -0.473047 -0.148175 0.327129 0.767487 
5.688239 -0.414910 -0.108224 -0.090901 -0.243442 2.276294 -0.473012 -0.148704 0.327488 0.767458 
5.687690 -0.414990 -0.107854 -0.091011 -0.243578 2.276366 -0.472876 -0.148992 0.328098 0.767437 
5.688003 -0.414914 -0.107963 -0.090629 -0.243567 2.276352 -0.472976 -0.149244 0.328884 0.767422 
5.688328 -0.414836 -0.108084 -0.090289 -0.243553 2.276345 -0.473049 -0.149570 0.329656 0.767368 
5.688268 -0.414826 -0.108002 -0.090305 -0.243599 2.276400 -0.472924 -0.150182 0.330374 0.767188 
5.688107 -0.415074 -0.108033 -0.090144 -0.243670 2.276254 -0.472907 -0.150500 0.331217 0.767204 
5.688129 -0.415365 -0.108139 -0.090085 -0.243756 2.276083 -0.472883 -0.150951 0.331999 0.767174 
5.688043 -0.415740 -0.108265 -0.089915 -0.243842 2.275839 -0.472916 -0.151183 0.332795 0.767254 
5.687981 -0.416018 -0.108339 -0.089807 -0.243922 2.275676 -0.472896 -0.151575 0.333613 0.767247 
5.687594 -0.415782 -0.108054 -0.089693 -0.243914 2.275878 -0.472751 -0.151945 0.334270 0.767095 
5.687938 -0.415806 -0.108193 -0.089527 -0.243937 2.275837 -0.472772 -0.152438 0.334999 0.766991 
5.687800 -0.416204 -0.107982 -0.090133 -0.244199 2.275761 -0.472625 -0.152931 0.335154 0.766945 
5.687465 -0.416394 -0.108632 -0.090420 -0.244005 2.276224 -0.472688 -0.153023 0.335333 0.766891 
5.687506 -0.416677 -0.108531 -0.090208 -0.244069 2.276448 -0.472665 -0.153019 0.335259 0.766687 
5.687342 -0.416646 -0.108675 -0.089873 -0.244569 2.276615 -0.472693 -0.153444 0.335058 0.767228 
5.687253 -0.416653 -0.108604 -0.089856 -0.244485 2.276554 -0.473123 -0.153581 0.334993 0.767153 
5.687325 -0.416980 -0.108286 -0.089815 -0.243859 2.276707 -0.473030 -0.153784 0.335044 0.767672 
5.687431 -0.416982 -0.108166 -0.089939 -0.244017 2.276912 -0.473216 -0.153572 0.335211 0.767823 
5.686933 -0.417585 -0.108099 -0.089658 -0.243941 2.276433 -0.472914 -0.154135 0.335427 0.767576 
5.686819 -0.417898 -0.107776 -0.089693 -0.243951 2.276533 -0.472717 -0.154896 0.335599 0.767295 
5.687226 -0.418607 -0.108051 -0.089773 -0.244033 2.276177 -0.472792 -0.155122 0.335493 0.767348 
5.687024 -0.418718 -0.107922 -0.090036 -0.244102 2.276173 -0.472738 -0.155043 0.335201 0.767382 
5.687365 -0.418652 -0.108229 -0.089086 -0.243843 2.276124 -0.472851 -0.155333 0.336070 0.767259 
5.687920 -0.418405 -0.108239 -0.089039 -0.243743 2.276421 -0.472818 -0.155962 0.336236 0.767016 
5.687748 -0.418464 -0.108574 -0.089207 -0.243639 2.276623 -0.472852 -0.156008 0.336335 0.767015 
5.687896 -0.418069 -0.108299 -0.089280 -0.243712 2.275818 -0.472824 -0.156203 0.336725 0.767360 
5.687849 -0.418053 -0.108334 -0.089158 -0.244003 2.275959 -0.472894 -0.156340 0.336679 0.767660 
5.688148 -0.418305 -0.107998 -0.089471 -0.243916 2.276052 -0.473117 -0.155895 0.337381 0.767353 
5.688244 -0.418369 -0.107994 -0.089478 -0.243858 2.276141 -0.472705 -0.155814 0.337451 0.767533 
5.688151 -0.418181 -0.108314 -0.089405 -0.244561 2.275883 -0.472813 -0.155787 0.337588 0.766861 
5.688410 -0.418001 -0.108532 -0.089369 -0.244527 2.275880 -0.472925 -0.155542 0.337512 0.766961 
5.687954 -0.418485 -0.108083 -0.088986 -0.244519 2.275684 -0.472737 -0.156087 0.338220 0.766623 
5.688127 -0.419122 -0.107933 -0.089307 -0.244742 2.275328 -0.472673 -0.156493 0.338377 0.766470 
5.687839 -0.419073 -0.107364 -0.089542 -0.244919 2.275295 -0.472486 -0.156807 0.338854 0.766159 
5.688447 -0.418969 -0.107979 -0.089271 -0.244678 2.275481 -0.472677 -0.156755 0.338426 0.766369 
5.688991 -0.419256 -0.108212 -0.088891 -0.244627 2.275154 -0.472812 -0.156869 0.338900 0.766263 
5.689458 -0.419063 -0.108528 -0.089237 -0.245186 2.274955 -0.472707 -0.156670 0.338921 0.765986 
5.688834 -0.419224 -0.108523 -0.089100 -0.244528 2.275181 -0.472843 -0.156969 0.339109 0.766348 
5.689029 -0.419826 -0.108455 -0.088727 -0.244645 2.275709 -0.472812 -0.156933 0.338897 0.765785 
5.689038 -0.419859 -0.108425 -0.088654 -0.244955 2.275886 -0.472937 -0.156996 0.338990 0.766060 
5.688984 -0.419897 -0.108702 -0.088235 -0.245127 2.275596 -0.472694 -0.157675 0.338744 0.766110 
5.688945 -0.419793 -0.108428 -0.088654 -0.245004 2.275802 -0.473354 -0.157075 0.338908 0.765891 
5.689651 -0.420204 -0.108204 -0.088947 -0.244602 2.275979 -0.473212 -0.157119 0.339099 0.766358 
5.690095 -0.419955 -0.108165 -0.088597 -0.244259 2.276307 -0.473428 -0.156890 0.339587 0.766449 
5.689622 -0.420130 -0.107952 -0.089046 -0.244664 2.276014 -0.473126 -0.157354 0.339340 0.766178 
5.689541 -0.420762 -0.107637 -0.089140 -0.244718 2.275691 -0.473214 -0.157108 0.339849 0.766256 
5.689693 -0.420011 -0.107587 -0.089588 -0.244537 2.276636 -0.473118 -0.157463 0.339071 0.766321 
5.689922 -0.420072 -0.108110 -0.089189 -0.244912 2.275914 -0.473095 -0.157283 0.339399 0.766041 
5.689699 -0.420145 -0.107800 -0.088936 -0.244716 2.275995 -0.473107 -0.157312 0.339232 0.766137 
5.689734 -0.420196 -0.108070 -0.088830 -0.244618 2.275851 -0.473079 -0.157707 0.339374 0.766242 
5.689694 -0.420153 -0.108074 -0.088801 -0.244632 2.275749 -0.473511 -0.157825 0.339337 0.766093 
5.689686 -0.420023 -0.108011 -0.088828 -0.244676 2.275646 -0.473530 -0.157819 0.339352 0.766250 
5.689741 -0.420061 -0.108067 -0.088861 -0.244298 2.275479 -0.473410 -0.157801 0.339300 0.765928 
5.689808 -0.420216 -0.108019 -0.088932 -0.244567 2.275803 -0.473553 -0.157890 0.339272 0.766164 
5.689660 -0.420131 -0.108224 -0.088515 -0.244703 2.275726 -0.473430 -0.158163 0.339415 0.766091 
5.689549 -0.420191 -0.108234 -0.088604 -0.244783 2.275641 -0.473375 -0.158219 0.339292 0.766065 
5.689572 -0.420092 -0.108255 -0.088615 -0.244469 2.275354 -0.473254 -0.158239 0.339266 0.765889 
5.689527 -0.420250 -0.108096 -0.088654 -0.244814 2.275609 -0.473354 -0.158273 0.339452 0.766009 
5.689509 -0.420605 -0.108122 -0.088571 -0.244836 2.275375 -0.473417 -0.158172 0.339601 0.766121 
5.689559 -0.420574 -0.108286 -0.088699 -0.244886 2.275353 -0.473419 -0.158177 0.339699 0.766103 
5.689823 -0.420611 -0.108015 -0.088493 -0.245096 2.275244 -0.473357 -0.158124 0.339532 0.765956 
5.689798 -0.420586 -0.108012 -0.088487 -0.245105 2.275200 -0.473576 -0.158168 0.339512 0.765879 
5.689623 -0.420741 -0.107801 -0.088550 -0.245250 2.275198 -0.473290 -0.158143 0.339812 0.765805 
5.689752 -0.420975 -0.107604 -0.088747 -0.245210 2.275202 -0.473301 -0.158422 0.339890 0.765865 
5.689641 -0.420825 -0.107853 -0.088538 -0.245125 2.275215 -0.473247 -0.158137 0.339793 0.765627 
5.689603 -0.420626 -0.107772 -0.088543 -0.244946 2.274838 -0.473149 -0.158131 0.339878 0.765603 
5.689590 -0.420613 -0.107847 -0.088397 -0.244979 2.274830 -0.473111 -0.158298 0.339922 0.765603 
5.689733 -0.420533 -0.107790 -0.088190 -0.244881 2.274961 -0.473194 -0.158174 0.340263 0.765596 
5.689588 -0.420776 -0.107909 -0.088336 -0.244980 2.274720 -0.473150 -0.158227 0.339943 0.765681 
5.689302 -0.420739 -0.107995 -0.088126 -0.245194 2.274670 -0.473032 -0.158180 0.340026 0.765501 
5.689628 -0.420879 -0.107830 -0.088364 -0.244967 2.274690 -0.473130 -0.158404 0.340029 0.765686 
5.689750 -0.420945 -0.107792 -0.088350 -0.244975 2.274676 -0.472965 -0.158494 0.340057 0.765731 
5.689854 -0.420997 -0.107739 -0.088329 -0.244996 2.274604 -0.473047 -0.158660 0.340075 0.765683 
5.689796 -0.421052 -0.107594 -0.088223 -0.244902 2.274629 -0.473050 -0.158734 0.340013 0.765731 
5.689803 -0.421089 -0.107633 -0.088221 -0.244831 2.274641 -0.473032 -0.158732 0.340001 0.765651 
5.689788 -0.421099 -0.107631 -0.088292 -0.244856 2.274617 -0.473060 -0.158911 0.340128 0.765799 
5.689721 -0.421185 -0.107573 -0.088300 -0.244941 2.274577 -0.473013 -0.159016 0.340257 0.765725 
5.689753 -0.421242 -0.107444 -0.088439 -0.244895 2.274487 -0.473010 -0.159039 0.340348 0.765713 
5.689685 -0.421206 -0.107587 -0.088353 -0.244967 2.274547 -0.472993 -0.159046 0.340171 0.765727 
5.689760 -0.421302 -0.107584 -0.088302 -0.245021 2.274762 -0.473065 -0.159043 0.340272 0.765734 
5.689758 -0.421381 -0.107618 -0.088270 -0.245022 2.274707 -0.473086 -0.159003 0.340280 0.765773 
5.689745 -0.421362 -0.107716 -0.088103 -0.245066 2.274696 -0.473065 -0.159116 0.340358 0.765773 
5.689786 -0.421415 -0.107703 -0.088026 -0.245067 2.274653 -0.473072 -0.159207 0.340555 0.765773 
5.689787 -0.421498 -0.107731 -0.087965 -0.245113 2.274584 -0.473054 -0.159366 0.340680 0.765777 
5.689821 -0.421479 -0.107707 -0.087930 -0.245158 2.274678 -0.473041 -0.159528 0.340810 0.765731 
5.689718 -0.421479 -0.107726 -0.087895 -0.245165 2.274664 -0.473204 -0.159606 0.340920 0.765681 
5.689641 -0.421520 -0.107757 -0.087849 -0.245164 2.274703 -0.473100 -0.159665 0.341096 0.765729 
5.689642 -0.421512 -0.107624 -0.087730 -0.245289 2.274676 -0.473106 -0.159716 0.341148 0.765806 
5.689709 -0.421463 -0.107722 -0.087786 -0.245444 2.274634 -0.473103 -0.159690 0.341262 0.765786 
5.689687 -0.421496 -0.107698 -0.087758 -0.245469 2.274628 -0.473071 -0.159656 0.341261 0.765690 
5.689784 -0.421553 -0.107736 -0.087654 -0.245442 2.274615 -0.473059 -0.159786 0.341381 0.765644 
5.689676 -0.421610 -0.107794 -0.087586 -0.245426 2.274492 -0.473172 -0.159748 0.341461 0.765666 
5.689765 -0.421464 -0.107730 -0.087643 -0.245413 2.274557 -0.473024 -0.159809 0.341382 0.765623 
5.689791 -0.421651 -0.107619 -0.087806 -0.245448 2.274589 -0.473057 -0.159851 0.341471 0.765634 
5.689774 -0.421766 -0.107532 -0.087950 -0.245490 2.274585 -0.473047 -0.159955 0.341540 0.765625 
5.689829 -0.421785 -0.107401 -0.088026 -0.245437 2.274631 -0.473082 -0.159898 0.341693 0.765613 
5.689806 -0.421812 -0.107418 -0.088019 -0.245423 2.274632 -0.472989 -0.159869 0.341726 0.765663 
5.689939 -0.421909 -0.107373 -0.088058 -0.245424 2.274482 -0.472961 -0.159841 0.341662 0.765691 
5.689763 -0.421819 -0.107373 -0.087962 -0.245468 2.274589 -0.473024 -0.159864 0.341752 0.765707 
5.689662 -0.421894 -0.107482 -0.088009 -0.245376 2.274500 -0.473113 -0.159834 0.341815 0.765677 
5.689631 -0.421932 -0.107445 -0.087974 -0.245376 2.274501 -0.473083 -0.159805 0.341797 0.765589 
5.689621 -0.421939 -0.107398 -0.087969 -0.245210 2.274541 -0.473132 -0.159911 0.341734 0.765749 
5.689625 -0.421904 -0.107467 -0.088061 -0.245400 2.274530 -0.473132 -0.159765 0.341759 0.765707 
5.689579 -0.421752 -0.107417 -0.088083 -0.245349 2.274388 -0.473044 -0.159888 0.341836 0.765645 
5.689637 -0.421954 -0.107471 -0.088059 -0.245423 2.274516 -0.473102 -0.159907 0.341824 0.765675 
5.689678 -0.421895 -0.107540 -0.087867 -0.245372 2.274517 -0.473114 -0.159908 0.341986 0.765650 
5.689814 -0.421985 -0.107540 -0.087802 -0.245365 2.274366 -0.473091 -0.159944 0.342050 0.765652 
5.689769 -0.421971 -0.107682 -0.087695 -0.245414 2.274309 -0.473055 -0.160020 0.341935 0.765657 
5.689814 -0.421964 -0.107503 -0.087782 -0.245398 2.274346 -0.473191 -0.159968 0.342033 0.765629 
5.689947 -0.421945 -0.107548 -0.087835 -0.245313 2.274405 -0.473223 -0.160025 0.342093 0.765494 
5.689995 -0.421989 -0.107492 -0.087800 -0.245303 2.274427 -0.473266 -0.159987 0.342310 0.765494 
5.690056 -0.422026 -0.107541 -0.087694 -0.245304 2.274428 -0.473301 -0.160013 0.342504 0.765459 
5.690207 -0.422130 -0.107479 -0.087739 -0.245289 2.274302 -0.473313 -0.159965 0.342548 0.765464 
5.690188 -0.422028 -0.107393 -0.087784 -0.245247 2.274170 -0.473256 -0.160023 0.342658 0.765425 
5.690203 -0.422089 -0.107285 -0.087730 -0.245072 2.274169 -0.473276 -0.160106 0.342678 0.765479 
5.690240 -0.422022 -0.107281 -0.087676 -0.245039 2.274166 -0.473274 -0.160038 0.342661 0.765486 
5.690304 -0.422095 -0.107163 -0.087726 -0.245182 2.274229 -0.473193 -0.160208 0.342708 0.765491 
5.690335 -0.422056 -0.107199 -0.087763 -0.245183 2.274230 -0.473223 -0.160235 0.342724 0.765579 
5.690300 -0.422196 -0.107091 -0.087853 -0.245190 2.274192 -0.473214 -0.160267 0.342855 0.765454 
5.690306 -0.422073 -0.107129 -0.087708 -0.245214 2.274209 -0.473291 -0.160234 0.342685 0.765465 
5.690400 -0.422100 -0.107267 -0.087730 -0.245138 2.274170 -0.473152 -0.160349 0.342647 0.765396 
5.690395 -0.422121 -0.107306 -0.087646 -0.245165 2.274148 -0.473157 -0.160363 0.342713 0.765409 
5.690338 -0.422175 -0.107274 -0.087616 -0.245222 2.273992 -0.473088 -0.160417 0.342623 0.765499 
5.690273 -0.422094 -0.107262 -0.087617 -0.245210 2.273986 -0.473059 -0.160459 0.342651 0.765482 
5.690203 -0.422165 -0.107323 -0.087549 -0.245232 2.274125 -0.473058 -0.160599 0.342609 0.765499 
5.690186 -0.422154 -0.107376 -0.087591 -0.245325 2.274127 -0.473049 -0.160578 0.342605 0.765471 
5.690308 -0.422080 -0.107422 -0.087444 -0.245383 2.274102 -0.472965 -0.160627 0.342634 0.765436 
5.690156 -0.422120 -0.107436 -0.087549 -0.245290 2.274121 -0.473066 -0.160527 0.342546 0.765479 
5.690160 -0.422272 -0.107369 -0.087688 -0.245317 2.274066 -0.473073 -0.160672 0.342748 0.765428 
5.690219 -0.422304 -0.107319 -0.087855 -0.245287 2.274065 -0.473035 -0.160792 0.342697 0.765354 
5.690150 -0.422299 -0.107390 -0.087702 -0.245286 2.274089 -0.472973 -0.160635 0.342768 0.765441 
5.690067 -0.422396 -0.107256 -0.087651 -0.245337 2.274097 -0.472965 -0.160595 0.342813 0.765314 
5.690037 -0.422422 -0.107238 -0.087638 -0.245366 2.274020 -0.472931 -0.160620 0.342768 0.765362 
5.690009 -0.422463 -0.107168 -0.087697 -0.245434 2.274051 -0.472963 -0.160642 0.342931 0.765485 
5.690084 -0.422449 -0.107165 -0.087645 -0.245473 2.274040 -0.472920 -0.160680 0.342966 0.765467 
5.690106 -0.422517 -0.107251 -0.087578 -0.245473 2.273937 -0.472915 -0.160749 0.343117 0.765398 
5.690119 -0.422524 -0.107352 -0.087570 -0.245649 2.273895 -0.472874 -0.160760 0.343207 0.765318 
5.690137 -0.422603 -0.107383 -0.087425 -0.245648 2.273924 -0.472848 -0.160903 0.343299 0.765300 
5.690229 -0.422652 -0.107331 -0.087543 -0.245623 2.273853 -0.472804 -0.161018 0.343351 0.765207 
5.690162 -0.422499 -0.107283 -0.087537 -0.245584 2.273783 -0.472739 -0.161091 0.343453 0.765152 
5.690153 -0.422526 -0.107303 -0.087551 -0.245552 2.273805 -0.472639 -0.161053 0.343472 0.765166 
5.690300 -0.422548 -0.107238 -0.087527 -0.245564 2.273649 -0.472726 -0.161093 0.343574 0.765097 
5.690236 -0.422650 -0.107269 -0.087640 -0.245539 2.273587 -0.472766 -0.161181 0.343703 0.765067 
5.690304 -0.422673 -0.107160 -0.087725 -0.245630 2.273620 -0.472721 -0.161291 0.343810 0.765090 
5.690248 -0.422721 -0.107090 -0.087700 -0.245657 2.273600 -0.472705 -0.161273 0.343787 0.765048 
5.690331 -0.422687 -0.107235 -0.087745 -0.245634 2.273461 -0.472657 -0.161413 0.343744 0.765152 
5.690417 -0.422683 -0.107335 -0.087797 -0.245563 2.273453 -0.472651 -0.161504 0.343774 0.764994 
5.690449 -0.422709 -0.107251 -0.087807 -0.245360 2.273453 -0.472685 -0.161575 0.343768 0.765051 
5.690426 -0.422654 -0.107310 -0.087892 -0.245558 2.273425 -0.472656 -0.161457 0.343739 0.764984 
5.690420 -0.422712 -0.107453 -0.087666 -0.245589 2.273434 -0.472661 -0.161573 0.343921 0.765010 
5.690544 -0.422680 -0.107430 -0.087568 -0.245671 2.273505 -0.472579 -0.161689 0.343952 0.765018 
5.690637 -0.422869 -0.107501 -0.087564 -0.245707 2.273551 -0.472639 -0.161672 0.343909 0.765050 
5.690643 -0.422841 -0.107482 -0.087550 -0.245739 2.273532 -0.472739 -0.161710 0.343887 0.765038 
5.690507 -0.422874 -0.107612 -0.087556 -0.245721 2.273663 -0.472633 -0.161804 0.343898 0.765067 
5.690668 -0.422811 -0.107561 -0.087529 -0.245675 2.273570 -0.472649 -0.161633 0.343863 0.765076 
5.690582 -0.422966 -0.107471 -0.087417 -0.245717 2.273473 -0.472597 -0.161704 0.343915 0.764925 
5.690576 -0.422964 -0.107444 -0.087398 -0.245704 2.273557 -0.472629 -0.161661 0.343957 0.764882 
5.690597 -0.423008 -0.107452 -0.087442 -0.245776 2.273508 -0.472637 -0.161717 0.344167 0.764880 
5.690638 -0.423003 -0.107490 -0.087564 -0.245888 2.273509 -0.472595 -0.161734 0.344173 0.764716 
5.690599 -0.422996 -0.107487 -0.087542 -0.245981 2.273512 -0.472585 -0.161680 0.344166 0.764749 
5.690658 -0.423091 -0.107378 -0.087635 -0.245921 2.273502 -0.472578 -0.161846 0.344313 0.764724 
5.690539 -0.423170 -0.107407 -0.087747 -0.245870 2.273414 -0.472657 -0.161796 0.344391 0.764694 
5.690706 -0.423183 -0.107415 -0.087632 -0.245937 2.273525 -0.472609 -0.161835 0.344289 0.764741 
5.690769 -0.423059 -0.107431 -0.087583 -0.245953 2.273480 -0.472553 -0.161927 0.344490 0.764708 
5.690861 -0.423044 -0.107397 -0.087534 -0.245964 2.273573 -0.472553 -0.161971 0.344667 0.764634 
5.690944 -0.423071 -0.107393 -0.087449 -0.246000 2.273506 -0.472482 -0.162100 0.344783 0.764571 
5.691071 -0.423029 -0.107431 -0.087537 -0.246085 2.273495 -0.472421 -0.162197 0.344865 0.764501 
5.691152 -0.423066 -0.107413 -0.087536 -0.246017 2.273473 -0.472250 -0.162119 0.344958 0.764550 
5.691091 -0.423082 -0.107470 -0.087539 -0.246011 2.273531 -0.472201 -0.162161 0.344966 0.764559 
5.691151 -0.423067 -0.107484 -0.087465 -0.246010 2.273532 -0.472200 -0.162314 0.345114 0.764628 
5.691126 -0.423114 -0.107557 -0.087450 -0.246003 2.273462 -0.472222 -0.162362 0.345311 0.764560 
5.691089 -0.423121 -0.107555 -0.087377 -0.246196 2.273456 -0.472184 -0.162342 0.345425 0.764594 
5.691040 -0.423025 -0.107523 -0.087377 -0.246178 2.273434 -0.472155 -0.162347 0.345441 0.764576 
5.691177 -0.423123 -0.107684 -0.087255 -0.246178 2.273452 -0.472177 -0.162406 0.345531 0.764528 
5.691096 -0.423129 -0.107497 -0.087369 -0.246185 2.273542 -0.472198 -0.162329 0.345459 0.764545 
5.691060 -0.423248 -0.107383 -0.087441 -0.246188 2.273514 -0.472180 -0.162456 0.345551 0.764541 
5.691049 -0.423274 -0.107360 -0.087582 -0.246181 2.273556 -0.472242 -0.162489 0.345709 0.764625 
5.690938 -0.423362 -0.107296 -0.087460 -0.246091 2.273537 -0.472296 -0.162471 0.345755 0.764707 
5.690868 -0.423359 -0.107342 -0.087462 -0.246112 2.273585 -0.472327 -0.162528 0.345726 0.764695 
5.690906 -0.423331 -0.107261 -0.087445 -0.246174 2.273504 -0.472516 -0.162574 0.345717 0.764648 
5.690862 -0.423363 -0.107292 -0.087476 -0.246170 2.273468 -0.472529 -0.162517 0.345740 0.764578 
5.690863 -0.423467 -0.107120 -0.087480 -0.246216 2.273518 -0.472479 -0.162686 0.345755 0.764626 
5.690836 -0.423484 -0.107089 -0.087574 -0.246227 2.273611 -0.472583 -0.162666 0.345885 0.764735 
5.690868 -0.423462 -0.107151 -0.087420 -0.246282 2.273513 -0.472460 -0.162696 0.345828 0.764619 
5.690935 -0.423480 -0.107221 -0.087366 -0.246170 2.273501 -0.472469 -0.162825 0.345940 0.764548 
5.690835 -0.423315 -0.107151 -0.087361 -0.246139 2.273452 -0.472412 -0.162876 0.346025 0.764512 
5.690823 -0.423327 -0.107190 -0.087398 -0.246149 2.273369 -0.472404 -0.162910 0.346024 0.764572 
5.690838 -0.423357 -0.107253 -0.087246 -0.246180 2.273309 -0.472375 -0.163023 0.346133 0.764532 
5.690852 -0.423358 -0.107294 -0.087279 -0.246195 2.273363 -0.472440 -0.163061 0.346344 0.764593 
5.690964 -0.423307 -0.107353 -0.087374 -0.246296 2.273376 -0.472385 -0.163149 0.346393 0.764502 
5.691106 -0.423323 -0.107263 -0.087363 -0.246261 2.273280 -0.472323 -0.163062 0.346485 0.764519 
5.691129 -0.423307 -0.107263 -0.087344 -0.246244 2.273333 -0.472254 -0.163092 0.346470 0.764589 
5.691028 -0.423401 -0.107361 -0.087404 -0.246217 2.273294 -0.472186 -0.162994 0.346571 0.764461 
5.691050 -0.423333 -0.107436 -0.087376 -0.246208 2.273286 -0.472202 -0.162941 0.346565 0.764471 
5.691045 -0.423486 -0.107331 -0.087429 -0.246174 2.273278 -0.472184 -0.163142 0.346730 0.764427 
5.691026 -0.423572 -0.107277 -0.087431 -0.246261 2.273264 -0.472155 -0.163242 0.346905 0.764424 
5.691071 -0.423635 -0.107247 -0.087467 -0.246319 2.273223 -0.472077 -0.163391 0.347002 0.764331 
5.691037 -0.423683 -0.107248 -0.087613 -0.246328 2.273119 -0.472072 -0.163470 0.347084 0.764437 
5.691121 -0.423722 -0.107296 -0.087453 -0.246340 2.273227 -0.472100 -0.163387 0.346976 0.764352 
5.691154 -0.423812 -0.107221 -0.087448 -0.246345 2.273346 -0.472120 -0.163429 0.347130 0.764284 
5.691090 -0.423904 -0.107176 -0.087284 -0.246310 2.273275 -0.472090 -0.163509 0.347193 0.764261 
5.691133 -0.423846 -0.107293 -0.087176 -0.246331 2.273246 -0.472110 -0.163568 0.347347 0.764246 
5.691081 -0.423914 -0.107312 -0.087076 -0.246438 2.273223 -0.472001 -0.163563 0.347471 0.764193 
5.691091 -0.423983 -0.107378 -0.087024 -0.246306 2.273196 -0.471934 -0.163632 0.347562 0.764083 
5.691138 -0.424008 -0.107319 -0.087000 -0.246329 2.273052 -0.472038 -0.163576 0.347626 0.763967 
5.691062 -0.424017 -0.107360 -0.087016 -0.246352 2.273069 -0.472093 -0.163607 0.347608 0.763923 
5.691086 -0.424047 -0.107325 -0.086880 -0.246389 2.273049 -0.472108 -0.163774 0.347688 0.763879 
5.691022 -0.424107 -0.107328 -0.086732 -0.246340 2.273051 -0.472173 -0.163779 0.347838 0.763908 
5.691041 -0.424081 -0.107328 -0.086664 -0.246336 2.273107 -0.472176 -0.163738 0.347797 0.763855 
5.691085 -0.424147 -0.107322 -0.086853 -0.246395 2.273100 -0.472176 -0.163857 0.348000 0.763868 
5.691180 -0.424287 -0.107418 -0.086908 -0.246470 2.273056 -0.472186 -0.163940 0.348062 0.763887 
5.691176 -0.424255 -0.107411 -0.087006 -0.246512 2.272992 -0.472141 -0.164063 0.348220 0.763855 
5.691142 -0.424406 -0.107267 -0.087083 -0.246513 2.273004 -0.472102 -0.164133 0.348255 0.763818 
5.691221 -0.424395 -0.107237 -0.087168 -0.246401 2.273013 -0.472224 -0.164260 0.348287 0.763838 
5.691240 -0.424389 -0.107193 -0.087170 -0.246444 2.272952 -0.472290 -0.164217 0.348294 0.763810 
5.691208 -0.424379 -0.107181 -0.087203 -0.246551 2.273089 -0.472247 -0.164338 0.348343 0.763968 
5.691130 -0.424387 -0.107224 -0.087227 -0.246573 2.273107 -0.472300 -0.164359 0.348321 0.763926 
5.691200 -0.424435 -0.107213 -0.087367 -0.246534 2.273100 -0.472221 -0.164274 0.348495 0.763988 
5.691177 -0.424408 -0.107183 -0.087126 -0.246526 2.273093 -0.472279 -0.164338 0.348416 0.763979 
5.691243 -0.424434 -0.107168 -0.087047 -0.246576 2.273159 -0.472266 -0.164442 0.348527 0.763846 
5.691210 -0.424496 -0.107155 -0.086970 -0.246590 2.273050 -0.472238 -0.164608 0.348619 0.763844 
5.691112 -0.424400 -0.107025 -0.086924 -0.246546 2.273054 -0.472208 -0.164686 0.348719 0.763794 
5.691106 -0.424520 -0.106964 -0.086807 -0.246544 2.273065 -0.472229 -0.164820 0.348813 0.763777 
5.691127 -0.424487 -0.107024 -0.086682 -0.246564 2.273032 -0.472258 -0.164951 0.348952 0.763776 
5.691046 -0.424543 -0.107029 -0.086562 -0.246686 2.273010 -0.472137 -0.164926 0.349012 0.763741 
5.691063 -0.424536 -0.106977 -0.086570 -0.246753 2.272966 -0.472202 -0.164899 0.349029 0.763738 
5.691086 -0.424590 -0.106974 -0.086503 -0.246651 2.272842 -0.472226 -0.164901 0.349073 0.763585 
5.691075 -0.424670 -0.106986 -0.086624 -0.246641 2.272841 -0.472207 -0.164915 0.349267 0.763587 
5.691159 -0.424728 -0.106924 -0.086674 -0.246647 2.272804 -0.472132 -0.165027 0.349419 0.763590 
5.691113 -0.424804 -0.106931 -0.086757 -0.246685 2.272795 -0.472146 -0.165177 0.349546 0.763524 
5.691071 -0.424897 -0.106907 -0.086794 -0.246659 2.272738 -0.472149 -0.165273 0.349724 0.763570 
5.691100 -0.424970 -0.106880 -0.086821 -0.246662 2.272800 -0.472160 -0.165341 0.349926 0.763516 
5.691044 -0.424863 -0.106857 -0.086902 -0.246652 2.272738 -0.472098 -0.165400 0.350082 0.763469 
5.691102 -0.424945 -0.106958 -0.086981 -0.246699 2.272660 -0.472076 -0.165473 0.350219 0.763465 
5.691075 -0.425081 -0.106877 -0.087111 -0.246697 2.272627 -0.472014 -0.165519 0.350310 0.763422 
5.691064 -0.424967 -0.106959 -0.086908 -0.246757 2.272645 -0.472019 -0.165459 0.350232 0.763442 
5.691100 -0.424960 -0.106966 -0.086780 -0.246736 2.272567 -0.472057 -0.165619 0.350303 0.763386 
5.691123 -0.424925 -0.106880 -0.086779 -0.246911 2.272521 -0.472166 -0.165633 0.350356 0.763437 
5.691155 -0.424909 -0.106864 -0.086782 -0.246930 2.272563 -0.472103 -0.165693 0.350340 0.763494 
5.691051 -0.424905 -0.106976 -0.086723 -0.246970 2.272607 -0.472140 -0.165793 0.350468 0.763531 
5.691120 -0.424894 -0.106993 -0.086616 -0.246937 2.272558 -0.472106 -0.165765 0.350647 0.763607 
5.691198 -0.424840 -0.107075 -0.086570 -0.247024 2.272595 -0.472085 -0.165828 0.350757 0.763480 
5.691173 -0.424792 -0.107183 -0.086524 -0.247081 2.272437 -0.472046 -0.165931 0.350804 0.763499 
5.691243 -0.424940 -0.107277 -0.086413 -0.247140 2.272434 -0.472097 -0.165999 0.350819 0.763527 
5.691214 -0.424942 -0.107288 -0.086242 -0.247177 2.272426 -0.472121 -0.166126 0.350924 0.763509 
5.691206 -0.424939 -0.107332 -0.086174 -0.247357 2.272418 -0.472165 -0.166146 0.351043 0.763570 
5.691284 -0.424860 -0.107429 -0.086128 -0.247333 2.272424 -0.472300 -0.166248 0.351102 0.763624 
5.691305 -0.424948 -0.107430 -0.086189 -0.247338 2.272385 -0.472325 -0.166386 0.351264 0.763616 
5.691325 -0.425033 -0.107449 -0.086235 -0.247346 2.272350 -0.472347 -0.166527 0.351431 0.763609 
5.691348 -0.425114 -0.107472 -0.086277 -0.247353 2.272316 -0.472374 -0.166670 0.351598 0.763605 
5.691367 -0.425199 -0.107492 -0.086321 -0.247361 2.272281 -0.472395 -0.166811 0.351765 0.763599 
5.691392 -0.425276 -0.107516 -0.086363 -0.247366 2.272247 -0.472428 -0.166955 0.351931 0.763596 
5.691448 -0.425302 -0.107553 -0.086398 -0.247356 2.272218 -0.472517 -0.167107 0.352076 0.763616 
5.691454 -0.425379 -0.107537 -0.086439 -0.247457 2.272179 -0.472551 -0.167206 0.352245 0.763633 
5.691429 -0.425431 -0.107469 -0.086353 -0.247397 2.272150 -0.472556 -0.167372 0.352334 0.763565 
5.691315 -0.425492 -0.107557 -0.086334 -0.247336 2.272131 -0.472645 -0.167384 0.352463 0.763489 
5.691247 -0.425538 -0.107627 -0.086322 -0.247292 2.272202 -0.472611 -0.167536 0.352587 0.763517 
5.691294 -0.425576 -0.107643 -0.086250 -0.247194 2.272167 -0.472569 -0.167541 0.352779 0.763553 
5.691351 -0.425584 -0.107716 -0.086227 -0.247189 2.272204 -0.472534 -0.167627 0.352926 0.763415 
5.691336 -0.425595 -0.107819 -0.086201 -0.247161 2.272094 -0.472482 -0.167755 0.353044 0.763371 
5.691372 -0.425714 -0.107921 -0.086139 -0.247131 2.272063 -0.472473 -0.167873 0.353154 0.763328 
5.691389 -0.425797 -0.108003 -0.086111 -0.247081 2.272024 -0.472454 -0.168002 0.353298 0.763271 
5.691408 -0.425837 -0.108101 -0.086023 -0.247065 2.271994 -0.472469 -0.168133 0.353441 0.763236 
5.691426 -0.425889 -0.108194 -0.085955 -0.247036 2.271960 -0.472473 -0.168266 0.353589 0.763193 
5.691443 -0.426025 -0.108251 -0.085991 -0.246961 2.271921 -0.472417 -0.168365 0.353696 0.763124 
5.691454 -0.426053 -0.108339 -0.085924 -0.246934 2.271888 -0.472424 -0.168499 0.353853 0.763082 
5.691455 -0.426123 -0.108392 -0.085950 -0.246861 2.271845 -0.472383 -0.168619 0.354004 0.763013 
5.691461 -0.426120 -0.108478 -0.085869 -0.246844 2.271815 -0.472402 -0.168752 0.354164 0.762979 
5.691449 -0.426166 -0.108511 -0.085922 -0.246762 2.271771 -0.472352 -0.168864 0.354320 0.762905 
5.691382 -0.426273 -0.108553 -0.085832 -0.246802 2.271750 -0.472233 -0.168901 0.354429 0.762839 
5.691382 -0.426279 -0.108659 -0.085743 -0.246634 2.271764 -0.472171 -0.168954 0.354410 0.762769 
5.691338 -0.426281 -0.108626 -0.085860 -0.246798 2.271753 -0.472275 -0.168836 0.354454 0.762831 
5.691490 -0.426327 -0.108657 -0.085884 -0.246865 2.271737 -0.472151 -0.168983 0.354535 0.762894 
5.691591 -0.426402 -0.108655 -0.085861 -0.246893 2.271586 -0.472185 -0.169006 0.354627 0.762796 
5.691549 -0.426466 -0.108708 -0.085913 -0.246983 2.271578 -0.472225 -0.169177 0.354611 0.762704 
5.691495 -0.426588 -0.108705 -0.085898 -0.246956 2.271473 -0.472254 -0.169284 0.354687 0.762813 
5.691541 -0.426723 -0.108671 -0.085883 -0.246954 2.271560 -0.472308 -0.169358 0.354834 0.762790 
5.691539 -0.426785 -0.108668 -0.085882 -0.246988 2.271520 -0.472301 -0.169488 0.355023 0.762771 
5.691541 -0.426883 -0.108659 -0.085905 -0.247013 2.271478 -0.472278 -0.169611 0.355199 0.762746 
5.691570 -0.426936 -0.108745 -0.085913 -0.247021 2.271449 -0.472319 -0.169727 0.355379 0.762748 
5.691579 -0.427008 -0.108752 -0.085861 -0.247086 2.271415 -0.472329 -0.169857 0.355550 0.762743 
5.691593 -0.427094 -0.108764 -0.085821 -0.247143 2.271383 -0.472338 -0.169986 0.355721 0.762736 
5.691603 -0.427175 -0.108768 -0.085772 -0.247206 2.271351 -0.472344 -0.170115 0.355890 0.762730 
5.691617 -0.427258 -0.108781 -0.085731 -0.247263 2.271318 -0.472354 -0.170244 0.356062 0.762724 
5.691633 -0.427341 -0.108803 -0.085697 -0.247314 2.271287 -0.472367 -0.170373 0.356237 0.762718 
5.691674 -0.427373 -0.108939 -0.085762 -0.247267 2.271269 -0.472426 -0.170449 0.356386 0.762724 
5.691706 -0.427306 -0.108846 -0.085765 -0.247279 2.271221 -0.472494 -0.170607 0.356500 0.762734 
5.691569 -0.427311 -0.108826 -0.085775 -0.247356 2.271181 -0.472597 -0.170567 0.356637 0.762696 
5.691493 -0.427310 -0.108843 -0.085651 -0.247232 2.271162 -0.472577 -0.170654 0.356695 0.762591 
5.691391 -0.427277 -0.108866 -0.085644 -0.247256 2.271266 -0.472498 -0.170771 0.356792 0.762671 
5.691446 -0.427250 -0.108825 -0.085566 -0.247205 2.271221 -0.472426 -0.170702 0.356961 0.762741 
5.691511 -0.427179 -0.108853 -0.085556 -0.247295 2.271264 -0.472365 -0.170740 0.357064 0.762587 
5.691474 -0.427166 -0.108914 -0.085525 -0.247352 2.271094 -0.472296 -0.170853 0.357124 0.762597 
5.691503 -0.427185 -0.108957 -0.085372 -0.247402 2.271107 -0.472375 -0.170965 0.357231 0.762618 
5.691488 -0.427293 -0.108884 -0.085417 -0.247371 2.271082 -0.472323 -0.171080 0.357371 0.762565 
5.691467 -0.427374 -0.108819 -0.085464 -0.247331 2.271052 -0.472275 -0.171204 0.357525 0.762513 
5.691451 -0.427448 -0.108768 -0.085478 -0.247302 2.271025 -0.472247 -0.171342 0.357691 0.762468 
5.691448 -0.427530 -0.108730 -0.085451 -0.247293 2.271007 -0.472240 -0.171488 0.357858 0.762434 
5.691428 -0.427594 -0.108677 -0.085480 -0.247255 2.270976 -0.472206 -0.171623 0.358024 0.762386 
5.691424 -0.427669 -0.108657 -0.085435 -0.247262 2.270940 -0.472199 -0.171775 0.358186 0.762360 
5.691421 -0.427745 -0.108636 -0.085390 -0.247269 2.270904 -0.472193 -0.171927 0.358347 0.762335 
5.691402 -0.427807 -0.108603 -0.085389 -0.247253 2.270855 -0.472163 -0.172075 0.358513 0.762297 
5.691413 -0.427880 -0.108616 -0.085287 -0.247300 2.270816 -0.472178 -0.172222 0.358648 0.762295 
5.691449 -0.427933 -0.108584 -0.085240 -0.247314 2.270872 -0.472190 -0.172339 0.358818 0.762219 
5.691465 -0.427925 -0.108607 -0.085200 -0.247372 2.270824 -0.472144 -0.172473 0.358975 0.762137 
5.691488 -0.427969 -0.108569 -0.085123 -0.247341 2.270796 -0.472129 -0.172556 0.359177 0.762158 
5.691410 -0.427990 -0.108577 -0.085097 -0.247354 2.270868 -0.472110 -0.172727 0.359304 0.762196 
5.691356 -0.427989 -0.108593 -0.084990 -0.247229 2.270837 -0.472171 -0.172832 0.359352 0.762090 
5.691348 -0.427948 -0.108493 -0.084960 -0.247256 2.270827 -0.472169 -0.172856 0.359324 0.762091 
5.691312 -0.428152 -0.108568 -0.084932 -0.247283 2.270844 -0.472056 -0.172856 0.359441 0.762040 
5.691238 -0.428223 -0.108544 -0.084963 -0.247385 2.270805 -0.472153 -0.172868 0.359602 0.762019 
5.691275 -0.428342 -0.108524 -0.084985 -0.247450 2.270781 -0.472167 -0.172984 0.359759 0.762014 
5.691307 -0.428450 -0.108514 -0.084977 -0.247531 2.270772 -0.472183 -0.173085 0.359931 0.762009 
5.691295 -0.428514 -0.108450 -0.085099 -0.247513 2.270755 -0.472139 -0.173157 0.360093 0.761962 
5.691245 -0.428597 -0.108460 -0.085130 -0.247543 2.270600 -0.472105 -0.173261 0.360179 0.762031 
5.691229 -0.428770 -0.108377 -0.085154 -0.247492 2.270630 -0.472173 -0.173303 0.360251 0.762113 
5.691203 -0.428861 -0.108399 -0.085241 -0.247600 2.270626 -0.472187 -0.173448 0.360258 0.762014 
5.691325 -0.428943 -0.108357 -0.085243 -0.247613 2.270485 -0.472206 -0.173395 0.360323 0.761920 
5.691311 -0.428955 -0.108367 -0.085178 -0.247542 2.270482 -0.472188 -0.173443 0.360321 0.761870 
5.691383 -0.429043 -0.108353 -0.085157 -0.247567 2.270527 -0.471984 -0.173460 0.360300 0.761900 
5.691370 -0.429012 -0.108250 -0.085126 -0.247600 2.270515 -0.471981 -0.173485 0.360283 0.761898 
5.691501 -0.428990 -0.108367 -0.085171 -0.247508 2.270513 -0.471988 -0.173631 0.360390 0.761935 
5.691455 -0.429008 -0.108388 -0.085118 -0.247495 2.270496 -0.471939 -0.173727 0.360592 0.761899 
5.691406 -0.429030 -0.108394 -0.085118 -0.247428 2.270446 -0.471875 -0.173849 0.360762 0.761858 
5.691407 -0.429082 -0.108458 -0.084980 -0.247467 2.270414 -0.471882 -0.173969 0.360892 0.761869 
5.691436 -0.429114 -0.108482 -0.084882 -0.247477 2.270480 -0.471890 -0.174065 0.361064 0.761805 
5.691478 -0.429134 -0.108502 -0.084875 -0.247579 2.270403 -0.471878 -0.174098 0.361259 0.761847 
5.691484 -0.429004 -0.108605 -0.084809 -0.247642 2.270346 -0.471795 -0.174150 0.361297 0.761750 
5.691528 -0.428997 -0.108586 -0.084754 -0.247581 2.270302 -0.471790 -0.174090 0.361314 0.761744 
5.691408 -0.428981 -0.108636 -0.084744 -0.247632 2.270409 -0.471774 -0.174224 0.361431 0.761893 
5.691388 -0.429133 -0.108791 -0.084756 -0.247630 2.270432 -0.471697 -0.174173 0.361478 0.761876 
5.691367 -0.429108 -0.108847 -0.084780 -0.247601 2.270417 -0.471789 -0.174160 0.361499 0.761865 
5.691258 -0.429230 -0.108730 -0.084682 -0.247715 2.270383 -0.471729 -0.174210 0.361567 0.761811 
5.691309 -0.429345 -0.108738 -0.084661 -0.247744 2.270337 -0.471750 -0.174391 0.361654 0.761808 
5.691382 -0.429433 -0.108768 -0.084559 -0.247887 2.270370 -0.471824 -0.174459 0.361708 0.761831 
5.691394 -0.429514 -0.108732 -0.084607 -0.247909 2.270373 -0.471803 -0.174587 0.361880 0.761780 
5.691393 -0.429606 -0.108707 -0.084652 -0.247944 2.270332 -0.471780 -0.174727 0.362037 0.761758 
5.691395 -0.429703 -0.108687 -0.084689 -0.247989 2.270286 -0.471762 -0.174870 0.362190 0.761745 
5.691407 -0.429807 -0.108672 -0.084708 -0.248052 2.270247 -0.471757 -0.175013 0.362339 0.761737 
5.691455 -0.429912 -0.108671 -0.084675 -0.248154 2.270259 -0.471788 -0.175136 0.362474 0.761726 
5.691447 -0.430011 -0.108655 -0.084714 -0.248199 2.270188 -0.471766 -0.175281 0.362614 0.761729 
5.691475 -0.430122 -0.108655 -0.084697 -0.248295 2.270156 -0.471783 -0.175417 0.362744 0.761737 
5.691487 -0.430185 -0.108611 -0.084742 -0.248342 2.270203 -0.471767 -0.175500 0.362934 0.761673 
5.691476 -0.430287 -0.108607 -0.084706 -0.248299 2.270226 -0.471766 -0.175690 0.363006 0.761608 
5.691355 -0.430391 -0.108555 -0.084659 -0.248371 2.270181 -0.471774 -0.175765 0.363121 0.761551 
5.691365 -0.430526 -0.108531 -0.084637 -0.248431 2.270205 -0.471601 -0.175828 0.363169 0.761557 
5.691446 -0.430578 -0.108488 -0.084526 -0.248342 2.270108 -0.471596 -0.175800 0.363302 0.761545 
5.691513 -0.430567 -0.108525 -0.084525 -0.248413 2.270002 -0.471561 -0.175846 0.363311 0.761361 
5.691526 -0.430657 -0.108531 -0.084573 -0.248397 2.269999 -0.471597 -0.175805 0.363288 0.761338 
5.691562 -0.430583 -0.108346 -0.084504 -0.248451 2.269955 -0.471572 -0.175975 0.363373 0.761351 
5.691554 -0.430617 -0.108376 -0.084455 -0.248469 2.269907 -0.471553 -0.176104 0.363561 0.761339 
5.691539 -0.430664 -0.108400 -0.084416 -0.248511 2.269875 -0.471502 -0.176246 0.363733 0.761327 
5.691535 -0.430719 -0.108409 -0.084376 -0.248528 2.269828 -0.471492 -0.176377 0.363920 0.761318 
5.691529 -0.430776 -0.108414 -0.084339 -0.248557 2.269788 -0.471466 -0.176517 0.364100 0.761309 
5.691518 -0.430831 -0.108428 -0.084301 -0.248590 2.269752 -0.471431 -0.176657 0.364277 0.761300 
5.691511 -0.430887 -0.108436 -0.084264 -0.248619 2.269712 -0.471404 -0.176796 0.364457 0.761291 
5.691493 -0.430922 -0.108440 -0.084235 -0.248704 2.269705 -0.471298 -0.176951 0.364577 0.761276 
5.691500 -0.430973 -0.108404 -0.084197 -0.248729 2.269656 -0.471288 -0.177096 0.364750 0.761266 
5.691481 -0.431041 -0.108463 -0.084162 -0.248736 2.269619 -0.471276 -0.177205 0.364941 0.761262 
5.691481 -0.431108 -0.108483 -0.084130 -0.248760 2.269567 -0.471261 -0.177333 0.365122 0.761234 
5.691482 -0.431177 -0.108509 -0.084099 -0.248785 2.269513 -0.471245 -0.177460 0.365302 0.761201 
5.691481 -0.431238 -0.108512 -0.084063 -0.248805 2.269465 -0.471234 -0.177594 0.365486 0.761188 
5.691479 -0.431299 -0.108517 -0.084027 -0.248826 2.269417 -0.471222 -0.177727 0.365669 0.761174 
5.691488 -0.431380 -0.108590 -0.084013 -0.248861 2.269350 -0.471196 -0.177828 0.365824 0.761092 
5.691484 -0.431445 -0.108620 -0.083983 -0.248905 2.269306 -0.471153 -0.177964 0.365993 0.761058 
5.691497 -0.431516 -0.108630 -0.083953 -0.248905 2.269236 -0.471177 -0.178075 0.366178 0.761023 
5.691504 -0.431585 -0.108643 -0.083921 -0.248919 2.269175 -0.471180 -0.178197 0.366361 0.760991 
5.691504 -0.431653 -0.108674 -0.083892 -0.248955 2.269123 -0.471149 -0.178327 0.366534 0.760951 
5.691496 -0.431719 -0.108734 -0.083873 -0.249017 2.269085 -0.471077 -0.178455 0.366680 0.760895 
5.691497 -0.431789 -0.108768 -0.083845 -0.249052 2.269031 -0.471049 -0.178583 0.366852 0.760852 
5.691486 -0.431851 -0.108800 -0.083812 -0.249088 2.268994 -0.471009 -0.178717 0.367028 0.760833 
5.691464 -0.431905 -0.108829 -0.083776 -0.249127 2.268972 -0.470956 -0.178856 0.367201 0.760834 
5.691451 -0.431967 -0.108863 -0.083744 -0.249166 2.268937 -0.470911 -0.178991 0.367374 0.760814 
5.691402 -0.431987 -0.108855 -0.083692 -0.249178 2.268961 -0.470869 -0.179120 0.367538 0.760902 
5.691378 -0.432034 -0.108901 -0.083667 -0.249255 2.268952 -0.470764 -0.179261 0.367668 0.760879 
5.691341 -0.432144 -0.109009 -0.083658 -0.249236 2.268939 -0.470768 -0.179318 0.367842 0.760890 
5.691286 -0.432076 -0.109085 -0.083680 -0.249276 2.268910 -0.470862 -0.179453 0.367965 0.760859 
5.691459 -0.432046 -0.109159 -0.083720 -0.249221 2.268908 -0.470830 -0.179546 0.368048 0.760904 
5.691477 -0.432004 -0.109175 -0.083722 -0.249324 2.268799 -0.470801 -0.179472 0.368208 0.760957 
5.691460 -0.432030 -0.109254 -0.083604 -0.249299 2.268642 -0.470795 -0.179567 0.368185 0.761019 
5.691377 -0.431976 -0.109242 -0.083654 -0.249155 2.268561 -0.470695 -0.179595 0.368265 0.760967 
5.691389 -0.431934 -0.109268 -0.083566 -0.249137 2.268598 -0.470688 -0.179567 0.368286 0.760925 
5.691396 -0.431996 -0.109292 -0.083492 -0.249135 2.268550 -0.470698 -0.179699 0.368457 0.760902 
5.691390 -0.432048 -0.109346 -0.083421 -0.249135 2.268512 -0.470696 -0.179834 0.368628 0.760895 
5.691384 -0.432101 -0.109398 -0.083352 -0.249136 2.268473 -0.470694 -0.179969 0.368799 0.760888 
5.691353 -0.432091 -0.109527 -0.083247 -0.249132 2.268492 -0.470657 -0.180058 0.368946 0.760894 
5.691415 -0.432167 -0.109598 -0.083247 -0.249161 2.268389 -0.470669 -0.180098 0.369000 0.760724 
5.691446 -0.432212 -0.109582 -0.083192 -0.249068 2.268320 -0.470809 -0.180126 0.369140 0.760726 
5.691492 -0.432170 -0.109481 -0.083112 -0.249114 2.268257 -0.470792 -0.180279 0.369224 0.760680 
5.691553 -0.432330 -0.109430 -0.083030 -0.249077 2.268241 -0.470674 -0.180265 0.369293 0.760698 
5.691366 -0.432406 -0.109375 -0.082956 -0.249141 2.268214 -0.470704 -0.180249 0.369325 0.760640 
5.691353 -0.432433 -0.109391 -0.082919 -0.249089 2.268214 -0.470715 -0.180310 0.369249 0.760636 
5.691370 -0.432466 -0.109329 -0.083016 -0.249110 2.268375 -0.470720 -0.180321 0.369417 0.760543 
5.691454 -0.432547 -0.109354 -0.082949 -0.249260 2.268447 -0.470822 -0.180342 0.369404 0.760588 
5.691430 -0.432588 -0.109363 -0.083022 -0.249279 2.268414 -0.470817 -0.180395 0.369415 0.760641 
5.691426 -0.432694 -0.109355 -0.083078 -0.249292 2.268389 -0.470805 -0.180518 0.369585 0.760623 
5.691431 -0.432805 -0.109353 -0.083120 -0.249326 2.268352 -0.470803 -0.180640 0.369752 0.760619 
5.691426 -0.432883 -0.109321 -0.083166 -0.249293 2.268389 -0.470783 -0.180743 0.369927 0.760538 
5.691450 -0.432999 -0.109318 -0.083181 -0.249340 2.268378 -0.470796 -0.180858 0.370097 0.760520 
5.691483 -0.433073 -0.109284 -0.083164 -0.249335 2.268471 -0.470811 -0.180932 0.370258 0.760413 
5.691518 -0.433193 -0.109152 -0.083271 -0.249342 2.268425 -0.470847 -0.180999 0.370329 0.760367 
5.691454 -0.433193 -0.109113 -0.083248 -0.249315 2.268508 -0.470825 -0.181090 0.370463 0.760504 
5.691421 -0.433228 -0.109165 -0.083281 -0.249414 2.268559 -0.470668 -0.181200 0.370517 0.760463 
5.691371 -0.433354 -0.109307 -0.083338 -0.249369 2.268602 -0.470677 -0.181181 0.370633 0.760474 
5.691315 -0.433253 -0.109375 -0.083395 -0.249410 2.268597 -0.470785 -0.181306 0.370715 0.760425 
5.691505 -0.433205 -0.109437 -0.083457 -0.249347 2.268615 -0.470748 -0.181371 0.370752 0.760470 
5.691495 -0.433246 -0.109453 -0.083428 -0.249302 2.268624 -0.470765 -0.181446 0.370689 0.760465 
5.691473 -0.433252 -0.109486 -0.083330 -0.249248 2.268525 -0.470709 -0.181540 0.370837 0.760420 
5.691480 -0.433293 -0.109537 -0.083219 -0.249269 2.268483 -0.470698 -0.181661 0.370997 0.760400 
5.691468 -0.433319 -0.109581 -0.083123 -0.249254 2.268447 -0.470668 -0.181786 0.371164 0.760361 
5.691484 -0.433414 -0.109641 -0.083014 -0.249279 2.268477 -0.470713 -0.181958 0.371206 0.760363 
5.691455 -0.433447 -0.109709 -0.082993 -0.249323 2.268316 -0.470682 -0.182053 0.371283 0.760458 
5.691531 -0.433551 -0.109693 -0.083043 -0.249364 2.268208 -0.470713 -0.182081 0.371312 0.760302 
5.691525 -0.433531 -0.109761 -0.083032 -0.249409 2.268218 -0.470646 -0.182080 0.371276 0.760260 
5.691577 -0.433541 -0.109794 -0.082905 -0.249321 2.268124 -0.470817 -0.182056 0.371391 0.760261 
5.691577 -0.433454 -0.109760 -0.082903 -0.249355 2.268104 -0.470852 -0.182108 0.371373 0.760240 
5.691662 -0.433591 -0.109676 -0.082766 -0.249347 2.268078 -0.470711 -0.182093 0.371426 0.760271 
5.691772 -0.433605 -0.109703 -0.082812 -0.249429 2.268123 -0.470704 -0.182155 0.371602 0.760298 
5.691658 -0.433678 -0.109665 -0.082766 -0.249562 2.268132 -0.470733 -0.182162 0.371737 0.760267 
5.691653 -0.433750 -0.109668 -0.082769 -0.249553 2.268116 -0.470699 -0.182312 0.371908 0.760230 
5.691660 -0.433834 -0.109672 -0.082769 -0.249565 2.268098 -0.470677 -0.182462 0.372076 0.760205 
5.691667 -0.433919 -0.109677 -0.082769 -0.249579 2.268080 -0.470655 -0.182611 0.372245 0.760180 
5.691670 -0.434011 -0.109678 -0.082763 -0.249613 2.268063 -0.470642 -0.182754 0.372414 0.760159 
5.691673 -0.434103 -0.109680 -0.082759 -0.249645 2.268045 -0.470628 -0.182898 0.372583 0.760138 
5.691661 -0.434205 -0.109675 -0.082744 -0.249716 2.268030 -0.470630 -0.183021 0.372750 0.760123 
5.691668 -0.434295 -0.109679 -0.082741 -0.249741 2.268012 -0.470613 -0.183168 0.372918 0.760102 
5.691650 -0.434402 -0.109671 -0.082720 -0.249835 2.267999 -0.470627 -0.183276 0.373080 0.760092 
5.691663 -0.434489 -0.109676 -0.082720 -0.249852 2.267980 -0.470607 -0.183427 0.373246 0.760071 
5.691656 -0.434594 -0.109672 -0.082704 -0.249930 2.267965 -0.470614 -0.183549 0.373410 0.760060 
5.691688 -0.434662 -0.109686 -0.082717 -0.249897 2.267943 -0.470576 -0.183713 0.373563 0.760034 
5.691705 -0.434750 -0.109693 -0.082717 -0.249915 2.267923 -0.470557 -0.183865 0.373727 0.760016 
5.691696 -0.434856 -0.109688 -0.082701 -0.249995 2.267908 -0.470565 -0.183985 0.373891 0.760005 
5.691730 -0.434930 -0.109702 -0.082712 -0.249975 2.267886 -0.470532 -0.184149 0.374044 0.759984 
5.691739 -0.435028 -0.109704 -0.082705 -0.250021 2.267868 -0.470525 -0.184290 0.374209 0.759970 
5.691692 -0.434989 -0.109800 -0.082616 -0.250036 2.267890 -0.470432 -0.184341 0.374358 0.759902 
5.691652 -0.434986 -0.109731 -0.082680 -0.250018 2.267811 -0.470372 -0.184339 0.374550 0.759858 
5.691668 -0.435030 -0.109657 -0.082657 -0.249978 2.267954 -0.470400 -0.184384 0.374644 0.759725 
5.691586 -0.434998 -0.109606 -0.082619 -0.249923 2.268039 -0.470396 -0.184449 0.374729 0.759886 
5.691578 -0.435078 -0.109633 -0.082641 -0.249905 2.268071 -0.470338 -0.184403 0.374729 0.759906 
5.691534 -0.434958 -0.109556 -0.082708 -0.250026 2.268092 -0.470271 -0.184563 0.374686 0.759859 
5.691570 -0.434976 -0.109669 -0.082697 -0.249929 2.268071 -0.470447 -0.184445 0.374752 0.759887 
5.691437 -0.435071 -0.109624 -0.082568 -0.249853 2.267969 -0.470423 -0.184562 0.374774 0.759823 
5.691452 -0.435112 -0.109635 -0.082487 -0.249836 2.267928 -0.470406 -0.184693 0.374951 0.759805 
5.691452 -0.435167 -0.109661 -0.082423 -0.249819 2.267890 -0.470385 -0.184826 0.375127 0.759778 
5.691378 -0.435267 -0.109733 -0.082425 -0.249792 2.267863 -0.470361 -0.184949 0.375262 0.759717 
5.691324 -0.435340 -0.109745 -0.082343 -0.249831 2.267829 -0.470367 -0.185048 0.375439 0.759686 
5.691293 -0.435391 -0.109769 -0.082275 -0.249801 2.267790 -0.470345 -0.185175 0.375612 0.759645 
5.691156 -0.435468 -0.109812 -0.082240 -0.249779 2.267760 -0.470335 -0.185262 0.375742 0.759569 
5.691168 -0.435598 -0.109759 -0.082254 -0.249771 2.267702 -0.470387 -0.185403 0.375858 0.759579 
5.691181 -0.435709 -0.109815 -0.082168 -0.249786 2.267715 -0.470429 -0.185578 0.375920 0.759582 
5.691152 -0.435749 -0.109878 -0.082165 -0.249821 2.267547 -0.470398 -0.185664 0.375999 0.759677 
5.691230 -0.435825 -0.109890 -0.082146 -0.249867 2.267428 -0.470409 -0.185714 0.376062 0.759521 
5.691202 -0.435796 -0.109805 -0.082188 -0.249971 2.267446 -0.470294 -0.185867 0.376071 0.759484 
5.691204 -0.435768 -0.109833 -0.082260 -0.250019 2.267441 -0.470380 -0.185997 0.376231 0.759454 
5.691221 -0.435877 -0.109817 -0.082277 -0.250047 2.267436 -0.470337 -0.186107 0.376409 0.759442 
5.691216 -0.435952 -0.109765 -0.082256 -0.250067 2.267398 -0.470333 -0.186249 0.376577 0.759420 
5.691198 -0.436035 -0.109741 -0.082244 -0.250093 2.267367 -0.470318 -0.186390 0.376747 0.759388 
5.691168 -0.436073 -0.109705 -0.082223 -0.250117 2.267319 -0.470347 -0.186548 0.376906 0.759349 
5.691129 -0.436146 -0.109730 -0.082233 -0.250154 2.267301 -0.470331 -0.186689 0.377073 0.759298 
5.691139 -0.436258 -0.109663 -0.082200 -0.250165 2.267268 -0.470288 -0.186805 0.377230 0.759291 
5.691112 -0.436312 -0.109611 -0.082164 -0.250183 2.267217 -0.470303 -0.186959 0.377385 0.759257 
5.691083 -0.436393 -0.109592 -0.082147 -0.250209 2.267183 -0.470286 -0.187103 0.377550 0.759218 
5.691037 -0.436379 -0.109537 -0.082104 -0.250223 2.267114 -0.470360 -0.187264 0.377671 0.759176 
5.691078 -0.436435 -0.109516 -0.082158 -0.250132 2.267072 -0.470334 -0.187434 0.377776 0.759152 
5.691066 -0.436557 -0.109457 -0.082187 -0.250206 2.267039 -0.470375 -0.187558 0.377905 0.759148 
5.691134 -0.436532 -0.109467 -0.082101 -0.250241 2.267031 -0.470321 -0.187660 0.378084 0.759138 
5.691129 -0.436529 -0.109428 -0.082023 -0.250304 2.267006 -0.470191 -0.187820 0.378141 0.759096 
5.691104 -0.436487 -0.109366 -0.082036 -0.250305 2.266939 -0.470112 -0.187828 0.378341 0.759049 
5.691131 -0.436505 -0.109302 -0.081978 -0.250279 2.267090 -0.470131 -0.187878 0.378429 0.758918 
5.691043 -0.436486 -0.109296 -0.081940 -0.250243 2.267182 -0.470104 -0.187969 0.378534 0.759060 
5.691059 -0.436551 -0.109342 -0.081803 -0.250214 2.267129 -0.470089 -0.188064 0.378680 0.759044 
5.691055 -0.436533 -0.109468 -0.081794 -0.250263 2.267134 -0.470080 -0.188198 0.378823 0.758992 
5.691129 -0.436524 -0.109467 -0.081712 -0.250283 2.267106 -0.470075 -0.188342 0.378983 0.758997 
5.691073 -0.436635 -0.109477 -0.081667 -0.250318 2.267081 -0.470052 -0.188468 0.379132 0.758961 
5.691070 -0.436718 -0.109455 -0.081593 -0.250344 2.267046 -0.470035 -0.188605 0.379292 0.758949 
5.691039 -0.436747 -0.109494 -0.081624 -0.250428 2.267057 -0.470020 -0.188761 0.379440 0.758907 
5.690992 -0.436795 -0.109539 -0.081630 -0.250367 2.267031 -0.469974 -0.188930 0.379558 0.758843 
5.691011 -0.436803 -0.109562 -0.081609 -0.250391 2.267016 -0.469955 -0.189105 0.379718 0.758815 
5.690947 -0.436928 -0.109533 -0.081581 -0.250438 2.266994 -0.469932 -0.189228 0.379857 0.758787 
5.690930 -0.437032 -0.109508 -0.081490 -0.250418 2.266946 -0.469906 -0.189351 0.380000 0.758771 
5.690903 -0.437106 -0.109495 -0.081476 -0.250495 2.266937 -0.469891 -0.189498 0.380158 0.758748 
5.690889 -0.437164 -0.109495 -0.081452 -0.250539 2.266921 -0.469872 -0.189660 0.380320 0.758720 
5.690886 -0.437224 -0.109499 -0.081395 -0.250527 2.266886 -0.469844 -0.189819 0.380476 0.758692 
5.690871 -0.437256 -0.109509 -0.081411 -0.250609 2.266890 -0.469831 -0.189981 0.380631 0.758663 
5.690871 -0.437289 -0.109527 -0.081387 -0.250625 2.266871 -0.469807 -0.190154 0.380791 0.758630 
5.690870 -0.437379 -0.109478 -0.081319 -0.250716 2.266852 -0.469807 -0.190260 0.380947 0.758638 
5.690877 -0.437431 -0.109479 -0.081261 -0.250723 2.266820 -0.469785 -0.190419 0.381108 0.758616 
5.690889 -0.437417 -0.109501 -0.081296 -0.250827 2.266839 -0.469781 -0.190576 0.381255 0.758594 
5.690935 -0.437542 -0.109567 -0.081317 -0.250853 2.266887 -0.469647 -0.190616 0.381374 0.758596 
5.690857 -0.437615 -0.109612 -0.081268 -0.250908 2.266884 -0.469600 -0.190729 0.381525 0.758542 
5.690895 -0.437661 -0.109638 -0.081238 -0.250888 2.266864 -0.469550 -0.190890 0.381683 0.758522 
5.690862 -0.437708 -0.109667 -0.081187 -0.250905 2.266842 -0.469519 -0.191045 0.381842 0.758478 
5.690932 -0.437790 -0.109625 -0.081110 -0.250976 2.266829 -0.469499 -0.191136 0.382000 0.758512 
5.690866 -0.437827 -0.109557 -0.081135 -0.250941 2.266901 -0.469437 -0.191265 0.382106 0.758614 
5.690868 -0.437925 -0.109598 -0.081211 -0.250892 2.266905 -0.469549 -0.191283 0.382270 0.758633 
5.690893 -0.438059 -0.109670 -0.081189 -0.250907 2.266964 -0.469619 -0.191440 0.382237 0.758664 
5.690863 -0.438092 -0.109736 -0.081245 -0.250945 2.266793 -0.469586 -0.191489 0.382267 0.758787 
5.690864 -0.438141 -0.109667 -0.081297 -0.250951 2.266759 -0.469578 -0.191507 0.382243 0.758734 
5.690880 -0.438232 -0.109660 -0.081346 -0.250944 2.266740 -0.469562 -0.191626 0.382427 0.758723 
5.690903 -0.438337 -0.109663 -0.081368 -0.250958 2.266733 -0.469529 -0.191795 0.382559 0.758719 
5.690811 -0.438435 -0.109641 -0.081353 -0.251000 2.266705 -0.469559 -0.191905 0.382717 0.758698 
5.690803 -0.438583 -0.109626 -0.081294 -0.250885 2.266653 -0.469520 -0.191966 0.382830 0.758703 
5.690829 -0.438610 -0.109564 -0.081286 -0.250828 2.266588 -0.469586 -0.192124 0.382961 0.758716 
5.690833 -0.438736 -0.109536 -0.081306 -0.250820 2.266568 -0.469581 -0.192239 0.383130 0.758733 
5.690818 -0.438818 -0.109565 -0.081228 -0.250837 2.266555 -0.469536 -0.192445 0.383119 0.758709 
5.690727 -0.438835 -0.109637 -0.081306 -0.250730 2.266536 -0.469516 -0.192569 0.383201 0.758634 
5.690812 -0.438884 -0.109722 -0.081251 -0.250770 2.266428 -0.469553 -0.192590 0.383286 0.758501 
5.690804 -0.438820 -0.109655 -0.081189 -0.250792 2.266359 -0.469401 -0.192640 0.383403 0.758451 
5.690840 -0.438829 -0.109592 -0.081123 -0.250753 2.266525 -0.469426 -0.192661 0.383457 0.758320 
5.690842 -0.438790 -0.109663 -0.081074 -0.250748 2.266559 -0.469431 -0.192660 0.383501 0.758373 
5.690826 -0.438858 -0.109663 -0.080974 -0.250740 2.266501 -0.469426 -0.192786 0.383655 0.758330 
5.690855 -0.438970 -0.109697 -0.080949 -0.250779 2.266498 -0.469352 -0.192888 0.383817 0.758300 
5.690907 -0.439048 -0.109715 -0.080889 -0.250763 2.266459 -0.469303 -0.193023 0.383969 0.758265 
5.690908 -0.439144 -0.109716 -0.080822 -0.250774 2.266414 -0.469269 -0.193147 0.384127 0.758216 
5.690929 -0.439231 -0.109722 -0.080754 -0.250772 2.266368 -0.469231 -0.193277 0.384283 0.758171 
5.691089 -0.439225 -0.109773 -0.080731 -0.250687 2.266358 -0.469166 -0.193390 0.384361 0.758187 
5.691110 -0.439255 -0.109799 -0.080715 -0.250767 2.266350 -0.469150 -0.193541 0.384523 0.758147 
5.691120 -0.439332 -0.109843 -0.080660 -0.250808 2.266334 -0.469093 -0.193666 0.384683 0.758098 
5.691129 -0.439409 -0.109894 -0.080605 -0.250852 2.266324 -0.469030 -0.193787 0.384840 0.758048 
5.691143 -0.439475 -0.109912 -0.080557 -0.250891 2.266295 -0.469000 -0.193929 0.385004 0.758001 
5.691162 -0.439524 -0.109904 -0.080519 -0.250932 2.266255 -0.468999 -0.194083 0.385167 0.757959 
5.691179 -0.439581 -0.109911 -0.080476 -0.250975 2.266222 -0.468982 -0.194232 0.385331 0.757914 
5.691198 -0.439634 -0.109904 -0.080436 -0.251013 2.266182 -0.468978 -0.194385 0.385493 0.757871 
5.691216 -0.439686 -0.109896 -0.080395 -0.251050 2.266142 -0.468975 -0.194538 0.385656 0.757828 
5.691233 -0.439742 -0.109910 -0.080355 -0.251099 2.266115 -0.468953 -0.194686 0.385820 0.757783 
5.691211 -0.439806 -0.109938 -0.080318 -0.251185 2.266104 -0.468927 -0.194812 0.385981 0.757728 
5.691195 -0.439867 -0.109920 -0.080277 -0.251244 2.266062 -0.468934 -0.194953 0.386142 0.757677 
5.691204 -0.439923 -0.109963 -0.080241 -0.251313 2.266056 -0.468892 -0.195088 0.386304 0.757629 
5.691213 -0.439980 -0.110010 -0.080206 -0.251385 2.266053 -0.468846 -0.195220 0.386465 0.757582 
5.691223 -0.440035 -0.110062 -0.080172 -0.251457 2.266053 -0.468797 -0.195350 0.386626 0.757535 
5.691243 -0.440087 -0.110135 -0.080141 -0.251530 2.266066 -0.468730 -0.195472 0.386779 0.757492 
5.691247 -0.440144 -0.110184 -0.080107 -0.251605 2.266065 -0.468683 -0.195601 0.386940 0.757444 
5.691270 -0.440194 -0.110255 -0.080076 -0.251675 2.266077 -0.468618 -0.195727 0.387094 0.757402 
5.691276 -0.440251 -0.110306 -0.080041 -0.251750 2.266077 -0.468570 -0.195855 0.387254 0.757354 
5.691386 -0.440254 -0.110437 -0.080033 -0.251756 2.266129 -0.468451 -0.195933 0.387338 0.757353 
5.691336 -0.440439 -0.110466 -0.079989 -0.251741 2.266136 -0.468339 -0.195870 0.387392 0.757333 
5.691241 -0.440379 -0.110579 -0.079823 -0.251720 2.266153 -0.468369 -0.195857 0.387452 0.757373 
5.691230 -0.440397 -0.110585 -0.079780 -0.251732 2.266139 -0.468345 -0.195921 0.387367 0.757357 
5.691225 -0.440382 -0.110563 -0.079720 -0.251733 2.266304 -0.468345 -0.195922 0.387391 0.757191 
5.691168 -0.440364 -0.110598 -0.079775 -0.251669 2.266281 -0.468331 -0.195945 0.387394 0.757148 
5.691138 -0.440254 -0.110547 -0.079733 -0.251731 2.266197 -0.468171 -0.195905 0.387434 0.757102 
5.691210 -0.440374 -0.110645 -0.079763 -0.251686 2.266223 -0.468368 -0.195908 0.387386 0.757084 
5.691121 -0.440417 -0.110800 -0.079792 -0.251824 2.266251 -0.468357 -0.195956 0.387438 0.757084 
5.691111 -0.440490 -0.110887 -0.079709 -0.251792 2.266206 -0.468350 -0.196083 0.387580 0.757068 
5.691102 -0.440563 -0.110983 -0.079624 -0.251758 2.266164 -0.468338 -0.196206 0.387719 0.757053 
5.691085 -0.440637 -0.111096 -0.079545 -0.251736 2.266130 -0.468322 -0.196326 0.387855 0.757040 
5.691168 -0.440541 -0.111049 -0.079636 -0.251735 2.266200 -0.468281 -0.196200 0.387704 0.757073 
5.690970 -0.440609 -0.110854 -0.079600 -0.251804 2.266092 -0.468450 -0.196222 0.387753 0.757012 
5.690940 -0.440693 -0.110858 -0.079585 -0.251782 2.266096 -0.468404 -0.196158 0.387743 0.757013 
5.690949 -0.440669 -0.110956 -0.079522 -0.251790 2.266051 -0.468453 -0.196354 0.387892 0.756997 
5.690919 -0.440560 -0.110898 -0.079536 -0.251786 2.266103 -0.468481 -0.196185 0.387738 0.757044 
5.690890 -0.440607 -0.110929 -0.079707 -0.251977 2.266146 -0.468450 -0.196189 0.387705 0.757013 
5.690962 -0.440625 -0.110858 -0.079560 -0.251814 2.266076 -0.468430 -0.196280 0.387660 0.756996 
5.691060 -0.440608 -0.110915 -0.079599 -0.251821 2.265983 -0.468531 -0.196116 0.387706 0.756886 
5.690967 -0.440601 -0.110843 -0.079571 -0.251803 2.266175 -0.468451 -0.196222 0.387763 0.756930 
5.690890 -0.440604 -0.110892 -0.079739 -0.251649 2.266104 -0.468500 -0.196250 0.387698 0.756971 
5.690932 -0.440552 -0.110847 -0.079605 -0.251804 2.266045 -0.468373 -0.196214 0.387771 0.756973 
5.691006 -0.440536 -0.110696 -0.079636 -0.251797 2.266132 -0.468444 -0.196119 0.387641 0.757055 
5.690976 -0.440641 -0.110883 -0.079578 -0.251799 2.266074 -0.468448 -0.196275 0.387820 0.757008 
5.690985 -0.440672 -0.110904 -0.079556 -0.251793 2.266056 -0.468445 -0.196329 0.387888 0.757007 
5.690978 -0.440703 -0.110948 -0.079527 -0.251785 2.266040 -0.468433 -0.196376 0.387945 0.756988 
5.690999 -0.440668 -0.110885 -0.079533 -0.251757 2.266048 -0.468441 -0.196327 0.387888 0.757004 
5.691035 -0.440660 -0.110824 -0.079568 -0.251775 2.266048 -0.468470 -0.196326 0.387898 0.757053 
5.690976 -0.440667 -0.110874 -0.079530 -0.251750 2.266073 -0.468419 -0.196345 0.387891 0.757024 
5.691002 -0.440700 -0.110924 -0.079508 -0.251752 2.266026 -0.468437 -0.196375 0.387949 0.756987 
5.691011 -0.440667 -0.110879 -0.079500 -0.251786 2.266049 -0.468425 -0.196318 0.387893 0.757008 
5.691014 -0.440700 -0.110919 -0.079477 -0.251780 2.266027 -0.468422 -0.196366 0.387954 0.756990 
5.690982 -0.440676 -0.110851 -0.079492 -0.251795 2.266035 -0.468445 -0.196320 0.387898 0.756999 
5.691055 -0.440657 -0.110825 -0.079538 -0.251802 2.266052 -0.468449 -0.196316 0.387901 0.757059 
5.690999 -0.440650 -0.110891 -0.079494 -0.251778 2.266056 -0.468439 -0.196292 0.387919 0.757021 
5.691004 -0.440643 -0.110904 -0.079466 -0.251789 2.266037 -0.468466 -0.196342 0.387836 0.757050 
5.691003 -0.440694 -0.110884 -0.079504 -0.251780 2.266025 -0.468411 -0.196301 0.387888 0.757032 
5.691019 -0.440721 -0.110864 -0.079501 -0.251779 2.266113 -0.468438 -0.196274 0.387878 0.756988 
5.690995 -0.440630 -0.110847 -0.079538 -0.251790 2.266041 -0.468374 -0.196271 0.387887 0.756975 
