Start Optimization 
9.258074 -0.035423 0.007691 -0.221708 -0.055826 0.515572 -0.272742 0.978336 0.353897 0.146569 
10.258074 -0.035423 0.007691 -0.221708 -0.055826 0.515572 -0.272742 0.978336 0.353897 0.146569 
9.258074 0.964577 0.007691 -0.221708 -0.055826 0.515572 -0.272742 0.978336 0.353897 0.146569 
9.258074 -0.035423 1.007691 -0.221708 -0.055826 0.515572 -0.272742 0.978336 0.353897 0.146569 
9.258074 -0.035423 0.007691 0.778292 -0.055826 0.515572 -0.272742 0.978336 0.353897 0.146569 
9.258074 -0.035423 0.007691 -0.221708 0.944174 0.515572 -0.272742 0.978336 0.353897 0.146569 
9.258074 -0.035423 0.007691 -0.221708 -0.055826 1.515572 -0.272742 0.978336 0.353897 0.146569 
9.258074 -0.035423 0.007691 -0.221708 -0.055826 0.515572 0.727258 0.978336 0.353897 0.146569 
9.258074 -0.035423 0.007691 -0.221708 -0.055826 0.515572 0.727258 1.978336 0.353897 0.146569 
9.258074 -0.035423 0.007691 -0.221708 -0.055826 0.515572 0.727258 1.978336 1.353897 0.146569 
9.258074 -0.035423 0.007691 -0.221708 -0.055826 0.515572 0.727258 1.978336 0.353897 1.146569 
9.257466 -0.234881 -0.172594 -1.182592 -0.091624 0.512320 0.729175 1.981639 0.298198 0.144150 
9.257826 -0.116990 -0.066036 0.265296 -0.070465 0.514242 0.728042 1.979687 0.331119 0.145580 
9.008075 -0.034662 0.007691 -0.221708 -0.055826 0.515572 0.727258 1.978336 0.353897 0.146569 
9.009539 0.464578 -0.011459 -0.203244 -0.059628 0.515227 0.727462 1.978687 0.347981 0.146312 
9.008075 -0.034662 0.056382 -0.221708 -0.301039 0.515572 0.727258 1.978336 0.353897 0.146569 
9.008036 -0.029478 0.546518 -0.203845 -0.204152 0.515238 0.727455 1.978675 0.348173 0.146320 
9.008075 -0.034662 0.056382 -0.221708 -0.301039 0.265997 0.727258 1.978336 0.368470 0.146569 
9.008064 -0.033173 0.047808 -0.216578 -0.302867 0.544878 0.727315 1.978433 0.852932 0.146498 
9.008075 -0.034751 0.056301 -0.222139 -0.301055 0.515571 0.977258 1.978336 0.353872 0.146569 
9.007523 -0.110753 -0.215584 -0.630105 -0.357615 0.518069 0.725928 1.980332 0.338342 0.145107 
9.008074 -0.034899 0.056167 -0.220290 -0.301081 0.515568 0.727260 2.228332 0.353831 0.146569 
9.007516 -0.128630 -0.201236 0.192398 -0.354379 0.517216 0.727421 1.974880 0.332495 0.145326 
9.008089 -0.030101 0.056207 -0.221539 -0.301073 0.515569 0.727260 1.978339 0.353843 -0.103389 
9.009522 0.461182 -0.005585 -0.220344 -0.313853 0.515920 0.727317 1.978560 0.348312 0.156535 
9.007892 -0.039160 0.299681 -0.254310 -0.254089 0.517180 0.727015 1.978245 0.350594 0.148616 
9.008435 0.089743 0.044817 -0.221900 -0.303485 0.515686 0.727269 1.978391 0.352441 0.149105 
9.008073 -0.035526 0.048377 -0.283664 -0.302628 0.515601 0.727148 1.978680 0.354391 0.146517 
9.007862 -0.051744 -0.056084 -0.176757 -0.324661 0.516697 0.727037 1.977500 0.343901 0.148579 
9.008074 -0.034917 0.061249 -0.222856 -0.300072 0.511941 0.727251 1.978330 0.291711 0.146574 
9.007572 -0.043196 0.153886 -0.146632 -0.285503 0.521192 0.726668 1.976622 0.363467 0.152932 
8.945576 -0.034485 0.056338 -0.222049 -0.301047 0.515572 0.727257 1.978338 0.353900 0.146569 
8.946031 -0.047527 0.059945 -0.346058 -0.303116 0.519539 0.726494 1.978036 0.358718 0.151006 
8.945108 -0.049619 -0.039453 -0.146305 -0.321303 0.516732 0.727107 1.977364 0.345773 0.148528 
8.945728 0.027903 0.054620 -0.219122 -0.301541 0.515755 0.727254 1.978324 0.353572 0.147971 
8.945576 -0.034457 0.056364 -0.222220 -0.301042 0.507415 0.727257 1.948176 0.354384 0.146569 
8.945568 -0.034407 0.057514 -0.221071 -0.300858 0.455384 0.727251 1.994713 0.357529 0.146646 
8.945577 -0.034202 0.061607 -0.222039 -0.327636 0.515572 0.727258 1.978338 0.353896 0.131020 
8.945567 -0.033362 0.051894 -0.220737 -0.269947 0.515649 0.727248 1.978377 0.354055 0.092566 
8.945566 -0.033368 0.052093 -0.220537 -0.269915 0.515660 0.695999 1.978374 0.354070 0.092579 
8.945286 -0.035110 0.100343 -0.183370 -0.258465 0.518223 0.727843 1.978124 0.357699 0.095277 
8.945695 -0.031650 0.070184 -0.245680 -0.266324 0.515774 0.727210 1.978534 0.355989 0.092582 
8.945360 -0.039963 -0.005920 -0.198478 -0.272461 0.517253 0.727103 1.979276 0.350447 0.094007 
8.945660 -0.034710 0.046065 -0.250942 -0.265076 0.516957 0.727082 1.979267 0.355128 0.093567 
8.945657 -0.034684 0.045393 -0.250244 -0.265228 0.517891 0.727090 1.979260 0.370694 0.093598 
8.945405 -0.042662 0.063174 -0.254979 -0.243147 0.524213 0.727395 1.981167 0.373548 0.099503 
8.945679 -0.026827 0.044923 -0.250085 -0.265331 0.530893 0.727091 1.975737 0.369870 0.093758 
8.945748 0.000518 0.042237 -0.251498 -0.264507 0.516738 0.727070 1.979861 0.370774 0.094614 
8.930125 0.000564 0.042260 -0.251583 -0.264679 0.516738 0.727070 1.979862 0.370775 0.094514 
8.946188 0.004798 0.043076 -0.257375 -0.290441 0.517046 0.727032 1.980337 0.371125 0.078809 
8.945739 0.000199 0.039580 -0.250395 -0.264677 0.520803 0.727059 1.994661 0.370372 0.094770 
8.945689 0.000925 0.009100 -0.245781 -0.266311 0.520375 0.726919 1.990150 0.369134 0.095754 
8.945681 0.001121 0.008388 -0.244809 -0.258358 0.520453 0.726923 1.990166 0.369159 0.082360 
8.945666 0.020785 -0.012137 -0.246706 -0.261638 0.525643 0.726964 1.993818 0.369861 0.103919 
8.945690 0.000819 0.009002 -0.245845 -0.266333 0.520200 0.742540 1.990199 0.369354 0.095745 
8.945667 -0.006003 0.003311 -0.245198 -0.266683 0.503461 0.726289 1.995886 0.393105 0.096534 
8.945647 0.002897 0.010336 -0.230562 -0.268869 0.519764 0.726995 1.989936 0.368832 0.095547 
8.945693 0.002294 0.009076 -0.246232 -0.266121 0.514240 0.726913 1.991778 0.364818 0.095813 
8.945698 -0.007924 0.003451 -0.255299 -0.265176 0.515248 0.726845 1.992458 0.360039 0.096640 
8.945728 -0.000310 -0.002643 -0.266536 -0.261692 0.516848 0.726820 1.993665 0.360577 0.099152 
8.945708 -0.003540 -0.015064 -0.270311 -0.260164 0.518828 0.726804 1.995645 0.354036 0.102646 
8.945724 0.010427 -0.019278 -0.273441 -0.257538 0.519940 0.726834 1.996696 0.356500 0.105134 
8.953536 0.010413 -0.019288 -0.273411 -0.257507 0.519941 0.726834 1.996697 0.356501 0.105150 
8.953627 0.012862 -0.022436 -0.278748 -0.269771 0.520397 0.726795 1.997476 0.355926 0.098209 
8.953536 0.010631 -0.020850 -0.273505 -0.257578 0.517985 0.726826 1.989301 0.356576 0.105168 
8.953603 0.011532 -0.017674 -0.287522 -0.253166 0.520187 0.726827 1.996675 0.353858 0.109058 
8.953537 0.012033 -0.017915 -0.272028 -0.257748 0.524029 0.726993 1.995297 0.350513 0.105069 
8.953521 0.012748 -0.031320 -0.267331 -0.257258 0.525498 0.726999 1.997839 0.345800 0.108355 
8.953541 0.011880 -0.016682 -0.272439 -0.261683 0.523837 0.726993 1.995142 0.350633 0.111684 
8.953605 0.013428 -0.012375 -0.285867 -0.256900 0.525361 0.727045 1.994144 0.346805 0.113102 
8.953541 0.011932 -0.016633 -0.272400 -0.261673 0.523923 0.719182 1.995117 0.350524 0.111688 
8.953533 0.012866 -0.030050 -0.269167 -0.260611 0.525640 0.719121 1.997640 0.345144 0.115349 
8.953546 0.013231 -0.015545 -0.272881 -0.261377 0.517684 0.719180 1.996537 0.346412 0.111589 
8.953611 0.014718 -0.011402 -0.286343 -0.256568 0.519622 0.719157 1.995468 0.342758 0.113058 
8.953589 0.023211 -0.007868 -0.264408 -0.263604 0.516055 0.719199 1.995803 0.347742 0.109613 
8.953551 0.006826 -0.013235 -0.271002 -0.263057 0.516995 0.719154 1.996083 0.344033 0.110175 
8.953525 0.012625 -0.014975 -0.271509 -0.258303 0.517573 0.719189 1.996386 0.346507 0.113374 
8.953547 0.014167 -0.022156 -0.271284 -0.261726 0.517581 0.719148 1.998045 0.343274 0.112871 
8.957452 0.013235 -0.015541 -0.272857 -0.261364 0.517683 0.719180 1.996536 0.346419 0.111595 
8.957440 0.018839 -0.013168 -0.268360 -0.262879 0.516856 0.719182 1.996518 0.346481 0.110701 
8.957452 0.013070 -0.014810 -0.272858 -0.261320 0.518517 0.719178 2.000274 0.346590 0.111589 
8.957460 0.012421 -0.017720 -0.273567 -0.261537 0.512651 0.718988 1.997403 0.351802 0.111651 
8.957508 0.015623 -0.014794 -0.279317 -0.259421 0.517959 0.719139 1.995661 0.343629 0.112390 
8.957570 0.011320 -0.012696 -0.281558 -0.260298 0.516967 0.719064 1.994239 0.338306 0.111402 
8.957510 0.015524 -0.014198 -0.279513 -0.261391 0.517981 0.718993 1.995557 0.343763 0.115695 
8.957520 0.016406 -0.016068 -0.280420 -0.258609 0.522271 0.713478 1.994487 0.345799 0.111945 
8.959068 0.014620 -0.015546 -0.278815 -0.259714 0.519765 0.721024 1.993710 0.344166 0.112338 
8.954365 0.018863 -0.015187 -0.282217 -0.257871 0.520385 0.722836 1.997925 0.345868 0.112319 
8.955098 0.022121 -0.014312 -0.280830 -0.257989 0.520202 0.722824 1.996942 0.345504 0.111803 
8.956297 0.024404 -0.014776 -0.280781 -0.257733 0.518184 0.722728 1.995896 0.347222 0.111355 
8.956475 0.025882 -0.017747 -0.279972 -0.257617 0.518204 0.722705 1.996299 0.345459 0.111883 
8.956837 0.028903 -0.018279 -0.278937 -0.257512 0.518329 0.722663 1.995726 0.343465 0.111322 
8.956681 0.031211 -0.021078 -0.279538 -0.256794 0.517829 0.723284 1.996062 0.342809 0.111186 
8.957813 0.033635 -0.020180 -0.279319 -0.256652 0.516192 0.723128 1.994710 0.344222 0.110350 
8.957782 0.033856 -0.020344 -0.279884 -0.258482 0.516249 0.723098 1.994801 0.344251 0.110110 
8.957844 0.035040 -0.020184 -0.279411 -0.259072 0.516446 0.722996 1.994579 0.344263 0.113737 
8.959331 0.035170 -0.019904 -0.279884 -0.258909 0.516720 0.722993 1.995653 0.344109 0.113797 
8.959502 0.035797 -0.020589 -0.277001 -0.259569 0.517228 0.723047 1.997630 0.345189 0.113266 
8.959508 0.034864 -0.019681 -0.279558 -0.259140 0.515879 0.724587 1.995713 0.343643 0.113899 
8.960934 0.034815 -0.020912 -0.279772 -0.258986 0.518942 0.724256 1.993491 0.344665 0.113692 
8.960123 0.034477 -0.020672 -0.279388 -0.259150 0.515844 0.722165 1.995249 0.343691 0.113941 
8.959348 0.036189 -0.018690 -0.282412 -0.258412 0.516882 0.722837 1.995081 0.341716 0.113861 
8.959290 0.036065 -0.018472 -0.286057 -0.257672 0.516151 0.723147 1.995082 0.342105 0.114618 
8.959533 0.035384 -0.017137 -0.282353 -0.258659 0.517172 0.722394 1.995066 0.342319 0.113973 
8.959338 0.036672 -0.017978 -0.282688 -0.258682 0.516528 0.723303 1.993274 0.338440 0.113671 
8.959357 0.039176 -0.017359 -0.283253 -0.258364 0.517815 0.722992 1.994755 0.336473 0.113065 
8.961298 0.039183 -0.018229 -0.283508 -0.258390 0.516889 0.720381 1.995325 0.334841 0.113169 
8.961935 0.040375 -0.017824 -0.283389 -0.258320 0.516161 0.720327 1.994596 0.335585 0.112738 
8.964013 0.040650 -0.018710 -0.284001 -0.258141 0.518891 0.720731 1.993186 0.335378 0.112578 
8.964052 0.041139 -0.018579 -0.283588 -0.257813 0.518966 0.720693 1.993050 0.335373 0.114382 
8.964168 0.040636 -0.018218 -0.282961 -0.254099 0.518883 0.720702 1.992929 0.334920 0.113715 
8.963056 0.040881 -0.018454 -0.283140 -0.253984 0.519353 0.719485 1.992121 0.335142 0.113605 
8.963076 0.043486 -0.018691 -0.283461 -0.253630 0.519731 0.719420 1.991821 0.332323 0.113645 
8.963412 0.045634 -0.017369 -0.283828 -0.253457 0.520540 0.718828 1.991520 0.329581 0.113725 
8.963656 0.048367 -0.017269 -0.283441 -0.253180 0.521446 0.718313 1.991700 0.327058 0.113631 
8.964323 0.047998 -0.013840 -0.283836 -0.253477 0.522396 0.717206 1.991478 0.326370 0.113771 
8.964313 0.048548 -0.013819 -0.285138 -0.253042 0.522657 0.717060 1.992531 0.327008 0.113907 
8.964339 0.049385 -0.013746 -0.288052 -0.252423 0.521865 0.717427 1.991387 0.325256 0.114643 
8.962861 0.050673 -0.014203 -0.289284 -0.251757 0.522918 0.714836 1.990209 0.325328 0.114811 
8.963725 0.051795 -0.013852 -0.290254 -0.248514 0.523162 0.714484 1.990678 0.324204 0.114837 
8.964069 0.054652 -0.013809 -0.291339 -0.249585 0.523921 0.714387 1.991757 0.322536 0.115186 
8.965044 0.055607 -0.011238 -0.293001 -0.250433 0.524862 0.713380 1.992151 0.321623 0.115831 
8.964333 0.055770 -0.013279 -0.291183 -0.249514 0.523396 0.714786 1.990975 0.323515 0.114764 
8.961872 0.056609 -0.013333 -0.291294 -0.248854 0.524938 0.717143 1.990920 0.323202 0.114641 
8.961226 0.056891 -0.012946 -0.290781 -0.248663 0.524106 0.716982 1.991275 0.323266 0.116063 
8.959559 0.057460 -0.012906 -0.291004 -0.248646 0.521973 0.716468 1.992501 0.322336 0.113845 
8.959529 0.057403 -0.013248 -0.292079 -0.248609 0.521933 0.716609 1.993505 0.323553 0.114005 
8.959657 0.059416 -0.015777 -0.290358 -0.248413 0.521260 0.716870 1.991857 0.321155 0.114321 
8.959515 0.062097 -0.017405 -0.289971 -0.248396 0.520801 0.717154 1.991130 0.319124 0.114872 
8.959462 0.063640 -0.019802 -0.291610 -0.248217 0.520274 0.717683 1.992536 0.320316 0.115548 
8.959531 0.064915 -0.020429 -0.288980 -0.247795 0.521613 0.716772 1.994154 0.320999 0.114893 
8.960429 0.063542 -0.019470 -0.291475 -0.247210 0.519927 0.718637 1.993219 0.319839 0.115488 
8.960757 0.063195 -0.019867 -0.290650 -0.250152 0.518999 0.720743 1.993629 0.319600 0.115628 
8.960658 0.064389 -0.018952 -0.291226 -0.247045 0.519343 0.719038 1.992354 0.320951 0.115041 
8.959605 0.062488 -0.021394 -0.292029 -0.245634 0.518469 0.719168 1.991345 0.318931 0.115974 
8.958274 0.062692 -0.021048 -0.292167 -0.245332 0.519196 0.720254 1.991470 0.318878 0.115763 
8.957674 0.064052 -0.019899 -0.294668 -0.245397 0.517847 0.719762 1.991739 0.317084 0.115417 
8.956470 0.066299 -0.020384 -0.294970 -0.244279 0.516944 0.718844 1.992809 0.315154 0.114609 
8.955725 0.067476 -0.020887 -0.295337 -0.246010 0.515054 0.720130 1.993582 0.313157 0.114260 
8.954701 0.068459 -0.019813 -0.295018 -0.245533 0.513966 0.719877 1.994110 0.312829 0.117442 
8.954610 0.070896 -0.019910 -0.296797 -0.245059 0.514217 0.719970 1.993935 0.310590 0.118336 
8.953959 0.073089 -0.019812 -0.298854 -0.244383 0.513733 0.719847 1.994394 0.308486 0.118999 
8.952102 0.073143 -0.018829 -0.299497 -0.243631 0.511449 0.719207 1.996168 0.308498 0.120044 
8.953769 0.071979 -0.019709 -0.298690 -0.244570 0.514371 0.719368 1.994830 0.307224 0.119236 
8.953834 0.074638 -0.017893 -0.297766 -0.244082 0.513085 0.719846 1.992232 0.306885 0.118517 
8.951764 0.076164 -0.018250 -0.296967 -0.243357 0.514646 0.722006 1.992279 0.306438 0.118741 
8.949711 0.077031 -0.019073 -0.297377 -0.245240 0.515173 0.720179 1.990856 0.306875 0.119010 
8.949969 0.077676 -0.018003 -0.297308 -0.246003 0.515848 0.719962 1.991816 0.307181 0.118726 
8.950362 0.079818 -0.020673 -0.296313 -0.245054 0.514943 0.720022 1.990503 0.305493 0.120121 
8.950336 0.080695 -0.020045 -0.298045 -0.245961 0.515074 0.721998 1.988734 0.304757 0.121759 
8.950256 0.081884 -0.019239 -0.299531 -0.244102 0.516630 0.721811 1.986956 0.304843 0.123135 
8.949642 0.083496 -0.019344 -0.301461 -0.244475 0.516566 0.723546 1.985292 0.303411 0.122377 
8.949215 0.084134 -0.018631 -0.300646 -0.245253 0.516629 0.725360 1.983055 0.303662 0.124507 
8.951054 0.086431 -0.017496 -0.300742 -0.245813 0.517385 0.725911 1.984766 0.302885 0.125271 
8.950400 0.087087 -0.017151 -0.301099 -0.245398 0.516083 0.725921 1.985246 0.303610 0.125565 
8.948958 0.086506 -0.016349 -0.301721 -0.245355 0.516015 0.725447 1.986085 0.300806 0.127301 
8.949616 0.087122 -0.018008 -0.301183 -0.245219 0.516950 0.726787 1.986069 0.304027 0.125834 
8.951109 0.087350 -0.019501 -0.303768 -0.246147 0.516940 0.726884 1.986039 0.304552 0.127544 
8.948857 0.087953 -0.018257 -0.301054 -0.246211 0.517376 0.725681 1.985890 0.304245 0.125821 
8.948851 0.090858 -0.019732 -0.300051 -0.244744 0.517858 0.725754 1.985485 0.303211 0.125949 
8.948149 0.093826 -0.018863 -0.300375 -0.244206 0.519859 0.726442 1.985382 0.303151 0.125387 
8.947850 0.095891 -0.019941 -0.299176 -0.245948 0.519269 0.727985 1.986171 0.302054 0.124541 
8.948036 0.093868 -0.018468 -0.299594 -0.244548 0.519904 0.727081 1.984507 0.303544 0.126647 
8.948788 0.094422 -0.019008 -0.299803 -0.242313 0.521277 0.724215 1.987091 0.303869 0.125793 
8.948712 0.093943 -0.019336 -0.300067 -0.244183 0.519830 0.726632 1.984850 0.304578 0.124487 
8.945846 0.093576 -0.019697 -0.301940 -0.242760 0.520122 0.725916 1.983798 0.301848 0.125059 
8.947299 0.094468 -0.020878 -0.304815 -0.243335 0.520291 0.725849 1.983513 0.301746 0.126554 
8.946718 0.095118 -0.020458 -0.305164 -0.242937 0.518917 0.725783 1.983917 0.302431 0.126823 
8.948032 0.096007 -0.018756 -0.305564 -0.242775 0.517967 0.724182 1.982188 0.300779 0.126132 
8.948762 0.095936 -0.018887 -0.305437 -0.241450 0.517678 0.725267 1.982259 0.300309 0.126177 
8.948257 0.095067 -0.017005 -0.308260 -0.240899 0.518338 0.726214 1.982827 0.299517 0.125787 
8.948421 0.097548 -0.018768 -0.305314 -0.241601 0.518349 0.725864 1.982383 0.300055 0.125776 
8.948106 0.098949 -0.021301 -0.304570 -0.241987 0.517021 0.725543 1.982612 0.298019 0.125891 
8.948301 0.100257 -0.021877 -0.303939 -0.239883 0.518355 0.723404 1.983299 0.298133 0.127122 
8.948534 0.098985 -0.021901 -0.305009 -0.241700 0.516968 0.725146 1.982993 0.298561 0.124344 
8.948106 0.100372 -0.022772 -0.303957 -0.241791 0.516684 0.726288 1.979657 0.299125 0.126067 
8.949412 0.099404 -0.021558 -0.305332 -0.242662 0.517016 0.725672 1.982962 0.298363 0.126628 
8.950696 0.100410 -0.020926 -0.302420 -0.243595 0.516191 0.725968 1.984331 0.298162 0.126224 
8.948967 0.100010 -0.021822 -0.306541 -0.242597 0.517096 0.726022 1.983270 0.297147 0.126740 
8.949621 0.099152 -0.022271 -0.306780 -0.241529 0.516356 0.726441 1.983296 0.296541 0.127138 
8.948688 0.100272 -0.021579 -0.306734 -0.242456 0.516381 0.725872 1.983423 0.297487 0.126876 
8.948792 0.100017 -0.021556 -0.307300 -0.243117 0.516017 0.724548 1.982832 0.296627 0.126962 
8.948334 0.100068 -0.022293 -0.306586 -0.242757 0.516265 0.725805 1.983733 0.297577 0.127081 
8.948116 0.100097 -0.021309 -0.308262 -0.242433 0.517091 0.726238 1.983810 0.297483 0.127385 
8.948579 0.100484 -0.021973 -0.306918 -0.242321 0.516395 0.725997 1.982652 0.297757 0.126953 
8.948829 0.101860 -0.022342 -0.306521 -0.242582 0.515886 0.726513 1.982668 0.296777 0.126843 
8.950145 0.102762 -0.022584 -0.306188 -0.243316 0.515443 0.726788 1.982671 0.296898 0.127367 
8.950162 0.102456 -0.022536 -0.306405 -0.243775 0.515117 0.727239 1.982565 0.296952 0.126842 
8.950594 0.103471 -0.023373 -0.306587 -0.242771 0.515470 0.726249 1.983164 0.296953 0.126145 
8.950640 0.103309 -0.023354 -0.305806 -0.242663 0.515198 0.726003 1.982898 0.297058 0.125849 
8.950099 0.104462 -0.023459 -0.307453 -0.242842 0.515696 0.726956 1.983457 0.295957 0.126588 
8.949876 0.105060 -0.024082 -0.308603 -0.242688 0.516073 0.727390 1.982497 0.296318 0.127128 
8.949551 0.105489 -0.023774 -0.308500 -0.243169 0.516418 0.727192 1.982504 0.296674 0.126924 
8.950027 0.105650 -0.022818 -0.309253 -0.241897 0.515544 0.727817 1.982921 0.296689 0.127253 
8.950240 0.105630 -0.022484 -0.309569 -0.242054 0.515444 0.727263 1.982512 0.296260 0.127196 
8.949558 0.105841 -0.022829 -0.310304 -0.242499 0.514448 0.726740 1.983361 0.296302 0.127874 
8.950944 0.106005 -0.022583 -0.309394 -0.242444 0.515276 0.727382 1.982547 0.296345 0.127467 
8.951586 0.106325 -0.022230 -0.310195 -0.242687 0.516203 0.727940 1.983390 0.295688 0.127874 
8.951565 0.106597 -0.022260 -0.309880 -0.242228 0.516495 0.727473 1.983455 0.295646 0.128383 
8.951386 0.108030 -0.022145 -0.309348 -0.241804 0.516152 0.727823 1.983192 0.294751 0.128759 
8.951747 0.109668 -0.022262 -0.309091 -0.240986 0.515945 0.727682 1.983175 0.294345 0.128912 
8.951594 0.110339 -0.021571 -0.308488 -0.240849 0.515749 0.728112 1.982671 0.293940 0.130269 
8.950635 0.110619 -0.021337 -0.308881 -0.240160 0.516513 0.728300 1.983099 0.292795 0.130125 
8.950836 0.110509 -0.020675 -0.307751 -0.240197 0.516102 0.727977 1.984169 0.292109 0.129728 
8.950956 0.110174 -0.021683 -0.308964 -0.239703 0.516184 0.728485 1.983080 0.292429 0.130325 
8.950731 0.110603 -0.022969 -0.308484 -0.240257 0.516701 0.728322 1.982745 0.291462 0.130545 
8.951301 0.110060 -0.021505 -0.308612 -0.239498 0.516672 0.728755 1.982649 0.292403 0.129970 
8.951057 0.110918 -0.021461 -0.309842 -0.240046 0.515586 0.729690 1.983203 0.291838 0.129949 
8.951425 0.111737 -0.021227 -0.311016 -0.239463 0.515933 0.729920 1.983919 0.291524 0.130621 
8.951453 0.111933 -0.020580 -0.311844 -0.239391 0.515442 0.728973 1.983053 0.290665 0.130418 
8.951333 0.112286 -0.021483 -0.310810 -0.238909 0.515631 0.729818 1.983838 0.291734 0.130343 
8.950166 0.112706 -0.021504 -0.311355 -0.238122 0.515167 0.730839 1.984111 0.291702 0.130513 
8.950188 0.112484 -0.022223 -0.312298 -0.237992 0.515352 0.730682 1.984870 0.291822 0.129211 
8.950258 0.112702 -0.021842 -0.311783 -0.238236 0.515205 0.730947 1.983555 0.292223 0.130716 
8.950861 0.113698 -0.021210 -0.310979 -0.238105 0.514076 0.731278 1.984850 0.291573 0.130931 
8.950651 0.114655 -0.022259 -0.310620 -0.238460 0.514359 0.731397 1.984839 0.290450 0.131314 
8.951320 0.115442 -0.021804 -0.310115 -0.237753 0.514870 0.732414 1.984578 0.289861 0.131039 
8.951017 0.115970 -0.021438 -0.310139 -0.238244 0.515122 0.732378 1.984612 0.290149 0.130797 
8.951082 0.116406 -0.021788 -0.309545 -0.237075 0.514806 0.731896 1.985418 0.289707 0.132060 
8.951253 0.115233 -0.022137 -0.309563 -0.237870 0.515047 0.732818 1.984874 0.290302 0.131036 
8.951080 0.115880 -0.021418 -0.310168 -0.237925 0.513618 0.732163 1.983864 0.288810 0.130666 
8.951319 0.115731 -0.020753 -0.311111 -0.238611 0.513676 0.732593 1.984257 0.287788 0.131404 
8.951833 0.116274 -0.021117 -0.312270 -0.238461 0.513490 0.732352 1.985028 0.287231 0.130531 
8.953205 0.116331 -0.020900 -0.311906 -0.239177 0.513705 0.731354 1.984793 0.286865 0.130605 
8.953546 0.116690 -0.021112 -0.312172 -0.239278 0.513342 0.731617 1.984539 0.287309 0.130951 
8.953340 0.117070 -0.021023 -0.313420 -0.239074 0.513781 0.731339 1.983563 0.286509 0.131349 
8.953495 0.116902 -0.020316 -0.313645 -0.238660 0.513616 0.731148 1.983588 0.286848 0.131305 
8.953364 0.117394 -0.021571 -0.313603 -0.240110 0.513301 0.732117 1.983810 0.285326 0.131405 
8.953602 0.118151 -0.022681 -0.313987 -0.239815 0.513089 0.731734 1.984006 0.285143 0.130199 
8.953303 0.119187 -0.022809 -0.313628 -0.239366 0.512869 0.731121 1.984845 0.284744 0.131208 
8.953571 0.118622 -0.023196 -0.313628 -0.238912 0.512593 0.731106 1.984824 0.284487 0.131463 
8.952567 0.118707 -0.023264 -0.314226 -0.240251 0.512322 0.730077 1.985146 0.285124 0.131469 
8.953572 0.119074 -0.022918 -0.314054 -0.239403 0.513404 0.731275 1.985415 0.284878 0.131347 
8.953153 0.120447 -0.023675 -0.312848 -0.239310 0.513165 0.731308 1.984732 0.284065 0.131704 
8.953997 0.119205 -0.022674 -0.313442 -0.239710 0.512965 0.730618 1.984739 0.284583 0.131240 
8.954335 0.119549 -0.021585 -0.314077 -0.239345 0.511901 0.730643 1.985404 0.284154 0.130922 
8.954645 0.119873 -0.021697 -0.314398 -0.239264 0.511660 0.730753 1.985047 0.284709 0.131276 
8.953980 0.119629 -0.021083 -0.314746 -0.238333 0.512658 0.729661 1.984775 0.283999 0.130900 
8.954143 0.119632 -0.021400 -0.313564 -0.238999 0.511817 0.730539 1.985602 0.284766 0.130674 
8.955717 0.118798 -0.021968 -0.314103 -0.239246 0.511897 0.729957 1.986232 0.284280 0.131038 
8.954285 0.119225 -0.021012 -0.313881 -0.239470 0.511944 0.730786 1.985406 0.284180 0.131586 
8.954281 0.119829 -0.021708 -0.313965 -0.239263 0.511894 0.730530 1.985577 0.284021 0.131172 
8.954320 0.120556 -0.021940 -0.313686 -0.239215 0.511723 0.730660 1.985754 0.283581 0.131307 
8.953976 0.121062 -0.022236 -0.313659 -0.239486 0.511300 0.730375 1.986025 0.283368 0.131504 
8.953876 0.121496 -0.022302 -0.313942 -0.239508 0.511712 0.730742 1.986623 0.283430 0.131575 
8.953762 0.121296 -0.022506 -0.313960 -0.239312 0.511523 0.730980 1.986704 0.283405 0.131650 
8.953805 0.122053 -0.022392 -0.313946 -0.238938 0.511824 0.730546 1.986592 0.282963 0.131761 
8.954418 0.122284 -0.022714 -0.313710 -0.238804 0.511774 0.730329 1.987040 0.282710 0.131942 
8.954362 0.122298 -0.023093 -0.313633 -0.238849 0.511984 0.730286 1.986901 0.282788 0.131832 
8.954472 0.122335 -0.021963 -0.313750 -0.238739 0.511410 0.730470 1.987278 0.282503 0.132298 
8.954536 0.122237 -0.022045 -0.313930 -0.238938 0.511517 0.730534 1.987147 0.282244 0.132513 
8.954296 0.122587 -0.021921 -0.313442 -0.238997 0.511665 0.730783 1.987042 0.282025 0.133124 
8.954143 0.122419 -0.021863 -0.313285 -0.239040 0.511786 0.730731 1.987217 0.281751 0.132942 
8.954410 0.123127 -0.021795 -0.313753 -0.239020 0.511335 0.731113 1.986907 0.281505 0.132953 
8.954321 0.123545 -0.021592 -0.314338 -0.238870 0.511131 0.730997 1.986972 0.281052 0.133270 
8.954536 0.123842 -0.021239 -0.314827 -0.238473 0.511212 0.731174 1.986882 0.280595 0.133476 
8.954569 0.123887 -0.021131 -0.314835 -0.238366 0.510640 0.730777 1.986416 0.280150 0.133640 
8.954684 0.124437 -0.020739 -0.315180 -0.238864 0.510604 0.730517 1.986475 0.279957 0.133733 
8.954491 0.124560 -0.020875 -0.315607 -0.238812 0.510064 0.730855 1.986754 0.279628 0.134057 
8.954676 0.125041 -0.021536 -0.315636 -0.238597 0.510217 0.730589 1.986854 0.279311 0.134079 
8.954098 0.125407 -0.021808 -0.316017 -0.238464 0.510401 0.730558 1.986436 0.279161 0.133957 
8.953952 0.125621 -0.021714 -0.315701 -0.238415 0.510432 0.730657 1.986436 0.279154 0.134178 
8.953865 0.126100 -0.021555 -0.315654 -0.237865 0.510117 0.730426 1.986773 0.279308 0.133868 
8.953728 0.126006 -0.021480 -0.315539 -0.237910 0.510193 0.730418 1.986929 0.278965 0.133664 
8.953574 0.126122 -0.021565 -0.315603 -0.237595 0.510407 0.729953 1.987205 0.278708 0.134297 
8.953790 0.126763 -0.021829 -0.315432 -0.237355 0.510378 0.730067 1.987173 0.278208 0.134569 
8.953537 0.127148 -0.022368 -0.315104 -0.237649 0.510050 0.729775 1.987345 0.278134 0.134738 
8.953834 0.127008 -0.021679 -0.315592 -0.237622 0.510537 0.730068 1.987344 0.278255 0.134562 
8.953859 0.126953 -0.021823 -0.315702 -0.237179 0.511053 0.730640 1.987676 0.278386 0.134556 
8.953966 0.127052 -0.021754 -0.315395 -0.237600 0.510827 0.729850 1.987233 0.278345 0.134412 
8.954016 0.127066 -0.020954 -0.315793 -0.237294 0.510653 0.730123 1.986967 0.277990 0.134686 
8.953676 0.127197 -0.021055 -0.315961 -0.237274 0.510747 0.730123 1.986744 0.277979 0.134599 
8.953432 0.127814 -0.020997 -0.316001 -0.237194 0.510506 0.730282 1.986923 0.277602 0.135094 
8.953453 0.128317 -0.021135 -0.316448 -0.237055 0.510241 0.730291 1.987116 0.277085 0.135390 
8.953202 0.128709 -0.021099 -0.316808 -0.236887 0.510065 0.730151 1.987436 0.276710 0.135923 
8.953027 0.129126 -0.021042 -0.316863 -0.236902 0.509855 0.730376 1.987690 0.275951 0.135843 
8.953117 0.129271 -0.021277 -0.317037 -0.237227 0.509928 0.730678 1.987487 0.275445 0.136425 
8.953170 0.129947 -0.021361 -0.317317 -0.237166 0.509549 0.730961 1.987493 0.275162 0.136741 
8.952949 0.130385 -0.021537 -0.317972 -0.237160 0.509367 0.731102 1.987383 0.274741 0.136843 
8.953187 0.131046 -0.021755 -0.317700 -0.236948 0.509617 0.730826 1.987355 0.274402 0.137042 
8.953128 0.130906 -0.022094 -0.317417 -0.236347 0.509234 0.730863 1.987116 0.274067 0.137279 
8.952990 0.131029 -0.022529 -0.317204 -0.236860 0.508755 0.730431 1.987185 0.274070 0.137280 
8.953029 0.130921 -0.022405 -0.317400 -0.236298 0.509364 0.731058 1.987364 0.274179 0.137264 
8.953451 0.130906 -0.021372 -0.317528 -0.236165 0.509195 0.730714 1.986704 0.273785 0.137376 
8.953482 0.130778 -0.022212 -0.317578 -0.236309 0.509174 0.730805 1.987313 0.273988 0.137219 
8.953175 0.131019 -0.022028 -0.317490 -0.235817 0.509741 0.731436 1.987325 0.274048 0.137415 
8.953029 0.130956 -0.021921 -0.317554 -0.235759 0.509734 0.731231 1.987580 0.274054 0.137711 
8.953170 0.131608 -0.022114 -0.317249 -0.235699 0.509574 0.731264 1.987733 0.273663 0.138126 
8.952868 0.130889 -0.021858 -0.317501 -0.235803 0.509794 0.731230 1.987723 0.273693 0.137499 
8.952656 0.130760 -0.022186 -0.317998 -0.235604 0.510236 0.730846 1.987343 0.273619 0.137430 
8.952769 0.131115 -0.021795 -0.317661 -0.235598 0.509596 0.731174 1.987810 0.273788 0.137280 
8.952879 0.130879 -0.021684 -0.317098 -0.235254 0.509857 0.730789 1.987913 0.274115 0.136958 
8.952509 0.130414 -0.021612 -0.317917 -0.235518 0.509295 0.731556 1.987772 0.273999 0.137193 
8.952800 0.131192 -0.021609 -0.317819 -0.235871 0.509808 0.731177 1.987932 0.273948 0.137172 
8.952689 0.131116 -0.021976 -0.317632 -0.235644 0.509605 0.731211 1.987913 0.273857 0.137257 
8.952717 0.131451 -0.022098 -0.317571 -0.235601 0.509498 0.731239 1.987966 0.273637 0.137460 
8.952700 0.131718 -0.022211 -0.317545 -0.235534 0.509315 0.731345 1.988021 0.273415 0.137687 
8.952537 0.131507 -0.022037 -0.317493 -0.235620 0.509524 0.731271 1.987867 0.273679 0.137489 
8.953075 0.131353 -0.022226 -0.317726 -0.235560 0.509438 0.731181 1.988167 0.273542 0.137414 
8.953077 0.131349 -0.022202 -0.317754 -0.235427 0.509549 0.731338 1.988216 0.273547 0.137443 
8.953057 0.131618 -0.022315 -0.317725 -0.235364 0.509361 0.731439 1.988268 0.273325 0.137669 
8.953062 0.131279 -0.022178 -0.317677 -0.235484 0.509421 0.731454 1.988317 0.273615 0.137429 
8.952864 0.131183 -0.022539 -0.317895 -0.235445 0.509627 0.731325 1.988256 0.273674 0.137357 
8.953013 0.131304 -0.022144 -0.317749 -0.235378 0.509562 0.731215 1.988346 0.273570 0.137566 
8.953110 0.131366 -0.022225 -0.317412 -0.235281 0.509717 0.731099 1.988428 0.273704 0.137383 
8.952933 0.131272 -0.022108 -0.317726 -0.235405 0.509597 0.731215 1.988420 0.273394 0.137457 
8.953029 0.131479 -0.022040 -0.317937 -0.235685 0.509733 0.731259 1.988502 0.273679 0.137560 
8.953060 0.131363 -0.022064 -0.317837 -0.235264 0.509625 0.731263 1.988256 0.273569 0.137454 
8.952860 0.131163 -0.021971 -0.317974 -0.235369 0.509280 0.731100 1.988403 0.273685 0.137491 
8.953053 0.131140 -0.022081 -0.317785 -0.235447 0.509628 0.731250 1.988249 0.273532 0.137634 
8.953096 0.131276 -0.022186 -0.317793 -0.235367 0.509552 0.731202 1.988395 0.273550 0.137551 
8.952898 0.131256 -0.022307 -0.317838 -0.235368 0.509629 0.731248 1.988319 0.273610 0.137528 
8.952991 0.131396 -0.022168 -0.317840 -0.235370 0.509482 0.731291 1.988319 0.273448 0.137683 
8.952995 0.131463 -0.022192 -0.317825 -0.235356 0.509463 0.731299 1.988329 0.273405 0.137730 
8.953002 0.131530 -0.022217 -0.317807 -0.235344 0.509451 0.731308 1.988338 0.273362 0.137777 
8.952994 0.131590 -0.022227 -0.317814 -0.235329 0.509406 0.731309 1.988352 0.273322 0.137824 
8.952986 0.131650 -0.022238 -0.317821 -0.235315 0.509362 0.731311 1.988365 0.273282 0.137871 
8.952972 0.131708 -0.022244 -0.317833 -0.235299 0.509310 0.731309 1.988382 0.273247 0.137913 
8.952986 0.131767 -0.022271 -0.317810 -0.235291 0.509312 0.731324 1.988383 0.273200 0.137964 
8.952971 0.131684 -0.022252 -0.317817 -0.235270 0.509293 0.731306 1.988363 0.273235 0.137916 
8.952960 0.131639 -0.022212 -0.317877 -0.235297 0.509269 0.731315 1.988343 0.273224 0.137942 
8.952965 0.131674 -0.022241 -0.317815 -0.235248 0.509304 0.731329 1.988390 0.273243 0.137931 
8.952971 0.131674 -0.022250 -0.317800 -0.235270 0.509251 0.731399 1.988390 0.273257 0.137893 
8.952943 0.131658 -0.022274 -0.317812 -0.235265 0.509302 0.731326 1.988402 0.273249 0.137945 
8.952944 0.131698 -0.022248 -0.317875 -0.235194 0.509326 0.731333 1.988365 0.273247 0.137894 
8.952979 0.131680 -0.022247 -0.317819 -0.235242 0.509297 0.731330 1.988374 0.273281 0.137953 
8.952923 0.131696 -0.022169 -0.317783 -0.235240 0.509302 0.731304 1.988370 0.273263 0.137927 
8.953024 0.131668 -0.022208 -0.317833 -0.235222 0.509286 0.731281 1.988427 0.273246 0.137912 
