Start Optimization 
2.128771 -0.674453 0.012013 0.050531 -0.374391 0.085907 -0.493294 -0.889339 0.422632 0.592237 
3.128771 -0.674453 0.012013 0.050531 -0.374391 0.085907 -0.493294 -0.889339 0.422632 0.592237 
2.128771 0.325547 0.012013 0.050531 -0.374391 0.085907 -0.493294 -0.889339 0.422632 0.592237 
2.128771 -0.674453 1.012013 0.050531 -0.374391 0.085907 -0.493294 -0.889339 0.422632 0.592237 
2.128771 -0.674453 0.012013 1.050531 -0.374391 0.085907 -0.493294 -0.889339 0.422632 0.592237 
2.128771 -0.674453 0.012013 0.050531 0.625609 0.085907 -0.493294 -0.889339 0.422632 0.592237 
2.128771 -0.674453 0.012013 0.050531 -0.374391 1.085907 -0.493294 -0.889339 0.422632 0.592237 
2.128771 -0.674453 0.012013 0.050531 -0.374391 0.085907 0.506706 -0.889339 0.422632 0.592237 
2.128771 -0.674453 0.012013 0.050531 -0.374391 0.085907 -0.493294 0.110661 0.422632 0.592237 
2.128771 -0.674453 0.012013 0.050531 -0.374391 0.085907 -0.493294 -0.889339 1.422632 0.592237 
2.128771 -0.674453 0.012013 0.050531 -0.374391 0.085907 -0.493294 -0.889339 1.422632 1.592237 
2.128598 -0.909466 -0.275394 -0.877793 -0.392652 0.085633 -0.494688 -0.895911 1.424280 1.592242 
2.128758 -0.692172 0.506771 -0.019461 -0.375768 0.085886 -0.493399 -0.889834 1.422756 1.592237 
1.878771 -0.674269 0.012013 0.050531 -0.374391 0.085907 -0.493294 -0.889339 1.422632 1.592237 
1.879124 -0.177728 0.007536 -0.007988 -0.375542 0.085890 -0.493382 -0.889753 1.422736 1.592237 
1.878771 -0.674269 0.012013 0.055448 -0.624343 0.085907 -0.493294 -0.889339 1.422632 1.592237 
1.878701 -0.652717 -0.021564 0.548258 -0.348606 0.085777 -0.493953 -0.892446 1.423411 1.592240 
1.878771 -0.674286 0.011993 0.050465 -0.374392 -0.164093 -0.493294 -0.889339 1.422632 1.592237 
1.878539 -0.789258 -0.231433 -0.370306 -0.355229 0.088974 -0.494425 -0.894669 1.423969 1.592241 
1.878771 -0.674326 0.013585 0.050309 -0.374395 0.085907 -0.743289 -0.889339 1.422632 1.592237 
1.878688 -0.709276 0.494707 -0.074757 -0.366176 0.087043 -0.490092 -0.891413 1.423152 1.592239 
1.878771 -0.674097 0.011793 0.053780 -0.374327 0.085906 -0.493298 -1.139318 1.422632 1.592237 
1.878595 -0.688791 -0.100667 0.534461 -0.334210 0.089063 -0.494293 -0.853620 1.424126 1.592242 
1.878771 -0.674226 0.011958 0.051346 -0.374375 0.085907 -0.493295 -0.889328 1.672631 1.592237 
1.878595 -0.688749 -0.100724 0.535276 -0.334194 0.089063 -0.494294 -0.853609 1.671235 1.592242 
1.878771 -0.674226 0.011964 0.051345 -0.374375 0.085907 -0.493295 -0.889328 1.672631 1.842237 
1.878671 -0.711620 0.502027 -0.038993 -0.362612 0.087338 -0.490064 -0.878003 1.673130 1.842277 
1.779320 -0.726449 -0.001422 0.030355 -0.275356 0.185329 -0.393936 -0.790181 1.573282 1.842237 
1.812145 -0.816308 -0.255541 -0.384933 -0.292616 0.155000 -0.428057 -0.805547 1.607779 1.842335 
1.759673 -0.483084 -0.004107 0.002527 -0.254003 0.205357 -0.374158 -0.768559 1.553527 1.842245 
1.779228 -0.720494 -0.108518 0.094516 -0.273997 0.185417 -0.394571 -0.789152 1.572951 1.842240 
1.774922 -0.703771 -0.000632 0.315899 -0.245737 0.191663 -0.389793 -0.763301 1.568169 1.842315 
1.789555 -0.732202 -0.186825 0.000096 -0.270402 0.176723 -0.405327 -0.785553 1.583772 1.842303 
1.836102 -0.720495 -0.107030 0.096690 -0.262441 0.196927 -0.383053 -0.777610 1.561432 1.842240 
1.766301 -0.725992 -0.152247 0.181633 -0.227940 0.165024 -0.422707 -0.746771 1.601253 1.842523 
1.779228 -0.720510 -0.108632 0.094473 -0.289002 0.137026 -0.373440 -0.768024 1.551821 1.842240 
1.778631 -0.721354 -0.119835 0.096956 -0.396476 0.191689 -0.358804 -0.745094 1.537207 1.842274 
1.779228 -0.720493 -0.108921 0.094663 -0.288998 0.137026 -0.328990 -0.768541 1.595753 1.842240 
1.778481 -0.721480 -0.122959 0.096581 -0.292472 0.137339 -0.323201 -0.868546 1.499161 1.842282 
1.779263 -0.720545 -0.108838 0.094129 -0.288992 0.136996 -0.373477 -0.768014 1.551858 1.904739 
1.789101 -0.731354 -0.180136 -0.006143 -0.288601 0.128428 -0.383413 -0.765241 1.561510 1.904092 
1.754746 -0.705831 -0.112142 0.086379 -0.264387 0.161548 -0.348967 -0.743351 1.527353 1.904740 
1.767326 -0.584797 -0.113071 0.079654 -0.277230 0.149029 -0.361397 -0.755366 1.539636 1.904796 
1.750319 -0.739705 -0.009687 0.024249 -0.269160 0.165150 -0.343260 -0.742827 1.521692 1.905087 
1.746626 -0.745168 -0.138025 0.121206 -0.253199 0.160247 -0.351002 -0.726674 1.528151 1.905308 
1.754992 -0.702458 -0.109134 0.085852 -0.238096 0.147396 -0.353033 -0.748940 1.531420 1.904734 
1.758100 -0.647733 -0.116189 0.095068 -0.281649 0.159542 -0.356526 -0.738432 1.534008 1.905203 
1.752836 -0.703993 -0.101315 0.105235 -0.265010 0.163215 -0.338942 -0.760258 1.516999 1.904897 
1.758104 -0.713485 -0.147876 0.048740 -0.266269 0.159336 -0.337102 -0.772187 1.514625 1.904559 
1.757386 -0.725799 -0.131130 0.026330 -0.268368 0.160296 -0.338396 -0.766428 1.515901 1.904615 
1.743279 -0.724912 -0.131471 0.025802 -0.271427 0.157382 -0.341377 -0.769313 1.518884 1.904615 
1.762759 -0.705079 -0.138448 0.011629 -0.275620 0.159097 -0.345470 -0.756485 1.522663 1.904728 
1.757228 -0.726583 -0.131670 0.027009 -0.271874 0.148254 -0.333181 -0.760856 1.510685 1.904616 
1.755207 -0.746887 -0.149017 0.027851 -0.269110 0.148863 -0.338050 -0.746494 1.515224 1.904733 
1.757210 -0.726571 -0.131500 0.027132 -0.271881 0.148269 -0.344202 -0.760878 1.499611 1.904618 
1.756605 -0.740648 -0.130363 0.026303 -0.283510 0.147677 -0.328461 -0.771729 1.483047 1.905409 
1.757227 -0.726480 -0.131463 0.027030 -0.271104 0.147845 -0.344331 -0.761040 1.499740 1.920215 
1.757589 -0.729976 -0.129781 0.022229 -0.247637 0.131613 -0.343319 -0.768969 1.498231 1.902492 
1.751052 -0.722817 -0.131962 0.025578 -0.265715 0.154425 -0.338200 -0.754424 1.493618 1.904620 
1.756373 -0.730019 -0.112376 0.045233 -0.279015 0.148865 -0.346522 -0.746441 1.501948 1.904820 
1.759567 -0.723611 -0.101306 0.051875 -0.297764 0.148325 -0.349674 -0.726685 1.504490 1.905182 
1.759431 -0.729724 -0.081183 0.066096 -0.287164 0.136095 -0.351681 -0.718849 1.506139 1.903796 
1.758806 -0.731667 -0.093671 0.041657 -0.300463 0.150096 -0.348012 -0.726830 1.502837 1.905353 
1.758033 -0.729628 -0.105488 0.072451 -0.311439 0.155105 -0.339546 -0.734257 1.494318 1.906074 
1.765419 -0.714741 -0.093379 0.051509 -0.297001 0.152228 -0.347850 -0.733487 1.502812 1.905129 
1.775663 -0.732116 -0.106978 0.057677 -0.290804 0.167068 -0.356877 -0.717788 1.511457 1.905278 
1.778741 -0.735374 -0.106495 0.058921 -0.296621 0.163017 -0.364287 -0.725683 1.518857 1.905275 
1.753031 -0.726249 -0.105132 0.062780 -0.290284 0.181550 -0.366684 -0.717420 1.521161 1.905336 
1.775659 -0.732154 -0.107296 0.057511 -0.291473 0.167484 -0.357108 -0.717843 1.510897 1.889688 
1.777858 -0.727085 -0.117478 0.059716 -0.293715 0.162813 -0.378365 -0.711711 1.493000 1.890643 
1.773489 -0.726926 -0.115634 0.056572 -0.294264 0.160594 -0.354432 -0.712072 1.517674 1.889489 
1.796615 -0.733673 -0.115285 0.073529 -0.289929 0.178331 -0.349621 -0.714121 1.515823 1.889013 
1.780838 -0.728380 -0.103736 0.049306 -0.283224 0.167515 -0.361921 -0.715185 1.515847 1.889162 
1.776143 -0.731285 -0.111398 0.053288 -0.292724 0.170966 -0.356349 -0.721104 1.510260 1.889985 
1.772881 -0.734942 -0.117512 0.056109 -0.281894 0.166628 -0.355801 -0.727274 1.509942 1.889508 
1.775539 -0.737583 -0.112956 0.051397 -0.292949 0.172028 -0.357375 -0.717661 1.511209 1.890059 
1.773324 -0.745179 -0.109753 0.044384 -0.301944 0.169843 -0.354085 -0.713559 1.508251 1.890209 
1.772808 -0.738132 -0.110497 0.051403 -0.292383 0.174511 -0.353566 -0.718978 1.516153 1.889824 
1.767882 -0.735980 -0.115297 0.054459 -0.295128 0.179368 -0.366923 -0.713418 1.511654 1.890374 
1.773760 -0.738290 -0.118204 0.056876 -0.294647 0.180751 -0.366593 -0.711276 1.511726 1.890412 
1.774792 -0.736100 -0.117184 0.063718 -0.300905 0.191227 -0.363588 -0.708572 1.516743 1.890348 
1.773800 -0.737910 -0.120550 0.072975 -0.303276 0.201472 -0.360886 -0.707152 1.521529 1.890080 
1.773527 -0.734287 -0.117243 0.062679 -0.297591 0.193242 -0.360151 -0.704511 1.513319 1.890325 
1.779823 -0.729503 -0.111403 0.055161 -0.296402 0.196434 -0.364807 -0.699353 1.518891 1.890109 
1.773571 -0.734466 -0.117358 0.062424 -0.298138 0.193298 -0.360217 -0.704439 1.512862 1.882553 
1.774576 -0.738623 -0.115094 0.059125 -0.309791 0.191531 -0.357265 -0.699554 1.506786 1.883745 
1.774802 -0.736844 -0.113416 0.062704 -0.296806 0.196792 -0.361516 -0.707585 1.509303 1.882670 
1.778767 -0.728582 -0.120121 0.058744 -0.300199 0.200227 -0.359866 -0.714889 1.504838 1.883097 
1.776890 -0.733106 -0.110411 0.067272 -0.298088 0.193734 -0.362393 -0.707925 1.508351 1.882530 
1.770394 -0.741001 -0.113476 0.062956 -0.287555 0.198179 -0.357297 -0.699274 1.503591 1.882060 
1.768064 -0.746236 -0.113354 0.065056 -0.288569 0.200846 -0.357605 -0.699601 1.507505 1.881710 
1.767106 -0.745823 -0.114565 0.065583 -0.289100 0.201619 -0.360677 -0.698636 1.506428 1.881837 
1.767769 -0.746316 -0.117612 0.063581 -0.288748 0.205538 -0.354716 -0.702556 1.506291 1.881538 
1.771326 -0.747433 -0.114626 0.065606 -0.288099 0.200944 -0.358023 -0.698693 1.507690 1.881725 
1.768823 -0.745461 -0.110672 0.060078 -0.287761 0.204390 -0.358784 -0.697455 1.510433 1.881401 
1.767837 -0.745463 -0.113945 0.065527 -0.285638 0.200592 -0.358656 -0.701129 1.508863 1.881391 
1.767051 -0.750959 -0.114646 0.062475 -0.289946 0.196797 -0.358039 -0.701677 1.504951 1.881941 
1.766548 -0.753053 -0.114208 0.067161 -0.293331 0.195068 -0.355655 -0.702644 1.501323 1.881842 
1.767177 -0.750921 -0.114528 0.062192 -0.290231 0.196795 -0.358194 -0.701571 1.504804 1.878067 
1.767295 -0.754375 -0.111903 0.056942 -0.293511 0.197535 -0.358036 -0.699970 1.503979 1.878309 
1.766034 -0.751892 -0.114662 0.062247 -0.287951 0.197037 -0.357097 -0.699392 1.503478 1.877910 
1.765478 -0.749696 -0.119184 0.062138 -0.292297 0.193565 -0.356268 -0.698971 1.507927 1.877845 
1.766226 -0.747015 -0.118497 0.061014 -0.292369 0.192376 -0.355221 -0.698700 1.506151 1.878038 
1.767707 -0.750124 -0.124436 0.062139 -0.290555 0.192270 -0.359612 -0.700611 1.504813 1.877701 
1.763061 -0.748537 -0.117415 0.063769 -0.288640 0.190313 -0.355033 -0.702885 1.510481 1.876978 
1.763081 -0.748247 -0.118809 0.062922 -0.292987 0.193934 -0.358529 -0.698208 1.507339 1.877889 
1.764669 -0.749461 -0.119849 0.061674 -0.292449 0.194572 -0.355531 -0.699844 1.507604 1.877804 
1.767000 -0.748111 -0.119442 0.064176 -0.292161 0.195569 -0.355568 -0.698041 1.508802 1.877604 
1.765605 -0.749231 -0.119250 0.060891 -0.291509 0.194006 -0.356857 -0.698706 1.508815 1.877882 
1.765406 -0.750834 -0.117986 0.058585 -0.293725 0.193783 -0.356682 -0.697853 1.508871 1.877986 
1.764458 -0.752253 -0.116056 0.056511 -0.295042 0.192519 -0.356192 -0.698059 1.509701 1.877849 
1.766105 -0.750400 -0.118246 0.058559 -0.294696 0.193594 -0.357432 -0.699014 1.509291 1.878060 
1.767334 -0.751252 -0.120453 0.057837 -0.294997 0.194155 -0.358699 -0.697858 1.507227 1.878228 
1.767498 -0.751134 -0.120403 0.057825 -0.295123 0.194292 -0.358730 -0.697756 1.507202 1.876298 
1.768805 -0.750201 -0.119934 0.058751 -0.296523 0.196657 -0.357915 -0.696177 1.508015 1.876783 
1.768388 -0.749881 -0.121110 0.058759 -0.297013 0.195849 -0.357431 -0.695537 1.508799 1.876726 
1.769173 -0.751607 -0.118444 0.056693 -0.298854 0.196947 -0.357637 -0.695182 1.508344 1.876830 
1.770038 -0.750736 -0.120228 0.058398 -0.295891 0.196540 -0.356892 -0.696584 1.508426 1.876757 
1.768894 -0.748507 -0.120504 0.057569 -0.294358 0.197673 -0.359493 -0.695764 1.509524 1.876829 
1.768461 -0.751534 -0.120269 0.059376 -0.296463 0.197212 -0.358458 -0.696297 1.508902 1.876686 
1.770425 -0.750127 -0.119102 0.060862 -0.295819 0.194734 -0.359138 -0.694849 1.508170 1.876828 
1.768387 -0.749084 -0.121458 0.061288 -0.295781 0.197547 -0.357105 -0.697491 1.506859 1.876674 
1.768786 -0.750854 -0.119113 0.057899 -0.297811 0.196693 -0.357943 -0.695608 1.508050 1.876811 
1.768689 -0.751471 -0.118359 0.057281 -0.299284 0.196892 -0.357836 -0.695129 1.507893 1.876827 
1.768318 -0.751014 -0.117818 0.057630 -0.300241 0.197659 -0.357549 -0.695335 1.506702 1.876895 
1.768152 -0.750641 -0.116976 0.056563 -0.300982 0.198464 -0.358077 -0.694774 1.506675 1.876985 
1.768706 -0.750780 -0.117927 0.057685 -0.300692 0.197519 -0.357957 -0.695883 1.506909 1.876933 
1.769307 -0.751109 -0.117389 0.058933 -0.300820 0.196521 -0.358050 -0.695324 1.506502 1.876941 
1.769567 -0.751304 -0.117921 0.058743 -0.300838 0.196590 -0.358390 -0.695105 1.505971 1.876660 
1.769150 -0.751374 -0.117580 0.058695 -0.300853 0.196141 -0.358190 -0.695654 1.505968 1.874935 
1.768935 -0.751403 -0.117913 0.058631 -0.300817 0.196154 -0.358823 -0.695259 1.505741 1.876934 
1.769274 -0.752282 -0.118223 0.058388 -0.300839 0.195725 -0.357731 -0.696225 1.505230 1.877383 
1.768916 -0.750822 -0.118176 0.058387 -0.301035 0.195675 -0.358460 -0.694983 1.505687 1.876951 
1.768180 -0.751256 -0.119273 0.059321 -0.301782 0.195865 -0.358192 -0.694829 1.506242 1.876844 
1.768855 -0.749945 -0.118760 0.059286 -0.299903 0.195792 -0.358416 -0.695629 1.505265 1.876963 
1.768980 -0.751055 -0.117804 0.058125 -0.301819 0.195687 -0.358543 -0.694733 1.505628 1.876967 
1.769141 -0.751424 -0.117538 0.057762 -0.302433 0.195504 -0.358699 -0.694414 1.505857 1.876968 
1.769112 -0.751387 -0.117157 0.057739 -0.303209 0.195707 -0.358715 -0.694328 1.505464 1.877001 
1.769346 -0.751203 -0.116894 0.057348 -0.303845 0.195348 -0.358737 -0.694011 1.505375 1.877038 
1.769206 -0.751294 -0.117361 0.057888 -0.303430 0.195651 -0.358864 -0.694570 1.505620 1.877006 
1.768707 -0.751632 -0.117765 0.058253 -0.303654 0.195814 -0.358572 -0.694249 1.505779 1.876943 
1.768782 -0.751600 -0.117873 0.058208 -0.303645 0.195969 -0.358617 -0.694140 1.505798 1.877366 
1.768461 -0.751507 -0.118037 0.057551 -0.303711 0.196437 -0.358571 -0.694449 1.505994 1.877210 
1.768937 -0.751807 -0.118134 0.058095 -0.303655 0.195935 -0.358598 -0.694190 1.505508 1.877316 
1.768778 -0.751876 -0.117655 0.058203 -0.303709 0.195762 -0.357989 -0.694646 1.505895 1.877715 
1.768465 -0.751652 -0.117870 0.058155 -0.303629 0.195754 -0.358836 -0.694220 1.505684 1.877503 
1.768836 -0.752183 -0.117599 0.058469 -0.303488 0.196435 -0.359009 -0.694404 1.505857 1.877348 
1.768577 -0.751161 -0.117965 0.058623 -0.303392 0.196300 -0.358450 -0.694459 1.505315 1.877385 
1.768819 -0.751725 -0.117920 0.058305 -0.304055 0.195884 -0.358688 -0.694058 1.505948 1.877376 
1.768869 -0.751877 -0.118128 0.058422 -0.304180 0.195712 -0.358758 -0.694007 1.506270 1.877372 
1.768869 -0.751987 -0.118039 0.058298 -0.304144 0.195676 -0.358733 -0.693865 1.506297 1.877367 
1.768813 -0.752150 -0.117881 0.058309 -0.304476 0.195687 -0.358679 -0.693606 1.506237 1.877379 
1.768897 -0.752265 -0.117655 0.058230 -0.304822 0.195628 -0.358725 -0.693423 1.506203 1.877405 
1.768931 -0.752373 -0.117452 0.058216 -0.305138 0.195620 -0.358702 -0.693137 1.506184 1.877449 
1.768917 -0.752538 -0.117312 0.058221 -0.305541 0.195582 -0.358716 -0.692982 1.506132 1.877447 
1.768969 -0.752680 -0.117128 0.058185 -0.305903 0.195524 -0.358742 -0.692770 1.506128 1.877470 
1.768704 -0.752824 -0.117247 0.058370 -0.305960 0.195637 -0.358550 -0.692556 1.506110 1.877449 
1.768775 -0.752533 -0.117298 0.058628 -0.306175 0.195789 -0.358554 -0.692569 1.506111 1.877549 
1.768888 -0.752587 -0.117344 0.058736 -0.306132 0.195694 -0.358553 -0.692531 1.505980 1.877570 
1.768908 -0.752550 -0.117525 0.058368 -0.306261 0.196015 -0.358472 -0.692511 1.505932 1.877550 
1.768918 -0.752604 -0.117516 0.058415 -0.306223 0.196133 -0.358652 -0.692468 1.505925 1.877485 
1.769022 -0.752835 -0.117345 0.058496 -0.306195 0.196352 -0.358512 -0.692656 1.505948 1.877670 
1.768937 -0.752843 -0.117381 0.058461 -0.306189 0.196330 -0.358605 -0.692644 1.505916 1.877869 
1.768745 -0.752750 -0.117136 0.058438 -0.306202 0.196402 -0.358559 -0.692643 1.505568 1.877807 
1.768687 -0.752818 -0.117211 0.058461 -0.306311 0.196366 -0.358603 -0.692802 1.505528 1.877751 
1.768469 -0.752988 -0.117218 0.058497 -0.306573 0.196490 -0.358478 -0.692557 1.505515 1.877729 
1.768191 -0.753131 -0.117291 0.058560 -0.306747 0.196663 -0.358316 -0.692348 1.505490 1.877697 
1.768185 -0.753263 -0.117128 0.058469 -0.307130 0.196677 -0.358331 -0.692151 1.505479 1.877704 
1.768165 -0.753400 -0.116975 0.058380 -0.307521 0.196696 -0.358344 -0.691965 1.505463 1.877705 
1.767981 -0.753509 -0.116956 0.058423 -0.307645 0.196848 -0.358173 -0.691616 1.505485 1.877725 
1.767809 -0.753752 -0.117189 0.058513 -0.307909 0.196883 -0.358124 -0.691606 1.505589 1.877672 
1.767798 -0.753791 -0.117115 0.058600 -0.308027 0.196969 -0.357921 -0.691631 1.505531 1.877275 
1.767732 -0.753915 -0.117077 0.058446 -0.307936 0.196923 -0.357920 -0.691636 1.505569 1.877221 
1.767614 -0.753576 -0.117090 0.058518 -0.308192 0.197214 -0.357927 -0.691721 1.505767 1.877284 
1.767612 -0.753524 -0.117113 0.058455 -0.308236 0.197111 -0.357743 -0.691761 1.505762 1.877348 
1.767758 -0.753535 -0.117371 0.058261 -0.308322 0.197363 -0.357708 -0.691706 1.505569 1.877351 
1.767555 -0.753410 -0.117198 0.058415 -0.308254 0.197003 -0.357812 -0.691666 1.505746 1.877257 
1.767273 -0.753434 -0.117198 0.058610 -0.308476 0.197041 -0.357808 -0.691663 1.505498 1.877345 
1.767316 -0.753485 -0.117291 0.058866 -0.308773 0.197065 -0.357734 -0.691453 1.505643 1.877373 
1.767379 -0.753345 -0.117063 0.059004 -0.308908 0.197179 -0.357558 -0.691298 1.505527 1.877162 
1.767250 -0.753268 -0.117261 0.059284 -0.308729 0.197313 -0.357357 -0.691233 1.505560 1.877100 
1.767403 -0.753385 -0.117121 0.059041 -0.308973 0.197150 -0.357555 -0.691457 1.505532 1.877013 
1.767516 -0.753243 -0.116906 0.059069 -0.309273 0.197141 -0.357685 -0.691222 1.505474 1.877307 
1.767448 -0.753414 -0.116725 0.058966 -0.309618 0.197124 -0.357689 -0.691020 1.505491 1.877295 
1.767284 -0.753518 -0.116501 0.058872 -0.309942 0.197119 -0.357731 -0.690914 1.505340 1.877322 
1.767238 -0.753517 -0.116394 0.058726 -0.310259 0.197000 -0.357815 -0.690646 1.505364 1.877224 
1.767238 -0.753598 -0.116163 0.058686 -0.310445 0.196860 -0.357525 -0.690703 1.505461 1.877384 
1.767235 -0.753596 -0.116316 0.058857 -0.310188 0.196863 -0.357879 -0.690610 1.505350 1.877202 
1.767455 -0.753846 -0.116421 0.058841 -0.310262 0.196880 -0.357836 -0.690460 1.505058 1.877235 
1.767508 -0.754074 -0.116217 0.058902 -0.310368 0.197144 -0.358058 -0.690384 1.505103 1.877214 
1.767501 -0.754000 -0.116176 0.059025 -0.310377 0.197222 -0.357940 -0.690307 1.505066 1.877116 
1.767277 -0.754084 -0.116414 0.059274 -0.310560 0.197243 -0.357933 -0.690199 1.505098 1.877242 
1.767237 -0.754056 -0.116374 0.059229 -0.310450 0.197277 -0.357921 -0.690048 1.505100 1.877375 
1.767018 -0.754330 -0.116437 0.059158 -0.310462 0.197269 -0.357795 -0.690127 1.505065 1.876995 
1.766906 -0.754287 -0.116364 0.059152 -0.310494 0.197280 -0.357835 -0.690195 1.504890 1.877035 
1.766937 -0.754223 -0.116362 0.059360 -0.310643 0.197265 -0.357818 -0.689886 1.504694 1.876850 
1.767000 -0.754310 -0.116405 0.059705 -0.310504 0.197440 -0.357662 -0.689906 1.504516 1.876844 
1.766935 -0.754303 -0.116222 0.059421 -0.310676 0.197128 -0.357739 -0.689888 1.504724 1.876902 
1.766940 -0.754266 -0.116173 0.059276 -0.311011 0.197269 -0.357469 -0.689815 1.504728 1.876955 
1.766724 -0.754056 -0.115997 0.059341 -0.311227 0.197317 -0.357398 -0.689724 1.504924 1.876847 
1.766658 -0.753817 -0.116179 0.059295 -0.311211 0.197062 -0.357130 -0.689729 1.504860 1.876841 
1.766619 -0.754127 -0.116128 0.059410 -0.311311 0.197295 -0.357444 -0.689703 1.504955 1.876949 
1.766613 -0.754239 -0.116007 0.059290 -0.311700 0.197299 -0.357470 -0.689493 1.504934 1.876949 
1.766606 -0.754356 -0.115882 0.059195 -0.312095 0.197327 -0.357472 -0.689286 1.504910 1.876955 
1.766489 -0.754517 -0.115920 0.059378 -0.312411 0.197476 -0.357367 -0.689174 1.504910 1.877089 
1.766263 -0.754571 -0.115868 0.059498 -0.312743 0.197474 -0.357470 -0.688996 1.505032 1.877109 
1.766158 -0.754600 -0.116012 0.059470 -0.313095 0.197360 -0.357302 -0.688841 1.504973 1.877219 
1.766080 -0.754646 -0.115894 0.059536 -0.313469 0.197504 -0.357138 -0.688686 1.504988 1.877242 
1.765898 -0.754626 -0.115789 0.059557 -0.313845 0.197473 -0.357153 -0.688484 1.505084 1.877213 
1.765854 -0.754670 -0.115569 0.059655 -0.314140 0.197711 -0.357029 -0.688367 1.505132 1.877187 
1.765907 -0.754927 -0.115501 0.059576 -0.314452 0.197727 -0.357160 -0.688178 1.505053 1.877240 
1.765659 -0.754970 -0.115355 0.059461 -0.314679 0.197780 -0.357233 -0.688313 1.504871 1.877411 
1.765941 -0.754970 -0.115545 0.059608 -0.314549 0.197694 -0.357165 -0.688335 1.505066 1.877105 
1.765810 -0.755214 -0.115560 0.059435 -0.314543 0.197773 -0.357039 -0.688001 1.505299 1.877164 
1.765874 -0.755251 -0.115458 0.059467 -0.314553 0.197659 -0.356998 -0.688062 1.505401 1.877281 
1.766004 -0.755083 -0.115710 0.059472 -0.314827 0.197916 -0.357180 -0.687844 1.505392 1.877235 
1.766109 -0.755099 -0.115735 0.059702 -0.315072 0.197891 -0.357229 -0.687541 1.505280 1.877155 
1.766114 -0.754914 -0.115611 0.059864 -0.315199 0.198196 -0.357056 -0.687501 1.505404 1.877076 
1.766182 -0.754853 -0.115629 0.059745 -0.315253 0.198143 -0.356898 -0.687484 1.505328 1.877070 
1.766342 -0.754756 -0.115406 0.059530 -0.315326 0.198135 -0.357107 -0.687351 1.505373 1.876874 
1.766475 -0.754886 -0.115370 0.059523 -0.315292 0.198255 -0.357098 -0.687377 1.505293 1.876904 
1.766470 -0.754559 -0.115655 0.059481 -0.315575 0.198130 -0.357196 -0.687136 1.505424 1.876861 
1.766481 -0.754531 -0.115639 0.059643 -0.315750 0.197974 -0.357161 -0.686822 1.505275 1.876678 
1.766281 -0.754536 -0.115543 0.059544 -0.316107 0.198024 -0.357248 -0.686822 1.505119 1.876812 
1.766409 -0.754515 -0.115390 0.059610 -0.316407 0.197827 -0.357238 -0.686768 1.505252 1.877023 
1.766284 -0.754565 -0.115395 0.059456 -0.316782 0.197803 -0.357211 -0.686547 1.505329 1.877009 
1.766187 -0.754407 -0.115306 0.059362 -0.316857 0.197820 -0.357238 -0.686206 1.505256 1.877250 
1.766182 -0.754306 -0.115234 0.059441 -0.316901 0.197970 -0.357146 -0.686219 1.505311 1.877207 
1.766154 -0.754181 -0.115223 0.059439 -0.317355 0.197945 -0.357169 -0.686240 1.505271 1.877095 
1.766210 -0.754190 -0.115206 0.059591 -0.317610 0.197823 -0.357051 -0.685987 1.505316 1.876867 
1.766439 -0.754381 -0.115199 0.059641 -0.317900 0.197996 -0.357020 -0.685844 1.505212 1.876839 
1.766350 -0.754470 -0.115192 0.059883 -0.318097 0.198073 -0.357291 -0.685711 1.505365 1.876774 
1.766248 -0.754526 -0.115430 0.060087 -0.318331 0.198054 -0.357053 -0.685669 1.505324 1.876879 
1.766136 -0.754620 -0.115276 0.060128 -0.318335 0.198030 -0.357020 -0.685701 1.505223 1.876874 
1.766237 -0.754661 -0.115109 0.060083 -0.318679 0.197999 -0.356931 -0.685541 1.505271 1.876671 
1.766072 -0.754617 -0.114999 0.060200 -0.318924 0.197888 -0.357033 -0.685413 1.505495 1.876484 
1.765959 -0.754606 -0.115105 0.060117 -0.318995 0.198045 -0.357038 -0.685246 1.505287 1.876157 
1.766176 -0.754477 -0.114987 0.060305 -0.319203 0.197971 -0.357062 -0.685143 1.505078 1.876010 
1.766131 -0.754391 -0.114927 0.060278 -0.319192 0.198018 -0.357051 -0.684976 1.505060 1.876133 
1.766183 -0.754377 -0.114787 0.060439 -0.319118 0.198297 -0.356813 -0.684913 1.505227 1.875997 
1.766172 -0.754498 -0.114957 0.060314 -0.319084 0.197905 -0.357027 -0.684842 1.505074 1.876097 
1.766117 -0.754551 -0.114858 0.060047 -0.319521 0.198062 -0.357077 -0.684768 1.505045 1.876151 
1.766084 -0.754657 -0.114780 0.059779 -0.319846 0.198056 -0.357043 -0.684566 1.505027 1.876146 
1.766028 -0.754858 -0.114776 0.059847 -0.320054 0.198221 -0.357337 -0.684394 1.505054 1.876198 
1.765753 -0.754627 -0.114721 0.059786 -0.320268 0.198232 -0.357502 -0.684256 1.505029 1.876297 
1.766037 -0.754601 -0.114527 0.059874 -0.320496 0.198170 -0.357554 -0.684222 1.504960 1.876515 
1.765950 -0.754665 -0.114595 0.059979 -0.320562 0.198162 -0.357430 -0.684237 1.504880 1.876590 
1.765797 -0.754846 -0.114283 0.059924 -0.320476 0.198208 -0.357457 -0.684300 1.504620 1.876614 
1.766012 -0.754603 -0.114653 0.060000 -0.320575 0.198215 -0.357443 -0.684179 1.504709 1.876480 
1.766068 -0.754659 -0.114938 0.059859 -0.320699 0.198410 -0.357395 -0.684098 1.504689 1.876741 
1.766063 -0.754626 -0.114856 0.060011 -0.320868 0.198685 -0.357175 -0.683956 1.504856 1.876659 
1.766062 -0.754616 -0.114869 0.059986 -0.320981 0.198741 -0.357202 -0.684154 1.504857 1.876605 
1.766045 -0.754768 -0.115070 0.060118 -0.321187 0.198507 -0.357167 -0.683812 1.504909 1.876597 
1.766023 -0.754701 -0.115262 0.060498 -0.321197 0.198595 -0.357313 -0.683830 1.504947 1.876744 
1.765907 -0.754607 -0.115041 0.060073 -0.321265 0.198484 -0.357203 -0.683768 1.504891 1.876640 
1.765990 -0.754448 -0.115147 0.059992 -0.321375 0.198315 -0.356822 -0.683790 1.504870 1.876680 
1.766110 -0.754457 -0.115013 0.060024 -0.321472 0.198291 -0.356853 -0.683781 1.504807 1.876786 
1.765919 -0.754692 -0.114919 0.059898 -0.321698 0.198350 -0.356743 -0.683661 1.504609 1.876825 
1.765947 -0.754789 -0.114858 0.059622 -0.321998 0.198399 -0.356774 -0.683431 1.504621 1.876788 
1.765790 -0.754927 -0.114868 0.059673 -0.322326 0.198479 -0.356719 -0.683279 1.504452 1.876944 
1.765798 -0.755200 -0.114889 0.059668 -0.322593 0.198520 -0.356505 -0.683176 1.504290 1.877032 
1.765616 -0.755053 -0.114773 0.059517 -0.322767 0.198634 -0.356340 -0.683097 1.504108 1.877226 
1.765853 -0.755132 -0.114916 0.059703 -0.322593 0.198552 -0.356523 -0.683127 1.504123 1.876896 
1.765715 -0.755273 -0.114770 0.059898 -0.322798 0.198397 -0.356625 -0.683017 1.504075 1.876674 
1.765687 -0.755408 -0.114952 0.059785 -0.322835 0.198175 -0.356869 -0.683027 1.503838 1.876757 
1.765689 -0.755420 -0.114936 0.059811 -0.322719 0.198122 -0.356844 -0.682830 1.503837 1.876812 
1.765688 -0.755647 -0.114896 0.059865 -0.322821 0.198503 -0.357093 -0.682943 1.503755 1.876737 
1.765530 -0.755685 -0.115010 0.059807 -0.322769 0.198538 -0.357040 -0.682928 1.503779 1.876639 
1.765775 -0.755604 -0.115175 0.060057 -0.323087 0.198537 -0.357144 -0.682759 1.503820 1.876701 
1.765669 -0.755640 -0.115262 0.060437 -0.323003 0.198522 -0.357049 -0.682898 1.503655 1.876803 
1.765870 -0.755757 -0.115187 0.060023 -0.323129 0.198528 -0.356995 -0.682757 1.503778 1.876688 
1.766049 -0.755829 -0.115165 0.059912 -0.323300 0.198473 -0.357110 -0.682560 1.503781 1.876366 
1.766184 -0.755963 -0.115219 0.060114 -0.323440 0.198391 -0.357154 -0.682440 1.503632 1.876059 
1.766070 -0.755906 -0.115121 0.059976 -0.323755 0.198475 -0.357084 -0.682235 1.503436 1.876093 
1.765995 -0.756060 -0.115039 0.059852 -0.324120 0.198454 -0.357122 -0.682027 1.503522 1.876124 
1.766022 -0.756117 -0.115035 0.059646 -0.324469 0.198531 -0.357137 -0.681777 1.503484 1.876130 
1.765797 -0.756256 -0.114915 0.059910 -0.324698 0.198424 -0.357072 -0.681729 1.503367 1.876129 
1.765775 -0.756514 -0.114826 0.060032 -0.324871 0.198229 -0.357181 -0.681655 1.503552 1.875958 
1.765773 -0.756500 -0.114789 0.060212 -0.325023 0.198203 -0.357130 -0.681538 1.503227 1.875716 
1.765601 -0.756609 -0.114760 0.060208 -0.325371 0.198254 -0.357058 -0.681392 1.503170 1.875924 
1.765652 -0.756666 -0.114759 0.059991 -0.325709 0.198325 -0.357088 -0.681139 1.503145 1.875903 
1.765619 -0.756874 -0.114728 0.059961 -0.326084 0.198287 -0.357129 -0.680927 1.503199 1.875887 
1.765611 -0.756782 -0.114749 0.059965 -0.326304 0.198406 -0.357029 -0.680761 1.502842 1.875843 
1.765813 -0.756760 -0.114738 0.059897 -0.326375 0.198372 -0.357113 -0.680605 1.502728 1.875466 
1.765798 -0.756833 -0.114832 0.059888 -0.326356 0.198246 -0.357220 -0.680644 1.502608 1.875504 
1.765660 -0.756924 -0.114739 0.060275 -0.326440 0.198161 -0.357122 -0.680660 1.502481 1.875391 
1.765658 -0.756912 -0.114755 0.060249 -0.326556 0.198214 -0.357147 -0.680857 1.502482 1.875336 
1.765563 -0.757047 -0.114779 0.060282 -0.326789 0.198182 -0.357089 -0.680458 1.502306 1.875522 
1.765558 -0.757267 -0.114788 0.060304 -0.327130 0.198094 -0.357154 -0.680226 1.502256 1.875454 
1.765631 -0.757256 -0.114853 0.060310 -0.327351 0.198139 -0.357132 -0.680011 1.501920 1.875319 
1.765616 -0.757227 -0.114695 0.060341 -0.327624 0.198339 -0.356946 -0.679789 1.502010 1.875253 
1.765574 -0.757034 -0.114719 0.060264 -0.327827 0.198016 -0.356735 -0.679741 1.502026 1.875238 
1.765727 -0.756998 -0.114592 0.060312 -0.327866 0.197979 -0.356785 -0.679765 1.501999 1.875337 
1.765371 -0.757168 -0.114441 0.060080 -0.327957 0.197992 -0.356691 -0.679639 1.501842 1.875172 
1.765473 -0.756897 -0.114699 0.060296 -0.327854 0.198020 -0.356896 -0.679698 1.502045 1.875226 
1.765507 -0.756865 -0.114958 0.060496 -0.328135 0.198088 -0.356874 -0.679499 1.502100 1.875268 
1.765336 -0.756932 -0.114918 0.060500 -0.328482 0.198123 -0.356846 -0.679240 1.501985 1.875242 
1.765340 -0.757092 -0.115032 0.060565 -0.328810 0.198173 -0.356661 -0.679023 1.501919 1.875256 
1.765277 -0.757143 -0.114951 0.060736 -0.328889 0.198085 -0.356616 -0.678634 1.501886 1.875090 
1.765343 -0.757124 -0.115023 0.060413 -0.329072 0.198156 -0.356693 -0.678357 1.501930 1.875120 
1.765364 -0.757123 -0.115070 0.060185 -0.329430 0.198244 -0.356768 -0.678184 1.501943 1.875008 
1.765309 -0.757025 -0.115127 0.059964 -0.329655 0.198390 -0.356730 -0.677899 1.501857 1.875117 
1.765185 -0.757159 -0.115106 0.059813 -0.329884 0.198371 -0.356784 -0.677717 1.502113 1.875282 
1.765178 -0.757281 -0.115313 0.059673 -0.330012 0.198203 -0.356988 -0.677580 1.501884 1.875339 
1.765212 -0.757503 -0.115284 0.059721 -0.329963 0.198568 -0.357186 -0.677490 1.501836 1.875344 
1.765354 -0.757447 -0.115187 0.059796 -0.330038 0.198540 -0.357252 -0.677485 1.501818 1.875446 
1.765447 -0.757633 -0.114916 0.059531 -0.330093 0.198513 -0.357094 -0.677436 1.501676 1.875427 
1.765472 -0.757534 -0.115309 0.059846 -0.330076 0.198558 -0.357119 -0.677479 1.501840 1.875475 
1.765506 -0.757288 -0.115581 0.059911 -0.330152 0.198643 -0.357288 -0.677321 1.502018 1.875443 
1.765264 -0.757290 -0.115592 0.060211 -0.330422 0.198673 -0.357246 -0.677294 1.501909 1.875411 
1.765275 -0.757275 -0.115626 0.060132 -0.330535 0.198737 -0.357280 -0.677478 1.501913 1.875400 
1.765127 -0.757196 -0.115762 0.060156 -0.330423 0.198810 -0.357271 -0.677539 1.501872 1.875809 
1.765222 -0.757384 -0.115595 0.060118 -0.330594 0.198679 -0.357323 -0.677466 1.502090 1.875460 
1.765274 -0.757464 -0.115750 0.060381 -0.330449 0.198530 -0.357546 -0.677649 1.502111 1.875365 
1.765223 -0.757452 -0.115678 0.060029 -0.330661 0.198587 -0.357406 -0.677397 1.501969 1.875486 
1.765264 -0.757363 -0.115728 0.059886 -0.330971 0.198699 -0.357400 -0.677088 1.502012 1.875494 
1.765321 -0.757283 -0.115821 0.059781 -0.331289 0.198788 -0.357447 -0.676780 1.502060 1.875484 
1.765389 -0.757264 -0.115994 0.059696 -0.331594 0.198786 -0.357591 -0.676493 1.502044 1.875466 
1.765397 -0.757244 -0.116010 0.059642 -0.331897 0.198870 -0.357627 -0.676239 1.502307 1.875489 
1.765292 -0.757292 -0.115921 0.059638 -0.332262 0.198944 -0.357504 -0.676041 1.502152 1.875510 
1.765274 -0.757034 -0.115981 0.059536 -0.332430 0.198645 -0.357316 -0.676001 1.502203 1.875511 
1.765275 -0.757137 -0.116137 0.059529 -0.332413 0.198677 -0.357171 -0.676000 1.502232 1.875470 
1.764980 -0.756932 -0.115999 0.059296 -0.332480 0.198756 -0.357414 -0.675809 1.502202 1.875361 
1.765122 -0.756895 -0.115913 0.059007 -0.332667 0.198865 -0.357429 -0.675538 1.502172 1.875425 
1.765056 -0.756959 -0.115934 0.059282 -0.332531 0.198741 -0.357417 -0.675860 1.502216 1.875154 
1.764913 -0.756704 -0.116160 0.059382 -0.332744 0.198980 -0.357496 -0.675956 1.502194 1.875364 
1.764960 -0.756594 -0.116153 0.059496 -0.332666 0.199037 -0.357439 -0.675830 1.502171 1.875304 
1.764754 -0.756593 -0.116205 0.059727 -0.332856 0.198943 -0.357579 -0.675568 1.502220 1.875240 
1.764527 -0.756514 -0.115954 0.059794 -0.332921 0.199085 -0.357382 -0.675559 1.502443 1.875267 
1.764467 -0.756549 -0.115899 0.059816 -0.332975 0.199086 -0.357300 -0.675572 1.502240 1.875267 
1.764255 -0.756170 -0.116017 0.059810 -0.332863 0.199119 -0.357478 -0.675435 1.502430 1.875155 
1.764173 -0.756332 -0.115967 0.059915 -0.332758 0.199472 -0.357703 -0.675371 1.502399 1.875123 
1.764117 -0.756411 -0.116119 0.059861 -0.332752 0.199524 -0.357583 -0.675332 1.502426 1.875054 
1.764083 -0.756320 -0.116279 0.060187 -0.332884 0.199710 -0.357510 -0.675159 1.502524 1.875073 
1.764034 -0.756443 -0.116170 0.059978 -0.332693 0.199469 -0.357593 -0.675500 1.502446 1.875037 
1.764016 -0.756411 -0.116145 0.059586 -0.333084 0.199634 -0.357732 -0.675325 1.502458 1.875136 
1.764117 -0.756398 -0.116013 0.059487 -0.333272 0.199690 -0.357777 -0.675277 1.502490 1.874739 
1.764037 -0.756463 -0.115895 0.059198 -0.333363 0.199706 -0.357846 -0.674937 1.502524 1.874766 
1.764136 -0.756303 -0.115842 0.058863 -0.333396 0.199986 -0.357801 -0.674881 1.502490 1.874809 
1.764130 -0.756442 -0.115986 0.059167 -0.333302 0.199683 -0.357955 -0.674927 1.502681 1.874761 
1.764131 -0.756516 -0.116112 0.059186 -0.333443 0.199594 -0.358044 -0.674800 1.502207 1.874718 
1.764287 -0.756665 -0.116082 0.059202 -0.333506 0.199613 -0.357991 -0.674801 1.502222 1.874786 
1.763869 -0.756751 -0.116070 0.059141 -0.333635 0.199431 -0.358214 -0.674757 1.502311 1.874640 
1.764129 -0.756607 -0.116053 0.059231 -0.333336 0.199725 -0.358128 -0.674784 1.502180 1.874621 
1.764264 -0.756454 -0.115985 0.059210 -0.333435 0.199391 -0.357906 -0.674619 1.502234 1.874392 
1.764211 -0.756499 -0.116143 0.059234 -0.333458 0.199473 -0.357793 -0.674550 1.502276 1.874340 
1.764218 -0.756336 -0.116076 0.059524 -0.333653 0.199581 -0.357905 -0.674326 1.502344 1.874419 
1.764173 -0.756390 -0.116078 0.059603 -0.333512 0.199485 -0.357875 -0.674238 1.502341 1.874521 
1.764203 -0.756172 -0.116065 0.059395 -0.333834 0.199770 -0.357927 -0.673972 1.502327 1.874408 
1.764188 -0.756007 -0.116054 0.059266 -0.334014 0.199958 -0.357949 -0.673618 1.502311 1.874397 
1.764185 -0.755821 -0.116053 0.059179 -0.334242 0.200161 -0.357985 -0.673301 1.502299 1.874354 
1.764147 -0.755674 -0.116039 0.059106 -0.334362 0.200307 -0.357997 -0.672887 1.502284 1.874399 
1.764124 -0.755497 -0.116035 0.059086 -0.334545 0.200476 -0.358029 -0.672509 1.502276 1.874408 
1.764180 -0.755320 -0.116053 0.058965 -0.334862 0.200705 -0.358084 -0.672473 1.502268 1.874229 
1.764438 -0.755521 -0.115971 0.058901 -0.335075 0.200827 -0.358009 -0.672273 1.502301 1.874346 
1.764608 -0.755451 -0.116143 0.058800 -0.334996 0.200817 -0.358234 -0.672166 1.502611 1.874334 
1.764729 -0.755332 -0.116147 0.058823 -0.334897 0.200905 -0.358137 -0.672198 1.502584 1.874375 
1.764590 -0.755224 -0.115930 0.058719 -0.334961 0.201084 -0.358015 -0.672072 1.502871 1.874398 
1.764725 -0.755026 -0.115623 0.058592 -0.335008 0.200991 -0.358158 -0.671891 1.502797 1.874359 
1.764585 -0.755136 -0.115985 0.058670 -0.335064 0.200967 -0.357957 -0.672110 1.502891 1.874528 
1.764449 -0.755262 -0.116073 0.058659 -0.334993 0.201412 -0.358147 -0.672079 1.502841 1.874655 
1.764423 -0.755293 -0.116128 0.058464 -0.334926 0.201402 -0.358075 -0.672033 1.502785 1.874613 
1.764430 -0.755241 -0.116235 0.059000 -0.335169 0.201538 -0.358050 -0.671991 1.503014 1.874617 
1.764475 -0.755205 -0.116248 0.058933 -0.335290 0.201611 -0.358071 -0.672126 1.503012 1.874502 
1.764539 -0.755405 -0.116106 0.059018 -0.335232 0.201633 -0.358076 -0.672401 1.503255 1.874670 
1.764491 -0.755125 -0.116346 0.058901 -0.335204 0.201577 -0.358192 -0.672125 1.503146 1.874469 
1.764128 -0.755000 -0.116187 0.059072 -0.335191 0.201602 -0.358067 -0.672310 1.502930 1.874449 
1.764519 -0.755133 -0.116135 0.058951 -0.335333 0.201635 -0.358234 -0.672105 1.502957 1.874586 
1.764653 -0.754970 -0.116052 0.059081 -0.335551 0.201678 -0.358211 -0.671786 1.503032 1.874473 
1.764680 -0.754865 -0.116022 0.058860 -0.335670 0.201899 -0.358245 -0.671456 1.502990 1.874517 
1.764702 -0.754770 -0.115973 0.058634 -0.335770 0.202130 -0.358281 -0.671126 1.502952 1.874543 
1.764737 -0.754658 -0.115939 0.058431 -0.335900 0.202346 -0.358313 -0.670787 1.502917 1.874577 
1.764861 -0.754533 -0.115973 0.058462 -0.335824 0.202407 -0.358215 -0.670830 1.502880 1.874642 
1.765051 -0.754350 -0.115938 0.058765 -0.335985 0.202327 -0.358123 -0.670702 1.502970 1.874542 
1.765001 -0.754300 -0.116030 0.058732 -0.336116 0.202258 -0.358096 -0.670727 1.502999 1.874686 
1.765318 -0.754123 -0.116025 0.058753 -0.335958 0.202534 -0.358051 -0.670541 1.502810 1.874628 
1.765403 -0.754033 -0.115774 0.058697 -0.335936 0.202713 -0.357904 -0.670558 1.503097 1.874771 
1.765495 -0.753866 -0.115605 0.058450 -0.335890 0.202419 -0.357802 -0.670527 1.503015 1.874695 
1.765358 -0.754096 -0.115672 0.058739 -0.336014 0.202745 -0.357784 -0.670574 1.502958 1.874799 
1.765088 -0.753720 -0.115774 0.058800 -0.335863 0.202854 -0.357899 -0.670563 1.503083 1.874702 
1.765446 -0.754000 -0.115790 0.058629 -0.336056 0.202785 -0.357920 -0.670693 1.503097 1.874654 
1.765357 -0.754131 -0.116006 0.058640 -0.335895 0.202774 -0.357563 -0.670453 1.503219 1.874622 
1.765408 -0.754108 -0.116048 0.058716 -0.335786 0.202733 -0.357495 -0.670624 1.503202 1.874663 
1.765397 -0.754223 -0.116044 0.058764 -0.336057 0.203070 -0.357705 -0.670210 1.503341 1.874680 
1.765481 -0.754092 -0.115902 0.058598 -0.336193 0.203090 -0.357723 -0.669836 1.503402 1.874615 
1.765454 -0.754090 -0.115836 0.058243 -0.336186 0.203272 -0.357801 -0.669585 1.503380 1.874683 
1.765513 -0.754158 -0.115805 0.058632 -0.336065 0.203144 -0.357755 -0.669823 1.503384 1.874464 
1.765455 -0.754164 -0.115653 0.058795 -0.336280 0.202948 -0.357760 -0.669694 1.503631 1.874313 
1.765663 -0.754318 -0.115823 0.058585 -0.336101 0.203062 -0.357769 -0.669819 1.503373 1.874488 
1.765557 -0.754047 -0.116022 0.058765 -0.336131 0.203066 -0.357847 -0.669637 1.503103 1.874299 
1.765563 -0.754093 -0.115909 0.058600 -0.335975 0.203106 -0.357867 -0.669828 1.503518 1.874442 
1.765842 -0.753935 -0.115721 0.058782 -0.336039 0.203242 -0.357574 -0.669786 1.503419 1.874538 
1.765466 -0.754198 -0.115795 0.058707 -0.335939 0.203072 -0.357739 -0.669703 1.503381 1.874585 
1.765494 -0.754317 -0.115943 0.058902 -0.336154 0.203436 -0.357874 -0.669860 1.503465 1.874538 
1.765479 -0.754191 -0.115920 0.058623 -0.336024 0.203140 -0.357572 -0.669833 1.503424 1.874382 
1.765511 -0.754154 -0.115805 0.058691 -0.336047 0.203090 -0.357757 -0.669911 1.503365 1.874466 
1.765502 -0.754111 -0.115756 0.058483 -0.336092 0.203243 -0.357782 -0.669677 1.503378 1.874464 
1.765510 -0.754192 -0.115833 0.058675 -0.336085 0.203211 -0.357777 -0.669813 1.503404 1.874478 
1.765474 -0.754213 -0.115838 0.058664 -0.336092 0.203198 -0.357795 -0.669814 1.503406 1.874468 
1.765514 -0.754181 -0.115801 0.058710 -0.336130 0.203182 -0.357768 -0.669777 1.503456 1.874451 
1.765509 -0.754192 -0.115779 0.058697 -0.336123 0.203191 -0.357758 -0.669796 1.503485 1.874467 
1.765505 -0.754194 -0.115849 0.058698 -0.336118 0.203191 -0.357695 -0.669761 1.503473 1.874417 
1.765539 -0.754191 -0.115804 0.058692 -0.336156 0.203186 -0.357773 -0.669797 1.503455 1.874432 
1.765557 -0.754243 -0.115804 0.058703 -0.336118 0.203148 -0.357769 -0.669735 1.503453 1.874485 
1.765546 -0.754256 -0.115782 0.058710 -0.336136 0.203156 -0.357746 -0.669734 1.503425 1.874490 
1.765546 -0.754231 -0.115759 0.058663 -0.336147 0.203199 -0.357752 -0.669668 1.503412 1.874495 
1.765545 -0.754207 -0.115735 0.058619 -0.336158 0.203243 -0.357756 -0.669600 1.503397 1.874502 
1.765540 -0.754190 -0.115700 0.058585 -0.336178 0.203287 -0.357747 -0.669538 1.503366 1.874511 
1.765547 -0.754203 -0.115680 0.058593 -0.336151 0.203297 -0.357754 -0.669536 1.503363 1.874480 
1.765583 -0.754200 -0.115709 0.058558 -0.336118 0.203288 -0.357796 -0.669492 1.503405 1.874487 
1.765546 -0.754221 -0.115695 0.058615 -0.336161 0.203330 -0.357765 -0.669532 1.503373 1.874487 
1.765574 -0.754296 -0.115693 0.058647 -0.336168 0.203324 -0.357753 -0.669505 1.503354 1.874523 
1.765608 -0.754273 -0.115690 0.058662 -0.336160 0.203336 -0.357737 -0.669509 1.503353 1.874533 
1.765547 -0.754314 -0.115694 0.058663 -0.336195 0.203403 -0.357773 -0.669468 1.503351 1.874525 
1.765532 -0.754339 -0.115633 0.058670 -0.336177 0.203427 -0.357762 -0.669451 1.503307 1.874478 
1.765538 -0.754332 -0.115610 0.058676 -0.336182 0.203421 -0.357800 -0.669459 1.503299 1.874494 
1.765556 -0.754363 -0.115650 0.058646 -0.336139 0.203447 -0.357801 -0.669393 1.503340 1.874463 
1.765534 -0.754334 -0.115617 0.058687 -0.336199 0.203412 -0.357758 -0.669434 1.503333 1.874464 
1.765513 -0.754328 -0.115602 0.058668 -0.336262 0.203413 -0.357734 -0.669373 1.503329 1.874490 
1.765512 -0.754328 -0.115616 0.058710 -0.336173 0.203404 -0.357753 -0.669418 1.503334 1.874484 
1.765563 -0.754412 -0.115629 0.058733 -0.336221 0.203404 -0.357752 -0.669440 1.503331 1.874477 
1.765539 -0.754321 -0.115641 0.058702 -0.336206 0.203401 -0.357769 -0.669420 1.503306 1.874446 
1.765504 -0.754284 -0.115647 0.058715 -0.336224 0.203435 -0.357786 -0.669444 1.503346 1.874390 
1.765573 -0.754301 -0.115628 0.058712 -0.336203 0.203421 -0.357754 -0.669420 1.503312 1.874450 
1.765520 -0.754287 -0.115687 0.058738 -0.336197 0.203423 -0.357768 -0.669386 1.503249 1.874459 
1.765530 -0.754236 -0.115694 0.058723 -0.336172 0.203359 -0.357750 -0.669371 1.503225 1.874424 
1.765527 -0.754321 -0.115696 0.058748 -0.336209 0.203396 -0.357775 -0.669389 1.503245 1.874446 
1.765527 -0.754235 -0.115690 0.058774 -0.336181 0.203490 -0.357740 -0.669379 1.503250 1.874477 
1.765510 -0.754214 -0.115673 0.058732 -0.336244 0.203504 -0.357725 -0.669330 1.503246 1.874495 
1.765526 -0.754216 -0.115686 0.058701 -0.336220 0.203530 -0.357763 -0.669259 1.503273 1.874485 
1.765531 -0.754179 -0.115648 0.058693 -0.336236 0.203538 -0.357835 -0.669233 1.503261 1.874512 
1.765524 -0.754178 -0.115629 0.058625 -0.336231 0.203589 -0.357849 -0.669205 1.503225 1.874504 
1.765536 -0.754148 -0.115682 0.058573 -0.336248 0.203596 -0.357870 -0.669203 1.503249 1.874550 
1.765550 -0.754162 -0.115674 0.058572 -0.336231 0.203586 -0.357857 -0.669191 1.503237 1.874584 
1.765470 -0.754124 -0.115664 0.058560 -0.336256 0.203612 -0.357892 -0.669171 1.503296 1.874525 
1.765514 -0.754154 -0.115709 0.058588 -0.336250 0.203596 -0.357879 -0.669190 1.503223 1.874553 
1.765537 -0.754155 -0.115745 0.058609 -0.336302 0.203617 -0.357907 -0.669153 1.503188 1.874518 
1.765533 -0.754184 -0.115743 0.058620 -0.336309 0.203646 -0.357918 -0.669165 1.503201 1.874533 
1.765539 -0.754108 -0.115772 0.058636 -0.336244 0.203658 -0.357927 -0.669167 1.503168 1.874506 
1.765546 -0.754178 -0.115754 0.058600 -0.336280 0.203601 -0.357933 -0.669146 1.503198 1.874504 
1.765495 -0.754153 -0.115752 0.058588 -0.336329 0.203592 -0.357937 -0.669203 1.503134 1.874511 
1.765532 -0.754169 -0.115751 0.058579 -0.336294 0.203638 -0.357886 -0.669149 1.503176 1.874503 
1.765510 -0.754178 -0.115818 0.058609 -0.336303 0.203615 -0.357839 -0.669162 1.503200 1.874484 
1.765491 -0.754166 -0.115747 0.058578 -0.336285 0.203639 -0.357891 -0.669126 1.503183 1.874511 
1.765485 -0.754128 -0.115727 0.058565 -0.336330 0.203664 -0.357913 -0.669073 1.503193 1.874468 
1.765492 -0.754117 -0.115719 0.058563 -0.336345 0.203665 -0.357912 -0.668994 1.503144 1.874497 
1.765497 -0.754071 -0.115725 0.058506 -0.336357 0.203669 -0.357919 -0.668951 1.503155 1.874546 
1.765496 -0.754115 -0.115674 0.058555 -0.336328 0.203667 -0.357917 -0.669000 1.503139 1.874501 
1.765473 -0.754126 -0.115775 0.058605 -0.336376 0.203656 -0.357885 -0.668950 1.503131 1.874469 
1.765508 -0.754117 -0.115707 0.058575 -0.336327 0.203670 -0.357888 -0.668976 1.503171 1.874497 
1.765471 -0.754120 -0.115646 0.058579 -0.336342 0.203658 -0.357914 -0.668973 1.503091 1.874473 
1.765490 -0.754149 -0.115706 0.058554 -0.336374 0.203656 -0.357906 -0.668991 1.503157 1.874508 
1.765498 -0.754134 -0.115729 0.058595 -0.336341 0.203746 -0.357951 -0.668988 1.503140 1.874518 
