Start Optimization 
17.718098 -0.496147 -0.171329 -0.143310 -0.236083 0.243617 -0.891205 0.081778 0.295772 -0.135604 
18.718098 -0.496147 -0.171329 -0.143310 -0.236083 0.243617 -0.891205 0.081778 0.295772 -0.135604 
17.718098 0.503853 -0.171329 -0.143310 -0.236083 0.243617 -0.891205 0.081778 0.295772 -0.135604 
17.718098 -0.496147 0.828671 -0.143310 -0.236083 0.243617 -0.891205 0.081778 0.295772 -0.135604 
17.718098 -0.496147 -0.171329 0.856690 -0.236083 0.243617 -0.891205 0.081778 0.295772 -0.135604 
17.718098 -0.496147 -0.171329 -0.143310 0.763917 0.243617 -0.891205 0.081778 0.295772 -0.135604 
17.718098 -0.496147 -0.171329 -0.143310 -0.236083 1.243617 -0.891205 0.081778 0.295772 -0.135604 
17.718098 -0.496147 -0.171329 -0.143310 -0.236083 0.243617 0.108795 0.081778 0.295772 -0.135604 
17.718098 -0.496147 -0.171329 -0.143310 -0.236083 0.243617 0.108795 1.081778 0.295772 -0.135604 
17.718098 -0.496147 -0.171329 -0.143310 -0.236083 0.243617 0.108795 0.081778 1.295772 -0.135604 
17.718098 -0.496147 -0.171329 -0.143310 -0.236083 0.243617 0.108795 0.081778 0.295772 0.864396 
17.717582 -0.706242 -0.377775 -1.098776 -0.239787 0.232432 0.114095 0.072030 0.288008 0.866106 
17.717918 -0.569299 -0.243210 0.346019 -0.237373 0.239723 0.110640 0.078384 0.293069 0.864992 
17.468099 -0.495533 -0.171329 -0.143310 -0.236083 0.243617 0.108795 0.081778 0.295772 0.864396 
17.469302 0.003331 -0.192016 -0.116805 -0.236454 0.242496 0.109326 0.080801 0.294994 0.864567 
17.468099 -0.495533 -0.166844 -0.143310 -0.486043 0.243617 0.108795 0.081778 0.295772 0.864396 
17.468094 -0.487946 0.332286 -0.115717 -0.479171 0.242450 0.109348 0.080761 0.294962 0.864574 
17.468098 -0.496001 -0.167303 -0.145437 -0.486051 -0.006373 0.108795 0.081778 0.295772 0.864396 
17.467711 -0.576633 -0.417634 -0.567436 -0.507224 0.251741 0.113220 0.073639 0.289289 0.865824 
17.468098 -0.495974 -0.167277 -0.140361 -0.486051 0.243594 0.358777 0.081778 0.295772 0.864396 
17.467749 -0.588344 -0.368552 0.307601 -0.500436 0.242845 0.353125 0.076521 0.291585 0.865318 
17.468151 -0.474231 -0.168179 -0.139206 -0.486067 0.243545 0.358800 -0.167270 0.295772 0.864396 
17.469336 0.020755 -0.221896 -0.123466 -0.489781 0.243227 0.359431 -0.124391 0.294703 0.864631 
17.468150 -0.474713 -0.168436 -0.141758 -0.486071 0.243568 0.358829 -0.167323 0.045786 0.864396 
17.467727 -0.581427 -0.377289 -0.579786 -0.504055 0.251209 0.363636 -0.181029 0.304423 0.865615 
17.468151 -0.474212 -0.166884 -0.139135 -0.486043 0.243542 0.358801 -0.167273 0.295770 1.114393 
17.468040 -0.480374 0.330936 -0.110605 -0.485654 0.244393 0.359431 -0.171350 0.297216 0.861506 
17.467958 -0.528551 -0.266543 0.083942 -0.493105 0.243162 0.355972 -0.171775 0.295081 0.864662 
17.468108 -0.479702 -0.045512 -0.115858 -0.486461 0.243738 0.358762 -0.168652 0.296098 0.863664 
17.405652 -0.473977 -0.168190 -0.139203 -0.486067 0.243544 0.358800 -0.167262 0.295772 0.864396 
17.468660 -0.350490 -0.167757 -0.125093 -0.487506 0.243531 0.358872 -0.156720 0.295766 0.864330 
17.468151 -0.474230 -0.168288 -0.139147 -0.486069 0.306045 0.358805 -0.167282 0.295777 0.864397 
17.468165 -0.476023 -0.164016 -0.263517 -0.497076 0.243417 0.360419 -0.170442 0.299943 0.864024 
17.468146 -0.475569 -0.169483 -0.133720 -0.548297 0.243535 0.358729 -0.167353 0.295721 0.864407 
17.468076 -0.502874 -0.210698 -0.025904 -0.474428 0.243108 0.357491 -0.171557 0.297665 0.864192 
17.468151 -0.474359 -0.168319 -0.138396 -0.486061 0.243539 0.421294 -0.167272 0.295771 0.864396 
17.468076 -0.503002 -0.210838 -0.025095 -0.474423 0.243102 0.419907 -0.171558 0.297665 0.864192 
17.489015 -0.485538 -0.125713 -0.128078 -0.464768 0.222688 0.400311 -0.173598 0.300870 0.858942 
17.425497 -0.462351 -0.082733 -0.115494 -0.528991 0.286280 0.464004 -0.156535 0.285732 0.874495 
17.469506 -0.486207 -0.159233 -0.198615 -0.489768 0.241949 0.420961 -0.171722 0.300047 0.863583 
17.466866 -0.467173 -0.168446 -0.137607 -0.487420 0.244841 0.422608 -0.197556 0.295429 0.864723 
17.475674 -0.415227 -0.166493 -0.134519 -0.479705 0.236211 0.414143 -0.153837 0.298053 0.862479 
17.463013 -0.473535 -0.161818 -0.135590 -0.491161 0.248685 0.426416 -0.166450 0.324379 0.865647 
17.443975 -0.467051 -0.121492 -0.122986 -0.510172 0.267773 0.445455 -0.160765 0.300380 0.870151 
17.461075 -0.473630 -0.162109 -0.135183 -0.493071 0.250622 0.428349 -0.166460 0.324381 0.834641 
17.459489 -0.479811 -0.179192 -0.075655 -0.488824 0.251921 0.429307 -0.164109 0.326313 0.835066 
17.464740 -0.443986 -0.160725 -0.134217 -0.490089 0.247059 0.424879 -0.159773 0.325845 0.833638 
17.460231 -0.444084 -0.160798 -0.133824 -0.494582 0.233525 0.429382 -0.159780 0.325844 0.833637 
17.464308 -0.442582 -0.152274 -0.163291 -0.493168 0.248287 0.426060 -0.156448 0.331623 0.832716 
17.458362 -0.443713 -0.160514 -0.135130 -0.477374 0.247060 0.431270 -0.159756 0.325855 0.833637 
17.464577 -0.444357 -0.168915 -0.104772 -0.489589 0.248450 0.424989 -0.155475 0.330494 0.833352 
17.475789 -0.444066 -0.160786 -0.133956 -0.490077 0.247058 0.435925 -0.159775 0.325845 0.833639 
17.475286 -0.444435 -0.168975 -0.104516 -0.489578 0.248449 0.435695 -0.155476 0.330494 0.833353 
17.470585 -0.441296 -0.171301 -0.137065 -0.495434 0.252262 0.441171 -0.158213 0.324590 0.834995 
17.479869 -0.444817 -0.144722 -0.158852 -0.490153 0.244415 0.432528 -0.157238 0.333087 0.831629 
17.480532 -0.445714 -0.170761 -0.137345 -0.485362 0.242304 0.431187 -0.161117 0.331975 0.832515 
17.476893 -0.443807 -0.139340 -0.155944 -0.492964 0.247346 0.435476 -0.156527 0.329171 0.832371 
17.476341 -0.443936 -0.150063 -0.144950 -0.491521 0.247202 0.435700 -0.158151 0.327508 0.833005 
17.476082 -0.445930 -0.161075 -0.133171 -0.489675 0.246752 0.435598 -0.152265 0.325912 0.833572 
17.476323 -0.446478 -0.155788 -0.118879 -0.489524 0.247247 0.435053 -0.149557 0.327759 0.833078 
17.475792 -0.445984 -0.161386 -0.133174 -0.489960 0.247042 0.435887 -0.152297 0.324860 0.825859 
17.479163 -0.446418 -0.161167 -0.131951 -0.486959 0.244005 0.432484 -0.151117 0.311610 0.835130 
17.476717 -0.441063 -0.160832 -0.133070 -0.487389 0.243213 0.439822 -0.151169 0.326153 0.833408 
17.474872 -0.457447 -0.160690 -0.132866 -0.487726 0.243058 0.444927 -0.154397 0.325119 0.833952 
17.470955 -0.457576 -0.160484 -0.133490 -0.481856 0.246089 0.443917 -0.153882 0.325365 0.834455 
17.474513 -0.455458 -0.158245 -0.127662 -0.483332 0.239128 0.451489 -0.160850 0.320170 0.826012 
17.479906 -0.455397 -0.158448 -0.127770 -0.481846 0.244011 0.453904 -0.160818 0.320145 0.826040 
17.467887 -0.455362 -0.164720 -0.124699 -0.489469 0.244129 0.458960 -0.157942 0.315428 0.825760 
17.474538 -0.457286 -0.151652 -0.130256 -0.484173 0.238891 0.452574 -0.159161 0.319553 0.824486 
17.477048 -0.461954 -0.150476 -0.131147 -0.482267 0.235560 0.452088 -0.157511 0.320967 0.821157 
17.476301 -0.461584 -0.150322 -0.131195 -0.482783 0.235983 0.453275 -0.158274 0.324339 0.820304 
17.476751 -0.464027 -0.146756 -0.132937 -0.483871 0.236366 0.451966 -0.164252 0.324715 0.820743 
17.476326 -0.460755 -0.151521 -0.134504 -0.482412 0.235224 0.454260 -0.158742 0.323891 0.820028 
17.477106 -0.460284 -0.146961 -0.125962 -0.481930 0.234683 0.453812 -0.155105 0.326069 0.822374 
17.477520 -0.457751 -0.145539 -0.123485 -0.483118 0.236598 0.449810 -0.153007 0.326438 0.817829 
17.479045 -0.457699 -0.146024 -0.123060 -0.486330 0.235456 0.450667 -0.153038 0.326092 0.817638 
17.474538 -0.461661 -0.145385 -0.119488 -0.484121 0.239122 0.452068 -0.150218 0.325851 0.817320 
17.471756 -0.461590 -0.148400 -0.115267 -0.483323 0.234939 0.450261 -0.152342 0.326240 0.816759 
17.472998 -0.462258 -0.145128 -0.120744 -0.485515 0.238410 0.450168 -0.148787 0.326767 0.818715 
17.476904 -0.463886 -0.148017 -0.119019 -0.485048 0.241491 0.448070 -0.147505 0.329606 0.821539 
17.477099 -0.465236 -0.145933 -0.118356 -0.485710 0.242061 0.446923 -0.150002 0.329514 0.822080 
17.477879 -0.465114 -0.140373 -0.117073 -0.486037 0.243311 0.447925 -0.145837 0.331283 0.824247 
17.476168 -0.465517 -0.140350 -0.118663 -0.487719 0.245656 0.449823 -0.147157 0.337302 0.821899 
17.477419 -0.467910 -0.139896 -0.119303 -0.486781 0.244026 0.449516 -0.146424 0.337816 0.820191 
17.477086 -0.471713 -0.139231 -0.122304 -0.488682 0.248704 0.448159 -0.144142 0.336525 0.818515 
17.477486 -0.469280 -0.140160 -0.120913 -0.486356 0.243775 0.451762 -0.147035 0.337565 0.822425 
17.474578 -0.473440 -0.140330 -0.117604 -0.486279 0.241535 0.451589 -0.146419 0.341630 0.823951 
17.477926 -0.475795 -0.141239 -0.113266 -0.483831 0.243898 0.454057 -0.147249 0.344108 0.823581 
17.480670 -0.476712 -0.141987 -0.111725 -0.490248 0.241704 0.455939 -0.146915 0.344356 0.823426 
17.479662 -0.475521 -0.142273 -0.114224 -0.483895 0.244073 0.451912 -0.147020 0.345688 0.825312 
17.479873 -0.477776 -0.140284 -0.114059 -0.481652 0.241863 0.451183 -0.147858 0.351943 0.826595 
17.478765 -0.483490 -0.140900 -0.114635 -0.482223 0.245569 0.449195 -0.145490 0.353540 0.827115 
17.477962 -0.483430 -0.144625 -0.115048 -0.480609 0.245035 0.450925 -0.139743 0.356258 0.826932 
17.476530 -0.486665 -0.150504 -0.115375 -0.479668 0.244359 0.449492 -0.142281 0.357840 0.825702 
17.479452 -0.484984 -0.144311 -0.114941 -0.479350 0.243053 0.450037 -0.138758 0.354500 0.826549 
17.476412 -0.485066 -0.144803 -0.111679 -0.479975 0.246931 0.449778 -0.136725 0.357920 0.832166 
17.477974 -0.487703 -0.144859 -0.116031 -0.478837 0.248779 0.453694 -0.136397 0.358596 0.835642 
17.478730 -0.485072 -0.145172 -0.109837 -0.478837 0.248672 0.450587 -0.137149 0.358358 0.831165 
17.474224 -0.485367 -0.143303 -0.113387 -0.481480 0.247704 0.445512 -0.132678 0.361212 0.830520 
17.473165 -0.483695 -0.141607 -0.112581 -0.479739 0.242979 0.445569 -0.133062 0.366365 0.831760 
17.476145 -0.485691 -0.144035 -0.113029 -0.484481 0.246752 0.445584 -0.132438 0.361917 0.831095 
17.472609 -0.489346 -0.142429 -0.110621 -0.487065 0.246012 0.448983 -0.130910 0.361915 0.828712 
17.472403 -0.487755 -0.144470 -0.110737 -0.486625 0.245465 0.450338 -0.128476 0.361668 0.828271 
17.469341 -0.488816 -0.142150 -0.110043 -0.491905 0.246186 0.444721 -0.129916 0.360449 0.830928 
17.473486 -0.487894 -0.139526 -0.110895 -0.487464 0.246415 0.450017 -0.129731 0.361125 0.829401 
17.472138 -0.493974 -0.144576 -0.115389 -0.487361 0.246934 0.449774 -0.130480 0.364474 0.830649 
17.473409 -0.491007 -0.142160 -0.110474 -0.485972 0.243832 0.448090 -0.129786 0.360080 0.829341 
17.474564 -0.489476 -0.142604 -0.108196 -0.487193 0.246835 0.445353 -0.129954 0.363791 0.822968 
17.472199 -0.488517 -0.142447 -0.112493 -0.487940 0.244297 0.449223 -0.132493 0.360831 0.826852 
17.473064 -0.489718 -0.142908 -0.110640 -0.487342 0.247146 0.449208 -0.131031 0.360593 0.828456 
17.473023 -0.489260 -0.144096 -0.107744 -0.487194 0.246686 0.449912 -0.133022 0.360483 0.829192 
17.471710 -0.489645 -0.142504 -0.110574 -0.486108 0.247529 0.448975 -0.131252 0.360749 0.828363 
17.473183 -0.489337 -0.143662 -0.111392 -0.486987 0.248214 0.448544 -0.130056 0.357443 0.827280 
17.473502 -0.489852 -0.142792 -0.110082 -0.487320 0.247398 0.448302 -0.130684 0.361377 0.827167 
17.473950 -0.490021 -0.142745 -0.110218 -0.486779 0.247415 0.448856 -0.130832 0.361404 0.826882 
17.473856 -0.491144 -0.143369 -0.111240 -0.486874 0.248050 0.448749 -0.130578 0.362188 0.826971 
17.474148 -0.491281 -0.142195 -0.111872 -0.487136 0.248969 0.448996 -0.129834 0.362796 0.827156 
17.473457 -0.491601 -0.143250 -0.110948 -0.487195 0.247952 0.449201 -0.130382 0.362039 0.826640 
17.473925 -0.491852 -0.144804 -0.110645 -0.486707 0.248406 0.448684 -0.131330 0.362604 0.827002 
17.473607 -0.491965 -0.145358 -0.111514 -0.487053 0.247866 0.448547 -0.132471 0.362975 0.826125 
17.473790 -0.492544 -0.144933 -0.111472 -0.487022 0.247781 0.448163 -0.132840 0.362683 0.826280 
17.473621 -0.492574 -0.146306 -0.111517 -0.486358 0.246761 0.448279 -0.131697 0.363361 0.826267 
17.474279 -0.491985 -0.145587 -0.111577 -0.487647 0.247720 0.448634 -0.132323 0.362772 0.826124 
17.473385 -0.492033 -0.146126 -0.111873 -0.486637 0.248742 0.448172 -0.132198 0.361767 0.825470 
17.473367 -0.491961 -0.145536 -0.111809 -0.487050 0.247719 0.448970 -0.132678 0.362597 0.826750 
17.473796 -0.492299 -0.145564 -0.111121 -0.487209 0.248867 0.448732 -0.132755 0.364498 0.826034 
17.473794 -0.492606 -0.146347 -0.111080 -0.486960 0.250396 0.448450 -0.132681 0.364646 0.825260 
17.474242 -0.492762 -0.146270 -0.111207 -0.486368 0.250278 0.448972 -0.132718 0.364651 0.825000 
17.473725 -0.493174 -0.147016 -0.110676 -0.486726 0.249767 0.447982 -0.132122 0.366015 0.825404 
17.473794 -0.492941 -0.147474 -0.109299 -0.486653 0.249403 0.447820 -0.132532 0.367154 0.825268 
17.474122 -0.492699 -0.147098 -0.110984 -0.486409 0.249856 0.447532 -0.132298 0.366153 0.825734 
17.473540 -0.493596 -0.146494 -0.111447 -0.487011 0.249827 0.447852 -0.131265 0.367391 0.825326 
17.473536 -0.493229 -0.147315 -0.111146 -0.486897 0.249479 0.447971 -0.132715 0.366148 0.825054 
17.473413 -0.493811 -0.147913 -0.110806 -0.486589 0.250001 0.448633 -0.132207 0.366172 0.826805 
17.473260 -0.493471 -0.146593 -0.110601 -0.486210 0.249843 0.447700 -0.132446 0.366026 0.825489 
17.474875 -0.494399 -0.146893 -0.110496 -0.487334 0.249690 0.447339 -0.132424 0.365823 0.825572 
17.473549 -0.493192 -0.148050 -0.110688 -0.486369 0.248981 0.447464 -0.130935 0.365535 0.825152 
17.473392 -0.492948 -0.147174 -0.110574 -0.487303 0.250318 0.447652 -0.132112 0.365940 0.825466 
17.473295 -0.492841 -0.147011 -0.110558 -0.487490 0.250004 0.447604 -0.132124 0.365898 0.825696 
17.473616 -0.492521 -0.147135 -0.110536 -0.487644 0.250811 0.448248 -0.132109 0.365914 0.825410 
17.473338 -0.492262 -0.147260 -0.110578 -0.487465 0.250747 0.448327 -0.131934 0.365914 0.825349 
17.474068 -0.492788 -0.147554 -0.110416 -0.488071 0.250964 0.447981 -0.131767 0.365620 0.825321 
17.473605 -0.492458 -0.147203 -0.110348 -0.487529 0.250805 0.448258 -0.132343 0.365558 0.825421 
17.473469 -0.492869 -0.146636 -0.110635 -0.487760 0.251380 0.448095 -0.132092 0.366346 0.825464 
17.473339 -0.493032 -0.146813 -0.111158 -0.488143 0.251402 0.448104 -0.132597 0.366676 0.825157 
17.473543 -0.492712 -0.146419 -0.110577 -0.487797 0.251315 0.447935 -0.132075 0.366324 0.825109 
17.473526 -0.492828 -0.146835 -0.109953 -0.487797 0.251366 0.448056 -0.132222 0.366995 0.825511 
17.473958 -0.492397 -0.146875 -0.110185 -0.487559 0.251593 0.447620 -0.132339 0.367264 0.825887 
17.474133 -0.492549 -0.146964 -0.110228 -0.487241 0.251693 0.447753 -0.132332 0.367320 0.825680 
17.474488 -0.492802 -0.146551 -0.110011 -0.487213 0.251568 0.448013 -0.132123 0.367879 0.826005 
17.474747 -0.493112 -0.146873 -0.109757 -0.487486 0.251956 0.447728 -0.131590 0.368055 0.826007 
17.474967 -0.493287 -0.146811 -0.109614 -0.487565 0.252004 0.447669 -0.131868 0.367849 0.826063 
17.474485 -0.493151 -0.146715 -0.109227 -0.487123 0.252454 0.447749 -0.131647 0.368443 0.826217 
17.474869 -0.492877 -0.146886 -0.109731 -0.487649 0.252164 0.448035 -0.131589 0.368015 0.825976 
17.475111 -0.493077 -0.147352 -0.109438 -0.487334 0.251331 0.447751 -0.131474 0.368254 0.826156 
17.474650 -0.493289 -0.147104 -0.109944 -0.487556 0.252017 0.447866 -0.131737 0.368162 0.826227 
17.474665 -0.493483 -0.146966 -0.110252 -0.487916 0.252115 0.447699 -0.132072 0.368752 0.825810 
17.474687 -0.493944 -0.146625 -0.110930 -0.488083 0.252393 0.447631 -0.132037 0.368981 0.825842 
17.474889 -0.493242 -0.147029 -0.110385 -0.487796 0.252177 0.447486 -0.132147 0.368852 0.825980 
17.474771 -0.493458 -0.147483 -0.109922 -0.488065 0.251654 0.447752 -0.132355 0.369217 0.825630 
17.474856 -0.493572 -0.147566 -0.109913 -0.487705 0.251817 0.447868 -0.132404 0.369264 0.825437 
17.474352 -0.493459 -0.147432 -0.109441 -0.487645 0.252258 0.447702 -0.132690 0.369579 0.825636 
17.474396 -0.493551 -0.147685 -0.109367 -0.487784 0.252476 0.447503 -0.132479 0.369535 0.825562 
17.473945 -0.493171 -0.147707 -0.109748 -0.487653 0.252243 0.447533 -0.133139 0.369170 0.825264 
17.474161 -0.493241 -0.147496 -0.109576 -0.487599 0.252252 0.447821 -0.132417 0.369773 0.825574 
17.474676 -0.493089 -0.147427 -0.109356 -0.488041 0.252678 0.448272 -0.132873 0.369520 0.825545 
17.474445 -0.493274 -0.147225 -0.109240 -0.487613 0.252186 0.447553 -0.132601 0.369541 0.825363 
17.474288 -0.493951 -0.147288 -0.109966 -0.487774 0.252283 0.447775 -0.132994 0.370108 0.825760 
17.474221 -0.494445 -0.147150 -0.110490 -0.487896 0.252304 0.447856 -0.133300 0.370634 0.825898 
17.474136 -0.494663 -0.147193 -0.110233 -0.487553 0.252082 0.448075 -0.133565 0.370435 0.826610 
17.473989 -0.494681 -0.147092 -0.110361 -0.488015 0.252242 0.448066 -0.133232 0.370524 0.825724 
17.473802 -0.494265 -0.147403 -0.110822 -0.487857 0.252272 0.447695 -0.133892 0.370244 0.825698 
17.474300 -0.494395 -0.147413 -0.110314 -0.487997 0.252110 0.447935 -0.133452 0.370843 0.825808 
17.474580 -0.494140 -0.147327 -0.110289 -0.488343 0.252562 0.448536 -0.133767 0.370741 0.825892 
17.474668 -0.494244 -0.147406 -0.110271 -0.487979 0.252721 0.448650 -0.133811 0.370780 0.825693 
17.474886 -0.494184 -0.146819 -0.109890 -0.487957 0.252464 0.448513 -0.134296 0.370960 0.825450 
17.475104 -0.494178 -0.146783 -0.110112 -0.487923 0.252172 0.448666 -0.134240 0.370808 0.825384 
17.475294 -0.494649 -0.147167 -0.109544 -0.488297 0.252678 0.448180 -0.134532 0.370917 0.825437 
17.475181 -0.494506 -0.147468 -0.109035 -0.488466 0.252795 0.448252 -0.134741 0.371610 0.825460 
17.475555 -0.494432 -0.147171 -0.109286 -0.488471 0.253273 0.447870 -0.134629 0.372091 0.825657 
17.475417 -0.494198 -0.147286 -0.109617 -0.488513 0.253625 0.447414 -0.135268 0.372190 0.825580 
17.475676 -0.493599 -0.147320 -0.109204 -0.488428 0.253969 0.447007 -0.135093 0.372012 0.825540 
17.475477 -0.494195 -0.147326 -0.109560 -0.488305 0.253555 0.447421 -0.135414 0.372145 0.825978 
17.475178 -0.494756 -0.146894 -0.109727 -0.488734 0.254058 0.447400 -0.135454 0.372572 0.825630 
17.475548 -0.495030 -0.146876 -0.110200 -0.489006 0.254005 0.447438 -0.135698 0.373178 0.825520 
17.475241 -0.494622 -0.146909 -0.109671 -0.488899 0.254217 0.447758 -0.135616 0.372493 0.825650 
17.474606 -0.494726 -0.147237 -0.109228 -0.488990 0.254127 0.447835 -0.135881 0.372848 0.825519 
17.474698 -0.494840 -0.147321 -0.109207 -0.488630 0.254281 0.447948 -0.135929 0.372871 0.825317 
17.474758 -0.495304 -0.147449 -0.109039 -0.489289 0.254139 0.447628 -0.136164 0.372311 0.825395 
17.474557 -0.494778 -0.147562 -0.109364 -0.489047 0.254328 0.447846 -0.135669 0.372860 0.825659 
17.473899 -0.494854 -0.146939 -0.109645 -0.488940 0.254313 0.448001 -0.135993 0.372547 0.825441 
17.473897 -0.494627 -0.146994 -0.109695 -0.488939 0.254535 0.447722 -0.136224 0.372550 0.825400 
17.473758 -0.494688 -0.146612 -0.109175 -0.489090 0.255174 0.447593 -0.136007 0.372687 0.825407 
17.473713 -0.494849 -0.146534 -0.109020 -0.488771 0.255277 0.447587 -0.136381 0.372729 0.826209 
17.473662 -0.494476 -0.146695 -0.108973 -0.488943 0.255111 0.447581 -0.135878 0.372381 0.825440 
17.473822 -0.494996 -0.146451 -0.109429 -0.489451 0.255473 0.447590 -0.136322 0.373342 0.825284 
17.473805 -0.495217 -0.146300 -0.109579 -0.489837 0.255862 0.447570 -0.136656 0.373992 0.825130 
17.473638 -0.495065 -0.146104 -0.109210 -0.490172 0.256351 0.447468 -0.136344 0.374087 0.824620 
17.473326 -0.495572 -0.145704 -0.109211 -0.490345 0.256365 0.447935 -0.135932 0.374148 0.824492 
17.473417 -0.495208 -0.146178 -0.109142 -0.490053 0.256189 0.447178 -0.136273 0.374249 0.824569 
17.473826 -0.495115 -0.145924 -0.109402 -0.489979 0.256473 0.446456 -0.136097 0.374266 0.824490 
17.473331 -0.494908 -0.146082 -0.109257 -0.489896 0.256164 0.447283 -0.136135 0.374495 0.824622 
17.472950 -0.494841 -0.146575 -0.109160 -0.490203 0.256268 0.447058 -0.136744 0.374159 0.824156 
17.472862 -0.494722 -0.146692 -0.108425 -0.490136 0.256577 0.446957 -0.136993 0.374355 0.824565 
17.472868 -0.494727 -0.146498 -0.109181 -0.490563 0.256104 0.446948 -0.136697 0.374140 0.824359 
17.473397 -0.494910 -0.146893 -0.109106 -0.490533 0.256055 0.447152 -0.136838 0.374777 0.823855 
17.473446 -0.494857 -0.146568 -0.108969 -0.490476 0.255853 0.447141 -0.137050 0.374765 0.823716 
17.473583 -0.494605 -0.147258 -0.108749 -0.490450 0.255659 0.447159 -0.136386 0.374422 0.823587 
17.472961 -0.495422 -0.146771 -0.109330 -0.490859 0.256225 0.447405 -0.136912 0.375141 0.823540 
17.472874 -0.495764 -0.147029 -0.109853 -0.490767 0.255936 0.447493 -0.137452 0.375350 0.823773 
17.473167 -0.495353 -0.146872 -0.109503 -0.490895 0.256452 0.447111 -0.136894 0.375243 0.823572 
17.472978 -0.495573 -0.146351 -0.109665 -0.491112 0.256707 0.446831 -0.136987 0.375414 0.822987 
17.473354 -0.495538 -0.146917 -0.109439 -0.491091 0.256556 0.447169 -0.137049 0.374948 0.823553 
17.473335 -0.494866 -0.146760 -0.109790 -0.491067 0.256807 0.447752 -0.136979 0.375375 0.823624 
17.473099 -0.495396 -0.146953 -0.109203 -0.490934 0.256655 0.447106 -0.137019 0.375457 0.823747 
17.473303 -0.495633 -0.146783 -0.109194 -0.490906 0.256668 0.447188 -0.136807 0.375591 0.823951 
17.473349 -0.495683 -0.146833 -0.109178 -0.490725 0.256745 0.447242 -0.136820 0.375593 0.823848 
17.473378 -0.495732 -0.147187 -0.109046 -0.490867 0.256799 0.447304 -0.136621 0.375753 0.823832 
17.473236 -0.495781 -0.147207 -0.109117 -0.490850 0.256915 0.447312 -0.136548 0.375669 0.823902 
17.473483 -0.495614 -0.147265 -0.108786 -0.490729 0.256947 0.447214 -0.136656 0.375765 0.824131 
17.473381 -0.495787 -0.147293 -0.109152 -0.490829 0.256717 0.447341 -0.136733 0.375787 0.823936 
17.473280 -0.496023 -0.147236 -0.109194 -0.490945 0.256875 0.447306 -0.136904 0.376084 0.823834 
17.473054 -0.496249 -0.147157 -0.109039 -0.491005 0.256834 0.447536 -0.137032 0.376253 0.823776 
17.472926 -0.496449 -0.147128 -0.109165 -0.491015 0.256870 0.447398 -0.137058 0.376613 0.823655 
17.472994 -0.496799 -0.147147 -0.109207 -0.491215 0.257009 0.447338 -0.137234 0.376643 0.823534 
17.473020 -0.496697 -0.147085 -0.109396 -0.491328 0.257226 0.447579 -0.137314 0.376892 0.823497 
17.472914 -0.496608 -0.147173 -0.109429 -0.491367 0.257202 0.447559 -0.137395 0.376838 0.823356 
17.472779 -0.496560 -0.147247 -0.109230 -0.491328 0.257393 0.447383 -0.137650 0.377009 0.823454 
17.472607 -0.496636 -0.147431 -0.109211 -0.491263 0.257412 0.447287 -0.137954 0.377238 0.823556 
17.472687 -0.496568 -0.147482 -0.108913 -0.491359 0.257407 0.447179 -0.138029 0.377514 0.823372 
17.472419 -0.496616 -0.147591 -0.108743 -0.491427 0.257696 0.447071 -0.137940 0.377632 0.823332 
17.472460 -0.496675 -0.147542 -0.108682 -0.491061 0.257858 0.447096 -0.138060 0.377641 0.823104 
17.472342 -0.496718 -0.147405 -0.108597 -0.491086 0.257793 0.447197 -0.138110 0.377631 0.823097 
17.472290 -0.496612 -0.147190 -0.108609 -0.491162 0.257874 0.446870 -0.138327 0.377739 0.823083 
17.472349 -0.496506 -0.147273 -0.108369 -0.491284 0.258045 0.446859 -0.138653 0.377687 0.823162 
17.472290 -0.496495 -0.147156 -0.108694 -0.491180 0.257955 0.447001 -0.138333 0.377856 0.823087 
17.472139 -0.496176 -0.147168 -0.108564 -0.490970 0.257834 0.446913 -0.138269 0.377971 0.823201 
17.472378 -0.496577 -0.147077 -0.108635 -0.491137 0.258003 0.446998 -0.138286 0.377931 0.823240 
17.472406 -0.496794 -0.147011 -0.108731 -0.491273 0.258074 0.446963 -0.138388 0.378292 0.823137 
17.472530 -0.496891 -0.146791 -0.108736 -0.491478 0.258246 0.446920 -0.138324 0.378516 0.822943 
17.472416 -0.497119 -0.146702 -0.108995 -0.491528 0.258434 0.446888 -0.138476 0.378693 0.823019 
17.472579 -0.496916 -0.146755 -0.108723 -0.491289 0.258297 0.446944 -0.138393 0.378508 0.822835 
17.472822 -0.496860 -0.146685 -0.108845 -0.491561 0.257953 0.446958 -0.138487 0.378605 0.822957 
17.472415 -0.496940 -0.146666 -0.108651 -0.491498 0.258177 0.447039 -0.138362 0.378501 0.822936 
17.472605 -0.497041 -0.147071 -0.108606 -0.491536 0.258271 0.447123 -0.138198 0.378732 0.822857 
17.472479 -0.496897 -0.147093 -0.108448 -0.491466 0.258205 0.446936 -0.138153 0.379093 0.822830 
17.472450 -0.496974 -0.147060 -0.108546 -0.491403 0.258103 0.446913 -0.137992 0.379092 0.822790 
17.472512 -0.497183 -0.147174 -0.108240 -0.491546 0.258136 0.446658 -0.138224 0.379009 0.822758 
17.472426 -0.497132 -0.147244 -0.108314 -0.491611 0.258097 0.446656 -0.138288 0.378986 0.822588 
17.472504 -0.497062 -0.147352 -0.108149 -0.491805 0.258292 0.446673 -0.138047 0.379109 0.822389 
17.472266 -0.497136 -0.147335 -0.108282 -0.491539 0.258193 0.446647 -0.138239 0.378909 0.822633 
17.472596 -0.497101 -0.147531 -0.108301 -0.491640 0.257828 0.446737 -0.138384 0.379173 0.822636 
17.472376 -0.497361 -0.147224 -0.108524 -0.491719 0.258268 0.446638 -0.138412 0.379271 0.822612 
17.472202 -0.497577 -0.147055 -0.108461 -0.491865 0.258235 0.446842 -0.138525 0.379497 0.822574 
17.472305 -0.497731 -0.147024 -0.108503 -0.491614 0.258394 0.446888 -0.138690 0.379689 0.822356 
17.472286 -0.497862 -0.146926 -0.108716 -0.491787 0.258512 0.446770 -0.138840 0.379981 0.822375 
17.472000 -0.498021 -0.147196 -0.108728 -0.491694 0.258682 0.446844 -0.138838 0.380044 0.822479 
17.472155 -0.498261 -0.147266 -0.108885 -0.491834 0.258788 0.447086 -0.138869 0.379851 0.822474 
17.472005 -0.498182 -0.147223 -0.108663 -0.491710 0.258615 0.446705 -0.138817 0.380004 0.822431 
17.471941 -0.498253 -0.147172 -0.108901 -0.491586 0.258460 0.446761 -0.138486 0.380126 0.822368 
17.471963 -0.498172 -0.147146 -0.108618 -0.491758 0.258778 0.446679 -0.138706 0.379969 0.822350 
17.472148 -0.498121 -0.147395 -0.108450 -0.491918 0.258788 0.446741 -0.138578 0.380214 0.822276 
17.472231 -0.498183 -0.147324 -0.108386 -0.491858 0.258835 0.446743 -0.138521 0.380250 0.822447 
17.472163 -0.498141 -0.147428 -0.108044 -0.491910 0.258964 0.446719 -0.138729 0.380452 0.822436 
17.472314 -0.497996 -0.147674 -0.108121 -0.491825 0.259166 0.446442 -0.138759 0.380435 0.822483 
17.472122 -0.498161 -0.147388 -0.108139 -0.492074 0.258976 0.446645 -0.138756 0.380542 0.822512 
17.471986 -0.498011 -0.147519 -0.107978 -0.492301 0.258876 0.446630 -0.138628 0.380374 0.822730 
17.472031 -0.498082 -0.147355 -0.108131 -0.491981 0.258899 0.446559 -0.138662 0.380656 0.822502 
17.472148 -0.498363 -0.147451 -0.108223 -0.492218 0.259108 0.446711 -0.138770 0.380914 0.822441 
17.472410 -0.498331 -0.147268 -0.108192 -0.492426 0.259091 0.446645 -0.138866 0.381160 0.822311 
17.472290 -0.498401 -0.147049 -0.108173 -0.492539 0.259445 0.446567 -0.138804 0.381211 0.822169 
17.472279 -0.498767 -0.147050 -0.108119 -0.492596 0.259359 0.446307 -0.138919 0.381288 0.822102 
17.472243 -0.498831 -0.146954 -0.108260 -0.492654 0.259467 0.446358 -0.139212 0.381601 0.822153 
17.472265 -0.498915 -0.147049 -0.108184 -0.493021 0.259523 0.446365 -0.139104 0.381859 0.822167 
17.472295 -0.499049 -0.147077 -0.107899 -0.493088 0.259563 0.446563 -0.139104 0.382102 0.821986 
17.472490 -0.499277 -0.146971 -0.107793 -0.493130 0.259651 0.446665 -0.138927 0.382341 0.822119 
17.472480 -0.499369 -0.147059 -0.107831 -0.493366 0.259637 0.446773 -0.138899 0.382547 0.821787 
17.472620 -0.499299 -0.147333 -0.107691 -0.493353 0.259872 0.446617 -0.138970 0.382713 0.821708 
17.472710 -0.499346 -0.147417 -0.107446 -0.493646 0.260017 0.446682 -0.139189 0.382682 0.821683 
17.472563 -0.499216 -0.147422 -0.107203 -0.493709 0.259978 0.446530 -0.139158 0.383011 0.821622 
17.472582 -0.499389 -0.147358 -0.107445 -0.493646 0.260195 0.446661 -0.139134 0.382642 0.821649 
17.472383 -0.499558 -0.147713 -0.107448 -0.493600 0.260218 0.446812 -0.139130 0.382717 0.821765 
17.472374 -0.499427 -0.147676 -0.107524 -0.493597 0.260295 0.446940 -0.139191 0.382802 0.821812 
17.472450 -0.499205 -0.147805 -0.107399 -0.493653 0.260349 0.447106 -0.138874 0.382685 0.821752 
17.472378 -0.499453 -0.147642 -0.107416 -0.493444 0.260287 0.447038 -0.139246 0.382795 0.821712 
17.472468 -0.499544 -0.147707 -0.107746 -0.493612 0.260520 0.446828 -0.139398 0.383026 0.821717 
17.472457 -0.499710 -0.147629 -0.107840 -0.493838 0.260677 0.446849 -0.139714 0.383165 0.821702 
17.472621 -0.499867 -0.147531 -0.107803 -0.493773 0.260899 0.446784 -0.139785 0.383342 0.821988 
17.472574 -0.499817 -0.147592 -0.107929 -0.493745 0.261101 0.446590 -0.140148 0.383373 0.822033 
17.472527 -0.500004 -0.147450 -0.108230 -0.493760 0.261166 0.446576 -0.140242 0.383648 0.822000 
17.472648 -0.499881 -0.147590 -0.108050 -0.493714 0.261120 0.446666 -0.140162 0.383208 0.822064 
17.472746 -0.499747 -0.147754 -0.107772 -0.493952 0.261364 0.446590 -0.140170 0.383522 0.821901 
17.472625 -0.499804 -0.147632 -0.107557 -0.494250 0.261354 0.446689 -0.140391 0.383512 0.822011 
17.472549 -0.499880 -0.147819 -0.107558 -0.494227 0.261334 0.446767 -0.140399 0.383557 0.822075 
17.472916 -0.499733 -0.147704 -0.107559 -0.494282 0.261053 0.446675 -0.140575 0.383640 0.822051 
17.472916 -0.499775 -0.147753 -0.107614 -0.494416 0.261021 0.446527 -0.140497 0.383603 0.822114 
17.472953 -0.500037 -0.147730 -0.107335 -0.494190 0.261032 0.446494 -0.140673 0.383609 0.821848 
17.473033 -0.500085 -0.147682 -0.107269 -0.494119 0.261101 0.446471 -0.140639 0.383656 0.822023 
17.472951 -0.499865 -0.147765 -0.106990 -0.494187 0.261229 0.446325 -0.140777 0.383849 0.822002 
17.473061 -0.500025 -0.147723 -0.107127 -0.494120 0.261031 0.446519 -0.140522 0.383544 0.822026 
17.473044 -0.500262 -0.147541 -0.107325 -0.494266 0.261128 0.446564 -0.140567 0.384024 0.821913 
17.473164 -0.500442 -0.147492 -0.107488 -0.494418 0.261367 0.446634 -0.140791 0.384179 0.821856 
17.473021 -0.500620 -0.147281 -0.107649 -0.494430 0.261348 0.446600 -0.140998 0.384444 0.821879 
17.473100 -0.500542 -0.147099 -0.107655 -0.494443 0.261368 0.446519 -0.140982 0.384400 0.821811 
17.473127 -0.500645 -0.147516 -0.107837 -0.494247 0.261482 0.446540 -0.140885 0.384671 0.821750 
17.473276 -0.500611 -0.147551 -0.107838 -0.494261 0.261325 0.446541 -0.140967 0.384724 0.821770 
17.473373 -0.500821 -0.147722 -0.107754 -0.494461 0.261400 0.446819 -0.140944 0.384881 0.821747 
17.473563 -0.501042 -0.147732 -0.107781 -0.494296 0.261520 0.446893 -0.140964 0.384814 0.822063 
17.473387 -0.500963 -0.147764 -0.107708 -0.494518 0.261370 0.446651 -0.140928 0.384845 0.821714 
17.473367 -0.500854 -0.147853 -0.107926 -0.494824 0.261392 0.446569 -0.140801 0.384904 0.821938 
17.473388 -0.500890 -0.147778 -0.107557 -0.494517 0.261457 0.446577 -0.140972 0.384953 0.821782 
17.473335 -0.500827 -0.148038 -0.107418 -0.494587 0.261621 0.446570 -0.141292 0.385027 0.821710 
17.473216 -0.500811 -0.148209 -0.107105 -0.494565 0.261573 0.446591 -0.141259 0.385330 0.821728 
17.473145 -0.500899 -0.148100 -0.107185 -0.494572 0.261564 0.446573 -0.141362 0.385463 0.821739 
17.473328 -0.500896 -0.147901 -0.107114 -0.494714 0.261785 0.446521 -0.141486 0.385686 0.821586 
17.473554 -0.500745 -0.147896 -0.107144 -0.494647 0.261531 0.446363 -0.141715 0.385808 0.821620 
17.473546 -0.500763 -0.147818 -0.107038 -0.494773 0.261451 0.446440 -0.141781 0.385735 0.821682 
17.473355 -0.500662 -0.147709 -0.107085 -0.494600 0.261745 0.446135 -0.141929 0.385893 0.821627 
17.473515 -0.500880 -0.147721 -0.107067 -0.494488 0.261964 0.446167 -0.142082 0.385999 0.821890 
17.473490 -0.500790 -0.147807 -0.107245 -0.494802 0.262065 0.446068 -0.142057 0.386174 0.822091 
17.473504 -0.500935 -0.147849 -0.107205 -0.494859 0.262032 0.445903 -0.142039 0.386133 0.822055 
17.473484 -0.501083 -0.147846 -0.107323 -0.494974 0.262198 0.445911 -0.142306 0.386409 0.821940 
17.473506 -0.501233 -0.147641 -0.107415 -0.495048 0.262338 0.445843 -0.142385 0.386769 0.821939 
17.473570 -0.501226 -0.147771 -0.107310 -0.495169 0.262617 0.445791 -0.142600 0.387013 0.821868 
17.473673 -0.501233 -0.147843 -0.107310 -0.495307 0.262931 0.445727 -0.142853 0.387186 0.821786 
17.473543 -0.501287 -0.148042 -0.107189 -0.495344 0.263050 0.445700 -0.143052 0.387514 0.821811 
17.473658 -0.501388 -0.148109 -0.106932 -0.495453 0.263187 0.445401 -0.142991 0.387657 0.821815 
17.473684 -0.501083 -0.148121 -0.106940 -0.495568 0.263352 0.445453 -0.142904 0.387842 0.822059 
17.473783 -0.501022 -0.148086 -0.106908 -0.495592 0.263203 0.445415 -0.143036 0.387866 0.822102 
17.473579 -0.501197 -0.147975 -0.106710 -0.495854 0.263396 0.445655 -0.142990 0.387769 0.822114 
17.473717 -0.501314 -0.148051 -0.106725 -0.495827 0.263401 0.445754 -0.142969 0.387778 0.822214 
17.473818 -0.501298 -0.148179 -0.106715 -0.496010 0.263360 0.445884 -0.142924 0.388027 0.821905 
17.473896 -0.501262 -0.148075 -0.106477 -0.495751 0.263538 0.446002 -0.143048 0.388177 0.821789 
17.473904 -0.501173 -0.148237 -0.106390 -0.495749 0.263549 0.446025 -0.143073 0.388049 0.821766 
17.473873 -0.501450 -0.147774 -0.106656 -0.495771 0.263534 0.445949 -0.143024 0.388448 0.821832 
17.473825 -0.501663 -0.147681 -0.106817 -0.495881 0.263653 0.445855 -0.143184 0.388757 0.821846 
17.473666 -0.501872 -0.147604 -0.106827 -0.495900 0.263567 0.445806 -0.143158 0.389140 0.821921 
17.473805 -0.502032 -0.147344 -0.107002 -0.496049 0.263720 0.445707 -0.143186 0.389328 0.821862 
17.473811 -0.501872 -0.147346 -0.107024 -0.496099 0.263793 0.445753 -0.143147 0.389412 0.821985 
17.473654 -0.501848 -0.147296 -0.107304 -0.496029 0.263730 0.446048 -0.143329 0.389457 0.821961 
17.473734 -0.501953 -0.147388 -0.107058 -0.496062 0.263942 0.445802 -0.143016 0.389377 0.821977 
17.474039 -0.502079 -0.147407 -0.107032 -0.495994 0.263785 0.445830 -0.143215 0.389374 0.822326 
17.473897 -0.501832 -0.147446 -0.107133 -0.495987 0.263767 0.445691 -0.143096 0.389486 0.821927 
17.473622 -0.501800 -0.147231 -0.107070 -0.495916 0.263882 0.445437 -0.143254 0.389360 0.822148 
17.473850 -0.501851 -0.147298 -0.106902 -0.495970 0.263882 0.445813 -0.143209 0.389482 0.821926 
17.473837 -0.501873 -0.147568 -0.106738 -0.496117 0.264048 0.445728 -0.143408 0.389685 0.821891 
17.473872 -0.501849 -0.147683 -0.106416 -0.496203 0.264129 0.445654 -0.143422 0.390000 0.821872 
17.474090 -0.501686 -0.147792 -0.106344 -0.496308 0.264392 0.445614 -0.143591 0.389843 0.821762 
17.473936 -0.501928 -0.147552 -0.106513 -0.496275 0.264202 0.445614 -0.143443 0.390095 0.821841 
17.473818 -0.501974 -0.147569 -0.106666 -0.496309 0.264280 0.445784 -0.143737 0.390366 0.821790 
17.473635 -0.501952 -0.147480 -0.106698 -0.496170 0.264429 0.445466 -0.143912 0.390427 0.821925 
17.473740 -0.501979 -0.147508 -0.106711 -0.496143 0.264457 0.445520 -0.143925 0.390445 0.822130 
17.473822 -0.502382 -0.147557 -0.106657 -0.496082 0.264422 0.445450 -0.144136 0.390465 0.822035 
17.473723 -0.502436 -0.147466 -0.106556 -0.496185 0.264476 0.445520 -0.144162 0.390386 0.822090 
17.473605 -0.502606 -0.147601 -0.106648 -0.496116 0.264813 0.445578 -0.143964 0.390459 0.822039 
17.473564 -0.502632 -0.147720 -0.106720 -0.496280 0.264772 0.445497 -0.143958 0.390445 0.822086 
17.473550 -0.502750 -0.147575 -0.106844 -0.496436 0.264873 0.445476 -0.144130 0.390796 0.822068 
17.473503 -0.502840 -0.147441 -0.107235 -0.496410 0.264901 0.445550 -0.144285 0.390636 0.822055 
17.473667 -0.502680 -0.147610 -0.106822 -0.496498 0.265013 0.445450 -0.144216 0.390732 0.822009 
17.473612 -0.502612 -0.147847 -0.106513 -0.496526 0.265080 0.445443 -0.144344 0.390972 0.822003 
17.473782 -0.502678 -0.147775 -0.106267 -0.496640 0.265164 0.445183 -0.144164 0.391109 0.822007 
17.473891 -0.502705 -0.147805 -0.106279 -0.496617 0.265190 0.445245 -0.144173 0.391125 0.822209 
17.473786 -0.502687 -0.147795 -0.106217 -0.496817 0.265053 0.445350 -0.144059 0.391148 0.821618 
17.473740 -0.502485 -0.147733 -0.106297 -0.496690 0.265202 0.445216 -0.144072 0.391160 0.822052 
17.473511 -0.502595 -0.147706 -0.106269 -0.496525 0.265247 0.444857 -0.144289 0.391058 0.821917 
17.473413 -0.502647 -0.147617 -0.106167 -0.496626 0.265298 0.444927 -0.144312 0.390972 0.821972 
17.473578 -0.502520 -0.147821 -0.106360 -0.496508 0.265110 0.444822 -0.144206 0.391187 0.821513 
17.473519 -0.502599 -0.147896 -0.106406 -0.496465 0.265273 0.444855 -0.144097 0.391199 0.821490 
17.473719 -0.502526 -0.148061 -0.106572 -0.496227 0.265281 0.444700 -0.144146 0.391345 0.821677 
17.473677 -0.502546 -0.148185 -0.106643 -0.496385 0.265235 0.444622 -0.144133 0.391310 0.821725 
17.473712 -0.502522 -0.148228 -0.106390 -0.496276 0.265505 0.444734 -0.144416 0.391557 0.821598 
17.473802 -0.502435 -0.148138 -0.106511 -0.496211 0.265339 0.444691 -0.144141 0.391172 0.821644 
17.473549 -0.502552 -0.148161 -0.106410 -0.496032 0.265022 0.444695 -0.143906 0.391320 0.821771 
17.473878 -0.502604 -0.147787 -0.106882 -0.496305 0.265374 0.444618 -0.144125 0.391241 0.821622 
17.473799 -0.502565 -0.147924 -0.106727 -0.496266 0.265328 0.444659 -0.144136 0.391293 0.821649 
17.473838 -0.502583 -0.147904 -0.106665 -0.496289 0.265340 0.444593 -0.144080 0.391321 0.821654 
17.473781 -0.502624 -0.147870 -0.106695 -0.496190 0.265210 0.444577 -0.143937 0.391260 0.821692 
17.473858 -0.502680 -0.147926 -0.106647 -0.496266 0.265323 0.444579 -0.144128 0.391297 0.821632 
17.473850 -0.502739 -0.147890 -0.106651 -0.496323 0.265414 0.444566 -0.144225 0.391479 0.821608 
17.473861 -0.502787 -0.147865 -0.106644 -0.496381 0.265531 0.444547 -0.144331 0.391642 0.821573 
17.473878 -0.502842 -0.147845 -0.106633 -0.496437 0.265650 0.444526 -0.144443 0.391796 0.821533 
17.473909 -0.502919 -0.147837 -0.106612 -0.496485 0.265768 0.444499 -0.144567 0.391929 0.821485 
17.473894 -0.502909 -0.147791 -0.106624 -0.496556 0.265879 0.444493 -0.144634 0.392116 0.821471 
17.473884 -0.502993 -0.147753 -0.106627 -0.496599 0.265962 0.444472 -0.144727 0.392296 0.821445 
17.473928 -0.502999 -0.147752 -0.106602 -0.496667 0.266113 0.444454 -0.144844 0.392411 0.821397 
17.473955 -0.503056 -0.147739 -0.106585 -0.496722 0.266238 0.444430 -0.144962 0.392552 0.821351 
17.473973 -0.503122 -0.147719 -0.106573 -0.496773 0.266353 0.444406 -0.145075 0.392705 0.821311 
17.474068 -0.503089 -0.147703 -0.106469 -0.496850 0.266484 0.444310 -0.145049 0.392772 0.821286 
17.474138 -0.503041 -0.147659 -0.106550 -0.496922 0.266642 0.444316 -0.145154 0.392786 0.821233 
17.474175 -0.502962 -0.147676 -0.106460 -0.496769 0.266712 0.444375 -0.145220 0.392872 0.821227 
17.474165 -0.502913 -0.147864 -0.106448 -0.496834 0.266745 0.444333 -0.145299 0.392946 0.821279 
17.474274 -0.503040 -0.147933 -0.106392 -0.496792 0.266803 0.444259 -0.145406 0.392935 0.821239 
17.474300 -0.503050 -0.147934 -0.106366 -0.496813 0.266902 0.444202 -0.145458 0.393139 0.821251 
17.474323 -0.503048 -0.147939 -0.106413 -0.496827 0.267018 0.444190 -0.145577 0.393309 0.821249 
17.474377 -0.503095 -0.147918 -0.106412 -0.496820 0.267134 0.444146 -0.145674 0.393479 0.821232 
17.474410 -0.503107 -0.147913 -0.106491 -0.496817 0.267252 0.444156 -0.145824 0.393602 0.821211 
17.474419 -0.503159 -0.147930 -0.106486 -0.496816 0.267411 0.444137 -0.145876 0.393767 0.821187 
17.474473 -0.503163 -0.147917 -0.106467 -0.496839 0.267473 0.444093 -0.145985 0.393953 0.821127 
17.474558 -0.503152 -0.147911 -0.106486 -0.496837 0.267558 0.444022 -0.146063 0.394132 0.821094 
17.474532 -0.503218 -0.147920 -0.106384 -0.496871 0.267655 0.444005 -0.146087 0.394303 0.821034 
17.474473 -0.503231 -0.147866 -0.106315 -0.496888 0.267732 0.443928 -0.146238 0.394418 0.821028 
17.474582 -0.503181 -0.147895 -0.106345 -0.496935 0.267708 0.444027 -0.146088 0.394266 0.821046 
17.474699 -0.503256 -0.147945 -0.106369 -0.496960 0.267647 0.444179 -0.146037 0.394344 0.821079 
17.474598 -0.503138 -0.147907 -0.106291 -0.496847 0.267719 0.444067 -0.146105 0.394264 0.821042 
17.474642 -0.503285 -0.147921 -0.106376 -0.496955 0.267737 0.443958 -0.146092 0.394171 0.820878 
17.474583 -0.503196 -0.147786 -0.106360 -0.496909 0.267713 0.444049 -0.146058 0.394277 0.821024 
17.474495 -0.503073 -0.147810 -0.106456 -0.497001 0.267731 0.444061 -0.145981 0.394319 0.820922 
17.474520 -0.503044 -0.147793 -0.106402 -0.497024 0.267645 0.444028 -0.145974 0.394335 0.820893 
17.474507 -0.503098 -0.147811 -0.106455 -0.497014 0.267775 0.443910 -0.145818 0.394325 0.821007 
17.474430 -0.503093 -0.147821 -0.106404 -0.497065 0.267725 0.444082 -0.145977 0.394273 0.820952 
17.474404 -0.503187 -0.147747 -0.106459 -0.496900 0.267676 0.444097 -0.145885 0.394306 0.820820 
17.474437 -0.503141 -0.147701 -0.106558 -0.497072 0.267700 0.443960 -0.146090 0.394348 0.820937 
17.474475 -0.503183 -0.147716 -0.106588 -0.497114 0.267673 0.444002 -0.146066 0.394377 0.820951 
17.474432 -0.503153 -0.147704 -0.106536 -0.497078 0.267720 0.443957 -0.146095 0.394383 0.820925 
17.474429 -0.503155 -0.147705 -0.106504 -0.497100 0.267765 0.443951 -0.146137 0.394450 0.820909 
17.474404 -0.503186 -0.147690 -0.106472 -0.497097 0.267797 0.443952 -0.146156 0.394514 0.820869 
17.474408 -0.503195 -0.147692 -0.106450 -0.497118 0.267844 0.443895 -0.146132 0.394564 0.820888 
17.474357 -0.503211 -0.147701 -0.106398 -0.497177 0.267855 0.443907 -0.146141 0.394550 0.820908 
17.474389 -0.503241 -0.147727 -0.106395 -0.497206 0.267882 0.443879 -0.146154 0.394513 0.820849 
17.474365 -0.503225 -0.147754 -0.106415 -0.497215 0.267875 0.443873 -0.146146 0.394525 0.820835 
17.474386 -0.503282 -0.147782 -0.106372 -0.497176 0.267865 0.443852 -0.146196 0.394533 0.820876 
17.474395 -0.503273 -0.147771 -0.106355 -0.497187 0.267829 0.443835 -0.146197 0.394541 0.820865 
17.474416 -0.503249 -0.147804 -0.106284 -0.497189 0.267856 0.443853 -0.146190 0.394579 0.820851 
17.474413 -0.503295 -0.147778 -0.106367 -0.497208 0.267818 0.443856 -0.146186 0.394558 0.820871 
17.474389 -0.503322 -0.147737 -0.106422 -0.497233 0.267811 0.443821 -0.146229 0.394558 0.820885 
17.474369 -0.503347 -0.147723 -0.106415 -0.497217 0.267810 0.443827 -0.146219 0.394571 0.820860 
17.474378 -0.503350 -0.147744 -0.106431 -0.497224 0.267786 0.443788 -0.146166 0.394509 0.820913 
17.474364 -0.503328 -0.147741 -0.106404 -0.497255 0.267803 0.443842 -0.146240 0.394538 0.820889 
17.474408 -0.503317 -0.147742 -0.106460 -0.497189 0.267764 0.443859 -0.146255 0.394521 0.820860 
17.474402 -0.503320 -0.147738 -0.106390 -0.497273 0.267841 0.443815 -0.146274 0.394623 0.820882 
17.474414 -0.503324 -0.147742 -0.106355 -0.497318 0.267870 0.443799 -0.146312 0.394687 0.820885 
17.474420 -0.503330 -0.147745 -0.106315 -0.497359 0.267896 0.443796 -0.146354 0.394750 0.820879 
17.474435 -0.503333 -0.147748 -0.106283 -0.497405 0.267926 0.443777 -0.146390 0.394814 0.820886 
17.474422 -0.503346 -0.147751 -0.106233 -0.497433 0.267941 0.443807 -0.146433 0.394865 0.820858 
17.474453 -0.503347 -0.147761 -0.106285 -0.497416 0.267936 0.443764 -0.146396 0.394792 0.820856 
17.474487 -0.503301 -0.147748 -0.106339 -0.497397 0.267926 0.443735 -0.146403 0.394817 0.820920 
17.474458 -0.503350 -0.147720 -0.106265 -0.497394 0.267932 0.443782 -0.146396 0.394802 0.820900 
17.474418 -0.503377 -0.147724 -0.106295 -0.497390 0.267941 0.443721 -0.146338 0.394841 0.820878 
17.474431 -0.503355 -0.147775 -0.106276 -0.497387 0.267910 0.443765 -0.146407 0.394815 0.820901 
17.474405 -0.503360 -0.147778 -0.106267 -0.497447 0.267911 0.443742 -0.146393 0.394769 0.820952 
17.474438 -0.503347 -0.147763 -0.106262 -0.497395 0.267870 0.443750 -0.146405 0.394817 0.820889 
17.474457 -0.503352 -0.147773 -0.106285 -0.497328 0.267911 0.443788 -0.146423 0.394863 0.820849 
17.474473 -0.503374 -0.147779 -0.106301 -0.497345 0.267897 0.443811 -0.146409 0.394875 0.820855 
17.474468 -0.503392 -0.147796 -0.106288 -0.497379 0.267936 0.443810 -0.146453 0.394942 0.820855 
17.474464 -0.503408 -0.147811 -0.106270 -0.497416 0.267966 0.443806 -0.146498 0.395012 0.820852 
17.474455 -0.503399 -0.147771 -0.106300 -0.497390 0.267910 0.443803 -0.146477 0.394943 0.820844 
17.474451 -0.503415 -0.147786 -0.106283 -0.497427 0.267940 0.443798 -0.146523 0.395012 0.820841 
17.474450 -0.503431 -0.147801 -0.106264 -0.497466 0.267965 0.443794 -0.146565 0.395084 0.820838 
17.474471 -0.503406 -0.147789 -0.106259 -0.497439 0.267911 0.443788 -0.146508 0.395024 0.820836 
17.474411 -0.503433 -0.147780 -0.106329 -0.497404 0.267998 0.443819 -0.146552 0.394990 0.820852 
17.474425 -0.503430 -0.147786 -0.106256 -0.497428 0.267937 0.443820 -0.146514 0.395008 0.820824 
17.474503 -0.503384 -0.147785 -0.106336 -0.497425 0.267946 0.443755 -0.146541 0.395023 0.820876 
17.474512 -0.503362 -0.147798 -0.106330 -0.497432 0.267938 0.443783 -0.146567 0.395009 0.820879 
17.474499 -0.503409 -0.147795 -0.106323 -0.497460 0.267976 0.443739 -0.146575 0.395098 0.820872 
17.474496 -0.503450 -0.147794 -0.106336 -0.497502 0.267977 0.443735 -0.146607 0.395170 0.820866 
17.474488 -0.503473 -0.147789 -0.106334 -0.497522 0.267988 0.443717 -0.146653 0.395247 0.820844 
17.474484 -0.503500 -0.147789 -0.106339 -0.497546 0.268007 0.443701 -0.146695 0.395325 0.820831 
17.474476 -0.503515 -0.147783 -0.106331 -0.497557 0.268023 0.443677 -0.146743 0.395401 0.820805 
17.474468 -0.503533 -0.147779 -0.106327 -0.497571 0.268040 0.443656 -0.146790 0.395478 0.820783 
17.474463 -0.503569 -0.147776 -0.106336 -0.497607 0.268044 0.443648 -0.146827 0.395553 0.820771 
17.474457 -0.503579 -0.147775 -0.106329 -0.497612 0.268071 0.443622 -0.146875 0.395628 0.820749 
17.474452 -0.503601 -0.147775 -0.106329 -0.497630 0.268092 0.443603 -0.146919 0.395707 0.820733 
17.474447 -0.503594 -0.147777 -0.106315 -0.497616 0.268131 0.443571 -0.146965 0.395772 0.820710 
17.474441 -0.503615 -0.147775 -0.106315 -0.497633 0.268151 0.443551 -0.147010 0.395850 0.820693 
17.474426 -0.503616 -0.147733 -0.106330 -0.497607 0.268096 0.443543 -0.147044 0.395862 0.820641 
17.474457 -0.503628 -0.147790 -0.106318 -0.497646 0.268161 0.443539 -0.147015 0.395829 0.820661 
17.474397 -0.503579 -0.147832 -0.106360 -0.497644 0.268139 0.443544 -0.146990 0.395871 0.820673 
17.474435 -0.503636 -0.147801 -0.106308 -0.497616 0.268134 0.443538 -0.147025 0.395845 0.820709 
17.474487 -0.503640 -0.147789 -0.106358 -0.497592 0.268172 0.443590 -0.147008 0.395891 0.820687 
17.474408 -0.503632 -0.147773 -0.106314 -0.497627 0.268170 0.443574 -0.147016 0.395840 0.820684 
17.474438 -0.503611 -0.147750 -0.106377 -0.497648 0.268179 0.443520 -0.147053 0.395837 0.820731 
17.474449 -0.503595 -0.147788 -0.106309 -0.497643 0.268145 0.443578 -0.147041 0.395845 0.820694 
17.474456 -0.503602 -0.147790 -0.106268 -0.497689 0.268160 0.443571 -0.147066 0.395917 0.820691 
17.474450 -0.503593 -0.147764 -0.106334 -0.497659 0.268155 0.443561 -0.147045 0.395845 0.820720 
17.474440 -0.503593 -0.147815 -0.106354 -0.497608 0.268160 0.443581 -0.147098 0.395797 0.820685 
