Start Optimization 
18.461600 -0.668380 -0.083306 -0.059346 -0.717046 -0.159723 0.093357 -0.523245 0.799197 -0.105005 
19.461600 -0.668380 -0.083306 -0.059346 -0.717046 -0.159723 0.093357 -0.523245 0.799197 -0.105005 
19.461600 0.331620 -0.083306 -0.059346 -0.717046 -0.159723 0.093357 -0.523245 0.799197 -0.105005 
19.461600 -0.668380 0.916694 -0.059346 -0.717046 -0.159723 0.093357 -0.523245 0.799197 -0.105005 
19.461600 -0.668380 -0.083306 0.940654 -0.717046 -0.159723 0.093357 -0.523245 0.799197 -0.105005 
19.461600 -0.668380 -0.083306 -0.059346 0.282954 -0.159723 0.093357 -0.523245 0.799197 -0.105005 
19.461600 -0.668380 -0.083306 -0.059346 -0.717046 0.840277 0.093357 -0.523245 0.799197 -0.105005 
19.461600 -0.668380 -0.083306 -0.059346 -0.717046 0.840277 1.093357 -0.523245 0.799197 -0.105005 
19.461600 -0.668380 -0.083306 -0.059346 -0.717046 0.840277 0.093357 0.476755 0.799197 -0.105005 
19.461600 -0.668380 -0.083306 -0.059346 -0.717046 0.840277 0.093357 -0.523245 1.799197 -0.105005 
19.461600 -0.668380 -0.083306 -0.059346 -0.717046 0.840277 0.093357 -0.523245 0.799197 0.894995 
19.462063 -0.895984 -0.375131 -0.987870 -0.717470 0.846656 0.093091 -0.552168 0.799137 -0.105416 
19.461633 -0.684745 0.411942 -0.126109 -0.717077 0.840736 0.093338 -0.525325 0.799193 -0.105035 
19.711599 -0.667871 -0.083306 -0.059346 -0.717046 0.840277 0.093357 -0.523245 0.799197 -0.105005 
19.710589 -0.170726 -0.086316 -0.112583 -0.717070 0.840643 0.093342 -0.524903 0.799194 -0.105029 
19.711599 -0.667871 -0.083306 -0.059232 -0.967046 0.840277 0.093357 -0.523245 0.799197 -0.105005 
19.711554 -0.640078 -0.105470 0.439105 -0.705782 0.842970 0.093245 -0.535455 0.799172 -0.105179 
19.711712 -0.717508 -0.206669 -0.270351 -0.705739 0.843059 0.093241 -0.535860 0.799171 -0.105184 
19.711600 -0.667994 -0.079579 -0.059848 -0.717046 0.965220 0.093357 -0.523245 0.799197 -0.105005 
19.711643 -0.686595 0.152512 -0.139478 -0.712062 0.832373 0.093306 -0.528800 0.799186 -0.105084 
19.711599 -0.667867 -0.083309 -0.059276 -0.717046 0.840277 -0.031643 -0.523245 0.799197 -0.105005 
19.711628 -0.675543 -0.210778 0.154750 -0.704015 0.843569 -0.031545 -0.537553 0.799168 -0.105208 
19.711600 -0.668236 -0.069899 -0.059605 -0.717046 0.839876 -0.031644 -0.647522 0.799197 -0.105005 
19.711679 -0.698983 0.159400 -0.033176 -0.701603 0.831485 -0.031664 -0.482910 0.799162 -0.105248 
19.711599 -0.667744 -0.083310 -0.059289 -0.717046 0.840277 -0.031643 -0.523245 0.674197 -0.105005 
19.711096 -0.418691 -0.080216 -0.078649 -0.713155 0.839942 -0.031654 -0.520035 0.799592 -0.105066 
19.711600 -0.667911 -0.083418 -0.059462 -0.717046 0.840280 -0.031643 -0.523256 0.799197 -0.230005 
19.711680 -0.698459 -0.206011 -0.274394 -0.699028 0.841132 -0.031795 -0.519280 0.799871 -0.229671 
19.711374 -0.557325 -0.087108 -0.072404 -0.717052 0.840447 -0.060102 -0.495328 0.827763 -0.201569 
19.711142 -0.439852 -0.053829 -0.042996 -0.710357 0.838984 0.050081 -0.596872 0.717951 -0.311888 
19.711374 -0.556401 -0.086910 -0.072412 -0.842040 0.840329 -0.059289 -0.495152 0.826989 -0.202390 
19.773874 -0.557198 -0.087114 -0.072395 -0.717051 0.840447 -0.060103 -0.495327 0.827764 -0.201567 
19.711257 -0.554803 -0.154470 0.031176 -0.714540 0.842191 -0.069665 -0.487286 0.837609 -0.192092 
19.711376 -0.558063 -0.034972 -0.040557 -0.717051 0.839019 -0.064794 -0.485043 0.832467 -0.196953 
19.711101 -0.575647 -0.080509 -0.191496 -0.707177 0.837274 -0.066382 -0.466561 0.834809 -0.195359 
19.711282 -0.528137 -0.080658 -0.072143 -0.715226 0.840015 -0.031984 -0.520671 0.799766 -0.229719 
19.711374 -0.557306 -0.087640 -0.072286 -0.717052 0.809483 -0.061315 -0.498946 0.828976 -0.200355 
19.711358 -0.556982 -0.081807 -0.075697 -0.716959 0.848717 -0.077440 -0.549140 0.845141 -0.184236 
19.711374 -0.557330 -0.087095 -0.072398 -0.717888 0.840446 -0.034590 -0.495326 0.840510 -0.188821 
19.711365 -0.556719 -0.087390 -0.074114 -0.780325 0.840404 -0.035211 -0.495503 0.839105 -0.190252 
19.711375 -0.557383 -0.087093 -0.072480 -0.717877 0.840443 -0.034601 -0.495291 0.862619 -0.210907 
19.711230 -0.564419 -0.083491 -0.132522 -0.714204 0.838928 -0.034815 -0.480376 0.863104 -0.210438 
19.711318 -0.529786 -0.089165 -0.073933 -0.717836 0.840514 -0.041855 -0.488195 0.869904 -0.203659 
19.711200 -0.566028 -0.139990 -0.040693 -0.716218 0.841434 -0.034039 -0.490975 0.862475 -0.211455 
19.711271 -0.561953 -0.069734 -0.048767 -0.717316 0.839710 -0.036375 -0.486288 0.864606 -0.209165 
19.695752 -0.557415 -0.087068 -0.072498 -0.717877 0.840480 -0.034682 -0.495537 0.862700 -0.210825 
19.696318 -0.559276 -0.087031 -0.070326 -0.717606 0.844783 -0.043905 -0.521849 0.872031 -0.201605 
19.695749 -0.555962 -0.086642 -0.072065 -0.702576 0.840473 -0.032987 -0.496883 0.861506 -0.212021 
19.695701 -0.544562 -0.086737 -0.068231 -0.725173 0.840521 -0.020966 -0.508346 0.848871 -0.224837 
19.695618 -0.568524 -0.096629 -0.098545 -0.720260 0.840125 -0.033926 -0.486818 0.862200 -0.211598 
19.695319 -0.587524 -0.086387 -0.099781 -0.725069 0.838784 -0.035563 -0.465029 0.864311 -0.210110 
19.692274 -0.570474 -0.108342 -0.090092 -0.722817 0.840043 -0.034763 -0.483337 0.862968 -0.210852 
19.705242 -0.574060 -0.133694 -0.093618 -0.712460 0.840967 -0.031834 -0.486732 0.860621 -0.213432 
19.698652 -0.568302 -0.147533 -0.090766 -0.726090 0.840552 -0.019134 -0.490403 0.847745 -0.226617 
19.698430 -0.568339 -0.147228 -0.090623 -0.726331 0.856145 -0.018916 -0.489613 0.847520 -0.226843 
19.691638 -0.575514 -0.162139 -0.088976 -0.735468 0.857873 -0.027049 -0.508957 0.855630 -0.219012 
19.698429 -0.568011 -0.147246 -0.090637 -0.726748 0.856145 -0.006250 -0.489527 0.853979 -0.220385 
19.697767 -0.545496 -0.160550 -0.094704 -0.728181 0.856325 -0.025124 -0.476907 0.852946 -0.221619 
19.698464 -0.568404 -0.147112 -0.090519 -0.726285 0.856138 -0.018929 -0.489526 0.858583 -0.237876 
19.700716 -0.587029 -0.159304 -0.080851 -0.726227 0.855769 -0.014904 -0.471093 0.855018 -0.241573 
19.682868 -0.588870 -0.166146 -0.072006 -0.704305 0.855971 -0.010396 -0.469911 0.851389 -0.245324 
19.706556 -0.582785 -0.158457 -0.067311 -0.725913 0.855882 -0.015426 -0.473768 0.855411 -0.241069 
19.709645 -0.604718 -0.169647 -0.093779 -0.728180 0.856070 -0.007193 -0.459304 0.847958 -0.249165 
19.682686 -0.594012 -0.149096 -0.075887 -0.742603 0.854657 -0.016118 -0.456883 0.855768 -0.240834 
19.687092 -0.605586 -0.141224 -0.078210 -0.730953 0.855000 -0.029160 -0.447340 0.869053 -0.227331 
19.689206 -0.595313 -0.140633 -0.080171 -0.728437 0.854505 -0.028472 -0.436332 0.868112 -0.228245 
19.682353 -0.590938 -0.164797 -0.081305 -0.737228 0.855168 -0.037773 -0.433002 0.876967 -0.219787 
19.682086 -0.590596 -0.164237 -0.081357 -0.737468 0.870752 -0.037638 -0.432587 0.877304 -0.220426 
19.676952 -0.588589 -0.161671 -0.088385 -0.739458 0.869332 -0.039339 -0.432148 0.899762 -0.239837 
19.682085 -0.590907 -0.164208 -0.081351 -0.737051 0.870752 -0.050307 -0.432689 0.870838 -0.226872 
19.667332 -0.585678 -0.158131 -0.101476 -0.743050 0.871085 -0.054896 -0.430910 0.864841 -0.212968 
19.692710 -0.592157 -0.162528 -0.085310 -0.747477 0.870724 -0.051268 -0.431810 0.871472 -0.226247 
19.683298 -0.609113 -0.177488 -0.081335 -0.733357 0.871128 -0.042880 -0.415446 0.865109 -0.235131 
19.685561 -0.610268 -0.181228 -0.052995 -0.735821 0.871321 -0.044724 -0.404010 0.868621 -0.235707 
19.699638 -0.606304 -0.193125 -0.088287 -0.714948 0.872465 -0.041768 -0.423400 0.865639 -0.236967 
19.680531 -0.603816 -0.181927 -0.080285 -0.739364 0.870959 -0.036268 -0.419341 0.858498 -0.242123 
19.681421 -0.612680 -0.181293 -0.080698 -0.735685 0.871429 -0.044533 -0.419468 0.866801 -0.233510 
19.683971 -0.618333 -0.167904 -0.080104 -0.730835 0.871117 -0.039277 -0.420484 0.862160 -0.238584 
19.684514 -0.618569 -0.168235 -0.079357 -0.730638 0.871486 -0.039076 -0.420505 0.856518 -0.233296 
19.676262 -0.622659 -0.163518 -0.088141 -0.731382 0.871325 -0.039489 -0.413384 0.854830 -0.230929 
19.684461 -0.618352 -0.168008 -0.079446 -0.730671 0.879282 -0.039014 -0.420378 0.856696 -0.233610 
19.693528 -0.618826 -0.173092 -0.082377 -0.720141 0.871674 -0.037969 -0.424680 0.855826 -0.234162 
19.684769 -0.618755 -0.168180 -0.079450 -0.730681 0.871486 -0.045427 -0.420535 0.853304 -0.236500 
19.695568 -0.620846 -0.166536 -0.082703 -0.740599 0.871462 -0.039037 -0.418868 0.857128 -0.232661 
19.685001 -0.622362 -0.171313 -0.076308 -0.730158 0.871583 -0.037778 -0.415801 0.855741 -0.235022 
19.686557 -0.621071 -0.168055 -0.061551 -0.729234 0.871545 -0.039345 -0.413927 0.857553 -0.233773 
19.684607 -0.617843 -0.168037 -0.060482 -0.730931 0.868836 -0.035425 -0.417166 0.854782 -0.232388 
19.687585 -0.622559 -0.172759 -0.058233 -0.731633 0.876572 -0.037612 -0.411098 0.853647 -0.246038 
19.683283 -0.624427 -0.166348 -0.061431 -0.727637 0.871319 -0.039792 -0.408367 0.857455 -0.232224 
19.680866 -0.629572 -0.169543 -0.059816 -0.729014 0.871720 -0.041596 -0.410510 0.859111 -0.230421 
19.681596 -0.631680 -0.167593 -0.059766 -0.727640 0.871596 -0.040579 -0.412083 0.858372 -0.231141 
19.683589 -0.633728 -0.170161 -0.059212 -0.721441 0.871110 -0.040654 -0.410036 0.858704 -0.229411 
19.685483 -0.634441 -0.170247 -0.059208 -0.722811 0.871849 -0.040956 -0.409436 0.856374 -0.227723 
19.688416 -0.638274 -0.167996 -0.059433 -0.724939 0.869782 -0.040219 -0.406321 0.860045 -0.227406 
19.688680 -0.640342 -0.165817 -0.059499 -0.724591 0.866200 -0.046084 -0.405297 0.858550 -0.228543 
19.688572 -0.639570 -0.164189 -0.060296 -0.724020 0.866606 -0.046987 -0.406337 0.859784 -0.225812 
19.688580 -0.642266 -0.159954 -0.060613 -0.723317 0.870976 -0.048612 -0.404715 0.861979 -0.223352 
19.688704 -0.638853 -0.163398 -0.056591 -0.724009 0.866258 -0.046875 -0.406289 0.859875 -0.225336 
19.686857 -0.641221 -0.163623 -0.064556 -0.724205 0.862500 -0.044729 -0.406491 0.859064 -0.222021 
19.687808 -0.641691 -0.166027 -0.059502 -0.724931 0.866839 -0.047831 -0.408176 0.860628 -0.225120 
19.694543 -0.637362 -0.163851 -0.063365 -0.723543 0.866510 -0.048138 -0.408458 0.861606 -0.227072 
19.688172 -0.637682 -0.165687 -0.060548 -0.724929 0.866728 -0.048025 -0.404740 0.861234 -0.224184 
19.688363 -0.642026 -0.164206 -0.061818 -0.724052 0.866232 -0.048560 -0.402397 0.856975 -0.230971 
19.687733 -0.642772 -0.162936 -0.063737 -0.723588 0.864302 -0.046901 -0.402402 0.855912 -0.229883 
19.688971 -0.642408 -0.164958 -0.061677 -0.722500 0.866103 -0.048557 -0.402016 0.857031 -0.230594 
19.691919 -0.641732 -0.164474 -0.062875 -0.722341 0.866302 -0.049109 -0.403402 0.857603 -0.231944 
19.689760 -0.642722 -0.164937 -0.061663 -0.723055 0.866883 -0.048654 -0.401757 0.855899 -0.229690 
19.688906 -0.643506 -0.163108 -0.062229 -0.721856 0.869598 -0.048814 -0.401316 0.856997 -0.229562 
19.689261 -0.642279 -0.164619 -0.061786 -0.722498 0.866652 -0.050071 -0.402321 0.855189 -0.229445 
19.688877 -0.641250 -0.166550 -0.061889 -0.722380 0.868378 -0.047051 -0.402653 0.854314 -0.230731 
19.689071 -0.641727 -0.165726 -0.060577 -0.722034 0.868217 -0.046623 -0.403240 0.853797 -0.231189 
19.689506 -0.639654 -0.165863 -0.058227 -0.722230 0.867978 -0.046569 -0.400975 0.853756 -0.231227 
19.689005 -0.642385 -0.165764 -0.060946 -0.722058 0.868127 -0.047035 -0.402280 0.853105 -0.232477 
19.688498 -0.644741 -0.168008 -0.059886 -0.722975 0.868376 -0.047618 -0.403664 0.853442 -0.232613 
19.687831 -0.646734 -0.168208 -0.060967 -0.722959 0.866496 -0.045728 -0.404366 0.852287 -0.231775 
19.689942 -0.644840 -0.168176 -0.060308 -0.723068 0.868408 -0.047745 -0.404616 0.853651 -0.233346 
19.688733 -0.644975 -0.168250 -0.059855 -0.722150 0.868491 -0.047627 -0.403452 0.853541 -0.232424 
19.687859 -0.645550 -0.167301 -0.060031 -0.723016 0.869761 -0.047531 -0.403878 0.853928 -0.232754 
19.688237 -0.644685 -0.167853 -0.060096 -0.722697 0.868300 -0.048255 -0.404102 0.853093 -0.232508 
19.688421 -0.644775 -0.168751 -0.058277 -0.723489 0.868436 -0.047651 -0.403044 0.853485 -0.232728 
19.688810 -0.644766 -0.168178 -0.060082 -0.723265 0.868820 -0.047671 -0.403486 0.852929 -0.232155 
19.688189 -0.644200 -0.169319 -0.061265 -0.723315 0.869067 -0.047541 -0.403379 0.853465 -0.232324 
19.688841 -0.645157 -0.168125 -0.060348 -0.723368 0.868659 -0.048042 -0.402913 0.852799 -0.232611 
19.689156 -0.645448 -0.167820 -0.060642 -0.723823 0.868172 -0.048649 -0.402751 0.853966 -0.231494 
19.688650 -0.645839 -0.168458 -0.060410 -0.723485 0.868341 -0.047766 -0.403227 0.852628 -0.232473 
19.688993 -0.645022 -0.167049 -0.061216 -0.723064 0.868157 -0.046928 -0.402595 0.852442 -0.232389 
19.688498 -0.645500 -0.167738 -0.060367 -0.723528 0.869215 -0.047855 -0.403007 0.853182 -0.232822 
19.689406 -0.645729 -0.168289 -0.060707 -0.722581 0.869706 -0.048763 -0.403167 0.852206 -0.232009 
19.689514 -0.645182 -0.168167 -0.060505 -0.723529 0.868612 -0.047986 -0.403353 0.853012 -0.233063 
19.688975 -0.645288 -0.167881 -0.059995 -0.723389 0.868594 -0.048069 -0.402917 0.852685 -0.232589 
19.688949 -0.645310 -0.168220 -0.059180 -0.723660 0.868588 -0.048105 -0.402607 0.852718 -0.232627 
19.688957 -0.645330 -0.168436 -0.058360 -0.723913 0.868513 -0.048005 -0.402215 0.852684 -0.232626 
19.688861 -0.645174 -0.168080 -0.059198 -0.723788 0.868316 -0.047827 -0.402509 0.852794 -0.232724 
19.688892 -0.645230 -0.168335 -0.058365 -0.724010 0.868313 -0.047799 -0.402139 0.852740 -0.232697 
19.688797 -0.645109 -0.168131 -0.059153 -0.723655 0.868443 -0.047659 -0.402544 0.852487 -0.232984 
19.688904 -0.645241 -0.168326 -0.058374 -0.724033 0.868290 -0.047829 -0.402133 0.852795 -0.232651 
19.689098 -0.645267 -0.168114 -0.059256 -0.723723 0.868451 -0.047565 -0.402272 0.852797 -0.232577 
19.689132 -0.645330 -0.168359 -0.058428 -0.723971 0.868420 -0.047577 -0.401904 0.852798 -0.232509 
19.689126 -0.645194 -0.168076 -0.059347 -0.724110 0.868566 -0.047581 -0.402288 0.852575 -0.232477 
19.689158 -0.645259 -0.168322 -0.058517 -0.724350 0.868532 -0.047593 -0.401920 0.852581 -0.232412 
19.689142 -0.645227 -0.168199 -0.058932 -0.724230 0.868549 -0.047587 -0.402104 0.852578 -0.232444 
19.689131 -0.645216 -0.168215 -0.058549 -0.724370 0.868414 -0.047490 -0.401893 0.852582 -0.232424 
19.688982 -0.645215 -0.168134 -0.058939 -0.724174 0.868529 -0.047582 -0.402011 0.852513 -0.232330 
19.689182 -0.645220 -0.168236 -0.058544 -0.724389 0.868419 -0.047491 -0.401921 0.852603 -0.232461 
19.689235 -0.645140 -0.168268 -0.058950 -0.724185 0.868397 -0.047623 -0.402093 0.852480 -0.232395 
19.689153 -0.645247 -0.168215 -0.058539 -0.724403 0.868466 -0.047481 -0.401925 0.852633 -0.232476 
19.689150 -0.645324 -0.168184 -0.058999 -0.724256 0.868508 -0.047679 -0.401961 0.852546 -0.232559 
19.689164 -0.645369 -0.168196 -0.058628 -0.724433 0.868416 -0.047597 -0.401748 0.852592 -0.232618 
19.689286 -0.645472 -0.168301 -0.058363 -0.724392 0.868591 -0.047453 -0.401528 0.852423 -0.232655 
19.689211 -0.645198 -0.168113 -0.058613 -0.724403 0.868496 -0.047665 -0.401670 0.852635 -0.232653 
19.688950 -0.645228 -0.168418 -0.058716 -0.724598 0.868295 -0.047702 -0.401730 0.852843 -0.232619 
19.689270 -0.645427 -0.168183 -0.058685 -0.724449 0.868423 -0.047576 -0.401667 0.852702 -0.232470 
19.689332 -0.645550 -0.167897 -0.058539 -0.724461 0.868321 -0.047834 -0.401846 0.852695 -0.232386 
19.689283 -0.645390 -0.168165 -0.058731 -0.724642 0.868480 -0.047584 -0.401675 0.852591 -0.232420 
19.689330 -0.645342 -0.167875 -0.058848 -0.724679 0.868293 -0.047292 -0.401692 0.852603 -0.232539 
19.689481 -0.645527 -0.168103 -0.058614 -0.724469 0.868685 -0.047458 -0.401611 0.852323 -0.232418 
19.689477 -0.645589 -0.168189 -0.058438 -0.724547 0.868681 -0.047454 -0.401507 0.852338 -0.232417 
19.689473 -0.645669 -0.168275 -0.058281 -0.724625 0.868675 -0.047467 -0.401385 0.852346 -0.232431 
19.689430 -0.645635 -0.168154 -0.058443 -0.724566 0.868758 -0.047442 -0.401514 0.852384 -0.232444 
19.689427 -0.645714 -0.168240 -0.058287 -0.724643 0.868752 -0.047455 -0.401392 0.852392 -0.232458 
19.689510 -0.645642 -0.168186 -0.058445 -0.724592 0.868768 -0.047446 -0.401561 0.852415 -0.232502 
19.689424 -0.645714 -0.168238 -0.058287 -0.724642 0.868752 -0.047455 -0.401391 0.852391 -0.232457 
19.689435 -0.645679 -0.168147 -0.058493 -0.724569 0.868736 -0.047492 -0.401450 0.852362 -0.232496 
19.689428 -0.645749 -0.168234 -0.058323 -0.724646 0.868735 -0.047494 -0.401339 0.852374 -0.232497 
19.689422 -0.645822 -0.168324 -0.058154 -0.724721 0.868738 -0.047497 -0.401229 0.852382 -0.232497 
19.689417 -0.645755 -0.168298 -0.058334 -0.724619 0.868787 -0.047568 -0.401358 0.852365 -0.232463 
19.689450 -0.645739 -0.168108 -0.058299 -0.724703 0.868632 -0.047347 -0.401300 0.852392 -0.232567 
19.689435 -0.645707 -0.168176 -0.058344 -0.724696 0.868657 -0.047281 -0.401260 0.852392 -0.232587 
19.689430 -0.645778 -0.168261 -0.058175 -0.724773 0.868655 -0.047275 -0.401147 0.852402 -0.232590 
19.689413 -0.645789 -0.168209 -0.058367 -0.724704 0.868617 -0.047246 -0.401308 0.852368 -0.232569 
19.689477 -0.645769 -0.168110 -0.058496 -0.724643 0.868651 -0.047349 -0.401188 0.852315 -0.232673 
19.689483 -0.645734 -0.168164 -0.058376 -0.724701 0.868665 -0.047268 -0.401223 0.852448 -0.232510 
19.689323 -0.645759 -0.168049 -0.058395 -0.724656 0.868777 -0.047219 -0.401221 0.852445 -0.232460 
19.689489 -0.645715 -0.168155 -0.058400 -0.724798 0.868692 -0.047273 -0.401228 0.852393 -0.232485 
19.689370 -0.645674 -0.168162 -0.058491 -0.724871 0.868599 -0.047352 -0.401229 0.852515 -0.232502 
19.689461 -0.645626 -0.168170 -0.058393 -0.724764 0.868658 -0.047262 -0.401206 0.852345 -0.232459 
19.689521 -0.645810 -0.168091 -0.058455 -0.724763 0.868572 -0.047305 -0.401242 0.852349 -0.232331 
19.689516 -0.645680 -0.168138 -0.058441 -0.724781 0.868702 -0.047256 -0.401301 0.852407 -0.232486 
19.689494 -0.645713 -0.168128 -0.058400 -0.724808 0.868672 -0.047244 -0.401218 0.852394 -0.232502 
19.689499 -0.645721 -0.168142 -0.058460 -0.724772 0.868703 -0.047306 -0.401196 0.852358 -0.232529 
19.689522 -0.645709 -0.168179 -0.058396 -0.724808 0.868669 -0.047283 -0.401228 0.852394 -0.232495 
19.689521 -0.645738 -0.168214 -0.058328 -0.724841 0.868669 -0.047281 -0.401183 0.852401 -0.232496 
19.689521 -0.645766 -0.168250 -0.058258 -0.724874 0.868668 -0.047278 -0.401139 0.852409 -0.232496 
19.689518 -0.645714 -0.168224 -0.058322 -0.724845 0.868694 -0.047272 -0.401190 0.852412 -0.232526 
19.689521 -0.645767 -0.168249 -0.058259 -0.724874 0.868667 -0.047278 -0.401139 0.852408 -0.232494 
19.689547 -0.645744 -0.168210 -0.058313 -0.724824 0.868687 -0.047263 -0.401189 0.852377 -0.232491 
19.689520 -0.645767 -0.168249 -0.058259 -0.724874 0.868667 -0.047279 -0.401139 0.852409 -0.232495 
19.689520 -0.645745 -0.168240 -0.058352 -0.724841 0.868672 -0.047251 -0.401172 0.852407 -0.232487 
19.689520 -0.645767 -0.168248 -0.058258 -0.724874 0.868666 -0.047280 -0.401139 0.852409 -0.232495 
19.689541 -0.645722 -0.168201 -0.058331 -0.724840 0.868682 -0.047287 -0.401159 0.852424 -0.232478 
19.689520 -0.645767 -0.168249 -0.058258 -0.724874 0.868666 -0.047279 -0.401139 0.852408 -0.232495 
