Start Optimization 
2.959393 -0.415142 -0.002456 -0.124746 0.027102 0.095934 -0.395048 0.649670 -0.117340 -0.237487 
3.959393 -0.415142 -0.002456 -0.124746 0.027102 0.095934 -0.395048 0.649670 -0.117340 -0.237487 
3.959393 0.584858 -0.002456 -0.124746 0.027102 0.095934 -0.395048 0.649670 -0.117340 -0.237487 
3.959393 -0.415142 0.997544 -0.124746 0.027102 0.095934 -0.395048 0.649670 -0.117340 -0.237487 
3.959393 -0.415142 -0.002456 0.875254 0.027102 0.095934 -0.395048 0.649670 -0.117340 -0.237487 
3.959393 -0.415142 -0.002456 -0.124746 1.027102 0.095934 -0.395048 0.649670 -0.117340 -0.237487 
3.959393 -0.415142 -0.002456 -0.124746 0.027102 1.095934 -0.395048 0.649670 -0.117340 -0.237487 
3.959393 -0.415142 -0.002456 -0.124746 0.027102 0.095934 0.604952 0.649670 -0.117340 -0.237487 
3.959393 -0.415142 -0.002456 -0.124746 0.027102 0.095934 0.604952 1.649670 -0.117340 -0.237487 
3.959393 -0.415142 -0.002456 -0.124746 0.027102 0.095934 0.604952 0.649670 0.882660 -0.237487 
3.959393 -0.415142 -0.002456 -0.124746 0.027102 0.095934 0.604952 0.649670 -0.117340 0.762513 
3.959404 -0.562379 -0.309289 -1.064291 0.016869 0.086616 0.606583 0.641326 -0.151475 0.763917 
3.959394 -0.425604 0.492949 -0.191509 0.026375 0.095272 0.605068 0.649077 -0.119766 0.762613 
4.209393 -0.415124 -0.002456 -0.124746 0.027102 0.095934 0.604952 0.649670 -0.117340 0.762513 
4.209361 0.083830 -0.005896 -0.156874 0.026752 0.095615 0.605008 0.649385 -0.118507 0.762561 
4.209393 -0.415124 -0.002456 -0.122023 -0.222883 0.095934 0.604952 0.649670 -0.117340 0.762513 
4.209444 -0.391674 -0.039921 0.375808 -0.217685 0.092464 0.605559 0.646563 -0.130051 0.763036 
4.209393 -0.415401 -0.003035 -0.123796 -0.222902 -0.154059 0.604952 0.649670 -0.117340 0.762513 
4.209509 -0.461270 -0.283215 -0.531537 -0.227823 0.119013 0.606251 0.643027 -0.144518 0.763631 
4.209393 -0.415154 -0.001011 -0.122218 -0.222885 0.095932 0.854948 0.649670 -0.117340 0.762513 
4.209442 -0.427610 0.480390 -0.250385 -0.224484 0.103981 0.600582 0.646859 -0.128841 0.762986 
4.209393 -0.415389 -0.004368 -0.123715 -0.222902 0.095951 0.604962 0.399683 -0.117340 0.762513 
4.209496 -0.456853 -0.336933 -0.489847 -0.227312 0.116551 0.603513 0.657816 -0.141328 0.763499 
4.209393 -0.416207 -0.010272 -0.128936 -0.222958 0.096002 0.604992 0.649778 -0.367120 0.762513 
4.209496 -0.456793 -0.336632 -0.489864 -0.227314 0.116618 0.603499 0.657826 -0.089653 0.763503 
4.209393 -0.415168 -0.002777 -0.122307 -0.222886 0.095937 0.604954 0.649674 -0.117322 1.012513 
4.209496 -0.456793 -0.336631 -0.489864 -0.227314 0.116618 0.603499 0.657826 -0.089653 0.761405 
4.209445 -0.435958 -0.169544 -0.305943 -0.225099 0.106276 0.604226 0.653748 -0.103496 0.761959 
4.209402 -0.539370 -0.002025 -0.108328 -0.222734 0.095974 0.604945 0.649706 -0.117194 0.762507 
4.209457 -0.355604 -0.104150 0.098196 -0.220776 0.106378 0.603597 0.650998 -0.115803 0.762471 
4.209435 -0.394998 0.117857 -0.148201 -0.223353 0.103332 0.602892 0.650240 -0.117479 0.762532 
4.271893 -0.415116 -0.002472 -0.121992 -0.222883 0.095934 0.604952 0.649670 -0.117340 0.762513 
4.271958 -0.386239 -0.055571 -0.012701 -0.221832 0.100907 0.604334 0.650311 -0.116579 0.762492 
4.271980 -0.408206 -0.055500 -0.153841 -0.223316 0.099800 0.604603 0.650910 -0.113427 0.762358 
4.271893 -0.415117 -0.002415 -0.121663 -0.254131 0.095934 0.604952 0.649670 -0.117342 0.762513 
4.272320 -0.366025 0.021104 -0.144118 -0.213098 0.113083 0.601739 0.652625 -0.110878 0.762278 
4.271893 -0.415089 -0.002250 -0.121822 -0.222881 0.090467 0.604951 0.680437 -0.117340 0.762513 
4.271983 -0.404571 -0.002618 -0.126288 -0.220787 0.035538 0.604292 0.638631 -0.115826 0.762457 
4.271893 -0.415115 -0.002468 -0.121988 -0.222883 0.095934 0.604952 0.649670 -0.118486 0.731284 
4.271929 -0.411170 -0.004405 -0.125234 -0.222068 0.096212 0.604700 0.649620 -0.180704 0.733397 
4.271893 -0.413259 -0.002294 -0.122217 -0.222885 0.095933 0.636146 0.649669 -0.118488 0.731284 
4.272441 -0.475330 -0.001892 -0.131394 -0.210128 0.099926 0.605745 0.648542 -0.120665 0.728821 
4.278018 -0.415482 -0.007562 -0.101348 -0.210400 0.103240 0.605155 0.638425 -0.118801 0.743579 
4.273854 -0.390148 -0.036643 -0.054134 -0.214625 0.102403 0.603328 0.646336 -0.118806 0.734214 
4.283489 -0.422578 -0.047936 -0.020883 -0.187744 0.116322 0.603894 0.628607 -0.120574 0.751373 
4.277667 -0.366080 -0.027306 -0.055390 -0.205745 0.113427 0.601547 0.640376 -0.116968 0.741396 
4.272739 -0.391716 -0.023824 -0.046451 -0.216749 0.100520 0.603406 0.648130 -0.119819 0.732024 
4.276685 -0.384511 -0.038024 -0.054194 -0.208600 0.074946 0.602915 0.635682 -0.118214 0.739750 
4.288732 -0.390143 -0.036621 -0.054099 -0.215409 0.101821 0.603327 0.649612 -0.118928 0.730889 
4.278213 -0.389479 -0.038818 -0.052330 -0.239505 0.105398 0.603226 0.633764 -0.118623 0.746984 
4.273845 -0.391078 -0.036160 -0.053347 -0.214818 0.101719 0.603387 0.649824 -0.103954 0.737243 
4.273967 -0.389285 -0.037460 -0.054062 -0.214130 0.099060 0.603255 0.666700 -0.128184 0.755686 
4.274063 -0.388363 -0.037453 -0.053853 -0.213936 0.099174 0.618847 0.666524 -0.128190 0.755879 
4.268314 -0.379400 -0.057650 -0.067710 -0.219292 0.098708 0.601579 0.675763 -0.132566 0.744637 
4.269189 -0.385635 -0.083603 -0.068013 -0.207744 0.107571 0.599794 0.672561 -0.138574 0.745993 
4.266291 -0.385660 -0.053558 -0.080363 -0.217087 0.100515 0.602043 0.672540 -0.134769 0.745294 
4.272774 -0.388184 -0.051641 -0.110172 -0.219242 0.098741 0.600987 0.676996 -0.133492 0.747649 
4.256860 -0.389687 -0.050141 -0.082376 -0.217152 0.102063 0.602001 0.672352 -0.142604 0.737585 
4.254207 -0.394277 -0.052104 -0.081887 -0.219714 0.098478 0.602335 0.673630 -0.140390 0.739249 
4.246208 -0.383042 -0.050036 -0.085148 -0.215068 0.104083 0.601400 0.668943 -0.139650 0.744634 
4.246277 -0.384106 -0.050064 -0.084838 -0.219905 0.109956 0.601469 0.669620 -0.139195 0.745752 
4.248114 -0.382258 -0.052156 -0.085663 -0.227230 0.105758 0.601280 0.658617 -0.145330 0.747257 
4.246222 -0.384701 -0.049930 -0.084855 -0.220063 0.110185 0.594608 0.667922 -0.136641 0.743726 
4.245555 -0.384437 -0.051206 -0.086537 -0.219715 0.111720 0.608788 0.662949 -0.130514 0.737832 
4.246377 -0.383223 -0.043174 -0.084054 -0.222229 0.107983 0.601958 0.669864 -0.137615 0.746027 
4.247212 -0.392834 -0.047450 -0.084643 -0.212281 0.114876 0.601682 0.662859 -0.141452 0.750951 
4.248662 -0.393666 -0.046843 -0.092145 -0.212705 0.114527 0.601451 0.663786 -0.141235 0.751531 
4.243035 -0.391382 -0.055453 -0.085823 -0.206555 0.122400 0.600228 0.661616 -0.149258 0.748681 
4.245636 -0.387388 -0.065959 -0.085574 -0.200205 0.129242 0.598881 0.659824 -0.151414 0.752446 
4.236055 -0.394998 -0.074750 -0.086101 -0.199604 0.129750 0.598364 0.660421 -0.155364 0.752258 
4.241190 -0.398433 -0.076524 -0.084963 -0.200051 0.129261 0.598565 0.661957 -0.157164 0.748744 
4.232173 -0.390457 -0.071013 -0.086987 -0.194737 0.137714 0.597293 0.658256 -0.164374 0.747831 
4.229415 -0.390768 -0.067870 -0.075986 -0.189258 0.143287 0.597320 0.653041 -0.167993 0.749874 
4.232999 -0.390721 -0.069741 -0.086783 -0.195123 0.136459 0.593773 0.661608 -0.168186 0.752160 
4.234197 -0.391746 -0.068571 -0.101378 -0.192518 0.139918 0.593111 0.661175 -0.170788 0.753219 
4.234710 -0.380978 -0.077324 -0.105273 -0.192986 0.142110 0.590893 0.665596 -0.172898 0.751730 
4.223908 -0.384647 -0.079725 -0.109554 -0.196943 0.139865 0.590089 0.669668 -0.177983 0.746620 
4.233813 -0.381903 -0.076250 -0.104840 -0.189373 0.144172 0.590999 0.671113 -0.169777 0.750994 
4.236818 -0.375309 -0.078173 -0.111037 -0.187074 0.150105 0.588591 0.662073 -0.179401 0.755571 
4.227471 -0.375782 -0.081043 -0.118338 -0.187997 0.152073 0.586562 0.663789 -0.188058 0.752696 
4.236845 -0.376511 -0.077865 -0.110547 -0.191542 0.155925 0.588746 0.663716 -0.178142 0.756628 
4.235623 -0.375571 -0.076215 -0.111398 -0.176955 0.154009 0.588306 0.671958 -0.174681 0.754593 
4.237009 -0.374569 -0.077980 -0.111003 -0.187185 0.149614 0.595491 0.663893 -0.181739 0.757510 
4.241723 -0.365818 -0.067928 -0.115076 -0.190506 0.148878 0.595025 0.665277 -0.182406 0.753829 
4.241483 -0.377231 -0.079117 -0.110016 -0.186801 0.150483 0.595509 0.665060 -0.185078 0.753239 
4.250678 -0.376932 -0.085957 -0.117728 -0.186616 0.149436 0.595457 0.665025 -0.182502 0.759982 
4.240864 -0.377133 -0.080176 -0.112481 -0.186019 0.152245 0.598841 0.661722 -0.181761 0.749179 
4.241272 -0.369007 -0.081702 -0.098679 -0.184371 0.154302 0.595262 0.662306 -0.188661 0.753795 
4.241721 -0.380973 -0.074300 -0.109268 -0.184753 0.151651 0.595796 0.661992 -0.186824 0.755501 
4.241908 -0.377231 -0.078448 -0.109586 -0.184339 0.151309 0.595582 0.667238 -0.183358 0.753246 
4.236762 -0.377264 -0.079512 -0.112532 -0.185869 0.151538 0.594338 0.668135 -0.189325 0.752053 
4.240255 -0.379601 -0.081427 -0.108724 -0.186347 0.150153 0.595849 0.664958 -0.184580 0.753901 
4.240988 -0.376885 -0.075365 -0.108022 -0.190360 0.146620 0.595805 0.668055 -0.184465 0.750874 
4.241455 -0.374693 -0.079337 -0.107557 -0.186401 0.151432 0.595334 0.664553 -0.186245 0.753133 
4.242468 -0.371744 -0.079777 -0.106101 -0.186229 0.152072 0.594865 0.664516 -0.187686 0.753833 
4.241746 -0.369850 -0.079707 -0.105339 -0.185770 0.153362 0.596164 0.663028 -0.187490 0.751653 
4.241603 -0.370542 -0.077200 -0.103916 -0.184835 0.154148 0.595974 0.661716 -0.189013 0.752590 
4.241562 -0.370281 -0.077173 -0.103923 -0.183861 0.152557 0.595938 0.661419 -0.189261 0.752252 
4.241007 -0.369950 -0.075834 -0.101559 -0.186662 0.153243 0.595812 0.663206 -0.188993 0.751737 
4.242603 -0.370631 -0.077151 -0.103383 -0.185050 0.153973 0.595413 0.660821 -0.187862 0.752601 
4.240310 -0.370333 -0.077485 -0.104349 -0.184258 0.155024 0.592666 0.661584 -0.189483 0.751594 
4.241372 -0.371097 -0.077868 -0.104048 -0.184143 0.155226 0.592685 0.661871 -0.190293 0.750559 
4.238898 -0.370896 -0.079898 -0.102593 -0.183125 0.155767 0.592864 0.660989 -0.190079 0.752800 
4.240098 -0.370415 -0.077813 -0.104644 -0.185502 0.154580 0.592635 0.660512 -0.190305 0.751594 
4.240868 -0.368716 -0.076709 -0.107079 -0.185205 0.155738 0.592363 0.660006 -0.191968 0.751920 
4.240014 -0.369563 -0.075052 -0.109928 -0.184909 0.156686 0.592683 0.659053 -0.192415 0.751050 
4.241283 -0.369725 -0.076820 -0.107685 -0.185171 0.155280 0.591755 0.660485 -0.192119 0.753108 
4.241141 -0.366309 -0.075201 -0.107000 -0.186455 0.155869 0.591455 0.661115 -0.193830 0.752014 
4.241554 -0.364464 -0.077335 -0.109111 -0.187249 0.155726 0.591395 0.662184 -0.193291 0.751251 
4.240481 -0.364557 -0.077989 -0.109054 -0.186791 0.155986 0.592038 0.662741 -0.194350 0.751572 
4.241290 -0.362415 -0.078673 -0.109039 -0.186014 0.157533 0.591473 0.661106 -0.195845 0.752722 
4.240457 -0.361880 -0.079647 -0.108805 -0.188466 0.157117 0.590903 0.659162 -0.197572 0.752796 
4.240144 -0.361598 -0.079684 -0.108904 -0.187456 0.155854 0.590165 0.658862 -0.197898 0.752275 
4.241808 -0.360528 -0.079111 -0.109172 -0.188353 0.155693 0.593570 0.658594 -0.198588 0.753617 
4.242899 -0.361205 -0.079451 -0.109018 -0.188289 0.155934 0.593573 0.658795 -0.199531 0.752600 
4.243307 -0.358233 -0.079396 -0.108655 -0.187806 0.157430 0.593148 0.658959 -0.201361 0.752914 
4.243862 -0.356102 -0.082078 -0.109804 -0.187183 0.158430 0.593533 0.658388 -0.201357 0.752749 
4.244405 -0.356049 -0.082895 -0.108673 -0.187310 0.157828 0.593175 0.659000 -0.201199 0.753564 
4.243773 -0.356193 -0.080580 -0.112702 -0.186934 0.159430 0.592997 0.657914 -0.202993 0.753339 
4.242972 -0.355926 -0.078750 -0.113780 -0.186009 0.161196 0.593589 0.655991 -0.204212 0.752614 
4.241879 -0.354722 -0.078021 -0.115475 -0.188202 0.160866 0.593617 0.656690 -0.205320 0.751010 
4.241277 -0.355724 -0.078879 -0.115448 -0.188022 0.160840 0.594274 0.656965 -0.206394 0.750880 
4.244479 -0.356240 -0.078233 -0.116308 -0.188913 0.160726 0.593174 0.655285 -0.205597 0.749373 
4.242193 -0.355009 -0.077981 -0.115377 -0.189208 0.162126 0.594358 0.656998 -0.204987 0.751527 
4.242500 -0.354745 -0.076976 -0.116811 -0.186189 0.161540 0.594424 0.659047 -0.204711 0.750053 
4.241444 -0.355029 -0.078335 -0.115207 -0.188171 0.161860 0.592212 0.657034 -0.205258 0.750484 
4.239532 -0.356046 -0.078499 -0.117418 -0.188211 0.161850 0.591859 0.655868 -0.203424 0.751382 
4.241731 -0.353963 -0.079691 -0.115762 -0.187862 0.162348 0.592398 0.656760 -0.205253 0.750417 
4.242365 -0.352500 -0.079057 -0.115782 -0.187585 0.163282 0.591205 0.656762 -0.207806 0.752268 
4.241961 -0.350149 -0.078573 -0.113713 -0.187235 0.164638 0.591394 0.655867 -0.209190 0.751688 
4.242603 -0.347888 -0.079555 -0.111952 -0.187999 0.164379 0.590331 0.657295 -0.210253 0.752537 
4.240430 -0.349733 -0.078533 -0.113840 -0.186979 0.164668 0.591519 0.656155 -0.208673 0.752610 
4.240082 -0.348949 -0.077715 -0.114852 -0.186441 0.166521 0.590904 0.653486 -0.209902 0.752921 
4.240533 -0.348068 -0.076257 -0.115893 -0.184129 0.168218 0.591481 0.654784 -0.210484 0.752225 
4.239295 -0.349375 -0.077550 -0.115751 -0.183455 0.168894 0.592640 0.654765 -0.213319 0.752069 
4.239162 -0.349284 -0.077699 -0.115587 -0.182163 0.167743 0.591930 0.654366 -0.213469 0.751820 
4.240507 -0.350430 -0.078059 -0.114047 -0.181874 0.170271 0.593017 0.654072 -0.212340 0.753951 
4.239813 -0.348614 -0.077890 -0.116242 -0.183341 0.168233 0.593975 0.654334 -0.213372 0.752506 
4.239566 -0.348811 -0.074587 -0.115556 -0.183523 0.167768 0.594721 0.653550 -0.214770 0.753146 
4.239076 -0.348260 -0.074622 -0.114488 -0.183467 0.168046 0.595349 0.653091 -0.214340 0.752024 
4.238440 -0.347156 -0.074304 -0.116251 -0.182795 0.170088 0.595593 0.651072 -0.214654 0.750772 
4.235376 -0.346397 -0.073918 -0.117156 -0.181809 0.170670 0.596642 0.651616 -0.213566 0.751437 
4.238298 -0.345782 -0.074571 -0.115677 -0.182972 0.170414 0.594965 0.651189 -0.215335 0.751475 
4.238702 -0.342812 -0.074780 -0.115185 -0.182839 0.171936 0.594538 0.651255 -0.217143 0.751026 
4.237804 -0.341040 -0.075760 -0.114579 -0.184360 0.172459 0.593658 0.648992 -0.218227 0.751603 
4.238866 -0.341053 -0.076010 -0.113115 -0.182550 0.174537 0.593862 0.647999 -0.217762 0.753360 
4.238258 -0.340753 -0.075277 -0.114755 -0.185622 0.173229 0.593928 0.649330 -0.217316 0.751854 
4.238902 -0.338629 -0.074119 -0.115046 -0.184777 0.171971 0.592076 0.648739 -0.215680 0.751462 
4.238091 -0.340916 -0.073599 -0.114371 -0.185722 0.173052 0.594187 0.648974 -0.218010 0.752136 
4.237111 -0.341745 -0.074809 -0.114048 -0.185860 0.174932 0.591199 0.650174 -0.217423 0.750800 
4.238553 -0.340973 -0.075151 -0.116312 -0.185482 0.173549 0.593383 0.649193 -0.217828 0.752588 
4.238980 -0.339434 -0.075577 -0.117613 -0.186203 0.173585 0.592444 0.650985 -0.219785 0.754136 
4.240515 -0.338812 -0.075628 -0.119754 -0.186631 0.174827 0.592344 0.650104 -0.221398 0.752459 
4.237953 -0.337429 -0.075296 -0.121605 -0.185820 0.176096 0.593281 0.650291 -0.221141 0.752522 
4.239908 -0.338444 -0.076148 -0.119514 -0.187539 0.174793 0.591930 0.648782 -0.221624 0.752891 
4.240052 -0.339307 -0.076664 -0.122121 -0.189008 0.174347 0.590568 0.647876 -0.222077 0.754371 
4.239673 -0.339484 -0.076724 -0.119276 -0.187860 0.175569 0.592860 0.649013 -0.222377 0.753208 
4.241214 -0.337341 -0.076336 -0.118596 -0.185895 0.176963 0.591465 0.647758 -0.221659 0.754559 
4.240999 -0.337329 -0.073056 -0.117972 -0.186140 0.176861 0.591836 0.647027 -0.223362 0.755208 
4.241673 -0.336922 -0.076670 -0.118902 -0.185504 0.175966 0.592733 0.647274 -0.221805 0.755017 
4.240197 -0.337779 -0.077288 -0.118250 -0.183538 0.176108 0.590171 0.647280 -0.223756 0.753911 
4.240270 -0.336736 -0.077616 -0.118074 -0.184049 0.175935 0.589946 0.648422 -0.224602 0.754380 
4.240579 -0.334684 -0.078463 -0.116080 -0.184112 0.177451 0.590299 0.647234 -0.224829 0.752841 
4.239488 -0.336796 -0.077709 -0.116997 -0.183712 0.175630 0.589829 0.648645 -0.223847 0.755471 
4.240912 -0.337084 -0.077699 -0.117618 -0.184253 0.175616 0.589709 0.648376 -0.224667 0.754367 
4.240477 -0.336472 -0.077854 -0.119476 -0.184068 0.176656 0.589331 0.647961 -0.224996 0.755024 
4.241142 -0.336362 -0.077515 -0.120316 -0.183004 0.177409 0.589437 0.648860 -0.225052 0.754898 
4.241227 -0.335871 -0.077223 -0.120457 -0.182883 0.176970 0.588985 0.648770 -0.224676 0.754700 
4.240612 -0.335788 -0.077401 -0.122046 -0.183498 0.176987 0.588821 0.648795 -0.225162 0.754221 
4.241311 -0.335708 -0.078039 -0.120440 -0.182833 0.177116 0.588953 0.648819 -0.224287 0.754424 
4.241522 -0.334596 -0.077823 -0.120020 -0.182721 0.178178 0.589036 0.647888 -0.224775 0.754184 
4.242016 -0.334026 -0.078158 -0.120441 -0.182270 0.177385 0.590236 0.647287 -0.225003 0.754706 
4.242293 -0.333914 -0.077918 -0.120559 -0.182869 0.177607 0.590561 0.647400 -0.224503 0.754836 
4.241938 -0.333136 -0.077920 -0.120386 -0.182433 0.178562 0.590175 0.646933 -0.224202 0.756057 
4.243325 -0.332939 -0.078040 -0.120162 -0.182575 0.179129 0.589399 0.646232 -0.224660 0.756436 
4.243516 -0.331507 -0.078003 -0.119271 -0.182669 0.179613 0.589420 0.646764 -0.225278 0.756595 
4.243744 -0.331739 -0.077805 -0.118599 -0.182263 0.179575 0.589621 0.646722 -0.224895 0.756551 
4.243177 -0.330815 -0.078031 -0.120331 -0.182998 0.180547 0.589159 0.645875 -0.225751 0.756409 
4.243093 -0.330119 -0.079267 -0.121270 -0.183290 0.181246 0.588660 0.645591 -0.225646 0.756404 
4.243040 -0.329145 -0.078421 -0.122157 -0.183379 0.180802 0.587667 0.645198 -0.225571 0.756512 
4.242358 -0.329008 -0.078713 -0.121498 -0.184507 0.180334 0.587481 0.644094 -0.225725 0.756716 
4.243285 -0.328870 -0.078587 -0.122369 -0.183155 0.180401 0.588270 0.644902 -0.225687 0.756777 
4.242786 -0.329106 -0.077994 -0.123152 -0.183741 0.181698 0.587495 0.644988 -0.226613 0.757207 
4.242724 -0.328493 -0.077551 -0.123536 -0.183393 0.182800 0.587433 0.643849 -0.226497 0.756542 
4.242802 -0.326997 -0.077429 -0.123831 -0.183446 0.183737 0.586811 0.643698 -0.226882 0.756714 
4.242982 -0.325566 -0.077315 -0.124147 -0.183491 0.184690 0.586116 0.643471 -0.227249 0.756928 
4.243479 -0.324487 -0.077190 -0.124541 -0.183457 0.185701 0.585264 0.642864 -0.227486 0.757171 
4.243226 -0.323071 -0.077217 -0.124899 -0.183617 0.186530 0.585487 0.642440 -0.228242 0.757493 
4.243558 -0.322228 -0.077220 -0.125417 -0.183637 0.187514 0.585401 0.641301 -0.228786 0.757885 
4.242940 -0.321122 -0.077873 -0.126410 -0.183708 0.188254 0.584961 0.641265 -0.228564 0.757837 
4.243687 -0.320368 -0.077243 -0.126722 -0.184953 0.188762 0.585363 0.641479 -0.228419 0.757441 
4.243880 -0.320400 -0.077541 -0.126868 -0.184989 0.188544 0.585189 0.641473 -0.229007 0.756824 
4.243467 -0.319078 -0.076413 -0.126472 -0.184582 0.189445 0.584961 0.641311 -0.229153 0.757569 
4.244238 -0.318434 -0.076004 -0.126386 -0.184305 0.190128 0.583542 0.641127 -0.229063 0.757756 
4.244354 -0.318278 -0.076645 -0.125436 -0.184174 0.191589 0.583811 0.641486 -0.229367 0.757618 
4.245232 -0.317228 -0.076952 -0.125390 -0.183086 0.191424 0.584535 0.641632 -0.229083 0.757539 
4.245076 -0.316927 -0.077148 -0.124862 -0.183333 0.191174 0.584443 0.641139 -0.228787 0.757296 
4.245318 -0.316252 -0.077323 -0.124862 -0.183484 0.192002 0.584318 0.641867 -0.230043 0.758501 
4.245085 -0.315633 -0.076870 -0.124572 -0.183111 0.193579 0.584297 0.641487 -0.230455 0.758116 
4.246189 -0.315737 -0.077444 -0.124525 -0.183172 0.194574 0.583322 0.641272 -0.229997 0.758335 
4.246038 -0.315193 -0.077354 -0.123928 -0.183101 0.194993 0.582478 0.642652 -0.229621 0.757894 
4.246708 -0.315705 -0.076970 -0.124385 -0.183722 0.194597 0.583631 0.641381 -0.229993 0.758167 
4.246661 -0.316465 -0.077034 -0.123350 -0.182319 0.194476 0.583094 0.640878 -0.230626 0.758751 
4.245982 -0.315753 -0.077178 -0.124387 -0.183153 0.194757 0.583542 0.641287 -0.229392 0.758945 
4.246119 -0.315527 -0.078662 -0.125172 -0.183718 0.195527 0.584042 0.640912 -0.230075 0.758260 
4.246205 -0.314521 -0.078638 -0.126462 -0.184038 0.195819 0.583616 0.640078 -0.230159 0.758500 
4.246491 -0.313898 -0.079141 -0.127366 -0.184201 0.196584 0.583547 0.638933 -0.230631 0.758853 
4.246277 -0.312739 -0.079665 -0.128286 -0.184685 0.197346 0.583048 0.639239 -0.230379 0.758569 
4.246213 -0.312945 -0.081021 -0.128294 -0.185046 0.198349 0.583911 0.639237 -0.230506 0.758389 
4.246826 -0.312256 -0.079693 -0.128249 -0.184299 0.197200 0.583495 0.639349 -0.230217 0.758480 
4.247060 -0.312647 -0.078816 -0.128428 -0.186150 0.197651 0.583414 0.639141 -0.230490 0.758328 
4.247214 -0.312977 -0.078609 -0.128972 -0.185890 0.197883 0.583512 0.639626 -0.230756 0.758542 
4.246977 -0.312940 -0.078660 -0.129088 -0.185941 0.197792 0.583399 0.638167 -0.229479 0.757221 
4.247596 -0.312933 -0.079225 -0.128524 -0.186322 0.197428 0.583031 0.639204 -0.230143 0.758568 
4.246428 -0.311809 -0.079251 -0.128921 -0.186896 0.196575 0.583823 0.638656 -0.230723 0.758661 
4.246635 -0.311855 -0.079457 -0.128958 -0.186870 0.196327 0.583587 0.638702 -0.231322 0.758040 
4.246497 -0.310668 -0.079291 -0.128048 -0.187094 0.197317 0.583071 0.637943 -0.230914 0.758867 
4.246017 -0.309772 -0.079338 -0.126937 -0.187697 0.197498 0.582657 0.638597 -0.230365 0.758367 
4.246511 -0.311018 -0.079047 -0.127353 -0.187110 0.197188 0.583485 0.637697 -0.231110 0.758839 
4.246939 -0.310190 -0.079794 -0.128581 -0.186855 0.197523 0.582376 0.636700 -0.231135 0.759690 
4.246966 -0.309739 -0.078915 -0.129080 -0.186682 0.198668 0.582499 0.637023 -0.232152 0.759997 
4.246744 -0.309703 -0.078335 -0.129563 -0.186500 0.199263 0.582624 0.636022 -0.231518 0.758820 
4.246963 -0.309702 -0.077645 -0.129548 -0.186409 0.198849 0.582147 0.636061 -0.231396 0.758899 
4.248099 -0.310380 -0.078445 -0.129486 -0.187237 0.200106 0.582385 0.636235 -0.231144 0.758743 
4.248644 -0.309830 -0.078436 -0.129505 -0.187056 0.199898 0.582887 0.636291 -0.231017 0.758665 
4.248834 -0.310084 -0.078757 -0.129053 -0.185398 0.200470 0.582539 0.636655 -0.230752 0.758587 
4.248856 -0.309799 -0.078644 -0.129484 -0.187044 0.199699 0.582601 0.636290 -0.231629 0.758058 
4.248803 -0.309764 -0.078778 -0.131066 -0.186988 0.200664 0.583608 0.636254 -0.231248 0.758921 
4.248478 -0.309272 -0.078637 -0.129674 -0.187240 0.200055 0.582438 0.636690 -0.230690 0.758524 
4.248353 -0.308226 -0.078607 -0.128535 -0.187695 0.201030 0.582460 0.636211 -0.230802 0.758596 
4.247878 -0.308309 -0.078079 -0.127995 -0.188048 0.201374 0.583255 0.637421 -0.230665 0.757787 
4.248528 -0.308308 -0.078596 -0.128230 -0.187801 0.200615 0.583025 0.635915 -0.230351 0.758769 
4.247941 -0.307791 -0.079823 -0.128443 -0.187971 0.201461 0.581395 0.636171 -0.230451 0.757928 
4.248446 -0.308107 -0.078925 -0.128301 -0.187822 0.200921 0.582377 0.636714 -0.231167 0.759191 
4.248404 -0.308223 -0.078374 -0.128330 -0.187691 0.200831 0.582160 0.636261 -0.230723 0.758560 
4.248447 -0.307784 -0.078229 -0.129035 -0.187680 0.201593 0.582427 0.636052 -0.230895 0.758667 
4.248842 -0.307457 -0.078165 -0.129192 -0.187721 0.201638 0.582527 0.635817 -0.231518 0.758213 
4.248492 -0.307283 -0.078114 -0.129279 -0.187818 0.201414 0.582558 0.635749 -0.231616 0.758235 
4.248304 -0.306941 -0.078046 -0.129277 -0.186974 0.201678 0.582632 0.635688 -0.231689 0.758247 
4.248175 -0.307035 -0.077987 -0.128995 -0.187066 0.201889 0.582622 0.635466 -0.231837 0.758322 
4.248237 -0.307056 -0.077736 -0.130019 -0.187039 0.202157 0.582506 0.635566 -0.231836 0.758300 
4.248164 -0.306525 -0.078048 -0.130201 -0.187299 0.202645 0.582220 0.635422 -0.231551 0.758082 
4.247967 -0.306285 -0.077751 -0.130165 -0.187549 0.203109 0.582512 0.635922 -0.231463 0.757698 
4.247971 -0.306353 -0.077619 -0.130187 -0.187523 0.203053 0.582683 0.635645 -0.231206 0.757498 
4.248185 -0.305737 -0.077618 -0.130489 -0.187776 0.203448 0.582741 0.635356 -0.230995 0.757789 
4.248313 -0.305345 -0.077131 -0.130503 -0.187851 0.203541 0.582052 0.635245 -0.230808 0.757682 
4.248282 -0.304931 -0.077450 -0.130952 -0.188045 0.204074 0.581906 0.634939 -0.230657 0.757540 
4.248303 -0.304659 -0.077432 -0.131611 -0.188222 0.204641 0.581853 0.634649 -0.230614 0.757599 
4.248471 -0.304055 -0.077769 -0.131824 -0.187841 0.204445 0.581888 0.634886 -0.230271 0.757393 
4.248116 -0.303886 -0.077719 -0.131909 -0.187937 0.204220 0.581918 0.634820 -0.230360 0.757421 
4.248077 -0.304209 -0.077919 -0.131744 -0.187834 0.204632 0.581709 0.635042 -0.229569 0.757794 
4.248217 -0.304305 -0.077977 -0.131902 -0.188173 0.204442 0.581670 0.635166 -0.229464 0.757749 
4.248086 -0.303756 -0.078317 -0.131204 -0.188012 0.204988 0.581649 0.634719 -0.229423 0.757694 
4.247894 -0.303945 -0.078352 -0.131173 -0.187843 0.205065 0.581656 0.634259 -0.229021 0.757008 
4.248016 -0.304005 -0.078486 -0.131226 -0.187744 0.204871 0.581535 0.633948 -0.229014 0.757209 
4.247671 -0.303893 -0.078878 -0.131111 -0.187718 0.205382 0.581068 0.634465 -0.229317 0.756834 
4.247823 -0.304081 -0.078656 -0.131239 -0.187836 0.205104 0.581988 0.634266 -0.229094 0.757040 
4.247991 -0.303320 -0.078255 -0.130703 -0.187783 0.205524 0.581715 0.634172 -0.228729 0.757120 
4.248277 -0.303168 -0.078500 -0.130664 -0.188548 0.205417 0.581554 0.634282 -0.228384 0.756939 
4.248313 -0.303125 -0.078598 -0.130433 -0.188368 0.205116 0.581587 0.634473 -0.228311 0.756858 
4.248107 -0.303600 -0.078267 -0.130099 -0.188956 0.205660 0.581470 0.634036 -0.228610 0.757079 
4.247876 -0.303090 -0.078512 -0.130702 -0.188619 0.205308 0.581517 0.634284 -0.228218 0.757094 
4.248129 -0.302623 -0.078379 -0.130808 -0.188802 0.205298 0.581661 0.633929 -0.228935 0.756656 
4.248165 -0.302427 -0.078054 -0.131416 -0.189014 0.205891 0.581523 0.633792 -0.228876 0.756687 
4.248204 -0.302127 -0.077668 -0.131985 -0.189227 0.206446 0.581372 0.633693 -0.228831 0.756649 
4.248199 -0.301624 -0.077254 -0.132465 -0.189475 0.206842 0.581263 0.633548 -0.228960 0.756473 
4.248327 -0.301435 -0.077817 -0.132597 -0.189507 0.207263 0.581315 0.633199 -0.229023 0.756982 
4.248126 -0.301692 -0.077992 -0.132864 -0.189715 0.207568 0.582053 0.633305 -0.228984 0.756751 
4.248487 -0.301391 -0.077599 -0.132592 -0.189547 0.207110 0.581557 0.633054 -0.228890 0.757185 
4.248343 -0.301842 -0.077937 -0.133060 -0.189497 0.207138 0.581020 0.632560 -0.228891 0.756805 
4.248420 -0.301370 -0.077925 -0.132920 -0.189430 0.207048 0.581327 0.633418 -0.229088 0.757056 
4.248271 -0.301832 -0.077598 -0.132560 -0.189988 0.207410 0.581149 0.633318 -0.229524 0.757427 
4.248659 -0.301533 -0.077766 -0.132568 -0.189314 0.207384 0.581376 0.633179 -0.229237 0.756865 
4.247796 -0.301464 -0.077555 -0.132691 -0.188851 0.207406 0.581416 0.633089 -0.229221 0.757264 
4.248420 -0.301576 -0.077730 -0.132676 -0.189438 0.207479 0.581204 0.633376 -0.228723 0.757084 
4.248356 -0.300886 -0.078011 -0.132070 -0.189673 0.207806 0.581234 0.633116 -0.229022 0.757020 
4.248368 -0.300846 -0.078254 -0.131982 -0.189858 0.208193 0.580875 0.632382 -0.228905 0.756880 
4.248379 -0.301137 -0.078838 -0.131319 -0.189759 0.208180 0.580849 0.632218 -0.228760 0.757056 
4.248581 -0.300876 -0.078271 -0.131906 -0.190165 0.208064 0.580822 0.632492 -0.228806 0.756655 
4.248093 -0.300459 -0.077736 -0.131915 -0.189920 0.208613 0.580631 0.632133 -0.228966 0.756491 
4.248252 -0.299820 -0.077912 -0.132393 -0.190090 0.208955 0.580371 0.631985 -0.229115 0.756549 
4.248210 -0.299227 -0.078074 -0.132384 -0.190189 0.209486 0.580003 0.631618 -0.229201 0.756482 
4.248205 -0.298579 -0.078130 -0.132367 -0.190381 0.209983 0.579629 0.631358 -0.229282 0.756300 
4.248045 -0.298395 -0.078547 -0.132336 -0.190143 0.210425 0.579419 0.630784 -0.229342 0.756600 
4.247880 -0.298389 -0.078713 -0.132628 -0.190472 0.210965 0.580005 0.630735 -0.229334 0.756340 
4.247842 -0.298637 -0.078494 -0.132624 -0.191028 0.211257 0.579823 0.630759 -0.229828 0.756753 
4.247805 -0.298489 -0.078507 -0.132548 -0.191107 0.211004 0.580005 0.630545 -0.230071 0.756721 
4.248189 -0.298376 -0.078078 -0.132762 -0.191274 0.211597 0.580017 0.630480 -0.229432 0.757107 
4.247726 -0.298192 -0.078035 -0.133273 -0.191762 0.211763 0.579767 0.630368 -0.229122 0.757188 
4.248112 -0.298196 -0.077853 -0.133764 -0.191823 0.212362 0.579629 0.630164 -0.229353 0.756957 
4.247499 -0.298067 -0.077781 -0.133332 -0.191519 0.211844 0.579849 0.630469 -0.229245 0.757261 
4.247872 -0.297759 -0.078430 -0.133134 -0.192107 0.212114 0.579892 0.630790 -0.229046 0.757544 
4.247678 -0.297785 -0.078324 -0.132507 -0.192490 0.212617 0.579912 0.630681 -0.228753 0.757428 
4.247655 -0.298191 -0.078580 -0.132609 -0.192722 0.212881 0.580313 0.630643 -0.228459 0.758011 
4.247843 -0.298286 -0.078209 -0.132690 -0.193243 0.212716 0.580585 0.631214 -0.228276 0.757828 
4.247689 -0.298298 -0.078436 -0.132519 -0.192858 0.212840 0.580057 0.630668 -0.228671 0.758265 
4.247899 -0.297758 -0.078753 -0.132467 -0.192786 0.212995 0.580016 0.630593 -0.227798 0.758345 
4.247727 -0.297980 -0.078465 -0.132583 -0.192866 0.212760 0.580534 0.630368 -0.228554 0.758090 
4.247382 -0.297843 -0.079138 -0.132474 -0.193352 0.212924 0.580594 0.630409 -0.228831 0.758018 
4.247654 -0.298015 -0.078551 -0.132274 -0.192744 0.212472 0.580642 0.630477 -0.228516 0.758172 
4.248417 -0.298051 -0.078459 -0.132542 -0.192745 0.213366 0.580663 0.630329 -0.228801 0.757996 
4.248085 -0.297727 -0.078035 -0.132798 -0.192559 0.213960 0.580802 0.630487 -0.228892 0.758228 
4.248046 -0.297943 -0.077653 -0.133243 -0.192658 0.214499 0.580676 0.630039 -0.228739 0.758081 
4.248315 -0.297787 -0.077786 -0.134076 -0.192487 0.214434 0.580659 0.630155 -0.228934 0.758327 
4.247937 -0.297811 -0.077900 -0.133280 -0.192960 0.214648 0.580610 0.630063 -0.228876 0.757983 
4.247612 -0.297726 -0.077935 -0.132827 -0.193240 0.215352 0.580748 0.630015 -0.229010 0.757838 
4.247448 -0.297456 -0.078188 -0.133047 -0.193526 0.216076 0.580841 0.630070 -0.229362 0.757842 
4.247414 -0.297649 -0.078336 -0.133195 -0.194025 0.216619 0.580688 0.629639 -0.229387 0.757499 
4.247398 -0.297134 -0.078137 -0.133147 -0.194072 0.216900 0.580300 0.629632 -0.229671 0.756922 
4.247545 -0.297113 -0.077814 -0.133249 -0.194717 0.217093 0.580524 0.630128 -0.229523 0.756709 
4.247593 -0.296900 -0.077976 -0.133275 -0.194632 0.217159 0.580631 0.630093 -0.229161 0.756615 
4.247781 -0.296627 -0.077958 -0.133084 -0.194949 0.217471 0.580082 0.630041 -0.228961 0.757130 
4.247528 -0.296091 -0.077828 -0.133090 -0.195451 0.217530 0.580296 0.629534 -0.229048 0.757263 
4.246921 -0.295944 -0.077995 -0.133183 -0.195759 0.218029 0.579918 0.629638 -0.228882 0.757211 
4.246895 -0.295678 -0.078415 -0.132987 -0.196212 0.218658 0.579707 0.629624 -0.228970 0.757098 
4.246812 -0.295626 -0.077942 -0.133201 -0.196069 0.219426 0.579674 0.629437 -0.228829 0.757194 
4.246852 -0.295422 -0.077800 -0.133966 -0.196156 0.219859 0.579381 0.629313 -0.228772 0.757275 
4.246633 -0.295453 -0.077300 -0.133817 -0.196268 0.220390 0.579110 0.629006 -0.228383 0.757136 
4.246349 -0.294948 -0.077041 -0.133765 -0.196028 0.220855 0.579213 0.629389 -0.228459 0.757471 
4.246173 -0.295357 -0.077216 -0.133897 -0.196211 0.221231 0.579583 0.629299 -0.228211 0.758042 
4.246168 -0.295190 -0.077442 -0.133889 -0.195954 0.221227 0.579604 0.629127 -0.227960 0.758027 
4.245877 -0.295342 -0.077529 -0.133818 -0.195611 0.221381 0.579261 0.628671 -0.228511 0.758277 
4.245697 -0.295172 -0.077473 -0.133881 -0.195751 0.221312 0.579535 0.628446 -0.228615 0.758179 
4.245670 -0.295626 -0.077643 -0.134045 -0.195262 0.221889 0.579488 0.628851 -0.228591 0.757733 
4.245858 -0.295501 -0.077862 -0.133886 -0.195455 0.222132 0.579478 0.628806 -0.228704 0.757677 
4.246525 -0.295345 -0.077688 -0.133798 -0.195338 0.222633 0.579702 0.628490 -0.228835 0.757800 
4.246517 -0.294978 -0.078097 -0.133676 -0.195723 0.223277 0.579448 0.628403 -0.228844 0.757835 
4.246419 -0.294995 -0.078253 -0.132771 -0.195758 0.223517 0.579650 0.628407 -0.228844 0.757806 
4.246481 -0.294757 -0.078176 -0.133709 -0.195583 0.223272 0.579592 0.628675 -0.229020 0.758025 
4.246933 -0.295096 -0.078817 -0.133925 -0.195999 0.223296 0.579435 0.628191 -0.229090 0.757771 
4.247181 -0.294599 -0.078769 -0.133851 -0.195919 0.223212 0.578982 0.628183 -0.229371 0.757188 
4.247069 -0.294766 -0.078660 -0.133828 -0.195947 0.223275 0.578833 0.628113 -0.229748 0.757296 
4.247454 -0.294653 -0.078503 -0.133968 -0.196630 0.223415 0.579078 0.628637 -0.229431 0.757026 
4.247628 -0.294827 -0.078554 -0.133910 -0.196484 0.223479 0.578805 0.628863 -0.229325 0.757124 
4.247485 -0.294454 -0.078645 -0.134436 -0.196793 0.224150 0.578879 0.628420 -0.229345 0.756912 
4.247679 -0.294046 -0.078709 -0.134720 -0.197216 0.224504 0.578510 0.628075 -0.229203 0.757204 
4.247277 -0.293881 -0.079090 -0.135096 -0.197631 0.224794 0.578086 0.628096 -0.229059 0.757059 
4.247512 -0.293676 -0.079183 -0.135602 -0.197856 0.225431 0.577899 0.627794 -0.229004 0.756980 
4.247522 -0.293688 -0.079033 -0.135972 -0.197887 0.225153 0.577910 0.627793 -0.229029 0.756979 
4.247384 -0.293373 -0.079329 -0.135051 -0.198483 0.225607 0.578133 0.627630 -0.229101 0.756916 
4.247539 -0.293295 -0.079557 -0.134422 -0.199016 0.225889 0.577901 0.627827 -0.229021 0.757027 
4.246910 -0.293366 -0.079945 -0.134371 -0.199097 0.226152 0.578049 0.627930 -0.229085 0.756491 
4.247609 -0.293123 -0.079807 -0.134514 -0.198956 0.225888 0.578028 0.628023 -0.229242 0.757185 
4.247164 -0.292747 -0.079021 -0.134269 -0.198892 0.226213 0.577960 0.627973 -0.228925 0.757248 
4.247251 -0.292632 -0.079133 -0.134298 -0.198872 0.226159 0.578150 0.628043 -0.228528 0.757198 
4.246891 -0.293227 -0.079053 -0.134353 -0.199079 0.226446 0.578322 0.627844 -0.228792 0.757869 
4.246705 -0.293089 -0.079251 -0.134354 -0.199031 0.226308 0.578092 0.627644 -0.228705 0.758024 
4.247072 -0.293133 -0.078957 -0.133865 -0.198954 0.226665 0.578721 0.627213 -0.229002 0.757863 
4.247008 -0.293126 -0.079092 -0.134624 -0.199193 0.226751 0.578229 0.627693 -0.228766 0.757830 
4.246930 -0.292909 -0.078770 -0.134908 -0.199997 0.226586 0.578334 0.627568 -0.228891 0.757824 
4.247031 -0.292897 -0.078884 -0.134608 -0.200234 0.226728 0.578177 0.627697 -0.228835 0.757894 
4.247180 -0.293078 -0.078582 -0.134761 -0.200417 0.227419 0.577711 0.627832 -0.228729 0.758053 
4.247388 -0.292736 -0.078910 -0.134980 -0.200476 0.227759 0.577829 0.628212 -0.229166 0.758466 
4.246821 -0.292771 -0.079227 -0.134975 -0.200676 0.228275 0.577905 0.628350 -0.229275 0.758033 
4.247190 -0.293293 -0.079742 -0.135200 -0.201021 0.228413 0.577751 0.628277 -0.229462 0.757872 
4.246821 -0.292752 -0.079321 -0.135162 -0.200715 0.228184 0.577925 0.628619 -0.228942 0.758013 
4.247020 -0.292441 -0.079269 -0.134763 -0.200845 0.228983 0.578232 0.628093 -0.229038 0.758039 
4.247303 -0.291886 -0.079208 -0.134690 -0.200843 0.229209 0.577854 0.628229 -0.229215 0.757479 
4.247170 -0.291721 -0.079407 -0.134784 -0.200836 0.229184 0.577606 0.627990 -0.229124 0.757610 
4.247126 -0.291758 -0.079118 -0.134295 -0.201144 0.229944 0.577859 0.628439 -0.229364 0.757691 
4.247025 -0.291611 -0.078759 -0.134966 -0.201229 0.230317 0.578150 0.628204 -0.229567 0.757574 
4.247015 -0.291659 -0.078708 -0.135346 -0.200601 0.230909 0.578327 0.628101 -0.229653 0.757469 
4.247057 -0.291450 -0.078950 -0.135392 -0.200567 0.230831 0.578532 0.628223 -0.229880 0.757598 
4.246846 -0.291421 -0.078420 -0.135656 -0.201038 0.231084 0.578771 0.627716 -0.229763 0.757137 
4.246888 -0.291407 -0.078435 -0.135239 -0.200420 0.230798 0.578394 0.628124 -0.229555 0.757584 
4.247685 -0.291622 -0.078381 -0.135654 -0.200750 0.231031 0.578165 0.628050 -0.229725 0.757949 
4.247059 -0.291568 -0.078808 -0.135479 -0.200677 0.230979 0.578420 0.628303 -0.229279 0.757451 
4.246590 -0.291667 -0.078656 -0.135966 -0.200763 0.230940 0.578100 0.628845 -0.229517 0.757416 
4.247221 -0.291307 -0.078801 -0.135416 -0.200655 0.231034 0.578215 0.628382 -0.229350 0.757163 
4.247187 -0.291213 -0.079013 -0.134785 -0.200773 0.231727 0.578254 0.628431 -0.229307 0.757179 
4.247337 -0.291395 -0.078837 -0.134675 -0.200759 0.231693 0.578488 0.628673 -0.229380 0.757041 
4.247477 -0.291175 -0.079495 -0.134563 -0.200419 0.231661 0.578312 0.628060 -0.229004 0.756705 
4.247064 -0.291538 -0.079026 -0.134798 -0.200688 0.231815 0.578008 0.628400 -0.229452 0.757038 
4.246593 -0.291335 -0.078990 -0.135043 -0.200881 0.232073 0.577736 0.629053 -0.229612 0.757028 
4.247093 -0.291395 -0.078708 -0.135277 -0.201058 0.232488 0.577315 0.629140 -0.229800 0.757405 
4.247095 -0.291502 -0.078724 -0.134906 -0.201768 0.232104 0.576937 0.629216 -0.229840 0.757443 
4.247009 -0.291363 -0.078557 -0.135404 -0.201308 0.232617 0.577464 0.628922 -0.229911 0.757231 
4.247030 -0.291280 -0.078598 -0.135725 -0.201503 0.233230 0.576962 0.629146 -0.230096 0.756929 
4.246674 -0.291634 -0.078666 -0.135649 -0.201749 0.233852 0.577061 0.629217 -0.230100 0.757408 
4.246296 -0.291505 -0.077975 -0.135414 -0.201631 0.234173 0.576721 0.629184 -0.230167 0.757561 
4.246199 -0.291350 -0.078124 -0.135320 -0.201589 0.234285 0.576725 0.629182 -0.231068 0.757812 
4.246040 -0.291240 -0.078254 -0.135534 -0.201587 0.234196 0.576536 0.628937 -0.230997 0.757983 
4.245802 -0.291666 -0.077855 -0.136092 -0.201777 0.234352 0.576438 0.629253 -0.231140 0.758219 
4.246010 -0.290887 -0.078231 -0.135596 -0.201721 0.234194 0.576675 0.629160 -0.230915 0.758107 
4.246278 -0.290512 -0.078408 -0.135150 -0.201842 0.234755 0.576614 0.628788 -0.230736 0.758198 
4.245789 -0.290207 -0.078792 -0.134683 -0.201853 0.235104 0.576623 0.628697 -0.230585 0.757876 
4.246285 -0.290462 -0.078414 -0.135322 -0.201464 0.234933 0.576787 0.628772 -0.230705 0.758196 
4.246526 -0.290530 -0.078670 -0.134869 -0.201489 0.234747 0.576131 0.629222 -0.230571 0.758611 
4.246149 -0.290668 -0.078412 -0.134982 -0.201838 0.234691 0.576870 0.628713 -0.230655 0.758493 
4.246833 -0.290051 -0.078052 -0.134974 -0.201817 0.234637 0.576666 0.628283 -0.230778 0.758234 
4.246522 -0.290561 -0.078745 -0.135277 -0.201992 0.234794 0.576760 0.628755 -0.230737 0.758186 
4.246496 -0.290526 -0.078778 -0.135258 -0.201983 0.234823 0.576760 0.628758 -0.230963 0.758250 
4.246576 -0.290641 -0.078611 -0.135412 -0.202188 0.235158 0.576695 0.628737 -0.230699 0.758310 
4.246551 -0.290373 -0.078551 -0.135600 -0.202364 0.235150 0.576836 0.628984 -0.230641 0.758420 
4.246495 -0.290591 -0.078675 -0.135522 -0.202186 0.235110 0.576600 0.628615 -0.230665 0.758395 
4.246575 -0.290819 -0.078613 -0.135866 -0.202352 0.235241 0.576539 0.628531 -0.230701 0.758378 
4.246377 -0.290544 -0.078677 -0.135512 -0.202257 0.235161 0.576697 0.628516 -0.230676 0.758267 
4.246341 -0.290378 -0.078890 -0.135348 -0.202313 0.235476 0.576574 0.628509 -0.230539 0.758285 
4.246607 -0.290137 -0.078753 -0.135255 -0.202354 0.235516 0.576608 0.628237 -0.230521 0.758340 
4.246601 -0.290165 -0.078749 -0.135166 -0.202543 0.235425 0.576526 0.628243 -0.230535 0.758346 
4.246489 -0.290248 -0.078806 -0.135119 -0.202384 0.235608 0.576860 0.628136 -0.230397 0.758645 
4.246604 -0.290165 -0.078681 -0.135258 -0.202345 0.235483 0.576591 0.628238 -0.230301 0.758279 
4.246359 -0.290032 -0.078410 -0.135162 -0.202250 0.235666 0.576411 0.628243 -0.230336 0.758317 
4.246311 -0.289924 -0.078466 -0.135045 -0.202158 0.235530 0.576441 0.628271 -0.230328 0.758306 
4.246398 -0.290079 -0.078417 -0.135368 -0.202375 0.236049 0.576306 0.628148 -0.230277 0.758239 
4.246558 -0.290072 -0.078165 -0.135568 -0.202470 0.236220 0.576322 0.627883 -0.230303 0.758228 
4.246707 -0.290278 -0.078092 -0.135323 -0.202434 0.236452 0.576383 0.627969 -0.230357 0.758029 
4.246703 -0.290172 -0.078039 -0.135355 -0.202528 0.236481 0.576509 0.628105 -0.230349 0.758009 
4.246907 -0.290301 -0.078095 -0.135433 -0.202412 0.236627 0.576166 0.628172 -0.230267 0.758270 
4.246942 -0.290284 -0.078064 -0.135524 -0.202377 0.236558 0.576062 0.628243 -0.230338 0.758122 
4.246650 -0.290564 -0.078127 -0.135609 -0.202499 0.236846 0.576225 0.628178 -0.230206 0.758363 
4.246899 -0.290343 -0.078067 -0.135363 -0.202611 0.236574 0.576070 0.628173 -0.230285 0.758280 
4.246926 -0.290110 -0.078269 -0.135267 -0.202726 0.236831 0.575980 0.628020 -0.230137 0.758248 
4.246849 -0.289867 -0.078183 -0.135053 -0.202743 0.237072 0.575864 0.627890 -0.230031 0.758389 
4.246853 -0.289898 -0.078120 -0.135053 -0.202733 0.237020 0.575857 0.627894 -0.229811 0.758329 
4.247112 -0.289868 -0.078402 -0.135044 -0.202905 0.237095 0.575962 0.627749 -0.229671 0.758387 
4.247189 -0.289855 -0.078274 -0.135168 -0.202942 0.237145 0.575946 0.627634 -0.229707 0.758332 
4.247230 -0.289724 -0.078302 -0.135374 -0.203011 0.237297 0.575703 0.627589 -0.229721 0.758037 
4.247323 -0.289789 -0.078106 -0.135380 -0.203373 0.237240 0.575497 0.627510 -0.229785 0.758026 
4.247399 -0.289892 -0.078069 -0.135258 -0.203354 0.237356 0.575528 0.627554 -0.229812 0.757926 
4.247673 -0.289635 -0.077969 -0.135500 -0.203210 0.237223 0.575353 0.627577 -0.229799 0.758106 
4.247327 -0.289894 -0.078158 -0.135347 -0.203275 0.237204 0.575376 0.627372 -0.229796 0.758041 
4.247329 -0.289587 -0.078000 -0.135393 -0.203393 0.237148 0.575637 0.627218 -0.229860 0.757768 
4.247268 -0.289682 -0.078053 -0.135283 -0.203370 0.237370 0.575448 0.627448 -0.229732 0.758107 
4.247187 -0.289787 -0.077954 -0.135608 -0.203425 0.237655 0.575465 0.627327 -0.229675 0.758160 
4.247184 -0.289677 -0.078169 -0.135746 -0.203656 0.237892 0.575306 0.627274 -0.229526 0.758124 
4.247205 -0.289620 -0.078290 -0.135863 -0.203990 0.238097 0.575162 0.627176 -0.229387 0.758178 
4.247165 -0.289391 -0.078421 -0.136018 -0.204083 0.238295 0.575121 0.626978 -0.229305 0.757958 
4.247059 -0.289418 -0.078358 -0.136086 -0.204098 0.238308 0.574949 0.627085 -0.228903 0.757833 
4.247083 -0.289378 -0.078346 -0.136034 -0.204127 0.238294 0.574976 0.627035 -0.229437 0.757898 
4.247116 -0.289311 -0.078739 -0.136143 -0.204116 0.238587 0.575069 0.627040 -0.229332 0.758097 
4.247096 -0.289277 -0.078771 -0.136363 -0.204327 0.238871 0.575107 0.626827 -0.229330 0.758220 
4.246984 -0.289261 -0.078857 -0.136517 -0.204392 0.239058 0.574952 0.626901 -0.228976 0.758195 
4.246830 -0.289319 -0.078933 -0.136421 -0.204498 0.239023 0.575011 0.626872 -0.228970 0.758170 
4.247058 -0.289192 -0.079102 -0.136283 -0.204805 0.238973 0.574860 0.626842 -0.228948 0.758215 
4.247091 -0.289150 -0.079039 -0.136253 -0.204881 0.239060 0.574981 0.626984 -0.228952 0.758154 
4.247176 -0.289104 -0.078922 -0.136172 -0.205026 0.239269 0.575209 0.627251 -0.228965 0.758009 
4.247046 -0.289067 -0.078919 -0.136128 -0.204868 0.239135 0.574958 0.626909 -0.228912 0.758238 
4.246936 -0.288810 -0.078820 -0.136325 -0.205000 0.238916 0.575091 0.626984 -0.228875 0.758384 
4.247091 -0.289183 -0.078793 -0.136197 -0.204981 0.239134 0.574973 0.626812 -0.228887 0.758223 
4.247166 -0.289125 -0.078858 -0.135966 -0.204938 0.239418 0.575107 0.627124 -0.228940 0.758047 
4.247050 -0.289182 -0.078906 -0.136103 -0.204880 0.239128 0.574931 0.627030 -0.228916 0.758411 
4.247281 -0.289127 -0.079102 -0.135916 -0.204968 0.239132 0.574684 0.626785 -0.228899 0.758211 
4.246955 -0.289052 -0.078856 -0.136153 -0.204922 0.239152 0.574810 0.626963 -0.229036 0.758182 
4.246689 -0.289258 -0.079044 -0.135979 -0.204939 0.239123 0.575097 0.626821 -0.228914 0.758180 
4.247033 -0.289097 -0.078838 -0.136066 -0.204817 0.239014 0.574912 0.626981 -0.228790 0.758146 
4.246917 -0.289139 -0.078948 -0.136350 -0.204718 0.239405 0.574843 0.626925 -0.228673 0.758222 
4.247049 -0.289141 -0.078843 -0.136137 -0.204687 0.239135 0.575001 0.626873 -0.229024 0.758226 
4.246973 -0.289106 -0.078944 -0.136098 -0.204882 0.239133 0.574986 0.626891 -0.228913 0.758226 
4.247029 -0.289070 -0.078917 -0.136155 -0.204854 0.239160 0.574953 0.626915 -0.228888 0.758238 
4.247074 -0.289103 -0.078956 -0.136100 -0.204854 0.239161 0.574897 0.626876 -0.228902 0.758227 
4.247059 -0.289073 -0.078913 -0.136111 -0.204875 0.239164 0.574973 0.626931 -0.228915 0.758218 
4.247052 -0.288991 -0.078913 -0.136128 -0.204891 0.239134 0.574959 0.626876 -0.228918 0.758287 
4.247064 -0.289071 -0.078928 -0.136121 -0.204855 0.239128 0.574986 0.626900 -0.228883 0.758246 
4.247035 -0.289078 -0.078882 -0.136104 -0.204851 0.239088 0.574928 0.626941 -0.228871 0.758197 
4.247046 -0.289052 -0.078914 -0.136133 -0.204850 0.239137 0.574966 0.626883 -0.228921 0.758205 
4.247048 -0.289115 -0.078889 -0.136127 -0.204803 0.239134 0.574969 0.626916 -0.228954 0.758263 
4.247040 -0.289047 -0.078949 -0.136120 -0.204846 0.239132 0.574956 0.626932 -0.228919 0.758237 
4.247069 -0.289111 -0.078955 -0.136184 -0.204884 0.239105 0.574967 0.626929 -0.228926 0.758203 
