Start Optimization 
18.387628 -0.473982 -0.258680 -0.120419 -0.520425 -0.178997 -0.905368 0.348738 0.124048 0.453798 
19.387628 -0.473982 -0.258680 -0.120419 -0.520425 -0.178997 -0.905368 0.348738 0.124048 0.453798 
19.387628 0.526018 -0.258680 -0.120419 -0.520425 -0.178997 -0.905368 0.348738 0.124048 0.453798 
19.387628 -0.473982 0.741320 -0.120419 -0.520425 -0.178997 -0.905368 0.348738 0.124048 0.453798 
19.387628 -0.473982 -0.258680 0.879581 -0.520425 -0.178997 -0.905368 0.348738 0.124048 0.453798 
19.387628 -0.473982 -0.258680 -0.120419 0.479575 -0.178997 -0.905368 0.348738 0.124048 0.453798 
19.387628 -0.473982 -0.258680 -0.120419 -0.520425 0.821003 -0.905368 0.348738 0.124048 0.453798 
19.387628 -0.473982 -0.258680 -0.120419 -0.520425 -0.178997 0.094632 0.348738 0.124048 0.453798 
19.387628 -0.473982 -0.258680 -0.120419 -0.520425 -0.178997 -0.905368 1.348738 0.124048 0.453798 
19.387628 -0.473982 -0.258680 -0.120419 -0.520425 -0.178997 -0.905368 0.348738 1.124048 0.453798 
19.387628 -0.473982 -0.258680 -0.120419 -0.520425 -0.178997 -0.905368 0.348738 0.124048 1.453798 
19.387914 -0.697249 -0.427630 -1.080200 -0.535808 -0.179301 -0.908627 0.336828 0.118555 1.456786 
19.387744 -0.564616 -0.327264 0.366419 -0.526670 -0.179120 -0.906691 0.343903 0.121818 1.455011 
19.637628 -0.473662 -0.258680 -0.120419 -0.520425 -0.178997 -0.905368 0.348738 0.124048 1.453798 
19.637010 0.025029 -0.280040 -0.091369 -0.522370 -0.179035 -0.905780 0.347232 0.123354 1.454176 
19.637628 -0.473662 -0.236011 -0.120419 -0.769395 -0.178997 -0.905368 0.348738 0.124048 1.453798 
19.637639 -0.469198 0.238543 -0.097297 -0.473386 -0.179028 -0.905696 0.347539 0.123495 1.454099 
19.637628 -0.473677 -0.258692 -0.120487 -0.520426 -0.428997 -0.905368 0.348738 0.124048 1.453798 
19.637934 -0.591207 -0.379424 -0.590611 -0.515660 -0.160404 -0.908294 0.338047 0.119117 1.456480 
19.637628 -0.473977 -0.258919 -0.118723 -0.520447 -0.178997 -1.155362 0.348738 0.124048 1.453798 
19.637939 -0.618731 -0.393989 0.340062 -0.520090 -0.164289 -1.152604 0.340153 0.120088 1.455952 
19.637629 -0.474460 -0.259284 -0.123660 -0.520480 -0.178996 -1.155394 0.098787 0.124048 1.453798 
19.637925 -0.587889 -0.376050 -0.596001 -0.515780 -0.160904 -1.159150 0.098383 0.119251 1.456407 
19.637629 -0.474457 -0.250605 -0.123261 -0.519690 -0.178997 -1.155400 0.098767 -0.125800 1.453798 
19.637698 -0.493985 0.245695 -0.100622 -0.470027 -0.173787 -1.155936 0.094671 -0.109049 1.454559 
19.637623 -0.469659 -0.250811 -0.122982 -0.519709 -0.178997 -1.155404 0.098752 -0.125806 1.703752 
19.637035 0.023409 -0.283935 -0.093796 -0.518235 -0.173778 -1.156033 0.094307 -0.127584 1.443933 
19.762511 -0.477318 -0.264753 -0.113973 -0.395582 -0.054120 -1.030449 0.098578 -0.125887 1.453845 
19.617494 -0.627590 -0.410100 0.323395 -0.542906 -0.185687 -1.173093 0.082661 -0.132507 1.455446 
19.635845 -0.536329 -0.324702 -0.353700 -0.521184 -0.172436 -1.159126 0.098796 -0.129845 1.454783 
19.636927 -0.485191 -0.127149 -0.132766 -0.507195 -0.177402 -1.156410 0.097478 -0.121791 1.454007 
19.636249 -0.545098 -0.130914 -0.115464 -0.508297 -0.178158 -1.156968 0.097258 -0.121898 1.455134 
19.626514 -0.512935 -0.107981 0.001980 -0.506355 -0.176644 -1.166533 0.088449 -0.122385 1.453866 
19.618293 -0.546036 -0.130367 -0.118660 -0.526278 -0.124066 -1.174945 0.097327 -0.121941 1.455154 
19.607602 -0.581489 -0.115876 -0.234680 -0.512409 -0.130171 -1.187910 0.084105 -0.125175 1.454669 
19.592768 -0.543328 -0.134782 -0.108879 -0.476439 -0.123763 -1.200404 0.097131 -0.121921 1.455090 
19.591763 -0.511061 -0.111702 0.008296 -0.492151 -0.120647 -1.201149 0.089290 -0.122236 1.453901 
19.636957 -0.543371 -0.134888 -0.108745 -0.476420 -0.123769 -1.244604 0.097135 -0.121923 1.455091 
19.620893 -0.577750 -0.125570 -0.222252 -0.449465 -0.129470 -1.262657 0.086127 -0.124769 1.454769 
19.637186 -0.541638 -0.134876 -0.103576 -0.477533 -0.123569 -1.244366 0.034884 -0.121913 1.455048 
19.634958 -0.511597 -0.109213 0.007861 -0.491037 -0.120891 -1.247212 0.108295 -0.122481 1.453794 
19.605675 -0.543347 -0.132194 -0.113629 -0.507046 -0.155052 -1.275908 0.096942 -0.121933 1.455095 
19.633425 -0.577973 -0.126412 -0.220895 -0.436782 -0.116794 -1.250142 0.086799 -0.124800 1.454757 
19.636948 -0.543566 -0.132958 -0.109369 -0.476100 -0.123778 -1.244615 0.097062 -0.184389 1.455095 
19.633432 -0.577887 -0.126811 -0.220616 -0.436900 -0.116802 -1.250132 0.086827 -0.112246 1.454756 
19.636955 -0.544641 -0.134924 -0.109078 -0.476371 -0.123772 -1.244607 0.097114 -0.121921 1.392605 
19.633431 -0.577855 -0.126810 -0.220616 -0.436898 -0.116801 -1.250133 0.086827 -0.112245 1.456468 
19.637200 -0.538062 -0.196720 -0.103969 -0.481787 -0.124154 -1.244297 0.097799 -0.123500 1.454991 
19.637047 -0.535154 -0.131396 -0.079155 -0.479680 -0.122435 -1.244672 0.099973 -0.121073 1.454767 
19.636786 -0.558366 -0.135824 -0.104481 -0.476682 -0.123958 -1.244745 0.097074 -0.121949 1.455374 
19.634058 -0.544201 -0.135965 -0.117517 -0.451566 -0.113010 -1.249877 0.096859 -0.110610 1.455244 
19.633988 -0.543749 -0.134511 -0.110064 -0.483557 -0.110597 -1.247581 0.097163 -0.121934 1.455099 
19.651887 -0.545162 -0.132539 -0.119146 -0.499282 -0.110998 -1.231275 0.097380 -0.114558 1.455208 
19.631946 -0.537979 -0.132436 -0.115513 -0.486482 -0.122256 -1.252080 0.098586 -0.120128 1.456727 
19.617646 -0.559318 -0.138426 -0.101970 -0.491049 -0.097281 -1.258469 0.093269 -0.121346 1.450768 
19.615877 -0.562970 -0.138574 -0.101972 -0.487258 -0.090199 -1.259657 0.092404 -0.151221 1.449819 
19.617356 -0.561918 -0.123125 -0.102267 -0.490579 -0.095846 -1.258275 0.092802 -0.120671 1.450447 
19.624013 -0.563785 -0.164337 -0.100594 -0.500917 -0.089306 -1.250647 0.092168 -0.117252 1.449127 
19.618138 -0.560594 -0.178960 -0.101822 -0.477420 -0.081420 -1.257922 0.092536 -0.110262 1.449706 
19.634605 -0.564388 -0.164141 -0.098048 -0.501754 -0.088173 -1.261735 0.092066 -0.117191 1.448815 
19.631449 -0.552183 -0.167540 -0.070221 -0.504264 -0.090583 -1.259859 0.095759 -0.118682 1.449322 
19.634108 -0.566473 -0.164144 -0.099147 -0.502457 -0.087049 -1.262311 0.107432 -0.117140 1.448447 
19.626528 -0.564664 -0.176178 -0.113562 -0.513285 -0.102486 -1.275207 0.090497 -0.119055 1.449454 
19.634226 -0.565965 -0.164199 -0.097608 -0.502665 -0.086570 -1.262114 0.092068 -0.117252 1.464235 
19.636842 -0.569456 -0.168268 -0.100324 -0.497902 -0.079753 -1.260325 0.091296 -0.146581 1.463545 
19.637058 -0.552478 -0.163391 -0.103215 -0.504446 -0.082744 -1.260936 0.093300 -0.117585 1.465371 
19.650914 -0.578149 -0.167558 -0.108056 -0.505613 -0.074941 -1.248530 0.089375 -0.107679 1.462878 
19.628494 -0.567968 -0.153840 -0.099999 -0.502975 -0.078804 -1.267579 0.090542 -0.116667 1.463097 
19.636184 -0.566390 -0.159496 -0.097537 -0.506604 -0.090101 -1.260202 0.092240 -0.119039 1.464429 
19.636916 -0.565229 -0.159542 -0.101440 -0.490124 -0.092732 -1.262580 0.092947 -0.116319 1.465932 
19.635590 -0.564668 -0.162182 -0.091702 -0.500664 -0.083999 -1.259381 0.092715 -0.117038 1.464159 
19.632118 -0.559093 -0.167603 -0.080379 -0.505211 -0.085897 -1.263647 0.093485 -0.116554 1.464450 
19.639665 -0.567406 -0.163506 -0.093071 -0.501695 -0.080399 -1.255979 0.092066 -0.114370 1.463749 
19.641951 -0.567790 -0.163777 -0.092776 -0.501498 -0.079657 -1.258028 0.091992 -0.116587 1.463632 
19.639730 -0.568598 -0.165060 -0.093786 -0.500542 -0.077819 -1.253716 0.091762 -0.122048 1.463512 
19.642122 -0.567257 -0.163706 -0.092560 -0.501131 -0.080040 -1.257887 0.088173 -0.116587 1.463750 
19.644615 -0.568126 -0.162211 -0.094337 -0.495073 -0.081420 -1.256728 0.093144 -0.115621 1.464408 
19.640862 -0.568537 -0.161109 -0.093804 -0.501160 -0.077628 -1.258963 0.091615 -0.116444 1.463354 
19.640706 -0.568327 -0.162330 -0.088750 -0.503496 -0.072816 -1.259585 0.092108 -0.114324 1.462910 
19.642142 -0.568582 -0.160383 -0.083860 -0.508231 -0.070283 -1.258590 0.092736 -0.113381 1.462610 
19.639938 -0.571756 -0.162618 -0.087604 -0.503148 -0.073861 -1.260000 0.091774 -0.114251 1.462797 
19.637854 -0.572389 -0.167565 -0.088513 -0.502830 -0.070217 -1.263048 0.091552 -0.112089 1.464694 
19.639798 -0.570564 -0.163332 -0.087706 -0.502330 -0.073322 -1.260181 0.091825 -0.113927 1.459304 
19.639290 -0.578222 -0.162967 -0.086787 -0.505834 -0.075793 -1.260980 0.091252 -0.113762 1.460430 
19.641121 -0.574204 -0.161837 -0.083666 -0.497509 -0.073227 -1.259187 0.092712 -0.112529 1.463698 
19.637584 -0.570790 -0.162264 -0.085996 -0.503340 -0.075003 -1.261765 0.092006 -0.115494 1.462937 
19.639560 -0.572089 -0.162823 -0.087834 -0.503171 -0.073451 -1.259466 0.093340 -0.114996 1.462731 
19.638714 -0.572518 -0.163562 -0.087556 -0.503119 -0.072321 -1.257561 0.091141 -0.116993 1.462685 
19.639826 -0.572701 -0.163596 -0.087531 -0.502972 -0.071942 -1.258604 0.091087 -0.118126 1.462625 
19.638896 -0.573312 -0.161149 -0.089769 -0.502864 -0.070365 -1.259148 0.090649 -0.118042 1.462443 
19.639613 -0.572920 -0.164075 -0.088598 -0.501965 -0.073031 -1.258684 0.090940 -0.118467 1.462725 
19.641473 -0.572053 -0.164255 -0.088812 -0.505874 -0.071369 -1.257482 0.091233 -0.118039 1.462745 
19.643770 -0.573016 -0.164027 -0.087986 -0.505765 -0.069530 -1.255646 0.091750 -0.117004 1.463214 
19.644643 -0.572521 -0.163494 -0.086384 -0.508327 -0.067874 -1.254738 0.092533 -0.117391 1.463929 
19.644271 -0.572837 -0.162874 -0.087895 -0.505692 -0.070577 -1.254895 0.091798 -0.117585 1.462780 
19.644939 -0.573861 -0.166516 -0.089849 -0.505666 -0.068538 -1.255028 0.091962 -0.116355 1.464504 
19.643906 -0.571329 -0.164034 -0.088193 -0.505024 -0.069003 -1.255436 0.091881 -0.117079 1.463336 
19.643984 -0.573463 -0.165034 -0.087823 -0.506208 -0.068496 -1.255725 0.091800 -0.116254 1.459731 
19.643970 -0.572746 -0.164106 -0.087608 -0.505996 -0.069280 -1.256362 0.090349 -0.116077 1.463532 
19.646176 -0.573633 -0.162961 -0.088082 -0.506467 -0.071276 -1.254867 0.089141 -0.116093 1.463119 
19.643350 -0.573100 -0.163657 -0.088176 -0.505944 -0.068358 -1.255770 0.089350 -0.116834 1.463459 
19.643381 -0.573751 -0.161323 -0.090138 -0.506366 -0.067321 -1.257003 0.090347 -0.115506 1.463548 
19.642301 -0.573054 -0.163597 -0.088180 -0.506130 -0.068726 -1.254635 0.089494 -0.115729 1.463561 
19.643202 -0.571929 -0.164984 -0.088437 -0.507376 -0.066323 -1.255973 0.087006 -0.116279 1.463492 
19.642404 -0.573413 -0.165648 -0.087027 -0.506838 -0.063894 -1.255995 0.085163 -0.116211 1.464123 
19.642614 -0.572512 -0.165031 -0.088712 -0.507583 -0.066784 -1.256362 0.086810 -0.117893 1.463478 
19.641626 -0.570880 -0.166068 -0.089491 -0.510028 -0.066733 -1.256565 0.086465 -0.115046 1.463657 
19.643366 -0.570746 -0.165588 -0.090556 -0.511405 -0.067588 -1.255078 0.084068 -0.115051 1.463142 
19.641686 -0.570352 -0.165710 -0.089538 -0.509859 -0.066953 -1.256570 0.086222 -0.115204 1.465458 
19.640379 -0.568058 -0.166460 -0.090431 -0.509149 -0.065502 -1.256361 0.086620 -0.115821 1.462335 
19.641468 -0.571245 -0.165912 -0.090565 -0.509079 -0.067006 -1.257441 0.085868 -0.114438 1.463559 
19.641936 -0.571503 -0.163774 -0.090460 -0.511693 -0.064763 -1.257181 0.087701 -0.115149 1.463733 
19.642242 -0.571998 -0.164834 -0.091512 -0.511588 -0.064327 -1.256469 0.088284 -0.115255 1.464166 
19.643461 -0.571343 -0.164138 -0.088896 -0.513706 -0.064550 -1.259327 0.088942 -0.115311 1.463500 
19.643167 -0.571957 -0.163142 -0.087002 -0.516099 -0.064928 -1.259819 0.090882 -0.114835 1.463155 
19.642913 -0.573054 -0.163483 -0.086308 -0.516280 -0.064074 -1.259885 0.089926 -0.114547 1.463587 
19.643277 -0.569762 -0.163444 -0.086356 -0.516771 -0.062433 -1.260894 0.090647 -0.115985 1.462315 
19.643901 -0.571400 -0.163037 -0.086769 -0.515910 -0.064516 -1.259323 0.090939 -0.113271 1.463131 
19.645269 -0.572499 -0.162492 -0.087586 -0.517968 -0.066027 -1.259215 0.089068 -0.115898 1.462614 
19.646064 -0.572868 -0.162036 -0.086726 -0.517043 -0.065741 -1.258639 0.089525 -0.116684 1.462569 
19.646063 -0.574136 -0.161852 -0.088453 -0.517180 -0.066755 -1.262308 0.089204 -0.115914 1.462384 
19.645392 -0.572151 -0.161665 -0.087839 -0.518175 -0.065800 -1.259354 0.089113 -0.116065 1.464283 
19.645377 -0.571880 -0.164658 -0.085876 -0.517900 -0.068343 -1.259649 0.088585 -0.116517 1.463649 
19.645968 -0.572950 -0.163638 -0.088226 -0.518384 -0.065539 -1.259063 0.089968 -0.116046 1.462983 
19.644654 -0.574628 -0.162663 -0.090333 -0.518938 -0.064553 -1.257564 0.090642 -0.116596 1.461962 
19.645615 -0.572073 -0.163594 -0.088166 -0.519027 -0.064996 -1.259409 0.089149 -0.116150 1.461797 
19.646827 -0.571478 -0.163848 -0.088139 -0.518986 -0.062439 -1.260725 0.090396 -0.117917 1.462449 
19.646710 -0.570843 -0.166596 -0.087431 -0.519952 -0.062796 -1.261279 0.090508 -0.120237 1.462609 
19.647966 -0.571185 -0.163701 -0.088276 -0.518965 -0.061669 -1.260592 0.090569 -0.116617 1.462201 
19.648297 -0.571907 -0.163397 -0.088736 -0.518662 -0.061965 -1.262138 0.090474 -0.116442 1.461682 
19.647890 -0.571340 -0.163451 -0.087804 -0.519563 -0.061763 -1.260713 0.091055 -0.116498 1.462114 
19.647500 -0.572002 -0.162741 -0.088812 -0.519791 -0.060856 -1.260092 0.091489 -0.116636 1.461625 
19.647624 -0.571448 -0.162561 -0.089162 -0.519705 -0.061285 -1.260062 0.091961 -0.116778 1.461422 
19.647431 -0.571669 -0.161793 -0.089148 -0.520447 -0.060537 -1.260465 0.090812 -0.116383 1.462848 
19.646884 -0.571814 -0.163057 -0.088948 -0.519660 -0.060674 -1.260362 0.091798 -0.116212 1.461770 
19.646489 -0.571780 -0.162189 -0.087895 -0.518582 -0.059919 -1.260407 0.091768 -0.116029 1.461611 
19.646291 -0.571344 -0.162229 -0.087848 -0.518923 -0.059706 -1.260567 0.091346 -0.116106 1.461020 
19.646248 -0.571927 -0.163020 -0.087275 -0.519146 -0.058219 -1.260726 0.091174 -0.115652 1.461023 
19.645883 -0.572708 -0.163579 -0.086734 -0.519342 -0.057302 -1.260517 0.090633 -0.114555 1.460807 
19.645972 -0.571607 -0.163182 -0.087038 -0.519295 -0.058154 -1.259990 0.091202 -0.115869 1.461299 
19.646020 -0.572540 -0.163178 -0.087299 -0.519021 -0.057755 -1.262121 0.091298 -0.116733 1.461055 
19.645962 -0.572632 -0.162920 -0.086851 -0.519606 -0.057901 -1.262247 0.091822 -0.116627 1.460955 
19.647217 -0.571870 -0.163179 -0.087623 -0.518787 -0.056906 -1.262748 0.091980 -0.116358 1.460822 
19.646980 -0.572109 -0.162790 -0.088175 -0.518896 -0.056557 -1.262443 0.092200 -0.116459 1.460506 
19.646561 -0.571280 -0.162461 -0.088337 -0.519075 -0.056825 -1.263225 0.091490 -0.116369 1.459244 
19.647141 -0.572310 -0.163187 -0.087982 -0.518602 -0.056751 -1.262204 0.092467 -0.116670 1.459878 
19.648350 -0.572810 -0.162482 -0.087639 -0.519028 -0.056617 -1.261942 0.091561 -0.117269 1.459679 
19.648518 -0.572847 -0.163034 -0.088088 -0.519651 -0.056770 -1.261963 0.091496 -0.117311 1.459680 
19.649050 -0.573815 -0.162674 -0.088884 -0.519183 -0.057676 -1.262637 0.091792 -0.116833 1.459826 
19.648419 -0.573311 -0.163258 -0.087894 -0.519703 -0.056347 -1.262067 0.091228 -0.116724 1.459499 
19.648290 -0.573663 -0.164092 -0.087490 -0.519992 -0.054700 -1.262037 0.091101 -0.116745 1.459479 
19.648500 -0.573471 -0.164615 -0.087209 -0.520313 -0.053712 -1.260947 0.090884 -0.115721 1.459346 
19.648271 -0.573470 -0.164296 -0.087933 -0.519460 -0.054612 -1.262015 0.090490 -0.116840 1.459408 
19.647735 -0.573524 -0.164039 -0.087192 -0.520548 -0.054294 -1.263315 0.090802 -0.117054 1.458427 
19.647731 -0.574074 -0.164080 -0.087314 -0.520131 -0.055095 -1.261769 0.090674 -0.116636 1.459455 
19.647938 -0.574301 -0.164593 -0.087328 -0.519930 -0.054106 -1.262093 0.091382 -0.118101 1.460333 
19.648530 -0.574317 -0.164087 -0.087707 -0.519790 -0.054738 -1.262469 0.091182 -0.116316 1.459505 
19.648438 -0.574414 -0.163929 -0.088043 -0.519901 -0.054644 -1.262320 0.091295 -0.116385 1.459356 
19.648802 -0.574242 -0.164584 -0.088053 -0.520316 -0.055187 -1.262605 0.091121 -0.116341 1.459577 
19.648620 -0.574416 -0.164271 -0.087609 -0.519640 -0.054846 -1.262347 0.091312 -0.116429 1.459191 
19.649122 -0.574470 -0.163491 -0.087546 -0.519864 -0.054903 -1.262484 0.090826 -0.116512 1.459472 
19.648404 -0.574228 -0.163940 -0.087787 -0.519629 -0.055045 -1.262629 0.091327 -0.116447 1.459556 
19.648666 -0.574269 -0.164118 -0.087522 -0.519835 -0.054369 -1.262383 0.091189 -0.115448 1.459499 
19.648736 -0.574716 -0.164391 -0.087296 -0.519877 -0.053729 -1.262421 0.091209 -0.115397 1.459952 
19.648807 -0.574722 -0.164686 -0.087590 -0.519418 -0.053311 -1.262445 0.090602 -0.115271 1.460031 
19.648933 -0.574541 -0.164682 -0.087610 -0.519454 -0.053094 -1.262752 0.090719 -0.115362 1.459873 
19.648511 -0.574878 -0.164748 -0.087285 -0.519784 -0.052838 -1.263142 0.090361 -0.115223 1.459594 
19.648337 -0.574724 -0.164554 -0.087077 -0.519626 -0.052649 -1.262970 0.090360 -0.115331 1.459562 
19.648910 -0.575049 -0.165287 -0.087540 -0.520287 -0.052894 -1.263406 0.090333 -0.115000 1.459778 
19.648189 -0.574765 -0.164988 -0.087372 -0.519704 -0.052849 -1.263200 0.090558 -0.115156 1.459657 
19.648736 -0.575416 -0.164341 -0.087355 -0.519389 -0.052971 -1.263600 0.090467 -0.115013 1.459650 
19.648661 -0.575180 -0.164109 -0.087462 -0.519509 -0.053019 -1.263692 0.090341 -0.114792 1.459798 
19.648943 -0.575286 -0.164407 -0.087298 -0.519267 -0.053167 -1.263430 0.090460 -0.114442 1.458959 
19.648666 -0.575562 -0.164216 -0.087648 -0.519512 -0.052756 -1.263443 0.090585 -0.114975 1.459551 
19.648651 -0.575624 -0.164070 -0.088076 -0.519573 -0.053183 -1.263611 0.090201 -0.115475 1.459186 
19.648908 -0.575645 -0.164342 -0.087603 -0.519865 -0.052720 -1.263419 0.090422 -0.114943 1.459585 
19.649549 -0.576014 -0.164223 -0.087636 -0.519789 -0.052448 -1.263580 0.090674 -0.114675 1.459975 
19.649299 -0.576132 -0.164874 -0.087942 -0.519991 -0.052538 -1.263929 0.090942 -0.114369 1.460130 
19.649340 -0.576030 -0.164749 -0.087830 -0.520201 -0.052592 -1.264088 0.091259 -0.114471 1.460010 
19.649158 -0.576488 -0.164567 -0.087613 -0.520422 -0.053132 -1.263686 0.091440 -0.114298 1.460267 
19.649169 -0.576269 -0.164643 -0.087659 -0.520223 -0.052470 -1.264329 0.091126 -0.114385 1.459893 
19.649058 -0.576340 -0.164747 -0.087204 -0.520631 -0.051743 -1.264342 0.091177 -0.114261 1.459945 
19.649039 -0.576589 -0.164788 -0.086875 -0.521145 -0.051058 -1.264556 0.091126 -0.114250 1.459908 
19.648925 -0.576754 -0.164666 -0.086528 -0.521021 -0.050359 -1.264759 0.091506 -0.114007 1.460075 
19.649150 -0.576776 -0.165011 -0.086766 -0.521010 -0.051056 -1.264437 0.091239 -0.114331 1.459630 
19.649085 -0.576204 -0.164586 -0.086893 -0.521595 -0.051088 -1.264582 0.090811 -0.113592 1.459743 
19.649337 -0.576169 -0.164700 -0.086625 -0.521543 -0.051216 -1.264753 0.090723 -0.113562 1.459923 
19.648321 -0.575963 -0.164468 -0.087051 -0.521903 -0.050965 -1.264502 0.090650 -0.113950 1.459789 
19.648174 -0.576061 -0.164744 -0.087212 -0.521959 -0.051057 -1.264748 0.090748 -0.113801 1.459818 
19.648119 -0.576521 -0.164171 -0.087427 -0.521863 -0.051133 -1.265198 0.090476 -0.113851 1.459552 
19.648135 -0.576160 -0.164594 -0.087059 -0.522180 -0.051290 -1.264708 0.091025 -0.113807 1.459831 
19.648094 -0.576606 -0.164740 -0.087409 -0.522066 -0.051031 -1.264237 0.090486 -0.113538 1.460264 
19.648319 -0.576671 -0.164799 -0.087518 -0.522386 -0.050852 -1.264305 0.090488 -0.113710 1.460271 
19.648451 -0.576395 -0.164490 -0.088252 -0.522278 -0.050832 -1.264174 0.090897 -0.113650 1.460435 
19.648237 -0.576707 -0.164686 -0.087376 -0.522358 -0.050513 -1.264432 0.090646 -0.113573 1.460419 
19.648066 -0.576991 -0.164836 -0.087351 -0.522437 -0.050094 -1.264113 0.090835 -0.113415 1.459729 
19.648100 -0.576798 -0.164740 -0.087348 -0.522659 -0.050114 -1.264134 0.090674 -0.113085 1.459654 
19.647965 -0.577085 -0.164918 -0.086803 -0.522989 -0.049536 -1.264286 0.090448 -0.113026 1.459711 
19.647864 -0.577267 -0.164895 -0.086693 -0.523326 -0.048682 -1.264333 0.090549 -0.112847 1.459816 
19.647648 -0.577505 -0.164869 -0.086504 -0.523561 -0.047871 -1.264308 0.090595 -0.112566 1.459957 
19.647759 -0.577650 -0.165009 -0.086493 -0.524115 -0.047139 -1.264373 0.090642 -0.112654 1.459749 
19.647389 -0.578051 -0.165242 -0.085941 -0.524161 -0.046915 -1.264181 0.090266 -0.112413 1.459657 
19.647504 -0.577598 -0.164965 -0.086642 -0.524311 -0.047177 -1.264292 0.090471 -0.112840 1.459939 
19.647975 -0.577809 -0.164898 -0.086788 -0.524513 -0.047139 -1.264378 0.090325 -0.112794 1.460706 
19.647980 -0.577655 -0.165077 -0.086620 -0.524662 -0.047218 -1.264161 0.090578 -0.112775 1.460829 
19.647796 -0.578167 -0.164293 -0.086631 -0.524891 -0.047390 -1.264623 0.090688 -0.112849 1.460673 
19.647649 -0.578265 -0.164569 -0.086792 -0.524948 -0.047482 -1.264870 0.090786 -0.112700 1.460702 
19.647557 -0.577652 -0.164064 -0.086611 -0.524813 -0.047050 -1.265193 0.090658 -0.113069 1.460963 
19.647600 -0.577440 -0.163962 -0.086631 -0.525013 -0.047122 -1.265206 0.090500 -0.112745 1.460883 
19.647348 -0.577693 -0.163722 -0.087377 -0.524756 -0.046744 -1.264924 0.090804 -0.112990 1.461046 
19.647791 -0.577507 -0.164088 -0.086817 -0.524911 -0.047212 -1.265272 0.090730 -0.113299 1.460823 
19.647286 -0.577959 -0.164105 -0.086430 -0.525049 -0.047055 -1.265362 0.089898 -0.113361 1.461022 
19.647407 -0.578043 -0.164184 -0.086385 -0.525265 -0.046692 -1.265415 0.089966 -0.113355 1.460871 
19.647795 -0.578392 -0.164093 -0.086044 -0.525004 -0.046323 -1.265920 0.089827 -0.113121 1.460718 
19.647333 -0.578279 -0.164121 -0.085833 -0.524817 -0.046207 -1.265977 0.089860 -0.113171 1.459927 
19.647706 -0.578559 -0.163805 -0.085951 -0.525206 -0.046456 -1.266025 0.090030 -0.113146 1.460712 
19.647784 -0.578601 -0.164090 -0.085305 -0.525598 -0.045975 -1.266108 0.090117 -0.113118 1.460928 
19.647848 -0.578466 -0.163520 -0.085814 -0.525148 -0.046356 -1.265767 0.089937 -0.113291 1.460684 
19.647558 -0.578896 -0.163460 -0.086644 -0.525128 -0.046037 -1.266040 0.089896 -0.113021 1.460650 
19.647811 -0.578823 -0.163943 -0.085960 -0.525327 -0.046546 -1.265738 0.090035 -0.113066 1.460547 
19.648030 -0.579118 -0.163767 -0.085822 -0.524714 -0.047023 -1.265971 0.089804 -0.112830 1.460506 
19.647901 -0.578735 -0.163933 -0.086058 -0.525459 -0.046719 -1.266077 0.090128 -0.113254 1.460464 
19.648397 -0.578844 -0.164048 -0.086238 -0.525359 -0.046374 -1.265349 0.089714 -0.113355 1.460155 
19.648164 -0.578879 -0.164067 -0.086264 -0.525464 -0.046539 -1.265276 0.089398 -0.113536 1.460231 
19.648372 -0.578938 -0.164098 -0.086237 -0.525256 -0.046350 -1.265331 0.089806 -0.113516 1.460199 
19.648342 -0.578631 -0.164030 -0.086442 -0.525296 -0.046561 -1.265095 0.089921 -0.113313 1.460159 
19.648511 -0.578872 -0.164045 -0.086280 -0.525412 -0.046397 -1.265339 0.089709 -0.113342 1.460355 
19.648436 -0.578923 -0.164191 -0.085971 -0.525532 -0.046051 -1.265404 0.089711 -0.113327 1.460130 
19.648542 -0.579081 -0.164307 -0.085653 -0.525574 -0.045802 -1.265504 0.089644 -0.113244 1.460083 
19.648482 -0.578819 -0.164278 -0.085837 -0.525532 -0.046164 -1.265324 0.089752 -0.113351 1.460134 
19.648288 -0.578859 -0.164208 -0.086141 -0.525778 -0.045745 -1.265326 0.089861 -0.113344 1.460141 
19.648261 -0.578737 -0.164089 -0.086240 -0.525761 -0.045659 -1.265333 0.089859 -0.113085 1.459789 
19.648257 -0.578779 -0.164281 -0.086328 -0.525787 -0.045715 -1.265407 0.089871 -0.113036 1.459757 
19.648358 -0.578641 -0.163978 -0.086251 -0.525952 -0.045683 -1.265660 0.089917 -0.113305 1.459682 
19.648349 -0.578791 -0.163923 -0.086226 -0.526069 -0.045774 -1.265593 0.089975 -0.113292 1.459622 
19.648096 -0.578625 -0.163992 -0.086266 -0.526104 -0.045668 -1.265639 0.089551 -0.113398 1.459630 
19.647926 -0.578613 -0.163967 -0.086188 -0.526083 -0.045704 -1.265736 0.089630 -0.113331 1.459677 
19.648014 -0.578574 -0.163845 -0.086320 -0.526299 -0.045663 -1.265811 0.089529 -0.113078 1.459940 
19.647988 -0.578726 -0.163777 -0.086424 -0.526205 -0.045594 -1.265886 0.089507 -0.113102 1.459946 
19.647854 -0.578355 -0.163902 -0.086430 -0.526521 -0.045426 -1.265679 0.089668 -0.113142 1.459996 
19.647715 -0.578035 -0.163838 -0.086672 -0.526596 -0.045562 -1.265547 0.089712 -0.113213 1.460071 
19.647848 -0.578299 -0.163845 -0.086467 -0.526507 -0.045384 -1.265687 0.089661 -0.113009 1.459816 
19.647891 -0.578409 -0.164041 -0.086160 -0.526677 -0.045091 -1.265728 0.089640 -0.113097 1.460008 
19.647840 -0.578624 -0.164069 -0.086135 -0.526720 -0.044673 -1.265829 0.089645 -0.113118 1.460037 
19.647804 -0.578911 -0.164060 -0.085997 -0.527020 -0.044518 -1.265753 0.089745 -0.113090 1.459971 
19.647785 -0.579013 -0.164464 -0.086116 -0.527127 -0.044475 -1.265911 0.089770 -0.112995 1.459925 
19.647706 -0.579057 -0.164519 -0.086112 -0.527053 -0.044462 -1.265750 0.089697 -0.112900 1.459970 
19.647955 -0.579080 -0.164523 -0.085998 -0.527081 -0.044186 -1.265896 0.090056 -0.112886 1.460016 
19.647913 -0.579167 -0.164579 -0.085816 -0.527228 -0.043793 -1.265986 0.089969 -0.112920 1.460031 
19.647965 -0.579240 -0.164636 -0.085569 -0.527562 -0.043873 -1.265836 0.090085 -0.112837 1.459957 
19.647744 -0.579157 -0.164553 -0.085738 -0.527204 -0.043834 -1.266084 0.090047 -0.112853 1.460077 
19.647895 -0.579242 -0.164611 -0.086078 -0.527181 -0.043657 -1.265939 0.090002 -0.113209 1.460265 
19.647948 -0.579236 -0.164543 -0.086144 -0.527273 -0.043661 -1.265983 0.089944 -0.113083 1.460400 
19.648141 -0.579543 -0.164524 -0.086095 -0.527046 -0.043696 -1.266138 0.089783 -0.113108 1.460429 
19.648087 -0.579661 -0.164425 -0.086203 -0.527075 -0.043652 -1.266125 0.089831 -0.113059 1.460312 
19.648205 -0.579439 -0.164433 -0.086411 -0.526886 -0.043407 -1.266182 0.089703 -0.112997 1.460201 
19.648197 -0.579481 -0.164633 -0.086489 -0.526933 -0.043435 -1.266253 0.089720 -0.112948 1.460171 
19.648512 -0.579535 -0.164472 -0.086485 -0.527099 -0.043302 -1.265946 0.089650 -0.113110 1.460177 
19.648589 -0.579489 -0.164415 -0.086492 -0.527170 -0.043325 -1.266107 0.089725 -0.113204 1.460132 
19.648469 -0.579695 -0.164455 -0.086614 -0.527120 -0.042986 -1.265984 0.089754 -0.113164 1.460458 
19.648282 -0.579757 -0.164413 -0.086758 -0.527265 -0.042932 -1.266039 0.089422 -0.113357 1.460507 
19.648481 -0.579681 -0.164441 -0.086767 -0.527044 -0.043112 -1.265932 0.089801 -0.113234 1.460521 
19.648503 -0.579775 -0.164456 -0.086364 -0.527262 -0.042681 -1.266069 0.089732 -0.112953 1.460404 
19.648550 -0.579865 -0.164450 -0.086129 -0.527399 -0.042369 -1.266149 0.089725 -0.112730 1.460365 
19.648637 -0.579974 -0.164449 -0.085955 -0.527468 -0.042038 -1.266203 0.089861 -0.112507 1.460420 
19.648579 -0.580088 -0.164441 -0.085788 -0.527650 -0.041685 -1.266312 0.089737 -0.112414 1.460432 
19.648584 -0.580221 -0.164437 -0.085637 -0.527773 -0.041300 -1.266399 0.089766 -0.112272 1.460510 
19.648618 -0.580354 -0.164493 -0.085471 -0.527882 -0.041044 -1.266229 0.089611 -0.112030 1.460485 
19.648816 -0.580387 -0.164427 -0.085317 -0.528147 -0.040822 -1.266419 0.089635 -0.112007 1.460371 
19.648836 -0.580541 -0.164453 -0.085400 -0.528329 -0.040500 -1.266385 0.089562 -0.112201 1.460531 
19.648833 -0.580490 -0.164172 -0.085334 -0.528291 -0.040142 -1.266381 0.089452 -0.112268 1.460613 
19.648809 -0.580518 -0.164250 -0.085424 -0.528350 -0.039718 -1.266538 0.089340 -0.112247 1.460657 
19.648916 -0.580602 -0.164257 -0.085467 -0.528410 -0.039278 -1.266566 0.089393 -0.112236 1.460785 
19.649019 -0.580602 -0.164214 -0.085420 -0.528517 -0.038863 -1.266751 0.089364 -0.112164 1.460761 
19.649032 -0.580663 -0.164234 -0.085389 -0.528560 -0.038421 -1.266753 0.089240 -0.112025 1.460802 
19.649178 -0.580746 -0.164194 -0.085365 -0.528626 -0.037992 -1.266750 0.089312 -0.111973 1.460907 
19.649266 -0.580896 -0.164354 -0.085365 -0.528864 -0.037653 -1.266825 0.089254 -0.111926 1.460916 
19.649173 -0.581118 -0.164221 -0.085478 -0.529004 -0.037309 -1.266906 0.089259 -0.111872 1.460863 
19.649209 -0.581328 -0.164200 -0.085433 -0.529056 -0.036938 -1.267072 0.089147 -0.111880 1.460962 
19.649270 -0.581461 -0.164111 -0.085343 -0.529258 -0.036556 -1.267088 0.089066 -0.111802 1.460927 
19.649372 -0.581616 -0.164106 -0.085209 -0.529344 -0.036188 -1.267208 0.088925 -0.111794 1.461022 
19.649453 -0.581655 -0.164083 -0.085174 -0.529455 -0.035788 -1.267418 0.088891 -0.111696 1.460976 
19.649456 -0.581771 -0.164111 -0.085150 -0.529524 -0.035360 -1.267446 0.088771 -0.111557 1.461005 
19.649561 -0.581922 -0.164084 -0.085117 -0.529647 -0.034939 -1.267505 0.088776 -0.111499 1.461063 
19.649643 -0.581949 -0.163970 -0.084924 -0.529911 -0.034683 -1.267436 0.088642 -0.111406 1.460943 
19.649658 -0.581907 -0.163852 -0.085027 -0.530157 -0.034589 -1.267551 0.088515 -0.111228 1.461229 
19.649543 -0.581944 -0.163880 -0.084923 -0.530309 -0.034173 -1.267632 0.088477 -0.111314 1.461250 
19.649575 -0.582016 -0.163876 -0.084932 -0.530431 -0.033743 -1.267700 0.088337 -0.111398 1.461215 
19.649522 -0.582169 -0.163903 -0.084802 -0.530571 -0.033346 -1.267819 0.088297 -0.111360 1.461210 
19.649526 -0.582331 -0.163907 -0.084725 -0.530720 -0.032949 -1.267943 0.088210 -0.111301 1.461211 
19.649600 -0.582456 -0.163883 -0.084744 -0.530860 -0.032545 -1.268040 0.088052 -0.111289 1.461202 
19.649680 -0.582585 -0.163839 -0.084651 -0.531036 -0.032150 -1.268124 0.088129 -0.111337 1.461247 
19.649629 -0.582664 -0.163713 -0.084526 -0.531061 -0.031723 -1.268215 0.088055 -0.111298 1.461269 
19.649669 -0.582705 -0.163842 -0.084406 -0.531203 -0.031311 -1.268295 0.087984 -0.111252 1.461295 
19.649727 -0.582830 -0.163829 -0.084334 -0.531391 -0.030948 -1.268425 0.087920 -0.111125 1.461391 
19.649908 -0.582778 -0.163778 -0.084377 -0.531495 -0.030543 -1.268451 0.087793 -0.111161 1.461468 
19.649852 -0.582848 -0.163795 -0.084424 -0.531687 -0.030120 -1.268487 0.087802 -0.111090 1.461395 
19.649811 -0.583018 -0.163827 -0.084392 -0.531862 -0.029713 -1.268446 0.087721 -0.111093 1.461438 
19.649792 -0.583116 -0.163841 -0.084351 -0.532062 -0.029300 -1.268549 0.087656 -0.111096 1.461405 
19.649794 -0.583261 -0.163776 -0.084366 -0.532273 -0.028914 -1.268630 0.087615 -0.110998 1.461445 
19.649846 -0.583360 -0.163769 -0.084308 -0.532448 -0.028506 -1.268704 0.087490 -0.111040 1.461494 
19.649794 -0.583366 -0.163806 -0.084261 -0.532638 -0.028159 -1.268926 0.087482 -0.111050 1.461332 
19.649739 -0.583503 -0.163942 -0.084390 -0.532588 -0.027796 -1.269099 0.087516 -0.111090 1.461452 
19.649807 -0.583657 -0.163995 -0.084346 -0.532674 -0.027363 -1.269129 0.087488 -0.111036 1.461378 
19.649779 -0.583716 -0.164038 -0.084291 -0.532833 -0.026914 -1.269164 0.087485 -0.111009 1.461410 
19.649809 -0.583826 -0.164019 -0.084285 -0.532995 -0.026489 -1.269272 0.087459 -0.110939 1.461433 
19.649868 -0.583900 -0.164064 -0.084212 -0.533120 -0.026062 -1.269359 0.087351 -0.111010 1.461457 
19.649982 -0.584057 -0.163989 -0.084247 -0.533259 -0.025703 -1.269542 0.087270 -0.110939 1.461467 
19.649889 -0.584106 -0.164076 -0.084270 -0.533355 -0.025320 -1.269583 0.087054 -0.110816 1.461440 
19.649967 -0.584213 -0.164271 -0.084339 -0.533638 -0.025009 -1.269608 0.087036 -0.110808 1.461444 
19.649917 -0.584336 -0.164239 -0.084369 -0.533776 -0.024569 -1.269625 0.087001 -0.110859 1.461396 
19.649862 -0.584300 -0.164237 -0.084296 -0.533972 -0.024189 -1.269741 0.087002 -0.110788 1.461560 
19.649790 -0.584517 -0.164318 -0.084114 -0.534110 -0.023862 -1.269862 0.086965 -0.110735 1.461604 
19.649823 -0.584570 -0.164390 -0.084035 -0.534217 -0.023420 -1.269966 0.086945 -0.110665 1.461617 
19.649771 -0.584765 -0.164384 -0.084032 -0.534335 -0.023006 -1.269985 0.086899 -0.110719 1.461535 
19.649687 -0.584894 -0.164463 -0.084076 -0.534433 -0.022624 -1.270171 0.086827 -0.110795 1.461606 
19.649650 -0.585091 -0.164380 -0.084169 -0.534602 -0.022321 -1.270306 0.086858 -0.110588 1.461587 
19.649700 -0.585286 -0.164383 -0.084156 -0.534662 -0.021961 -1.270194 0.086760 -0.110558 1.461791 
19.649679 -0.585378 -0.164368 -0.084063 -0.534895 -0.021580 -1.270267 0.086638 -0.110574 1.461767 
19.649696 -0.585436 -0.164390 -0.084010 -0.535047 -0.021135 -1.270334 0.086577 -0.110568 1.461724 
19.649689 -0.585500 -0.164421 -0.083962 -0.535225 -0.020714 -1.270451 0.086485 -0.110567 1.461743 
19.649551 -0.585581 -0.164378 -0.083900 -0.535469 -0.020871 -1.270618 0.086272 -0.110623 1.461960 
19.649695 -0.585630 -0.164294 -0.083866 -0.535492 -0.020882 -1.270690 0.086377 -0.110725 1.461995 
19.649747 -0.585428 -0.164430 -0.084038 -0.535340 -0.020745 -1.270873 0.086067 -0.110548 1.462057 
19.649845 -0.585482 -0.164595 -0.084107 -0.535444 -0.020791 -1.270847 0.086064 -0.110549 1.462018 
19.649645 -0.585176 -0.164510 -0.084149 -0.535499 -0.020619 -1.270875 0.086302 -0.110572 1.462277 
19.649702 -0.585143 -0.164554 -0.083978 -0.535515 -0.020640 -1.270885 0.086336 -0.110428 1.462316 
19.649537 -0.585320 -0.164807 -0.083890 -0.535337 -0.020551 -1.271101 0.086448 -0.110521 1.462358 
19.649654 -0.585143 -0.164507 -0.084036 -0.535574 -0.020673 -1.271020 0.086406 -0.110332 1.462193 
19.649682 -0.585406 -0.164398 -0.084218 -0.535552 -0.020602 -1.270931 0.086460 -0.110083 1.462407 
19.649685 -0.585450 -0.164380 -0.084164 -0.535656 -0.020405 -1.270930 0.086415 -0.110090 1.462353 
19.649824 -0.585284 -0.164152 -0.084177 -0.535913 -0.020261 -1.270794 0.086264 -0.110014 1.462284 
19.649767 -0.585378 -0.164207 -0.084061 -0.536029 -0.019842 -1.270929 0.086219 -0.110025 1.462259 
19.649710 -0.585471 -0.164261 -0.083946 -0.536146 -0.019422 -1.271064 0.086174 -0.110033 1.462237 
19.649666 -0.585552 -0.164293 -0.083838 -0.536280 -0.018997 -1.271187 0.086118 -0.110030 1.462215 
19.649634 -0.585618 -0.164307 -0.083733 -0.536430 -0.018571 -1.271296 0.086053 -0.110020 1.462189 
19.649647 -0.585626 -0.164252 -0.083646 -0.536637 -0.018160 -1.271350 0.085951 -0.109991 1.462144 
19.649561 -0.585761 -0.164350 -0.083535 -0.536698 -0.017762 -1.271518 0.085940 -0.110003 1.462149 
19.649550 -0.585902 -0.164309 -0.083511 -0.536839 -0.017343 -1.271580 0.085892 -0.109895 1.462206 
19.649540 -0.586004 -0.164274 -0.083458 -0.536999 -0.016915 -1.271651 0.085828 -0.109820 1.462227 
19.649521 -0.586071 -0.164264 -0.083370 -0.537162 -0.016486 -1.271743 0.085756 -0.109788 1.462212 
19.649538 -0.586223 -0.164171 -0.083394 -0.537310 -0.016100 -1.271757 0.085707 -0.109630 1.462300 
19.649538 -0.586304 -0.164123 -0.083339 -0.537485 -0.015675 -1.271817 0.085632 -0.109557 1.462311 
19.649460 -0.586508 -0.164191 -0.083291 -0.537525 -0.015285 -1.271959 0.085643 -0.109495 1.462388 
19.649393 -0.586606 -0.164108 -0.083331 -0.537706 -0.014993 -1.272179 0.085686 -0.109305 1.462280 
19.649463 -0.586651 -0.164149 -0.083075 -0.537820 -0.014715 -1.272229 0.085685 -0.109058 1.462384 
19.649394 -0.586646 -0.164152 -0.083142 -0.537996 -0.014301 -1.272265 0.085734 -0.109048 1.462535 
19.649365 -0.586736 -0.164133 -0.083108 -0.538139 -0.013860 -1.272325 0.085641 -0.109076 1.462536 
19.649347 -0.586731 -0.164039 -0.083119 -0.538378 -0.013464 -1.272406 0.085590 -0.109017 1.462488 
19.649343 -0.586904 -0.164045 -0.083010 -0.538425 -0.013080 -1.272458 0.085410 -0.109102 1.462420 
19.649204 -0.586937 -0.164157 -0.082935 -0.538525 -0.012732 -1.272705 0.085469 -0.109139 1.462364 
19.649126 -0.586845 -0.163896 -0.082904 -0.538340 -0.012473 -1.272853 0.085355 -0.109100 1.462494 
19.648736 -0.586862 -0.163935 -0.082867 -0.538440 -0.012452 -1.272734 0.085151 -0.108973 1.462520 
19.648741 -0.586799 -0.164005 -0.082920 -0.538324 -0.012369 -1.272640 0.085181 -0.108894 1.462413 
19.648636 -0.586960 -0.163801 -0.082785 -0.538388 -0.012095 -1.272502 0.085379 -0.108949 1.462374 
19.648664 -0.587086 -0.163799 -0.082844 -0.538513 -0.011671 -1.272556 0.085268 -0.108898 1.462444 
19.648647 -0.587176 -0.163813 -0.082908 -0.538651 -0.011243 -1.272660 0.085225 -0.108832 1.462521 
19.648698 -0.587250 -0.163730 -0.082930 -0.538832 -0.010854 -1.272735 0.085072 -0.108753 1.462456 
19.648731 -0.587262 -0.163784 -0.082906 -0.538944 -0.010427 -1.272705 0.084952 -0.108820 1.462592 
19.648796 -0.587445 -0.163846 -0.082781 -0.538980 -0.010068 -1.272759 0.084862 -0.108661 1.462717 
19.648790 -0.587631 -0.163863 -0.082854 -0.539033 -0.009653 -1.272812 0.084743 -0.108671 1.462793 
19.648780 -0.587679 -0.163880 -0.082811 -0.539176 -0.009210 -1.272886 0.084715 -0.108611 1.462876 
19.648794 -0.587741 -0.163875 -0.082748 -0.539316 -0.008766 -1.272939 0.084638 -0.108562 1.462927 
19.648792 -0.587808 -0.163878 -0.082718 -0.539452 -0.008317 -1.273002 0.084576 -0.108525 1.462991 
19.648841 -0.587917 -0.163848 -0.082647 -0.539565 -0.007892 -1.273022 0.084423 -0.108497 1.463003 
19.648823 -0.588060 -0.163862 -0.082709 -0.539649 -0.007458 -1.273084 0.084332 -0.108505 1.463079 
19.648816 -0.588040 -0.163858 -0.082624 -0.539829 -0.007026 -1.273152 0.084322 -0.108442 1.463133 
19.648865 -0.588085 -0.163808 -0.082519 -0.539980 -0.006604 -1.273167 0.084185 -0.108416 1.463118 
19.648841 -0.588135 -0.163809 -0.082526 -0.540124 -0.006153 -1.273237 0.084141 -0.108403 1.463182 
19.648856 -0.588222 -0.163779 -0.082509 -0.540253 -0.005710 -1.273272 0.084018 -0.108410 1.463199 
19.648779 -0.588259 -0.163820 -0.082587 -0.540384 -0.005287 -1.273377 0.084058 -0.108400 1.463317 
19.648865 -0.588301 -0.163751 -0.082595 -0.540549 -0.004920 -1.273320 0.083997 -0.108231 1.463481 
19.648798 -0.588434 -0.163749 -0.082375 -0.540573 -0.004527 -1.273287 0.084067 -0.108287 1.463544 
19.648811 -0.588361 -0.163934 -0.082343 -0.540483 -0.004126 -1.273292 0.084004 -0.108160 1.463452 
19.648634 -0.588405 -0.164033 -0.082195 -0.540646 -0.003858 -1.273409 0.083787 -0.108109 1.463558 
19.648757 -0.588310 -0.163776 -0.082333 -0.540352 -0.004103 -1.273380 0.083976 -0.108118 1.463482 
19.648927 -0.588552 -0.163812 -0.082410 -0.540524 -0.004039 -1.273385 0.084245 -0.108015 1.463183 
19.649083 -0.588593 -0.163869 -0.082364 -0.540480 -0.004053 -1.273523 0.084240 -0.108038 1.463262 
19.649300 -0.588378 -0.163758 -0.082445 -0.540454 -0.003876 -1.273405 0.084380 -0.108285 1.463251 
19.649319 -0.588511 -0.163731 -0.082540 -0.540394 -0.003847 -1.273372 0.084248 -0.108370 1.463213 
19.649274 -0.588500 -0.163864 -0.082588 -0.540225 -0.003835 -1.273241 0.084601 -0.108174 1.463472 
19.649416 -0.588386 -0.163677 -0.082399 -0.540495 -0.003874 -1.273292 0.084306 -0.108162 1.463299 
19.649454 -0.588405 -0.163740 -0.082094 -0.540244 -0.003953 -1.273150 0.084332 -0.108218 1.463083 
19.649475 -0.588281 -0.163735 -0.082523 -0.540433 -0.003973 -1.273300 0.084267 -0.108090 1.463220 
19.649385 -0.588392 -0.163676 -0.082560 -0.540763 -0.003577 -1.273456 0.084256 -0.108095 1.463432 
19.649385 -0.588481 -0.163462 -0.082725 -0.541027 -0.003748 -1.273545 0.084350 -0.108192 1.463613 
19.649371 -0.588398 -0.163808 -0.082421 -0.540811 -0.003154 -1.273517 0.084180 -0.108024 1.463357 
19.649436 -0.588249 -0.164003 -0.082535 -0.540827 -0.002873 -1.273620 0.084044 -0.107842 1.463217 
19.649389 -0.588369 -0.164152 -0.082625 -0.540666 -0.002619 -1.273509 0.084208 -0.107706 1.463424 
19.649278 -0.588270 -0.163857 -0.082589 -0.540431 -0.002479 -1.273702 0.084142 -0.107610 1.463478 
19.649408 -0.588279 -0.163930 -0.082534 -0.540383 -0.002506 -1.273818 0.084099 -0.107655 1.463595 
19.649210 -0.588088 -0.164059 -0.082464 -0.540432 -0.002379 -1.273685 0.083857 -0.107755 1.463784 
19.649146 -0.588013 -0.164108 -0.082361 -0.540492 -0.002443 -1.273740 0.083947 -0.107625 1.463820 
19.649102 -0.588434 -0.164103 -0.082546 -0.540374 -0.002392 -1.273722 0.083557 -0.107722 1.463730 
19.649218 -0.588441 -0.164022 -0.082499 -0.540415 -0.002391 -1.273608 0.083483 -0.107600 1.463779 
19.649406 -0.588473 -0.163921 -0.082655 -0.540350 -0.002150 -1.273495 0.083410 -0.107888 1.463717 
19.649389 -0.588502 -0.163861 -0.082750 -0.540517 -0.002112 -1.273578 0.083424 -0.107887 1.463815 
19.649383 -0.588624 -0.163992 -0.082587 -0.540613 -0.001722 -1.273644 0.083340 -0.107839 1.463745 
19.649376 -0.588751 -0.164113 -0.082404 -0.540714 -0.001339 -1.273711 0.083267 -0.107799 1.463671 
19.649363 -0.588872 -0.164209 -0.082355 -0.540902 -0.000949 -1.273825 0.083180 -0.107741 1.463678 
19.649377 -0.588991 -0.164321 -0.082276 -0.541019 -0.000532 -1.273895 0.083077 -0.107716 1.463635 
19.649430 -0.588766 -0.164300 -0.082452 -0.540837 -0.000920 -1.273837 0.083113 -0.107667 1.463573 
19.649365 -0.589011 -0.164305 -0.082258 -0.541031 -0.000536 -1.273893 0.083089 -0.107729 1.463654 
19.649350 -0.588931 -0.164274 -0.082415 -0.540782 -0.000882 -1.273741 0.083276 -0.107688 1.463780 
19.649366 -0.589006 -0.164300 -0.082253 -0.541041 -0.000541 -1.273899 0.083081 -0.107734 1.463646 
19.649308 -0.588822 -0.164060 -0.082338 -0.540782 -0.000884 -1.273919 0.083148 -0.107694 1.463705 
19.649306 -0.588950 -0.164135 -0.082234 -0.540908 -0.000471 -1.274004 0.083046 -0.107682 1.463675 
19.649322 -0.589063 -0.164156 -0.082288 -0.541095 -0.000069 -1.274110 0.082935 -0.107698 1.463718 
19.649344 -0.589180 -0.164177 -0.082329 -0.541271 0.000340 -1.274207 0.082822 -0.107726 1.463751 
19.649345 -0.589302 -0.164231 -0.082303 -0.541438 0.000752 -1.274312 0.082716 -0.107715 1.463762 
19.649367 -0.589422 -0.164257 -0.082319 -0.541601 0.001168 -1.274401 0.082601 -0.107748 1.463781 
19.649344 -0.589544 -0.164345 -0.082229 -0.541758 0.001565 -1.274515 0.082509 -0.107688 1.463774 
19.649499 -0.589431 -0.164329 -0.082261 -0.541545 0.001134 -1.274513 0.082559 -0.107796 1.463895 
19.649508 -0.589417 -0.164075 -0.082604 -0.541584 0.001212 -1.274301 0.082535 -0.108040 1.463832 
19.649270 -0.589322 -0.164316 -0.082258 -0.541580 0.001189 -1.274306 0.082484 -0.107813 1.463851 
19.649208 -0.589433 -0.164423 -0.082130 -0.541737 0.001564 -1.274414 0.082407 -0.107708 1.463827 
19.649228 -0.589490 -0.164326 -0.082277 -0.541506 0.001138 -1.274297 0.082349 -0.107813 1.463798 
19.649413 -0.589308 -0.164134 -0.082542 -0.541568 0.001238 -1.274206 0.082425 -0.108106 1.463905 
19.649388 -0.589328 -0.164234 -0.082210 -0.541616 0.001186 -1.274190 0.082412 -0.107692 1.463897 
19.649368 -0.589417 -0.164300 -0.082128 -0.541794 0.001600 -1.274275 0.082334 -0.107633 1.463895 
19.649455 -0.589339 -0.164223 -0.082082 -0.541526 0.001247 -1.274128 0.082462 -0.107773 1.463780 
19.649252 -0.589339 -0.164277 -0.082425 -0.541849 0.001212 -1.274338 0.082291 -0.107517 1.464121 
19.649227 -0.589426 -0.164344 -0.082354 -0.542034 0.001620 -1.274429 0.082208 -0.107452 1.464128 
19.649185 -0.589444 -0.164186 -0.082327 -0.541913 0.001180 -1.274326 0.082359 -0.107591 1.464226 
19.649159 -0.589533 -0.164252 -0.082256 -0.542099 0.001589 -1.274416 0.082276 -0.107526 1.464234 
19.649198 -0.589385 -0.164121 -0.082268 -0.542032 0.001113 -1.274410 0.082263 -0.107644 1.464123 
19.649173 -0.589468 -0.164182 -0.082191 -0.542229 0.001514 -1.274507 0.082172 -0.107584 1.464123 
19.649143 -0.589332 -0.163970 -0.082251 -0.541907 0.001165 -1.274502 0.082234 -0.107597 1.464149 
19.649182 -0.589477 -0.164205 -0.082194 -0.542248 0.001505 -1.274493 0.082177 -0.107591 1.464119 
19.649137 -0.589260 -0.164091 -0.082372 -0.541958 0.000683 -1.274361 0.082327 -0.107575 1.464200 
19.649191 -0.589432 -0.164163 -0.082230 -0.542138 0.001310 -1.274451 0.082220 -0.107619 1.464120 
19.649181 -0.589476 -0.164206 -0.082194 -0.542249 0.001504 -1.274493 0.082177 -0.107590 1.464120 
19.649156 -0.589429 -0.164205 -0.082161 -0.542134 0.001280 -1.274471 0.082240 -0.107547 1.464106 
19.649194 -0.589476 -0.164190 -0.082220 -0.542249 0.001512 -1.274485 0.082171 -0.107616 1.464125 
19.649126 -0.589425 -0.164126 -0.082260 -0.542164 0.001322 -1.274393 0.082243 -0.107596 1.464063 
19.649127 -0.589470 -0.164152 -0.082250 -0.542275 0.001524 -1.274426 0.082193 -0.107593 1.464067 
19.649129 -0.589515 -0.164178 -0.082241 -0.542385 0.001727 -1.274459 0.082145 -0.107589 1.464071 
19.649150 -0.589384 -0.164146 -0.082242 -0.542310 0.001540 -1.274428 0.082262 -0.107594 1.464093 
19.649043 -0.589547 -0.164134 -0.082308 -0.542323 0.001406 -1.274345 0.082122 -0.107594 1.463945 
19.649078 -0.589418 -0.164178 -0.082220 -0.542261 0.001532 -1.274380 0.082135 -0.107625 1.464102 
19.649065 -0.589469 -0.163979 -0.082262 -0.542174 0.001553 -1.274517 0.082167 -0.107529 1.464030 
19.649184 -0.589476 -0.164109 -0.082226 -0.542290 0.001519 -1.274366 0.082162 -0.107533 1.464094 
19.649052 -0.589619 -0.164119 -0.082246 -0.542245 0.001530 -1.274363 0.082314 -0.107603 1.464172 
19.649149 -0.589483 -0.164124 -0.082169 -0.542268 0.001534 -1.274410 0.082210 -0.107650 1.464014 
19.649181 -0.589488 -0.164226 -0.082314 -0.542131 0.001593 -1.274345 0.082237 -0.107537 1.463967 
19.649253 -0.589541 -0.164097 -0.082347 -0.542250 0.001479 -1.274475 0.082139 -0.107719 1.464116 
19.649141 -0.589511 -0.164180 -0.082210 -0.542271 0.001482 -1.274479 0.082187 -0.107560 1.464068 
19.649135 -0.589480 -0.164159 -0.082243 -0.542282 0.001566 -1.274441 0.082185 -0.107592 1.464078 
19.649104 -0.589491 -0.164131 -0.082278 -0.542316 0.001468 -1.274405 0.082194 -0.107589 1.464016 
19.649153 -0.589450 -0.164154 -0.082261 -0.542277 0.001519 -1.274442 0.082167 -0.107601 1.464050 
19.649183 -0.589476 -0.164130 -0.082289 -0.542242 0.001476 -1.274439 0.082178 -0.107648 1.464091 
19.649171 -0.589458 -0.164192 -0.082266 -0.542282 0.001519 -1.274419 0.082175 -0.107607 1.464045 
19.649142 -0.589433 -0.164126 -0.082268 -0.542201 0.001512 -1.274445 0.082177 -0.107562 1.464014 
19.649124 -0.589436 -0.164168 -0.082249 -0.542265 0.001508 -1.274424 0.082152 -0.107609 1.464068 
19.649187 -0.589446 -0.164096 -0.082249 -0.542309 0.001501 -1.274491 0.082141 -0.107596 1.464024 
