Start Optimization 
Loss: 3.791373  SIA Ef: 0.623381 Binding: -0.65 -0.17 -1.00 -0.26 -0.30 0.61 0.85 0.45 0.36 0.13 0.38  Rvol: 0.57 0.96 1.46 -0.33 -0.28 0.03 0.35 0.14 0.76 1.30 1.60 -0.28 -0.13 0.14 0.45 
Loss: 3.679993  SIA Ef: 0.683651 Binding: -0.65 -0.16 -1.00 -0.25 -0.28 0.59 0.81 0.41 0.34 0.09 0.33  Rvol: 0.57 0.97 1.46 -0.33 -0.27 0.03 0.35 0.14 0.76 1.30 1.60 -0.28 -0.13 0.15 0.46 
Loss: 52.556185  SIA Ef: 5.486169 Binding: 0.54 1.33 3.37 1.85 1.35 0.50 0.16 0.99 -0.15 -0.02 0.28  Rvol: 0.76 1.47 2.15 -0.33 -0.00 0.43 0.88 0.14 0.97 1.64 2.37 -0.28 0.12 0.56 1.04 
Loss: 64.535828  SIA Ef: 1.051539 Binding: 1.02 0.33 -6.06 1.64 0.69 1.29 0.40 -0.04 4.01 -0.10 1.15  Rvol: 0.59 1.27 2.02 -0.33 -0.09 0.90 1.23 0.14 0.84 1.44 1.79 -0.28 0.17 0.73 1.20 
Loss: 231.189228  SIA Ef: 12.762304 Binding: 1.92 0.54 7.08 2.03 0.33 1.23 1.25 0.10 -0.44 -0.47 -0.40  Rvol: 1.31 2.12 3.04 -0.33 -0.22 -0.00 0.49 0.14 1.38 2.61 3.10 -0.28 -0.06 0.19 0.66 
Loss: 14.187234  SIA Ef: 0.683651 Binding: -0.65 -0.16 -1.00 -0.25 -0.28 -0.28 -0.99 -1.72 -0.39 -1.70 -2.20  Rvol: 0.57 0.97 1.46 -0.33 -0.27 0.03 0.35 0.14 0.77 1.33 1.65 -0.28 -0.07 0.19 0.55 
Loss: 3.254048  SIA Ef: 0.683651 Binding: -0.65 -0.16 -1.00 -0.25 -0.28 0.54 0.77 0.14 0.23 0.04 0.14  Rvol: 0.57 0.97 1.46 -0.33 -0.27 0.03 0.35 0.14 0.76 1.28 1.61 -0.28 -0.15 0.12 0.43 
Loss: 3.248380  SIA Ef: 0.683651 Binding: -0.65 -0.16 -1.00 -0.25 -0.28 0.54 0.76 0.16 0.25 0.03 0.15  Rvol: 0.57 0.97 1.46 -0.33 -0.27 0.03 0.35 0.14 0.76 1.29 1.61 -0.28 -0.15 0.13 0.43 
Loss: 6.514436  SIA Ef: 0.683651 Binding: -0.23 -0.74 -1.00 -0.98 -1.32 0.54 0.48 0.73 0.25 0.09 0.28  Rvol: 0.57 1.13 1.59 -0.33 -0.27 0.12 0.54 0.14 0.76 1.32 1.81 -0.28 -0.15 0.19 0.57 
Loss: 3.344359  SIA Ef: 0.683651 Binding: -0.75 -0.51 -1.00 -0.33 -0.64 0.54 0.21 0.03 0.25 -0.01 -0.01  Rvol: 0.57 0.95 1.37 -0.33 -0.27 -0.00 0.27 0.14 0.76 1.20 1.53 -0.28 -0.15 0.10 0.35 
Loss: 2.595552  SIA Ef: 0.683651 Binding: -0.26 -0.30 -1.00 -0.18 -0.08 0.54 0.45 0.26 0.25 0.05 0.15  Rvol: 0.57 1.08 1.47 -0.33 -0.27 0.04 0.38 0.14 0.76 1.27 1.62 -0.28 -0.15 0.14 0.45 
Loss: 242.473145  SIA Ef: -14.378248 Binding: -0.35 -0.31 -4.66 -0.35 -0.36 0.56 0.01 0.08 2.48 -0.36 1.60  Rvol: -0.07 -0.14 -0.43 -0.33 -0.35 -0.53 -0.62 0.14 0.30 -0.12 -0.43 -0.28 -0.30 -0.59 -0.41 
Loss: 26.873737  SIA Ef: 0.181945 Binding: 0.33 -0.08 -4.06 0.55 -0.82 0.89 0.36 -0.06 1.91 -1.49 1.35  Rvol: 0.48 1.06 1.57 -0.33 -0.07 0.31 0.56 0.14 0.78 1.23 1.44 -0.28 0.08 0.20 0.70 
Loss: 2.581415  SIA Ef: 0.701589 Binding: -0.26 -0.30 -0.99 -0.18 -0.08 0.54 0.44 0.24 0.24 0.04 0.13  Rvol: 0.57 1.08 1.47 -0.33 -0.27 0.05 0.38 0.14 0.76 1.27 1.63 -0.28 -0.15 0.14 0.45 
Loss: 9.192707  SIA Ef: 2.489483 Binding: -0.15 0.42 0.81 0.62 0.62 0.50 0.43 0.53 0.03 -0.00 -0.00  Rvol: 0.62 1.12 1.60 -0.33 -0.14 0.22 0.58 0.14 0.82 1.39 1.83 -0.28 -0.04 0.32 0.65 
Loss: 5.742552  SIA Ef: 0.854493 Binding: -0.26 -0.32 -0.90 -0.18 -0.11 0.78 0.93 0.99 0.45 0.53 0.85  Rvol: 0.58 1.09 1.49 -0.33 -0.27 0.05 0.39 0.14 0.77 1.29 1.65 -0.28 -0.15 0.15 0.45 
Loss: 65.371933  SIA Ef: 7.023174 Binding: 0.01 -0.36 3.47 0.50 -0.50 0.12 -0.01 0.14 -0.30 -0.28 -0.52  Rvol: 0.96 1.69 2.40 -0.33 -0.26 0.01 0.54 0.14 1.08 1.80 2.63 -0.28 -0.11 0.19 0.68 
Loss: 2.569799  SIA Ef: 0.695399 Binding: -0.26 -0.30 -1.00 -0.18 -0.08 0.54 0.45 0.22 0.23 0.04 0.11  Rvol: 0.57 1.08 1.47 -0.33 -0.27 0.04 0.38 0.14 0.76 1.27 1.63 -0.28 -0.15 0.14 0.44 
Loss: 53.428941  SIA Ef: -6.073171 Binding: -0.25 0.15 -3.10 1.19 -0.51 0.67 0.34 -0.29 1.65 -1.10 0.56  Rvol: 0.23 0.65 0.67 -0.33 -0.30 -0.10 -0.06 0.14 0.53 0.76 0.62 -0.28 -0.18 -0.16 -0.02 
Loss: 2.567443  SIA Ef: 0.695391 Binding: -0.26 -0.30 -1.00 -0.18 -0.08 0.54 0.44 0.23 0.23 0.04 0.12  Rvol: 0.57 1.08 1.47 -0.33 -0.27 0.04 0.38 0.14 0.76 1.27 1.63 -0.28 -0.15 0.14 0.44 
Loss: 31.228917  SIA Ef: -0.569762 Binding: 0.27 -0.03 -4.25 0.87 -1.12 0.87 0.35 -0.14 2.03 -1.85 1.36  Rvol: 0.45 0.99 1.50 -0.33 -0.08 0.30 0.51 0.14 0.75 1.17 1.33 -0.28 0.06 0.17 0.65 
Loss: 2.803936  SIA Ef: 0.915162 Binding: -0.32 0.39 -0.78 0.11 0.37 0.53 0.59 0.20 0.19 0.02 0.06  Rvol: 0.58 0.98 1.46 -0.33 -0.25 0.06 0.38 0.14 0.77 1.29 1.62 -0.28 -0.14 0.15 0.44 
Loss: 7.347393  SIA Ef: 2.242872 Binding: -0.26 0.22 0.69 0.47 0.43 0.51 0.47 0.49 0.04 0.00 -0.00  Rvol: 0.61 1.09 1.57 -0.33 -0.15 0.21 0.57 0.14 0.81 1.39 1.80 -0.28 -0.04 0.31 0.63 
Loss: 2.548165  SIA Ef: 0.697927 Binding: -0.05 -0.17 -0.99 -0.09 0.15 0.54 0.45 0.35 0.23 0.04 0.14  Rvol: 0.57 1.08 1.49 -0.33 -0.27 0.07 0.41 0.14 0.76 1.28 1.65 -0.28 -0.15 0.15 0.47 
Loss: 65.212317  SIA Ef: 6.673416 Binding: 0.10 -0.33 4.03 0.65 -0.44 0.14 -0.01 0.21 -0.33 -0.34 -0.58  Rvol: 0.96 1.70 2.48 -0.33 -0.26 -0.01 0.51 0.14 1.10 1.81 2.64 -0.28 -0.11 0.16 0.67 
Loss: 2.570224  SIA Ef: 0.677015 Binding: -0.02 -0.19 -1.00 -0.07 0.22 0.54 0.44 0.43 0.23 0.05 0.13  Rvol: 0.57 1.07 1.45 -0.33 -0.27 0.07 0.41 0.14 0.76 1.28 1.65 -0.28 -0.15 0.15 0.47 
Loss: 44.985869  SIA Ef: -5.784249 Binding: -0.34 0.55 -2.51 1.05 -0.15 0.66 0.65 -0.15 1.19 -0.90 0.44  Rvol: 0.25 0.41 0.73 -0.33 -0.30 -0.09 -0.04 0.14 0.54 0.79 0.71 -0.28 -0.20 -0.14 0.00 
Loss: 23.739211  SIA Ef: 0.108160 Binding: 0.29 0.06 -3.80 1.56 -0.30 0.74 0.42 0.20 1.99 -1.09 0.65  Rvol: 0.49 1.05 1.47 -0.33 -0.25 0.24 0.46 0.14 0.75 1.22 1.51 -0.28 -0.00 0.13 0.56 
Loss: 3.093269  SIA Ef: 0.419766 Binding: -0.00 -0.40 -1.31 -0.21 0.00 0.54 0.40 0.42 0.27 0.04 0.15  Rvol: 0.57 1.07 1.45 -0.33 -0.30 0.03 0.38 0.14 0.76 1.27 1.64 -0.28 -0.17 0.12 0.45 
Loss: 19.149361  SIA Ef: 3.670385 Binding: -0.21 -0.28 1.92 0.15 -0.51 0.24 0.18 0.38 -0.18 -0.13 -0.26  Rvol: 0.76 1.35 1.96 -0.33 -0.27 0.04 0.49 0.14 0.87 1.52 2.20 -0.28 -0.14 0.18 0.59 
Loss: 2.292568  SIA Ef: -0.684950 Binding: -0.09 -0.06 -1.00 -0.08 0.24 0.55 0.44 0.23 0.25 0.03 0.13  Rvol: 0.51 0.97 1.32 -0.33 -0.28 0.00 0.30 0.14 0.71 1.17 1.46 -0.28 -0.16 0.09 0.36 
Loss: 2.432095  SIA Ef: -0.740868 Binding: -0.08 -0.05 -1.13 -0.08 0.28 0.50 0.32 0.03 0.23 -0.08 -0.03  Rvol: 0.50 0.97 1.31 -0.33 -0.27 0.00 0.30 0.14 0.71 1.16 1.45 -0.28 -0.16 0.09 0.36 
Loss: 14.027430  SIA Ef: -1.821545 Binding: -0.08 0.23 -2.57 0.97 -0.18 0.69 0.63 0.11 1.15 -0.74 0.50  Rvol: 0.42 0.89 1.19 -0.33 -0.26 0.09 0.27 0.14 0.67 1.07 1.23 -0.28 -0.10 0.04 0.33 
Loss: 2.275066  SIA Ef: -0.679809 Binding: -0.09 -0.06 -1.00 -0.08 0.25 0.55 0.44 0.23 0.25 0.03 0.13  Rvol: 0.51 0.97 1.32 -0.33 -0.27 0.00 0.30 0.14 0.71 1.17 1.46 -0.28 -0.16 0.09 0.36 
Loss: 1.369900  SIA Ef: 0.359916 Binding: -0.23 -0.27 0.59 -0.01 -0.21 0.40 0.35 0.43 -0.05 -0.07 -0.08  Rvol: 0.59 1.04 1.47 -0.33 -0.28 -0.00 0.31 0.14 0.75 1.27 1.68 -0.28 -0.17 0.11 0.38 
Loss: 1.367603  SIA Ef: 0.358330 Binding: -0.23 -0.27 0.59 -0.01 -0.21 0.40 0.36 0.42 -0.05 -0.07 -0.08  Rvol: 0.59 1.04 1.47 -0.33 -0.28 -0.00 0.31 0.14 0.75 1.27 1.68 -0.28 -0.17 0.11 0.38 
Loss: 6.268318  SIA Ef: 0.989584 Binding: -0.24 -0.20 2.02 0.28 -0.44 0.33 0.26 0.46 -0.14 -0.10 -0.04  Rvol: 0.64 1.14 1.61 -0.33 -0.27 -0.02 0.33 0.14 0.75 1.30 1.83 -0.28 -0.15 0.10 0.39 
Loss: 1.393792  SIA Ef: 0.277781 Binding: -0.26 -0.39 0.50 -0.10 -0.34 0.40 0.36 0.43 -0.05 -0.06 -0.07  Rvol: 0.58 1.03 1.47 -0.33 -0.29 -0.01 0.31 0.14 0.75 1.27 1.68 -0.28 -0.17 0.10 0.37 
Loss: 1.279642  SIA Ef: 0.181196 Binding: -0.22 -0.38 0.50 -0.09 -0.36 0.38 0.32 0.41 -0.06 -0.07 -0.08  Rvol: 0.59 1.03 1.48 -0.33 -0.31 -0.04 0.27 0.14 0.75 1.27 1.69 -0.28 -0.19 0.07 0.34 
Loss: 1.280594  SIA Ef: 0.184516 Binding: -0.22 -0.38 0.50 -0.09 -0.36 0.38 0.32 0.41 -0.06 -0.08 -0.08  Rvol: 0.59 1.03 1.48 -0.33 -0.31 -0.04 0.27 0.14 0.75 1.27 1.69 -0.28 -0.19 0.07 0.34 
Loss: 3.497871  SIA Ef: 1.343092 Binding: -0.19 -0.38 0.58 -0.11 -0.48 0.35 0.33 0.45 -0.08 -0.06 -0.02  Rvol: 0.65 1.14 1.65 -0.33 -0.30 -0.00 0.36 0.14 0.79 1.36 1.86 -0.28 -0.18 0.11 0.43 
Loss: 1.216396  SIA Ef: 0.175548 Binding: -0.19 -0.33 0.50 -0.09 -0.32 0.38 0.33 0.42 -0.06 -0.07 -0.07  Rvol: 0.59 1.04 1.48 -0.33 -0.31 -0.04 0.28 0.14 0.75 1.27 1.69 -0.28 -0.19 0.07 0.34 
Loss: 2.422193  SIA Ef: 0.936824 Binding: -0.22 -0.41 0.55 -0.10 -0.44 0.36 0.32 0.44 -0.07 -0.07 -0.05  Rvol: 0.63 1.10 1.58 -0.33 -0.30 -0.02 0.32 0.14 0.78 1.33 1.79 -0.28 -0.18 0.10 0.39 
Loss: 0.964817  SIA Ef: 0.187180 Binding: -0.17 -0.28 0.44 -0.06 -0.25 0.34 0.22 0.25 -0.11 -0.18 -0.24  Rvol: 0.59 1.04 1.47 -0.33 -0.30 -0.03 0.28 0.14 0.75 1.26 1.68 -0.28 -0.19 0.08 0.35 
Loss: 1.154862  SIA Ef: -0.241542 Binding: -0.21 -0.43 0.30 -0.19 -0.41 0.27 0.09 0.06 -0.17 -0.31 -0.42  Rvol: 0.57 1.02 1.44 -0.33 -0.32 -0.06 0.25 0.14 0.74 1.24 1.64 -0.28 -0.20 0.05 0.32 
Loss: 1.191345  SIA Ef: -0.243546 Binding: -0.19 -0.24 0.70 0.00 -0.22 0.33 0.20 0.23 -0.13 -0.21 -0.27  Rvol: 0.57 1.00 1.43 -0.33 -0.31 -0.05 0.24 0.14 0.73 1.23 1.63 -0.28 -0.19 0.06 0.31 
Loss: 0.966831  SIA Ef: 0.193202 Binding: -0.17 -0.28 0.44 -0.06 -0.25 0.33 0.22 0.24 -0.11 -0.18 -0.24  Rvol: 0.59 1.04 1.48 -0.33 -0.30 -0.03 0.28 0.14 0.75 1.26 1.68 -0.28 -0.19 0.08 0.35 
Loss: 1.784764  SIA Ef: 0.620465 Binding: -0.17 -0.27 0.75 -0.02 -0.33 0.29 0.18 0.24 -0.15 -0.22 -0.26  Rvol: 0.61 1.07 1.55 -0.33 -0.30 -0.02 0.30 0.14 0.76 1.30 1.76 -0.28 -0.18 0.09 0.37 
Loss: 0.910089  SIA Ef: 0.187042 Binding: -0.16 -0.24 0.44 -0.04 -0.20 0.34 0.22 0.24 -0.11 -0.18 -0.24  Rvol: 0.59 1.03 1.47 -0.33 -0.30 -0.03 0.28 0.14 0.75 1.26 1.68 -0.28 -0.19 0.08 0.35 
Loss: 0.838879  SIA Ef: -0.465167 Binding: -0.10 -0.19 -0.34 -0.10 0.03 0.40 0.25 0.19 -0.00 -0.14 -0.20  Rvol: 0.55 0.99 1.35 -0.33 -0.31 -0.03 0.27 0.14 0.73 1.20 1.55 -0.28 -0.19 0.07 0.33 
Loss: 0.886025  SIA Ef: -0.492274 Binding: -0.10 -0.21 -0.36 -0.12 -0.01 0.40 0.25 0.18 -0.00 -0.15 -0.20  Rvol: 0.55 0.98 1.36 -0.33 -0.31 -0.04 0.26 0.14 0.73 1.20 1.55 -0.28 -0.19 0.06 0.32 
Loss: 0.873428  SIA Ef: -0.372893 Binding: -0.09 -0.12 -0.50 -0.09 0.07 0.41 0.24 0.08 0.02 -0.15 -0.21  Rvol: 0.55 0.99 1.38 -0.33 -0.30 -0.02 0.28 0.14 0.73 1.20 1.55 -0.28 -0.18 0.08 0.34 
Loss: 0.718585  SIA Ef: -0.321487 Binding: -0.09 -0.15 -0.29 -0.07 0.06 0.41 0.28 0.23 0.01 -0.12 -0.16  Rvol: 0.55 1.00 1.37 -0.33 -0.30 -0.02 0.28 0.14 0.73 1.21 1.57 -0.28 -0.18 0.08 0.34 
Loss: 0.712679  SIA Ef: 0.055516 Binding: -0.04 -0.07 -0.39 -0.02 0.17 0.41 0.26 0.18 0.01 -0.14 -0.20  Rvol: 0.56 1.02 1.41 -0.33 -0.29 0.00 0.32 0.14 0.74 1.24 1.60 -0.28 -0.17 0.10 0.38 
Loss: 0.712717  SIA Ef: 0.053813 Binding: -0.04 -0.07 -0.39 -0.02 0.17 0.41 0.26 0.18 0.01 -0.14 -0.20  Rvol: 0.56 1.02 1.41 -0.33 -0.29 0.00 0.32 0.14 0.74 1.24 1.60 -0.28 -0.18 0.10 0.38 
Loss: 0.858801  SIA Ef: 0.098901 Binding: -0.01 -0.03 -0.43 -0.02 0.21 0.44 0.33 0.30 0.05 -0.06 -0.09  Rvol: 0.57 1.03 1.41 -0.33 -0.29 0.01 0.33 0.14 0.74 1.24 1.61 -0.28 -0.17 0.11 0.39 
Loss: 0.849335  SIA Ef: 0.193463 Binding: -0.04 -0.11 -0.46 -0.05 0.13 0.42 0.29 0.23 0.03 -0.11 -0.15  Rvol: 0.57 1.03 1.42 -0.33 -0.29 0.01 0.33 0.14 0.75 1.25 1.62 -0.28 -0.17 0.11 0.39 
Loss: 0.717460  SIA Ef: -0.251014 Binding: -0.05 0.05 -0.30 0.05 0.28 0.41 0.27 0.17 0.01 -0.14 -0.20  Rvol: 0.55 0.99 1.36 -0.33 -0.29 -0.00 0.30 0.14 0.73 1.21 1.55 -0.28 -0.17 0.09 0.35 
Loss: 0.720712  SIA Ef: 0.047174 Binding: -0.05 -0.08 -0.41 -0.03 0.16 0.41 0.26 0.18 0.01 -0.15 -0.20  Rvol: 0.56 1.02 1.40 -0.33 -0.29 0.00 0.32 0.14 0.74 1.24 1.60 -0.28 -0.17 0.10 0.38 
Loss: 0.847893  SIA Ef: -0.066512 Binding: -0.03 -0.07 -0.54 -0.03 0.20 0.42 0.26 0.17 0.04 -0.13 -0.18  Rvol: 0.55 1.02 1.39 -0.33 -0.29 0.00 0.32 0.14 0.74 1.22 1.58 -0.28 -0.17 0.10 0.38 
Loss: 0.710488  SIA Ef: 0.362376 Binding: -0.07 -0.09 -0.04 -0.01 0.06 0.37 0.24 0.20 -0.05 -0.17 -0.23  Rvol: 0.58 1.05 1.46 -0.33 -0.29 0.01 0.32 0.14 0.76 1.27 1.67 -0.28 -0.17 0.11 0.39 
Loss: 0.732813  SIA Ef: 0.387914 Binding: -0.07 -0.08 -0.07 -0.00 0.08 0.37 0.24 0.19 -0.05 -0.17 -0.23  Rvol: 0.58 1.05 1.46 -0.33 -0.29 0.01 0.33 0.14 0.76 1.27 1.67 -0.28 -0.17 0.11 0.39 
Loss: 0.758510  SIA Ef: 0.417403 Binding: -0.07 -0.09 -0.01 -0.00 0.05 0.36 0.22 0.18 -0.06 -0.18 -0.26  Rvol: 0.59 1.05 1.47 -0.33 -0.30 0.00 0.32 0.14 0.76 1.27 1.68 -0.28 -0.18 0.11 0.39 
Loss: 0.688024  SIA Ef: 0.340453 Binding: -0.08 -0.10 -0.05 -0.01 0.05 0.36 0.21 0.16 -0.06 -0.19 -0.27  Rvol: 0.58 1.05 1.45 -0.33 -0.29 0.00 0.32 0.14 0.76 1.26 1.66 -0.28 -0.17 0.11 0.39 
Loss: 0.706707  SIA Ef: 0.347714 Binding: -0.08 -0.08 0.09 0.01 0.05 0.34 0.19 0.14 -0.09 -0.21 -0.31  Rvol: 0.58 1.05 1.46 -0.33 -0.29 0.00 0.32 0.14 0.75 1.27 1.67 -0.28 -0.17 0.11 0.38 
Loss: 0.773523  SIA Ef: 0.433127 Binding: -0.07 -0.08 -0.08 -0.00 0.08 0.35 0.21 0.15 -0.06 -0.20 -0.28  Rvol: 0.59 1.05 1.46 -0.33 -0.29 0.01 0.33 0.14 0.76 1.27 1.67 -0.28 -0.17 0.11 0.40 
Loss: 0.628498  SIA Ef: 0.256053 Binding: -0.09 -0.07 0.05 0.02 0.08 0.36 0.23 0.18 -0.06 -0.18 -0.26  Rvol: 0.58 1.04 1.44 -0.33 -0.29 0.00 0.31 0.14 0.75 1.26 1.65 -0.28 -0.17 0.10 0.38 
Loss: 0.697568  SIA Ef: 0.340683 Binding: -0.10 -0.08 0.05 0.02 0.06 0.37 0.24 0.20 -0.05 -0.16 -0.24  Rvol: 0.58 1.04 1.45 -0.33 -0.29 0.00 0.32 0.14 0.75 1.27 1.66 -0.28 -0.17 0.11 0.38 
Loss: 0.652143  SIA Ef: 0.210925 Binding: -0.12 -0.09 0.21 0.03 0.02 0.35 0.22 0.19 -0.08 -0.19 -0.27  Rvol: 0.58 1.03 1.44 -0.33 -0.29 -0.01 0.30 0.14 0.75 1.26 1.65 -0.28 -0.17 0.10 0.37 
Loss: 0.622252  SIA Ef: 0.237843 Binding: -0.09 -0.06 0.08 0.03 0.08 0.36 0.23 0.18 -0.06 -0.18 -0.26  Rvol: 0.58 1.03 1.44 -0.33 -0.29 -0.00 0.31 0.14 0.75 1.26 1.65 -0.28 -0.17 0.10 0.37 
Loss: 0.669865  SIA Ef: 0.291292 Binding: -0.10 -0.06 0.14 0.04 0.06 0.36 0.22 0.18 -0.07 -0.18 -0.26  Rvol: 0.58 1.04 1.45 -0.33 -0.29 -0.00 0.31 0.14 0.75 1.26 1.66 -0.28 -0.17 0.10 0.38 
Loss: 0.533633  SIA Ef: 0.020119 Binding: -0.09 -0.05 -0.07 0.02 0.12 0.38 0.23 0.17 -0.04 -0.17 -0.25  Rvol: 0.57 1.02 1.41 -0.33 -0.29 -0.01 0.30 0.14 0.74 1.24 1.61 -0.28 -0.17 0.10 0.36 
Loss: 0.525923  SIA Ef: -0.027939 Binding: -0.09 -0.05 -0.08 0.02 0.12 0.37 0.23 0.16 -0.05 -0.18 -0.26  Rvol: 0.56 1.01 1.40 -0.33 -0.29 -0.01 0.29 0.14 0.74 1.23 1.60 -0.28 -0.18 0.09 0.36 
Loss: 0.515913  SIA Ef: -0.031524 Binding: -0.09 -0.05 -0.04 0.02 0.11 0.37 0.22 0.16 -0.05 -0.18 -0.26  Rvol: 0.57 1.01 1.41 -0.33 -0.29 -0.01 0.29 0.14 0.74 1.23 1.61 -0.28 -0.18 0.09 0.36 
Loss: 0.526981  SIA Ef: -0.082433 Binding: -0.09 -0.04 -0.07 0.03 0.14 0.37 0.22 0.14 -0.05 -0.19 -0.27  Rvol: 0.56 1.01 1.40 -0.33 -0.29 -0.01 0.29 0.14 0.74 1.23 1.60 -0.28 -0.18 0.09 0.35 
Loss: 0.517256  SIA Ef: -0.030343 Binding: -0.09 -0.05 -0.05 0.02 0.11 0.36 0.21 0.14 -0.06 -0.19 -0.28  Rvol: 0.57 1.01 1.40 -0.33 -0.29 -0.01 0.29 0.14 0.74 1.23 1.61 -0.28 -0.18 0.09 0.36 
Loss: 0.565329  SIA Ef: -0.171092 Binding: -0.07 -0.03 -0.15 0.02 0.17 0.38 0.23 0.14 -0.03 -0.18 -0.26  Rvol: 0.56 1.01 1.38 -0.33 -0.29 -0.01 0.29 0.14 0.74 1.22 1.58 -0.28 -0.18 0.09 0.35 
Loss: 0.526634  SIA Ef: -0.018959 Binding: -0.08 -0.05 -0.08 0.01 0.12 0.37 0.22 0.15 -0.05 -0.19 -0.27  Rvol: 0.57 1.02 1.41 -0.33 -0.29 -0.01 0.29 0.14 0.74 1.23 1.60 -0.28 -0.18 0.09 0.36 
Loss: 0.517311  SIA Ef: -0.097441 Binding: -0.09 -0.08 -0.05 0.00 0.08 0.37 0.22 0.15 -0.05 -0.18 -0.26  Rvol: 0.56 1.01 1.40 -0.33 -0.30 -0.02 0.28 0.14 0.74 1.23 1.60 -0.28 -0.18 0.09 0.35 
Loss: 0.531691  SIA Ef: -0.069384 Binding: -0.09 -0.06 -0.10 0.01 0.11 0.38 0.24 0.17 -0.04 -0.17 -0.24  Rvol: 0.56 1.02 1.40 -0.33 -0.30 -0.01 0.29 0.14 0.74 1.23 1.60 -0.28 -0.18 0.09 0.35 
Loss: 0.513203  SIA Ef: -0.063481 Binding: -0.09 -0.05 -0.03 0.02 0.10 0.37 0.22 0.15 -0.05 -0.18 -0.26  Rvol: 0.56 1.01 1.40 -0.33 -0.30 -0.01 0.28 0.14 0.74 1.23 1.60 -0.28 -0.18 0.09 0.35 
Loss: 0.512006  SIA Ef: -0.064750 Binding: -0.09 -0.05 -0.02 0.02 0.10 0.37 0.22 0.15 -0.06 -0.19 -0.26  Rvol: 0.56 1.01 1.40 -0.33 -0.30 -0.01 0.28 0.14 0.74 1.23 1.60 -0.28 -0.18 0.09 0.35 
Loss: 0.533262  SIA Ef: 0.017806 Binding: -0.09 -0.05 0.08 0.03 0.09 0.36 0.21 0.16 -0.07 -0.19 -0.28  Rvol: 0.57 1.02 1.42 -0.33 -0.30 -0.01 0.29 0.14 0.74 1.24 1.62 -0.28 -0.18 0.09 0.35 
Loss: 0.512419  SIA Ef: -0.081549 Binding: -0.09 -0.05 -0.02 0.02 0.11 0.37 0.22 0.15 -0.06 -0.19 -0.26  Rvol: 0.56 1.01 1.40 -0.33 -0.30 -0.01 0.28 0.14 0.74 1.23 1.60 -0.28 -0.18 0.09 0.35 
Loss: 0.527612  SIA Ef: -0.136052 Binding: -0.09 -0.04 -0.05 0.03 0.13 0.37 0.22 0.15 -0.05 -0.18 -0.26  Rvol: 0.56 1.01 1.39 -0.33 -0.30 -0.01 0.28 0.14 0.74 1.23 1.59 -0.28 -0.18 0.09 0.35 
Loss: 0.511625  SIA Ef: -0.058934 Binding: -0.09 -0.05 -0.02 0.02 0.10 0.37 0.22 0.16 -0.05 -0.18 -0.26  Rvol: 0.56 1.01 1.40 -0.33 -0.30 -0.01 0.28 0.14 0.74 1.23 1.61 -0.28 -0.18 0.09 0.35 
Loss: 0.517185  SIA Ef: -0.095131 Binding: -0.09 -0.05 -0.05 0.02 0.11 0.37 0.23 0.16 -0.05 -0.18 -0.25  Rvol: 0.56 1.01 1.40 -0.33 -0.30 -0.01 0.28 0.14 0.74 1.23 1.60 -0.28 -0.18 0.09 0.35 
Loss: 0.512427  SIA Ef: -0.042027 Binding: -0.09 -0.05 -0.02 0.02 0.11 0.37 0.22 0.16 -0.05 -0.18 -0.26  Rvol: 0.57 1.01 1.40 -0.33 -0.30 -0.01 0.29 0.14 0.74 1.23 1.61 -0.28 -0.18 0.09 0.35 
Loss: 0.516035  SIA Ef: -0.059543 Binding: -0.08 -0.06 -0.06 0.01 0.10 0.37 0.22 0.15 -0.05 -0.19 -0.26  Rvol: 0.56 1.01 1.40 -0.33 -0.30 -0.01 0.29 0.14 0.74 1.23 1.61 -0.28 -0.18 0.09 0.35 
Loss: 0.512702  SIA Ef: -0.055070 Binding: -0.09 -0.05 -0.03 0.02 0.10 0.37 0.22 0.16 -0.05 -0.18 -0.26  Rvol: 0.56 1.01 1.40 -0.33 -0.30 -0.01 0.28 0.14 0.74 1.23 1.61 -0.28 -0.18 0.09 0.35 
Loss: 0.518602  SIA Ef: -0.073628 Binding: -0.09 -0.06 -0.06 0.01 0.10 0.37 0.23 0.16 -0.05 -0.18 -0.25  Rvol: 0.56 1.01 1.40 -0.33 -0.30 -0.01 0.29 0.14 0.74 1.23 1.60 -0.28 -0.18 0.09 0.35 
Loss: 0.517092  SIA Ef: -0.096365 Binding: -0.09 -0.05 -0.04 0.02 0.11 0.37 0.22 0.16 -0.05 -0.18 -0.26  Rvol: 0.56 1.01 1.40 -0.33 -0.30 -0.01 0.28 0.14 0.74 1.23 1.60 -0.28 -0.18 0.09 0.35 
Loss: 0.511797  SIA Ef: -0.057799 Binding: -0.09 -0.05 -0.02 0.02 0.10 0.37 0.22 0.16 -0.05 -0.18 -0.25  Rvol: 0.56 1.01 1.40 -0.33 -0.30 -0.01 0.28 0.14 0.74 1.23 1.61 -0.28 -0.18 0.09 0.35 
Loss: 0.515174  SIA Ef: -0.018232 Binding: -0.09 -0.06 0.03 0.03 0.09 0.36 0.22 0.16 -0.06 -0.19 -0.26  Rvol: 0.56 1.02 1.41 -0.33 -0.30 -0.01 0.28 0.14 0.74 1.24 1.61 -0.28 -0.18 0.09 0.35 
Loss: 0.512331  SIA Ef: -0.040512 Binding: -0.09 -0.05 -0.02 0.02 0.10 0.37 0.22 0.16 -0.05 -0.18 -0.26  Rvol: 0.57 1.01 1.41 -0.33 -0.30 -0.01 0.29 0.14 0.74 1.23 1.61 -0.28 -0.18 0.09 0.35 
Loss: 0.512065  SIA Ef: -0.059006 Binding: -0.09 -0.06 -0.03 0.02 0.10 0.37 0.22 0.16 -0.05 -0.18 -0.26  Rvol: 0.56 1.01 1.40 -0.33 -0.30 -0.01 0.28 0.14 0.74 1.23 1.61 -0.28 -0.18 0.09 0.35 
Loss: 0.511641  SIA Ef: -0.061676 Binding: -0.09 -0.05 -0.02 0.02 0.10 0.37 0.22 0.16 -0.05 -0.18 -0.26  Rvol: 0.56 1.01 1.40 -0.33 -0.30 -0.01 0.28 0.14 0.74 1.23 1.61 -0.28 -0.18 0.09 0.35 
Loss: 0.512184  SIA Ef: -0.062999 Binding: -0.09 -0.05 -0.03 0.02 0.10 0.37 0.22 0.16 -0.05 -0.18 -0.26  Rvol: 0.56 1.01 1.40 -0.33 -0.30 -0.01 0.28 0.14 0.74 1.23 1.61 -0.28 -0.18 0.09 0.35 
Loss: 0.511792  SIA Ef: -0.054785 Binding: -0.09 -0.05 -0.02 0.02 0.10 0.37 0.22 0.16 -0.05 -0.18 -0.26  Rvol: 0.56 1.01 1.40 -0.33 -0.30 -0.01 0.28 0.14 0.74 1.23 1.61 -0.28 -0.18 0.09 0.35 
Loss: 0.511994  SIA Ef: -0.059934 Binding: -0.09 -0.05 -0.02 0.02 0.10 0.37 0.22 0.16 -0.05 -0.18 -0.26  Rvol: 0.56 1.01 1.40 -0.33 -0.30 -0.01 0.28 0.14 0.74 1.23 1.61 -0.28 -0.18 0.09 0.35 
Loss: 0.511823  SIA Ef: -0.057634 Binding: -0.09 -0.05 -0.02 0.02 0.10 0.37 0.22 0.16 -0.05 -0.18 -0.26  Rvol: 0.56 1.01 1.40 -0.33 -0.30 -0.01 0.28 0.14 0.74 1.23 1.61 -0.28 -0.18 0.09 0.35 
Loss: 0.511219  SIA Ef: -0.053449 Binding: -0.09 -0.05 -0.01 0.02 0.10 0.37 0.22 0.16 -0.06 -0.18 -0.26  Rvol: 0.56 1.01 1.40 -0.33 -0.30 -0.01 0.28 0.14 0.74 1.23 1.61 -0.28 -0.18 0.09 0.35 
Loss: 0.510793  SIA Ef: -0.046873 Binding: -0.09 -0.05 -0.00 0.02 0.09 0.37 0.22 0.16 -0.06 -0.18 -0.26  Rvol: 0.57 1.01 1.41 -0.33 -0.30 -0.01 0.28 0.14 0.74 1.23 1.61 -0.28 -0.18 0.09 0.35 
Loss: 0.510687  SIA Ef: -0.044590 Binding: -0.09 -0.06 -0.00 0.02 0.09 0.37 0.22 0.16 -0.06 -0.18 -0.26  Rvol: 0.57 1.01 1.41 -0.33 -0.30 -0.01 0.28 0.14 0.74 1.23 1.61 -0.28 -0.18 0.09 0.35 
Loss: 0.510686  SIA Ef: -0.044917 Binding: -0.09 -0.06 -0.00 0.02 0.09 0.37 0.22 0.16 -0.06 -0.18 -0.26  Rvol: 0.57 1.01 1.41 -0.33 -0.30 -0.01 0.28 0.14 0.74 1.23 1.61 -0.28 -0.18 0.09 0.35 
Loss: 0.511310  SIA Ef: -0.034855 Binding: -0.09 -0.05 0.00 0.02 0.09 0.36 0.22 0.16 -0.06 -0.18 -0.26  Rvol: 0.57 1.01 1.41 -0.33 -0.30 -0.01 0.28 0.14 0.74 1.24 1.61 -0.28 -0.18 0.09 0.35 
Loss: 0.510642  SIA Ef: -0.044761 Binding: -0.09 -0.06 -0.00 0.02 0.09 0.37 0.22 0.16 -0.06 -0.18 -0.26  Rvol: 0.57 1.01 1.41 -0.33 -0.30 -0.01 0.28 0.14 0.74 1.23 1.61 -0.28 -0.18 0.09 0.35 
Loss: 0.510646  SIA Ef: -0.043754 Binding: -0.09 -0.06 -0.00 0.02 0.09 0.37 0.22 0.16 -0.06 -0.18 -0.26  Rvol: 0.57 1.01 1.41 -0.33 -0.30 -0.01 0.28 0.14 0.74 1.23 1.61 -0.28 -0.18 0.09 0.35 
Loss: 0.510733  SIA Ef: -0.044769 Binding: -0.09 -0.06 -0.00 0.02 0.09 0.37 0.22 0.16 -0.06 -0.18 -0.26  Rvol: 0.57 1.01 1.41 -0.33 -0.30 -0.01 0.28 0.14 0.74 1.23 1.61 -0.28 -0.18 0.09 0.35 
Loss: 0.510856  SIA Ef: -0.042386 Binding: -0.09 -0.06 0.00 0.02 0.09 0.37 0.22 0.16 -0.06 -0.18 -0.26  Rvol: 0.57 1.01 1.41 -0.33 -0.30 -0.01 0.28 0.14 0.74 1.23 1.61 -0.28 -0.18 0.09 0.35 
Loss: 0.510675  SIA Ef: -0.043194 Binding: -0.09 -0.06 -0.00 0.02 0.09 0.37 0.22 0.16 -0.06 -0.18 -0.26  Rvol: 0.57 1.01 1.41 -0.33 -0.30 -0.01 0.28 0.14 0.74 1.23 1.61 -0.28 -0.18 0.09 0.35 
Loss: 0.511003  SIA Ef: -0.040418 Binding: -0.09 -0.06 0.00 0.02 0.09 0.37 0.22 0.16 -0.06 -0.18 -0.26  Rvol: 0.57 1.01 1.41 -0.33 -0.30 -0.01 0.28 0.14 0.74 1.23 1.61 -0.28 -0.18 0.09 0.35 
Loss: 0.510320  SIA Ef: -0.053315 Binding: -0.09 -0.06 -0.00 0.02 0.09 0.36 0.22 0.16 -0.06 -0.18 -0.26  Rvol: 0.57 1.01 1.41 -0.33 -0.30 -0.01 0.28 0.14 0.74 1.23 1.61 -0.28 -0.18 0.09 0.35 
Loss: 0.510555  SIA Ef: -0.064643 Binding: -0.09 -0.06 -0.01 0.02 0.09 0.37 0.22 0.16 -0.06 -0.18 -0.26  Rvol: 0.56 1.01 1.40 -0.33 -0.30 -0.01 0.28 0.14 0.74 1.23 1.61 -0.28 -0.18 0.09 0.35 
Loss: 0.510283  SIA Ef: -0.051863 Binding: -0.09 -0.06 -0.00 0.02 0.09 0.36 0.22 0.16 -0.06 -0.18 -0.26  Rvol: 0.57 1.01 1.41 -0.33 -0.30 -0.01 0.28 0.14 0.74 1.23 1.61 -0.28 -0.18 0.09 0.35 
Loss: 0.510482  SIA Ef: -0.049904 Binding: -0.09 -0.06 0.01 0.02 0.09 0.36 0.22 0.16 -0.06 -0.19 -0.26  Rvol: 0.57 1.01 1.41 -0.33 -0.30 -0.01 0.28 0.14 0.74 1.23 1.61 -0.28 -0.18 0.09 0.35 
Loss: 0.510334  SIA Ef: -0.051393 Binding: -0.09 -0.06 -0.00 0.02 0.09 0.36 0.22 0.16 -0.06 -0.18 -0.26  Rvol: 0.57 1.01 1.41 -0.33 -0.30 -0.01 0.28 0.14 0.74 1.23 1.61 -0.28 -0.18 0.09 0.35 
Loss: 0.510291  SIA Ef: -0.052655 Binding: -0.09 -0.06 -0.00 0.02 0.09 0.37 0.22 0.16 -0.06 -0.18 -0.26  Rvol: 0.57 1.01 1.41 -0.33 -0.30 -0.01 0.28 0.14 0.74 1.23 1.61 -0.28 -0.18 0.09 0.35 
Loss: 0.510323  SIA Ef: -0.052441 Binding: -0.09 -0.06 -0.00 0.02 0.09 0.36 0.22 0.16 -0.06 -0.18 -0.26  Rvol: 0.57 1.01 1.41 -0.33 -0.30 -0.01 0.28 0.14 0.74 1.23 1.61 -0.28 -0.18 0.09 0.35 
Loss: 0.510288  SIA Ef: -0.052227 Binding: -0.09 -0.06 -0.00 0.02 0.09 0.36 0.22 0.16 -0.06 -0.18 -0.26  Rvol: 0.57 1.01 1.41 -0.33 -0.30 -0.01 0.28 0.14 0.74 1.23 1.61 -0.28 -0.18 0.09 0.35 
Loss: 0.510339  SIA Ef: -0.052346 Binding: -0.09 -0.06 -0.00 0.02 0.09 0.37 0.22 0.16 -0.06 -0.18 -0.26  Rvol: 0.57 1.01 1.41 -0.33 -0.30 -0.01 0.28 0.14 0.74 1.23 1.61 -0.28 -0.18 0.09 0.35 
Loss: 0.510289  SIA Ef: -0.052024 Binding: -0.09 -0.06 -0.00 0.02 0.09 0.36 0.22 0.16 -0.06 -0.18 -0.26  Rvol: 0.57 1.01 1.41 -0.33 -0.30 -0.01 0.28 0.14 0.74 1.23 1.61 -0.28 -0.18 0.09 0.35 
Loss: 0.510347  SIA Ef: -0.052084 Binding: -0.09 -0.06 -0.00 0.02 0.09 0.36 0.22 0.16 -0.06 -0.18 -0.26  Rvol: 0.57 1.01 1.41 -0.33 -0.30 -0.01 0.28 0.14 0.74 1.23 1.61 -0.28 -0.18 0.09 0.35 
Loss: 0.510430  SIA Ef: -0.048674 Binding: -0.09 -0.06 0.00 0.02 0.09 0.36 0.22 0.16 -0.06 -0.18 -0.26  Rvol: 0.57 1.01 1.41 -0.33 -0.30 -0.01 0.28 0.14 0.74 1.23 1.61 -0.28 -0.18 0.09 0.35 
Loss: 0.510279  SIA Ef: -0.057089 Binding: -0.09 -0.06 -0.01 0.02 0.09 0.37 0.22 0.16 -0.06 -0.18 -0.26  Rvol: 0.57 1.01 1.40 -0.33 -0.30 -0.01 0.28 0.14 0.74 1.23 1.61 -0.28 -0.18 0.09 0.35 
Loss: 0.510202  SIA Ef: -0.057814 Binding: -0.09 -0.06 -0.01 0.02 0.09 0.37 0.22 0.16 -0.06 -0.18 -0.26  Rvol: 0.57 1.01 1.40 -0.33 -0.30 -0.01 0.28 0.14 0.74 1.23 1.61 -0.28 -0.18 0.09 0.35 
Loss: 0.510213  SIA Ef: -0.058712 Binding: -0.09 -0.06 -0.01 0.02 0.09 0.37 0.22 0.16 -0.06 -0.18 -0.26  Rvol: 0.57 1.01 1.40 -0.33 -0.30 -0.01 0.28 0.14 0.74 1.23 1.61 -0.28 -0.18 0.09 0.35 
Loss: 0.510202  SIA Ef: -0.057976 Binding: -0.09 -0.06 -0.01 0.02 0.09 0.37 0.22 0.16 -0.06 -0.18 -0.26  Rvol: 0.57 1.01 1.40 -0.33 -0.30 -0.01 0.28 0.14 0.74 1.23 1.61 -0.28 -0.18 0.09 0.35 
Loss: 0.510179  SIA Ef: -0.058763 Binding: -0.09 -0.06 -0.01 0.02 0.09 0.37 0.22 0.16 -0.06 -0.18 -0.26  Rvol: 0.57 1.01 1.40 -0.33 -0.30 -0.01 0.28 0.14 0.74 1.23 1.61 -0.28 -0.18 0.09 0.35 
Loss: 0.510173  SIA Ef: -0.058370 Binding: -0.09 -0.06 -0.01 0.02 0.09 0.37 0.22 0.16 -0.06 -0.18 -0.26  Rvol: 0.57 1.01 1.40 -0.33 -0.30 -0.01 0.28 0.14 0.74 1.23 1.61 -0.28 -0.18 0.09 0.35 
Loss: 0.510094  SIA Ef: -0.058530 Binding: -0.09 -0.06 -0.01 0.02 0.09 0.36 0.22 0.16 -0.06 -0.18 -0.26  Rvol: 0.57 1.01 1.40 -0.33 -0.30 -0.01 0.28 0.14 0.74 1.23 1.61 -0.28 -0.18 0.09 0.35 
Loss: 0.510015  SIA Ef: -0.058755 Binding: -0.09 -0.06 -0.00 0.02 0.09 0.36 0.22 0.16 -0.06 -0.19 -0.26  Rvol: 0.57 1.01 1.40 -0.33 -0.30 -0.02 0.28 0.14 0.74 1.23 1.61 -0.28 -0.18 0.09 0.35 
Loss: 0.509951  SIA Ef: -0.058979 Binding: -0.09 -0.06 -0.00 0.02 0.09 0.36 0.22 0.16 -0.06 -0.19 -0.26  Rvol: 0.57 1.01 1.40 -0.33 -0.30 -0.02 0.28 0.14 0.74 1.23 1.61 -0.28 -0.18 0.09 0.35 
Loss: 0.509909  SIA Ef: -0.058900 Binding: -0.09 -0.06 -0.00 0.02 0.09 0.36 0.22 0.16 -0.06 -0.19 -0.26  Rvol: 0.57 1.01 1.40 -0.33 -0.30 -0.02 0.28 0.14 0.74 1.23 1.61 -0.28 -0.18 0.09 0.35 
Loss: 0.509877  SIA Ef: -0.059873 Binding: -0.09 -0.06 -0.00 0.02 0.09 0.36 0.22 0.16 -0.06 -0.19 -0.26  Rvol: 0.57 1.01 1.40 -0.33 -0.30 -0.02 0.28 0.14 0.74 1.23 1.61 -0.28 -0.18 0.09 0.35 
Loss: 0.509869  SIA Ef: -0.059234 Binding: -0.09 -0.06 -0.00 0.02 0.09 0.36 0.22 0.16 -0.06 -0.19 -0.26  Rvol: 0.57 1.01 1.40 -0.33 -0.30 -0.02 0.28 0.14 0.74 1.23 1.61 -0.28 -0.18 0.09 0.35 
Loss: 0.509850  SIA Ef: -0.058883 Binding: -0.09 -0.06 -0.00 0.02 0.09 0.36 0.22 0.15 -0.06 -0.19 -0.26  Rvol: 0.57 1.01 1.40 -0.33 -0.30 -0.02 0.28 0.14 0.74 1.23 1.61 -0.28 -0.18 0.09 0.35 
Loss: 0.509828  SIA Ef: -0.059581 Binding: -0.09 -0.06 -0.00 0.02 0.09 0.36 0.22 0.15 -0.06 -0.19 -0.26  Rvol: 0.57 1.01 1.40 -0.33 -0.30 -0.02 0.28 0.14 0.74 1.23 1.61 -0.28 -0.18 0.09 0.35 
Loss: 0.509832  SIA Ef: -0.059756 Binding: -0.09 -0.06 -0.00 0.02 0.09 0.36 0.22 0.15 -0.06 -0.19 -0.26  Rvol: 0.57 1.01 1.40 -0.33 -0.30 -0.02 0.28 0.14 0.74 1.23 1.61 -0.28 -0.18 0.09 0.35 
Loss: 0.509836  SIA Ef: -0.060437 Binding: -0.09 -0.06 -0.00 0.02 0.09 0.36 0.22 0.15 -0.06 -0.19 -0.26  Rvol: 0.57 1.01 1.40 -0.33 -0.30 -0.02 0.28 0.14 0.74 1.23 1.61 -0.28 -0.18 0.09 0.35 
Loss: 0.509830  SIA Ef: -0.059924 Binding: -0.09 -0.06 -0.00 0.02 0.09 0.36 0.22 0.15 -0.06 -0.19 -0.26  Rvol: 0.57 1.01 1.40 -0.33 -0.30 -0.02 0.28 0.14 0.74 1.23 1.61 -0.28 -0.18 0.09 0.35 
Loss: 0.509920  SIA Ef: -0.056951 Binding: -0.09 -0.06 -0.00 0.02 0.09 0.36 0.22 0.15 -0.06 -0.19 -0.26  Rvol: 0.57 1.01 1.41 -0.33 -0.30 -0.02 0.28 0.14 0.74 1.23 1.61 -0.28 -0.18 0.09 0.35 
Loss: 0.509836  SIA Ef: -0.059929 Binding: -0.09 -0.06 -0.00 0.02 0.09 0.36 0.22 0.15 -0.06 -0.19 -0.26  Rvol: 0.57 1.01 1.40 -0.33 -0.30 -0.02 0.28 0.14 0.74 1.23 1.61 -0.28 -0.18 0.09 0.35 
Loss: 0.509814  SIA Ef: -0.061672 Binding: -0.09 -0.06 -0.01 0.02 0.09 0.36 0.22 0.15 -0.06 -0.19 -0.26  Rvol: 0.57 1.01 1.40 -0.33 -0.30 -0.02 0.28 0.14 0.74 1.23 1.61 -0.28 -0.18 0.09 0.35 
Loss: 0.509832  SIA Ef: -0.062821 Binding: -0.09 -0.06 -0.01 0.02 0.09 0.36 0.22 0.15 -0.06 -0.19 -0.26  Rvol: 0.57 1.01 1.40 -0.33 -0.30 -0.02 0.28 0.14 0.74 1.23 1.61 -0.28 -0.18 0.09 0.35 
Loss: 0.509816  SIA Ef: -0.061039 Binding: -0.09 -0.06 -0.01 0.02 0.09 0.36 0.22 0.15 -0.06 -0.19 -0.26  Rvol: 0.57 1.01 1.40 -0.33 -0.30 -0.02 0.28 0.14 0.74 1.23 1.61 -0.28 -0.18 0.09 0.35 
Loss: 0.509878  SIA Ef: -0.062929 Binding: -0.09 -0.06 -0.01 0.02 0.09 0.36 0.22 0.15 -0.06 -0.19 -0.26  Rvol: 0.57 1.01 1.40 -0.33 -0.30 -0.02 0.28 0.14 0.74 1.23 1.61 -0.28 -0.18 0.09 0.35 
Loss: 0.509783  SIA Ef: -0.060955 Binding: -0.09 -0.06 -0.01 0.02 0.09 0.36 0.22 0.15 -0.06 -0.19 -0.26  Rvol: 0.57 1.01 1.40 -0.33 -0.30 -0.02 0.28 0.14 0.74 1.23 1.61 -0.28 -0.18 0.09 0.35 
Loss: 0.509755  SIA Ef: -0.060447 Binding: -0.09 -0.06 -0.01 0.02 0.09 0.36 0.22 0.15 -0.06 -0.19 -0.26  Rvol: 0.57 1.01 1.40 -0.33 -0.30 -0.02 0.28 0.14 0.74 1.23 1.61 -0.28 -0.18 0.09 0.35 
Loss: 0.509738  SIA Ef: -0.060073 Binding: -0.09 -0.06 -0.00 0.02 0.09 0.36 0.22 0.15 -0.06 -0.19 -0.26  Rvol: 0.57 1.01 1.40 -0.33 -0.30 -0.02 0.28 0.14 0.74 1.23 1.61 -0.28 -0.18 0.09 0.35 
Loss: 0.509741  SIA Ef: -0.059225 Binding: -0.09 -0.06 -0.00 0.02 0.09 0.36 0.22 0.15 -0.06 -0.19 -0.26  Rvol: 0.57 1.01 1.40 -0.33 -0.30 -0.02 0.28 0.14 0.74 1.23 1.61 -0.28 -0.18 0.09 0.35 
Loss: 0.509743  SIA Ef: -0.059992 Binding: -0.09 -0.06 -0.00 0.02 0.09 0.36 0.22 0.15 -0.06 -0.19 -0.26  Rvol: 0.57 1.01 1.40 -0.33 -0.30 -0.02 0.28 0.14 0.74 1.23 1.61 -0.28 -0.18 0.09 0.35 
Loss: 0.509725  SIA Ef: -0.059858 Binding: -0.09 -0.06 -0.00 0.02 0.09 0.36 0.22 0.15 -0.06 -0.19 -0.26  Rvol: 0.57 1.01 1.40 -0.33 -0.30 -0.02 0.28 0.14 0.74 1.23 1.61 -0.28 -0.18 0.09 0.35 
Loss: 0.509723  SIA Ef: -0.060385 Binding: -0.09 -0.06 -0.00 0.02 0.09 0.36 0.22 0.15 -0.06 -0.19 -0.26  Rvol: 0.57 1.01 1.40 -0.33 -0.30 -0.02 0.28 0.14 0.74 1.23 1.61 -0.28 -0.18 0.09 0.35 
Loss: 0.509726  SIA Ef: -0.060491 Binding: -0.09 -0.06 -0.01 0.02 0.09 0.36 0.22 0.15 -0.06 -0.19 -0.26  Rvol: 0.57 1.01 1.40 -0.33 -0.30 -0.02 0.28 0.14 0.74 1.23 1.61 -0.28 -0.18 0.09 0.35 
Loss: 0.509722  SIA Ef: -0.060697 Binding: -0.09 -0.06 -0.00 0.02 0.09 0.36 0.22 0.15 -0.06 -0.19 -0.26  Rvol: 0.57 1.01 1.40 -0.33 -0.30 -0.02 0.28 0.14 0.74 1.23 1.61 -0.28 -0.18 0.09 0.35 
Loss: 0.509726  SIA Ef: -0.060658 Binding: -0.09 -0.06 -0.00 0.02 0.09 0.36 0.22 0.15 -0.06 -0.19 -0.26  Rvol: 0.57 1.01 1.40 -0.33 -0.30 -0.02 0.28 0.14 0.74 1.23 1.61 -0.28 -0.18 0.09 0.35 
Loss: 0.509758  SIA Ef: -0.059957 Binding: -0.09 -0.06 -0.00 0.02 0.09 0.36 0.22 0.15 -0.06 -0.19 -0.26  Rvol: 0.57 1.01 1.40 -0.33 -0.30 -0.02 0.28 0.14 0.74 1.23 1.61 -0.28 -0.18 0.09 0.35 
Loss: 0.509725  SIA Ef: -0.060507 Binding: -0.09 -0.06 -0.00 0.02 0.09 0.36 0.22 0.15 -0.06 -0.19 -0.26  Rvol: 0.57 1.01 1.40 -0.33 -0.30 -0.02 0.28 0.14 0.74 1.23 1.61 -0.28 -0.18 0.09 0.35 
Loss: 0.509721  SIA Ef: -0.061234 Binding: -0.09 -0.06 -0.01 0.02 0.09 0.36 0.22 0.15 -0.06 -0.19 -0.26  Rvol: 0.57 1.01 1.40 -0.33 -0.30 -0.02 0.28 0.14 0.74 1.23 1.61 -0.28 -0.18 0.09 0.35 
Loss: 0.509743  SIA Ef: -0.061662 Binding: -0.09 -0.06 -0.01 0.02 0.09 0.36 0.22 0.15 -0.06 -0.19 -0.26  Rvol: 0.57 1.01 1.40 -0.33 -0.30 -0.02 0.28 0.14 0.74 1.23 1.61 -0.28 -0.18 0.09 0.35 
Loss: 0.509705  SIA Ef: -0.061152 Binding: -0.09 -0.06 -0.01 0.02 0.09 0.36 0.22 0.15 -0.06 -0.19 -0.26  Rvol: 0.57 1.01 1.40 -0.33 -0.30 -0.02 0.28 0.14 0.74 1.23 1.61 -0.28 -0.18 0.09 0.35 
Loss: 0.509687  SIA Ef: -0.060973 Binding: -0.09 -0.06 -0.01 0.02 0.09 0.36 0.22 0.15 -0.06 -0.19 -0.26  Rvol: 0.57 1.01 1.40 -0.33 -0.30 -0.02 0.28 0.14 0.74 1.23 1.61 -0.28 -0.18 0.09 0.35 
Loss: 0.509693  SIA Ef: -0.061270 Binding: -0.09 -0.06 -0.01 0.02 0.09 0.36 0.22 0.15 -0.06 -0.19 -0.26  Rvol: 0.57 1.01 1.40 -0.33 -0.30 -0.02 0.28 0.14 0.74 1.23 1.61 -0.28 -0.18 0.09 0.35 
Loss: 0.509682  SIA Ef: -0.060053 Binding: -0.09 -0.06 -0.00 0.02 0.09 0.36 0.22 0.15 -0.06 -0.19 -0.26  Rvol: 0.57 1.01 1.40 -0.33 -0.30 -0.02 0.28 0.14 0.74 1.23 1.61 -0.28 -0.18 0.09 0.35 
Loss: 0.509672  SIA Ef: -0.060129 Binding: -0.09 -0.06 -0.00 0.02 0.09 0.36 0.22 0.15 -0.06 -0.19 -0.26  Rvol: 0.57 1.01 1.40 -0.33 -0.30 -0.02 0.28 0.14 0.74 1.23 1.61 -0.28 -0.18 0.09 0.35 
Loss: 0.509660  SIA Ef: -0.059992 Binding: -0.09 -0.06 -0.00 0.02 0.09 0.36 0.22 0.15 -0.06 -0.19 -0.26  Rvol: 0.57 1.01 1.40 -0.33 -0.30 -0.02 0.28 0.14 0.74 1.23 1.61 -0.28 -0.18 0.09 0.35 
Loss: 0.509647  SIA Ef: -0.060155 Binding: -0.09 -0.06 -0.01 0.02 0.09 0.36 0.22 0.15 -0.06 -0.19 -0.26  Rvol: 0.57 1.01 1.40 -0.33 -0.30 -0.02 0.28 0.14 0.74 1.23 1.61 -0.28 -0.18 0.09 0.35 
Loss: 0.509654  SIA Ef: -0.059623 Binding: -0.09 -0.06 -0.01 0.02 0.09 0.36 0.22 0.15 -0.06 -0.19 -0.26  Rvol: 0.57 1.01 1.40 -0.33 -0.30 -0.02 0.28 0.14 0.74 1.23 1.61 -0.28 -0.18 0.09 0.35 
Loss: 0.509651  SIA Ef: -0.060037 Binding: -0.09 -0.06 -0.01 0.02 0.09 0.36 0.22 0.15 -0.06 -0.19 -0.26  Rvol: 0.57 1.01 1.40 -0.33 -0.30 -0.02 0.28 0.14 0.74 1.23 1.61 -0.28 -0.18 0.09 0.35 
Loss: 0.509639  SIA Ef: -0.059816 Binding: -0.09 -0.06 -0.01 0.02 0.09 0.36 0.22 0.15 -0.06 -0.19 -0.26  Rvol: 0.57 1.01 1.40 -0.33 -0.30 -0.02 0.28 0.14 0.74 1.23 1.61 -0.28 -0.18 0.09 0.35 
Loss: 0.509625  SIA Ef: -0.060182 Binding: -0.09 -0.06 -0.01 0.02 0.09 0.36 0.22 0.15 -0.06 -0.19 -0.26  Rvol: 0.57 1.01 1.40 -0.33 -0.30 -0.02 0.28 0.14 0.74 1.23 1.61 -0.28 -0.18 0.09 0.35 
Loss: 0.509628  SIA Ef: -0.060007 Binding: -0.09 -0.06 -0.01 0.02 0.09 0.36 0.22 0.15 -0.06 -0.19 -0.26  Rvol: 0.57 1.01 1.40 -0.33 -0.30 -0.02 0.28 0.14 0.74 1.23 1.61 -0.28 -0.18 0.09 0.35 
Loss: 0.509630  SIA Ef: -0.059988 Binding: -0.09 -0.06 -0.01 0.02 0.09 0.36 0.22 0.15 -0.06 -0.19 -0.26  Rvol: 0.57 1.01 1.40 -0.33 -0.30 -0.02 0.28 0.14 0.74 1.23 1.61 -0.28 -0.18 0.09 0.35 
Loss: 0.509618  SIA Ef: -0.060820 Binding: -0.09 -0.06 -0.01 0.02 0.09 0.36 0.22 0.15 -0.06 -0.19 -0.26  Rvol: 0.57 1.01 1.40 -0.33 -0.30 -0.02 0.28 0.14 0.74 1.23 1.61 -0.28 -0.18 0.09 0.35 
Loss: 0.509628  SIA Ef: -0.060531 Binding: -0.09 -0.06 -0.01 0.02 0.09 0.36 0.22 0.15 -0.06 -0.19 -0.26  Rvol: 0.57 1.01 1.40 -0.33 -0.30 -0.02 0.28 0.14 0.74 1.23 1.61 -0.28 -0.18 0.09 0.35 
Loss: 0.509627  SIA Ef: -0.061279 Binding: -0.09 -0.06 -0.01 0.02 0.09 0.36 0.22 0.15 -0.06 -0.19 -0.26  Rvol: 0.57 1.01 1.40 -0.33 -0.30 -0.02 0.28 0.14 0.74 1.23 1.61 -0.28 -0.18 0.09 0.35 
Loss: 0.509629  SIA Ef: -0.061076 Binding: -0.09 -0.06 -0.01 0.02 0.09 0.36 0.22 0.15 -0.06 -0.19 -0.26  Rvol: 0.57 1.01 1.40 -0.33 -0.30 -0.02 0.28 0.14 0.74 1.23 1.61 -0.28 -0.18 0.09 0.35 
Loss: 0.509620  SIA Ef: -0.060935 Binding: -0.09 -0.06 -0.01 0.02 0.09 0.36 0.22 0.15 -0.06 -0.19 -0.26  Rvol: 0.57 1.01 1.40 -0.33 -0.30 -0.02 0.28 0.14 0.74 1.23 1.61 -0.28 -0.18 0.09 0.35 
Loss: 0.509602  SIA Ef: -0.060724 Binding: -0.09 -0.06 -0.01 0.02 0.09 0.36 0.22 0.15 -0.06 -0.19 -0.26  Rvol: 0.57 1.01 1.40 -0.33 -0.30 -0.02 0.28 0.14 0.74 1.23 1.61 -0.28 -0.18 0.09 0.35 
Loss: 0.509594  SIA Ef: -0.060459 Binding: -0.09 -0.06 -0.01 0.02 0.09 0.36 0.22 0.15 -0.06 -0.19 -0.26  Rvol: 0.57 1.01 1.40 -0.33 -0.30 -0.02 0.28 0.14 0.74 1.23 1.61 -0.28 -0.18 0.09 0.35 
Loss: 0.509599  SIA Ef: -0.060721 Binding: -0.09 -0.06 -0.01 0.02 0.09 0.36 0.22 0.15 -0.06 -0.19 -0.26  Rvol: 0.57 1.01 1.40 -0.33 -0.30 -0.02 0.28 0.14 0.74 1.23 1.61 -0.28 -0.18 0.09 0.35 
Loss: 0.509584  SIA Ef: -0.059927 Binding: -0.09 -0.06 -0.01 0.02 0.09 0.36 0.22 0.15 -0.06 -0.19 -0.26  Rvol: 0.57 1.01 1.40 -0.33 -0.30 -0.02 0.28 0.14 0.74 1.23 1.61 -0.28 -0.18 0.09 0.35 
Loss: 0.509588  SIA Ef: -0.059408 Binding: -0.09 -0.06 -0.01 0.02 0.09 0.36 0.22 0.15 -0.06 -0.19 -0.26  Rvol: 0.57 1.01 1.40 -0.33 -0.30 -0.02 0.28 0.14 0.74 1.23 1.61 -0.28 -0.18 0.09 0.35 
Loss: 0.509587  SIA Ef: -0.059831 Binding: -0.09 -0.06 -0.01 0.02 0.09 0.36 0.22 0.15 -0.06 -0.19 -0.26  Rvol: 0.57 1.01 1.40 -0.33 -0.30 -0.02 0.28 0.14 0.74 1.23 1.61 -0.28 -0.18 0.09 0.35 
Loss: 0.509581  SIA Ef: -0.059906 Binding: -0.09 -0.06 -0.01 0.02 0.09 0.36 0.22 0.15 -0.06 -0.19 -0.26  Rvol: 0.57 1.01 1.40 -0.33 -0.30 -0.02 0.28 0.14 0.74 1.23 1.61 -0.28 -0.18 0.09 0.35 
Loss: 0.509569  SIA Ef: -0.060077 Binding: -0.09 -0.06 -0.01 0.02 0.09 0.36 0.22 0.15 -0.06 -0.19 -0.26  Rvol: 0.57 1.01 1.40 -0.33 -0.30 -0.02 0.28 0.14 0.74 1.23 1.61 -0.28 -0.18 0.09 0.35 
Loss: 0.509567  SIA Ef: -0.059395 Binding: -0.09 -0.06 -0.01 0.02 0.09 0.36 0.22 0.15 -0.06 -0.19 -0.26  Rvol: 0.57 1.01 1.40 -0.33 -0.30 -0.02 0.28 0.14 0.74 1.23 1.61 -0.28 -0.18 0.09 0.35 
Loss: 0.509569  SIA Ef: -0.059367 Binding: -0.09 -0.06 -0.01 0.02 0.09 0.36 0.22 0.15 -0.06 -0.19 -0.26  Rvol: 0.57 1.01 1.40 -0.33 -0.30 -0.02 0.28 0.14 0.74 1.23 1.61 -0.28 -0.18 0.09 0.35 
Loss: 0.509554  SIA Ef: -0.060229 Binding: -0.09 -0.06 -0.01 0.02 0.09 0.36 0.22 0.15 -0.06 -0.19 -0.26  Rvol: 0.57 1.01 1.40 -0.33 -0.30 -0.02 0.28 0.14 0.74 1.23 1.61 -0.28 -0.18 0.09 0.35 
Loss: 0.509547  SIA Ef: -0.060376 Binding: -0.09 -0.06 -0.01 0.02 0.09 0.36 0.22 0.15 -0.06 -0.19 -0.26  Rvol: 0.57 1.01 1.40 -0.33 -0.30 -0.02 0.28 0.14 0.74 1.23 1.61 -0.28 -0.18 0.09 0.35 
Loss: 0.509545  SIA Ef: -0.060685 Binding: -0.09 -0.06 -0.01 0.02 0.09 0.36 0.22 0.15 -0.06 -0.19 -0.26  Rvol: 0.57 1.01 1.40 -0.33 -0.30 -0.02 0.28 0.14 0.74 1.23 1.61 -0.28 -0.18 0.09 0.35 
Loss: 0.509537  SIA Ef: -0.060687 Binding: -0.09 -0.06 -0.01 0.02 0.09 0.36 0.22 0.15 -0.06 -0.19 -0.26  Rvol: 0.57 1.01 1.40 -0.33 -0.30 -0.02 0.28 0.14 0.74 1.23 1.61 -0.28 -0.18 0.09 0.35 
Loss: 0.509548  SIA Ef: -0.061509 Binding: -0.09 -0.06 -0.01 0.02 0.09 0.36 0.22 0.15 -0.06 -0.19 -0.26  Rvol: 0.57 1.01 1.40 -0.33 -0.30 -0.02 0.28 0.14 0.74 1.23 1.61 -0.28 -0.18 0.09 0.35 
Loss: 0.509541  SIA Ef: -0.060866 Binding: -0.09 -0.06 -0.01 0.02 0.09 0.36 0.22 0.15 -0.06 -0.19 -0.26  Rvol: 0.57 1.01 1.40 -0.33 -0.30 -0.02 0.28 0.14 0.74 1.23 1.61 -0.28 -0.18 0.09 0.35 
Loss: 0.509519  SIA Ef: -0.060261 Binding: -0.09 -0.06 -0.01 0.02 0.09 0.36 0.22 0.15 -0.06 -0.19 -0.26  Rvol: 0.57 1.01 1.40 -0.33 -0.30 -0.02 0.28 0.14 0.74 1.23 1.61 -0.28 -0.18 0.09 0.35 
Loss: 0.509524  SIA Ef: -0.060260 Binding: -0.09 -0.06 -0.01 0.02 0.09 0.36 0.22 0.15 -0.06 -0.19 -0.26  Rvol: 0.57 1.01 1.40 -0.33 -0.30 -0.02 0.28 0.14 0.74 1.23 1.61 -0.28 -0.18 0.09 0.35 
Loss: 0.509525  SIA Ef: -0.059890 Binding: -0.09 -0.06 -0.01 0.02 0.09 0.36 0.22 0.15 -0.06 -0.19 -0.26  Rvol: 0.57 1.01 1.40 -0.33 -0.30 -0.02 0.28 0.14 0.74 1.23 1.61 -0.28 -0.18 0.09 0.35 
Loss: 0.509525  SIA Ef: -0.060115 Binding: -0.09 -0.06 -0.01 0.02 0.09 0.36 0.22 0.15 -0.06 -0.19 -0.26  Rvol: 0.57 1.01 1.40 -0.33 -0.30 -0.02 0.28 0.14 0.74 1.23 1.61 -0.28 -0.18 0.09 0.35 
Loss: 0.509519  SIA Ef: -0.060290 Binding: -0.09 -0.06 -0.01 0.02 0.09 0.36 0.22 0.15 -0.06 -0.19 -0.26  Rvol: 0.57 1.01 1.40 -0.33 -0.30 -0.02 0.28 0.14 0.74 1.23 1.61 -0.28 -0.18 0.09 0.35 
Loss: 0.509509  SIA Ef: -0.060918 Binding: -0.09 -0.06 -0.01 0.02 0.09 0.36 0.22 0.15 -0.06 -0.19 -0.26  Rvol: 0.57 1.01 1.40 -0.33 -0.30 -0.02 0.28 0.14 0.74 1.23 1.61 -0.28 -0.18 0.09 0.35 
Loss: 0.509517  SIA Ef: -0.060232 Binding: -0.09 -0.06 -0.01 0.02 0.09 0.36 0.22 0.15 -0.06 -0.19 -0.26  Rvol: 0.57 1.01 1.40 -0.33 -0.30 -0.02 0.28 0.14 0.74 1.23 1.61 -0.28 -0.18 0.09 0.35 
Loss: 0.509506  SIA Ef: -0.061055 Binding: -0.09 -0.06 -0.01 0.02 0.09 0.36 0.22 0.15 -0.06 -0.19 -0.26  Rvol: 0.57 1.01 1.40 -0.33 -0.30 -0.02 0.28 0.14 0.74 1.23 1.61 -0.28 -0.18 0.09 0.35 
Loss: 0.509514  SIA Ef: -0.060976 Binding: -0.09 -0.06 -0.01 0.02 0.09 0.36 0.22 0.15 -0.06 -0.19 -0.26  Rvol: 0.57 1.01 1.40 -0.33 -0.30 -0.02 0.28 0.14 0.74 1.23 1.61 -0.28 -0.18 0.09 0.35 
Loss: 0.509509  SIA Ef: -0.061123 Binding: -0.09 -0.06 -0.01 0.02 0.09 0.36 0.22 0.15 -0.06 -0.19 -0.26  Rvol: 0.57 1.01 1.40 -0.33 -0.30 -0.02 0.28 0.14 0.74 1.23 1.61 -0.28 -0.18 0.09 0.35 
Loss: 0.509500  SIA Ef: -0.061327 Binding: -0.09 -0.06 -0.01 0.02 0.09 0.36 0.22 0.15 -0.06 -0.19 -0.26  Rvol: 0.57 1.01 1.40 -0.33 -0.30 -0.02 0.28 0.14 0.74 1.23 1.61 -0.28 -0.18 0.09 0.35 
Loss: 0.509500  SIA Ef: -0.061894 Binding: -0.09 -0.06 -0.01 0.02 0.09 0.36 0.22 0.15 -0.06 -0.19 -0.26  Rvol: 0.57 1.01 1.40 -0.33 -0.30 -0.02 0.28 0.14 0.74 1.23 1.61 -0.28 -0.18 0.09 0.35 
Loss: 0.509513  SIA Ef: -0.062001 Binding: -0.09 -0.06 -0.01 0.02 0.09 0.36 0.22 0.15 -0.06 -0.19 -0.26  Rvol: 0.57 1.01 1.40 -0.33 -0.30 -0.02 0.28 0.14 0.74 1.23 1.61 -0.28 -0.18 0.09 0.35 
Loss: 0.509493  SIA Ef: -0.062540 Binding: -0.09 -0.06 -0.01 0.02 0.09 0.36 0.22 0.15 -0.06 -0.19 -0.26  Rvol: 0.57 1.01 1.40 -0.33 -0.30 -0.02 0.28 0.14 0.74 1.23 1.61 -0.28 -0.18 0.09 0.35 
Loss: 0.509470  SIA Ef: -0.062031 Binding: -0.09 -0.06 -0.01 0.02 0.09 0.36 0.22 0.15 -0.06 -0.19 -0.26  Rvol: 0.57 1.01 1.40 -0.33 -0.30 -0.02 0.28 0.14 0.74 1.23 1.61 -0.28 -0.18 0.09 0.35 
Loss: 0.509463  SIA Ef: -0.061965 Binding: -0.09 -0.06 -0.01 0.02 0.09 0.36 0.22 0.15 -0.06 -0.19 -0.26  Rvol: 0.57 1.01 1.40 -0.33 -0.30 -0.02 0.28 0.14 0.74 1.23 1.61 -0.28 -0.18 0.09 0.35 
Loss: 0.509463  SIA Ef: -0.062031 Binding: -0.09 -0.06 -0.01 0.02 0.09 0.36 0.22 0.15 -0.06 -0.19 -0.26  Rvol: 0.57 1.01 1.40 -0.33 -0.30 -0.02 0.28 0.14 0.74 1.23 1.61 -0.28 -0.18 0.09 0.35 
Loss: 0.509462  SIA Ef: -0.061124 Binding: -0.09 -0.06 -0.01 0.02 0.09 0.36 0.22 0.15 -0.06 -0.19 -0.26  Rvol: 0.57 1.01 1.40 -0.33 -0.30 -0.02 0.28 0.14 0.74 1.23 1.61 -0.28 -0.18 0.09 0.35 
Loss: 0.509472  SIA Ef: -0.061206 Binding: -0.09 -0.06 -0.01 0.02 0.09 0.36 0.22 0.15 -0.06 -0.19 -0.26  Rvol: 0.57 1.01 1.40 -0.33 -0.30 -0.02 0.28 0.14 0.74 1.23 1.61 -0.28 -0.18 0.09 0.35 
Loss: 0.509453  SIA Ef: -0.061070 Binding: -0.09 -0.06 -0.01 0.02 0.09 0.36 0.22 0.15 -0.06 -0.19 -0.26  Rvol: 0.57 1.01 1.40 -0.33 -0.30 -0.02 0.28 0.14 0.74 1.23 1.61 -0.28 -0.18 0.09 0.35 
Loss: 0.509447  SIA Ef: -0.061304 Binding: -0.09 -0.06 -0.01 0.02 0.09 0.36 0.21 0.15 -0.06 -0.19 -0.26  Rvol: 0.57 1.01 1.40 -0.33 -0.30 -0.02 0.28 0.14 0.74 1.23 1.61 -0.28 -0.18 0.09 0.35 
Loss: 0.509453  SIA Ef: -0.061176 Binding: -0.09 -0.06 -0.01 0.02 0.09 0.36 0.21 0.15 -0.06 -0.19 -0.26  Rvol: 0.57 1.01 1.40 -0.33 -0.30 -0.02 0.28 0.14 0.74 1.23 1.61 -0.28 -0.18 0.09 0.35 
Loss: 0.509435  SIA Ef: -0.061484 Binding: -0.09 -0.06 -0.01 0.02 0.09 0.36 0.21 0.15 -0.06 -0.19 -0.26  Rvol: 0.57 1.01 1.40 -0.33 -0.30 -0.02 0.28 0.14 0.74 1.23 1.61 -0.28 -0.18 0.09 0.35 
Loss: 0.509439  SIA Ef: -0.062144 Binding: -0.09 -0.06 -0.01 0.02 0.09 0.36 0.21 0.15 -0.06 -0.19 -0.26  Rvol: 0.57 1.01 1.40 -0.33 -0.30 -0.02 0.28 0.14 0.74 1.23 1.61 -0.28 -0.18 0.09 0.35 
Loss: 0.509430  SIA Ef: -0.061767 Binding: -0.09 -0.06 -0.01 0.02 0.09 0.36 0.21 0.15 -0.06 -0.19 -0.26  Rvol: 0.57 1.01 1.40 -0.33 -0.30 -0.02 0.28 0.14 0.74 1.23 1.61 -0.28 -0.18 0.09 0.35 
Loss: 0.509434  SIA Ef: -0.061444 Binding: -0.09 -0.06 -0.01 0.02 0.09 0.36 0.21 0.15 -0.06 -0.19 -0.26  Rvol: 0.57 1.01 1.40 -0.33 -0.30 -0.02 0.28 0.14 0.74 1.23 1.61 -0.28 -0.18 0.09 0.35 
Loss: 0.509437  SIA Ef: -0.061836 Binding: -0.09 -0.06 -0.01 0.02 0.09 0.36 0.21 0.15 -0.06 -0.19 -0.26  Rvol: 0.57 1.01 1.40 -0.33 -0.30 -0.02 0.28 0.14 0.74 1.23 1.61 -0.28 -0.18 0.09 0.35 
Loss: 0.509436  SIA Ef: -0.061746 Binding: -0.09 -0.06 -0.01 0.02 0.09 0.36 0.22 0.15 -0.06 -0.19 -0.26  Rvol: 0.57 1.01 1.40 -0.33 -0.30 -0.02 0.28 0.14 0.74 1.23 1.61 -0.28 -0.18 0.09 0.35 
Loss: 0.509429  SIA Ef: -0.061319 Binding: -0.09 -0.06 -0.01 0.02 0.09 0.36 0.21 0.15 -0.06 -0.19 -0.26  Rvol: 0.57 1.01 1.40 -0.33 -0.30 -0.02 0.28 0.14 0.74 1.23 1.61 -0.28 -0.18 0.09 0.35 
Loss: 0.509411  SIA Ef: -0.061758 Binding: -0.09 -0.06 -0.01 0.02 0.09 0.36 0.21 0.15 -0.06 -0.19 -0.26  Rvol: 0.57 1.01 1.40 -0.33 -0.30 -0.02 0.28 0.14 0.74 1.23 1.61 -0.28 -0.18 0.09 0.35 
Loss: 0.509410  SIA Ef: -0.062080 Binding: -0.09 -0.06 -0.01 0.02 0.09 0.36 0.21 0.15 -0.06 -0.19 -0.26  Rvol: 0.57 1.01 1.40 -0.33 -0.30 -0.02 0.28 0.14 0.74 1.23 1.61 -0.28 -0.18 0.09 0.35 
Loss: 0.509406  SIA Ef: -0.062037 Binding: -0.09 -0.06 -0.01 0.02 0.09 0.36 0.21 0.15 -0.06 -0.19 -0.26  Rvol: 0.57 1.01 1.40 -0.33 -0.30 -0.02 0.28 0.14 0.74 1.23 1.61 -0.28 -0.18 0.09 0.35 
Loss: 0.509399  SIA Ef: -0.062086 Binding: -0.09 -0.06 -0.01 0.02 0.09 0.36 0.21 0.15 -0.06 -0.19 -0.26  Rvol: 0.57 1.01 1.40 -0.33 -0.30 -0.02 0.28 0.14 0.74 1.23 1.61 -0.28 -0.18 0.09 0.35 
Loss: 0.509403  SIA Ef: -0.062256 Binding: -0.09 -0.06 -0.01 0.02 0.09 0.36 0.21 0.15 -0.06 -0.19 -0.26  Rvol: 0.57 1.01 1.40 -0.33 -0.30 -0.02 0.28 0.14 0.74 1.23 1.61 -0.28 -0.18 0.09 0.35 
Loss: 0.509401  SIA Ef: -0.062355 Binding: -0.09 -0.06 -0.01 0.02 0.09 0.36 0.21 0.15 -0.06 -0.19 -0.26  Rvol: 0.57 1.01 1.40 -0.33 -0.30 -0.02 0.28 0.14 0.74 1.23 1.61 -0.28 -0.18 0.09 0.35 
Loss: 0.509394  SIA Ef: -0.062526 Binding: -0.09 -0.06 -0.01 0.02 0.09 0.36 0.21 0.15 -0.06 -0.19 -0.26  Rvol: 0.57 1.01 1.40 -0.33 -0.30 -0.02 0.28 0.14 0.74 1.23 1.61 -0.28 -0.18 0.09 0.35 
Loss: 0.509397  SIA Ef: -0.062269 Binding: -0.09 -0.06 -0.01 0.02 0.09 0.36 0.21 0.15 -0.06 -0.19 -0.26  Rvol: 0.57 1.01 1.40 -0.33 -0.30 -0.02 0.28 0.14 0.74 1.23 1.61 -0.28 -0.18 0.09 0.35 
Loss: 0.509407  SIA Ef: -0.062807 Binding: -0.09 -0.06 -0.01 0.02 0.09 0.36 0.21 0.15 -0.06 -0.19 -0.26  Rvol: 0.57 1.01 1.40 -0.33 -0.30 -0.02 0.28 0.14 0.74 1.23 1.61 -0.28 -0.18 0.09 0.35 
Loss: 0.509387  SIA Ef: -0.062047 Binding: -0.09 -0.06 -0.01 0.02 0.09 0.36 0.21 0.15 -0.06 -0.19 -0.26  Rvol: 0.57 1.01 1.40 -0.33 -0.30 -0.02 0.28 0.14 0.74 1.23 1.61 -0.28 -0.18 0.09 0.35 
Loss: 0.509389  SIA Ef: -0.061667 Binding: -0.09 -0.06 -0.01 0.02 0.09 0.36 0.21 0.15 -0.06 -0.19 -0.26  Rvol: 0.57 1.01 1.40 -0.33 -0.30 -0.02 0.28 0.14 0.74 1.23 1.61 -0.28 -0.18 0.09 0.35 
Loss: 0.509392  SIA Ef: -0.061561 Binding: -0.09 -0.06 -0.01 0.02 0.09 0.36 0.21 0.15 -0.06 -0.19 -0.26  Rvol: 0.57 1.01 1.40 -0.33 -0.30 -0.02 0.28 0.14 0.74 1.23 1.61 -0.28 -0.18 0.09 0.35 
