Start Optimization 
Loss: 4.250647  SIA Ef: 1.121480 Binding: -0.50 -0.20 0.23 0.12 -0.19 0.13 -0.38 -0.68 -0.31 -0.72 -1.06  Rvol: 0.59 1.02 1.45 -0.33 -0.25 0.04 0.33 0.14 0.78 1.26 1.64 -0.28 -0.13 0.15 0.43 
Loss: 4.696648  SIA Ef: 1.181498 Binding: -0.50 -0.19 0.24 0.13 -0.18 0.11 -0.42 -0.73 -0.33 -0.76 -1.12  Rvol: 0.60 1.02 1.45 -0.33 -0.24 0.04 0.34 0.14 0.78 1.26 1.65 -0.28 -0.12 0.16 0.44 
Loss: 75.100770  SIA Ef: 5.802234 Binding: 1.06 2.08 4.56 2.54 1.99 0.12 -0.47 -0.21 -0.51 -0.80 -0.93  Rvol: 0.79 1.56 2.22 -0.33 0.03 0.45 0.90 0.14 0.96 1.76 2.43 -0.28 0.15 0.57 1.06 
Loss: 49.927958  SIA Ef: 1.741597 Binding: -0.14 0.05 -5.27 0.78 -0.45 0.74 0.04 -1.59 3.21 -1.27 0.28  Rvol: 0.59 1.17 1.91 -0.33 -0.03 1.04 1.22 0.14 0.84 1.39 1.62 -0.28 0.26 0.84 1.10 
Loss: 271.550754  SIA Ef: 13.038827 Binding: 2.88 1.00 8.21 2.78 1.16 1.11 -1.70 -0.73 -0.74 -1.19 -1.57  Rvol: 1.34 2.14 3.12 -0.33 -0.18 0.05 0.52 0.14 1.43 2.35 3.22 -0.28 -0.03 0.21 0.66 
Loss: 26.833284  SIA Ef: 1.121480 Binding: -0.50 -0.20 0.23 0.12 -0.19 -0.80 -2.32 -2.33 -1.27 -2.63 -2.23  Rvol: 0.59 1.02 1.45 -0.33 -0.25 0.04 0.33 0.14 0.78 1.28 1.74 -0.28 -0.10 0.19 0.69 
Loss: 3.873559  SIA Ef: 1.121480 Binding: -0.50 -0.20 0.23 0.12 -0.19 0.17 -0.23 -0.70 -0.26 -0.62 -0.98  Rvol: 0.59 1.02 1.45 -0.33 -0.25 0.04 0.33 0.14 0.76 1.23 1.65 -0.28 -0.14 0.13 0.39 
Loss: 4.240480  SIA Ef: 1.121480 Binding: -0.50 -0.20 0.23 0.12 -0.19 0.14 -0.31 -0.76 -0.29 -0.68 -1.06  Rvol: 0.59 1.02 1.45 -0.33 -0.25 0.04 0.33 0.14 0.77 1.24 1.65 -0.28 -0.13 0.13 0.40 
Loss: 12.846770  SIA Ef: 1.121480 Binding: -1.06 -2.03 0.23 -0.88 -1.95 0.17 -0.01 -0.01 -0.26 -0.60 -0.93  Rvol: 0.59 1.12 1.56 -0.33 -0.25 0.06 0.40 0.14 0.76 1.32 1.76 -0.28 -0.14 0.14 0.45 
Loss: 4.251340  SIA Ef: 1.121480 Binding: -0.46 -0.20 0.23 0.21 -0.20 0.17 -0.51 -0.80 -0.26 -0.63 -1.01  Rvol: 0.59 1.00 1.41 -0.33 -0.25 0.02 0.28 0.14 0.76 1.18 1.62 -0.28 -0.14 0.11 0.35 
Loss: 3.694666  SIA Ef: 1.121480 Binding: -0.46 -0.11 0.23 0.11 -0.10 0.17 -0.16 -0.66 -0.26 -0.61 -0.97  Rvol: 0.59 1.02 1.46 -0.33 -0.25 0.05 0.35 0.14 0.76 1.24 1.67 -0.28 -0.14 0.13 0.41 
Loss: 231.734094  SIA Ef: -14.122026 Binding: -0.36 -0.50 -4.55 -0.80 -0.68 0.21 -0.47 -0.80 1.85 -0.95 0.82  Rvol: -0.07 -0.13 -0.39 -0.33 -0.34 -0.55 -0.60 0.14 0.30 -0.08 -0.40 -0.28 -0.30 -0.57 -0.45 
Loss: 14.718365  SIA Ef: 2.598790 Binding: 0.08 0.57 1.94 1.11 0.65 0.19 -0.48 -0.30 -0.31 -0.61 -0.79  Rvol: 0.63 1.18 1.63 -0.33 -0.11 0.24 0.61 0.14 0.78 1.34 1.89 -0.28 -0.02 0.32 0.65 
Loss: 3.570068  SIA Ef: 1.110754 Binding: -0.47 -0.11 0.21 0.11 -0.11 0.18 -0.14 -0.65 -0.25 -0.59 -0.95  Rvol: 0.59 1.02 1.46 -0.33 -0.25 0.05 0.35 0.14 0.76 1.24 1.67 -0.28 -0.14 0.13 0.41 
Loss: 40.506867  SIA Ef: 1.085043 Binding: -0.60 0.28 -4.79 1.74 -0.85 0.48 0.22 -1.23 2.53 -1.92 0.00  Rvol: 0.50 0.93 1.47 -0.33 -0.20 0.29 0.51 0.14 0.79 1.22 1.44 -0.28 0.05 0.18 0.62 
Loss: 3.065231  SIA Ef: 1.386068 Binding: -0.46 -0.19 0.38 0.13 -0.15 0.42 0.37 0.21 -0.01 -0.08 -0.18  Rvol: 0.61 1.05 1.51 -0.33 -0.25 0.05 0.36 0.14 0.77 1.26 1.71 -0.28 -0.14 0.14 0.41 
Loss: 87.832495  SIA Ef: 7.282604 Binding: 0.54 0.42 5.32 1.45 0.26 0.42 0.06 0.26 -0.26 -0.35 -0.67  Rvol: 1.01 1.77 2.38 -0.33 -0.23 0.01 0.47 0.14 1.18 1.85 2.60 -0.28 -0.10 0.14 0.56 
Loss: 3.142889  SIA Ef: 1.380315 Binding: -0.46 -0.19 0.38 0.13 -0.15 0.45 0.45 0.28 0.03 -0.02 -0.10  Rvol: 0.61 1.05 1.51 -0.33 -0.25 0.05 0.36 0.14 0.77 1.25 1.71 -0.28 -0.15 0.13 0.41 
Loss: 34.446770  SIA Ef: -5.407439 Binding: 0.03 -0.10 -1.89 -0.02 0.47 0.64 -0.18 -0.23 0.77 0.05 0.24  Rvol: 0.27 0.75 0.68 -0.33 -0.28 -0.14 -0.02 0.14 0.54 0.72 0.74 -0.28 -0.19 -0.09 -0.03 
Loss: 3.086851  SIA Ef: 1.386723 Binding: -0.46 -0.19 0.37 0.12 -0.15 0.43 0.40 0.23 0.01 -0.06 -0.16  Rvol: 0.61 1.05 1.51 -0.33 -0.25 0.05 0.36 0.14 0.77 1.26 1.71 -0.28 -0.14 0.13 0.41 
Loss: 49.993663  SIA Ef: 0.020494 Binding: -0.62 0.26 -5.33 2.11 -1.07 0.76 0.72 -0.49 3.22 -1.62 0.94  Rvol: 0.46 0.85 1.36 -0.33 -0.21 0.25 0.44 0.14 0.75 1.13 1.29 -0.28 0.03 0.13 0.55 
Loss: 4.660814  SIA Ef: 1.671966 Binding: -0.16 0.35 0.70 0.53 0.45 0.43 0.30 0.24 -0.02 -0.08 -0.19  Rvol: 0.62 1.07 1.52 -0.33 -0.22 0.08 0.40 0.14 0.77 1.26 1.74 -0.28 -0.12 0.17 0.45 
Loss: 11.092451  SIA Ef: 2.378937 Binding: -0.16 0.14 1.86 0.83 0.18 0.46 0.22 0.49 -0.04 -0.07 0.03  Rvol: 0.62 1.16 1.61 -0.33 -0.13 0.22 0.59 0.14 0.77 1.34 1.86 -0.28 -0.03 0.30 0.62 
Loss: 3.094819  SIA Ef: 1.393054 Binding: -0.41 -0.08 0.39 0.13 -0.05 0.42 0.44 0.25 -0.01 -0.07 -0.17  Rvol: 0.61 1.06 1.53 -0.33 -0.25 0.06 0.38 0.14 0.77 1.27 1.73 -0.28 -0.14 0.14 0.43 
Loss: 79.676675  SIA Ef: 5.837071 Binding: 0.73 0.76 6.14 1.81 0.43 0.54 0.05 0.25 -0.27 -0.36 -0.65  Rvol: 0.97 1.69 2.25 -0.33 -0.24 -0.04 0.36 0.14 1.17 1.79 2.44 -0.28 -0.11 0.09 0.46 
Loss: 3.069201  SIA Ef: 1.389376 Binding: -0.45 -0.16 0.39 0.13 -0.12 0.42 0.39 0.22 -0.01 -0.08 -0.18  Rvol: 0.61 1.05 1.51 -0.33 -0.25 0.05 0.37 0.14 0.77 1.26 1.72 -0.28 -0.14 0.14 0.42 
Loss: 79.676791  SIA Ef: 5.837068 Binding: 0.73 0.76 6.14 1.81 0.43 0.54 0.05 0.25 -0.27 -0.36 -0.65  Rvol: 0.97 1.69 2.25 -0.33 -0.24 -0.04 0.36 0.14 1.17 1.79 2.44 -0.28 -0.11 0.09 0.46 
Loss: 27.111832  SIA Ef: 3.726805 Binding: -0.02 -0.23 3.30 0.78 -0.12 0.26 0.16 0.27 -0.17 -0.21 -0.45  Rvol: 0.79 1.39 1.95 -0.33 -0.25 -0.00 0.38 0.14 0.90 1.48 2.19 -0.28 -0.14 0.11 0.46 
Loss: 4.027806  SIA Ef: 1.504761 Binding: -0.53 -0.03 -0.81 -0.05 -0.03 0.49 0.49 -0.01 0.14 -0.05 -0.11  Rvol: 0.60 1.01 1.49 -0.33 -0.23 0.09 0.42 0.14 0.78 1.28 1.67 -0.28 -0.13 0.16 0.46 
Loss: 4.390646  SIA Ef: 1.713736 Binding: -0.43 -0.18 0.63 0.21 -0.11 0.42 0.36 0.25 -0.02 -0.08 -0.18  Rvol: 0.62 1.08 1.55 -0.33 -0.23 0.07 0.40 0.14 0.78 1.29 1.76 -0.28 -0.13 0.16 0.45 
Loss: 1.240088  SIA Ef: -0.339353 Binding: -0.48 0.05 -0.59 0.02 0.07 0.51 0.41 -0.04 0.14 -0.03 -0.09  Rvol: 0.51 0.87 1.27 -0.33 -0.24 0.02 0.29 0.14 0.72 1.13 1.43 -0.28 -0.15 0.10 0.32 
Loss: 4.613101  SIA Ef: -1.610863 Binding: -0.54 0.01 -1.06 -0.13 0.01 0.55 0.45 -0.09 0.23 0.00 0.01  Rvol: 0.46 0.76 1.13 -0.33 -0.27 -0.04 0.18 0.14 0.67 1.04 1.26 -0.28 -0.17 0.03 0.22 
Loss: 1.304791  SIA Ef: -0.338631 Binding: -0.49 0.05 -0.63 0.01 0.07 0.52 0.42 -0.04 0.15 -0.03 -0.08  Rvol: 0.51 0.86 1.27 -0.33 -0.24 0.02 0.29 0.14 0.72 1.13 1.43 -0.28 -0.15 0.10 0.32 
Loss: 5.591041  SIA Ef: -0.534007 Binding: -0.51 0.12 -1.95 -0.08 0.24 0.60 0.49 -0.21 0.65 0.00 0.13  Rvol: 0.48 0.83 1.23 -0.33 -0.23 0.04 0.31 0.14 0.71 1.11 1.35 -0.28 -0.07 0.09 0.34 
Loss: 1.328365  SIA Ef: -0.250521 Binding: -0.46 0.08 -0.53 0.05 0.10 0.57 0.53 0.16 0.19 0.09 0.09  Rvol: 0.52 0.87 1.28 -0.33 -0.24 0.03 0.29 0.14 0.72 1.14 1.45 -0.28 -0.15 0.10 0.33 
Loss: 1.228115  SIA Ef: -0.466978 Binding: -0.34 0.30 -0.45 0.19 0.34 0.48 0.27 -0.15 0.09 -0.11 -0.23  Rvol: 0.51 0.86 1.24 -0.33 -0.24 0.03 0.28 0.14 0.71 1.12 1.41 -0.28 -0.14 0.10 0.32 
Loss: 1.215991  SIA Ef: -0.460662 Binding: -0.34 0.30 -0.44 0.19 0.34 0.47 0.25 -0.17 0.09 -0.12 -0.24  Rvol: 0.51 0.86 1.24 -0.33 -0.24 0.03 0.28 0.14 0.71 1.12 1.41 -0.28 -0.14 0.10 0.32 
Loss: 1.237824  SIA Ef: -0.523229 Binding: -0.27 0.35 0.19 0.39 0.42 0.46 0.17 -0.08 0.03 -0.13 -0.27  Rvol: 0.50 0.87 1.23 -0.33 -0.22 0.05 0.29 0.14 0.70 1.11 1.43 -0.28 -0.12 0.13 0.34 
Loss: 1.192999  SIA Ef: -0.461176 Binding: -0.35 0.28 -0.45 0.19 0.31 0.47 0.23 -0.18 0.09 -0.12 -0.25  Rvol: 0.51 0.86 1.24 -0.33 -0.24 0.03 0.28 0.14 0.71 1.11 1.41 -0.28 -0.14 0.10 0.32 
Loss: 4.386968  SIA Ef: -0.736636 Binding: -0.03 0.08 -1.65 0.14 0.56 0.55 -0.09 -0.34 0.50 -0.10 -0.06  Rvol: 0.47 1.03 1.18 -0.33 -0.21 0.05 0.31 0.14 0.70 1.07 1.31 -0.28 -0.11 0.11 0.33 
Loss: 1.190138  SIA Ef: -0.460991 Binding: -0.35 0.28 -0.44 0.19 0.31 0.47 0.22 -0.18 0.08 -0.13 -0.25  Rvol: 0.51 0.86 1.24 -0.33 -0.24 0.03 0.28 0.14 0.71 1.11 1.41 -0.28 -0.14 0.10 0.32 
Loss: 2.665070  SIA Ef: -1.418918 Binding: -0.36 0.22 -0.13 0.18 0.21 0.46 0.20 -0.15 0.04 -0.13 -0.27  Rvol: 0.48 0.80 1.15 -0.33 -0.26 -0.03 0.19 0.14 0.68 1.04 1.32 -0.28 -0.17 0.05 0.23 
Loss: 1.181908  SIA Ef: -0.460891 Binding: -0.35 0.27 -0.44 0.19 0.30 0.47 0.22 -0.18 0.08 -0.13 -0.25  Rvol: 0.51 0.86 1.24 -0.33 -0.24 0.03 0.28 0.14 0.71 1.11 1.41 -0.28 -0.14 0.10 0.32 
Loss: 2.958000  SIA Ef: 1.182246 Binding: -0.29 0.04 0.89 0.41 -0.12 0.36 0.17 0.10 -0.09 -0.19 -0.10  Rvol: 0.60 1.05 1.48 -0.33 -0.24 0.04 0.35 0.14 0.75 1.23 1.70 -0.28 -0.14 0.13 0.40 
Loss: 2.734568  SIA Ef: -0.821635 Binding: -0.08 0.07 -1.14 0.13 0.43 0.51 -0.06 -0.30 0.25 -0.12 -0.16  Rvol: 0.48 1.01 1.18 -0.33 -0.23 0.03 0.28 0.14 0.70 1.09 1.32 -0.28 -0.13 0.10 0.30 
Loss: 1.311299  SIA Ef: -0.532525 Binding: -0.36 0.25 -0.47 0.17 0.28 0.44 0.16 -0.28 0.06 -0.19 -0.33  Rvol: 0.50 0.85 1.23 -0.33 -0.24 0.02 0.28 0.14 0.71 1.11 1.40 -0.28 -0.14 0.10 0.31 
Loss: 1.728396  SIA Ef: -0.962530 Binding: -0.35 0.25 -0.32 0.19 0.27 0.48 0.23 -0.13 0.08 -0.10 -0.22  Rvol: 0.49 0.82 1.19 -0.33 -0.25 0.00 0.24 0.14 0.69 1.07 1.36 -0.28 -0.15 0.08 0.28 
Loss: 1.116437  SIA Ef: -0.430651 Binding: -0.35 0.27 -0.40 0.19 0.30 0.46 0.21 -0.18 0.08 -0.13 -0.27  Rvol: 0.51 0.86 1.24 -0.33 -0.24 0.03 0.28 0.14 0.71 1.12 1.42 -0.28 -0.14 0.10 0.32 
Loss: 0.973753  SIA Ef: 0.396984 Binding: -0.33 0.18 0.27 0.30 0.20 0.42 0.21 -0.03 -0.02 -0.15 -0.29  Rvol: 0.56 0.95 1.36 -0.33 -0.24 0.04 0.31 0.14 0.74 1.18 1.56 -0.28 -0.14 0.12 0.37 
Loss: 1.044507  SIA Ef: 0.364102 Binding: -0.29 0.24 0.31 0.35 0.28 0.41 0.18 -0.06 -0.03 -0.17 -0.32  Rvol: 0.55 0.95 1.35 -0.33 -0.24 0.04 0.31 0.14 0.73 1.17 1.56 -0.28 -0.14 0.12 0.37 
Loss: 1.610697  SIA Ef: 0.881202 Binding: -0.33 0.19 0.15 0.28 0.22 0.44 0.27 0.01 0.01 -0.11 -0.24  Rvol: 0.57 0.98 1.41 -0.33 -0.22 0.06 0.35 0.14 0.75 1.22 1.61 -0.28 -0.13 0.15 0.40 
Loss: 0.903036  SIA Ef: 0.407380 Binding: -0.35 0.16 0.12 0.25 0.18 0.42 0.23 -0.06 -0.01 -0.15 -0.29  Rvol: 0.56 0.95 1.36 -0.33 -0.25 0.03 0.31 0.14 0.74 1.18 1.56 -0.28 -0.14 0.11 0.36 
Loss: 0.923327  SIA Ef: 0.248482 Binding: -0.34 0.09 0.45 0.28 0.10 0.43 0.27 0.08 -0.02 -0.11 -0.22  Rvol: 0.56 0.96 1.36 -0.33 -0.26 0.01 0.27 0.14 0.73 1.17 1.57 -0.28 -0.15 0.09 0.33 
Loss: 0.905258  SIA Ef: 0.407178 Binding: -0.35 0.16 0.12 0.25 0.18 0.42 0.22 -0.07 -0.01 -0.16 -0.30  Rvol: 0.56 0.95 1.36 -0.33 -0.25 0.03 0.31 0.14 0.74 1.18 1.56 -0.28 -0.14 0.12 0.36 
Loss: 1.017591  SIA Ef: 0.397382 Binding: -0.37 0.08 0.23 0.22 0.09 0.35 0.12 -0.19 -0.08 -0.26 -0.46  Rvol: 0.56 0.96 1.37 -0.33 -0.25 0.02 0.29 0.14 0.74 1.18 1.57 -0.28 -0.15 0.11 0.35 
Loss: 0.888414  SIA Ef: 0.401936 Binding: -0.35 0.16 0.11 0.25 0.17 0.42 0.22 -0.06 -0.01 -0.15 -0.29  Rvol: 0.56 0.95 1.36 -0.33 -0.25 0.03 0.30 0.14 0.74 1.18 1.56 -0.28 -0.14 0.11 0.36 
Loss: 0.884792  SIA Ef: 0.409572 Binding: -0.36 0.15 0.11 0.24 0.16 0.42 0.23 -0.05 -0.00 -0.14 -0.28  Rvol: 0.56 0.95 1.36 -0.33 -0.25 0.03 0.30 0.14 0.74 1.18 1.56 -0.28 -0.14 0.11 0.36 
Loss: 0.885125  SIA Ef: 0.409063 Binding: -0.36 0.15 0.11 0.24 0.16 0.42 0.23 -0.05 -0.01 -0.14 -0.29  Rvol: 0.56 0.95 1.36 -0.33 -0.25 0.03 0.30 0.14 0.74 1.18 1.56 -0.28 -0.14 0.11 0.36 
Loss: 0.889843  SIA Ef: 0.417066 Binding: -0.36 0.14 0.12 0.23 0.15 0.42 0.24 -0.04 -0.00 -0.14 -0.28  Rvol: 0.56 0.95 1.36 -0.33 -0.25 0.03 0.30 0.14 0.74 1.18 1.56 -0.28 -0.14 0.11 0.36 
Loss: 1.714997  SIA Ef: 0.971582 Binding: -0.39 0.07 0.12 0.20 0.07 0.44 0.32 0.08 0.02 -0.08 -0.19  Rvol: 0.59 1.00 1.43 -0.33 -0.25 0.04 0.33 0.14 0.76 1.22 1.63 -0.28 -0.14 0.13 0.39 
Loss: 0.743766  SIA Ef: -0.013867 Binding: -0.37 0.19 -0.22 0.18 0.19 0.45 0.24 -0.12 0.04 -0.13 -0.27  Rvol: 0.54 0.90 1.30 -0.33 -0.24 0.02 0.29 0.14 0.73 1.15 1.49 -0.28 -0.15 0.10 0.33 
Loss: 0.782983  SIA Ef: -0.120804 Binding: -0.39 0.16 -0.23 0.15 0.16 0.42 0.19 -0.20 0.01 -0.19 -0.35  Rvol: 0.53 0.90 1.29 -0.33 -0.25 0.02 0.28 0.14 0.72 1.14 1.47 -0.28 -0.15 0.10 0.32 
Loss: 0.685157  SIA Ef: -0.046433 Binding: -0.38 0.16 -0.13 0.18 0.16 0.45 0.25 -0.08 0.04 -0.12 -0.25  Rvol: 0.54 0.91 1.30 -0.33 -0.25 0.02 0.28 0.14 0.72 1.15 1.49 -0.28 -0.15 0.10 0.33 
Loss: 0.739941  SIA Ef: -0.227708 Binding: -0.35 0.21 -0.10 0.21 0.21 0.45 0.24 -0.09 0.03 -0.12 -0.25  Rvol: 0.53 0.89 1.28 -0.33 -0.25 0.01 0.26 0.14 0.72 1.13 1.47 -0.28 -0.15 0.09 0.32 
Loss: 0.685375  SIA Ef: -0.046481 Binding: -0.38 0.16 -0.13 0.18 0.16 0.45 0.26 -0.08 0.04 -0.11 -0.24  Rvol: 0.54 0.91 1.30 -0.33 -0.25 0.02 0.28 0.14 0.72 1.14 1.49 -0.28 -0.15 0.10 0.33 
Loss: 0.693542  SIA Ef: -0.165595 Binding: -0.37 0.17 -0.05 0.21 0.18 0.45 0.24 -0.07 0.03 -0.11 -0.24  Rvol: 0.53 0.90 1.29 -0.33 -0.24 0.02 0.27 0.14 0.72 1.13 1.48 -0.28 -0.15 0.10 0.33 
Loss: 0.683205  SIA Ef: -0.044266 Binding: -0.38 0.16 -0.14 0.18 0.16 0.45 0.25 -0.09 0.04 -0.12 -0.25  Rvol: 0.54 0.91 1.30 -0.33 -0.25 0.02 0.28 0.14 0.72 1.15 1.49 -0.28 -0.15 0.10 0.33 
Loss: 0.844920  SIA Ef: -0.261435 Binding: -0.41 0.13 -0.35 0.11 0.13 0.48 0.30 -0.06 0.08 -0.08 -0.18  Rvol: 0.53 0.88 1.28 -0.33 -0.25 0.01 0.27 0.14 0.72 1.13 1.45 -0.28 -0.15 0.09 0.31 
Loss: 0.682863  SIA Ef: -0.042311 Binding: -0.38 0.16 -0.14 0.18 0.16 0.45 0.25 -0.09 0.04 -0.12 -0.25  Rvol: 0.54 0.91 1.30 -0.33 -0.25 0.02 0.28 0.14 0.72 1.15 1.49 -0.28 -0.15 0.10 0.33 
Loss: 0.693514  SIA Ef: 0.167869 Binding: -0.37 0.12 0.07 0.22 0.13 0.44 0.25 -0.04 0.01 -0.12 -0.25  Rvol: 0.55 0.93 1.33 -0.33 -0.25 0.02 0.28 0.14 0.73 1.16 1.53 -0.28 -0.15 0.10 0.34 
Loss: 0.665502  SIA Ef: 0.004234 Binding: -0.38 0.15 -0.09 0.18 0.14 0.45 0.25 -0.08 0.03 -0.12 -0.25  Rvol: 0.54 0.91 1.31 -0.33 -0.25 0.02 0.27 0.14 0.73 1.15 1.50 -0.28 -0.15 0.10 0.33 
Loss: 0.688244  SIA Ef: -0.021762 Binding: -0.36 0.18 -0.10 0.21 0.19 0.45 0.23 -0.09 0.03 -0.12 -0.26  Rvol: 0.54 0.91 1.30 -0.33 -0.24 0.02 0.28 0.14 0.72 1.15 1.49 -0.28 -0.15 0.10 0.33 
Loss: 0.687032  SIA Ef: 0.150774 Binding: -0.37 0.13 0.06 0.21 0.13 0.44 0.24 -0.05 0.01 -0.12 -0.26  Rvol: 0.55 0.93 1.33 -0.33 -0.25 0.02 0.28 0.14 0.73 1.16 1.53 -0.28 -0.15 0.10 0.34 
Loss: 0.660616  SIA Ef: -0.023990 Binding: -0.38 0.15 -0.07 0.19 0.15 0.45 0.25 -0.07 0.03 -0.12 -0.25  Rvol: 0.54 0.91 1.31 -0.33 -0.24 0.02 0.27 0.14 0.72 1.15 1.49 -0.28 -0.15 0.10 0.33 
Loss: 0.661601  SIA Ef: -0.072636 Binding: -0.38 0.13 -0.06 0.18 0.13 0.43 0.22 -0.11 0.01 -0.15 -0.29  Rvol: 0.53 0.91 1.30 -0.33 -0.25 0.01 0.27 0.14 0.72 1.14 1.49 -0.28 -0.15 0.10 0.33 
Loss: 0.660466  SIA Ef: -0.055072 Binding: -0.37 0.16 -0.04 0.20 0.16 0.44 0.24 -0.08 0.02 -0.12 -0.25  Rvol: 0.54 0.91 1.30 -0.33 -0.25 0.02 0.27 0.14 0.72 1.15 1.49 -0.28 -0.15 0.10 0.33 
Loss: 0.675321  SIA Ef: -0.172147 Binding: -0.38 0.15 -0.08 0.18 0.15 0.46 0.26 -0.06 0.04 -0.10 -0.23  Rvol: 0.53 0.90 1.29 -0.33 -0.25 0.01 0.26 0.14 0.72 1.14 1.48 -0.28 -0.15 0.09 0.32 
Loss: 0.682790  SIA Ef: -0.104609 Binding: -0.37 0.17 -0.09 0.20 0.17 0.45 0.24 -0.09 0.03 -0.12 -0.25  Rvol: 0.53 0.90 1.29 -0.33 -0.24 0.02 0.27 0.14 0.72 1.14 1.48 -0.28 -0.15 0.10 0.33 
Loss: 0.661412  SIA Ef: -0.003880 Binding: -0.36 0.16 0.02 0.22 0.17 0.44 0.24 -0.06 0.02 -0.12 -0.25  Rvol: 0.54 0.91 1.31 -0.33 -0.24 0.02 0.27 0.14 0.72 1.15 1.50 -0.28 -0.15 0.10 0.33 
Loss: 0.659807  SIA Ef: -0.053873 Binding: -0.37 0.16 -0.05 0.20 0.16 0.44 0.24 -0.08 0.02 -0.12 -0.25  Rvol: 0.54 0.91 1.30 -0.33 -0.25 0.02 0.27 0.14 0.72 1.15 1.49 -0.28 -0.15 0.10 0.33 
Loss: 0.663318  SIA Ef: -0.003737 Binding: -0.37 0.16 -0.04 0.20 0.16 0.44 0.23 -0.08 0.02 -0.13 -0.26  Rvol: 0.54 0.91 1.31 -0.33 -0.24 0.02 0.27 0.14 0.72 1.15 1.50 -0.28 -0.15 0.10 0.33 
Loss: 0.656414  SIA Ef: 0.000100 Binding: -0.36 0.15 0.03 0.22 0.16 0.44 0.24 -0.06 0.01 -0.12 -0.26  Rvol: 0.54 0.92 1.31 -0.33 -0.25 0.02 0.27 0.14 0.72 1.15 1.50 -0.28 -0.15 0.10 0.33 
Loss: 0.691643  SIA Ef: 0.134864 Binding: -0.37 0.12 0.14 0.23 0.13 0.43 0.24 -0.03 0.00 -0.12 -0.25  Rvol: 0.55 0.93 1.33 -0.33 -0.25 0.02 0.28 0.14 0.73 1.16 1.53 -0.28 -0.15 0.10 0.34 
Loss: 0.655196  SIA Ef: -0.013222 Binding: -0.36 0.15 0.02 0.21 0.16 0.44 0.24 -0.06 0.02 -0.12 -0.26  Rvol: 0.54 0.91 1.31 -0.33 -0.25 0.02 0.27 0.14 0.72 1.15 1.50 -0.28 -0.15 0.10 0.33 
Loss: 0.656947  SIA Ef: -0.002227 Binding: -0.36 0.16 0.02 0.22 0.16 0.44 0.24 -0.05 0.02 -0.12 -0.25  Rvol: 0.54 0.91 1.31 -0.33 -0.25 0.02 0.27 0.14 0.72 1.15 1.50 -0.28 -0.15 0.10 0.33 
Loss: 0.653643  SIA Ef: -0.031738 Binding: -0.37 0.15 0.01 0.21 0.15 0.44 0.24 -0.07 0.02 -0.12 -0.26  Rvol: 0.54 0.91 1.31 -0.33 -0.25 0.02 0.27 0.14 0.72 1.15 1.50 -0.28 -0.15 0.10 0.33 
Loss: 0.651735  SIA Ef: -0.044889 Binding: -0.37 0.15 -0.01 0.20 0.15 0.44 0.24 -0.07 0.02 -0.12 -0.25  Rvol: 0.54 0.91 1.30 -0.33 -0.25 0.01 0.27 0.14 0.72 1.15 1.50 -0.28 -0.15 0.10 0.33 
Loss: 0.647863  SIA Ef: -0.088418 Binding: -0.37 0.15 -0.01 0.20 0.14 0.45 0.25 -0.06 0.02 -0.12 -0.24  Rvol: 0.54 0.91 1.30 -0.33 -0.25 0.01 0.26 0.14 0.72 1.14 1.49 -0.28 -0.15 0.09 0.32 
Loss: 0.644950  SIA Ef: -0.081434 Binding: -0.37 0.14 0.01 0.20 0.14 0.45 0.25 -0.05 0.02 -0.11 -0.24  Rvol: 0.54 0.91 1.30 -0.33 -0.25 0.01 0.27 0.14 0.72 1.14 1.49 -0.28 -0.15 0.09 0.32 
Loss: 0.640670  SIA Ef: -0.034726 Binding: -0.38 0.12 0.05 0.20 0.12 0.44 0.25 -0.04 0.02 -0.11 -0.24  Rvol: 0.54 0.92 1.31 -0.33 -0.26 0.01 0.27 0.14 0.72 1.15 1.50 -0.28 -0.15 0.09 0.33 
Loss: 0.641434  SIA Ef: -0.064367 Binding: -0.38 0.11 0.08 0.21 0.11 0.44 0.25 -0.03 0.01 -0.11 -0.24  Rvol: 0.54 0.91 1.31 -0.33 -0.26 0.01 0.27 0.14 0.72 1.14 1.50 -0.28 -0.15 0.09 0.32 
Loss: 0.641795  SIA Ef: -0.043596 Binding: -0.37 0.13 0.05 0.21 0.13 0.44 0.25 -0.04 0.01 -0.12 -0.24  Rvol: 0.54 0.91 1.31 -0.33 -0.26 0.01 0.27 0.14 0.72 1.15 1.50 -0.28 -0.15 0.09 0.33 
Loss: 0.637052  SIA Ef: 0.001375 Binding: -0.38 0.11 0.04 0.19 0.11 0.44 0.25 -0.04 0.02 -0.11 -0.24  Rvol: 0.54 0.92 1.31 -0.33 -0.26 0.01 0.27 0.14 0.72 1.15 1.51 -0.28 -0.15 0.09 0.33 
Loss: 0.631903  SIA Ef: -0.042725 Binding: -0.39 0.11 -0.02 0.17 0.10 0.45 0.26 -0.05 0.02 -0.11 -0.24  Rvol: 0.54 0.91 1.31 -0.33 -0.25 0.01 0.26 0.14 0.72 1.15 1.50 -0.28 -0.15 0.09 0.32 
Loss: 0.630824  SIA Ef: -0.030665 Binding: -0.39 0.10 -0.02 0.17 0.09 0.44 0.26 -0.05 0.02 -0.11 -0.24  Rvol: 0.54 0.91 1.31 -0.33 -0.25 0.01 0.27 0.14 0.72 1.15 1.50 -0.28 -0.16 0.09 0.32 
Loss: 0.631221  SIA Ef: -0.034725 Binding: -0.39 0.10 -0.02 0.17 0.10 0.45 0.26 -0.05 0.03 -0.11 -0.23  Rvol: 0.54 0.91 1.31 -0.33 -0.25 0.01 0.27 0.14 0.72 1.15 1.50 -0.28 -0.16 0.09 0.32 
Loss: 0.632101  SIA Ef: -0.006012 Binding: -0.40 0.10 -0.03 0.17 0.09 0.45 0.27 -0.03 0.03 -0.10 -0.22  Rvol: 0.54 0.92 1.31 -0.33 -0.25 0.01 0.27 0.14 0.72 1.15 1.50 -0.28 -0.15 0.09 0.33 
Loss: 0.631159  SIA Ef: -0.036647 Binding: -0.39 0.10 -0.01 0.18 0.09 0.45 0.26 -0.04 0.02 -0.11 -0.23  Rvol: 0.54 0.91 1.31 -0.33 -0.26 0.01 0.27 0.14 0.72 1.15 1.50 -0.28 -0.15 0.09 0.32 
Loss: 0.634641  SIA Ef: 0.012456 Binding: -0.40 0.09 -0.01 0.17 0.09 0.44 0.25 -0.06 0.02 -0.12 -0.25  Rvol: 0.54 0.92 1.31 -0.33 -0.26 0.01 0.27 0.14 0.73 1.15 1.51 -0.28 -0.15 0.09 0.33 
Loss: 0.631889  SIA Ef: -0.013564 Binding: -0.39 0.10 -0.01 0.18 0.09 0.44 0.26 -0.05 0.02 -0.11 -0.24  Rvol: 0.54 0.92 1.31 -0.33 -0.26 0.01 0.27 0.14 0.72 1.15 1.50 -0.28 -0.15 0.09 0.33 
Loss: 0.647861  SIA Ef: -0.104418 Binding: -0.40 0.11 -0.10 0.15 0.09 0.45 0.26 -0.06 0.03 -0.11 -0.24  Rvol: 0.54 0.91 1.30 -0.33 -0.25 0.01 0.26 0.14 0.72 1.14 1.48 -0.28 -0.16 0.09 0.32 
Loss: 0.633502  SIA Ef: -0.019514 Binding: -0.39 0.11 -0.03 0.17 0.10 0.44 0.26 -0.05 0.02 -0.11 -0.24  Rvol: 0.54 0.91 1.31 -0.33 -0.25 0.01 0.27 0.14 0.72 1.15 1.50 -0.28 -0.15 0.09 0.33 
Loss: 0.630175  SIA Ef: -0.051297 Binding: -0.39 0.10 -0.00 0.18 0.10 0.44 0.25 -0.05 0.02 -0.11 -0.24  Rvol: 0.54 0.91 1.31 -0.33 -0.26 0.01 0.26 0.14 0.72 1.14 1.50 -0.28 -0.15 0.09 0.32 
Loss: 0.630552  SIA Ef: -0.067924 Binding: -0.39 0.11 0.00 0.18 0.10 0.44 0.25 -0.05 0.02 -0.11 -0.24  Rvol: 0.54 0.91 1.31 -0.33 -0.25 0.01 0.26 0.14 0.72 1.14 1.50 -0.28 -0.15 0.09 0.32 
Loss: 0.630478  SIA Ef: -0.030633 Binding: -0.39 0.10 0.02 0.19 0.10 0.44 0.25 -0.04 0.02 -0.11 -0.24  Rvol: 0.54 0.92 1.31 -0.33 -0.26 0.01 0.27 0.14 0.72 1.15 1.50 -0.28 -0.15 0.09 0.32 
Loss: 0.630737  SIA Ef: -0.079407 Binding: -0.39 0.10 -0.00 0.18 0.09 0.44 0.25 -0.05 0.02 -0.11 -0.24  Rvol: 0.54 0.91 1.30 -0.33 -0.26 0.01 0.26 0.14 0.72 1.14 1.50 -0.28 -0.15 0.09 0.32 
Loss: 0.630743  SIA Ef: -0.053414 Binding: -0.39 0.10 0.00 0.18 0.10 0.44 0.25 -0.05 0.02 -0.12 -0.25  Rvol: 0.54 0.91 1.31 -0.33 -0.26 0.01 0.26 0.14 0.72 1.14 1.50 -0.28 -0.15 0.09 0.32 
Loss: 0.628767  SIA Ef: -0.040237 Binding: -0.39 0.10 0.00 0.18 0.09 0.44 0.25 -0.05 0.02 -0.11 -0.24  Rvol: 0.54 0.91 1.31 -0.33 -0.26 0.01 0.26 0.14 0.72 1.15 1.50 -0.28 -0.15 0.09 0.32 
Loss: 0.628918  SIA Ef: -0.048139 Binding: -0.39 0.10 -0.00 0.18 0.09 0.44 0.25 -0.05 0.02 -0.11 -0.24  Rvol: 0.54 0.91 1.31 -0.33 -0.26 0.01 0.26 0.14 0.72 1.15 1.50 -0.28 -0.15 0.09 0.32 
Loss: 0.629464  SIA Ef: -0.046117 Binding: -0.39 0.10 -0.01 0.18 0.09 0.44 0.25 -0.05 0.02 -0.11 -0.24  Rvol: 0.54 0.91 1.31 -0.33 -0.26 0.01 0.26 0.14 0.72 1.15 1.50 -0.28 -0.15 0.09 0.32 
Loss: 0.627773  SIA Ef: -0.025224 Binding: -0.40 0.09 -0.00 0.17 0.08 0.44 0.26 -0.04 0.02 -0.11 -0.24  Rvol: 0.54 0.92 1.31 -0.33 -0.26 0.01 0.27 0.14 0.72 1.15 1.50 -0.28 -0.15 0.09 0.32 
Loss: 0.626392  SIA Ef: -0.041206 Binding: -0.40 0.08 0.00 0.17 0.07 0.44 0.26 -0.04 0.02 -0.11 -0.23  Rvol: 0.54 0.91 1.31 -0.33 -0.26 0.01 0.26 0.14 0.72 1.14 1.50 -0.28 -0.15 0.09 0.32 
Loss: 0.626297  SIA Ef: -0.044714 Binding: -0.40 0.08 -0.00 0.17 0.07 0.45 0.26 -0.03 0.02 -0.11 -0.23  Rvol: 0.54 0.91 1.31 -0.33 -0.26 0.01 0.26 0.14 0.72 1.14 1.50 -0.28 -0.15 0.09 0.32 
Loss: 0.625845  SIA Ef: -0.050525 Binding: -0.40 0.08 0.00 0.17 0.07 0.45 0.26 -0.03 0.02 -0.10 -0.23  Rvol: 0.54 0.91 1.31 -0.33 -0.26 0.01 0.26 0.14 0.72 1.14 1.50 -0.28 -0.15 0.09 0.32 
Loss: 0.625817  SIA Ef: -0.048659 Binding: -0.40 0.08 0.01 0.17 0.07 0.45 0.27 -0.03 0.02 -0.10 -0.22  Rvol: 0.54 0.91 1.31 -0.33 -0.26 0.01 0.26 0.14 0.72 1.14 1.50 -0.28 -0.15 0.09 0.32 
Loss: 0.626412  SIA Ef: -0.055878 Binding: -0.40 0.08 0.01 0.17 0.07 0.45 0.27 -0.02 0.02 -0.10 -0.22  Rvol: 0.54 0.91 1.31 -0.33 -0.26 0.01 0.26 0.14 0.72 1.14 1.50 -0.28 -0.15 0.09 0.32 
Loss: 0.624920  SIA Ef: -0.052208 Binding: -0.40 0.07 0.02 0.17 0.06 0.44 0.26 -0.03 0.02 -0.11 -0.23  Rvol: 0.54 0.92 1.31 -0.33 -0.26 0.00 0.26 0.14 0.72 1.14 1.50 -0.28 -0.15 0.09 0.32 
Loss: 0.627480  SIA Ef: -0.010595 Binding: -0.40 0.06 0.07 0.17 0.06 0.44 0.26 -0.02 0.02 -0.11 -0.23  Rvol: 0.54 0.92 1.32 -0.33 -0.26 0.01 0.26 0.14 0.72 1.15 1.51 -0.28 -0.15 0.09 0.32 
Loss: 0.625050  SIA Ef: -0.052125 Binding: -0.40 0.07 0.03 0.17 0.06 0.44 0.26 -0.03 0.02 -0.11 -0.23  Rvol: 0.54 0.92 1.31 -0.33 -0.26 0.00 0.26 0.14 0.72 1.14 1.50 -0.28 -0.15 0.09 0.32 
Loss: 0.626658  SIA Ef: -0.090185 Binding: -0.41 0.07 -0.01 0.16 0.06 0.45 0.26 -0.03 0.02 -0.11 -0.23  Rvol: 0.54 0.91 1.31 -0.33 -0.26 0.00 0.26 0.14 0.72 1.14 1.49 -0.28 -0.15 0.09 0.32 
Loss: 0.624890  SIA Ef: -0.048152 Binding: -0.40 0.07 0.03 0.17 0.06 0.44 0.26 -0.03 0.02 -0.11 -0.23  Rvol: 0.54 0.92 1.31 -0.33 -0.26 0.00 0.26 0.14 0.72 1.14 1.50 -0.28 -0.15 0.09 0.32 
Loss: 0.624972  SIA Ef: -0.042080 Binding: -0.40 0.07 0.02 0.17 0.06 0.44 0.26 -0.03 0.02 -0.11 -0.23  Rvol: 0.54 0.92 1.31 -0.33 -0.26 0.01 0.26 0.14 0.72 1.14 1.50 -0.28 -0.15 0.09 0.32 
Loss: 0.625195  SIA Ef: -0.059190 Binding: -0.40 0.07 0.03 0.17 0.06 0.44 0.26 -0.03 0.02 -0.11 -0.23  Rvol: 0.54 0.91 1.31 -0.33 -0.26 0.00 0.26 0.14 0.72 1.14 1.50 -0.28 -0.15 0.09 0.32 
Loss: 0.625536  SIA Ef: -0.054119 Binding: -0.40 0.07 0.03 0.17 0.06 0.44 0.26 -0.04 0.02 -0.11 -0.24  Rvol: 0.54 0.92 1.31 -0.33 -0.26 0.01 0.26 0.14 0.72 1.14 1.50 -0.28 -0.15 0.09 0.32 
Loss: 0.625121  SIA Ef: -0.046066 Binding: -0.41 0.07 0.02 0.16 0.06 0.44 0.26 -0.03 0.02 -0.11 -0.23  Rvol: 0.54 0.92 1.31 -0.33 -0.26 0.01 0.26 0.14 0.72 1.14 1.50 -0.28 -0.15 0.09 0.32 
Loss: 0.625148  SIA Ef: -0.036093 Binding: -0.41 0.07 0.02 0.16 0.06 0.44 0.26 -0.03 0.02 -0.11 -0.23  Rvol: 0.54 0.92 1.31 -0.33 -0.26 0.01 0.26 0.14 0.72 1.14 1.50 -0.28 -0.15 0.09 0.32 
Loss: 0.625276  SIA Ef: -0.056633 Binding: -0.40 0.07 0.03 0.17 0.06 0.44 0.26 -0.03 0.02 -0.11 -0.23  Rvol: 0.54 0.91 1.31 -0.33 -0.26 0.01 0.26 0.14 0.72 1.14 1.50 -0.28 -0.15 0.09 0.32 
Loss: 0.624949  SIA Ef: -0.047670 Binding: -0.40 0.07 0.03 0.17 0.06 0.44 0.26 -0.03 0.02 -0.11 -0.23  Rvol: 0.54 0.92 1.31 -0.33 -0.26 0.00 0.26 0.14 0.72 1.14 1.50 -0.28 -0.15 0.09 0.32 
Loss: 0.625268  SIA Ef: -0.047913 Binding: -0.40 0.07 0.02 0.17 0.06 0.45 0.26 -0.03 0.02 -0.10 -0.23  Rvol: 0.54 0.91 1.31 -0.33 -0.26 0.01 0.26 0.14 0.72 1.14 1.50 -0.28 -0.15 0.09 0.32 
Loss: 0.625180  SIA Ef: -0.036992 Binding: -0.40 0.07 0.04 0.17 0.06 0.44 0.26 -0.03 0.02 -0.11 -0.23  Rvol: 0.54 0.92 1.31 -0.33 -0.26 0.01 0.26 0.14 0.72 1.15 1.50 -0.28 -0.15 0.09 0.32 
Loss: 0.624428  SIA Ef: -0.052834 Binding: -0.41 0.07 0.02 0.16 0.06 0.44 0.26 -0.03 0.02 -0.11 -0.23  Rvol: 0.54 0.91 1.31 -0.33 -0.26 0.00 0.26 0.14 0.72 1.14 1.50 -0.28 -0.15 0.09 0.32 
Loss: 0.624501  SIA Ef: -0.060651 Binding: -0.41 0.07 0.01 0.16 0.06 0.44 0.26 -0.04 0.02 -0.11 -0.23  Rvol: 0.54 0.91 1.31 -0.33 -0.26 0.00 0.26 0.14 0.72 1.14 1.50 -0.28 -0.15 0.09 0.32 
Loss: 0.624426  SIA Ef: -0.053702 Binding: -0.41 0.07 0.02 0.16 0.06 0.44 0.26 -0.03 0.02 -0.11 -0.23  Rvol: 0.54 0.91 1.31 -0.33 -0.26 0.00 0.26 0.14 0.72 1.14 1.50 -0.28 -0.15 0.09 0.32 
Loss: 0.624141  SIA Ef: -0.050308 Binding: -0.41 0.06 0.01 0.16 0.06 0.44 0.26 -0.03 0.02 -0.11 -0.23  Rvol: 0.54 0.92 1.31 -0.33 -0.26 0.00 0.26 0.14 0.72 1.14 1.50 -0.28 -0.15 0.09 0.32 
Loss: 0.624139  SIA Ef: -0.054215 Binding: -0.41 0.06 0.01 0.16 0.06 0.44 0.26 -0.03 0.02 -0.11 -0.23  Rvol: 0.54 0.91 1.31 -0.33 -0.26 0.00 0.26 0.14 0.72 1.14 1.50 -0.28 -0.15 0.09 0.32 
Loss: 0.624183  SIA Ef: -0.057268 Binding: -0.41 0.06 0.02 0.16 0.05 0.44 0.26 -0.03 0.02 -0.11 -0.23  Rvol: 0.54 0.91 1.31 -0.33 -0.26 0.00 0.26 0.14 0.72 1.14 1.50 -0.28 -0.15 0.09 0.32 
Loss: 0.624664  SIA Ef: -0.064459 Binding: -0.41 0.07 -0.00 0.16 0.06 0.45 0.26 -0.03 0.02 -0.11 -0.23  Rvol: 0.54 0.91 1.31 -0.33 -0.26 0.00 0.26 0.14 0.72 1.14 1.50 -0.28 -0.15 0.09 0.32 
Loss: 0.624132  SIA Ef: -0.058372 Binding: -0.41 0.06 0.02 0.16 0.06 0.44 0.26 -0.03 0.02 -0.11 -0.23  Rvol: 0.54 0.91 1.31 -0.33 -0.26 0.00 0.26 0.14 0.72 1.14 1.50 -0.28 -0.15 0.09 0.32 
Loss: 0.624391  SIA Ef: -0.065492 Binding: -0.41 0.06 0.01 0.16 0.05 0.44 0.26 -0.03 0.02 -0.11 -0.23  Rvol: 0.54 0.91 1.31 -0.33 -0.26 0.00 0.26 0.14 0.72 1.14 1.50 -0.28 -0.15 0.09 0.32 
Loss: 0.624304  SIA Ef: -0.056630 Binding: -0.41 0.07 0.02 0.16 0.06 0.44 0.26 -0.03 0.02 -0.11 -0.23  Rvol: 0.54 0.91 1.31 -0.33 -0.26 0.00 0.26 0.14 0.72 1.14 1.50 -0.28 -0.15 0.09 0.32 
Loss: 0.624027  SIA Ef: -0.036836 Binding: -0.41 0.06 0.03 0.16 0.05 0.44 0.26 -0.03 0.02 -0.11 -0.23  Rvol: 0.54 0.92 1.31 -0.33 -0.26 0.00 0.26 0.14 0.72 1.14 1.51 -0.28 -0.15 0.09 0.32 
Loss: 0.624375  SIA Ef: -0.032646 Binding: -0.41 0.06 0.04 0.16 0.05 0.44 0.26 -0.03 0.02 -0.11 -0.23  Rvol: 0.54 0.92 1.31 -0.33 -0.26 0.00 0.26 0.14 0.72 1.14 1.51 -0.28 -0.15 0.09 0.32 
Loss: 0.624137  SIA Ef: -0.035481 Binding: -0.41 0.06 0.03 0.16 0.05 0.44 0.26 -0.02 0.02 -0.11 -0.23  Rvol: 0.54 0.92 1.31 -0.33 -0.26 0.00 0.26 0.14 0.72 1.14 1.51 -0.28 -0.15 0.09 0.32 
Loss: 0.623905  SIA Ef: -0.039721 Binding: -0.41 0.06 0.03 0.16 0.05 0.44 0.26 -0.03 0.02 -0.11 -0.23  Rvol: 0.54 0.92 1.31 -0.33 -0.26 0.00 0.26 0.14 0.72 1.14 1.50 -0.28 -0.15 0.09 0.32 
Loss: 0.623977  SIA Ef: -0.039173 Binding: -0.41 0.06 0.04 0.16 0.05 0.44 0.26 -0.03 0.02 -0.11 -0.23  Rvol: 0.54 0.92 1.31 -0.33 -0.26 0.00 0.26 0.14 0.72 1.14 1.51 -0.28 -0.15 0.09 0.32 
Loss: 0.623413  SIA Ef: -0.043778 Binding: -0.41 0.06 0.03 0.16 0.05 0.44 0.26 -0.02 0.02 -0.11 -0.23  Rvol: 0.54 0.92 1.31 -0.33 -0.26 0.00 0.26 0.14 0.72 1.14 1.50 -0.28 -0.15 0.09 0.32 
Loss: 0.623226  SIA Ef: -0.048740 Binding: -0.41 0.06 0.02 0.16 0.05 0.44 0.26 -0.02 0.02 -0.11 -0.23  Rvol: 0.54 0.92 1.31 -0.33 -0.26 0.00 0.26 0.14 0.72 1.14 1.50 -0.28 -0.15 0.09 0.32 
Loss: 0.623088  SIA Ef: -0.047244 Binding: -0.41 0.06 0.02 0.16 0.05 0.44 0.26 -0.02 0.02 -0.11 -0.23  Rvol: 0.54 0.92 1.31 -0.33 -0.26 0.00 0.26 0.14 0.72 1.14 1.50 -0.28 -0.15 0.09 0.32 
Loss: 0.623202  SIA Ef: -0.048534 Binding: -0.41 0.06 0.02 0.16 0.05 0.44 0.26 -0.02 0.02 -0.11 -0.23  Rvol: 0.54 0.92 1.31 -0.33 -0.26 0.00 0.26 0.14 0.72 1.14 1.50 -0.28 -0.15 0.09 0.32 
Loss: 0.623081  SIA Ef: -0.048221 Binding: -0.41 0.06 0.02 0.16 0.05 0.44 0.26 -0.02 0.02 -0.11 -0.23  Rvol: 0.54 0.92 1.31 -0.33 -0.26 0.00 0.26 0.14 0.72 1.14 1.50 -0.28 -0.15 0.09 0.32 
Loss: 0.623147  SIA Ef: -0.047933 Binding: -0.41 0.06 0.02 0.16 0.05 0.44 0.26 -0.02 0.02 -0.10 -0.23  Rvol: 0.54 0.92 1.31 -0.33 -0.26 0.00 0.26 0.14 0.72 1.14 1.50 -0.28 -0.15 0.09 0.32 
Loss: 0.623076  SIA Ef: -0.045452 Binding: -0.41 0.06 0.02 0.16 0.05 0.44 0.26 -0.02 0.02 -0.11 -0.23  Rvol: 0.54 0.92 1.31 -0.33 -0.26 0.00 0.26 0.14 0.72 1.14 1.50 -0.28 -0.15 0.09 0.32 
Loss: 0.623087  SIA Ef: -0.040689 Binding: -0.41 0.06 0.02 0.16 0.05 0.44 0.26 -0.02 0.02 -0.11 -0.23  Rvol: 0.54 0.92 1.31 -0.33 -0.26 0.00 0.26 0.14 0.72 1.14 1.50 -0.28 -0.15 0.09 0.32 
Loss: 0.623052  SIA Ef: -0.047812 Binding: -0.41 0.06 0.02 0.16 0.05 0.44 0.26 -0.02 0.02 -0.11 -0.23  Rvol: 0.54 0.92 1.31 -0.33 -0.26 0.00 0.26 0.14 0.72 1.14 1.50 -0.28 -0.15 0.09 0.32 
Loss: 0.623404  SIA Ef: -0.056870 Binding: -0.41 0.06 0.01 0.16 0.05 0.44 0.26 -0.02 0.02 -0.11 -0.23  Rvol: 0.54 0.91 1.31 -0.33 -0.26 0.00 0.26 0.14 0.72 1.14 1.50 -0.28 -0.15 0.09 0.32 
Loss: 0.623041  SIA Ef: -0.047863 Binding: -0.41 0.06 0.02 0.16 0.05 0.44 0.26 -0.02 0.02 -0.11 -0.23  Rvol: 0.54 0.92 1.31 -0.33 -0.26 0.00 0.26 0.14 0.72 1.14 1.50 -0.28 -0.15 0.09 0.32 
Loss: 0.622782  SIA Ef: -0.042719 Binding: -0.41 0.06 0.03 0.16 0.05 0.44 0.26 -0.02 0.02 -0.11 -0.23  Rvol: 0.54 0.92 1.31 -0.33 -0.26 0.00 0.26 0.14 0.72 1.14 1.50 -0.28 -0.15 0.09 0.32 
Loss: 0.623231  SIA Ef: -0.033177 Binding: -0.41 0.06 0.04 0.16 0.05 0.44 0.26 -0.02 0.02 -0.11 -0.23  Rvol: 0.54 0.92 1.31 -0.33 -0.26 0.00 0.26 0.14 0.72 1.14 1.51 -0.28 -0.15 0.09 0.32 
Loss: 0.622663  SIA Ef: -0.046127 Binding: -0.41 0.06 0.02 0.16 0.05 0.44 0.26 -0.02 0.02 -0.11 -0.23  Rvol: 0.54 0.92 1.31 -0.33 -0.26 0.00 0.26 0.14 0.72 1.14 1.50 -0.28 -0.15 0.09 0.32 
Loss: 0.622673  SIA Ef: -0.046394 Binding: -0.41 0.06 0.02 0.16 0.05 0.44 0.26 -0.02 0.02 -0.11 -0.23  Rvol: 0.54 0.92 1.31 -0.33 -0.26 0.00 0.26 0.14 0.72 1.14 1.50 -0.28 -0.15 0.09 0.32 
Loss: 0.622669  SIA Ef: -0.046349 Binding: -0.41 0.06 0.02 0.16 0.05 0.44 0.26 -0.02 0.02 -0.11 -0.23  Rvol: 0.54 0.92 1.31 -0.33 -0.26 0.00 0.26 0.14 0.72 1.14 1.50 -0.28 -0.15 0.09 0.32 
Loss: 0.622664  SIA Ef: -0.046117 Binding: -0.41 0.06 0.02 0.16 0.05 0.44 0.26 -0.02 0.02 -0.11 -0.23  Rvol: 0.54 0.92 1.31 -0.33 -0.26 0.00 0.26 0.14 0.72 1.14 1.50 -0.28 -0.15 0.09 0.32 
Loss: 0.622672  SIA Ef: -0.047337 Binding: -0.41 0.06 0.02 0.16 0.05 0.44 0.26 -0.02 0.02 -0.11 -0.23  Rvol: 0.54 0.92 1.31 -0.33 -0.26 0.00 0.26 0.14 0.72 1.14 1.50 -0.28 -0.15 0.09 0.32 
Loss: 0.622516  SIA Ef: -0.046091 Binding: -0.41 0.06 0.02 0.16 0.05 0.44 0.26 -0.02 0.02 -0.11 -0.23  Rvol: 0.54 0.92 1.31 -0.33 -0.26 0.00 0.26 0.14 0.72 1.14 1.50 -0.28 -0.15 0.09 0.32 
Loss: 0.622378  SIA Ef: -0.046609 Binding: -0.41 0.06 0.02 0.16 0.05 0.44 0.26 -0.02 0.02 -0.11 -0.23  Rvol: 0.54 0.92 1.31 -0.33 -0.26 0.00 0.26 0.14 0.72 1.14 1.50 -0.28 -0.15 0.09 0.32 
Loss: 0.622231  SIA Ef: -0.045976 Binding: -0.41 0.06 0.02 0.16 0.05 0.44 0.26 -0.02 0.02 -0.11 -0.23  Rvol: 0.54 0.92 1.31 -0.33 -0.26 0.00 0.26 0.14 0.72 1.14 1.50 -0.28 -0.16 0.09 0.32 
Loss: 0.622097  SIA Ef: -0.047109 Binding: -0.41 0.06 0.02 0.16 0.05 0.44 0.26 -0.02 0.02 -0.11 -0.23  Rvol: 0.54 0.92 1.31 -0.33 -0.26 0.00 0.26 0.14 0.72 1.14 1.50 -0.28 -0.16 0.09 0.32 
Loss: 0.621962  SIA Ef: -0.045691 Binding: -0.41 0.06 0.02 0.16 0.05 0.44 0.26 -0.02 0.02 -0.11 -0.23  Rvol: 0.54 0.92 1.31 -0.33 -0.26 0.00 0.26 0.14 0.72 1.14 1.50 -0.28 -0.16 0.09 0.32 
Loss: 0.621849  SIA Ef: -0.046235 Binding: -0.41 0.06 0.02 0.16 0.05 0.44 0.26 -0.02 0.02 -0.11 -0.23  Rvol: 0.54 0.92 1.31 -0.33 -0.26 0.00 0.26 0.14 0.72 1.14 1.50 -0.28 -0.16 0.09 0.32 
Loss: 0.621721  SIA Ef: -0.045922 Binding: -0.41 0.06 0.02 0.16 0.05 0.44 0.26 -0.02 0.02 -0.11 -0.23  Rvol: 0.54 0.92 1.31 -0.33 -0.26 0.00 0.26 0.14 0.72 1.14 1.50 -0.28 -0.16 0.09 0.32 
Loss: 0.621588  SIA Ef: -0.045211 Binding: -0.41 0.06 0.02 0.16 0.05 0.44 0.26 -0.02 0.02 -0.11 -0.23  Rvol: 0.54 0.92 1.31 -0.33 -0.26 0.00 0.26 0.14 0.72 1.14 1.50 -0.28 -0.16 0.09 0.32 
Loss: 0.621471  SIA Ef: -0.041423 Binding: -0.41 0.06 0.03 0.16 0.05 0.44 0.26 -0.02 0.02 -0.11 -0.23  Rvol: 0.54 0.92 1.31 -0.33 -0.26 0.00 0.26 0.14 0.72 1.14 1.50 -0.28 -0.16 0.09 0.32 
Loss: 0.621369  SIA Ef: -0.042026 Binding: -0.41 0.06 0.02 0.16 0.05 0.44 0.26 -0.02 0.02 -0.11 -0.23  Rvol: 0.54 0.92 1.31 -0.33 -0.26 0.00 0.26 0.14 0.72 1.14 1.50 -0.28 -0.16 0.09 0.32 
Loss: 0.621296  SIA Ef: -0.041632 Binding: -0.41 0.06 0.03 0.16 0.05 0.44 0.26 -0.02 0.02 -0.11 -0.23  Rvol: 0.54 0.92 1.31 -0.33 -0.26 0.00 0.26 0.14 0.72 1.14 1.50 -0.28 -0.16 0.08 0.32 
Loss: 0.621213  SIA Ef: -0.040962 Binding: -0.41 0.06 0.03 0.16 0.05 0.44 0.26 -0.02 0.02 -0.11 -0.23  Rvol: 0.54 0.92 1.31 -0.33 -0.26 0.00 0.26 0.14 0.72 1.14 1.50 -0.28 -0.16 0.08 0.32 
Loss: 0.621084  SIA Ef: -0.040114 Binding: -0.41 0.06 0.03 0.16 0.05 0.44 0.26 -0.02 0.02 -0.11 -0.23  Rvol: 0.54 0.92 1.31 -0.33 -0.26 0.00 0.26 0.14 0.72 1.14 1.50 -0.28 -0.16 0.08 0.32 
Loss: 0.620945  SIA Ef: -0.040036 Binding: -0.41 0.06 0.03 0.16 0.05 0.44 0.26 -0.02 0.02 -0.11 -0.23  Rvol: 0.54 0.92 1.31 -0.33 -0.26 0.00 0.26 0.14 0.72 1.14 1.50 -0.28 -0.16 0.08 0.32 
Loss: 0.620840  SIA Ef: -0.038077 Binding: -0.41 0.06 0.03 0.16 0.05 0.44 0.26 -0.02 0.02 -0.11 -0.23  Rvol: 0.54 0.92 1.31 -0.33 -0.26 0.00 0.26 0.14 0.72 1.14 1.50 -0.28 -0.16 0.08 0.32 
Loss: 0.620707  SIA Ef: -0.039724 Binding: -0.41 0.06 0.03 0.16 0.05 0.44 0.26 -0.02 0.02 -0.11 -0.23  Rvol: 0.54 0.92 1.31 -0.33 -0.26 0.00 0.26 0.14 0.72 1.14 1.50 -0.28 -0.16 0.08 0.32 
Loss: 0.620606  SIA Ef: -0.039304 Binding: -0.41 0.06 0.03 0.16 0.05 0.44 0.26 -0.02 0.02 -0.11 -0.23  Rvol: 0.54 0.92 1.31 -0.33 -0.26 0.00 0.26 0.14 0.72 1.14 1.50 -0.28 -0.16 0.08 0.32 
Loss: 0.620477  SIA Ef: -0.039884 Binding: -0.41 0.06 0.03 0.16 0.05 0.44 0.26 -0.02 0.02 -0.11 -0.23  Rvol: 0.54 0.92 1.31 -0.33 -0.26 0.00 0.26 0.14 0.72 1.14 1.50 -0.28 -0.16 0.08 0.32 
Loss: 0.620334  SIA Ef: -0.040748 Binding: -0.41 0.06 0.03 0.16 0.04 0.44 0.26 -0.02 0.02 -0.11 -0.23  Rvol: 0.54 0.92 1.31 -0.33 -0.26 0.00 0.26 0.14 0.72 1.14 1.50 -0.28 -0.16 0.08 0.32 
Loss: 0.620186  SIA Ef: -0.043950 Binding: -0.41 0.06 0.03 0.16 0.04 0.44 0.26 -0.02 0.02 -0.11 -0.23  Rvol: 0.54 0.92 1.31 -0.33 -0.26 0.00 0.26 0.14 0.72 1.14 1.50 -0.28 -0.16 0.08 0.32 
Loss: 0.620054  SIA Ef: -0.045293 Binding: -0.41 0.06 0.03 0.16 0.04 0.44 0.26 -0.02 0.02 -0.11 -0.23  Rvol: 0.54 0.92 1.31 -0.33 -0.26 0.00 0.26 0.14 0.72 1.14 1.50 -0.28 -0.16 0.08 0.32 
Loss: 0.619936  SIA Ef: -0.047581 Binding: -0.41 0.06 0.02 0.16 0.04 0.44 0.26 -0.02 0.02 -0.11 -0.23  Rvol: 0.54 0.92 1.31 -0.33 -0.26 0.00 0.26 0.14 0.72 1.14 1.50 -0.28 -0.16 0.08 0.32 
Loss: 0.619827  SIA Ef: -0.048611 Binding: -0.41 0.06 0.02 0.16 0.04 0.44 0.26 -0.02 0.02 -0.11 -0.23  Rvol: 0.54 0.92 1.31 -0.33 -0.26 0.00 0.26 0.14 0.72 1.14 1.50 -0.28 -0.16 0.08 0.32 
Loss: 0.619750  SIA Ef: -0.047863 Binding: -0.41 0.06 0.02 0.16 0.04 0.44 0.26 -0.02 0.02 -0.11 -0.23  Rvol: 0.54 0.92 1.31 -0.33 -0.26 0.00 0.26 0.14 0.72 1.14 1.50 -0.28 -0.16 0.08 0.32 
Loss: 0.619730  SIA Ef: -0.047397 Binding: -0.41 0.06 0.02 0.16 0.04 0.44 0.26 -0.03 0.02 -0.11 -0.23  Rvol: 0.54 0.92 1.31 -0.33 -0.26 0.00 0.26 0.14 0.72 1.14 1.50 -0.28 -0.16 0.08 0.32 
Loss: 0.619730  SIA Ef: -0.047433 Binding: -0.41 0.06 0.02 0.16 0.04 0.44 0.26 -0.03 0.02 -0.11 -0.23  Rvol: 0.54 0.92 1.31 -0.33 -0.26 0.00 0.26 0.14 0.72 1.14 1.50 -0.28 -0.16 0.08 0.32 
Loss: 0.619738  SIA Ef: -0.050478 Binding: -0.41 0.06 0.02 0.16 0.04 0.44 0.26 -0.03 0.02 -0.11 -0.23  Rvol: 0.54 0.92 1.31 -0.33 -0.26 0.00 0.26 0.14 0.72 1.14 1.50 -0.28 -0.16 0.08 0.32 
Loss: 0.619727  SIA Ef: -0.047627 Binding: -0.41 0.06 0.02 0.16 0.04 0.44 0.26 -0.02 0.02 -0.11 -0.23  Rvol: 0.54 0.92 1.31 -0.33 -0.26 0.00 0.26 0.14 0.72 1.14 1.50 -0.28 -0.16 0.08 0.32 
Loss: 0.619757  SIA Ef: -0.050697 Binding: -0.41 0.06 0.02 0.15 0.04 0.44 0.26 -0.03 0.02 -0.11 -0.23  Rvol: 0.54 0.92 1.31 -0.33 -0.26 0.00 0.26 0.14 0.72 1.14 1.50 -0.28 -0.16 0.08 0.32 
Loss: 0.619768  SIA Ef: -0.049655 Binding: -0.41 0.06 0.02 0.16 0.04 0.44 0.26 -0.03 0.02 -0.11 -0.23  Rvol: 0.54 0.92 1.31 -0.33 -0.26 0.00 0.26 0.14 0.72 1.14 1.50 -0.28 -0.16 0.08 0.32 
Loss: 0.619572  SIA Ef: -0.043757 Binding: -0.41 0.06 0.02 0.16 0.04 0.44 0.26 -0.02 0.02 -0.11 -0.23  Rvol: 0.54 0.92 1.31 -0.33 -0.26 0.00 0.26 0.14 0.72 1.14 1.50 -0.28 -0.16 0.08 0.32 
Loss: 0.619489  SIA Ef: -0.041539 Binding: -0.41 0.06 0.02 0.16 0.04 0.44 0.26 -0.02 0.02 -0.11 -0.23  Rvol: 0.54 0.92 1.31 -0.33 -0.26 0.00 0.26 0.14 0.72 1.14 1.50 -0.28 -0.16 0.08 0.32 
Loss: 0.619476  SIA Ef: -0.036683 Binding: -0.41 0.06 0.03 0.16 0.04 0.44 0.26 -0.02 0.02 -0.11 -0.23  Rvol: 0.54 0.92 1.31 -0.33 -0.26 0.00 0.26 0.14 0.72 1.14 1.50 -0.28 -0.16 0.08 0.32 
Loss: 0.619481  SIA Ef: -0.035945 Binding: -0.41 0.06 0.03 0.16 0.04 0.44 0.26 -0.02 0.02 -0.11 -0.23  Rvol: 0.54 0.92 1.31 -0.33 -0.26 0.00 0.26 0.14 0.72 1.14 1.50 -0.28 -0.16 0.08 0.32 
Loss: 0.619459  SIA Ef: -0.034920 Binding: -0.41 0.05 0.03 0.16 0.04 0.44 0.26 -0.02 0.02 -0.11 -0.23  Rvol: 0.54 0.92 1.31 -0.33 -0.26 0.00 0.26 0.14 0.72 1.14 1.50 -0.28 -0.16 0.08 0.32 
Loss: 0.619444  SIA Ef: -0.035040 Binding: -0.41 0.05 0.03 0.16 0.04 0.44 0.26 -0.02 0.02 -0.11 -0.23  Rvol: 0.54 0.92 1.31 -0.33 -0.26 0.00 0.26 0.14 0.72 1.14 1.50 -0.28 -0.16 0.08 0.32 
Loss: 0.619341  SIA Ef: -0.037186 Binding: -0.41 0.06 0.03 0.16 0.04 0.44 0.26 -0.02 0.02 -0.11 -0.23  Rvol: 0.54 0.92 1.31 -0.33 -0.26 0.00 0.26 0.14 0.72 1.14 1.50 -0.28 -0.16 0.08 0.32 
Loss: 0.619189  SIA Ef: -0.039703 Binding: -0.41 0.06 0.03 0.16 0.04 0.44 0.26 -0.02 0.02 -0.11 -0.23  Rvol: 0.54 0.92 1.31 -0.33 -0.26 -0.00 0.26 0.14 0.72 1.14 1.50 -0.28 -0.16 0.08 0.32 
Loss: 0.619221  SIA Ef: -0.038273 Binding: -0.41 0.06 0.03 0.16 0.04 0.44 0.26 -0.02 0.02 -0.11 -0.23  Rvol: 0.54 0.92 1.31 -0.33 -0.26 -0.00 0.26 0.14 0.72 1.14 1.50 -0.28 -0.16 0.08 0.32 
Loss: 0.619086  SIA Ef: -0.042619 Binding: -0.41 0.06 0.02 0.16 0.04 0.44 0.26 -0.02 0.02 -0.11 -0.23  Rvol: 0.54 0.92 1.31 -0.33 -0.26 -0.00 0.26 0.14 0.72 1.14 1.50 -0.28 -0.16 0.08 0.32 
Loss: 0.619014  SIA Ef: -0.044523 Binding: -0.41 0.06 0.02 0.16 0.04 0.44 0.26 -0.02 0.02 -0.11 -0.23  Rvol: 0.54 0.92 1.31 -0.33 -0.26 -0.00 0.26 0.14 0.72 1.14 1.50 -0.28 -0.16 0.08 0.32 
Loss: 0.618941  SIA Ef: -0.047380 Binding: -0.41 0.06 0.02 0.16 0.04 0.44 0.26 -0.02 0.02 -0.11 -0.23  Rvol: 0.54 0.92 1.31 -0.33 -0.26 -0.00 0.26 0.14 0.72 1.14 1.50 -0.28 -0.16 0.08 0.32 
Loss: 0.618929  SIA Ef: -0.049808 Binding: -0.41 0.06 0.02 0.15 0.04 0.44 0.26 -0.03 0.02 -0.11 -0.23  Rvol: 0.54 0.92 1.31 -0.33 -0.26 -0.00 0.26 0.14 0.72 1.14 1.50 -0.28 -0.16 0.08 0.31 
Loss: 0.618860  SIA Ef: -0.047451 Binding: -0.41 0.06 0.02 0.15 0.04 0.44 0.26 -0.03 0.02 -0.11 -0.23  Rvol: 0.54 0.92 1.31 -0.33 -0.26 -0.00 0.26 0.14 0.72 1.14 1.50 -0.28 -0.16 0.08 0.31 
Loss: 0.618914  SIA Ef: -0.048780 Binding: -0.41 0.06 0.02 0.15 0.04 0.44 0.26 -0.03 0.02 -0.11 -0.23  Rvol: 0.54 0.92 1.31 -0.33 -0.26 -0.00 0.26 0.14 0.72 1.14 1.50 -0.28 -0.16 0.08 0.31 
Loss: 0.618831  SIA Ef: -0.046345 Binding: -0.41 0.06 0.02 0.15 0.04 0.44 0.26 -0.02 0.02 -0.11 -0.23  Rvol: 0.54 0.92 1.31 -0.33 -0.26 -0.00 0.26 0.14 0.72 1.14 1.50 -0.28 -0.16 0.08 0.32 
Loss: 0.618924  SIA Ef: -0.047100 Binding: -0.41 0.06 0.02 0.15 0.04 0.44 0.26 -0.03 0.02 -0.11 -0.23  Rvol: 0.54 0.92 1.31 -0.33 -0.26 -0.00 0.26 0.14 0.72 1.14 1.50 -0.28 -0.16 0.08 0.32 
Loss: 0.618834  SIA Ef: -0.046223 Binding: -0.41 0.06 0.02 0.15 0.04 0.44 0.26 -0.02 0.02 -0.11 -0.23  Rvol: 0.54 0.92 1.31 -0.33 -0.26 -0.00 0.26 0.14 0.72 1.14 1.50 -0.28 -0.16 0.08 0.32 
Loss: 0.618670  SIA Ef: -0.043644 Binding: -0.41 0.06 0.02 0.16 0.04 0.44 0.26 -0.02 0.02 -0.11 -0.23  Rvol: 0.54 0.92 1.31 -0.33 -0.26 -0.00 0.26 0.14 0.72 1.14 1.50 -0.28 -0.16 0.08 0.32 
Loss: 0.618570  SIA Ef: -0.042435 Binding: -0.41 0.06 0.02 0.16 0.04 0.44 0.26 -0.02 0.02 -0.11 -0.23  Rvol: 0.54 0.92 1.31 -0.33 -0.26 -0.00 0.26 0.14 0.72 1.14 1.50 -0.28 -0.16 0.08 0.32 
Loss: 0.618505  SIA Ef: -0.039522 Binding: -0.41 0.05 0.02 0.16 0.04 0.44 0.26 -0.02 0.02 -0.11 -0.23  Rvol: 0.54 0.92 1.31 -0.33 -0.26 -0.00 0.26 0.14 0.72 1.14 1.50 -0.28 -0.16 0.08 0.32 
Loss: 0.618447  SIA Ef: -0.035948 Binding: -0.41 0.05 0.03 0.16 0.04 0.44 0.26 -0.02 0.02 -0.11 -0.23  Rvol: 0.54 0.92 1.32 -0.33 -0.26 -0.00 0.26 0.14 0.72 1.14 1.50 -0.28 -0.16 0.08 0.32 
Loss: 0.618429  SIA Ef: -0.033567 Binding: -0.41 0.05 0.03 0.16 0.04 0.44 0.26 -0.02 0.02 -0.11 -0.23  Rvol: 0.54 0.92 1.32 -0.33 -0.26 -0.00 0.26 0.14 0.72 1.14 1.50 -0.28 -0.16 0.08 0.32 
Loss: 0.618392  SIA Ef: -0.034567 Binding: -0.41 0.05 0.03 0.16 0.04 0.44 0.26 -0.02 0.02 -0.11 -0.23  Rvol: 0.54 0.92 1.32 -0.33 -0.26 -0.00 0.26 0.14 0.72 1.14 1.50 -0.28 -0.16 0.08 0.32 
Loss: 0.618460  SIA Ef: -0.030859 Binding: -0.41 0.05 0.03 0.16 0.04 0.44 0.26 -0.02 0.02 -0.11 -0.23  Rvol: 0.54 0.92 1.32 -0.33 -0.26 -0.00 0.26 0.14 0.72 1.14 1.50 -0.28 -0.16 0.08 0.32 
Loss: 0.618403  SIA Ef: -0.033613 Binding: -0.41 0.05 0.03 0.16 0.04 0.44 0.26 -0.02 0.02 -0.11 -0.23  Rvol: 0.54 0.92 1.32 -0.33 -0.26 -0.00 0.26 0.14 0.72 1.14 1.50 -0.28 -0.16 0.08 0.32 
Loss: 0.618216  SIA Ef: -0.037652 Binding: -0.41 0.05 0.03 0.16 0.04 0.44 0.26 -0.02 0.02 -0.11 -0.23  Rvol: 0.54 0.92 1.31 -0.33 -0.26 -0.00 0.26 0.14 0.72 1.14 1.50 -0.28 -0.16 0.08 0.32 
Loss: 0.618172  SIA Ef: -0.038234 Binding: -0.41 0.05 0.03 0.16 0.04 0.44 0.26 -0.02 0.02 -0.11 -0.23  Rvol: 0.54 0.92 1.31 -0.33 -0.26 -0.00 0.26 0.14 0.72 1.14 1.50 -0.28 -0.16 0.08 0.31 
Loss: 0.618162  SIA Ef: -0.038777 Binding: -0.41 0.05 0.03 0.16 0.04 0.44 0.26 -0.02 0.02 -0.11 -0.23  Rvol: 0.54 0.92 1.31 -0.33 -0.26 -0.00 0.26 0.14 0.72 1.14 1.50 -0.28 -0.16 0.08 0.31 
Loss: 0.618029  SIA Ef: -0.041874 Binding: -0.41 0.05 0.02 0.16 0.04 0.44 0.26 -0.02 0.02 -0.11 -0.23  Rvol: 0.54 0.92 1.31 -0.33 -0.26 -0.00 0.26 0.14 0.72 1.14 1.50 -0.28 -0.16 0.08 0.31 
Loss: 0.617940  SIA Ef: -0.043886 Binding: -0.41 0.05 0.02 0.15 0.04 0.44 0.26 -0.02 0.02 -0.11 -0.23  Rvol: 0.54 0.92 1.31 -0.33 -0.26 -0.00 0.26 0.14 0.72 1.14 1.50 -0.28 -0.16 0.08 0.31 
Loss: 0.617913  SIA Ef: -0.047423 Binding: -0.41 0.06 0.02 0.16 0.04 0.44 0.26 -0.02 0.02 -0.11 -0.23  Rvol: 0.54 0.92 1.31 -0.33 -0.26 -0.00 0.26 0.14 0.72 1.14 1.50 -0.28 -0.16 0.08 0.31 
Loss: 0.617984  SIA Ef: -0.049721 Binding: -0.41 0.06 0.02 0.15 0.04 0.44 0.26 -0.03 0.02 -0.11 -0.23  Rvol: 0.54 0.92 1.31 -0.33 -0.26 -0.00 0.26 0.14 0.72 1.14 1.50 -0.28 -0.16 0.08 0.31 
Loss: 0.617768  SIA Ef: -0.046685 Binding: -0.41 0.05 0.02 0.16 0.04 0.44 0.26 -0.02 0.02 -0.11 -0.23  Rvol: 0.54 0.92 1.31 -0.33 -0.26 -0.00 0.26 0.14 0.72 1.14 1.50 -0.28 -0.16 0.08 0.31 
Loss: 0.617639  SIA Ef: -0.044382 Binding: -0.41 0.05 0.03 0.16 0.04 0.44 0.26 -0.02 0.02 -0.11 -0.23  Rvol: 0.54 0.92 1.31 -0.33 -0.26 -0.00 0.26 0.14 0.72 1.14 1.50 -0.28 -0.16 0.08 0.31 
Loss: 0.617611  SIA Ef: -0.045459 Binding: -0.41 0.05 0.02 0.16 0.04 0.44 0.26 -0.02 0.02 -0.11 -0.23  Rvol: 0.54 0.92 1.31 -0.33 -0.26 -0.00 0.26 0.14 0.72 1.14 1.50 -0.28 -0.16 0.08 0.31 
Loss: 0.617608  SIA Ef: -0.044705 Binding: -0.41 0.05 0.02 0.15 0.04 0.44 0.26 -0.02 0.02 -0.11 -0.23  Rvol: 0.54 0.92 1.31 -0.33 -0.26 -0.00 0.26 0.14 0.72 1.14 1.50 -0.28 -0.16 0.08 0.31 
Loss: 0.617425  SIA Ef: -0.042224 Binding: -0.41 0.05 0.03 0.16 0.04 0.44 0.26 -0.02 0.02 -0.11 -0.23  Rvol: 0.54 0.92 1.31 -0.33 -0.26 -0.00 0.26 0.14 0.72 1.14 1.50 -0.28 -0.16 0.08 0.31 
Loss: 0.617254  SIA Ef: -0.040705 Binding: -0.41 0.05 0.03 0.16 0.04 0.44 0.26 -0.02 0.01 -0.11 -0.23  Rvol: 0.54 0.92 1.31 -0.33 -0.26 -0.00 0.26 0.14 0.72 1.14 1.50 -0.28 -0.16 0.08 0.31 
Loss: 0.617106  SIA Ef: -0.039184 Binding: -0.41 0.05 0.03 0.16 0.04 0.44 0.26 -0.02 0.01 -0.11 -0.23  Rvol: 0.54 0.92 1.32 -0.33 -0.26 -0.00 0.26 0.14 0.72 1.14 1.50 -0.28 -0.16 0.08 0.31 
Loss: 0.616993  SIA Ef: -0.038099 Binding: -0.41 0.05 0.03 0.16 0.04 0.44 0.26 -0.02 0.01 -0.11 -0.23  Rvol: 0.54 0.92 1.32 -0.33 -0.27 -0.00 0.26 0.14 0.72 1.14 1.50 -0.28 -0.16 0.08 0.31 
Loss: 0.616837  SIA Ef: -0.037302 Binding: -0.41 0.05 0.03 0.16 0.04 0.44 0.26 -0.02 0.01 -0.11 -0.23  Rvol: 0.54 0.92 1.32 -0.33 -0.27 -0.00 0.26 0.14 0.72 1.14 1.50 -0.28 -0.16 0.08 0.31 
Loss: 0.616684  SIA Ef: -0.037175 Binding: -0.41 0.05 0.03 0.16 0.04 0.44 0.26 -0.02 0.01 -0.11 -0.23  Rvol: 0.54 0.92 1.32 -0.33 -0.27 -0.00 0.26 0.14 0.72 1.14 1.50 -0.28 -0.16 0.08 0.31 
Loss: 0.616528  SIA Ef: -0.037194 Binding: -0.41 0.05 0.03 0.16 0.04 0.44 0.26 -0.02 0.01 -0.11 -0.23  Rvol: 0.54 0.92 1.32 -0.33 -0.27 -0.00 0.26 0.14 0.72 1.14 1.50 -0.28 -0.16 0.08 0.31 
Loss: 0.616406  SIA Ef: -0.035815 Binding: -0.41 0.05 0.03 0.15 0.04 0.44 0.26 -0.02 0.01 -0.11 -0.23  Rvol: 0.54 0.92 1.32 -0.33 -0.27 -0.00 0.26 0.14 0.72 1.14 1.50 -0.28 -0.16 0.08 0.31 
Loss: 0.616344  SIA Ef: -0.034477 Binding: -0.41 0.05 0.03 0.16 0.04 0.44 0.26 -0.02 0.01 -0.11 -0.23  Rvol: 0.54 0.92 1.32 -0.33 -0.27 -0.00 0.26 0.14 0.72 1.14 1.50 -0.28 -0.16 0.08 0.31 
Loss: 0.616319  SIA Ef: -0.034191 Binding: -0.41 0.05 0.03 0.16 0.04 0.44 0.26 -0.02 0.01 -0.11 -0.23  Rvol: 0.54 0.92 1.32 -0.33 -0.27 -0.00 0.26 0.14 0.72 1.14 1.50 -0.28 -0.16 0.08 0.31 
Loss: 0.616317  SIA Ef: -0.034047 Binding: -0.41 0.05 0.03 0.16 0.04 0.44 0.26 -0.02 0.01 -0.11 -0.23  Rvol: 0.54 0.92 1.32 -0.33 -0.27 -0.00 0.26 0.14 0.72 1.14 1.50 -0.28 -0.16 0.08 0.31 
Loss: 0.616230  SIA Ef: -0.031855 Binding: -0.41 0.05 0.03 0.16 0.04 0.44 0.26 -0.02 0.01 -0.11 -0.23  Rvol: 0.54 0.92 1.32 -0.33 -0.27 -0.00 0.26 0.14 0.72 1.14 1.50 -0.28 -0.16 0.08 0.31 
Loss: 0.616126  SIA Ef: -0.031398 Binding: -0.41 0.05 0.03 0.16 0.04 0.44 0.26 -0.02 0.01 -0.11 -0.23  Rvol: 0.54 0.92 1.32 -0.33 -0.27 -0.00 0.26 0.14 0.72 1.14 1.50 -0.28 -0.16 0.08 0.31 
Loss: 0.615910  SIA Ef: -0.035450 Binding: -0.41 0.05 0.03 0.15 0.04 0.44 0.26 -0.02 0.01 -0.11 -0.23  Rvol: 0.54 0.92 1.32 -0.33 -0.27 -0.00 0.26 0.14 0.72 1.14 1.50 -0.28 -0.16 0.08 0.31 
Loss: 0.615743  SIA Ef: -0.039374 Binding: -0.41 0.05 0.03 0.15 0.04 0.44 0.26 -0.02 0.01 -0.11 -0.23  Rvol: 0.54 0.92 1.32 -0.33 -0.27 -0.00 0.26 0.14 0.72 1.14 1.50 -0.28 -0.16 0.08 0.31 
Loss: 0.615642  SIA Ef: -0.040624 Binding: -0.41 0.05 0.03 0.15 0.04 0.44 0.26 -0.02 0.01 -0.11 -0.23  Rvol: 0.54 0.92 1.32 -0.33 -0.27 -0.00 0.26 0.14 0.72 1.14 1.50 -0.28 -0.16 0.08 0.31 
Loss: 0.615568  SIA Ef: -0.043394 Binding: -0.41 0.05 0.02 0.15 0.04 0.44 0.26 -0.02 0.01 -0.11 -0.23  Rvol: 0.54 0.92 1.32 -0.33 -0.27 -0.00 0.26 0.14 0.72 1.14 1.50 -0.28 -0.16 0.08 0.31 
Loss: 0.615522  SIA Ef: -0.043575 Binding: -0.41 0.05 0.02 0.15 0.04 0.44 0.26 -0.03 0.01 -0.11 -0.23  Rvol: 0.54 0.92 1.32 -0.33 -0.27 -0.00 0.26 0.14 0.72 1.14 1.50 -0.28 -0.16 0.08 0.31 
Loss: 0.615429  SIA Ef: -0.043335 Binding: -0.41 0.05 0.02 0.15 0.04 0.44 0.26 -0.02 0.01 -0.11 -0.23  Rvol: 0.54 0.92 1.32 -0.33 -0.27 -0.00 0.26 0.14 0.72 1.14 1.50 -0.28 -0.16 0.08 0.31 
Loss: 0.615490  SIA Ef: -0.045598 Binding: -0.41 0.05 0.02 0.15 0.04 0.44 0.26 -0.03 0.02 -0.11 -0.23  Rvol: 0.54 0.92 1.31 -0.33 -0.27 -0.00 0.26 0.14 0.72 1.14 1.50 -0.28 -0.16 0.08 0.31 
Loss: 0.615424  SIA Ef: -0.043457 Binding: -0.41 0.05 0.02 0.15 0.04 0.44 0.26 -0.02 0.01 -0.11 -0.23  Rvol: 0.54 0.92 1.32 -0.33 -0.27 -0.00 0.26 0.14 0.72 1.14 1.50 -0.28 -0.16 0.08 0.31 
Loss: 0.615536  SIA Ef: -0.045210 Binding: -0.41 0.05 0.02 0.15 0.04 0.44 0.26 -0.02 0.02 -0.11 -0.23  Rvol: 0.54 0.92 1.31 -0.33 -0.27 -0.00 0.26 0.14 0.72 1.14 1.50 -0.28 -0.16 0.08 0.31 
Loss: 0.615417  SIA Ef: -0.043352 Binding: -0.41 0.05 0.02 0.15 0.04 0.44 0.26 -0.02 0.01 -0.11 -0.23  Rvol: 0.54 0.92 1.32 -0.33 -0.27 -0.00 0.26 0.14 0.72 1.14 1.50 -0.28 -0.16 0.08 0.31 
Loss: 0.615525  SIA Ef: -0.047096 Binding: -0.41 0.05 0.02 0.15 0.04 0.44 0.26 -0.02 0.01 -0.11 -0.23  Rvol: 0.54 0.92 1.31 -0.33 -0.27 -0.00 0.26 0.14 0.72 1.14 1.50 -0.28 -0.16 0.08 0.31 
Loss: 0.615410  SIA Ef: -0.045350 Binding: -0.41 0.05 0.02 0.15 0.04 0.44 0.26 -0.02 0.01 -0.11 -0.23  Rvol: 0.54 0.92 1.31 -0.33 -0.27 -0.00 0.26 0.14 0.72 1.14 1.50 -0.28 -0.16 0.08 0.31 
Loss: 0.615212  SIA Ef: -0.042340 Binding: -0.41 0.05 0.02 0.15 0.04 0.44 0.26 -0.02 0.01 -0.11 -0.23  Rvol: 0.54 0.92 1.32 -0.33 -0.27 -0.00 0.26 0.14 0.72 1.14 1.50 -0.28 -0.16 0.08 0.31 
Loss: 0.615077  SIA Ef: -0.039295 Binding: -0.41 0.05 0.03 0.15 0.04 0.44 0.26 -0.02 0.01 -0.11 -0.23  Rvol: 0.54 0.92 1.32 -0.33 -0.27 -0.00 0.26 0.14 0.72 1.14 1.50 -0.28 -0.16 0.08 0.31 
Loss: 0.615046  SIA Ef: -0.034928 Binding: -0.41 0.05 0.03 0.15 0.04 0.44 0.26 -0.02 0.01 -0.11 -0.23  Rvol: 0.54 0.92 1.32 -0.33 -0.27 -0.00 0.26 0.14 0.72 1.14 1.50 -0.28 -0.16 0.08 0.31 
Loss: 0.615062  SIA Ef: -0.034359 Binding: -0.41 0.05 0.03 0.15 0.04 0.44 0.26 -0.02 0.01 -0.11 -0.23  Rvol: 0.54 0.92 1.32 -0.33 -0.27 -0.00 0.26 0.14 0.72 1.14 1.50 -0.28 -0.16 0.08 0.31 
Loss: 0.615020  SIA Ef: -0.035342 Binding: -0.41 0.05 0.03 0.15 0.04 0.44 0.26 -0.02 0.01 -0.11 -0.23  Rvol: 0.54 0.92 1.32 -0.33 -0.27 -0.00 0.26 0.14 0.72 1.14 1.50 -0.28 -0.16 0.08 0.31 
Loss: 0.614872  SIA Ef: -0.035526 Binding: -0.41 0.05 0.03 0.15 0.04 0.44 0.26 -0.02 0.01 -0.11 -0.23  Rvol: 0.54 0.92 1.32 -0.33 -0.27 -0.00 0.26 0.14 0.72 1.14 1.50 -0.28 -0.16 0.08 0.31 
Loss: 0.614772  SIA Ef: -0.037671 Binding: -0.41 0.05 0.03 0.15 0.04 0.44 0.26 -0.02 0.01 -0.11 -0.23  Rvol: 0.54 0.92 1.32 -0.33 -0.27 -0.00 0.25 0.14 0.72 1.14 1.50 -0.28 -0.16 0.08 0.31 
Loss: 0.614699  SIA Ef: -0.038945 Binding: -0.41 0.05 0.03 0.15 0.04 0.44 0.26 -0.02 0.01 -0.11 -0.23  Rvol: 0.54 0.92 1.32 -0.33 -0.27 -0.00 0.25 0.14 0.72 1.14 1.50 -0.28 -0.16 0.08 0.31 
Loss: 0.614699  SIA Ef: -0.039191 Binding: -0.41 0.05 0.03 0.15 0.04 0.44 0.26 -0.02 0.01 -0.11 -0.23  Rvol: 0.54 0.92 1.32 -0.33 -0.27 -0.00 0.25 0.14 0.72 1.14 1.50 -0.28 -0.16 0.08 0.31 
Loss: 0.614556  SIA Ef: -0.041643 Binding: -0.41 0.05 0.02 0.15 0.04 0.44 0.26 -0.02 0.01 -0.11 -0.23  Rvol: 0.54 0.92 1.32 -0.33 -0.27 -0.00 0.25 0.14 0.72 1.14 1.50 -0.28 -0.16 0.08 0.31 
Loss: 0.614448  SIA Ef: -0.041440 Binding: -0.41 0.05 0.02 0.15 0.04 0.44 0.26 -0.02 0.01 -0.11 -0.23  Rvol: 0.54 0.92 1.32 -0.33 -0.27 -0.00 0.25 0.14 0.72 1.14 1.50 -0.28 -0.16 0.08 0.31 
Loss: 0.614310  SIA Ef: -0.041340 Binding: -0.41 0.05 0.02 0.15 0.04 0.44 0.26 -0.02 0.01 -0.11 -0.23  Rvol: 0.54 0.92 1.32 -0.33 -0.27 -0.00 0.25 0.14 0.72 1.14 1.50 -0.28 -0.16 0.08 0.31 
Loss: 0.614184  SIA Ef: -0.043581 Binding: -0.41 0.05 0.02 0.15 0.04 0.44 0.26 -0.02 0.01 -0.11 -0.23  Rvol: 0.54 0.92 1.32 -0.33 -0.27 -0.00 0.25 0.14 0.72 1.14 1.50 -0.28 -0.16 0.08 0.31 
Loss: 0.614144  SIA Ef: -0.044848 Binding: -0.41 0.05 0.02 0.15 0.04 0.44 0.26 -0.02 0.01 -0.11 -0.23  Rvol: 0.54 0.92 1.32 -0.33 -0.27 -0.00 0.25 0.14 0.72 1.14 1.50 -0.28 -0.16 0.08 0.31 
Loss: 0.614313  SIA Ef: -0.049543 Binding: -0.41 0.06 0.01 0.15 0.04 0.44 0.26 -0.02 0.02 -0.11 -0.23  Rvol: 0.54 0.92 1.31 -0.33 -0.27 -0.00 0.25 0.14 0.72 1.13 1.50 -0.28 -0.16 0.08 0.31 
Loss: 0.614107  SIA Ef: -0.044592 Binding: -0.41 0.05 0.02 0.15 0.04 0.44 0.26 -0.02 0.01 -0.11 -0.23  Rvol: 0.54 0.92 1.32 -0.33 -0.27 -0.00 0.25 0.14 0.72 1.14 1.50 -0.28 -0.16 0.08 0.31 
Loss: 0.613925  SIA Ef: -0.041822 Binding: -0.41 0.05 0.02 0.15 0.04 0.44 0.26 -0.02 0.01 -0.11 -0.23  Rvol: 0.54 0.92 1.32 -0.33 -0.27 -0.00 0.25 0.14 0.72 1.14 1.50 -0.28 -0.16 0.08 0.31 
Loss: 0.613759  SIA Ef: -0.040954 Binding: -0.41 0.05 0.03 0.15 0.04 0.44 0.26 -0.02 0.01 -0.11 -0.23  Rvol: 0.54 0.92 1.32 -0.33 -0.27 -0.00 0.25 0.14 0.72 1.14 1.50 -0.28 -0.16 0.08 0.31 
Loss: 0.613631  SIA Ef: -0.039516 Binding: -0.41 0.05 0.03 0.15 0.04 0.44 0.26 -0.02 0.01 -0.11 -0.23  Rvol: 0.54 0.92 1.32 -0.33 -0.27 -0.00 0.25 0.14 0.72 1.14 1.50 -0.28 -0.16 0.08 0.31 
Loss: 0.613479  SIA Ef: -0.039874 Binding: -0.41 0.05 0.03 0.15 0.04 0.44 0.26 -0.02 0.01 -0.11 -0.23  Rvol: 0.54 0.92 1.32 -0.33 -0.27 -0.00 0.25 0.14 0.72 1.14 1.50 -0.28 -0.16 0.08 0.31 
Loss: 0.613354  SIA Ef: -0.040103 Binding: -0.41 0.05 0.03 0.16 0.04 0.44 0.26 -0.02 0.01 -0.11 -0.23  Rvol: 0.54 0.92 1.32 -0.33 -0.27 -0.00 0.25 0.14 0.72 1.14 1.50 -0.28 -0.16 0.08 0.31 
Loss: 0.613239  SIA Ef: -0.037638 Binding: -0.41 0.05 0.03 0.16 0.04 0.44 0.26 -0.02 0.01 -0.11 -0.23  Rvol: 0.54 0.92 1.32 -0.33 -0.27 -0.00 0.25 0.14 0.72 1.14 1.50 -0.28 -0.16 0.08 0.31 
Loss: 0.613183  SIA Ef: -0.036159 Binding: -0.41 0.05 0.03 0.16 0.04 0.44 0.26 -0.02 0.01 -0.11 -0.23  Rvol: 0.54 0.92 1.32 -0.33 -0.27 -0.00 0.25 0.14 0.72 1.14 1.50 -0.28 -0.16 0.08 0.31 
Loss: 0.613131  SIA Ef: -0.033683 Binding: -0.41 0.05 0.03 0.16 0.04 0.44 0.26 -0.02 0.01 -0.11 -0.23  Rvol: 0.54 0.92 1.32 -0.33 -0.27 -0.00 0.25 0.14 0.72 1.14 1.50 -0.28 -0.16 0.08 0.31 
Loss: 0.613077  SIA Ef: -0.032056 Binding: -0.41 0.05 0.04 0.16 0.04 0.44 0.26 -0.02 0.01 -0.11 -0.23  Rvol: 0.54 0.92 1.32 -0.33 -0.27 -0.00 0.25 0.14 0.72 1.14 1.50 -0.28 -0.16 0.08 0.31 
Loss: 0.613019  SIA Ef: -0.033437 Binding: -0.41 0.05 0.04 0.16 0.04 0.44 0.26 -0.02 0.01 -0.11 -0.23  Rvol: 0.54 0.92 1.32 -0.33 -0.27 -0.00 0.25 0.14 0.72 1.14 1.50 -0.28 -0.16 0.08 0.31 
Loss: 0.612954  SIA Ef: -0.035386 Binding: -0.41 0.05 0.04 0.16 0.04 0.44 0.26 -0.02 0.01 -0.11 -0.23  Rvol: 0.54 0.92 1.32 -0.33 -0.27 -0.00 0.25 0.14 0.72 1.14 1.50 -0.28 -0.16 0.08 0.31 
Loss: 0.613050  SIA Ef: -0.032945 Binding: -0.41 0.05 0.04 0.16 0.04 0.44 0.26 -0.02 0.01 -0.11 -0.23  Rvol: 0.54 0.92 1.32 -0.33 -0.27 -0.00 0.25 0.14 0.72 1.14 1.51 -0.28 -0.16 0.08 0.31 
Loss: 0.612930  SIA Ef: -0.035258 Binding: -0.41 0.05 0.04 0.16 0.04 0.44 0.26 -0.02 0.01 -0.11 -0.23  Rvol: 0.54 0.92 1.32 -0.33 -0.27 -0.00 0.25 0.14 0.72 1.14 1.50 -0.28 -0.16 0.08 0.31 
Loss: 0.612681  SIA Ef: -0.039085 Binding: -0.41 0.05 0.03 0.16 0.04 0.44 0.26 -0.02 0.01 -0.11 -0.23  Rvol: 0.54 0.92 1.32 -0.33 -0.27 -0.00 0.25 0.14 0.72 1.14 1.50 -0.28 -0.16 0.08 0.31 
Loss: 0.612511  SIA Ef: -0.041853 Binding: -0.41 0.05 0.03 0.15 0.04 0.44 0.26 -0.02 0.01 -0.11 -0.23  Rvol: 0.54 0.92 1.32 -0.33 -0.27 -0.00 0.25 0.14 0.72 1.14 1.50 -0.28 -0.16 0.08 0.31 
Loss: 0.612415  SIA Ef: -0.043937 Binding: -0.41 0.05 0.03 0.15 0.04 0.44 0.26 -0.02 0.01 -0.11 -0.23  Rvol: 0.54 0.92 1.32 -0.33 -0.27 -0.01 0.25 0.14 0.72 1.13 1.50 -0.28 -0.16 0.08 0.31 
Loss: 0.612422  SIA Ef: -0.048673 Binding: -0.41 0.05 0.02 0.15 0.04 0.44 0.26 -0.02 0.01 -0.11 -0.23  Rvol: 0.54 0.92 1.32 -0.33 -0.27 -0.01 0.25 0.14 0.72 1.13 1.50 -0.28 -0.16 0.08 0.31 
Loss: 0.612408  SIA Ef: -0.043496 Binding: -0.41 0.05 0.03 0.15 0.04 0.44 0.26 -0.02 0.01 -0.11 -0.23  Rvol: 0.54 0.92 1.32 -0.33 -0.27 -0.01 0.25 0.14 0.72 1.13 1.50 -0.28 -0.16 0.08 0.31 
Loss: 0.612481  SIA Ef: -0.047137 Binding: -0.41 0.05 0.02 0.15 0.04 0.44 0.26 -0.02 0.01 -0.11 -0.23  Rvol: 0.54 0.92 1.32 -0.33 -0.27 -0.01 0.25 0.14 0.72 1.13 1.50 -0.28 -0.16 0.08 0.31 
Loss: 0.612431  SIA Ef: -0.044636 Binding: -0.41 0.05 0.03 0.15 0.04 0.44 0.26 -0.02 0.01 -0.11 -0.23  Rvol: 0.54 0.92 1.32 -0.33 -0.27 -0.01 0.25 0.14 0.72 1.13 1.50 -0.28 -0.16 0.08 0.31 
Loss: 0.612409  SIA Ef: -0.044367 Binding: -0.41 0.05 0.03 0.15 0.04 0.44 0.26 -0.02 0.01 -0.11 -0.23  Rvol: 0.54 0.92 1.32 -0.33 -0.27 -0.01 0.25 0.14 0.72 1.13 1.50 -0.28 -0.16 0.08 0.31 
Loss: 0.612368  SIA Ef: -0.043611 Binding: -0.41 0.05 0.03 0.15 0.04 0.44 0.26 -0.02 0.01 -0.11 -0.23  Rvol: 0.54 0.92 1.32 -0.33 -0.27 -0.01 0.25 0.14 0.72 1.13 1.50 -0.28 -0.16 0.08 0.31 
Loss: 0.612259  SIA Ef: -0.041639 Binding: -0.41 0.05 0.03 0.15 0.04 0.44 0.26 -0.02 0.01 -0.11 -0.23  Rvol: 0.54 0.92 1.32 -0.33 -0.27 -0.01 0.25 0.14 0.72 1.13 1.50 -0.28 -0.16 0.08 0.31 
Loss: 0.612265  SIA Ef: -0.042458 Binding: -0.41 0.05 0.03 0.15 0.04 0.44 0.26 -0.02 0.01 -0.11 -0.23  Rvol: 0.54 0.92 1.32 -0.33 -0.27 -0.01 0.25 0.14 0.72 1.13 1.50 -0.28 -0.16 0.08 0.31 
Loss: 0.612213  SIA Ef: -0.041784 Binding: -0.41 0.05 0.03 0.15 0.04 0.44 0.26 -0.02 0.01 -0.11 -0.23  Rvol: 0.54 0.92 1.32 -0.33 -0.27 -0.01 0.25 0.14 0.72 1.13 1.50 -0.28 -0.16 0.08 0.31 
Loss: 0.612043  SIA Ef: -0.039516 Binding: -0.41 0.05 0.03 0.15 0.04 0.44 0.26 -0.02 0.01 -0.11 -0.23  Rvol: 0.54 0.92 1.32 -0.33 -0.27 -0.01 0.25 0.14 0.72 1.13 1.50 -0.28 -0.16 0.08 0.31 
Loss: 0.611903  SIA Ef: -0.036656 Binding: -0.41 0.05 0.03 0.15 0.04 0.44 0.26 -0.02 0.01 -0.11 -0.23  Rvol: 0.54 0.92 1.32 -0.33 -0.27 -0.01 0.25 0.14 0.72 1.13 1.50 -0.28 -0.16 0.08 0.31 
Loss: 0.611829  SIA Ef: -0.036318 Binding: -0.41 0.05 0.03 0.15 0.04 0.44 0.26 -0.02 0.01 -0.11 -0.23  Rvol: 0.54 0.92 1.32 -0.33 -0.27 -0.01 0.25 0.14 0.72 1.13 1.50 -0.28 -0.16 0.08 0.31 
Loss: 0.611668  SIA Ef: -0.037226 Binding: -0.41 0.05 0.03 0.15 0.04 0.44 0.26 -0.02 0.01 -0.11 -0.23  Rvol: 0.54 0.92 1.32 -0.33 -0.27 -0.01 0.25 0.14 0.72 1.13 1.50 -0.28 -0.16 0.08 0.31 
Loss: 0.611528  SIA Ef: -0.038095 Binding: -0.41 0.05 0.03 0.15 0.04 0.44 0.26 -0.02 0.01 -0.11 -0.23  Rvol: 0.54 0.92 1.32 -0.33 -0.27 -0.01 0.25 0.14 0.72 1.13 1.50 -0.28 -0.16 0.08 0.31 
Loss: 0.611407  SIA Ef: -0.036881 Binding: -0.41 0.05 0.03 0.15 0.04 0.44 0.26 -0.02 0.01 -0.11 -0.23  Rvol: 0.54 0.92 1.32 -0.33 -0.27 -0.01 0.25 0.14 0.72 1.13 1.50 -0.28 -0.16 0.08 0.31 
Loss: 0.611339  SIA Ef: -0.034805 Binding: -0.41 0.05 0.03 0.15 0.03 0.44 0.26 -0.02 0.01 -0.11 -0.23  Rvol: 0.54 0.92 1.32 -0.33 -0.27 -0.01 0.25 0.14 0.72 1.13 1.50 -0.28 -0.16 0.08 0.31 
Loss: 0.611194  SIA Ef: -0.038514 Binding: -0.41 0.05 0.02 0.15 0.03 0.44 0.26 -0.02 0.01 -0.11 -0.23  Rvol: 0.54 0.92 1.32 -0.33 -0.27 -0.01 0.25 0.14 0.72 1.13 1.50 -0.28 -0.16 0.08 0.31 
Loss: 0.611138  SIA Ef: -0.039920 Binding: -0.41 0.05 0.02 0.15 0.03 0.44 0.26 -0.02 0.01 -0.11 -0.23  Rvol: 0.54 0.92 1.32 -0.33 -0.27 -0.01 0.25 0.14 0.72 1.13 1.50 -0.28 -0.16 0.08 0.31 
Loss: 0.610993  SIA Ef: -0.041842 Binding: -0.41 0.05 0.02 0.15 0.03 0.44 0.26 -0.02 0.01 -0.11 -0.23  Rvol: 0.54 0.92 1.32 -0.33 -0.27 -0.01 0.25 0.14 0.72 1.13 1.50 -0.28 -0.16 0.08 0.31 
Loss: 0.610872  SIA Ef: -0.042588 Binding: -0.41 0.05 0.02 0.15 0.03 0.44 0.26 -0.02 0.01 -0.11 -0.23  Rvol: 0.54 0.92 1.32 -0.33 -0.27 -0.01 0.25 0.14 0.72 1.13 1.50 -0.28 -0.16 0.08 0.31 
Loss: 0.610803  SIA Ef: -0.043793 Binding: -0.41 0.05 0.02 0.15 0.04 0.44 0.26 -0.02 0.01 -0.11 -0.23  Rvol: 0.54 0.92 1.32 -0.33 -0.27 -0.01 0.25 0.14 0.72 1.13 1.50 -0.28 -0.16 0.08 0.31 
Loss: 0.610865  SIA Ef: -0.048423 Binding: -0.41 0.05 0.02 0.15 0.04 0.44 0.26 -0.02 0.01 -0.11 -0.23  Rvol: 0.54 0.92 1.32 -0.33 -0.27 -0.01 0.25 0.14 0.72 1.13 1.50 -0.28 -0.16 0.08 0.31 
Loss: 0.610827  SIA Ef: -0.044186 Binding: -0.41 0.05 0.02 0.15 0.04 0.44 0.26 -0.02 0.01 -0.11 -0.23  Rvol: 0.54 0.92 1.32 -0.33 -0.27 -0.01 0.25 0.14 0.72 1.13 1.50 -0.28 -0.16 0.08 0.31 
Loss: 0.610635  SIA Ef: -0.041333 Binding: -0.41 0.05 0.02 0.15 0.03 0.44 0.26 -0.02 0.01 -0.11 -0.23  Rvol: 0.54 0.92 1.32 -0.33 -0.27 -0.01 0.25 0.14 0.72 1.13 1.50 -0.28 -0.16 0.08 0.31 
Loss: 0.610540  SIA Ef: -0.038884 Binding: -0.41 0.05 0.02 0.15 0.03 0.44 0.26 -0.02 0.01 -0.11 -0.23  Rvol: 0.54 0.92 1.32 -0.33 -0.27 -0.01 0.25 0.14 0.72 1.13 1.50 -0.28 -0.16 0.08 0.31 
Loss: 0.610446  SIA Ef: -0.039494 Binding: -0.41 0.05 0.02 0.15 0.03 0.44 0.26 -0.02 0.01 -0.11 -0.23  Rvol: 0.54 0.92 1.32 -0.33 -0.27 -0.01 0.25 0.14 0.72 1.13 1.50 -0.28 -0.16 0.08 0.31 
Loss: 0.610421  SIA Ef: -0.041668 Binding: -0.41 0.05 0.02 0.15 0.03 0.44 0.26 -0.02 0.01 -0.11 -0.23  Rvol: 0.54 0.92 1.32 -0.33 -0.27 -0.01 0.25 0.14 0.72 1.13 1.50 -0.28 -0.16 0.08 0.31 
Loss: 0.610403  SIA Ef: -0.041641 Binding: -0.41 0.05 0.02 0.15 0.03 0.44 0.26 -0.02 0.01 -0.11 -0.23  Rvol: 0.54 0.92 1.32 -0.33 -0.27 -0.01 0.25 0.14 0.72 1.13 1.50 -0.28 -0.16 0.08 0.31 
Loss: 0.610305  SIA Ef: -0.037583 Binding: -0.41 0.05 0.03 0.15 0.03 0.44 0.26 -0.02 0.01 -0.11 -0.23  Rvol: 0.54 0.92 1.32 -0.33 -0.27 -0.01 0.25 0.14 0.72 1.13 1.50 -0.28 -0.16 0.08 0.31 
Loss: 0.610248  SIA Ef: -0.034544 Binding: -0.41 0.05 0.03 0.15 0.03 0.44 0.26 -0.02 0.01 -0.11 -0.23  Rvol: 0.55 0.92 1.32 -0.33 -0.27 -0.01 0.25 0.14 0.72 1.13 1.51 -0.28 -0.16 0.08 0.31 
Loss: 0.610219  SIA Ef: -0.032934 Binding: -0.41 0.05 0.03 0.15 0.03 0.44 0.26 -0.02 0.01 -0.11 -0.23  Rvol: 0.55 0.92 1.32 -0.33 -0.27 -0.01 0.25 0.14 0.72 1.13 1.51 -0.28 -0.16 0.08 0.31 
Loss: 0.610240  SIA Ef: -0.031258 Binding: -0.41 0.05 0.03 0.15 0.03 0.44 0.26 -0.02 0.01 -0.11 -0.23  Rvol: 0.55 0.92 1.32 -0.33 -0.27 -0.01 0.25 0.14 0.72 1.13 1.51 -0.28 -0.16 0.08 0.31 
Loss: 0.610169  SIA Ef: -0.034045 Binding: -0.41 0.05 0.03 0.15 0.03 0.44 0.26 -0.02 0.01 -0.11 -0.23  Rvol: 0.55 0.92 1.32 -0.33 -0.27 -0.01 0.25 0.14 0.72 1.13 1.51 -0.28 -0.16 0.08 0.31 
Loss: 0.609981  SIA Ef: -0.036959 Binding: -0.41 0.05 0.03 0.15 0.03 0.44 0.26 -0.02 0.01 -0.11 -0.23  Rvol: 0.55 0.92 1.32 -0.33 -0.27 -0.01 0.25 0.14 0.72 1.13 1.50 -0.28 -0.16 0.08 0.31 
Loss: 0.609812  SIA Ef: -0.038850 Binding: -0.41 0.05 0.03 0.15 0.03 0.44 0.26 -0.02 0.01 -0.11 -0.23  Rvol: 0.55 0.92 1.32 -0.33 -0.27 -0.01 0.25 0.14 0.72 1.13 1.50 -0.28 -0.16 0.08 0.31 
Loss: 0.609703  SIA Ef: -0.041444 Binding: -0.41 0.05 0.03 0.15 0.03 0.44 0.26 -0.02 0.01 -0.11 -0.23  Rvol: 0.54 0.92 1.32 -0.33 -0.27 -0.01 0.25 0.14 0.72 1.13 1.50 -0.28 -0.16 0.08 0.31 
Loss: 0.609573  SIA Ef: -0.041359 Binding: -0.41 0.05 0.03 0.15 0.03 0.44 0.26 -0.02 0.01 -0.11 -0.23  Rvol: 0.54 0.92 1.32 -0.33 -0.27 -0.01 0.25 0.14 0.72 1.13 1.50 -0.28 -0.16 0.08 0.31 
Loss: 0.609479  SIA Ef: -0.043203 Binding: -0.41 0.05 0.02 0.15 0.03 0.44 0.26 -0.02 0.01 -0.11 -0.23  Rvol: 0.54 0.92 1.32 -0.33 -0.27 -0.01 0.25 0.14 0.72 1.13 1.50 -0.28 -0.16 0.08 0.31 
Loss: 0.609428  SIA Ef: -0.041113 Binding: -0.41 0.05 0.02 0.15 0.03 0.44 0.26 -0.02 0.01 -0.11 -0.23  Rvol: 0.54 0.92 1.32 -0.33 -0.27 -0.01 0.25 0.14 0.72 1.13 1.50 -0.28 -0.16 0.08 0.31 
Loss: 0.609424  SIA Ef: -0.040347 Binding: -0.41 0.05 0.03 0.15 0.03 0.44 0.26 -0.02 0.01 -0.11 -0.23  Rvol: 0.55 0.92 1.32 -0.33 -0.27 -0.01 0.25 0.14 0.72 1.13 1.50 -0.28 -0.16 0.08 0.31 
Loss: 0.609341  SIA Ef: -0.044360 Binding: -0.41 0.05 0.02 0.15 0.03 0.44 0.26 -0.02 0.01 -0.11 -0.23  Rvol: 0.54 0.92 1.32 -0.33 -0.27 -0.01 0.25 0.14 0.72 1.13 1.50 -0.28 -0.16 0.08 0.31 
Loss: 0.609243  SIA Ef: -0.043212 Binding: -0.41 0.05 0.02 0.15 0.03 0.44 0.26 -0.02 0.01 -0.11 -0.23  Rvol: 0.54 0.92 1.32 -0.33 -0.27 -0.01 0.25 0.14 0.72 1.13 1.50 -0.28 -0.16 0.08 0.31 
Loss: 0.609232  SIA Ef: -0.044306 Binding: -0.41 0.05 0.02 0.15 0.03 0.44 0.26 -0.02 0.01 -0.11 -0.23  Rvol: 0.54 0.92 1.32 -0.33 -0.27 -0.01 0.25 0.14 0.72 1.13 1.50 -0.28 -0.16 0.08 0.31 
Loss: 0.609191  SIA Ef: -0.043571 Binding: -0.41 0.05 0.02 0.15 0.03 0.44 0.26 -0.02 0.01 -0.11 -0.23  Rvol: 0.54 0.92 1.32 -0.33 -0.27 -0.01 0.25 0.14 0.72 1.13 1.50 -0.28 -0.16 0.08 0.31 
Loss: 0.608995  SIA Ef: -0.041524 Binding: -0.41 0.05 0.02 0.15 0.03 0.44 0.26 -0.02 0.01 -0.11 -0.23  Rvol: 0.54 0.92 1.32 -0.33 -0.27 -0.01 0.25 0.14 0.72 1.13 1.50 -0.28 -0.16 0.08 0.31 
Loss: 0.608809  SIA Ef: -0.039759 Binding: -0.41 0.05 0.03 0.15 0.03 0.44 0.26 -0.02 0.01 -0.11 -0.23  Rvol: 0.55 0.92 1.32 -0.33 -0.27 -0.01 0.25 0.14 0.72 1.13 1.50 -0.28 -0.16 0.08 0.31 
Loss: 0.608643  SIA Ef: -0.038232 Binding: -0.41 0.05 0.03 0.15 0.03 0.44 0.26 -0.02 0.01 -0.11 -0.23  Rvol: 0.55 0.92 1.32 -0.33 -0.27 -0.01 0.25 0.14 0.72 1.13 1.50 -0.28 -0.16 0.08 0.31 
Loss: 0.608473  SIA Ef: -0.036756 Binding: -0.41 0.05 0.03 0.15 0.03 0.44 0.26 -0.02 0.01 -0.11 -0.23  Rvol: 0.55 0.92 1.32 -0.33 -0.27 -0.01 0.25 0.14 0.72 1.13 1.51 -0.28 -0.16 0.08 0.31 
Loss: 0.608359  SIA Ef: -0.035724 Binding: -0.41 0.05 0.03 0.15 0.03 0.44 0.26 -0.02 0.01 -0.11 -0.23  Rvol: 0.55 0.92 1.32 -0.33 -0.27 -0.01 0.25 0.14 0.72 1.13 1.51 -0.28 -0.16 0.08 0.31 
Loss: 0.608301  SIA Ef: -0.034662 Binding: -0.41 0.05 0.03 0.15 0.03 0.44 0.26 -0.02 0.01 -0.11 -0.23  Rvol: 0.55 0.92 1.32 -0.33 -0.27 -0.01 0.25 0.14 0.72 1.13 1.51 -0.28 -0.16 0.08 0.31 
Loss: 0.608389  SIA Ef: -0.032046 Binding: -0.41 0.05 0.03 0.15 0.03 0.44 0.26 -0.02 0.01 -0.11 -0.23  Rvol: 0.55 0.92 1.32 -0.33 -0.27 -0.01 0.25 0.14 0.72 1.13 1.51 -0.28 -0.16 0.08 0.31 
Loss: 0.608337  SIA Ef: -0.035610 Binding: -0.41 0.05 0.03 0.15 0.03 0.44 0.26 -0.02 0.01 -0.11 -0.23  Rvol: 0.55 0.92 1.32 -0.33 -0.27 -0.01 0.25 0.14 0.72 1.13 1.51 -0.28 -0.16 0.08 0.31 
Loss: 0.608234  SIA Ef: -0.034964 Binding: -0.41 0.05 0.03 0.15 0.03 0.44 0.26 -0.02 0.01 -0.11 -0.23  Rvol: 0.55 0.92 1.32 -0.33 -0.27 -0.01 0.25 0.14 0.72 1.13 1.51 -0.28 -0.16 0.08 0.31 
Loss: 0.608254  SIA Ef: -0.033727 Binding: -0.41 0.05 0.03 0.15 0.03 0.44 0.26 -0.02 0.01 -0.11 -0.23  Rvol: 0.55 0.92 1.32 -0.33 -0.27 -0.01 0.25 0.14 0.72 1.13 1.51 -0.28 -0.16 0.08 0.31 
Loss: 0.608200  SIA Ef: -0.035186 Binding: -0.41 0.05 0.03 0.15 0.03 0.44 0.26 -0.02 0.01 -0.11 -0.23  Rvol: 0.55 0.92 1.32 -0.33 -0.27 -0.01 0.25 0.14 0.72 1.13 1.51 -0.28 -0.16 0.08 0.31 
Loss: 0.608255  SIA Ef: -0.034491 Binding: -0.41 0.05 0.03 0.15 0.03 0.44 0.26 -0.02 0.01 -0.11 -0.23  Rvol: 0.55 0.92 1.32 -0.33 -0.27 -0.01 0.25 0.14 0.72 1.13 1.51 -0.28 -0.16 0.08 0.31 
Loss: 0.608073  SIA Ef: -0.039699 Binding: -0.41 0.05 0.03 0.15 0.03 0.44 0.26 -0.02 0.01 -0.11 -0.23  Rvol: 0.55 0.92 1.32 -0.33 -0.27 -0.01 0.25 0.14 0.72 1.13 1.51 -0.28 -0.16 0.08 0.31 
Loss: 0.608006  SIA Ef: -0.038860 Binding: -0.41 0.05 0.03 0.15 0.03 0.44 0.26 -0.02 0.01 -0.11 -0.23  Rvol: 0.55 0.92 1.32 -0.33 -0.27 -0.01 0.25 0.14 0.72 1.13 1.51 -0.28 -0.16 0.08 0.31 
Loss: 0.607906  SIA Ef: -0.042367 Binding: -0.41 0.05 0.03 0.15 0.03 0.44 0.26 -0.02 0.01 -0.11 -0.23  Rvol: 0.55 0.92 1.32 -0.33 -0.27 -0.01 0.25 0.14 0.72 1.13 1.50 -0.28 -0.16 0.08 0.31 
Loss: 0.607971  SIA Ef: -0.045688 Binding: -0.41 0.05 0.03 0.15 0.03 0.44 0.26 -0.02 0.01 -0.11 -0.23  Rvol: 0.55 0.92 1.32 -0.33 -0.27 -0.01 0.25 0.14 0.72 1.13 1.50 -0.28 -0.16 0.08 0.31 
Loss: 0.607889  SIA Ef: -0.041248 Binding: -0.41 0.05 0.03 0.15 0.03 0.44 0.26 -0.02 0.01 -0.11 -0.23  Rvol: 0.55 0.92 1.32 -0.33 -0.27 -0.01 0.25 0.14 0.72 1.13 1.50 -0.28 -0.16 0.08 0.31 
Loss: 0.607875  SIA Ef: -0.041412 Binding: -0.41 0.05 0.03 0.15 0.03 0.44 0.26 -0.02 0.01 -0.11 -0.23  Rvol: 0.55 0.92 1.32 -0.33 -0.27 -0.01 0.25 0.14 0.72 1.13 1.50 -0.28 -0.16 0.08 0.31 
Loss: 0.607833  SIA Ef: -0.042213 Binding: -0.41 0.05 0.03 0.15 0.03 0.44 0.26 -0.02 0.01 -0.11 -0.23  Rvol: 0.55 0.92 1.32 -0.33 -0.27 -0.01 0.25 0.14 0.72 1.13 1.50 -0.28 -0.16 0.08 0.31 
Loss: 0.607968  SIA Ef: -0.045138 Binding: -0.41 0.05 0.02 0.15 0.03 0.44 0.26 -0.02 0.01 -0.11 -0.23  Rvol: 0.55 0.92 1.32 -0.33 -0.27 -0.01 0.25 0.14 0.72 1.13 1.50 -0.28 -0.16 0.08 0.31 
Loss: 0.607838  SIA Ef: -0.041446 Binding: -0.41 0.05 0.03 0.15 0.03 0.44 0.26 -0.02 0.01 -0.11 -0.23  Rvol: 0.55 0.92 1.32 -0.33 -0.27 -0.01 0.25 0.14 0.72 1.13 1.50 -0.28 -0.16 0.08 0.31 
Loss: 0.607913  SIA Ef: -0.040859 Binding: -0.41 0.05 0.03 0.15 0.03 0.44 0.26 -0.02 0.01 -0.11 -0.23  Rvol: 0.55 0.92 1.32 -0.33 -0.27 -0.01 0.25 0.14 0.72 1.13 1.50 -0.28 -0.16 0.08 0.31 
Loss: 0.607791  SIA Ef: -0.043232 Binding: -0.41 0.05 0.03 0.15 0.03 0.44 0.26 -0.02 0.01 -0.11 -0.23  Rvol: 0.55 0.92 1.32 -0.33 -0.27 -0.01 0.25 0.14 0.72 1.13 1.50 -0.28 -0.16 0.08 0.31 
Loss: 0.607696  SIA Ef: -0.041724 Binding: -0.41 0.05 0.03 0.15 0.03 0.44 0.26 -0.02 0.01 -0.11 -0.23  Rvol: 0.55 0.92 1.32 -0.33 -0.27 -0.01 0.25 0.14 0.72 1.13 1.50 -0.28 -0.16 0.08 0.31 
Loss: 0.607728  SIA Ef: -0.043977 Binding: -0.40 0.05 0.03 0.15 0.03 0.44 0.25 -0.02 0.01 -0.11 -0.23  Rvol: 0.55 0.92 1.32 -0.33 -0.27 -0.01 0.25 0.14 0.72 1.13 1.50 -0.28 -0.16 0.08 0.31 
Loss: 0.607721  SIA Ef: -0.039704 Binding: -0.40 0.05 0.03 0.15 0.03 0.44 0.26 -0.02 0.01 -0.11 -0.23  Rvol: 0.55 0.92 1.32 -0.33 -0.27 -0.01 0.25 0.14 0.72 1.13 1.51 -0.28 -0.16 0.08 0.31 
Loss: 0.607796  SIA Ef: -0.041429 Binding: -0.40 0.05 0.04 0.15 0.03 0.44 0.26 -0.02 0.01 -0.11 -0.23  Rvol: 0.55 0.92 1.32 -0.33 -0.27 -0.01 0.25 0.14 0.72 1.13 1.51 -0.28 -0.16 0.08 0.31 
Loss: 0.607741  SIA Ef: -0.042810 Binding: -0.40 0.05 0.03 0.15 0.03 0.44 0.26 -0.02 0.01 -0.11 -0.23  Rvol: 0.55 0.92 1.32 -0.33 -0.27 -0.01 0.25 0.14 0.72 1.13 1.50 -0.28 -0.16 0.08 0.31 
Loss: 0.607665  SIA Ef: -0.042336 Binding: -0.41 0.05 0.03 0.15 0.03 0.44 0.26 -0.02 0.01 -0.11 -0.23  Rvol: 0.55 0.92 1.32 -0.33 -0.27 -0.01 0.25 0.14 0.72 1.13 1.50 -0.28 -0.16 0.08 0.31 
Loss: 0.607592  SIA Ef: -0.043541 Binding: -0.41 0.05 0.03 0.15 0.03 0.44 0.26 -0.02 0.01 -0.11 -0.23  Rvol: 0.55 0.92 1.32 -0.33 -0.27 -0.01 0.25 0.14 0.72 1.13 1.50 -0.28 -0.16 0.08 0.31 
Loss: 0.607544  SIA Ef: -0.043422 Binding: -0.41 0.05 0.03 0.15 0.03 0.44 0.25 -0.02 0.01 -0.11 -0.23  Rvol: 0.55 0.92 1.32 -0.33 -0.27 -0.01 0.25 0.14 0.72 1.13 1.50 -0.28 -0.16 0.08 0.31 
Loss: 0.607479  SIA Ef: -0.043268 Binding: -0.40 0.05 0.03 0.15 0.03 0.44 0.25 -0.02 0.01 -0.11 -0.23  Rvol: 0.55 0.92 1.32 -0.33 -0.27 -0.01 0.25 0.14 0.72 1.13 1.50 -0.28 -0.16 0.08 0.31 
Loss: 0.607473  SIA Ef: -0.043123 Binding: -0.40 0.05 0.03 0.15 0.03 0.44 0.25 -0.02 0.01 -0.11 -0.23  Rvol: 0.55 0.92 1.32 -0.33 -0.27 -0.01 0.25 0.14 0.72 1.13 1.50 -0.28 -0.16 0.08 0.31 
Loss: 0.607460  SIA Ef: -0.042537 Binding: -0.40 0.05 0.03 0.15 0.03 0.44 0.25 -0.02 0.01 -0.11 -0.23  Rvol: 0.55 0.92 1.32 -0.33 -0.27 -0.01 0.25 0.14 0.72 1.13 1.50 -0.28 -0.16 0.08 0.31 
Loss: 0.607370  SIA Ef: -0.042481 Binding: -0.40 0.05 0.03 0.15 0.03 0.44 0.25 -0.02 0.01 -0.11 -0.23  Rvol: 0.55 0.92 1.32 -0.33 -0.27 -0.01 0.25 0.14 0.72 1.13 1.50 -0.28 -0.16 0.08 0.31 
Loss: 0.607325  SIA Ef: -0.043105 Binding: -0.40 0.05 0.03 0.15 0.03 0.44 0.25 -0.02 0.01 -0.11 -0.23  Rvol: 0.55 0.92 1.32 -0.33 -0.27 -0.01 0.25 0.14 0.72 1.13 1.50 -0.28 -0.16 0.08 0.31 
Loss: 0.607249  SIA Ef: -0.043715 Binding: -0.40 0.05 0.03 0.15 0.03 0.44 0.25 -0.02 0.01 -0.11 -0.23  Rvol: 0.55 0.92 1.32 -0.33 -0.27 -0.01 0.25 0.14 0.72 1.13 1.50 -0.28 -0.16 0.08 0.31 
Loss: 0.607236  SIA Ef: -0.044708 Binding: -0.40 0.05 0.03 0.15 0.03 0.44 0.25 -0.02 0.01 -0.11 -0.23  Rvol: 0.55 0.92 1.32 -0.33 -0.27 -0.01 0.25 0.14 0.72 1.13 1.50 -0.28 -0.16 0.08 0.31 
Loss: 0.607228  SIA Ef: -0.044274 Binding: -0.40 0.05 0.03 0.15 0.03 0.44 0.25 -0.02 0.01 -0.11 -0.23  Rvol: 0.55 0.92 1.32 -0.33 -0.27 -0.01 0.25 0.14 0.72 1.13 1.50 -0.28 -0.16 0.08 0.31 
Loss: 0.607188  SIA Ef: -0.042367 Binding: -0.40 0.05 0.03 0.15 0.03 0.44 0.25 -0.02 0.01 -0.11 -0.23  Rvol: 0.55 0.92 1.32 -0.33 -0.27 -0.01 0.25 0.14 0.72 1.13 1.50 -0.28 -0.16 0.08 0.31 
Loss: 0.607144  SIA Ef: -0.041200 Binding: -0.40 0.05 0.03 0.15 0.03 0.44 0.25 -0.02 0.01 -0.11 -0.23  Rvol: 0.55 0.92 1.32 -0.33 -0.27 -0.01 0.25 0.14 0.72 1.13 1.51 -0.28 -0.16 0.08 0.31 
Loss: 0.607124  SIA Ef: -0.041610 Binding: -0.40 0.05 0.03 0.15 0.03 0.44 0.25 -0.02 0.01 -0.11 -0.23  Rvol: 0.55 0.92 1.32 -0.33 -0.27 -0.01 0.25 0.14 0.72 1.13 1.51 -0.28 -0.16 0.08 0.31 
Loss: 0.607123  SIA Ef: -0.041542 Binding: -0.40 0.05 0.03 0.15 0.03 0.44 0.25 -0.02 0.01 -0.11 -0.23  Rvol: 0.55 0.92 1.32 -0.33 -0.27 -0.01 0.25 0.14 0.72 1.13 1.50 -0.28 -0.16 0.08 0.31 
Loss: 0.607097  SIA Ef: -0.042052 Binding: -0.40 0.05 0.03 0.15 0.03 0.44 0.25 -0.02 0.01 -0.11 -0.23  Rvol: 0.55 0.92 1.32 -0.33 -0.27 -0.01 0.25 0.14 0.72 1.13 1.50 -0.28 -0.16 0.08 0.31 
Loss: 0.607068  SIA Ef: -0.041421 Binding: -0.40 0.05 0.03 0.15 0.03 0.44 0.25 -0.02 0.01 -0.11 -0.23  Rvol: 0.55 0.92 1.32 -0.33 -0.27 -0.01 0.25 0.14 0.72 1.13 1.51 -0.28 -0.16 0.08 0.31 
Loss: 0.607009  SIA Ef: -0.042278 Binding: -0.40 0.05 0.03 0.15 0.03 0.44 0.25 -0.02 0.01 -0.11 -0.23  Rvol: 0.55 0.92 1.32 -0.33 -0.27 -0.01 0.25 0.14 0.72 1.13 1.50 -0.28 -0.16 0.08 0.31 
Loss: 0.607030  SIA Ef: -0.042004 Binding: -0.40 0.05 0.03 0.15 0.03 0.44 0.25 -0.02 0.01 -0.11 -0.23  Rvol: 0.55 0.92 1.32 -0.33 -0.27 -0.01 0.25 0.14 0.72 1.13 1.51 -0.28 -0.16 0.08 0.31 
Loss: 0.607003  SIA Ef: -0.042731 Binding: -0.40 0.05 0.03 0.15 0.03 0.44 0.25 -0.02 0.01 -0.11 -0.23  Rvol: 0.55 0.92 1.32 -0.33 -0.27 -0.01 0.25 0.14 0.72 1.13 1.50 -0.28 -0.16 0.08 0.31 
Loss: 0.606902  SIA Ef: -0.042887 Binding: -0.40 0.05 0.03 0.15 0.03 0.44 0.25 -0.02 0.01 -0.11 -0.23  Rvol: 0.55 0.92 1.32 -0.33 -0.27 -0.01 0.25 0.14 0.72 1.13 1.50 -0.28 -0.16 0.08 0.31 
Loss: 0.606883  SIA Ef: -0.042512 Binding: -0.40 0.05 0.03 0.15 0.03 0.44 0.25 -0.02 0.01 -0.11 -0.23  Rvol: 0.55 0.92 1.32 -0.33 -0.27 -0.01 0.25 0.14 0.72 1.13 1.50 -0.28 -0.16 0.08 0.31 
Loss: 0.606851  SIA Ef: -0.044151 Binding: -0.40 0.05 0.03 0.15 0.03 0.44 0.25 -0.02 0.01 -0.11 -0.23  Rvol: 0.55 0.92 1.32 -0.33 -0.27 -0.01 0.25 0.14 0.72 1.13 1.50 -0.28 -0.16 0.08 0.31 
Loss: 0.606783  SIA Ef: -0.044839 Binding: -0.40 0.06 0.03 0.15 0.03 0.44 0.25 -0.02 0.01 -0.11 -0.23  Rvol: 0.55 0.92 1.32 -0.33 -0.27 -0.01 0.25 0.14 0.72 1.13 1.50 -0.28 -0.16 0.08 0.31 
Loss: 0.606753  SIA Ef: -0.045545 Binding: -0.40 0.06 0.03 0.15 0.04 0.44 0.25 -0.02 0.01 -0.11 -0.23  Rvol: 0.55 0.92 1.32 -0.33 -0.27 -0.01 0.25 0.14 0.72 1.13 1.50 -0.28 -0.16 0.08 0.31 
Loss: 0.606739  SIA Ef: -0.045937 Binding: -0.40 0.06 0.03 0.15 0.04 0.44 0.25 -0.02 0.01 -0.11 -0.23  Rvol: 0.55 0.92 1.32 -0.33 -0.27 -0.01 0.25 0.14 0.72 1.13 1.50 -0.28 -0.16 0.08 0.31 
Loss: 0.606741  SIA Ef: -0.045427 Binding: -0.40 0.06 0.03 0.15 0.04 0.44 0.25 -0.02 0.01 -0.11 -0.23  Rvol: 0.55 0.92 1.32 -0.33 -0.27 -0.01 0.25 0.14 0.72 1.13 1.50 -0.28 -0.16 0.08 0.31 
Loss: 0.606731  SIA Ef: -0.045737 Binding: -0.40 0.06 0.03 0.15 0.04 0.44 0.25 -0.02 0.01 -0.11 -0.23  Rvol: 0.55 0.92 1.32 -0.33 -0.27 -0.01 0.25 0.14 0.72 1.13 1.50 -0.28 -0.16 0.08 0.31 
Loss: 0.606732  SIA Ef: -0.046140 Binding: -0.40 0.06 0.03 0.15 0.04 0.44 0.25 -0.02 0.01 -0.11 -0.23  Rvol: 0.55 0.92 1.32 -0.33 -0.27 -0.01 0.25 0.14 0.72 1.13 1.50 -0.28 -0.16 0.08 0.31 
Loss: 0.606753  SIA Ef: -0.048481 Binding: -0.40 0.06 0.03 0.15 0.04 0.44 0.25 -0.02 0.01 -0.11 -0.23  Rvol: 0.55 0.92 1.32 -0.33 -0.27 -0.01 0.25 0.14 0.72 1.13 1.50 -0.28 -0.16 0.08 0.31 
Loss: 0.606732  SIA Ef: -0.045584 Binding: -0.40 0.06 0.03 0.15 0.04 0.44 0.25 -0.02 0.01 -0.11 -0.23  Rvol: 0.55 0.92 1.32 -0.33 -0.27 -0.01 0.25 0.14 0.72 1.13 1.50 -0.28 -0.16 0.08 0.31 
Loss: 0.606709  SIA Ef: -0.045613 Binding: -0.40 0.06 0.03 0.15 0.04 0.44 0.25 -0.02 0.01 -0.11 -0.23  Rvol: 0.55 0.92 1.32 -0.33 -0.27 -0.01 0.25 0.14 0.72 1.13 1.50 -0.28 -0.16 0.08 0.31 
Loss: 0.606676  SIA Ef: -0.046445 Binding: -0.40 0.06 0.03 0.15 0.04 0.44 0.25 -0.02 0.01 -0.11 -0.23  Rvol: 0.55 0.92 1.32 -0.33 -0.27 -0.01 0.25 0.14 0.72 1.13 1.50 -0.28 -0.16 0.08 0.31 
Loss: 0.606765  SIA Ef: -0.047174 Binding: -0.40 0.06 0.03 0.16 0.04 0.44 0.25 -0.02 0.01 -0.11 -0.23  Rvol: 0.55 0.92 1.32 -0.33 -0.27 -0.01 0.25 0.14 0.72 1.13 1.50 -0.28 -0.16 0.08 0.31 
Loss: 0.606671  SIA Ef: -0.046446 Binding: -0.40 0.06 0.03 0.15 0.04 0.44 0.25 -0.02 0.01 -0.11 -0.23  Rvol: 0.55 0.92 1.32 -0.33 -0.27 -0.01 0.25 0.14 0.72 1.13 1.50 -0.28 -0.16 0.08 0.31 
Loss: 0.606568  SIA Ef: -0.045576 Binding: -0.40 0.06 0.03 0.15 0.04 0.44 0.25 -0.02 0.01 -0.11 -0.23  Rvol: 0.55 0.92 1.32 -0.33 -0.27 -0.01 0.25 0.14 0.72 1.13 1.50 -0.28 -0.16 0.08 0.31 
Loss: 0.606483  SIA Ef: -0.044707 Binding: -0.40 0.06 0.03 0.15 0.04 0.44 0.25 -0.02 0.01 -0.11 -0.23  Rvol: 0.55 0.92 1.32 -0.33 -0.27 -0.01 0.25 0.14 0.72 1.13 1.50 -0.28 -0.16 0.08 0.31 
Loss: 0.606450  SIA Ef: -0.043951 Binding: -0.40 0.06 0.03 0.15 0.04 0.44 0.25 -0.02 0.01 -0.11 -0.23  Rvol: 0.55 0.92 1.32 -0.33 -0.27 -0.01 0.25 0.14 0.72 1.13 1.50 -0.28 -0.16 0.08 0.31 
Loss: 0.606461  SIA Ef: -0.044187 Binding: -0.40 0.06 0.03 0.15 0.04 0.44 0.25 -0.02 0.01 -0.11 -0.23  Rvol: 0.55 0.92 1.32 -0.33 -0.27 -0.01 0.25 0.14 0.72 1.13 1.50 -0.28 -0.16 0.08 0.31 
Loss: 0.606485  SIA Ef: -0.043865 Binding: -0.40 0.06 0.03 0.15 0.04 0.44 0.25 -0.02 0.01 -0.11 -0.23  Rvol: 0.55 0.92 1.32 -0.33 -0.27 -0.01 0.25 0.14 0.72 1.13 1.50 -0.28 -0.16 0.08 0.31 
Loss: 0.606420  SIA Ef: -0.043350 Binding: -0.40 0.06 0.03 0.15 0.04 0.44 0.25 -0.02 0.01 -0.11 -0.23  Rvol: 0.55 0.92 1.32 -0.33 -0.27 -0.01 0.25 0.14 0.72 1.13 1.50 -0.28 -0.16 0.08 0.31 
Loss: 0.606402  SIA Ef: -0.041929 Binding: -0.40 0.06 0.03 0.15 0.04 0.44 0.25 -0.02 0.01 -0.11 -0.23  Rvol: 0.55 0.92 1.32 -0.33 -0.27 -0.01 0.25 0.14 0.72 1.13 1.51 -0.28 -0.16 0.08 0.31 
Loss: 0.606403  SIA Ef: -0.041220 Binding: -0.40 0.06 0.03 0.15 0.04 0.44 0.25 -0.02 0.01 -0.11 -0.23  Rvol: 0.55 0.92 1.32 -0.33 -0.27 -0.01 0.25 0.14 0.72 1.13 1.51 -0.28 -0.16 0.08 0.31 
Loss: 0.606408  SIA Ef: -0.042445 Binding: -0.40 0.06 0.03 0.15 0.04 0.44 0.25 -0.02 0.01 -0.11 -0.23  Rvol: 0.55 0.92 1.32 -0.33 -0.27 -0.01 0.25 0.14 0.72 1.13 1.51 -0.28 -0.16 0.08 0.31 
Loss: 0.606367  SIA Ef: -0.042376 Binding: -0.40 0.06 0.03 0.15 0.04 0.44 0.25 -0.02 0.01 -0.11 -0.23  Rvol: 0.55 0.92 1.32 -0.33 -0.27 -0.01 0.25 0.14 0.72 1.13 1.51 -0.28 -0.16 0.08 0.31 
Loss: 0.606368  SIA Ef: -0.042532 Binding: -0.40 0.06 0.03 0.15 0.04 0.44 0.25 -0.02 0.01 -0.11 -0.23  Rvol: 0.55 0.92 1.32 -0.33 -0.27 -0.01 0.25 0.14 0.72 1.13 1.51 -0.28 -0.16 0.08 0.31 
Loss: 0.606392  SIA Ef: -0.041014 Binding: -0.40 0.06 0.03 0.15 0.04 0.44 0.25 -0.02 0.01 -0.11 -0.23  Rvol: 0.55 0.92 1.32 -0.33 -0.27 -0.01 0.25 0.14 0.72 1.13 1.51 -0.28 -0.16 0.08 0.31 
Loss: 0.606372  SIA Ef: -0.041772 Binding: -0.40 0.06 0.04 0.16 0.04 0.44 0.25 -0.02 0.01 -0.11 -0.23  Rvol: 0.55 0.92 1.32 -0.33 -0.27 -0.01 0.25 0.14 0.72 1.13 1.51 -0.28 -0.16 0.08 0.31 
Loss: 0.606401  SIA Ef: -0.042563 Binding: -0.40 0.06 0.03 0.15 0.04 0.44 0.25 -0.02 0.01 -0.11 -0.23  Rvol: 0.55 0.92 1.32 -0.33 -0.27 -0.01 0.25 0.14 0.72 1.13 1.51 -0.28 -0.16 0.08 0.31 
Loss: 0.606359  SIA Ef: -0.042429 Binding: -0.40 0.06 0.03 0.15 0.04 0.44 0.25 -0.02 0.01 -0.11 -0.23  Rvol: 0.55 0.92 1.32 -0.33 -0.27 -0.01 0.25 0.14 0.72 1.13 1.51 -0.28 -0.16 0.08 0.31 
Loss: 0.606361  SIA Ef: -0.041987 Binding: -0.40 0.06 0.03 0.15 0.04 0.44 0.25 -0.02 0.01 -0.11 -0.23  Rvol: 0.55 0.92 1.32 -0.33 -0.27 -0.01 0.25 0.14 0.72 1.13 1.51 -0.28 -0.16 0.08 0.31 
Loss: 0.606362  SIA Ef: -0.042566 Binding: -0.40 0.06 0.03 0.15 0.04 0.44 0.25 -0.02 0.01 -0.11 -0.23  Rvol: 0.55 0.92 1.32 -0.33 -0.27 -0.01 0.25 0.14 0.72 1.13 1.51 -0.28 -0.16 0.08 0.31 
Loss: 0.606358  SIA Ef: -0.042462 Binding: -0.40 0.06 0.03 0.15 0.04 0.44 0.25 -0.02 0.01 -0.11 -0.23  Rvol: 0.55 0.92 1.32 -0.33 -0.27 -0.01 0.25 0.14 0.72 1.13 1.51 -0.28 -0.16 0.08 0.31 
Loss: 0.606356  SIA Ef: -0.042450 Binding: -0.40 0.06 0.03 0.15 0.04 0.44 0.25 -0.02 0.01 -0.11 -0.23  Rvol: 0.55 0.92 1.32 -0.33 -0.27 -0.01 0.25 0.14 0.72 1.13 1.51 -0.28 -0.16 0.08 0.31 
Loss: 0.606358  SIA Ef: -0.043519 Binding: -0.40 0.06 0.03 0.15 0.04 0.44 0.25 -0.02 0.01 -0.11 -0.23  Rvol: 0.55 0.92 1.32 -0.33 -0.27 -0.01 0.25 0.14 0.72 1.13 1.50 -0.28 -0.16 0.08 0.31 
Loss: 0.606360  SIA Ef: -0.042616 Binding: -0.40 0.06 0.03 0.15 0.04 0.44 0.25 -0.02 0.01 -0.11 -0.23  Rvol: 0.55 0.92 1.32 -0.33 -0.27 -0.01 0.25 0.14 0.72 1.13 1.51 -0.28 -0.16 0.08 0.31 
Loss: 0.606366  SIA Ef: -0.041776 Binding: -0.40 0.06 0.03 0.15 0.04 0.44 0.25 -0.02 0.01 -0.11 -0.23  Rvol: 0.55 0.92 1.32 -0.33 -0.27 -0.01 0.25 0.14 0.72 1.13 1.51 -0.28 -0.16 0.08 0.31 
Loss: 0.606380  SIA Ef: -0.042578 Binding: -0.40 0.06 0.03 0.15 0.04 0.44 0.25 -0.02 0.01 -0.11 -0.23  Rvol: 0.55 0.92 1.32 -0.33 -0.27 -0.01 0.25 0.14 0.72 1.13 1.51 -0.28 -0.16 0.08 0.31 
Loss: 0.606357  SIA Ef: -0.042306 Binding: -0.40 0.06 0.03 0.15 0.04 0.44 0.25 -0.02 0.01 -0.11 -0.23  Rvol: 0.55 0.92 1.32 -0.33 -0.27 -0.01 0.25 0.14 0.72 1.13 1.51 -0.28 -0.16 0.08 0.31 
