Start Optimization 
Loss: 3.748535  SIA Ef: -0.405559 Binding: 0.00 0.98 -0.62 0.42 0.88 0.25 -0.22 -0.36 -0.07 -0.60 -0.77  Rvol: 0.54 0.89 1.30 -0.33 -0.30 -0.05 0.21 0.14 0.73 1.18 1.48 -0.28 -0.15 0.09 0.35 
Loss: 3.861426  SIA Ef: -0.345238 Binding: 0.01 0.99 -0.62 0.43 0.90 0.24 -0.23 -0.38 -0.08 -0.63 -0.81  Rvol: 0.54 0.90 1.31 -0.33 -0.30 -0.05 0.21 0.14 0.73 1.15 1.49 -0.28 -0.14 0.10 0.36 
Loss: 60.057537  SIA Ef: 4.365597 Binding: 1.30 2.75 3.71 2.62 2.77 0.20 -0.53 0.21 -0.54 -0.71 -0.59  Rvol: 0.73 1.41 2.05 -0.33 -0.03 0.36 0.77 0.14 0.95 1.60 2.27 -0.28 0.10 0.51 0.95 
Loss: 62.849538  SIA Ef: 0.062901 Binding: 0.85 0.95 -5.89 1.29 0.94 0.99 -0.05 -0.77 4.36 0.46 0.91  Rvol: 0.55 1.14 1.84 -0.33 -0.12 0.83 1.12 0.14 0.81 1.36 1.52 -0.28 0.25 1.17 1.12 
Loss: 227.128567  SIA Ef: 11.624749 Binding: 2.84 1.83 7.46 2.87 1.89 1.02 -1.52 0.32 -0.83 -1.20 -1.30  Rvol: 1.28 2.04 2.99 -0.33 -0.24 -0.04 0.44 0.14 1.35 2.31 3.15 -0.28 -0.07 0.16 0.63 
Loss: 5.431882  SIA Ef: -0.405559 Binding: 0.00 0.98 -0.62 0.42 0.88 -0.17 1.16 0.40 -0.43 -0.98 -0.44  Rvol: 0.54 0.89 1.30 -0.33 -0.30 -0.05 0.21 0.14 0.73 1.11 1.52 -0.28 0.04 0.17 0.50 
Loss: 5.478777  SIA Ef: -0.405559 Binding: 0.00 0.98 -0.62 0.42 0.88 0.14 -0.33 -0.97 -0.23 -0.75 -1.12  Rvol: 0.54 0.89 1.30 -0.33 -0.30 -0.05 0.21 0.14 0.73 1.17 1.46 -0.28 -0.18 0.05 0.28 
Loss: 3.125052  SIA Ef: -0.405559 Binding: 0.00 0.98 -0.62 0.42 0.88 0.33 -0.07 -0.02 0.03 -0.47 -0.50  Rvol: 0.54 0.89 1.30 -0.33 -0.30 -0.05 0.21 0.14 0.73 1.15 1.48 -0.28 -0.13 0.11 0.36 
Loss: 2.774055  SIA Ef: -0.405559 Binding: -0.33 -0.83 -0.62 -0.51 -0.73 0.33 0.16 0.26 0.03 -0.42 -0.27  Rvol: 0.54 1.04 1.40 -0.33 -0.30 -0.02 0.29 0.14 0.73 1.27 1.62 -0.28 -0.13 0.14 0.47 
Loss: 5.446665  SIA Ef: -0.405559 Binding: -1.03 -1.12 -0.62 -0.59 -1.23 0.33 -0.17 -0.13 0.03 -0.49 -0.53  Rvol: 0.54 0.88 1.28 -0.33 -0.30 -0.07 0.17 0.14 0.73 1.14 1.45 -0.28 -0.13 0.09 0.33 
Loss: 2.353705  SIA Ef: -0.405559 Binding: -0.29 -0.77 -0.62 -0.43 -0.50 0.33 0.01 0.44 0.03 -0.39 -0.28  Rvol: 0.54 1.00 1.36 -0.33 -0.30 -0.01 0.31 0.14 0.73 1.24 1.59 -0.28 -0.13 0.15 0.47 
Loss: 280.469322  SIA Ef: -15.521671 Binding: -0.48 -0.32 -4.78 -0.06 -0.35 0.42 -0.37 0.05 3.04 -0.60 1.16  Rvol: -0.11 -0.22 -0.50 -0.33 -0.38 -0.60 -0.69 0.14 0.27 0.10 -0.52 -0.28 -0.32 -0.61 -0.39 
Loss: 48.851462  SIA Ef: 5.113211 Binding: -0.32 -1.30 3.81 0.23 -1.27 -0.22 -0.57 0.46 -0.68 -0.76 -0.80  Rvol: 0.90 1.59 2.38 -0.33 -0.31 -0.11 0.36 0.14 1.03 1.77 2.64 -0.28 -0.14 0.13 0.59 
Loss: 2.367115  SIA Ef: -0.418128 Binding: -0.29 -0.77 -0.62 -0.43 -0.50 0.33 0.02 0.45 0.03 -0.39 -0.27  Rvol: 0.54 1.00 1.36 -0.33 -0.30 -0.01 0.31 0.14 0.73 1.24 1.58 -0.28 -0.13 0.15 0.47 
Loss: 11.933949  SIA Ef: 2.383827 Binding: -0.26 -0.10 2.07 0.44 -0.31 0.20 -0.23 0.46 -0.44 -0.53 -0.23  Rvol: 0.65 1.19 1.72 -0.33 -0.18 0.15 0.55 0.14 0.87 1.47 1.98 -0.28 -0.03 0.32 0.72 
Loss: 3.277436  SIA Ef: -0.394172 Binding: -0.27 -0.77 -0.69 -0.43 -0.48 0.53 0.43 0.88 0.24 0.04 0.33  Rvol: 0.54 1.01 1.36 -0.33 -0.30 -0.01 0.32 0.14 0.73 1.24 1.57 -0.28 -0.14 0.14 0.45 
Loss: 45.229614  SIA Ef: 0.728593 Binding: 0.46 -0.57 -4.87 2.09 -0.89 0.69 -0.05 0.45 3.28 -1.64 0.75  Rvol: 0.51 1.12 1.53 -0.33 -0.27 0.33 0.59 0.14 0.79 1.34 1.59 -0.28 0.10 0.28 0.82 
Loss: 3.059289  SIA Ef: -0.427346 Binding: -0.28 -0.77 -0.63 -0.43 -0.50 0.43 0.17 0.96 0.16 -0.23 0.11  Rvol: 0.54 1.00 1.35 -0.33 -0.30 -0.01 0.31 0.14 0.73 1.25 1.60 -0.28 -0.12 0.16 0.51 
Loss: 50.221499  SIA Ef: -6.679960 Binding: -0.60 0.05 -1.80 -0.28 0.19 0.47 0.29 -0.11 0.93 -0.37 0.00  Rvol: 0.23 0.36 0.66 -0.33 -0.33 -0.24 -0.12 0.14 0.52 0.78 0.69 -0.28 -0.23 -0.13 -0.00 
Loss: 2.400116  SIA Ef: -0.413409 Binding: -0.29 -0.77 -0.62 -0.43 -0.50 0.35 0.05 0.53 0.06 -0.35 -0.20  Rvol: 0.54 1.00 1.36 -0.33 -0.30 -0.01 0.31 0.14 0.73 1.24 1.59 -0.28 -0.13 0.15 0.48 
Loss: 50.220563  SIA Ef: -6.679964 Binding: -0.60 0.05 -1.80 -0.28 0.19 0.47 0.29 -0.11 0.93 -0.37 0.00  Rvol: 0.23 0.36 0.66 -0.33 -0.33 -0.24 -0.12 0.14 0.52 0.78 0.69 -0.28 -0.23 -0.13 -0.00 
Loss: 3.150832  SIA Ef: -0.409978 Binding: -0.30 -0.93 -0.62 -0.62 -0.78 0.33 0.03 0.42 0.03 -0.37 -0.22  Rvol: 0.54 1.02 1.38 -0.33 -0.30 0.01 0.35 0.14 0.73 1.25 1.61 -0.28 -0.13 0.16 0.50 
Loss: 50.183489  SIA Ef: -6.678049 Binding: -0.60 0.07 -1.80 -0.27 0.21 0.47 0.28 -0.12 0.92 -0.38 -0.00  Rvol: 0.23 0.36 0.66 -0.33 -0.33 -0.24 -0.12 0.14 0.52 0.78 0.69 -0.28 -0.23 -0.13 -0.00 
Loss: 1.669738  SIA Ef: -0.439212 Binding: -0.04 -0.46 -0.64 -0.34 -0.20 0.33 0.02 0.49 0.04 -0.36 -0.23  Rvol: 0.54 1.01 1.35 -0.33 -0.30 0.01 0.34 0.14 0.73 1.24 1.60 -0.28 -0.13 0.16 0.49 
Loss: 52.109319  SIA Ef: -6.713835 Binding: -0.46 0.35 -1.81 0.61 -0.23 0.47 0.39 0.01 0.94 -1.09 0.02  Rvol: 0.23 0.35 0.68 -0.33 -0.33 -0.14 -0.11 0.14 0.52 0.78 0.72 -0.28 -0.23 -0.13 0.01 
Loss: 5.783360  SIA Ef: -1.048022 Binding: 0.04 -0.47 -1.83 -0.23 0.13 0.33 -0.22 0.08 0.61 -0.54 -0.38  Rvol: 0.49 0.98 1.24 -0.33 -0.30 0.00 0.32 0.14 0.70 1.19 1.46 -0.28 -0.10 0.12 0.47 
Loss: 57.603713  SIA Ef: -0.746569 Binding: 0.78 0.28 -5.34 2.86 -0.35 0.80 0.13 0.43 3.86 -1.54 1.07  Rvol: 0.44 1.02 1.24 -0.33 -0.26 0.26 0.49 0.14 0.74 1.23 1.41 -0.28 0.06 0.22 0.72 
Loss: 2.409386  SIA Ef: 0.833356 Binding: -0.19 -0.19 0.70 -0.02 -0.13 0.23 0.02 0.45 -0.31 -0.49 -0.43  Rvol: 0.59 1.07 1.52 -0.33 -0.24 0.08 0.42 0.14 0.78 1.33 1.76 -0.28 -0.09 0.24 0.59 
Loss: 1.630424  SIA Ef: -0.438744 Binding: -0.02 -0.43 -0.64 -0.33 -0.16 0.34 0.02 0.51 0.04 -0.35 -0.22  Rvol: 0.54 1.01 1.35 -0.33 -0.30 0.01 0.34 0.14 0.73 1.24 1.60 -0.28 -0.13 0.16 0.49 
Loss: 12.163010  SIA Ef: 2.127036 Binding: -0.37 -0.52 1.98 -0.23 -1.10 -0.03 -0.15 0.33 -0.55 -0.60 -0.60  Rvol: 0.72 1.28 1.85 -0.33 -0.31 -0.05 0.41 0.14 0.84 1.53 2.12 -0.28 -0.16 0.17 0.58 
Loss: 3.078105  SIA Ef: 0.094230 Binding: 0.16 -0.18 -1.42 -0.22 0.13 0.43 0.06 0.43 0.48 -0.26 -0.01  Rvol: 0.55 1.05 1.42 -0.33 -0.28 0.07 0.42 0.14 0.74 1.28 1.64 -0.28 -0.09 0.20 0.58 
Loss: 1.628129  SIA Ef: -0.448626 Binding: -0.03 -0.43 -0.63 -0.33 -0.16 0.33 -0.00 0.47 0.03 -0.38 -0.26  Rvol: 0.54 1.01 1.35 -0.33 -0.30 0.01 0.34 0.14 0.73 1.24 1.60 -0.28 -0.13 0.16 0.49 
Loss: 6.446175  SIA Ef: -1.953391 Binding: 0.06 -0.37 -1.28 -0.21 0.21 0.42 0.04 0.50 0.45 -0.31 -0.07  Rvol: 0.45 0.89 1.13 -0.33 -0.29 -0.03 0.25 0.14 0.67 1.12 1.36 -0.28 -0.14 0.10 0.39 
Loss: 1.756840  SIA Ef: -0.477453 Binding: -0.02 -0.43 -0.67 -0.33 -0.15 0.29 -0.09 0.41 0.01 -0.46 -0.37  Rvol: 0.54 1.01 1.35 -0.33 -0.30 0.01 0.34 0.14 0.72 1.24 1.60 -0.28 -0.13 0.16 0.50 
Loss: 3.779864  SIA Ef: -0.912070 Binding: 0.04 -0.44 -1.40 -0.25 0.08 0.36 -0.10 0.28 0.39 -0.43 -0.27  Rvol: 0.50 0.97 1.26 -0.33 -0.29 0.01 0.32 0.14 0.71 1.19 1.49 -0.28 -0.11 0.13 0.47 
Loss: 1.389377  SIA Ef: -0.411936 Binding: -0.02 -0.32 -0.60 -0.34 -0.18 0.31 -0.03 0.27 -0.01 -0.40 -0.32  Rvol: 0.54 1.02 1.38 -0.33 -0.30 0.01 0.35 0.14 0.73 1.24 1.60 -0.28 -0.14 0.16 0.49 
Loss: 3.453670  SIA Ef: 0.907891 Binding: -0.23 -0.34 0.71 -0.38 -0.83 0.14 -0.05 0.24 -0.39 -0.50 -0.43  Rvol: 0.63 1.14 1.63 -0.33 -0.30 0.00 0.38 0.14 0.78 1.37 1.86 -0.28 -0.16 0.18 0.55 
Loss: 1.536080  SIA Ef: -0.408878 Binding: -0.05 -0.44 -0.60 -0.33 -0.18 0.31 -0.03 0.39 -0.00 -0.40 -0.31  Rvol: 0.54 1.01 1.36 -0.33 -0.30 0.01 0.34 0.14 0.73 1.24 1.60 -0.28 -0.14 0.16 0.49 
Loss: 2.468913  SIA Ef: 0.272860 Binding: 0.14 -0.15 -1.24 -0.25 0.06 0.38 0.01 0.27 0.32 -0.32 -0.14  Rvol: 0.56 1.07 1.45 -0.33 -0.29 0.07 0.44 0.14 0.75 1.29 1.67 -0.28 -0.10 0.20 0.58 
Loss: 2.134605  SIA Ef: -0.673378 Binding: -0.01 -0.38 -0.87 -0.39 -0.23 0.33 -0.04 0.25 0.09 -0.39 -0.27  Rvol: 0.53 1.00 1.37 -0.33 -0.31 0.00 0.33 0.14 0.72 1.22 1.58 -0.28 -0.14 0.14 0.47 
Loss: 1.399427  SIA Ef: 0.056266 Binding: -0.16 -0.52 -0.13 -0.35 -0.34 0.26 -0.02 0.38 -0.16 -0.44 -0.41  Rvol: 0.56 1.05 1.42 -0.33 -0.28 0.03 0.37 0.14 0.75 1.28 1.66 -0.28 -0.13 0.19 0.52 
Loss: 2.413784  SIA Ef: -0.497029 Binding: 0.02 -0.42 -1.10 -0.27 -0.00 0.31 -0.12 0.19 0.18 -0.47 -0.39  Rvol: 0.53 1.00 1.33 -0.33 -0.30 0.02 0.34 0.14 0.72 1.23 1.56 -0.28 -0.12 0.15 0.48 
Loss: 2.148726  SIA Ef: -0.936553 Binding: 0.00 -0.36 -0.69 -0.27 -0.01 0.33 -0.01 0.38 0.07 -0.38 -0.27  Rvol: 0.51 0.97 1.28 -0.33 -0.30 -0.00 0.31 0.14 0.71 1.20 1.51 -0.28 -0.14 0.14 0.45 
Loss: 1.364666  SIA Ef: -0.405574 Binding: -0.02 -0.31 -0.59 -0.33 -0.17 0.31 -0.03 0.27 -0.01 -0.40 -0.31  Rvol: 0.54 1.02 1.38 -0.33 -0.30 0.01 0.35 0.14 0.73 1.24 1.60 -0.28 -0.14 0.16 0.49 
Loss: 1.384079  SIA Ef: 0.245483 Binding: -0.12 -0.28 0.16 -0.35 -0.45 0.22 -0.03 0.25 -0.26 -0.45 -0.42  Rvol: 0.58 1.08 1.51 -0.33 -0.30 0.01 0.36 0.14 0.75 1.31 1.73 -0.28 -0.15 0.18 0.52 
Loss: 1.314407  SIA Ef: -0.204226 Binding: 0.01 -0.27 -0.67 -0.31 -0.13 0.31 -0.02 0.27 0.02 -0.40 -0.30  Rvol: 0.55 1.03 1.41 -0.33 -0.30 0.03 0.37 0.14 0.73 1.26 1.63 -0.28 -0.13 0.17 0.51 
Loss: 1.307777  SIA Ef: 0.096549 Binding: 0.02 -0.24 -0.68 -0.29 -0.10 0.33 0.01 0.33 0.05 -0.36 -0.25  Rvol: 0.56 1.05 1.44 -0.33 -0.29 0.05 0.40 0.14 0.74 1.28 1.66 -0.28 -0.12 0.19 0.54 
Loss: 1.280630  SIA Ef: 0.227413 Binding: -0.01 -0.28 -0.58 -0.30 -0.13 0.32 0.01 0.33 0.01 -0.36 -0.28  Rvol: 0.56 1.06 1.45 -0.33 -0.29 0.05 0.41 0.14 0.75 1.29 1.68 -0.28 -0.12 0.20 0.55 
Loss: 1.662441  SIA Ef: 0.361679 Binding: 0.02 -0.36 -0.74 -0.26 -0.06 0.31 -0.04 0.36 0.05 -0.40 -0.32  Rvol: 0.57 1.07 1.44 -0.33 -0.29 0.06 0.42 0.14 0.75 1.30 1.68 -0.28 -0.11 0.20 0.56 
Loss: 1.318867  SIA Ef: 0.242365 Binding: -0.01 -0.26 -0.58 -0.29 -0.14 0.30 -0.04 0.29 -0.01 -0.42 -0.34  Rvol: 0.57 1.06 1.45 -0.33 -0.29 0.06 0.41 0.14 0.75 1.29 1.68 -0.28 -0.12 0.20 0.56 
Loss: 1.283454  SIA Ef: 0.224571 Binding: -0.01 -0.28 -0.58 -0.30 -0.13 0.31 -0.00 0.32 0.00 -0.37 -0.29  Rvol: 0.56 1.06 1.45 -0.33 -0.29 0.05 0.40 0.14 0.75 1.29 1.68 -0.28 -0.12 0.20 0.55 
Loss: 1.125344  SIA Ef: 0.146877 Binding: -0.01 -0.25 -0.52 -0.27 -0.08 0.32 0.02 0.35 0.00 -0.36 -0.27  Rvol: 0.56 1.05 1.44 -0.33 -0.28 0.05 0.40 0.14 0.75 1.28 1.66 -0.28 -0.12 0.20 0.54 
Loss: 1.054140  SIA Ef: 0.098498 Binding: -0.00 -0.23 -0.49 -0.28 -0.08 0.33 0.05 0.35 -0.00 -0.34 -0.25  Rvol: 0.56 1.05 1.43 -0.33 -0.28 0.05 0.40 0.14 0.74 1.28 1.65 -0.28 -0.12 0.20 0.54 
Loss: 1.026099  SIA Ef: 0.086807 Binding: -0.01 -0.23 -0.44 -0.27 -0.06 0.34 0.07 0.41 0.00 -0.32 -0.22  Rvol: 0.56 1.05 1.42 -0.33 -0.28 0.05 0.40 0.14 0.74 1.28 1.65 -0.28 -0.12 0.20 0.54 
Loss: 1.177379  SIA Ef: -0.075544 Binding: 0.01 -0.23 -0.63 -0.25 -0.01 0.36 0.07 0.41 0.08 -0.31 -0.17  Rvol: 0.54 1.03 1.40 -0.33 -0.28 0.05 0.39 0.14 0.74 1.26 1.62 -0.28 -0.12 0.19 0.53 
Loss: 1.030387  SIA Ef: 0.294434 Binding: -0.05 -0.23 -0.16 -0.28 -0.16 0.31 0.08 0.43 -0.09 -0.33 -0.24  Rvol: 0.57 1.07 1.46 -0.33 -0.28 0.05 0.40 0.14 0.76 1.30 1.69 -0.28 -0.13 0.21 0.55 
Loss: 1.083280  SIA Ef: 0.186585 Binding: 0.01 -0.20 -0.49 -0.26 -0.04 0.34 0.07 0.40 0.02 -0.32 -0.21  Rvol: 0.56 1.05 1.44 -0.33 -0.28 0.06 0.41 0.14 0.75 1.28 1.66 -0.28 -0.12 0.20 0.55 
Loss: 0.937799  SIA Ef: 0.186389 Binding: -0.04 -0.21 -0.20 -0.27 -0.13 0.31 0.07 0.40 -0.09 -0.34 -0.26  Rvol: 0.56 1.06 1.45 -0.33 -0.28 0.05 0.39 0.14 0.75 1.29 1.67 -0.28 -0.13 0.20 0.55 
Loss: 1.029846  SIA Ef: 0.279300 Binding: -0.06 -0.21 -0.09 -0.32 -0.25 0.30 0.08 0.39 -0.12 -0.33 -0.24  Rvol: 0.57 1.07 1.48 -0.33 -0.28 0.05 0.40 0.14 0.76 1.30 1.70 -0.28 -0.13 0.20 0.55 
Loss: 0.981925  SIA Ef: 0.262703 Binding: -0.04 -0.21 -0.20 -0.27 -0.12 0.32 0.08 0.42 -0.08 -0.33 -0.24  Rvol: 0.57 1.07 1.46 -0.33 -0.28 0.05 0.40 0.14 0.75 1.29 1.68 -0.28 -0.13 0.21 0.55 
Loss: 1.001428  SIA Ef: 0.251296 Binding: -0.06 -0.22 -0.11 -0.27 -0.17 0.31 0.08 0.44 -0.11 -0.34 -0.24  Rvol: 0.57 1.07 1.46 -0.33 -0.28 0.05 0.40 0.14 0.75 1.29 1.69 -0.28 -0.13 0.20 0.55 
Loss: 0.979580  SIA Ef: 0.243410 Binding: -0.05 -0.22 -0.16 -0.27 -0.15 0.30 0.06 0.39 -0.11 -0.36 -0.28  Rvol: 0.57 1.07 1.45 -0.33 -0.28 0.05 0.40 0.14 0.75 1.29 1.68 -0.28 -0.13 0.20 0.55 
Loss: 0.895599  SIA Ef: 0.122156 Binding: -0.02 -0.17 -0.21 -0.27 -0.11 0.30 0.04 0.37 -0.10 -0.36 -0.29  Rvol: 0.56 1.06 1.44 -0.33 -0.28 0.05 0.39 0.14 0.75 1.28 1.67 -0.28 -0.13 0.20 0.54 
Loss: 0.892589  SIA Ef: 0.126583 Binding: -0.02 -0.17 -0.21 -0.27 -0.11 0.30 0.05 0.38 -0.10 -0.36 -0.28  Rvol: 0.56 1.06 1.45 -0.33 -0.28 0.05 0.39 0.14 0.75 1.28 1.67 -0.28 -0.13 0.20 0.54 
Loss: 0.974402  SIA Ef: 0.225992 Binding: -0.04 -0.18 -0.14 -0.29 -0.18 0.28 0.02 0.34 -0.14 -0.39 -0.32  Rvol: 0.57 1.07 1.47 -0.33 -0.29 0.04 0.39 0.14 0.75 1.29 1.69 -0.28 -0.13 0.20 0.55 
Loss: 0.915597  SIA Ef: 0.169286 Binding: -0.04 -0.17 -0.10 -0.27 -0.16 0.30 0.05 0.39 -0.13 -0.36 -0.28  Rvol: 0.57 1.06 1.46 -0.33 -0.28 0.04 0.39 0.14 0.75 1.29 1.68 -0.28 -0.13 0.20 0.55 
Loss: 0.829511  SIA Ef: 0.122270 Binding: -0.01 -0.11 -0.14 -0.25 -0.07 0.30 0.05 0.36 -0.11 -0.36 -0.28  Rvol: 0.56 1.06 1.45 -0.33 -0.28 0.05 0.39 0.14 0.75 1.28 1.67 -0.28 -0.13 0.20 0.54 
Loss: 0.886971  SIA Ef: -0.288085 Binding: 0.02 -0.14 -0.30 -0.23 0.02 0.33 0.05 0.38 -0.05 -0.35 -0.26  Rvol: 0.54 1.02 1.38 -0.33 -0.28 0.03 0.37 0.14 0.73 1.25 1.60 -0.28 -0.13 0.18 0.51 
Loss: 0.826435  SIA Ef: 0.061084 Binding: 0.01 -0.12 -0.25 -0.24 -0.03 0.31 0.06 0.36 -0.07 -0.35 -0.27  Rvol: 0.56 1.05 1.44 -0.33 -0.28 0.05 0.39 0.14 0.75 1.28 1.65 -0.28 -0.13 0.20 0.54 
Loss: 0.882844  SIA Ef: 0.157458 Binding: 0.05 -0.05 -0.33 -0.22 0.04 0.32 0.04 0.34 -0.05 -0.35 -0.27  Rvol: 0.56 1.05 1.44 -0.33 -0.28 0.06 0.41 0.14 0.75 1.28 1.67 -0.28 -0.12 0.21 0.55 
Loss: 0.817368  SIA Ef: 0.075575 Binding: 0.01 -0.11 -0.22 -0.26 -0.07 0.31 0.06 0.35 -0.09 -0.34 -0.26  Rvol: 0.56 1.05 1.45 -0.33 -0.28 0.05 0.39 0.14 0.75 1.28 1.67 -0.28 -0.13 0.20 0.54 
Loss: 0.816514  SIA Ef: 0.066460 Binding: 0.00 -0.11 -0.20 -0.26 -0.08 0.31 0.06 0.35 -0.10 -0.35 -0.26  Rvol: 0.56 1.05 1.45 -0.33 -0.28 0.04 0.39 0.14 0.75 1.28 1.67 -0.28 -0.13 0.20 0.54 
Loss: 0.820746  SIA Ef: 0.092450 Binding: 0.00 -0.11 -0.19 -0.26 -0.08 0.32 0.08 0.38 -0.09 -0.33 -0.23  Rvol: 0.56 1.05 1.45 -0.33 -0.28 0.05 0.39 0.14 0.75 1.28 1.67 -0.28 -0.13 0.20 0.54 
Loss: 0.816381  SIA Ef: 0.069472 Binding: 0.00 -0.12 -0.20 -0.26 -0.08 0.31 0.06 0.36 -0.09 -0.34 -0.26  Rvol: 0.56 1.05 1.44 -0.33 -0.28 0.05 0.39 0.14 0.75 1.28 1.66 -0.28 -0.13 0.20 0.54 
Loss: 0.838328  SIA Ef: 0.160559 Binding: -0.01 -0.12 -0.14 -0.27 -0.11 0.30 0.06 0.34 -0.11 -0.35 -0.27  Rvol: 0.57 1.06 1.46 -0.33 -0.28 0.05 0.40 0.14 0.75 1.29 1.67 -0.28 -0.13 0.20 0.54 
Loss: 0.816140  SIA Ef: 0.074445 Binding: 0.00 -0.12 -0.19 -0.26 -0.08 0.31 0.07 0.36 -0.09 -0.34 -0.25  Rvol: 0.56 1.05 1.45 -0.33 -0.28 0.05 0.39 0.14 0.75 1.28 1.66 -0.28 -0.13 0.20 0.54 
Loss: 0.827430  SIA Ef: 0.128523 Binding: -0.02 -0.12 -0.06 -0.26 -0.13 0.30 0.08 0.37 -0.13 -0.34 -0.25  Rvol: 0.56 1.06 1.46 -0.33 -0.28 0.05 0.39 0.14 0.75 1.29 1.67 -0.28 -0.13 0.20 0.54 
Loss: 0.850382  SIA Ef: 0.145428 Binding: -0.00 -0.12 -0.18 -0.27 -0.10 0.31 0.07 0.36 -0.10 -0.34 -0.25  Rvol: 0.56 1.06 1.46 -0.33 -0.28 0.05 0.40 0.14 0.75 1.29 1.68 -0.28 -0.13 0.20 0.54 
Loss: 0.813812  SIA Ef: -0.128623 Binding: 0.01 -0.12 -0.27 -0.26 -0.04 0.32 0.07 0.36 -0.06 -0.33 -0.24  Rvol: 0.55 1.04 1.42 -0.33 -0.28 0.04 0.38 0.14 0.74 1.26 1.63 -0.28 -0.13 0.19 0.52 
Loss: 0.806016  SIA Ef: -0.108422 Binding: 0.02 -0.11 -0.27 -0.25 -0.02 0.32 0.07 0.36 -0.06 -0.33 -0.24  Rvol: 0.55 1.04 1.42 -0.33 -0.28 0.04 0.38 0.14 0.74 1.26 1.63 -0.28 -0.13 0.19 0.52 
Loss: 0.824314  SIA Ef: -0.185907 Binding: 0.03 -0.09 -0.30 -0.24 0.01 0.33 0.07 0.35 -0.05 -0.33 -0.24  Rvol: 0.54 1.03 1.41 -0.33 -0.28 0.04 0.38 0.14 0.74 1.26 1.62 -0.28 -0.13 0.19 0.52 
Loss: 0.789653  SIA Ef: -0.090124 Binding: 0.02 -0.10 -0.25 -0.25 -0.03 0.32 0.07 0.35 -0.07 -0.33 -0.25  Rvol: 0.55 1.04 1.42 -0.33 -0.28 0.04 0.38 0.14 0.74 1.27 1.64 -0.28 -0.13 0.19 0.52 
Loss: 0.816373  SIA Ef: -0.115216 Binding: 0.03 -0.10 -0.31 -0.25 -0.01 0.32 0.06 0.34 -0.05 -0.33 -0.25  Rvol: 0.55 1.03 1.42 -0.33 -0.28 0.04 0.39 0.14 0.74 1.26 1.63 -0.28 -0.13 0.19 0.52 
Loss: 0.781118  SIA Ef: -0.074394 Binding: 0.01 -0.10 -0.22 -0.25 -0.04 0.32 0.07 0.35 -0.08 -0.34 -0.26  Rvol: 0.55 1.04 1.42 -0.33 -0.28 0.04 0.38 0.14 0.74 1.27 1.64 -0.28 -0.13 0.19 0.53 
Loss: 0.778344  SIA Ef: -0.073968 Binding: 0.01 -0.11 -0.20 -0.24 -0.03 0.32 0.07 0.36 -0.08 -0.34 -0.26  Rvol: 0.55 1.04 1.42 -0.33 -0.28 0.04 0.38 0.14 0.74 1.27 1.64 -0.28 -0.13 0.19 0.53 
Loss: 0.777227  SIA Ef: -0.071022 Binding: 0.01 -0.10 -0.20 -0.24 -0.03 0.32 0.07 0.37 -0.08 -0.34 -0.25  Rvol: 0.55 1.04 1.42 -0.33 -0.28 0.04 0.38 0.14 0.74 1.27 1.64 -0.28 -0.13 0.19 0.53 
Loss: 0.764989  SIA Ef: -0.016291 Binding: -0.00 -0.10 -0.11 -0.25 -0.06 0.31 0.08 0.37 -0.11 -0.34 -0.25  Rvol: 0.56 1.05 1.43 -0.33 -0.28 0.04 0.38 0.14 0.75 1.27 1.65 -0.28 -0.13 0.19 0.53 
Loss: 0.757373  SIA Ef: -0.037416 Binding: -0.01 -0.09 -0.09 -0.24 -0.06 0.31 0.08 0.36 -0.11 -0.34 -0.26  Rvol: 0.56 1.05 1.43 -0.33 -0.28 0.04 0.38 0.14 0.74 1.27 1.65 -0.28 -0.13 0.19 0.53 
Loss: 0.757693  SIA Ef: -0.042426 Binding: -0.00 -0.09 -0.08 -0.24 -0.07 0.31 0.08 0.36 -0.12 -0.34 -0.26  Rvol: 0.55 1.05 1.43 -0.33 -0.28 0.04 0.38 0.14 0.74 1.27 1.65 -0.28 -0.13 0.19 0.53 
Loss: 0.759559  SIA Ef: -0.077349 Binding: -0.01 -0.10 -0.07 -0.25 -0.08 0.31 0.08 0.37 -0.12 -0.34 -0.26  Rvol: 0.55 1.04 1.43 -0.33 -0.28 0.04 0.38 0.14 0.74 1.27 1.64 -0.28 -0.13 0.19 0.52 
Loss: 0.757132  SIA Ef: -0.035892 Binding: -0.01 -0.09 -0.09 -0.24 -0.06 0.31 0.08 0.37 -0.11 -0.34 -0.25  Rvol: 0.56 1.05 1.43 -0.33 -0.28 0.04 0.38 0.14 0.74 1.27 1.65 -0.28 -0.13 0.19 0.53 
Loss: 0.752379  SIA Ef: -0.005219 Binding: -0.01 -0.08 -0.04 -0.24 -0.08 0.31 0.08 0.36 -0.13 -0.34 -0.26  Rvol: 0.55 1.05 1.44 -0.33 -0.28 0.04 0.38 0.14 0.75 1.27 1.65 -0.28 -0.13 0.19 0.53 
Loss: 0.752752  SIA Ef: -0.020046 Binding: -0.01 -0.07 -0.01 -0.24 -0.08 0.31 0.08 0.36 -0.13 -0.34 -0.25  Rvol: 0.55 1.05 1.44 -0.33 -0.28 0.04 0.38 0.14 0.74 1.27 1.65 -0.28 -0.13 0.19 0.53 
Loss: 0.763944  SIA Ef: 0.028159 Binding: -0.01 -0.08 -0.02 -0.24 -0.09 0.31 0.08 0.36 -0.13 -0.35 -0.26  Rvol: 0.56 1.05 1.44 -0.33 -0.28 0.04 0.38 0.14 0.74 1.28 1.66 -0.28 -0.13 0.20 0.53 
Loss: 0.742051  SIA Ef: -0.024181 Binding: -0.00 -0.07 -0.04 -0.23 -0.06 0.31 0.08 0.36 -0.12 -0.34 -0.25  Rvol: 0.55 1.05 1.43 -0.33 -0.28 0.04 0.38 0.14 0.75 1.27 1.65 -0.28 -0.13 0.19 0.53 
Loss: 0.757596  SIA Ef: 0.033454 Binding: -0.01 -0.07 0.02 -0.23 -0.09 0.31 0.09 0.36 -0.14 -0.34 -0.26  Rvol: 0.56 1.05 1.45 -0.33 -0.28 0.04 0.38 0.14 0.75 1.28 1.66 -0.28 -0.13 0.20 0.53 
Loss: 0.741350  SIA Ef: -0.030394 Binding: -0.00 -0.07 -0.05 -0.23 -0.05 0.31 0.08 0.36 -0.12 -0.34 -0.26  Rvol: 0.55 1.05 1.43 -0.33 -0.28 0.04 0.38 0.14 0.75 1.27 1.65 -0.28 -0.13 0.19 0.53 
Loss: 0.738123  SIA Ef: -0.064555 Binding: 0.00 -0.07 -0.09 -0.23 -0.04 0.32 0.09 0.37 -0.11 -0.33 -0.24  Rvol: 0.55 1.04 1.43 -0.33 -0.28 0.04 0.38 0.14 0.74 1.27 1.64 -0.28 -0.13 0.19 0.52 
Loss: 0.737640  SIA Ef: -0.088574 Binding: 0.01 -0.07 -0.10 -0.23 -0.03 0.32 0.09 0.37 -0.10 -0.33 -0.24  Rvol: 0.55 1.04 1.42 -0.33 -0.28 0.04 0.38 0.14 0.74 1.27 1.64 -0.28 -0.13 0.19 0.52 
Loss: 0.754028  SIA Ef: -0.160300 Binding: 0.01 -0.08 -0.16 -0.23 0.00 0.32 0.08 0.37 -0.08 -0.33 -0.25  Rvol: 0.55 1.04 1.41 -0.33 -0.28 0.04 0.37 0.14 0.74 1.26 1.62 -0.28 -0.13 0.19 0.52 
Loss: 0.738079  SIA Ef: -0.067761 Binding: 0.01 -0.07 -0.11 -0.23 -0.02 0.32 0.09 0.37 -0.10 -0.33 -0.24  Rvol: 0.55 1.04 1.42 -0.33 -0.28 0.04 0.38 0.14 0.74 1.27 1.64 -0.28 -0.13 0.19 0.52 
Loss: 0.733966  SIA Ef: -0.038815 Binding: -0.00 -0.07 -0.04 -0.23 -0.05 0.32 0.10 0.37 -0.12 -0.33 -0.24  Rvol: 0.55 1.05 1.43 -0.33 -0.28 0.04 0.38 0.14 0.75 1.27 1.65 -0.28 -0.13 0.19 0.53 
Loss: 0.725806  SIA Ef: -0.070094 Binding: 0.00 -0.06 -0.04 -0.22 -0.03 0.32 0.10 0.37 -0.11 -0.33 -0.24  Rvol: 0.55 1.04 1.43 -0.33 -0.28 0.04 0.38 0.14 0.74 1.27 1.64 -0.28 -0.13 0.19 0.52 
Loss: 0.721078  SIA Ef: -0.055054 Binding: 0.00 -0.06 -0.03 -0.22 -0.03 0.32 0.10 0.37 -0.12 -0.33 -0.24  Rvol: 0.55 1.05 1.43 -0.33 -0.28 0.04 0.38 0.14 0.75 1.27 1.64 -0.28 -0.13 0.19 0.52 
Loss: 0.718934  SIA Ef: -0.070153 Binding: 0.00 -0.06 -0.05 -0.21 -0.02 0.32 0.11 0.38 -0.11 -0.32 -0.23  Rvol: 0.55 1.04 1.42 -0.33 -0.28 0.04 0.38 0.14 0.74 1.27 1.64 -0.28 -0.13 0.19 0.52 
Loss: 0.714539  SIA Ef: -0.072171 Binding: 0.01 -0.05 -0.08 -0.21 -0.00 0.33 0.11 0.38 -0.10 -0.31 -0.22  Rvol: 0.55 1.04 1.42 -0.33 -0.28 0.04 0.38 0.14 0.74 1.27 1.64 -0.28 -0.13 0.19 0.52 
Loss: 0.711866  SIA Ef: -0.103225 Binding: 0.02 -0.05 -0.09 -0.20 0.01 0.33 0.11 0.38 -0.09 -0.31 -0.22  Rvol: 0.55 1.04 1.42 -0.33 -0.28 0.04 0.38 0.14 0.74 1.26 1.63 -0.28 -0.13 0.19 0.52 
Loss: 0.707567  SIA Ef: -0.108854 Binding: 0.02 -0.04 -0.06 -0.20 0.02 0.33 0.12 0.38 -0.10 -0.31 -0.22  Rvol: 0.55 1.04 1.42 -0.33 -0.28 0.04 0.38 0.14 0.74 1.26 1.63 -0.28 -0.13 0.19 0.52 
Loss: 0.705065  SIA Ef: -0.059946 Binding: 0.01 -0.03 -0.02 -0.20 -0.00 0.33 0.13 0.38 -0.11 -0.30 -0.21  Rvol: 0.55 1.04 1.43 -0.33 -0.28 0.04 0.38 0.14 0.74 1.27 1.64 -0.28 -0.13 0.19 0.52 
Loss: 0.700642  SIA Ef: -0.057919 Binding: 0.01 -0.03 -0.03 -0.20 0.01 0.33 0.12 0.38 -0.10 -0.30 -0.21  Rvol: 0.55 1.04 1.43 -0.33 -0.28 0.04 0.38 0.14 0.74 1.27 1.64 -0.28 -0.13 0.19 0.52 
Loss: 0.696511  SIA Ef: -0.043294 Binding: 0.01 -0.02 -0.02 -0.21 -0.01 0.33 0.12 0.37 -0.11 -0.30 -0.21  Rvol: 0.55 1.05 1.43 -0.33 -0.28 0.04 0.38 0.14 0.74 1.27 1.64 -0.28 -0.13 0.19 0.52 
Loss: 0.694733  SIA Ef: -0.061403 Binding: 0.02 -0.03 -0.03 -0.21 -0.00 0.33 0.12 0.36 -0.11 -0.31 -0.22  Rvol: 0.55 1.05 1.43 -0.33 -0.28 0.04 0.38 0.14 0.74 1.27 1.64 -0.28 -0.13 0.19 0.52 
Loss: 0.696836  SIA Ef: -0.018658 Binding: 0.01 -0.02 0.02 -0.20 -0.02 0.32 0.12 0.35 -0.12 -0.31 -0.23  Rvol: 0.55 1.05 1.44 -0.33 -0.28 0.04 0.38 0.14 0.74 1.27 1.65 -0.28 -0.13 0.19 0.52 
Loss: 0.696809  SIA Ef: -0.085319 Binding: 0.01 -0.03 -0.02 -0.21 -0.01 0.33 0.12 0.36 -0.11 -0.31 -0.22  Rvol: 0.55 1.04 1.43 -0.33 -0.28 0.04 0.38 0.14 0.74 1.26 1.64 -0.28 -0.13 0.19 0.52 
Loss: 0.691402  SIA Ef: -0.087222 Binding: 0.03 -0.02 -0.07 -0.20 0.02 0.33 0.12 0.36 -0.09 -0.30 -0.21  Rvol: 0.55 1.04 1.42 -0.33 -0.28 0.04 0.38 0.14 0.74 1.26 1.63 -0.28 -0.13 0.19 0.52 
Loss: 0.690683  SIA Ef: -0.045396 Binding: 0.02 -0.01 -0.03 -0.20 0.00 0.33 0.13 0.36 -0.10 -0.30 -0.20  Rvol: 0.55 1.05 1.43 -0.33 -0.28 0.04 0.38 0.14 0.74 1.27 1.64 -0.28 -0.13 0.19 0.52 
Loss: 0.690176  SIA Ef: -0.038779 Binding: 0.02 -0.01 -0.03 -0.21 -0.00 0.33 0.13 0.36 -0.11 -0.30 -0.20  Rvol: 0.55 1.05 1.43 -0.33 -0.28 0.04 0.38 0.14 0.74 1.27 1.64 -0.28 -0.13 0.19 0.52 
Loss: 0.691849  SIA Ef: -0.031377 Binding: 0.02 -0.00 0.01 -0.21 -0.02 0.32 0.12 0.35 -0.12 -0.31 -0.21  Rvol: 0.55 1.05 1.44 -0.33 -0.28 0.04 0.38 0.14 0.74 1.27 1.65 -0.28 -0.13 0.19 0.52 
Loss: 0.692586  SIA Ef: -0.026111 Binding: 0.02 -0.01 -0.01 -0.21 -0.01 0.33 0.13 0.36 -0.11 -0.30 -0.20  Rvol: 0.55 1.05 1.44 -0.33 -0.28 0.04 0.38 0.14 0.74 1.27 1.65 -0.28 -0.13 0.19 0.52 
Loss: 0.692165  SIA Ef: -0.005613 Binding: 0.03 -0.01 -0.06 -0.21 -0.00 0.33 0.12 0.35 -0.10 -0.30 -0.21  Rvol: 0.55 1.05 1.44 -0.33 -0.28 0.05 0.39 0.14 0.75 1.27 1.65 -0.28 -0.13 0.19 0.52 
Loss: 0.689808  SIA Ef: -0.044961 Binding: 0.02 -0.01 -0.03 -0.21 -0.00 0.33 0.12 0.36 -0.11 -0.30 -0.21  Rvol: 0.55 1.05 1.43 -0.33 -0.28 0.04 0.38 0.14 0.74 1.27 1.64 -0.28 -0.13 0.19 0.52 
Loss: 0.691825  SIA Ef: -0.096955 Binding: 0.04 -0.00 -0.09 -0.20 0.04 0.33 0.12 0.36 -0.09 -0.30 -0.21  Rvol: 0.55 1.04 1.42 -0.33 -0.28 0.04 0.38 0.14 0.74 1.26 1.63 -0.28 -0.13 0.19 0.52 
Loss: 0.688301  SIA Ef: -0.028838 Binding: 0.02 -0.00 -0.02 -0.21 -0.01 0.33 0.12 0.35 -0.11 -0.30 -0.21  Rvol: 0.55 1.05 1.44 -0.33 -0.28 0.04 0.38 0.14 0.74 1.27 1.64 -0.28 -0.13 0.19 0.52 
Loss: 0.690722  SIA Ef: 0.001557 Binding: 0.02 -0.00 0.01 -0.21 -0.02 0.32 0.12 0.35 -0.12 -0.30 -0.21  Rvol: 0.55 1.05 1.44 -0.33 -0.28 0.05 0.38 0.14 0.74 1.27 1.65 -0.28 -0.13 0.19 0.52 
Loss: 0.685934  SIA Ef: -0.090481 Binding: 0.02 -0.01 -0.03 -0.21 -0.01 0.33 0.13 0.36 -0.11 -0.30 -0.20  Rvol: 0.55 1.04 1.43 -0.33 -0.28 0.04 0.38 0.14 0.74 1.26 1.64 -0.28 -0.13 0.19 0.51 
Loss: 0.685593  SIA Ef: -0.074805 Binding: 0.03 -0.01 -0.04 -0.21 -0.01 0.34 0.14 0.36 -0.10 -0.29 -0.19  Rvol: 0.55 1.04 1.43 -0.33 -0.28 0.04 0.38 0.14 0.74 1.26 1.64 -0.28 -0.13 0.19 0.51 
Loss: 0.687481  SIA Ef: -0.051078 Binding: 0.02 -0.01 -0.01 -0.21 -0.02 0.33 0.14 0.37 -0.11 -0.29 -0.18  Rvol: 0.55 1.05 1.44 -0.33 -0.28 0.04 0.38 0.14 0.74 1.27 1.64 -0.28 -0.13 0.19 0.52 
Loss: 0.687107  SIA Ef: -0.090007 Binding: 0.02 -0.02 -0.02 -0.21 -0.02 0.33 0.13 0.36 -0.10 -0.29 -0.19  Rvol: 0.55 1.04 1.43 -0.33 -0.28 0.04 0.38 0.14 0.74 1.26 1.64 -0.28 -0.13 0.19 0.51 
Loss: 0.685511  SIA Ef: -0.070431 Binding: 0.03 -0.01 -0.06 -0.21 0.00 0.34 0.14 0.37 -0.09 -0.28 -0.19  Rvol: 0.55 1.04 1.43 -0.33 -0.28 0.04 0.38 0.14 0.74 1.27 1.64 -0.28 -0.13 0.19 0.51 
Loss: 0.684766  SIA Ef: -0.055713 Binding: 0.03 -0.01 -0.08 -0.21 0.00 0.34 0.13 0.36 -0.09 -0.29 -0.19  Rvol: 0.55 1.05 1.43 -0.33 -0.28 0.04 0.38 0.14 0.74 1.27 1.64 -0.28 -0.13 0.19 0.52 
Loss: 0.688686  SIA Ef: -0.084451 Binding: 0.03 -0.01 -0.11 -0.21 0.02 0.34 0.13 0.36 -0.08 -0.28 -0.19  Rvol: 0.55 1.04 1.43 -0.33 -0.28 0.04 0.38 0.14 0.74 1.26 1.64 -0.28 -0.13 0.19 0.51 
Loss: 0.683552  SIA Ef: -0.050802 Binding: 0.03 -0.01 -0.07 -0.22 -0.00 0.33 0.13 0.35 -0.09 -0.29 -0.19  Rvol: 0.55 1.05 1.43 -0.33 -0.28 0.04 0.38 0.14 0.74 1.27 1.64 -0.28 -0.13 0.19 0.52 
Loss: 0.682661  SIA Ef: -0.024092 Binding: 0.03 -0.01 -0.05 -0.22 -0.02 0.33 0.13 0.35 -0.10 -0.29 -0.19  Rvol: 0.55 1.05 1.44 -0.33 -0.28 0.04 0.38 0.14 0.74 1.27 1.65 -0.28 -0.13 0.19 0.52 
Loss: 0.682132  SIA Ef: -0.018242 Binding: 0.03 -0.01 -0.04 -0.22 -0.02 0.33 0.13 0.35 -0.10 -0.29 -0.19  Rvol: 0.55 1.05 1.44 -0.33 -0.28 0.04 0.38 0.14 0.74 1.27 1.65 -0.28 -0.13 0.19 0.52 
Loss: 0.684602  SIA Ef: -0.044024 Binding: 0.02 -0.02 -0.06 -0.22 -0.02 0.33 0.14 0.36 -0.09 -0.28 -0.19  Rvol: 0.55 1.05 1.44 -0.33 -0.28 0.04 0.38 0.14 0.74 1.27 1.64 -0.28 -0.13 0.19 0.52 
Loss: 0.685014  SIA Ef: 0.004613 Binding: 0.03 -0.01 -0.05 -0.22 -0.02 0.33 0.13 0.35 -0.10 -0.29 -0.19  Rvol: 0.55 1.05 1.44 -0.33 -0.28 0.05 0.39 0.14 0.74 1.27 1.65 -0.28 -0.13 0.19 0.52 
Loss: 0.695084  SIA Ef: 0.029897 Binding: 0.01 -0.02 0.00 -0.22 -0.05 0.33 0.13 0.34 -0.12 -0.30 -0.20  Rvol: 0.56 1.05 1.45 -0.33 -0.28 0.04 0.38 0.14 0.74 1.27 1.66 -0.28 -0.13 0.19 0.52 
Loss: 0.683763  SIA Ef: -0.008311 Binding: 0.03 -0.01 -0.04 -0.22 -0.02 0.34 0.14 0.35 -0.10 -0.28 -0.18  Rvol: 0.55 1.05 1.44 -0.33 -0.28 0.04 0.38 0.14 0.74 1.27 1.65 -0.28 -0.13 0.19 0.52 
Loss: 0.691101  SIA Ef: 0.009815 Binding: 0.02 -0.01 0.01 -0.22 -0.04 0.33 0.14 0.35 -0.11 -0.29 -0.19  Rvol: 0.56 1.05 1.45 -0.33 -0.28 0.04 0.38 0.14 0.74 1.27 1.65 -0.28 -0.13 0.19 0.52 
Loss: 0.682028  SIA Ef: -0.110840 Binding: 0.04 -0.01 -0.11 -0.21 0.02 0.34 0.13 0.34 -0.08 -0.29 -0.20  Rvol: 0.55 1.04 1.42 -0.33 -0.28 0.04 0.38 0.14 0.74 1.26 1.63 -0.28 -0.13 0.19 0.51 
Loss: 0.681208  SIA Ef: -0.110241 Binding: 0.03 -0.02 -0.11 -0.21 0.02 0.34 0.13 0.34 -0.08 -0.29 -0.20  Rvol: 0.55 1.04 1.42 -0.33 -0.28 0.04 0.38 0.14 0.74 1.26 1.63 -0.28 -0.13 0.19 0.51 
Loss: 0.678530  SIA Ef: -0.112137 Binding: 0.03 -0.02 -0.08 -0.22 0.01 0.33 0.12 0.34 -0.09 -0.29 -0.20  Rvol: 0.55 1.04 1.42 -0.33 -0.28 0.04 0.38 0.14 0.74 1.26 1.63 -0.28 -0.13 0.19 0.51 
Loss: 0.680070  SIA Ef: -0.128776 Binding: 0.02 -0.02 -0.07 -0.22 -0.00 0.33 0.12 0.34 -0.09 -0.29 -0.21  Rvol: 0.55 1.04 1.42 -0.33 -0.28 0.04 0.38 0.14 0.74 1.26 1.63 -0.28 -0.13 0.19 0.51 
Loss: 0.679253  SIA Ef: -0.109765 Binding: 0.03 -0.02 -0.09 -0.21 0.01 0.34 0.13 0.34 -0.09 -0.29 -0.20  Rvol: 0.55 1.04 1.42 -0.33 -0.28 0.04 0.38 0.14 0.74 1.26 1.63 -0.28 -0.13 0.19 0.51 
Loss: 0.672605  SIA Ef: -0.094985 Binding: 0.03 -0.01 -0.06 -0.21 0.00 0.33 0.12 0.33 -0.10 -0.30 -0.21  Rvol: 0.55 1.04 1.43 -0.33 -0.28 0.04 0.38 0.14 0.74 1.26 1.63 -0.28 -0.13 0.19 0.51 
Loss: 0.670908  SIA Ef: -0.078325 Binding: 0.03 -0.01 -0.04 -0.21 -0.00 0.33 0.12 0.32 -0.11 -0.30 -0.22  Rvol: 0.55 1.04 1.43 -0.33 -0.28 0.04 0.38 0.14 0.74 1.26 1.64 -0.28 -0.13 0.19 0.51 
Loss: 0.669122  SIA Ef: -0.073352 Binding: 0.03 -0.00 -0.03 -0.21 -0.01 0.33 0.12 0.33 -0.11 -0.30 -0.21  Rvol: 0.55 1.04 1.43 -0.33 -0.28 0.04 0.38 0.14 0.74 1.26 1.64 -0.28 -0.13 0.19 0.51 
Loss: 0.668753  SIA Ef: -0.069041 Binding: 0.03 -0.00 -0.04 -0.21 -0.01 0.33 0.12 0.32 -0.11 -0.30 -0.21  Rvol: 0.55 1.05 1.43 -0.33 -0.28 0.04 0.38 0.14 0.74 1.27 1.64 -0.28 -0.13 0.19 0.51 
Loss: 0.668823  SIA Ef: -0.066408 Binding: 0.03 -0.00 -0.04 -0.21 -0.01 0.33 0.12 0.32 -0.11 -0.30 -0.22  Rvol: 0.55 1.05 1.43 -0.33 -0.28 0.04 0.38 0.14 0.74 1.27 1.64 -0.28 -0.13 0.19 0.51 
Loss: 0.668597  SIA Ef: -0.068334 Binding: 0.03 -0.00 -0.04 -0.21 -0.01 0.33 0.12 0.32 -0.11 -0.30 -0.21  Rvol: 0.55 1.05 1.43 -0.33 -0.28 0.04 0.38 0.14 0.74 1.27 1.64 -0.28 -0.13 0.19 0.51 
Loss: 0.666964  SIA Ef: -0.094860 Binding: 0.03 0.00 -0.06 -0.21 0.01 0.33 0.12 0.32 -0.10 -0.30 -0.21  Rvol: 0.55 1.04 1.43 -0.33 -0.28 0.04 0.38 0.14 0.74 1.26 1.64 -0.28 -0.13 0.19 0.51 
Loss: 0.667467  SIA Ef: -0.087083 Binding: 0.03 -0.00 -0.05 -0.21 0.00 0.33 0.12 0.32 -0.10 -0.30 -0.21  Rvol: 0.55 1.04 1.43 -0.33 -0.28 0.04 0.38 0.14 0.74 1.26 1.64 -0.28 -0.13 0.19 0.51 
Loss: 0.669048  SIA Ef: -0.106358 Binding: 0.03 -0.00 -0.03 -0.21 -0.00 0.33 0.12 0.32 -0.11 -0.30 -0.21  Rvol: 0.55 1.04 1.43 -0.33 -0.28 0.04 0.38 0.14 0.74 1.26 1.64 -0.28 -0.13 0.19 0.51 
Loss: 0.667990  SIA Ef: -0.090650 Binding: 0.03 0.00 -0.05 -0.21 0.01 0.33 0.12 0.32 -0.10 -0.30 -0.21  Rvol: 0.55 1.04 1.43 -0.33 -0.28 0.04 0.38 0.14 0.74 1.26 1.64 -0.28 -0.13 0.19 0.51 
Loss: 0.670083  SIA Ef: -0.115242 Binding: 0.04 0.00 -0.09 -0.21 0.02 0.33 0.12 0.32 -0.09 -0.30 -0.21  Rvol: 0.55 1.04 1.42 -0.33 -0.28 0.04 0.38 0.14 0.74 1.26 1.63 -0.28 -0.13 0.19 0.51 
Loss: 0.667744  SIA Ef: -0.059407 Binding: 0.03 0.01 -0.04 -0.21 -0.00 0.33 0.12 0.32 -0.11 -0.30 -0.21  Rvol: 0.55 1.05 1.43 -0.33 -0.28 0.04 0.38 0.14 0.74 1.27 1.64 -0.28 -0.13 0.19 0.51 
Loss: 0.669138  SIA Ef: -0.104944 Binding: 0.03 -0.00 -0.07 -0.21 0.01 0.33 0.12 0.33 -0.10 -0.30 -0.21  Rvol: 0.55 1.04 1.43 -0.33 -0.28 0.04 0.38 0.14 0.74 1.26 1.63 -0.28 -0.13 0.19 0.51 
Loss: 0.667076  SIA Ef: -0.095506 Binding: 0.03 0.00 -0.06 -0.21 0.01 0.33 0.12 0.32 -0.10 -0.30 -0.21  Rvol: 0.55 1.04 1.43 -0.33 -0.28 0.04 0.38 0.14 0.74 1.26 1.64 -0.28 -0.13 0.19 0.51 
Loss: 0.668152  SIA Ef: -0.098045 Binding: 0.03 -0.00 -0.06 -0.21 0.01 0.33 0.12 0.32 -0.10 -0.30 -0.21  Rvol: 0.55 1.04 1.43 -0.33 -0.28 0.04 0.38 0.14 0.74 1.26 1.63 -0.28 -0.13 0.19 0.51 
Loss: 0.666948  SIA Ef: -0.095378 Binding: 0.03 0.00 -0.06 -0.21 0.01 0.33 0.12 0.32 -0.10 -0.30 -0.21  Rvol: 0.55 1.04 1.43 -0.33 -0.28 0.04 0.38 0.14 0.74 1.26 1.64 -0.28 -0.13 0.19 0.51 
Loss: 0.668873  SIA Ef: -0.099955 Binding: 0.03 0.00 -0.05 -0.21 0.01 0.33 0.12 0.32 -0.10 -0.30 -0.21  Rvol: 0.55 1.04 1.43 -0.33 -0.28 0.04 0.38 0.14 0.74 1.26 1.63 -0.28 -0.13 0.19 0.51 
Loss: 0.668438  SIA Ef: -0.097556 Binding: 0.03 0.00 -0.05 -0.21 0.00 0.33 0.12 0.32 -0.10 -0.30 -0.21  Rvol: 0.55 1.04 1.43 -0.33 -0.28 0.04 0.38 0.14 0.74 1.26 1.64 -0.28 -0.13 0.19 0.51 
Loss: 0.668119  SIA Ef: -0.090228 Binding: 0.03 0.00 -0.06 -0.21 0.01 0.33 0.12 0.32 -0.10 -0.30 -0.21  Rvol: 0.55 1.04 1.43 -0.33 -0.28 0.04 0.38 0.14 0.74 1.26 1.64 -0.28 -0.13 0.19 0.51 
Loss: 0.666904  SIA Ef: -0.095216 Binding: 0.04 0.00 -0.06 -0.21 0.01 0.33 0.12 0.32 -0.10 -0.30 -0.21  Rvol: 0.55 1.04 1.43 -0.33 -0.28 0.04 0.38 0.14 0.74 1.26 1.63 -0.28 -0.13 0.19 0.51 
Loss: 0.667213  SIA Ef: -0.098057 Binding: 0.03 0.00 -0.06 -0.21 0.01 0.33 0.12 0.32 -0.10 -0.30 -0.21  Rvol: 0.55 1.04 1.43 -0.33 -0.28 0.04 0.38 0.14 0.74 1.26 1.63 -0.28 -0.13 0.19 0.51 
Loss: 0.666303  SIA Ef: -0.084301 Binding: 0.03 0.00 -0.06 -0.21 0.01 0.33 0.12 0.32 -0.10 -0.30 -0.21  Rvol: 0.55 1.04 1.43 -0.33 -0.28 0.04 0.38 0.14 0.74 1.26 1.64 -0.28 -0.13 0.19 0.51 
Loss: 0.666268  SIA Ef: -0.084720 Binding: 0.03 0.00 -0.06 -0.21 0.01 0.33 0.12 0.32 -0.10 -0.30 -0.21  Rvol: 0.55 1.04 1.43 -0.33 -0.28 0.04 0.38 0.14 0.74 1.26 1.64 -0.28 -0.13 0.19 0.51 
Loss: 0.667226  SIA Ef: -0.085929 Binding: 0.04 0.00 -0.06 -0.21 0.01 0.33 0.12 0.32 -0.10 -0.30 -0.21  Rvol: 0.55 1.04 1.43 -0.33 -0.28 0.04 0.38 0.14 0.74 1.26 1.64 -0.28 -0.13 0.19 0.51 
Loss: 0.666490  SIA Ef: -0.086090 Binding: 0.03 0.00 -0.06 -0.21 0.01 0.33 0.12 0.32 -0.10 -0.30 -0.21  Rvol: 0.55 1.04 1.43 -0.33 -0.28 0.04 0.38 0.14 0.74 1.26 1.64 -0.28 -0.13 0.19 0.51 
Loss: 0.667374  SIA Ef: -0.079408 Binding: 0.03 0.00 -0.05 -0.21 0.01 0.33 0.12 0.32 -0.10 -0.30 -0.21  Rvol: 0.55 1.04 1.43 -0.33 -0.28 0.04 0.38 0.14 0.74 1.26 1.64 -0.28 -0.13 0.19 0.51 
Loss: 0.666360  SIA Ef: -0.085922 Binding: 0.03 0.00 -0.06 -0.21 0.01 0.33 0.12 0.32 -0.10 -0.30 -0.21  Rvol: 0.55 1.04 1.43 -0.33 -0.28 0.04 0.38 0.14 0.74 1.26 1.64 -0.28 -0.13 0.19 0.51 
Loss: 0.667532  SIA Ef: -0.080105 Binding: 0.03 0.00 -0.05 -0.21 0.00 0.33 0.12 0.32 -0.10 -0.30 -0.21  Rvol: 0.55 1.04 1.43 -0.33 -0.28 0.04 0.38 0.14 0.74 1.26 1.64 -0.28 -0.13 0.19 0.51 
Loss: 0.667702  SIA Ef: -0.084156 Binding: 0.03 0.00 -0.05 -0.21 0.00 0.33 0.12 0.32 -0.10 -0.30 -0.21  Rvol: 0.55 1.04 1.43 -0.33 -0.28 0.04 0.38 0.14 0.74 1.26 1.64 -0.28 -0.13 0.19 0.51 
Loss: 0.666270  SIA Ef: -0.084903 Binding: 0.03 0.00 -0.06 -0.21 0.01 0.33 0.12 0.32 -0.10 -0.30 -0.21  Rvol: 0.55 1.04 1.43 -0.33 -0.28 0.04 0.38 0.14 0.74 1.26 1.64 -0.28 -0.13 0.19 0.51 
Loss: 0.666507  SIA Ef: -0.086995 Binding: 0.03 0.00 -0.06 -0.21 0.01 0.33 0.12 0.32 -0.10 -0.30 -0.21  Rvol: 0.55 1.04 1.43 -0.33 -0.28 0.04 0.38 0.14 0.74 1.26 1.64 -0.28 -0.13 0.19 0.51 
Loss: 0.666250  SIA Ef: -0.084876 Binding: 0.03 0.00 -0.06 -0.21 0.01 0.33 0.12 0.32 -0.10 -0.30 -0.21  Rvol: 0.55 1.04 1.43 -0.33 -0.28 0.04 0.38 0.14 0.74 1.26 1.64 -0.28 -0.13 0.19 0.51 
Loss: 0.666563  SIA Ef: -0.090265 Binding: 0.03 0.00 -0.06 -0.21 0.01 0.33 0.12 0.32 -0.10 -0.30 -0.21  Rvol: 0.55 1.04 1.43 -0.33 -0.28 0.04 0.38 0.14 0.74 1.26 1.64 -0.28 -0.13 0.19 0.51 
Loss: 0.666103  SIA Ef: -0.083468 Binding: 0.03 0.00 -0.06 -0.21 0.01 0.33 0.12 0.32 -0.10 -0.30 -0.21  Rvol: 0.55 1.04 1.43 -0.33 -0.28 0.04 0.38 0.14 0.74 1.26 1.64 -0.28 -0.13 0.19 0.51 
Loss: 0.665946  SIA Ef: -0.081827 Binding: 0.03 0.00 -0.06 -0.21 0.01 0.33 0.12 0.32 -0.10 -0.30 -0.21  Rvol: 0.55 1.04 1.43 -0.33 -0.28 0.04 0.38 0.14 0.74 1.26 1.64 -0.28 -0.13 0.19 0.51 
Loss: 0.667373  SIA Ef: -0.081083 Binding: 0.03 0.00 -0.06 -0.21 0.01 0.33 0.12 0.32 -0.10 -0.30 -0.21  Rvol: 0.55 1.04 1.43 -0.33 -0.28 0.04 0.38 0.14 0.74 1.26 1.64 -0.28 -0.13 0.19 0.51 
Loss: 0.666331  SIA Ef: -0.081561 Binding: 0.03 0.00 -0.06 -0.21 0.01 0.33 0.12 0.32 -0.10 -0.30 -0.21  Rvol: 0.55 1.04 1.43 -0.33 -0.28 0.04 0.38 0.14 0.74 1.26 1.64 -0.28 -0.13 0.19 0.51 
Loss: 0.665945  SIA Ef: -0.082304 Binding: 0.03 0.00 -0.06 -0.21 0.01 0.33 0.12 0.32 -0.10 -0.30 -0.21  Rvol: 0.55 1.04 1.43 -0.33 -0.28 0.04 0.38 0.14 0.74 1.26 1.64 -0.28 -0.13 0.19 0.51 
Loss: 0.665895  SIA Ef: -0.081775 Binding: 0.03 0.00 -0.06 -0.21 0.01 0.33 0.12 0.32 -0.10 -0.30 -0.21  Rvol: 0.55 1.04 1.43 -0.33 -0.28 0.04 0.38 0.14 0.74 1.26 1.64 -0.28 -0.13 0.19 0.51 
Loss: 0.666080  SIA Ef: -0.081704 Binding: 0.03 0.00 -0.06 -0.21 0.01 0.33 0.12 0.32 -0.10 -0.30 -0.21  Rvol: 0.55 1.04 1.43 -0.33 -0.28 0.04 0.38 0.14 0.74 1.26 1.64 -0.28 -0.13 0.19 0.51 
Loss: 0.665845  SIA Ef: -0.081437 Binding: 0.03 0.00 -0.06 -0.21 0.01 0.33 0.12 0.32 -0.10 -0.30 -0.21  Rvol: 0.55 1.04 1.43 -0.33 -0.28 0.04 0.38 0.14 0.74 1.26 1.64 -0.28 -0.13 0.19 0.51 
Loss: 0.667169  SIA Ef: -0.078746 Binding: 0.03 0.00 -0.05 -0.21 0.01 0.33 0.12 0.32 -0.10 -0.30 -0.21  Rvol: 0.55 1.04 1.43 -0.33 -0.28 0.04 0.38 0.14 0.74 1.26 1.64 -0.28 -0.13 0.19 0.51 
Loss: 0.665835  SIA Ef: -0.081559 Binding: 0.03 0.00 -0.06 -0.21 0.01 0.33 0.12 0.32 -0.10 -0.30 -0.21  Rvol: 0.55 1.04 1.43 -0.33 -0.28 0.04 0.38 0.14 0.74 1.26 1.64 -0.28 -0.13 0.19 0.51 
Loss: 0.665939  SIA Ef: -0.084138 Binding: 0.03 0.00 -0.06 -0.21 0.01 0.33 0.12 0.32 -0.10 -0.30 -0.21  Rvol: 0.55 1.04 1.43 -0.33 -0.28 0.04 0.38 0.14 0.74 1.26 1.64 -0.28 -0.13 0.19 0.51 
Loss: 0.665829  SIA Ef: -0.081797 Binding: 0.03 0.00 -0.06 -0.21 0.01 0.33 0.12 0.32 -0.10 -0.30 -0.21  Rvol: 0.55 1.04 1.43 -0.33 -0.28 0.04 0.38 0.14 0.74 1.26 1.64 -0.28 -0.13 0.19 0.51 
Loss: 0.665946  SIA Ef: -0.082780 Binding: 0.03 0.00 -0.06 -0.21 0.01 0.33 0.12 0.32 -0.10 -0.30 -0.21  Rvol: 0.55 1.04 1.43 -0.33 -0.28 0.04 0.38 0.14 0.74 1.26 1.64 -0.28 -0.13 0.19 0.51 
Loss: 0.665831  SIA Ef: -0.081737 Binding: 0.03 0.00 -0.06 -0.21 0.01 0.33 0.12 0.32 -0.10 -0.30 -0.21  Rvol: 0.55 1.04 1.43 -0.33 -0.28 0.04 0.38 0.14 0.74 1.26 1.64 -0.28 -0.13 0.19 0.51 
Loss: 0.665946  SIA Ef: -0.082917 Binding: 0.03 0.00 -0.06 -0.21 0.01 0.33 0.12 0.32 -0.10 -0.30 -0.21  Rvol: 0.55 1.04 1.43 -0.33 -0.28 0.04 0.38 0.14 0.74 1.26 1.64 -0.28 -0.13 0.19 0.51 
Loss: 0.666021  SIA Ef: -0.081763 Binding: 0.03 0.00 -0.06 -0.21 0.01 0.33 0.12 0.32 -0.10 -0.30 -0.21  Rvol: 0.55 1.04 1.43 -0.33 -0.28 0.04 0.38 0.14 0.74 1.26 1.64 -0.28 -0.13 0.19 0.51 
Loss: 0.665702  SIA Ef: -0.080804 Binding: 0.03 0.00 -0.06 -0.21 0.01 0.33 0.12 0.32 -0.10 -0.30 -0.21  Rvol: 0.55 1.04 1.43 -0.33 -0.28 0.04 0.38 0.14 0.74 1.26 1.64 -0.28 -0.13 0.19 0.51 
Loss: 0.667193  SIA Ef: -0.079998 Binding: 0.03 0.00 -0.06 -0.21 0.01 0.33 0.12 0.32 -0.10 -0.30 -0.21  Rvol: 0.55 1.04 1.43 -0.33 -0.28 0.04 0.38 0.14 0.74 1.26 1.64 -0.28 -0.13 0.19 0.51 
Loss: 0.665696  SIA Ef: -0.080908 Binding: 0.03 0.00 -0.06 -0.21 0.01 0.33 0.12 0.32 -0.10 -0.30 -0.21  Rvol: 0.55 1.04 1.43 -0.33 -0.28 0.04 0.38 0.14 0.74 1.26 1.64 -0.28 -0.13 0.19 0.51 
Loss: 0.667197  SIA Ef: -0.080126 Binding: 0.03 0.00 -0.06 -0.21 0.01 0.33 0.12 0.32 -0.10 -0.30 -0.21  Rvol: 0.55 1.04 1.43 -0.33 -0.28 0.04 0.38 0.14 0.74 1.26 1.64 -0.28 -0.13 0.19 0.51 
Loss: 0.665698  SIA Ef: -0.081367 Binding: 0.03 0.00 -0.06 -0.21 0.01 0.33 0.12 0.32 -0.10 -0.30 -0.21  Rvol: 0.55 1.04 1.43 -0.33 -0.28 0.04 0.38 0.14 0.74 1.26 1.64 -0.28 -0.13 0.19 0.51 
Loss: 0.667194  SIA Ef: -0.079903 Binding: 0.03 0.00 -0.06 -0.21 0.01 0.33 0.12 0.32 -0.10 -0.30 -0.21  Rvol: 0.55 1.04 1.43 -0.33 -0.28 0.04 0.38 0.14 0.74 1.26 1.64 -0.28 -0.13 0.19 0.51 
Loss: 0.665707  SIA Ef: -0.080887 Binding: 0.03 0.00 -0.06 -0.21 0.01 0.33 0.12 0.32 -0.10 -0.30 -0.21  Rvol: 0.55 1.04 1.43 -0.33 -0.28 0.04 0.38 0.14 0.74 1.26 1.64 -0.28 -0.13 0.19 0.51 
Loss: 0.665769  SIA Ef: -0.081459 Binding: 0.03 0.00 -0.06 -0.21 0.01 0.33 0.12 0.32 -0.10 -0.30 -0.21  Rvol: 0.55 1.04 1.43 -0.33 -0.28 0.04 0.38 0.14 0.74 1.26 1.64 -0.28 -0.13 0.19 0.51 
Loss: 0.665707  SIA Ef: -0.080877 Binding: 0.03 0.00 -0.06 -0.21 0.01 0.33 0.12 0.32 -0.10 -0.30 -0.21  Rvol: 0.55 1.04 1.43 -0.33 -0.28 0.04 0.38 0.14 0.74 1.26 1.64 -0.28 -0.13 0.19 0.51 
Loss: 0.665745  SIA Ef: -0.081468 Binding: 0.03 0.00 -0.06 -0.21 0.01 0.33 0.12 0.32 -0.10 -0.30 -0.21  Rvol: 0.55 1.04 1.43 -0.33 -0.28 0.04 0.38 0.14 0.74 1.26 1.64 -0.28 -0.13 0.19 0.51 
Loss: 0.665705  SIA Ef: -0.080986 Binding: 0.03 0.00 -0.06 -0.21 0.01 0.33 0.12 0.32 -0.10 -0.30 -0.21  Rvol: 0.55 1.04 1.43 -0.33 -0.28 0.04 0.38 0.14 0.74 1.26 1.64 -0.28 -0.13 0.19 0.51 
Loss: 0.665725  SIA Ef: -0.081011 Binding: 0.03 0.00 -0.06 -0.21 0.01 0.33 0.12 0.32 -0.10 -0.30 -0.21  Rvol: 0.55 1.04 1.43 -0.33 -0.28 0.04 0.38 0.14 0.74 1.26 1.64 -0.28 -0.13 0.19 0.51 
Loss: 0.665754  SIA Ef: -0.081142 Binding: 0.03 0.00 -0.06 -0.21 0.01 0.33 0.12 0.32 -0.10 -0.30 -0.21  Rvol: 0.55 1.04 1.43 -0.33 -0.28 0.04 0.38 0.14 0.74 1.26 1.64 -0.28 -0.13 0.19 0.51 
