Start Optimization 
Loss: 4.238963  SIA Ef: -1.225672 Binding: 0.16 0.25 0.05 -0.76 -0.76 0.44 0.49 0.82 -0.05 0.05 0.44  Rvol: 0.54 1.01 1.42 -0.33 -0.35 -0.04 0.33 0.14 0.70 1.22 1.66 -0.28 -0.19 0.13 0.48 
Loss: 4.030601  SIA Ef: -1.165266 Binding: 0.16 0.25 0.06 -0.75 -0.75 0.43 0.47 0.83 -0.06 0.02 0.41  Rvol: 0.54 1.01 1.43 -0.33 -0.34 -0.03 0.34 0.14 0.71 1.23 1.67 -0.28 -0.19 0.14 0.49 
Loss: 36.640153  SIA Ef: 3.567500 Binding: 0.11 0.47 4.32 1.02 -0.27 0.40 0.26 1.26 -0.39 -0.25 0.27  Rvol: 0.73 1.42 2.07 -0.33 -0.09 0.25 0.71 0.14 0.93 1.61 2.35 -0.28 0.06 0.43 0.91 
Loss: 71.463785  SIA Ef: -0.505962 Binding: 1.87 1.46 -5.86 0.71 2.24 1.25 0.32 0.34 4.42 0.50 1.79  Rvol: 0.53 1.17 1.49 -0.33 -0.16 0.45 0.76 0.14 0.80 1.36 1.70 -0.28 0.20 0.56 1.12 
Loss: 201.564810  SIA Ef: 10.689722 Binding: 1.77 0.09 8.13 1.71 -1.17 1.54 0.43 1.16 -0.68 -0.84 -0.51  Rvol: 1.27 2.06 3.60 -0.33 -0.26 -0.10 0.31 0.14 1.33 2.46 3.66 -0.28 -0.10 0.08 0.47 
Loss: 8.702434  SIA Ef: -1.165266 Binding: 0.16 0.25 0.06 -0.75 -0.75 0.20 -0.28 2.17 -0.68 -0.49 0.62  Rvol: 0.54 1.01 1.43 -0.33 -0.34 -0.03 0.34 0.14 0.71 1.26 1.66 -0.28 -0.07 0.19 0.60 
Loss: 3.100614  SIA Ef: -1.165266 Binding: 0.16 0.25 0.06 -0.75 -0.75 0.25 0.13 0.17 -0.19 -0.29 -0.31  Rvol: 0.54 1.01 1.43 -0.33 -0.34 -0.03 0.34 0.14 0.71 1.20 1.63 -0.28 -0.22 0.09 0.40 
Loss: 3.061365  SIA Ef: -1.165266 Binding: 0.16 0.25 0.06 -0.75 -0.75 0.28 0.19 0.24 -0.17 -0.24 -0.17  Rvol: 0.54 1.01 1.43 -0.33 -0.34 -0.03 0.34 0.14 0.71 1.20 1.64 -0.28 -0.21 0.10 0.42 
Loss: 5.516365  SIA Ef: -1.165266 Binding: 0.40 0.77 0.06 -1.16 -1.17 0.28 0.21 0.33 -0.17 -0.14 0.27  Rvol: 0.54 1.03 1.44 -0.33 -0.34 0.08 0.49 0.14 0.71 1.22 1.66 -0.28 -0.21 0.16 0.51 
Loss: 11.411749  SIA Ef: -1.165266 Binding: -0.90 -1.93 0.06 -0.98 -2.00 0.28 0.19 0.03 -0.17 -0.35 -0.38  Rvol: 0.54 1.00 1.36 -0.33 -0.34 -0.13 0.14 0.14 0.71 1.20 1.57 -0.28 -0.21 0.01 0.26 
Loss: 2.476164  SIA Ef: -1.165266 Binding: 0.12 0.16 0.06 -0.63 -0.54 0.28 0.14 -0.01 -0.17 -0.24 -0.17  Rvol: 0.54 1.00 1.39 -0.33 -0.34 -0.02 0.32 0.14 0.71 1.19 1.58 -0.28 -0.21 0.10 0.40 
Loss: 308.683386  SIA Ef: -15.576817 Binding: -0.04 0.58 -5.87 2.92 -0.05 0.50 0.16 -0.21 3.92 -1.35 0.62  Rvol: -0.15 -0.19 -0.43 -0.33 -0.40 -0.59 -0.69 0.14 0.26 0.22 -0.31 -0.28 -0.37 -0.67 -0.52 
Loss: 51.208628  SIA Ef: -1.497301 Binding: 1.05 0.83 -5.13 2.76 -0.36 0.71 0.04 -0.09 2.98 -1.83 0.43  Rvol: 0.43 0.98 1.22 -0.33 -0.35 0.24 0.45 0.14 0.72 1.17 1.42 -0.28 -0.02 0.08 0.61 
Loss: 2.424503  SIA Ef: -1.142226 Binding: 0.11 0.16 0.06 -0.63 -0.54 0.28 0.14 -0.02 -0.18 -0.24 -0.18  Rvol: 0.54 1.00 1.39 -0.33 -0.34 -0.02 0.33 0.14 0.71 1.20 1.59 -0.28 -0.21 0.10 0.40 
Loss: 6.117571  SIA Ef: 0.877748 Binding: -0.03 0.37 2.03 -0.08 -0.46 0.24 0.21 0.19 -0.32 -0.33 -0.11  Rvol: 0.61 1.11 1.57 -0.33 -0.23 0.10 0.53 0.14 0.77 1.36 1.83 -0.28 -0.09 0.24 0.60 
Loss: 3.559063  SIA Ef: -1.065167 Binding: 0.11 0.16 0.11 -0.63 -0.57 0.51 0.61 0.73 0.06 0.23 0.50  Rvol: 0.54 1.01 1.41 -0.33 -0.34 -0.02 0.33 0.14 0.72 1.20 1.60 -0.28 -0.21 0.10 0.40 
Loss: 56.671755  SIA Ef: 4.880181 Binding: -0.24 -0.51 4.88 0.04 -2.02 0.21 0.05 -0.11 -0.58 -0.71 -0.66  Rvol: 0.93 1.71 2.61 -0.33 -0.31 -0.16 0.44 0.14 1.07 1.94 2.82 -0.28 -0.16 0.04 0.77 
Loss: 2.506117  SIA Ef: -1.152474 Binding: 0.12 0.16 0.06 -0.62 -0.53 0.25 0.09 -0.03 -0.19 -0.29 -0.29  Rvol: 0.54 1.00 1.39 -0.33 -0.34 -0.02 0.33 0.14 0.71 1.19 1.58 -0.28 -0.21 0.09 0.39 
Loss: 48.330332  SIA Ef: -6.873458 Binding: 0.07 0.04 -0.27 -0.53 0.02 0.40 0.12 -0.11 -0.03 -0.26 -0.21  Rvol: 0.28 0.60 0.68 -0.33 -0.38 -0.27 -0.14 0.14 0.52 0.78 0.86 -0.28 -0.26 -0.18 -0.09 
Loss: 2.410147  SIA Ef: -1.142225 Binding: 0.11 0.16 0.06 -0.63 -0.54 0.29 0.15 -0.03 -0.17 -0.23 -0.14  Rvol: 0.54 1.00 1.39 -0.33 -0.34 -0.02 0.33 0.14 0.71 1.20 1.60 -0.28 -0.21 0.11 0.41 
Loss: 71.883367  SIA Ef: -2.899451 Binding: 1.05 0.83 -5.79 3.21 -0.27 0.73 0.02 -0.14 3.63 -1.88 0.58  Rvol: 0.37 0.89 1.05 -0.33 -0.35 0.16 0.34 0.14 0.67 1.07 1.24 -0.28 -0.02 0.02 0.52 
Loss: 1.971073  SIA Ef: -1.070460 Binding: 0.11 0.20 0.12 -0.47 -0.36 0.28 0.14 -0.05 -0.18 -0.25 -0.20  Rvol: 0.54 1.01 1.40 -0.33 -0.34 -0.04 0.30 0.14 0.72 1.20 1.61 -0.28 -0.21 0.09 0.38 
Loss: 57.298897  SIA Ef: 4.214880 Binding: -0.16 -0.69 5.60 0.60 -1.46 0.34 0.46 -0.03 -0.61 -0.76 -0.83  Rvol: 0.92 1.68 2.60 -0.33 -0.31 -0.18 0.27 0.14 1.06 1.95 2.76 -0.28 -0.16 0.01 0.53 
Loss: 2.807982  SIA Ef: -1.323210 Binding: 0.35 0.66 0.11 -0.35 0.02 0.29 0.14 -0.04 -0.17 -0.23 -0.16  Rvol: 0.53 0.99 1.37 -0.33 -0.34 -0.03 0.31 0.14 0.71 1.18 1.58 -0.28 -0.21 0.10 0.38 
Loss: 42.453017  SIA Ef: -6.440063 Binding: -0.07 -0.08 0.29 -0.42 -0.12 0.38 0.15 0.06 -0.14 -0.30 -0.24  Rvol: 0.30 0.62 0.72 -0.33 -0.38 -0.26 -0.13 0.14 0.54 0.81 0.91 -0.28 -0.25 -0.15 -0.07 
Loss: 1.918021  SIA Ef: -1.073262 Binding: 0.13 0.24 0.11 -0.44 -0.30 0.28 0.13 -0.05 -0.18 -0.25 -0.20  Rvol: 0.54 1.00 1.40 -0.33 -0.34 -0.03 0.30 0.14 0.72 1.20 1.60 -0.28 -0.21 0.09 0.38 
Loss: 70.027164  SIA Ef: -2.763536 Binding: 1.00 0.81 -5.74 3.17 -0.27 0.73 0.02 -0.22 3.57 -1.96 0.60  Rvol: 0.37 0.87 1.02 -0.33 -0.35 0.17 0.33 0.14 0.68 1.06 1.22 -0.28 -0.02 0.02 0.50 
Loss: 2.818674  SIA Ef: -1.238594 Binding: 0.14 0.20 -0.04 -0.50 -0.37 0.18 -0.10 -0.34 -0.28 -0.45 -0.48  Rvol: 0.54 1.00 1.39 -0.33 -0.36 -0.05 0.28 0.14 0.71 1.20 1.59 -0.28 -0.21 0.09 0.38 
Loss: 57.750279  SIA Ef: 4.288134 Binding: -0.13 -0.69 5.59 0.57 -1.46 0.36 0.53 0.09 -0.59 -0.73 -0.77  Rvol: 0.92 1.68 2.62 -0.33 -0.31 -0.17 0.29 0.14 1.06 1.98 2.76 -0.28 -0.16 0.01 0.58 
Loss: 14.630341  SIA Ef: -3.748585 Binding: 0.04 0.09 0.18 -0.42 -0.16 0.33 0.14 0.00 -0.15 -0.27 -0.23  Rvol: 0.42 0.80 1.04 -0.33 -0.37 -0.16 0.06 0.14 0.62 1.00 1.25 -0.28 -0.23 -0.03 0.14 
Loss: 3.517916  SIA Ef: -1.593302 Binding: 0.20 0.19 -0.43 -0.53 -0.34 0.32 0.11 -0.06 -0.09 -0.21 -0.16  Rvol: 0.53 0.97 1.35 -0.33 -0.38 -0.06 0.27 0.14 0.70 1.16 1.56 -0.28 -0.23 0.06 0.35 
Loss: 15.835006  SIA Ef: -2.081406 Binding: 0.62 0.56 -2.73 0.93 0.21 0.55 0.09 -0.17 1.12 -0.87 0.08  Rvol: 0.43 0.91 1.16 -0.33 -0.32 0.09 0.30 0.14 0.67 1.10 1.36 -0.28 -0.13 0.05 0.40 
Loss: 4.270347  SIA Ef: 0.531577 Binding: -0.08 0.11 1.42 -0.48 -0.90 0.12 0.10 0.03 -0.36 -0.33 -0.30  Rvol: 0.64 1.15 1.66 -0.33 -0.34 -0.04 0.43 0.14 0.78 1.36 1.89 -0.28 -0.20 0.13 0.50 
Loss: 1.996578  SIA Ef: -1.098840 Binding: 0.13 0.24 0.10 -0.44 -0.29 0.27 0.10 -0.09 -0.19 -0.28 -0.24  Rvol: 0.54 1.00 1.39 -0.33 -0.34 -0.03 0.30 0.14 0.72 1.20 1.60 -0.28 -0.21 0.09 0.38 
Loss: 4.981012  SIA Ef: -1.909179 Binding: -0.01 0.12 0.72 -0.45 -0.48 0.25 0.13 -0.00 -0.26 -0.29 -0.23  Rvol: 0.52 0.94 1.31 -0.33 -0.35 -0.09 0.21 0.14 0.69 1.14 1.51 -0.28 -0.22 0.04 0.29 
Loss: 2.112272  SIA Ef: -1.105831 Binding: 0.14 0.25 0.05 -0.43 -0.26 0.24 0.03 -0.20 -0.22 -0.34 -0.35  Rvol: 0.54 1.00 1.39 -0.33 -0.34 -0.03 0.30 0.14 0.72 1.20 1.60 -0.28 -0.21 0.09 0.38 
Loss: 3.427263  SIA Ef: -1.251301 Binding: 0.35 0.39 -1.04 -0.22 0.30 0.41 0.15 -0.05 0.15 -0.17 -0.09  Rvol: 0.51 0.97 1.31 -0.33 -0.33 -0.00 0.32 0.14 0.70 1.17 1.52 -0.28 -0.19 0.10 0.40 
Loss: 1.900482  SIA Ef: -1.072637 Binding: 0.13 0.24 0.10 -0.44 -0.30 0.29 0.14 -0.01 -0.17 -0.23 -0.17  Rvol: 0.54 1.00 1.40 -0.33 -0.34 -0.03 0.30 0.14 0.72 1.20 1.60 -0.28 -0.20 0.10 0.39 
Loss: 3.436424  SIA Ef: -1.250764 Binding: 0.35 0.39 -1.04 -0.21 0.30 0.42 0.17 -0.02 0.16 -0.15 -0.05  Rvol: 0.51 0.97 1.31 -0.33 -0.33 0.00 0.32 0.14 0.70 1.17 1.52 -0.28 -0.19 0.10 0.41 
Loss: 1.726151  SIA Ef: -0.989538 Binding: 0.13 0.26 0.17 -0.40 -0.28 0.28 0.14 -0.00 -0.18 -0.24 -0.18  Rvol: 0.55 1.01 1.40 -0.33 -0.34 -0.04 0.30 0.14 0.72 1.21 1.61 -0.28 -0.20 0.10 0.38 
Loss: 3.855779  SIA Ef: 0.729189 Binding: -0.03 0.16 1.27 -0.43 -0.80 0.15 0.13 0.10 -0.33 -0.29 -0.20  Rvol: 0.65 1.16 1.67 -0.33 -0.33 -0.02 0.44 0.14 0.79 1.37 1.90 -0.28 -0.19 0.15 0.51 
Loss: 1.750330  SIA Ef: -0.993582 Binding: 0.08 0.14 0.11 -0.44 -0.37 0.28 0.13 -0.00 -0.18 -0.24 -0.19  Rvol: 0.55 1.01 1.40 -0.33 -0.35 -0.04 0.29 0.14 0.72 1.21 1.61 -0.28 -0.21 0.09 0.38 
Loss: 3.135281  SIA Ef: -1.464665 Binding: 0.26 0.29 -0.53 -0.45 -0.18 0.34 0.14 -0.02 -0.06 -0.18 -0.11  Rvol: 0.53 0.98 1.35 -0.33 -0.37 -0.06 0.28 0.14 0.70 1.17 1.57 -0.28 -0.22 0.07 0.36 
Loss: 1.724637  SIA Ef: -0.992626 Binding: 0.13 0.27 0.16 -0.39 -0.26 0.28 0.13 -0.01 -0.18 -0.24 -0.19  Rvol: 0.55 1.01 1.40 -0.33 -0.34 -0.04 0.30 0.14 0.72 1.21 1.61 -0.28 -0.20 0.10 0.38 
Loss: 1.990065  SIA Ef: -1.060632 Binding: 0.14 0.25 0.04 -0.42 -0.27 0.24 0.02 -0.15 -0.22 -0.34 -0.32  Rvol: 0.55 1.01 1.41 -0.33 -0.35 -0.04 0.29 0.14 0.72 1.21 1.61 -0.28 -0.21 0.09 0.39 
Loss: 4.838250  SIA Ef: -1.995046 Binding: 0.04 0.19 0.54 -0.36 -0.26 0.29 0.15 0.07 -0.21 -0.26 -0.20  Rvol: 0.51 0.93 1.27 -0.33 -0.35 -0.09 0.20 0.14 0.68 1.13 1.48 -0.28 -0.21 0.05 0.29 
Loss: 2.019230  SIA Ef: -1.106180 Binding: 0.23 0.35 -0.42 -0.31 0.05 0.34 0.14 -0.02 -0.05 -0.20 -0.15  Rvol: 0.53 0.99 1.37 -0.33 -0.34 -0.02 0.30 0.14 0.71 1.19 1.56 -0.28 -0.20 0.10 0.39 
Loss: 2.365063  SIA Ef: -1.305047 Binding: 0.17 0.28 -0.11 -0.40 -0.18 0.31 0.13 -0.03 -0.14 -0.23 -0.17  Rvol: 0.54 0.98 1.37 -0.33 -0.35 -0.04 0.27 0.14 0.70 1.18 1.57 -0.28 -0.21 0.08 0.36 
Loss: 1.477736  SIA Ef: -0.138630 Binding: 0.07 0.24 0.60 -0.43 -0.55 0.23 0.14 0.04 -0.25 -0.25 -0.12  Rvol: 0.60 1.08 1.53 -0.33 -0.34 -0.02 0.38 0.14 0.75 1.29 1.75 -0.28 -0.20 0.13 0.45 
Loss: 2.769374  SIA Ef: 0.150404 Binding: -0.02 0.18 1.18 -0.37 -0.72 0.18 0.14 0.11 -0.31 -0.28 -0.10  Rvol: 0.62 1.10 1.57 -0.33 -0.33 -0.03 0.39 0.14 0.76 1.32 1.80 -0.28 -0.19 0.13 0.46 
Loss: 1.226928  SIA Ef: -0.150937 Binding: 0.09 0.27 0.47 -0.41 -0.45 0.26 0.19 0.09 -0.21 -0.20 -0.08  Rvol: 0.59 1.08 1.52 -0.33 -0.34 -0.01 0.37 0.14 0.75 1.28 1.74 -0.28 -0.20 0.13 0.45 
Loss: 0.833180  SIA Ef: -0.093766 Binding: 0.18 0.34 0.03 -0.35 -0.18 0.29 0.15 0.01 -0.16 -0.22 -0.15  Rvol: 0.59 1.07 1.51 -0.33 -0.33 0.02 0.38 0.14 0.75 1.28 1.72 -0.28 -0.19 0.15 0.47 
Loss: 0.835842  SIA Ef: -0.091322 Binding: 0.18 0.33 0.02 -0.35 -0.19 0.29 0.14 0.01 -0.16 -0.22 -0.16  Rvol: 0.59 1.07 1.51 -0.33 -0.33 0.02 0.38 0.14 0.75 1.28 1.72 -0.28 -0.19 0.15 0.47 
Loss: 0.888984  SIA Ef: -0.061715 Binding: 0.18 0.33 -0.00 -0.36 -0.20 0.26 0.09 -0.07 -0.19 -0.28 -0.23  Rvol: 0.59 1.08 1.51 -0.33 -0.33 0.02 0.39 0.14 0.75 1.28 1.72 -0.28 -0.19 0.15 0.48 
Loss: 0.829731  SIA Ef: -0.097610 Binding: 0.18 0.33 0.03 -0.35 -0.18 0.29 0.15 0.03 -0.16 -0.21 -0.14  Rvol: 0.59 1.07 1.51 -0.33 -0.33 0.02 0.38 0.14 0.75 1.28 1.72 -0.28 -0.19 0.15 0.47 
Loss: 0.856896  SIA Ef: -0.096694 Binding: 0.18 0.32 -0.01 -0.38 -0.22 0.30 0.16 0.01 -0.15 -0.20 -0.12  Rvol: 0.58 1.07 1.51 -0.33 -0.33 0.02 0.39 0.14 0.75 1.28 1.72 -0.28 -0.19 0.15 0.48 
Loss: 0.850946  SIA Ef: -0.101281 Binding: 0.20 0.39 0.05 -0.33 -0.14 0.29 0.15 0.03 -0.16 -0.21 -0.13  Rvol: 0.58 1.07 1.51 -0.33 -0.32 0.02 0.39 0.14 0.75 1.28 1.71 -0.28 -0.19 0.15 0.48 
Loss: 1.109429  SIA Ef: -0.113420 Binding: 0.29 0.39 -0.50 -0.32 -0.02 0.35 0.17 0.02 -0.04 -0.16 -0.09  Rvol: 0.58 1.07 1.49 -0.33 -0.34 0.03 0.40 0.14 0.75 1.27 1.71 -0.28 -0.19 0.15 0.49 
Loss: 0.833338  SIA Ef: 0.072027 Binding: 0.17 0.34 0.09 -0.32 -0.16 0.29 0.17 0.06 -0.15 -0.20 -0.12  Rvol: 0.59 1.08 1.52 -0.33 -0.32 0.03 0.40 0.14 0.76 1.29 1.73 -0.28 -0.18 0.16 0.49 
Loss: 0.828950  SIA Ef: -0.099703 Binding: 0.18 0.34 0.02 -0.35 -0.18 0.29 0.15 0.03 -0.16 -0.21 -0.14  Rvol: 0.59 1.07 1.51 -0.33 -0.33 0.02 0.38 0.14 0.75 1.28 1.72 -0.28 -0.19 0.15 0.47 
Loss: 1.010904  SIA Ef: -0.503802 Binding: 0.22 0.35 -0.23 -0.31 -0.04 0.33 0.15 0.02 -0.09 -0.20 -0.13  Rvol: 0.56 1.03 1.44 -0.33 -0.33 0.01 0.35 0.14 0.73 1.24 1.65 -0.28 -0.19 0.13 0.44 
Loss: 0.824143  SIA Ef: -0.106121 Binding: 0.18 0.34 0.04 -0.35 -0.18 0.30 0.16 0.04 -0.15 -0.20 -0.12  Rvol: 0.59 1.07 1.51 -0.33 -0.33 0.02 0.38 0.14 0.75 1.28 1.71 -0.28 -0.19 0.15 0.47 
Loss: 0.920906  SIA Ef: 0.079507 Binding: 0.16 0.33 0.16 -0.35 -0.23 0.26 0.12 -0.02 -0.20 -0.26 -0.19  Rvol: 0.59 1.09 1.53 -0.33 -0.32 0.02 0.39 0.14 0.76 1.29 1.74 -0.28 -0.19 0.16 0.49 
Loss: 0.818803  SIA Ef: -0.107350 Binding: 0.18 0.34 0.05 -0.34 -0.18 0.29 0.16 0.04 -0.15 -0.20 -0.13  Rvol: 0.59 1.07 1.50 -0.33 -0.33 0.01 0.38 0.14 0.75 1.28 1.71 -0.28 -0.19 0.15 0.47 
Loss: 1.076182  SIA Ef: 0.063389 Binding: 0.12 0.30 0.39 -0.37 -0.35 0.27 0.19 0.10 -0.20 -0.20 -0.08  Rvol: 0.60 1.09 1.54 -0.33 -0.33 0.01 0.38 0.14 0.76 1.30 1.76 -0.28 -0.19 0.15 0.48 
Loss: 0.860306  SIA Ef: 0.001722 Binding: 0.23 0.37 -0.16 -0.33 -0.11 0.32 0.17 0.04 -0.11 -0.18 -0.10  Rvol: 0.59 1.08 1.52 -0.33 -0.33 0.03 0.40 0.14 0.75 1.28 1.72 -0.28 -0.19 0.15 0.49 
Loss: 0.846685  SIA Ef: -0.300189 Binding: 0.20 0.35 -0.10 -0.32 -0.09 0.31 0.16 0.03 -0.12 -0.20 -0.13  Rvol: 0.57 1.05 1.47 -0.33 -0.33 0.01 0.37 0.14 0.74 1.26 1.68 -0.28 -0.19 0.14 0.46 
Loss: 0.818650  SIA Ef: -0.106919 Binding: 0.18 0.34 0.06 -0.34 -0.18 0.29 0.16 0.04 -0.15 -0.20 -0.13  Rvol: 0.59 1.07 1.50 -0.33 -0.33 0.01 0.38 0.14 0.75 1.28 1.71 -0.28 -0.19 0.15 0.47 
Loss: 0.835479  SIA Ef: -0.039209 Binding: 0.17 0.34 0.08 -0.34 -0.18 0.28 0.14 0.01 -0.17 -0.23 -0.16  Rvol: 0.59 1.08 1.51 -0.33 -0.33 0.02 0.38 0.14 0.75 1.28 1.72 -0.28 -0.19 0.15 0.47 
Loss: 0.830556  SIA Ef: -0.147423 Binding: 0.18 0.34 0.04 -0.34 -0.18 0.29 0.16 0.04 -0.16 -0.21 -0.13  Rvol: 0.58 1.07 1.50 -0.33 -0.33 0.01 0.38 0.14 0.75 1.27 1.71 -0.28 -0.19 0.14 0.47 
Loss: 0.819550  SIA Ef: -0.044229 Binding: 0.20 0.35 -0.05 -0.33 -0.13 0.31 0.17 0.05 -0.13 -0.19 -0.12  Rvol: 0.59 1.07 1.51 -0.33 -0.33 0.02 0.39 0.14 0.75 1.28 1.72 -0.28 -0.19 0.15 0.48 
Loss: 0.819246  SIA Ef: -0.108015 Binding: 0.18 0.34 0.06 -0.34 -0.17 0.29 0.16 0.05 -0.15 -0.20 -0.12  Rvol: 0.59 1.07 1.50 -0.33 -0.33 0.02 0.38 0.14 0.75 1.28 1.71 -0.28 -0.19 0.15 0.47 
Loss: 0.829197  SIA Ef: -0.110219 Binding: 0.19 0.37 0.06 -0.33 -0.15 0.29 0.16 0.04 -0.15 -0.20 -0.13  Rvol: 0.58 1.07 1.50 -0.33 -0.33 0.02 0.38 0.14 0.75 1.28 1.71 -0.28 -0.19 0.15 0.47 
Loss: 0.884866  SIA Ef: 0.030263 Binding: 0.15 0.33 0.19 -0.34 -0.24 0.29 0.18 0.08 -0.17 -0.19 -0.10  Rvol: 0.59 1.08 1.52 -0.33 -0.32 0.02 0.39 0.14 0.76 1.29 1.74 -0.28 -0.19 0.15 0.48 
Loss: 0.810174  SIA Ef: -0.193248 Binding: 0.19 0.34 -0.02 -0.33 -0.13 0.30 0.16 0.04 -0.14 -0.20 -0.13  Rvol: 0.58 1.06 1.49 -0.33 -0.33 0.01 0.37 0.14 0.74 1.27 1.70 -0.28 -0.19 0.14 0.46 
Loss: 0.804159  SIA Ef: -0.210483 Binding: 0.19 0.34 -0.03 -0.32 -0.12 0.31 0.17 0.05 -0.13 -0.19 -0.12  Rvol: 0.58 1.06 1.49 -0.33 -0.33 0.01 0.37 0.14 0.74 1.27 1.69 -0.28 -0.19 0.14 0.46 
Loss: 0.794029  SIA Ef: -0.199002 Binding: 0.19 0.34 -0.03 -0.32 -0.11 0.31 0.17 0.05 -0.13 -0.20 -0.13  Rvol: 0.58 1.06 1.48 -0.33 -0.32 0.02 0.37 0.14 0.74 1.27 1.69 -0.28 -0.18 0.14 0.46 
Loss: 0.794123  SIA Ef: -0.207632 Binding: 0.19 0.35 -0.05 -0.30 -0.08 0.31 0.17 0.05 -0.13 -0.20 -0.13  Rvol: 0.58 1.06 1.48 -0.33 -0.32 0.02 0.37 0.14 0.74 1.27 1.69 -0.28 -0.18 0.14 0.46 
Loss: 0.794546  SIA Ef: -0.200190 Binding: 0.19 0.34 -0.03 -0.32 -0.10 0.31 0.17 0.05 -0.13 -0.20 -0.13  Rvol: 0.58 1.06 1.48 -0.33 -0.32 0.02 0.37 0.14 0.74 1.27 1.69 -0.28 -0.18 0.14 0.46 
Loss: 0.795875  SIA Ef: -0.232038 Binding: 0.19 0.33 -0.07 -0.31 -0.10 0.31 0.17 0.04 -0.13 -0.20 -0.13  Rvol: 0.58 1.06 1.48 -0.33 -0.32 0.01 0.37 0.14 0.74 1.26 1.69 -0.28 -0.18 0.14 0.46 
Loss: 0.795071  SIA Ef: -0.204576 Binding: 0.19 0.34 -0.03 -0.32 -0.11 0.31 0.17 0.05 -0.13 -0.20 -0.13  Rvol: 0.58 1.06 1.48 -0.33 -0.32 0.01 0.37 0.14 0.74 1.27 1.69 -0.28 -0.19 0.14 0.46 
Loss: 0.795214  SIA Ef: -0.228930 Binding: 0.19 0.33 -0.07 -0.31 -0.10 0.31 0.16 0.04 -0.13 -0.20 -0.13  Rvol: 0.58 1.06 1.48 -0.33 -0.32 0.01 0.37 0.14 0.74 1.26 1.69 -0.28 -0.18 0.14 0.46 
Loss: 0.794476  SIA Ef: -0.203478 Binding: 0.19 0.34 -0.03 -0.31 -0.11 0.31 0.17 0.05 -0.13 -0.20 -0.13  Rvol: 0.58 1.06 1.48 -0.33 -0.32 0.01 0.37 0.14 0.74 1.27 1.69 -0.28 -0.19 0.14 0.46 
Loss: 0.795048  SIA Ef: -0.227350 Binding: 0.19 0.33 -0.07 -0.31 -0.10 0.31 0.16 0.04 -0.13 -0.20 -0.13  Rvol: 0.58 1.06 1.48 -0.33 -0.32 0.01 0.37 0.14 0.74 1.26 1.69 -0.28 -0.18 0.14 0.46 
Loss: 0.796105  SIA Ef: -0.215310 Binding: 0.18 0.34 -0.01 -0.32 -0.11 0.31 0.17 0.05 -0.14 -0.20 -0.13  Rvol: 0.58 1.06 1.48 -0.33 -0.32 0.01 0.37 0.14 0.74 1.27 1.69 -0.28 -0.19 0.14 0.46 
Loss: 0.795217  SIA Ef: -0.216601 Binding: 0.19 0.34 -0.08 -0.31 -0.09 0.31 0.17 0.04 -0.12 -0.20 -0.13  Rvol: 0.58 1.06 1.48 -0.33 -0.32 0.02 0.37 0.14 0.74 1.26 1.69 -0.28 -0.18 0.14 0.46 
Loss: 0.793828  SIA Ef: -0.199272 Binding: 0.19 0.34 -0.03 -0.32 -0.11 0.31 0.17 0.04 -0.13 -0.20 -0.13  Rvol: 0.58 1.06 1.48 -0.33 -0.32 0.01 0.37 0.14 0.74 1.27 1.69 -0.28 -0.19 0.14 0.46 
Loss: 0.795098  SIA Ef: -0.216870 Binding: 0.19 0.34 -0.09 -0.31 -0.09 0.31 0.16 0.04 -0.12 -0.20 -0.13  Rvol: 0.58 1.06 1.48 -0.33 -0.32 0.02 0.37 0.14 0.74 1.26 1.69 -0.28 -0.18 0.14 0.46 
Loss: 0.793192  SIA Ef: -0.198273 Binding: 0.19 0.34 -0.03 -0.32 -0.11 0.31 0.17 0.05 -0.13 -0.20 -0.13  Rvol: 0.58 1.06 1.48 -0.33 -0.32 0.02 0.37 0.14 0.74 1.27 1.69 -0.28 -0.19 0.14 0.46 
Loss: 0.783907  SIA Ef: -0.096764 Binding: 0.17 0.34 0.04 -0.32 -0.14 0.30 0.17 0.05 -0.15 -0.20 -0.13  Rvol: 0.58 1.07 1.50 -0.33 -0.32 0.02 0.38 0.14 0.75 1.28 1.71 -0.28 -0.18 0.15 0.47 
Loss: 0.798789  SIA Ef: -0.041359 Binding: 0.17 0.34 0.06 -0.32 -0.15 0.29 0.16 0.04 -0.16 -0.21 -0.14  Rvol: 0.59 1.07 1.51 -0.33 -0.32 0.02 0.38 0.14 0.75 1.28 1.72 -0.28 -0.18 0.15 0.47 
Loss: 0.784899  SIA Ef: -0.086772 Binding: 0.18 0.34 0.03 -0.32 -0.14 0.30 0.17 0.05 -0.14 -0.20 -0.13  Rvol: 0.58 1.07 1.50 -0.33 -0.32 0.02 0.38 0.14 0.75 1.28 1.71 -0.28 -0.18 0.15 0.47 
Loss: 0.785361  SIA Ef: -0.073977 Binding: 0.17 0.33 0.07 -0.32 -0.15 0.30 0.18 0.07 -0.14 -0.19 -0.11  Rvol: 0.58 1.07 1.50 -0.33 -0.32 0.02 0.38 0.14 0.75 1.28 1.71 -0.28 -0.18 0.15 0.47 
Loss: 0.784031  SIA Ef: -0.085369 Binding: 0.17 0.33 0.06 -0.32 -0.15 0.30 0.17 0.06 -0.15 -0.20 -0.12  Rvol: 0.58 1.07 1.50 -0.33 -0.32 0.02 0.38 0.14 0.75 1.28 1.71 -0.28 -0.18 0.15 0.47 
Loss: 0.781908  SIA Ef: -0.097509 Binding: 0.18 0.34 0.04 -0.32 -0.13 0.30 0.17 0.05 -0.14 -0.20 -0.13  Rvol: 0.58 1.07 1.50 -0.33 -0.32 0.02 0.38 0.14 0.75 1.28 1.71 -0.28 -0.18 0.15 0.47 
Loss: 0.787012  SIA Ef: -0.058455 Binding: 0.17 0.34 0.06 -0.32 -0.14 0.30 0.17 0.05 -0.15 -0.20 -0.13  Rvol: 0.59 1.07 1.50 -0.33 -0.32 0.02 0.38 0.14 0.75 1.28 1.71 -0.28 -0.18 0.15 0.47 
Loss: 0.784686  SIA Ef: -0.098649 Binding: 0.18 0.34 0.04 -0.32 -0.13 0.30 0.17 0.05 -0.15 -0.20 -0.13  Rvol: 0.58 1.07 1.50 -0.33 -0.32 0.02 0.38 0.14 0.75 1.28 1.71 -0.28 -0.18 0.15 0.47 
Loss: 0.776042  SIA Ef: -0.116841 Binding: 0.18 0.34 0.02 -0.31 -0.12 0.30 0.17 0.05 -0.14 -0.20 -0.13  Rvol: 0.58 1.07 1.49 -0.33 -0.32 0.02 0.38 0.14 0.75 1.27 1.70 -0.28 -0.18 0.15 0.47 
Loss: 0.777124  SIA Ef: -0.125304 Binding: 0.17 0.33 0.04 -0.32 -0.13 0.30 0.17 0.05 -0.14 -0.20 -0.14  Rvol: 0.58 1.07 1.49 -0.33 -0.32 0.02 0.38 0.14 0.75 1.27 1.70 -0.28 -0.18 0.15 0.47 
Loss: 0.775942  SIA Ef: -0.117943 Binding: 0.18 0.34 0.02 -0.31 -0.12 0.30 0.17 0.05 -0.14 -0.20 -0.13  Rvol: 0.58 1.07 1.49 -0.33 -0.32 0.02 0.38 0.14 0.75 1.27 1.70 -0.28 -0.18 0.15 0.47 
Loss: 0.775623  SIA Ef: -0.118382 Binding: 0.18 0.34 0.02 -0.32 -0.12 0.30 0.17 0.06 -0.14 -0.20 -0.13  Rvol: 0.58 1.07 1.49 -0.33 -0.32 0.02 0.38 0.14 0.75 1.27 1.70 -0.28 -0.18 0.15 0.47 
Loss: 0.775762  SIA Ef: -0.117508 Binding: 0.18 0.34 0.02 -0.31 -0.12 0.30 0.17 0.06 -0.14 -0.20 -0.13  Rvol: 0.58 1.07 1.49 -0.33 -0.32 0.02 0.38 0.14 0.75 1.27 1.70 -0.28 -0.18 0.15 0.47 
Loss: 0.777489  SIA Ef: -0.159545 Binding: 0.18 0.34 -0.02 -0.31 -0.10 0.31 0.17 0.06 -0.13 -0.19 -0.13  Rvol: 0.58 1.06 1.49 -0.33 -0.32 0.02 0.38 0.14 0.75 1.27 1.70 -0.28 -0.18 0.15 0.47 
Loss: 0.774136  SIA Ef: -0.086528 Binding: 0.18 0.34 0.02 -0.31 -0.12 0.30 0.17 0.05 -0.14 -0.20 -0.13  Rvol: 0.58 1.07 1.50 -0.33 -0.32 0.02 0.38 0.14 0.75 1.28 1.71 -0.28 -0.18 0.15 0.47 
Loss: 0.775033  SIA Ef: -0.091624 Binding: 0.18 0.34 0.02 -0.31 -0.12 0.30 0.17 0.05 -0.14 -0.20 -0.13  Rvol: 0.58 1.07 1.50 -0.33 -0.32 0.02 0.38 0.14 0.75 1.28 1.71 -0.28 -0.18 0.15 0.47 
Loss: 0.774003  SIA Ef: -0.092384 Binding: 0.17 0.34 0.03 -0.31 -0.12 0.30 0.17 0.05 -0.14 -0.20 -0.13  Rvol: 0.58 1.07 1.50 -0.33 -0.32 0.02 0.38 0.14 0.75 1.28 1.71 -0.28 -0.18 0.15 0.47 
Loss: 0.775078  SIA Ef: -0.095631 Binding: 0.17 0.33 0.02 -0.32 -0.13 0.30 0.17 0.05 -0.14 -0.20 -0.14  Rvol: 0.58 1.07 1.50 -0.33 -0.32 0.02 0.38 0.14 0.75 1.28 1.71 -0.28 -0.18 0.15 0.47 
Loss: 0.773368  SIA Ef: -0.090158 Binding: 0.17 0.33 0.03 -0.31 -0.13 0.30 0.17 0.06 -0.14 -0.20 -0.13  Rvol: 0.58 1.07 1.50 -0.33 -0.32 0.02 0.38 0.14 0.75 1.28 1.71 -0.28 -0.18 0.15 0.47 
Loss: 0.781539  SIA Ef: -0.044978 Binding: 0.17 0.33 0.06 -0.32 -0.15 0.30 0.17 0.06 -0.15 -0.20 -0.12  Rvol: 0.59 1.07 1.50 -0.33 -0.32 0.02 0.38 0.14 0.75 1.28 1.71 -0.28 -0.18 0.15 0.47 
Loss: 0.773488  SIA Ef: -0.093532 Binding: 0.17 0.33 0.04 -0.32 -0.13 0.30 0.17 0.06 -0.14 -0.20 -0.13  Rvol: 0.58 1.07 1.49 -0.33 -0.32 0.02 0.38 0.14 0.75 1.28 1.71 -0.28 -0.18 0.15 0.47 
Loss: 0.773025  SIA Ef: -0.091791 Binding: 0.17 0.33 0.03 -0.31 -0.13 0.30 0.17 0.06 -0.14 -0.20 -0.13  Rvol: 0.58 1.07 1.50 -0.33 -0.32 0.02 0.38 0.14 0.75 1.28 1.71 -0.28 -0.18 0.15 0.47 
Loss: 0.769030  SIA Ef: -0.109653 Binding: 0.18 0.33 0.01 -0.31 -0.12 0.30 0.17 0.06 -0.14 -0.20 -0.13  Rvol: 0.58 1.07 1.49 -0.33 -0.32 0.02 0.38 0.14 0.75 1.27 1.70 -0.28 -0.18 0.15 0.47 
Loss: 0.770780  SIA Ef: -0.122370 Binding: 0.18 0.34 0.00 -0.31 -0.11 0.31 0.17 0.06 -0.14 -0.20 -0.13  Rvol: 0.58 1.07 1.49 -0.33 -0.32 0.02 0.38 0.14 0.75 1.27 1.70 -0.28 -0.18 0.15 0.47 
Loss: 0.768999  SIA Ef: -0.109685 Binding: 0.18 0.33 0.01 -0.31 -0.12 0.30 0.17 0.06 -0.14 -0.20 -0.13  Rvol: 0.58 1.07 1.49 -0.33 -0.32 0.02 0.38 0.14 0.75 1.27 1.70 -0.28 -0.18 0.15 0.47 
Loss: 0.768949  SIA Ef: -0.115834 Binding: 0.18 0.33 0.00 -0.31 -0.11 0.31 0.17 0.06 -0.14 -0.20 -0.13  Rvol: 0.58 1.07 1.49 -0.33 -0.32 0.02 0.38 0.14 0.75 1.27 1.70 -0.28 -0.18 0.15 0.47 
Loss: 0.769014  SIA Ef: -0.116034 Binding: 0.18 0.33 0.00 -0.31 -0.11 0.31 0.17 0.06 -0.14 -0.20 -0.13  Rvol: 0.58 1.07 1.49 -0.33 -0.32 0.02 0.38 0.14 0.75 1.27 1.70 -0.28 -0.18 0.15 0.47 
Loss: 0.766671  SIA Ef: -0.111891 Binding: 0.18 0.33 0.01 -0.31 -0.12 0.30 0.17 0.06 -0.14 -0.20 -0.13  Rvol: 0.58 1.07 1.49 -0.33 -0.32 0.02 0.38 0.14 0.75 1.27 1.70 -0.28 -0.18 0.15 0.47 
Loss: 0.770340  SIA Ef: -0.130612 Binding: 0.18 0.33 0.00 -0.31 -0.12 0.31 0.17 0.06 -0.13 -0.20 -0.13  Rvol: 0.58 1.07 1.49 -0.33 -0.32 0.02 0.38 0.14 0.75 1.27 1.70 -0.28 -0.18 0.15 0.47 
Loss: 0.766672  SIA Ef: -0.114916 Binding: 0.18 0.33 0.01 -0.31 -0.12 0.30 0.17 0.06 -0.14 -0.20 -0.13  Rvol: 0.58 1.07 1.49 -0.33 -0.32 0.02 0.38 0.14 0.75 1.27 1.70 -0.28 -0.18 0.15 0.47 
Loss: 0.769339  SIA Ef: -0.112462 Binding: 0.18 0.33 0.00 -0.31 -0.12 0.31 0.17 0.06 -0.14 -0.20 -0.13  Rvol: 0.58 1.07 1.49 -0.33 -0.32 0.02 0.38 0.14 0.75 1.27 1.70 -0.28 -0.18 0.15 0.47 
Loss: 0.769456  SIA Ef: -0.110456 Binding: 0.18 0.33 0.00 -0.31 -0.12 0.31 0.17 0.06 -0.14 -0.20 -0.13  Rvol: 0.58 1.07 1.49 -0.33 -0.32 0.02 0.38 0.14 0.75 1.27 1.70 -0.28 -0.18 0.15 0.47 
Loss: 0.769378  SIA Ef: -0.115531 Binding: 0.18 0.33 0.01 -0.31 -0.11 0.31 0.17 0.05 -0.14 -0.20 -0.13  Rvol: 0.58 1.07 1.49 -0.33 -0.32 0.02 0.38 0.14 0.75 1.27 1.70 -0.28 -0.18 0.15 0.47 
Loss: 0.766015  SIA Ef: -0.097867 Binding: 0.17 0.33 0.03 -0.31 -0.12 0.30 0.17 0.06 -0.14 -0.20 -0.13  Rvol: 0.58 1.07 1.49 -0.33 -0.32 0.02 0.38 0.14 0.75 1.27 1.71 -0.28 -0.18 0.15 0.47 
Loss: 0.766174  SIA Ef: -0.105249 Binding: 0.17 0.33 0.03 -0.31 -0.12 0.30 0.17 0.06 -0.14 -0.20 -0.13  Rvol: 0.58 1.07 1.49 -0.33 -0.32 0.02 0.38 0.14 0.75 1.27 1.70 -0.28 -0.18 0.15 0.47 
Loss: 0.766001  SIA Ef: -0.097993 Binding: 0.17 0.33 0.03 -0.31 -0.12 0.30 0.17 0.06 -0.14 -0.20 -0.13  Rvol: 0.58 1.07 1.49 -0.33 -0.32 0.02 0.38 0.14 0.75 1.27 1.71 -0.28 -0.18 0.15 0.47 
Loss: 0.765087  SIA Ef: -0.104954 Binding: 0.17 0.33 0.02 -0.31 -0.12 0.30 0.17 0.06 -0.14 -0.20 -0.13  Rvol: 0.58 1.07 1.49 -0.33 -0.32 0.02 0.38 0.14 0.75 1.27 1.70 -0.28 -0.18 0.15 0.47 
Loss: 0.764424  SIA Ef: -0.106504 Binding: 0.17 0.33 0.02 -0.31 -0.12 0.30 0.17 0.06 -0.14 -0.20 -0.13  Rvol: 0.58 1.07 1.49 -0.33 -0.32 0.02 0.38 0.14 0.75 1.27 1.70 -0.28 -0.18 0.15 0.47 
Loss: 0.763947  SIA Ef: -0.109255 Binding: 0.17 0.33 0.02 -0.31 -0.12 0.30 0.17 0.06 -0.14 -0.20 -0.13  Rvol: 0.58 1.07 1.49 -0.33 -0.32 0.02 0.38 0.14 0.75 1.27 1.70 -0.28 -0.18 0.15 0.47 
Loss: 0.763910  SIA Ef: -0.109171 Binding: 0.17 0.33 0.02 -0.31 -0.12 0.30 0.17 0.06 -0.14 -0.20 -0.13  Rvol: 0.58 1.07 1.49 -0.33 -0.32 0.02 0.38 0.14 0.75 1.27 1.70 -0.28 -0.18 0.15 0.47 
Loss: 0.763465  SIA Ef: -0.110813 Binding: 0.17 0.33 0.02 -0.31 -0.12 0.30 0.17 0.06 -0.14 -0.20 -0.13  Rvol: 0.58 1.07 1.49 -0.33 -0.32 0.02 0.38 0.14 0.75 1.27 1.70 -0.28 -0.18 0.15 0.47 
Loss: 0.763352  SIA Ef: -0.111997 Binding: 0.17 0.33 0.02 -0.31 -0.12 0.30 0.17 0.06 -0.14 -0.20 -0.13  Rvol: 0.58 1.07 1.49 -0.33 -0.32 0.02 0.38 0.14 0.75 1.27 1.70 -0.28 -0.18 0.15 0.47 
Loss: 0.761684  SIA Ef: -0.116574 Binding: 0.17 0.33 0.01 -0.31 -0.12 0.31 0.17 0.06 -0.14 -0.20 -0.13  Rvol: 0.58 1.07 1.49 -0.33 -0.32 0.02 0.38 0.14 0.75 1.27 1.70 -0.28 -0.18 0.15 0.47 
Loss: 0.760177  SIA Ef: -0.121143 Binding: 0.17 0.33 0.01 -0.31 -0.11 0.31 0.17 0.06 -0.13 -0.20 -0.13  Rvol: 0.58 1.07 1.49 -0.33 -0.32 0.02 0.38 0.14 0.75 1.27 1.70 -0.28 -0.18 0.15 0.47 
Loss: 0.758957  SIA Ef: -0.126595 Binding: 0.17 0.33 0.00 -0.31 -0.11 0.31 0.17 0.06 -0.13 -0.20 -0.13  Rvol: 0.58 1.07 1.49 -0.33 -0.32 0.02 0.38 0.14 0.75 1.27 1.70 -0.28 -0.18 0.15 0.47 
Loss: 0.760444  SIA Ef: -0.127326 Binding: 0.17 0.33 -0.00 -0.31 -0.11 0.31 0.17 0.06 -0.13 -0.20 -0.13  Rvol: 0.58 1.06 1.49 -0.33 -0.32 0.02 0.38 0.14 0.75 1.27 1.70 -0.28 -0.18 0.15 0.47 
Loss: 0.761354  SIA Ef: -0.125099 Binding: 0.17 0.33 0.00 -0.31 -0.11 0.31 0.17 0.06 -0.13 -0.20 -0.13  Rvol: 0.58 1.07 1.49 -0.33 -0.32 0.02 0.38 0.14 0.75 1.27 1.70 -0.28 -0.18 0.15 0.47 
Loss: 0.759340  SIA Ef: -0.135689 Binding: 0.17 0.33 0.00 -0.31 -0.11 0.31 0.17 0.06 -0.13 -0.20 -0.13  Rvol: 0.58 1.06 1.49 -0.33 -0.32 0.02 0.38 0.14 0.75 1.27 1.70 -0.28 -0.18 0.15 0.47 
Loss: 0.761388  SIA Ef: -0.127033 Binding: 0.17 0.33 0.00 -0.31 -0.11 0.31 0.17 0.06 -0.13 -0.20 -0.13  Rvol: 0.58 1.07 1.49 -0.33 -0.32 0.02 0.38 0.14 0.75 1.27 1.70 -0.28 -0.18 0.15 0.47 
Loss: 0.761885  SIA Ef: -0.132732 Binding: 0.18 0.33 -0.01 -0.31 -0.11 0.31 0.17 0.06 -0.13 -0.20 -0.13  Rvol: 0.58 1.06 1.49 -0.33 -0.32 0.02 0.38 0.14 0.75 1.27 1.70 -0.28 -0.18 0.15 0.47 
Loss: 0.758947  SIA Ef: -0.126684 Binding: 0.17 0.33 0.00 -0.31 -0.11 0.31 0.17 0.06 -0.13 -0.20 -0.13  Rvol: 0.58 1.07 1.49 -0.33 -0.32 0.02 0.38 0.14 0.75 1.27 1.70 -0.28 -0.18 0.15 0.47 
Loss: 0.758325  SIA Ef: -0.119459 Binding: 0.17 0.33 0.01 -0.31 -0.11 0.31 0.17 0.06 -0.14 -0.20 -0.13  Rvol: 0.58 1.07 1.49 -0.33 -0.32 0.02 0.38 0.14 0.75 1.27 1.70 -0.28 -0.18 0.15 0.47 
Loss: 0.758311  SIA Ef: -0.119263 Binding: 0.17 0.33 0.01 -0.31 -0.11 0.31 0.17 0.06 -0.14 -0.20 -0.13  Rvol: 0.58 1.07 1.49 -0.33 -0.32 0.02 0.38 0.14 0.75 1.27 1.70 -0.28 -0.18 0.15 0.47 
Loss: 0.758353  SIA Ef: -0.120801 Binding: 0.17 0.33 0.01 -0.31 -0.11 0.30 0.17 0.06 -0.14 -0.20 -0.13  Rvol: 0.58 1.07 1.49 -0.33 -0.32 0.02 0.38 0.14 0.75 1.27 1.70 -0.28 -0.18 0.15 0.47 
Loss: 0.758288  SIA Ef: -0.119551 Binding: 0.17 0.33 0.01 -0.31 -0.11 0.31 0.17 0.06 -0.14 -0.20 -0.13  Rvol: 0.58 1.07 1.49 -0.33 -0.32 0.02 0.38 0.14 0.75 1.27 1.70 -0.28 -0.18 0.15 0.47 
Loss: 0.758475  SIA Ef: -0.120109 Binding: 0.17 0.33 0.02 -0.31 -0.11 0.30 0.17 0.06 -0.14 -0.20 -0.13  Rvol: 0.58 1.07 1.49 -0.33 -0.32 0.02 0.38 0.14 0.75 1.27 1.70 -0.28 -0.18 0.15 0.47 
Loss: 0.758348  SIA Ef: -0.121836 Binding: 0.17 0.33 0.01 -0.31 -0.11 0.31 0.17 0.06 -0.14 -0.20 -0.13  Rvol: 0.58 1.07 1.49 -0.33 -0.32 0.02 0.38 0.14 0.75 1.27 1.70 -0.28 -0.18 0.15 0.47 
Loss: 0.758135  SIA Ef: -0.118790 Binding: 0.17 0.33 0.01 -0.31 -0.11 0.31 0.17 0.06 -0.14 -0.20 -0.13  Rvol: 0.58 1.07 1.49 -0.33 -0.32 0.02 0.38 0.14 0.75 1.27 1.70 -0.28 -0.18 0.15 0.47 
Loss: 0.758194  SIA Ef: -0.114703 Binding: 0.17 0.33 0.01 -0.31 -0.11 0.30 0.17 0.06 -0.14 -0.20 -0.13  Rvol: 0.58 1.07 1.49 -0.33 -0.32 0.02 0.38 0.14 0.75 1.27 1.70 -0.28 -0.18 0.15 0.47 
Loss: 0.757805  SIA Ef: -0.119917 Binding: 0.17 0.33 0.01 -0.31 -0.11 0.31 0.17 0.06 -0.14 -0.20 -0.13  Rvol: 0.58 1.07 1.49 -0.33 -0.32 0.02 0.38 0.14 0.75 1.27 1.70 -0.28 -0.18 0.15 0.47 
Loss: 0.757544  SIA Ef: -0.121574 Binding: 0.17 0.33 0.01 -0.31 -0.11 0.31 0.17 0.06 -0.14 -0.20 -0.13  Rvol: 0.58 1.07 1.49 -0.33 -0.32 0.02 0.38 0.14 0.75 1.27 1.70 -0.28 -0.18 0.15 0.47 
Loss: 0.757413  SIA Ef: -0.119608 Binding: 0.17 0.33 0.01 -0.31 -0.11 0.31 0.17 0.06 -0.14 -0.20 -0.13  Rvol: 0.58 1.07 1.49 -0.33 -0.32 0.02 0.38 0.14 0.75 1.27 1.70 -0.28 -0.18 0.15 0.47 
Loss: 0.756638  SIA Ef: -0.119913 Binding: 0.17 0.32 0.01 -0.31 -0.11 0.31 0.17 0.06 -0.14 -0.20 -0.13  Rvol: 0.58 1.07 1.49 -0.33 -0.32 0.02 0.38 0.14 0.75 1.27 1.70 -0.28 -0.18 0.15 0.47 
Loss: 0.755874  SIA Ef: -0.120138 Binding: 0.17 0.32 0.01 -0.31 -0.11 0.31 0.17 0.06 -0.14 -0.20 -0.13  Rvol: 0.58 1.07 1.49 -0.33 -0.32 0.02 0.38 0.14 0.75 1.27 1.70 -0.28 -0.18 0.15 0.47 
Loss: 0.755158  SIA Ef: -0.119808 Binding: 0.17 0.32 0.01 -0.31 -0.11 0.31 0.17 0.06 -0.14 -0.20 -0.13  Rvol: 0.58 1.07 1.49 -0.33 -0.32 0.02 0.38 0.14 0.75 1.27 1.70 -0.28 -0.18 0.15 0.47 
Loss: 0.754418  SIA Ef: -0.120069 Binding: 0.17 0.32 0.01 -0.31 -0.11 0.31 0.17 0.07 -0.13 -0.20 -0.13  Rvol: 0.58 1.07 1.49 -0.33 -0.32 0.02 0.38 0.14 0.75 1.27 1.70 -0.28 -0.18 0.15 0.47 
Loss: 0.753682  SIA Ef: -0.119793 Binding: 0.17 0.32 0.01 -0.31 -0.11 0.31 0.17 0.07 -0.13 -0.20 -0.13  Rvol: 0.58 1.07 1.49 -0.33 -0.32 0.02 0.38 0.14 0.75 1.27 1.70 -0.28 -0.18 0.15 0.47 
Loss: 0.752947  SIA Ef: -0.120460 Binding: 0.17 0.32 0.01 -0.31 -0.11 0.31 0.17 0.07 -0.13 -0.20 -0.13  Rvol: 0.58 1.07 1.49 -0.33 -0.32 0.02 0.38 0.14 0.75 1.27 1.70 -0.28 -0.18 0.15 0.47 
Loss: 0.752210  SIA Ef: -0.120334 Binding: 0.17 0.32 0.01 -0.31 -0.11 0.31 0.17 0.07 -0.13 -0.20 -0.13  Rvol: 0.58 1.07 1.49 -0.33 -0.32 0.02 0.38 0.14 0.75 1.27 1.70 -0.28 -0.18 0.15 0.47 
Loss: 0.751499  SIA Ef: -0.121322 Binding: 0.17 0.32 0.01 -0.31 -0.11 0.31 0.17 0.07 -0.13 -0.20 -0.13  Rvol: 0.58 1.07 1.49 -0.33 -0.32 0.02 0.38 0.14 0.75 1.27 1.70 -0.28 -0.18 0.15 0.47 
Loss: 0.750775  SIA Ef: -0.121609 Binding: 0.17 0.32 0.01 -0.30 -0.11 0.31 0.18 0.07 -0.13 -0.20 -0.13  Rvol: 0.58 1.06 1.49 -0.33 -0.32 0.02 0.38 0.14 0.75 1.27 1.70 -0.28 -0.18 0.15 0.47 
Loss: 0.750071  SIA Ef: -0.120996 Binding: 0.17 0.32 0.01 -0.30 -0.10 0.31 0.18 0.07 -0.13 -0.20 -0.13  Rvol: 0.58 1.06 1.49 -0.33 -0.32 0.02 0.38 0.14 0.75 1.27 1.70 -0.28 -0.18 0.15 0.47 
Loss: 0.749389  SIA Ef: -0.122051 Binding: 0.17 0.32 0.00 -0.30 -0.10 0.31 0.18 0.07 -0.13 -0.20 -0.13  Rvol: 0.58 1.06 1.49 -0.33 -0.32 0.02 0.38 0.14 0.75 1.27 1.70 -0.28 -0.18 0.15 0.47 
Loss: 0.748691  SIA Ef: -0.121914 Binding: 0.17 0.32 0.00 -0.30 -0.10 0.31 0.18 0.07 -0.13 -0.19 -0.13  Rvol: 0.58 1.06 1.49 -0.33 -0.32 0.02 0.38 0.14 0.75 1.27 1.70 -0.28 -0.18 0.15 0.47 
Loss: 0.748160  SIA Ef: -0.124385 Binding: 0.17 0.32 0.00 -0.30 -0.10 0.31 0.18 0.07 -0.13 -0.19 -0.13  Rvol: 0.58 1.06 1.49 -0.33 -0.32 0.02 0.38 0.14 0.75 1.27 1.70 -0.28 -0.18 0.15 0.47 
Loss: 0.747422  SIA Ef: -0.123981 Binding: 0.17 0.32 0.00 -0.30 -0.10 0.31 0.18 0.07 -0.13 -0.19 -0.13  Rvol: 0.58 1.06 1.49 -0.33 -0.32 0.02 0.38 0.14 0.75 1.27 1.70 -0.28 -0.18 0.15 0.47 
Loss: 0.746699  SIA Ef: -0.124026 Binding: 0.17 0.32 0.00 -0.30 -0.10 0.31 0.18 0.07 -0.13 -0.19 -0.13  Rvol: 0.58 1.06 1.49 -0.33 -0.32 0.02 0.38 0.14 0.75 1.27 1.70 -0.28 -0.18 0.15 0.47 
Loss: 0.745984  SIA Ef: -0.123595 Binding: 0.17 0.32 0.00 -0.30 -0.10 0.31 0.18 0.07 -0.13 -0.19 -0.13  Rvol: 0.58 1.06 1.49 -0.33 -0.32 0.02 0.38 0.14 0.75 1.27 1.70 -0.28 -0.18 0.15 0.47 
Loss: 0.745287  SIA Ef: -0.124101 Binding: 0.17 0.32 0.00 -0.30 -0.10 0.31 0.18 0.07 -0.13 -0.19 -0.13  Rvol: 0.58 1.06 1.48 -0.33 -0.32 0.02 0.38 0.14 0.75 1.27 1.70 -0.28 -0.18 0.15 0.47 
Loss: 0.744679  SIA Ef: -0.123176 Binding: 0.17 0.32 0.01 -0.30 -0.10 0.31 0.18 0.07 -0.13 -0.19 -0.13  Rvol: 0.58 1.06 1.48 -0.33 -0.32 0.02 0.38 0.14 0.75 1.27 1.70 -0.28 -0.18 0.15 0.47 
Loss: 0.744252  SIA Ef: -0.125732 Binding: 0.17 0.32 0.00 -0.30 -0.10 0.31 0.18 0.07 -0.13 -0.19 -0.13  Rvol: 0.58 1.06 1.48 -0.33 -0.32 0.02 0.38 0.14 0.75 1.27 1.70 -0.28 -0.18 0.15 0.47 
Loss: 0.743896  SIA Ef: -0.124450 Binding: 0.17 0.32 0.00 -0.30 -0.10 0.31 0.18 0.07 -0.13 -0.19 -0.13  Rvol: 0.58 1.06 1.48 -0.33 -0.32 0.02 0.38 0.14 0.75 1.27 1.70 -0.28 -0.18 0.15 0.47 
Loss: 0.743709  SIA Ef: -0.124636 Binding: 0.17 0.32 0.00 -0.30 -0.10 0.31 0.18 0.07 -0.13 -0.19 -0.13  Rvol: 0.58 1.06 1.48 -0.33 -0.32 0.02 0.38 0.14 0.75 1.27 1.70 -0.28 -0.18 0.15 0.47 
Loss: 0.743748  SIA Ef: -0.126241 Binding: 0.17 0.32 0.00 -0.30 -0.10 0.31 0.18 0.07 -0.13 -0.19 -0.13  Rvol: 0.58 1.06 1.48 -0.33 -0.32 0.02 0.38 0.14 0.75 1.27 1.70 -0.28 -0.18 0.15 0.47 
Loss: 0.743197  SIA Ef: -0.121022 Binding: 0.17 0.32 0.01 -0.30 -0.10 0.31 0.18 0.07 -0.13 -0.19 -0.13  Rvol: 0.58 1.06 1.48 -0.33 -0.32 0.02 0.38 0.14 0.75 1.27 1.70 -0.28 -0.18 0.15 0.47 
Loss: 0.742704  SIA Ef: -0.121100 Binding: 0.17 0.32 0.00 -0.30 -0.10 0.31 0.18 0.07 -0.13 -0.19 -0.13  Rvol: 0.58 1.06 1.48 -0.33 -0.32 0.02 0.38 0.14 0.75 1.27 1.70 -0.28 -0.18 0.15 0.47 
Loss: 0.742026  SIA Ef: -0.119678 Binding: 0.17 0.32 0.01 -0.30 -0.10 0.31 0.18 0.08 -0.13 -0.19 -0.13  Rvol: 0.58 1.06 1.48 -0.33 -0.32 0.02 0.38 0.14 0.75 1.27 1.70 -0.28 -0.18 0.15 0.47 
Loss: 0.741375  SIA Ef: -0.119038 Binding: 0.17 0.31 0.01 -0.30 -0.10 0.31 0.18 0.08 -0.13 -0.19 -0.13  Rvol: 0.58 1.06 1.48 -0.33 -0.32 0.02 0.38 0.14 0.75 1.27 1.70 -0.28 -0.18 0.15 0.47 
Loss: 0.740674  SIA Ef: -0.117559 Binding: 0.17 0.31 0.01 -0.30 -0.10 0.31 0.18 0.08 -0.13 -0.19 -0.13  Rvol: 0.58 1.06 1.48 -0.33 -0.32 0.02 0.38 0.14 0.75 1.27 1.70 -0.28 -0.18 0.15 0.47 
Loss: 0.740014  SIA Ef: -0.115953 Binding: 0.17 0.31 0.01 -0.30 -0.10 0.31 0.18 0.08 -0.13 -0.19 -0.13  Rvol: 0.58 1.06 1.48 -0.33 -0.32 0.02 0.38 0.14 0.75 1.27 1.70 -0.28 -0.18 0.15 0.47 
Loss: 0.739440  SIA Ef: -0.115333 Binding: 0.17 0.31 0.01 -0.30 -0.10 0.31 0.18 0.08 -0.13 -0.19 -0.13  Rvol: 0.58 1.06 1.48 -0.33 -0.32 0.02 0.38 0.14 0.75 1.27 1.70 -0.28 -0.18 0.15 0.47 
Loss: 0.738806  SIA Ef: -0.115237 Binding: 0.17 0.31 0.00 -0.30 -0.10 0.31 0.18 0.08 -0.13 -0.19 -0.13  Rvol: 0.58 1.06 1.48 -0.33 -0.32 0.02 0.38 0.14 0.75 1.27 1.70 -0.28 -0.18 0.15 0.47 
Loss: 0.738304  SIA Ef: -0.115409 Binding: 0.17 0.31 0.00 -0.30 -0.10 0.31 0.18 0.08 -0.13 -0.19 -0.13  Rvol: 0.58 1.06 1.48 -0.33 -0.32 0.02 0.38 0.14 0.75 1.27 1.70 -0.28 -0.18 0.15 0.47 
Loss: 0.737796  SIA Ef: -0.112563 Binding: 0.17 0.31 0.01 -0.30 -0.10 0.31 0.18 0.08 -0.13 -0.19 -0.13  Rvol: 0.58 1.06 1.48 -0.33 -0.32 0.02 0.38 0.14 0.75 1.27 1.70 -0.28 -0.18 0.15 0.47 
Loss: 0.737313  SIA Ef: -0.113012 Binding: 0.17 0.31 0.00 -0.30 -0.10 0.31 0.18 0.08 -0.13 -0.19 -0.13  Rvol: 0.58 1.06 1.48 -0.33 -0.32 0.02 0.38 0.14 0.75 1.27 1.70 -0.28 -0.18 0.15 0.47 
Loss: 0.737032  SIA Ef: -0.112479 Binding: 0.17 0.31 0.00 -0.30 -0.10 0.31 0.18 0.08 -0.13 -0.19 -0.13  Rvol: 0.58 1.06 1.48 -0.33 -0.32 0.02 0.38 0.14 0.75 1.27 1.70 -0.28 -0.18 0.15 0.47 
Loss: 0.736838  SIA Ef: -0.115465 Binding: 0.17 0.31 0.00 -0.30 -0.10 0.31 0.18 0.08 -0.13 -0.19 -0.13  Rvol: 0.58 1.06 1.48 -0.33 -0.32 0.02 0.38 0.14 0.75 1.27 1.70 -0.28 -0.18 0.15 0.47 
Loss: 0.736813  SIA Ef: -0.117338 Binding: 0.17 0.31 0.00 -0.30 -0.10 0.31 0.18 0.08 -0.13 -0.19 -0.13  Rvol: 0.58 1.06 1.48 -0.33 -0.32 0.02 0.38 0.14 0.75 1.27 1.70 -0.28 -0.18 0.15 0.47 
Loss: 0.736097  SIA Ef: -0.117433 Binding: 0.17 0.31 0.00 -0.30 -0.10 0.31 0.18 0.08 -0.13 -0.19 -0.13  Rvol: 0.58 1.06 1.48 -0.33 -0.32 0.02 0.38 0.14 0.75 1.27 1.70 -0.28 -0.18 0.15 0.47 
Loss: 0.735384  SIA Ef: -0.117480 Binding: 0.17 0.31 0.00 -0.30 -0.09 0.31 0.18 0.08 -0.13 -0.19 -0.13  Rvol: 0.58 1.06 1.48 -0.33 -0.32 0.02 0.38 0.14 0.75 1.27 1.70 -0.28 -0.18 0.15 0.47 
Loss: 0.734667  SIA Ef: -0.117542 Binding: 0.17 0.31 0.00 -0.30 -0.09 0.31 0.18 0.08 -0.13 -0.19 -0.13  Rvol: 0.58 1.06 1.48 -0.33 -0.32 0.02 0.38 0.14 0.75 1.27 1.70 -0.28 -0.18 0.15 0.47 
Loss: 0.733956  SIA Ef: -0.117556 Binding: 0.17 0.31 0.00 -0.30 -0.09 0.31 0.18 0.08 -0.13 -0.19 -0.13  Rvol: 0.58 1.06 1.48 -0.33 -0.32 0.02 0.38 0.14 0.75 1.27 1.70 -0.28 -0.18 0.15 0.47 
Loss: 0.733257  SIA Ef: -0.117677 Binding: 0.17 0.31 -0.00 -0.30 -0.09 0.31 0.18 0.08 -0.13 -0.19 -0.13  Rvol: 0.58 1.06 1.48 -0.33 -0.32 0.02 0.38 0.14 0.75 1.27 1.70 -0.28 -0.18 0.15 0.47 
Loss: 0.732602  SIA Ef: -0.118651 Binding: 0.17 0.31 -0.00 -0.30 -0.09 0.31 0.18 0.08 -0.13 -0.19 -0.13  Rvol: 0.58 1.06 1.48 -0.33 -0.32 0.02 0.38 0.14 0.75 1.27 1.70 -0.28 -0.18 0.15 0.47 
Loss: 0.731976  SIA Ef: -0.120031 Binding: 0.17 0.31 -0.00 -0.30 -0.09 0.31 0.18 0.08 -0.13 -0.19 -0.13  Rvol: 0.58 1.06 1.48 -0.33 -0.32 0.02 0.38 0.14 0.75 1.27 1.69 -0.28 -0.18 0.15 0.47 
Loss: 0.731273  SIA Ef: -0.119999 Binding: 0.17 0.31 -0.00 -0.30 -0.09 0.31 0.18 0.08 -0.13 -0.19 -0.13  Rvol: 0.58 1.06 1.48 -0.33 -0.32 0.02 0.38 0.14 0.75 1.27 1.69 -0.28 -0.18 0.15 0.47 
Loss: 0.730574  SIA Ef: -0.120169 Binding: 0.17 0.31 -0.00 -0.30 -0.09 0.31 0.18 0.08 -0.13 -0.19 -0.13  Rvol: 0.58 1.06 1.48 -0.33 -0.32 0.02 0.38 0.14 0.75 1.27 1.69 -0.28 -0.18 0.15 0.47 
Loss: 0.729908  SIA Ef: -0.121006 Binding: 0.17 0.31 -0.00 -0.30 -0.09 0.31 0.18 0.08 -0.13 -0.19 -0.13  Rvol: 0.58 1.06 1.48 -0.33 -0.32 0.02 0.38 0.14 0.75 1.27 1.69 -0.28 -0.18 0.15 0.47 
Loss: 0.729190  SIA Ef: -0.120394 Binding: 0.17 0.31 -0.00 -0.30 -0.09 0.31 0.18 0.08 -0.13 -0.19 -0.13  Rvol: 0.58 1.06 1.48 -0.33 -0.32 0.02 0.38 0.14 0.75 1.27 1.69 -0.28 -0.18 0.15 0.47 
Loss: 0.728483  SIA Ef: -0.119991 Binding: 0.17 0.30 -0.00 -0.29 -0.09 0.31 0.18 0.08 -0.13 -0.19 -0.13  Rvol: 0.58 1.06 1.48 -0.33 -0.32 0.02 0.38 0.14 0.75 1.27 1.69 -0.28 -0.18 0.15 0.47 
Loss: 0.727790  SIA Ef: -0.119851 Binding: 0.17 0.30 -0.00 -0.29 -0.09 0.31 0.18 0.08 -0.13 -0.19 -0.13  Rvol: 0.58 1.06 1.48 -0.33 -0.32 0.02 0.38 0.14 0.75 1.27 1.69 -0.28 -0.18 0.15 0.47 
Loss: 0.729797  SIA Ef: -0.120198 Binding: 0.17 0.30 -0.01 -0.29 -0.09 0.32 0.18 0.08 -0.13 -0.19 -0.13  Rvol: 0.58 1.06 1.48 -0.33 -0.32 0.02 0.38 0.14 0.75 1.27 1.69 -0.28 -0.18 0.15 0.47 
Loss: 0.730296  SIA Ef: -0.119956 Binding: 0.17 0.30 -0.01 -0.29 -0.09 0.32 0.18 0.08 -0.13 -0.19 -0.13  Rvol: 0.58 1.06 1.48 -0.33 -0.32 0.02 0.38 0.14 0.75 1.27 1.69 -0.28 -0.18 0.15 0.47 
Loss: 0.727640  SIA Ef: -0.120081 Binding: 0.17 0.30 -0.00 -0.29 -0.09 0.31 0.18 0.08 -0.13 -0.19 -0.13  Rvol: 0.58 1.06 1.48 -0.33 -0.32 0.02 0.38 0.14 0.75 1.27 1.69 -0.28 -0.18 0.15 0.47 
Loss: 0.727660  SIA Ef: -0.120724 Binding: 0.17 0.30 -0.00 -0.29 -0.09 0.31 0.18 0.08 -0.13 -0.19 -0.13  Rvol: 0.58 1.06 1.48 -0.33 -0.32 0.02 0.38 0.14 0.75 1.27 1.69 -0.28 -0.18 0.15 0.47 
Loss: 0.727615  SIA Ef: -0.119659 Binding: 0.17 0.30 0.00 -0.29 -0.09 0.31 0.18 0.08 -0.13 -0.19 -0.13  Rvol: 0.58 1.06 1.48 -0.33 -0.32 0.02 0.38 0.14 0.75 1.27 1.69 -0.28 -0.18 0.15 0.47 
Loss: 0.727616  SIA Ef: -0.120225 Binding: 0.17 0.30 -0.00 -0.29 -0.09 0.31 0.18 0.08 -0.13 -0.19 -0.13  Rvol: 0.58 1.06 1.48 -0.33 -0.32 0.02 0.38 0.14 0.75 1.27 1.69 -0.28 -0.18 0.15 0.47 
Loss: 0.727557  SIA Ef: -0.119374 Binding: 0.16 0.30 0.00 -0.30 -0.09 0.31 0.18 0.08 -0.13 -0.19 -0.13  Rvol: 0.58 1.06 1.48 -0.33 -0.32 0.02 0.38 0.14 0.75 1.27 1.69 -0.28 -0.18 0.15 0.47 
Loss: 0.727521  SIA Ef: -0.117540 Binding: 0.16 0.30 0.00 -0.30 -0.09 0.31 0.18 0.08 -0.13 -0.19 -0.13  Rvol: 0.58 1.06 1.48 -0.33 -0.32 0.02 0.38 0.14 0.75 1.27 1.69 -0.28 -0.18 0.15 0.47 
Loss: 0.726848  SIA Ef: -0.117904 Binding: 0.16 0.30 0.00 -0.29 -0.09 0.31 0.18 0.08 -0.13 -0.19 -0.13  Rvol: 0.58 1.06 1.48 -0.33 -0.32 0.02 0.38 0.14 0.75 1.27 1.69 -0.28 -0.18 0.15 0.47 
Loss: 0.726305  SIA Ef: -0.114020 Binding: 0.16 0.30 0.00 -0.29 -0.09 0.31 0.18 0.08 -0.13 -0.19 -0.13  Rvol: 0.58 1.06 1.48 -0.33 -0.32 0.02 0.38 0.14 0.75 1.27 1.70 -0.28 -0.18 0.15 0.47 
Loss: 0.726041  SIA Ef: -0.113632 Binding: 0.16 0.30 0.00 -0.29 -0.09 0.31 0.18 0.08 -0.13 -0.19 -0.13  Rvol: 0.58 1.06 1.48 -0.33 -0.32 0.02 0.38 0.14 0.75 1.27 1.70 -0.28 -0.18 0.15 0.47 
Loss: 0.725914  SIA Ef: -0.114292 Binding: 0.16 0.30 0.00 -0.30 -0.09 0.31 0.18 0.08 -0.13 -0.19 -0.13  Rvol: 0.58 1.06 1.48 -0.33 -0.32 0.02 0.38 0.14 0.75 1.27 1.70 -0.28 -0.18 0.15 0.47 
Loss: 0.725936  SIA Ef: -0.113970 Binding: 0.16 0.30 0.01 -0.30 -0.09 0.31 0.18 0.08 -0.13 -0.20 -0.13  Rvol: 0.58 1.06 1.48 -0.33 -0.32 0.02 0.38 0.14 0.75 1.27 1.70 -0.28 -0.18 0.15 0.47 
Loss: 0.725238  SIA Ef: -0.113522 Binding: 0.16 0.30 0.00 -0.29 -0.09 0.31 0.18 0.08 -0.13 -0.20 -0.13  Rvol: 0.58 1.06 1.48 -0.33 -0.32 0.02 0.38 0.14 0.75 1.27 1.70 -0.28 -0.18 0.15 0.47 
Loss: 0.724579  SIA Ef: -0.112426 Binding: 0.16 0.30 0.00 -0.29 -0.09 0.31 0.18 0.08 -0.13 -0.20 -0.13  Rvol: 0.58 1.06 1.48 -0.33 -0.32 0.02 0.38 0.14 0.75 1.27 1.70 -0.28 -0.18 0.15 0.47 
Loss: 0.723942  SIA Ef: -0.110750 Binding: 0.16 0.30 0.01 -0.29 -0.09 0.31 0.18 0.08 -0.13 -0.20 -0.13  Rvol: 0.58 1.06 1.48 -0.33 -0.32 0.02 0.38 0.14 0.75 1.27 1.70 -0.28 -0.18 0.15 0.47 
Loss: 0.723275  SIA Ef: -0.110434 Binding: 0.16 0.30 0.01 -0.29 -0.09 0.31 0.18 0.08 -0.13 -0.20 -0.13  Rvol: 0.58 1.06 1.48 -0.33 -0.32 0.02 0.38 0.14 0.75 1.27 1.70 -0.28 -0.18 0.15 0.47 
Loss: 0.722628  SIA Ef: -0.109768 Binding: 0.16 0.30 0.00 -0.29 -0.09 0.31 0.18 0.08 -0.13 -0.20 -0.13  Rvol: 0.58 1.06 1.48 -0.33 -0.32 0.02 0.38 0.14 0.75 1.27 1.70 -0.28 -0.18 0.15 0.47 
Loss: 0.721973  SIA Ef: -0.109002 Binding: 0.16 0.30 0.01 -0.29 -0.09 0.31 0.18 0.09 -0.13 -0.20 -0.13  Rvol: 0.58 1.06 1.48 -0.33 -0.32 0.02 0.38 0.14 0.75 1.27 1.70 -0.28 -0.18 0.15 0.47 
Loss: 0.721317  SIA Ef: -0.107883 Binding: 0.16 0.30 0.01 -0.29 -0.09 0.31 0.18 0.09 -0.13 -0.20 -0.13  Rvol: 0.58 1.06 1.48 -0.33 -0.32 0.02 0.38 0.14 0.75 1.27 1.70 -0.28 -0.18 0.15 0.47 
Loss: 0.720670  SIA Ef: -0.107245 Binding: 0.16 0.30 0.01 -0.29 -0.09 0.31 0.18 0.09 -0.13 -0.20 -0.13  Rvol: 0.58 1.06 1.48 -0.33 -0.32 0.02 0.38 0.14 0.75 1.27 1.70 -0.28 -0.18 0.15 0.47 
Loss: 0.720043  SIA Ef: -0.105862 Binding: 0.16 0.30 0.01 -0.29 -0.09 0.31 0.18 0.09 -0.13 -0.20 -0.13  Rvol: 0.58 1.06 1.48 -0.33 -0.32 0.02 0.38 0.14 0.75 1.27 1.70 -0.28 -0.18 0.15 0.47 
Loss: 0.719414  SIA Ef: -0.105422 Binding: 0.16 0.29 0.01 -0.29 -0.09 0.31 0.18 0.09 -0.13 -0.20 -0.13  Rvol: 0.58 1.06 1.48 -0.33 -0.32 0.02 0.38 0.14 0.75 1.27 1.70 -0.28 -0.18 0.15 0.47 
Loss: 0.718795  SIA Ef: -0.104071 Binding: 0.16 0.29 0.01 -0.29 -0.09 0.31 0.18 0.09 -0.13 -0.20 -0.13  Rvol: 0.58 1.06 1.48 -0.33 -0.32 0.02 0.38 0.14 0.75 1.27 1.70 -0.28 -0.18 0.15 0.47 
Loss: 0.718239  SIA Ef: -0.104010 Binding: 0.16 0.29 0.01 -0.29 -0.09 0.31 0.18 0.09 -0.13 -0.20 -0.13  Rvol: 0.58 1.06 1.48 -0.33 -0.32 0.02 0.38 0.14 0.75 1.27 1.70 -0.28 -0.18 0.15 0.47 
Loss: 0.717699  SIA Ef: -0.103350 Binding: 0.16 0.29 0.01 -0.29 -0.09 0.31 0.18 0.09 -0.13 -0.20 -0.13  Rvol: 0.58 1.06 1.48 -0.33 -0.32 0.02 0.38 0.14 0.75 1.27 1.70 -0.28 -0.18 0.15 0.47 
Loss: 0.717228  SIA Ef: -0.102237 Binding: 0.16 0.29 0.01 -0.29 -0.09 0.31 0.18 0.09 -0.13 -0.20 -0.13  Rvol: 0.58 1.06 1.48 -0.33 -0.32 0.02 0.38 0.14 0.75 1.27 1.70 -0.28 -0.18 0.15 0.47 
Loss: 0.716702  SIA Ef: -0.100417 Binding: 0.16 0.29 0.01 -0.29 -0.09 0.31 0.18 0.09 -0.13 -0.20 -0.13  Rvol: 0.58 1.06 1.48 -0.33 -0.32 0.02 0.38 0.14 0.75 1.27 1.70 -0.28 -0.18 0.15 0.47 
Loss: 0.716119  SIA Ef: -0.100617 Binding: 0.16 0.29 0.01 -0.29 -0.09 0.31 0.18 0.09 -0.13 -0.20 -0.13  Rvol: 0.58 1.06 1.48 -0.33 -0.32 0.02 0.38 0.14 0.75 1.27 1.70 -0.28 -0.18 0.15 0.47 
Loss: 0.715567  SIA Ef: -0.099823 Binding: 0.16 0.29 0.01 -0.29 -0.09 0.31 0.18 0.09 -0.13 -0.20 -0.13  Rvol: 0.58 1.06 1.48 -0.33 -0.32 0.02 0.38 0.14 0.75 1.27 1.70 -0.28 -0.18 0.15 0.47 
Loss: 0.715125  SIA Ef: -0.097658 Binding: 0.16 0.29 0.01 -0.29 -0.09 0.31 0.18 0.09 -0.13 -0.20 -0.13  Rvol: 0.58 1.06 1.48 -0.33 -0.32 0.02 0.38 0.14 0.75 1.27 1.70 -0.28 -0.18 0.15 0.47 
Loss: 0.714699  SIA Ef: -0.098047 Binding: 0.16 0.29 0.01 -0.29 -0.09 0.31 0.18 0.09 -0.13 -0.20 -0.13  Rvol: 0.58 1.06 1.48 -0.33 -0.32 0.02 0.38 0.14 0.75 1.27 1.70 -0.28 -0.18 0.15 0.47 
Loss: 0.714172  SIA Ef: -0.097143 Binding: 0.16 0.29 0.01 -0.29 -0.09 0.31 0.18 0.09 -0.13 -0.20 -0.13  Rvol: 0.58 1.06 1.48 -0.33 -0.32 0.02 0.38 0.14 0.75 1.27 1.70 -0.28 -0.18 0.15 0.47 
Loss: 0.713758  SIA Ef: -0.096512 Binding: 0.16 0.29 0.01 -0.29 -0.09 0.31 0.18 0.09 -0.13 -0.20 -0.13  Rvol: 0.58 1.06 1.48 -0.33 -0.32 0.02 0.38 0.14 0.75 1.27 1.70 -0.28 -0.18 0.15 0.47 
Loss: 0.713296  SIA Ef: -0.096466 Binding: 0.16 0.29 0.01 -0.29 -0.09 0.31 0.18 0.09 -0.13 -0.20 -0.13  Rvol: 0.58 1.06 1.48 -0.33 -0.32 0.02 0.38 0.14 0.75 1.27 1.70 -0.28 -0.18 0.15 0.47 
Loss: 0.712904  SIA Ef: -0.100783 Binding: 0.16 0.29 0.01 -0.29 -0.09 0.31 0.18 0.09 -0.13 -0.20 -0.13  Rvol: 0.58 1.06 1.48 -0.33 -0.32 0.02 0.38 0.14 0.75 1.27 1.70 -0.28 -0.18 0.15 0.47 
Loss: 0.712752  SIA Ef: -0.101320 Binding: 0.16 0.29 0.01 -0.29 -0.09 0.31 0.18 0.09 -0.13 -0.20 -0.13  Rvol: 0.58 1.06 1.48 -0.33 -0.32 0.02 0.38 0.14 0.75 1.27 1.69 -0.28 -0.18 0.15 0.47 
Loss: 0.712831  SIA Ef: -0.100783 Binding: 0.16 0.29 0.01 -0.29 -0.09 0.31 0.18 0.09 -0.13 -0.20 -0.13  Rvol: 0.58 1.06 1.48 -0.33 -0.32 0.02 0.38 0.14 0.75 1.27 1.70 -0.28 -0.18 0.15 0.47 
Loss: 0.712365  SIA Ef: -0.104130 Binding: 0.16 0.29 0.00 -0.29 -0.09 0.31 0.18 0.09 -0.13 -0.20 -0.13  Rvol: 0.58 1.06 1.48 -0.33 -0.32 0.02 0.38 0.14 0.75 1.27 1.69 -0.28 -0.18 0.15 0.47 
Loss: 0.711874  SIA Ef: -0.107549 Binding: 0.16 0.29 0.00 -0.29 -0.09 0.31 0.18 0.09 -0.13 -0.20 -0.13  Rvol: 0.58 1.06 1.48 -0.33 -0.32 0.02 0.38 0.14 0.75 1.27 1.69 -0.28 -0.18 0.15 0.47 
Loss: 0.711227  SIA Ef: -0.109932 Binding: 0.16 0.29 -0.00 -0.29 -0.09 0.31 0.18 0.09 -0.13 -0.20 -0.13  Rvol: 0.58 1.06 1.48 -0.33 -0.32 0.02 0.38 0.14 0.75 1.27 1.69 -0.28 -0.18 0.15 0.47 
Loss: 0.710649  SIA Ef: -0.112067 Binding: 0.16 0.29 -0.00 -0.29 -0.09 0.31 0.18 0.09 -0.13 -0.20 -0.13  Rvol: 0.58 1.06 1.48 -0.33 -0.32 0.02 0.38 0.14 0.75 1.27 1.69 -0.28 -0.18 0.15 0.47 
Loss: 0.710081  SIA Ef: -0.113298 Binding: 0.16 0.29 -0.00 -0.29 -0.09 0.31 0.18 0.09 -0.13 -0.19 -0.13  Rvol: 0.58 1.06 1.48 -0.33 -0.32 0.02 0.38 0.14 0.75 1.27 1.69 -0.28 -0.18 0.15 0.47 
Loss: 0.709583  SIA Ef: -0.115663 Binding: 0.16 0.29 -0.01 -0.29 -0.08 0.31 0.18 0.09 -0.13 -0.20 -0.13  Rvol: 0.58 1.06 1.48 -0.33 -0.32 0.02 0.38 0.14 0.75 1.27 1.69 -0.28 -0.18 0.15 0.46 
Loss: 0.711914  SIA Ef: -0.119542 Binding: 0.16 0.29 -0.01 -0.29 -0.08 0.32 0.18 0.09 -0.12 -0.20 -0.13  Rvol: 0.58 1.06 1.48 -0.33 -0.32 0.02 0.38 0.14 0.75 1.27 1.69 -0.28 -0.18 0.15 0.46 
Loss: 0.709596  SIA Ef: -0.115005 Binding: 0.16 0.29 -0.01 -0.29 -0.08 0.31 0.18 0.09 -0.13 -0.20 -0.13  Rvol: 0.58 1.06 1.48 -0.33 -0.32 0.02 0.38 0.14 0.75 1.27 1.69 -0.28 -0.18 0.15 0.47 
Loss: 0.709383  SIA Ef: -0.114267 Binding: 0.16 0.29 -0.01 -0.29 -0.09 0.31 0.18 0.09 -0.13 -0.20 -0.13  Rvol: 0.58 1.06 1.48 -0.33 -0.32 0.02 0.38 0.14 0.75 1.27 1.69 -0.28 -0.18 0.15 0.46 
Loss: 0.709427  SIA Ef: -0.114543 Binding: 0.16 0.29 -0.01 -0.29 -0.08 0.31 0.18 0.09 -0.13 -0.20 -0.13  Rvol: 0.58 1.06 1.48 -0.33 -0.32 0.02 0.38 0.14 0.75 1.27 1.69 -0.28 -0.18 0.15 0.46 
Loss: 0.709286  SIA Ef: -0.113588 Binding: 0.16 0.29 -0.00 -0.29 -0.09 0.31 0.18 0.09 -0.13 -0.20 -0.13  Rvol: 0.58 1.06 1.48 -0.33 -0.32 0.02 0.38 0.14 0.75 1.27 1.69 -0.28 -0.18 0.15 0.47 
Loss: 0.709278  SIA Ef: -0.113349 Binding: 0.16 0.29 -0.00 -0.29 -0.08 0.31 0.18 0.09 -0.13 -0.20 -0.13  Rvol: 0.58 1.06 1.48 -0.33 -0.32 0.02 0.38 0.14 0.75 1.27 1.69 -0.28 -0.18 0.15 0.47 
Loss: 0.709133  SIA Ef: -0.108691 Binding: 0.16 0.29 -0.00 -0.29 -0.09 0.31 0.18 0.09 -0.13 -0.20 -0.13  Rvol: 0.58 1.06 1.48 -0.33 -0.32 0.02 0.38 0.14 0.75 1.27 1.69 -0.28 -0.18 0.15 0.47 
Loss: 0.709080  SIA Ef: -0.107897 Binding: 0.16 0.29 -0.00 -0.29 -0.09 0.31 0.18 0.09 -0.13 -0.20 -0.13  Rvol: 0.58 1.06 1.48 -0.33 -0.32 0.02 0.38 0.14 0.75 1.27 1.69 -0.28 -0.18 0.15 0.47 
Loss: 0.709141  SIA Ef: -0.104610 Binding: 0.16 0.29 0.00 -0.29 -0.09 0.31 0.18 0.09 -0.13 -0.20 -0.13  Rvol: 0.58 1.06 1.48 -0.33 -0.32 0.02 0.38 0.14 0.75 1.27 1.69 -0.28 -0.18 0.15 0.47 
Loss: 0.709213  SIA Ef: -0.108004 Binding: 0.16 0.29 -0.00 -0.29 -0.09 0.31 0.18 0.09 -0.13 -0.20 -0.13  Rvol: 0.58 1.06 1.48 -0.33 -0.32 0.02 0.38 0.14 0.75 1.27 1.69 -0.28 -0.18 0.15 0.47 
Loss: 0.708435  SIA Ef: -0.108437 Binding: 0.16 0.29 -0.00 -0.29 -0.09 0.31 0.18 0.09 -0.13 -0.20 -0.13  Rvol: 0.58 1.06 1.48 -0.33 -0.32 0.02 0.38 0.14 0.75 1.27 1.69 -0.28 -0.18 0.15 0.47 
Loss: 0.707781  SIA Ef: -0.109097 Binding: 0.16 0.28 -0.00 -0.29 -0.08 0.31 0.18 0.09 -0.13 -0.20 -0.13  Rvol: 0.58 1.06 1.48 -0.33 -0.32 0.02 0.38 0.14 0.75 1.27 1.69 -0.28 -0.18 0.15 0.47 
Loss: 0.707132  SIA Ef: -0.109855 Binding: 0.16 0.28 -0.00 -0.29 -0.08 0.31 0.18 0.09 -0.13 -0.20 -0.13  Rvol: 0.58 1.06 1.48 -0.33 -0.32 0.02 0.38 0.14 0.75 1.27 1.69 -0.28 -0.18 0.15 0.47 
Loss: 0.706478  SIA Ef: -0.110544 Binding: 0.16 0.28 -0.01 -0.29 -0.08 0.31 0.18 0.09 -0.13 -0.20 -0.13  Rvol: 0.58 1.06 1.48 -0.33 -0.32 0.02 0.38 0.14 0.75 1.27 1.69 -0.28 -0.18 0.15 0.47 
Loss: 0.705832  SIA Ef: -0.111339 Binding: 0.16 0.28 -0.01 -0.29 -0.08 0.31 0.18 0.09 -0.13 -0.20 -0.13  Rvol: 0.58 1.06 1.48 -0.33 -0.32 0.02 0.38 0.14 0.75 1.27 1.69 -0.28 -0.18 0.15 0.47 
Loss: 0.705200  SIA Ef: -0.111954 Binding: 0.16 0.28 -0.01 -0.29 -0.08 0.31 0.18 0.09 -0.12 -0.20 -0.13  Rvol: 0.58 1.06 1.48 -0.33 -0.32 0.02 0.38 0.14 0.75 1.27 1.69 -0.28 -0.18 0.15 0.47 
Loss: 0.704648  SIA Ef: -0.113052 Binding: 0.16 0.28 -0.01 -0.29 -0.08 0.31 0.18 0.09 -0.12 -0.20 -0.13  Rvol: 0.58 1.06 1.48 -0.33 -0.32 0.02 0.38 0.14 0.75 1.27 1.69 -0.28 -0.18 0.15 0.46 
Loss: 0.704097  SIA Ef: -0.113335 Binding: 0.16 0.28 -0.01 -0.29 -0.08 0.31 0.18 0.09 -0.12 -0.20 -0.13  Rvol: 0.58 1.06 1.48 -0.33 -0.32 0.02 0.38 0.14 0.75 1.27 1.69 -0.28 -0.18 0.15 0.46 
Loss: 0.703571  SIA Ef: -0.111983 Binding: 0.16 0.28 -0.01 -0.29 -0.08 0.31 0.18 0.09 -0.12 -0.20 -0.13  Rvol: 0.58 1.06 1.48 -0.33 -0.32 0.02 0.38 0.14 0.75 1.27 1.69 -0.28 -0.18 0.15 0.47 
Loss: 0.702978  SIA Ef: -0.111412 Binding: 0.16 0.28 -0.01 -0.28 -0.08 0.31 0.18 0.09 -0.12 -0.20 -0.13  Rvol: 0.58 1.06 1.48 -0.33 -0.32 0.02 0.38 0.14 0.75 1.27 1.69 -0.28 -0.18 0.15 0.47 
Loss: 0.702536  SIA Ef: -0.108834 Binding: 0.16 0.28 -0.01 -0.28 -0.08 0.31 0.18 0.09 -0.13 -0.20 -0.13  Rvol: 0.58 1.06 1.48 -0.33 -0.32 0.02 0.38 0.14 0.75 1.27 1.69 -0.28 -0.18 0.15 0.47 
Loss: 0.702022  SIA Ef: -0.109239 Binding: 0.16 0.28 -0.01 -0.28 -0.08 0.31 0.18 0.09 -0.12 -0.20 -0.13  Rvol: 0.58 1.06 1.48 -0.33 -0.32 0.02 0.38 0.14 0.75 1.27 1.69 -0.28 -0.18 0.15 0.47 
Loss: 0.701440  SIA Ef: -0.109776 Binding: 0.16 0.28 -0.01 -0.28 -0.08 0.31 0.18 0.09 -0.12 -0.20 -0.13  Rvol: 0.58 1.06 1.48 -0.33 -0.32 0.02 0.38 0.14 0.75 1.27 1.69 -0.28 -0.18 0.15 0.47 
Loss: 0.700857  SIA Ef: -0.109889 Binding: 0.16 0.28 -0.01 -0.28 -0.08 0.31 0.18 0.09 -0.12 -0.20 -0.13  Rvol: 0.58 1.06 1.48 -0.33 -0.32 0.02 0.38 0.14 0.75 1.27 1.69 -0.28 -0.18 0.15 0.47 
Loss: 0.700314  SIA Ef: -0.109563 Binding: 0.16 0.28 -0.01 -0.28 -0.08 0.31 0.18 0.09 -0.12 -0.20 -0.13  Rvol: 0.58 1.06 1.48 -0.33 -0.32 0.02 0.38 0.14 0.75 1.27 1.69 -0.28 -0.18 0.15 0.47 
Loss: 0.699795  SIA Ef: -0.108674 Binding: 0.16 0.28 -0.01 -0.28 -0.08 0.31 0.18 0.09 -0.12 -0.20 -0.13  Rvol: 0.58 1.06 1.48 -0.33 -0.32 0.02 0.38 0.14 0.75 1.27 1.69 -0.28 -0.18 0.15 0.47 
Loss: 0.701720  SIA Ef: -0.111194 Binding: 0.16 0.28 -0.01 -0.28 -0.08 0.32 0.18 0.09 -0.12 -0.20 -0.13  Rvol: 0.58 1.06 1.48 -0.33 -0.32 0.02 0.38 0.14 0.75 1.27 1.69 -0.28 -0.18 0.15 0.46 
Loss: 0.699809  SIA Ef: -0.109290 Binding: 0.16 0.28 -0.01 -0.28 -0.08 0.31 0.18 0.09 -0.12 -0.20 -0.13  Rvol: 0.58 1.06 1.48 -0.33 -0.32 0.02 0.38 0.14 0.75 1.27 1.69 -0.28 -0.18 0.15 0.47 
Loss: 0.699881  SIA Ef: -0.103298 Binding: 0.16 0.28 -0.01 -0.28 -0.08 0.31 0.18 0.09 -0.12 -0.20 -0.13  Rvol: 0.58 1.06 1.48 -0.33 -0.32 0.02 0.38 0.14 0.75 1.27 1.69 -0.28 -0.18 0.15 0.47 
Loss: 0.699821  SIA Ef: -0.107770 Binding: 0.16 0.28 -0.01 -0.28 -0.08 0.31 0.18 0.09 -0.12 -0.20 -0.13  Rvol: 0.58 1.06 1.48 -0.33 -0.32 0.02 0.38 0.14 0.75 1.27 1.69 -0.28 -0.18 0.15 0.47 
Loss: 0.699887  SIA Ef: -0.107821 Binding: 0.16 0.28 -0.01 -0.28 -0.08 0.31 0.18 0.09 -0.12 -0.20 -0.13  Rvol: 0.58 1.06 1.48 -0.33 -0.32 0.02 0.38 0.14 0.75 1.27 1.69 -0.28 -0.18 0.15 0.47 
Loss: 0.699803  SIA Ef: -0.108588 Binding: 0.16 0.28 -0.01 -0.28 -0.08 0.31 0.18 0.09 -0.12 -0.20 -0.13  Rvol: 0.58 1.06 1.48 -0.33 -0.32 0.02 0.38 0.14 0.75 1.27 1.69 -0.28 -0.18 0.15 0.47 
Loss: 0.702294  SIA Ef: -0.110661 Binding: 0.16 0.28 -0.01 -0.28 -0.08 0.32 0.18 0.09 -0.12 -0.20 -0.13  Rvol: 0.58 1.06 1.48 -0.33 -0.32 0.02 0.38 0.14 0.75 1.27 1.69 -0.28 -0.18 0.15 0.47 
Loss: 0.699781  SIA Ef: -0.109981 Binding: 0.16 0.28 -0.01 -0.28 -0.08 0.31 0.18 0.09 -0.12 -0.20 -0.13  Rvol: 0.58 1.06 1.48 -0.33 -0.32 0.02 0.38 0.14 0.75 1.27 1.69 -0.28 -0.18 0.15 0.47 
Loss: 0.699903  SIA Ef: -0.109494 Binding: 0.16 0.28 -0.01 -0.28 -0.08 0.31 0.18 0.09 -0.12 -0.20 -0.13  Rvol: 0.58 1.06 1.48 -0.33 -0.32 0.02 0.38 0.14 0.75 1.27 1.69 -0.28 -0.18 0.15 0.46 
Loss: 0.702331  SIA Ef: -0.109443 Binding: 0.16 0.28 -0.01 -0.28 -0.08 0.32 0.18 0.09 -0.12 -0.20 -0.13  Rvol: 0.58 1.06 1.48 -0.33 -0.32 0.02 0.38 0.14 0.75 1.27 1.69 -0.28 -0.18 0.15 0.47 
Loss: 0.699844  SIA Ef: -0.109726 Binding: 0.16 0.28 -0.00 -0.28 -0.08 0.31 0.18 0.09 -0.13 -0.20 -0.13  Rvol: 0.58 1.06 1.48 -0.33 -0.32 0.02 0.38 0.14 0.75 1.27 1.69 -0.28 -0.18 0.15 0.46 
Loss: 0.699875  SIA Ef: -0.110365 Binding: 0.16 0.28 -0.01 -0.28 -0.08 0.31 0.18 0.09 -0.12 -0.20 -0.13  Rvol: 0.58 1.06 1.48 -0.33 -0.32 0.02 0.38 0.14 0.75 1.27 1.69 -0.28 -0.18 0.15 0.46 
Loss: 0.699770  SIA Ef: -0.109954 Binding: 0.16 0.28 -0.01 -0.28 -0.08 0.31 0.18 0.09 -0.12 -0.20 -0.13  Rvol: 0.58 1.06 1.48 -0.33 -0.32 0.02 0.38 0.14 0.75 1.27 1.69 -0.28 -0.18 0.15 0.47 
Loss: 0.699705  SIA Ef: -0.107358 Binding: 0.16 0.28 -0.01 -0.28 -0.08 0.31 0.18 0.09 -0.12 -0.20 -0.13  Rvol: 0.58 1.06 1.48 -0.33 -0.32 0.02 0.38 0.14 0.75 1.27 1.69 -0.28 -0.18 0.15 0.47 
Loss: 0.699816  SIA Ef: -0.107176 Binding: 0.16 0.28 -0.01 -0.28 -0.08 0.31 0.18 0.09 -0.12 -0.20 -0.13  Rvol: 0.58 1.06 1.48 -0.33 -0.32 0.02 0.38 0.14 0.75 1.27 1.69 -0.28 -0.18 0.15 0.47 
Loss: 0.699516  SIA Ef: -0.108752 Binding: 0.16 0.28 -0.01 -0.28 -0.08 0.31 0.18 0.09 -0.12 -0.20 -0.13  Rvol: 0.58 1.06 1.48 -0.33 -0.32 0.02 0.38 0.14 0.75 1.27 1.69 -0.28 -0.18 0.15 0.47 
Loss: 0.699490  SIA Ef: -0.108870 Binding: 0.16 0.28 -0.01 -0.28 -0.08 0.31 0.18 0.09 -0.12 -0.20 -0.13  Rvol: 0.58 1.06 1.48 -0.33 -0.32 0.02 0.38 0.14 0.75 1.27 1.69 -0.28 -0.18 0.15 0.47 
Loss: 0.699485  SIA Ef: -0.108788 Binding: 0.16 0.28 -0.01 -0.28 -0.08 0.31 0.18 0.09 -0.12 -0.20 -0.13  Rvol: 0.58 1.06 1.48 -0.33 -0.32 0.02 0.38 0.14 0.75 1.27 1.69 -0.28 -0.18 0.15 0.47 
Loss: 0.699475  SIA Ef: -0.109442 Binding: 0.16 0.28 -0.01 -0.28 -0.08 0.31 0.18 0.09 -0.12 -0.20 -0.13  Rvol: 0.58 1.06 1.48 -0.33 -0.32 0.02 0.38 0.14 0.75 1.27 1.69 -0.28 -0.18 0.15 0.47 
Loss: 0.699162  SIA Ef: -0.110021 Binding: 0.16 0.28 -0.01 -0.28 -0.08 0.31 0.18 0.09 -0.12 -0.20 -0.13  Rvol: 0.58 1.06 1.48 -0.33 -0.32 0.02 0.38 0.14 0.75 1.27 1.69 -0.28 -0.18 0.15 0.46 
Loss: 0.698850  SIA Ef: -0.110601 Binding: 0.16 0.28 -0.01 -0.28 -0.08 0.31 0.18 0.09 -0.12 -0.20 -0.13  Rvol: 0.58 1.06 1.48 -0.33 -0.32 0.02 0.38 0.14 0.75 1.27 1.69 -0.28 -0.18 0.15 0.46 
Loss: 0.698542  SIA Ef: -0.111198 Binding: 0.16 0.28 -0.01 -0.28 -0.08 0.31 0.18 0.09 -0.12 -0.20 -0.13  Rvol: 0.58 1.06 1.48 -0.33 -0.32 0.02 0.38 0.14 0.75 1.27 1.69 -0.28 -0.18 0.15 0.46 
Loss: 0.698233  SIA Ef: -0.111901 Binding: 0.16 0.28 -0.01 -0.28 -0.08 0.31 0.18 0.09 -0.12 -0.20 -0.13  Rvol: 0.58 1.06 1.48 -0.33 -0.32 0.02 0.38 0.14 0.75 1.27 1.69 -0.28 -0.18 0.15 0.46 
Loss: 0.700427  SIA Ef: -0.112614 Binding: 0.16 0.28 -0.01 -0.28 -0.08 0.32 0.18 0.09 -0.12 -0.20 -0.13  Rvol: 0.58 1.06 1.48 -0.33 -0.32 0.02 0.38 0.14 0.75 1.27 1.69 -0.28 -0.18 0.15 0.46 
Loss: 0.700733  SIA Ef: -0.111891 Binding: 0.16 0.28 -0.01 -0.28 -0.08 0.32 0.18 0.09 -0.12 -0.20 -0.13  Rvol: 0.58 1.06 1.48 -0.33 -0.32 0.02 0.38 0.14 0.75 1.27 1.69 -0.28 -0.18 0.15 0.46 
Loss: 0.698212  SIA Ef: -0.111190 Binding: 0.16 0.28 -0.01 -0.28 -0.08 0.31 0.18 0.09 -0.12 -0.20 -0.13  Rvol: 0.58 1.06 1.48 -0.33 -0.32 0.02 0.38 0.14 0.75 1.27 1.69 -0.28 -0.18 0.15 0.46 
Loss: 0.698215  SIA Ef: -0.111659 Binding: 0.16 0.28 -0.01 -0.28 -0.08 0.31 0.18 0.10 -0.12 -0.20 -0.13  Rvol: 0.58 1.06 1.48 -0.33 -0.32 0.02 0.38 0.14 0.75 1.27 1.69 -0.28 -0.18 0.15 0.46 
Loss: 0.698195  SIA Ef: -0.110071 Binding: 0.16 0.28 -0.01 -0.28 -0.08 0.31 0.18 0.09 -0.12 -0.20 -0.13  Rvol: 0.58 1.06 1.48 -0.33 -0.32 0.02 0.38 0.14 0.75 1.27 1.69 -0.28 -0.18 0.15 0.46 
Loss: 0.698197  SIA Ef: -0.110022 Binding: 0.16 0.28 -0.01 -0.28 -0.08 0.31 0.18 0.10 -0.12 -0.20 -0.13  Rvol: 0.58 1.06 1.48 -0.33 -0.32 0.02 0.38 0.14 0.75 1.27 1.69 -0.28 -0.18 0.15 0.46 
Loss: 0.698263  SIA Ef: -0.110331 Binding: 0.16 0.28 -0.01 -0.28 -0.08 0.31 0.18 0.09 -0.12 -0.20 -0.13  Rvol: 0.58 1.06 1.48 -0.33 -0.32 0.02 0.38 0.14 0.75 1.27 1.69 -0.28 -0.18 0.15 0.46 
Loss: 0.698193  SIA Ef: -0.108819 Binding: 0.16 0.28 -0.01 -0.28 -0.08 0.31 0.18 0.09 -0.12 -0.20 -0.13  Rvol: 0.58 1.06 1.48 -0.33 -0.32 0.02 0.38 0.14 0.75 1.27 1.69 -0.28 -0.18 0.15 0.47 
Loss: 0.698213  SIA Ef: -0.109734 Binding: 0.16 0.28 -0.01 -0.28 -0.08 0.31 0.18 0.09 -0.12 -0.20 -0.13  Rvol: 0.58 1.06 1.48 -0.33 -0.32 0.02 0.38 0.14 0.75 1.27 1.69 -0.28 -0.18 0.15 0.47 
Loss: 0.698190  SIA Ef: -0.108251 Binding: 0.16 0.28 -0.01 -0.28 -0.08 0.31 0.18 0.09 -0.12 -0.20 -0.13  Rvol: 0.58 1.06 1.48 -0.33 -0.32 0.02 0.38 0.14 0.75 1.27 1.69 -0.28 -0.18 0.15 0.47 
Loss: 0.698299  SIA Ef: -0.107761 Binding: 0.16 0.28 -0.01 -0.28 -0.08 0.31 0.18 0.09 -0.12 -0.20 -0.13  Rvol: 0.58 1.06 1.48 -0.33 -0.32 0.02 0.38 0.14 0.75 1.27 1.69 -0.28 -0.18 0.15 0.47 
Loss: 0.698068  SIA Ef: -0.108520 Binding: 0.16 0.28 -0.01 -0.28 -0.08 0.31 0.18 0.09 -0.12 -0.20 -0.13  Rvol: 0.58 1.06 1.48 -0.33 -0.32 0.02 0.38 0.14 0.75 1.27 1.69 -0.28 -0.18 0.15 0.47 
Loss: 0.698064  SIA Ef: -0.108375 Binding: 0.16 0.28 -0.01 -0.28 -0.08 0.31 0.18 0.09 -0.12 -0.20 -0.13  Rvol: 0.58 1.06 1.48 -0.33 -0.32 0.02 0.38 0.14 0.75 1.27 1.69 -0.28 -0.18 0.15 0.47 
Loss: 0.697936  SIA Ef: -0.108574 Binding: 0.16 0.28 -0.01 -0.28 -0.08 0.31 0.18 0.10 -0.12 -0.20 -0.13  Rvol: 0.58 1.06 1.48 -0.33 -0.32 0.02 0.38 0.14 0.75 1.27 1.69 -0.28 -0.18 0.15 0.47 
Loss: 0.697806  SIA Ef: -0.108757 Binding: 0.16 0.28 -0.01 -0.28 -0.08 0.31 0.18 0.10 -0.12 -0.20 -0.13  Rvol: 0.58 1.06 1.48 -0.33 -0.32 0.02 0.38 0.14 0.75 1.27 1.69 -0.28 -0.18 0.15 0.47 
Loss: 0.697676  SIA Ef: -0.108951 Binding: 0.16 0.28 -0.01 -0.28 -0.08 0.31 0.18 0.10 -0.12 -0.20 -0.13  Rvol: 0.58 1.06 1.48 -0.33 -0.32 0.02 0.38 0.14 0.75 1.27 1.69 -0.28 -0.18 0.15 0.47 
Loss: 0.697549  SIA Ef: -0.109147 Binding: 0.16 0.28 -0.01 -0.28 -0.08 0.31 0.18 0.10 -0.12 -0.20 -0.13  Rvol: 0.58 1.06 1.48 -0.33 -0.32 0.02 0.38 0.14 0.75 1.27 1.69 -0.28 -0.18 0.15 0.46 
Loss: 0.697421  SIA Ef: -0.109287 Binding: 0.16 0.28 -0.01 -0.28 -0.08 0.31 0.18 0.10 -0.12 -0.20 -0.13  Rvol: 0.58 1.06 1.48 -0.33 -0.32 0.02 0.38 0.14 0.75 1.27 1.69 -0.28 -0.18 0.15 0.46 
Loss: 0.697296  SIA Ef: -0.109475 Binding: 0.16 0.28 -0.01 -0.28 -0.08 0.31 0.18 0.10 -0.12 -0.20 -0.13  Rvol: 0.58 1.06 1.48 -0.33 -0.32 0.02 0.38 0.14 0.75 1.27 1.69 -0.28 -0.18 0.15 0.46 
Loss: 0.697174  SIA Ef: -0.109560 Binding: 0.16 0.28 -0.01 -0.28 -0.08 0.31 0.18 0.10 -0.12 -0.20 -0.13  Rvol: 0.58 1.06 1.48 -0.33 -0.32 0.02 0.38 0.14 0.75 1.27 1.69 -0.28 -0.18 0.15 0.46 
Loss: 0.697047  SIA Ef: -0.109773 Binding: 0.16 0.28 -0.01 -0.28 -0.07 0.31 0.18 0.10 -0.12 -0.20 -0.13  Rvol: 0.58 1.06 1.48 -0.33 -0.32 0.02 0.38 0.14 0.75 1.27 1.69 -0.28 -0.18 0.15 0.46 
Loss: 0.699423  SIA Ef: -0.109953 Binding: 0.16 0.28 -0.01 -0.28 -0.07 0.32 0.18 0.10 -0.12 -0.20 -0.13  Rvol: 0.58 1.06 1.48 -0.33 -0.32 0.02 0.38 0.14 0.75 1.27 1.69 -0.28 -0.18 0.15 0.46 
Loss: 0.699555  SIA Ef: -0.109689 Binding: 0.16 0.28 -0.01 -0.28 -0.07 0.32 0.18 0.10 -0.12 -0.20 -0.13  Rvol: 0.58 1.06 1.48 -0.33 -0.32 0.02 0.38 0.14 0.75 1.27 1.69 -0.28 -0.18 0.15 0.46 
Loss: 0.697035  SIA Ef: -0.109945 Binding: 0.16 0.28 -0.01 -0.28 -0.07 0.31 0.18 0.10 -0.12 -0.20 -0.13  Rvol: 0.58 1.06 1.48 -0.33 -0.32 0.02 0.38 0.14 0.75 1.27 1.69 -0.28 -0.18 0.15 0.46 
Loss: 0.697036  SIA Ef: -0.109752 Binding: 0.16 0.28 -0.01 -0.28 -0.08 0.31 0.18 0.10 -0.12 -0.20 -0.13  Rvol: 0.58 1.06 1.48 -0.33 -0.32 0.02 0.38 0.14 0.75 1.27 1.69 -0.28 -0.18 0.15 0.46 
Loss: 0.696912  SIA Ef: -0.110148 Binding: 0.16 0.28 -0.01 -0.28 -0.07 0.31 0.18 0.10 -0.12 -0.20 -0.13  Rvol: 0.58 1.06 1.48 -0.33 -0.32 0.02 0.38 0.14 0.75 1.27 1.69 -0.28 -0.18 0.15 0.46 
Loss: 0.696804  SIA Ef: -0.110165 Binding: 0.16 0.28 -0.01 -0.28 -0.07 0.31 0.18 0.10 -0.12 -0.20 -0.13  Rvol: 0.58 1.06 1.48 -0.33 -0.32 0.02 0.38 0.14 0.75 1.27 1.69 -0.28 -0.18 0.15 0.46 
Loss: 0.696695  SIA Ef: -0.110144 Binding: 0.16 0.28 -0.01 -0.28 -0.07 0.31 0.18 0.10 -0.12 -0.20 -0.13  Rvol: 0.58 1.06 1.48 -0.33 -0.32 0.02 0.38 0.14 0.75 1.27 1.69 -0.28 -0.18 0.15 0.46 
Loss: 0.699075  SIA Ef: -0.110187 Binding: 0.16 0.28 -0.01 -0.28 -0.07 0.32 0.18 0.10 -0.12 -0.20 -0.13  Rvol: 0.58 1.06 1.48 -0.33 -0.32 0.02 0.38 0.14 0.75 1.27 1.69 -0.28 -0.18 0.15 0.46 
Loss: 0.696694  SIA Ef: -0.109920 Binding: 0.16 0.28 -0.01 -0.28 -0.07 0.31 0.18 0.10 -0.12 -0.20 -0.13  Rvol: 0.58 1.06 1.48 -0.33 -0.32 0.02 0.38 0.14 0.75 1.27 1.69 -0.28 -0.18 0.15 0.46 
Loss: 0.699181  SIA Ef: -0.110339 Binding: 0.16 0.28 -0.01 -0.28 -0.07 0.32 0.18 0.10 -0.12 -0.20 -0.13  Rvol: 0.58 1.06 1.48 -0.33 -0.32 0.02 0.38 0.14 0.75 1.27 1.69 -0.28 -0.18 0.15 0.46 
Loss: 0.696693  SIA Ef: -0.109696 Binding: 0.16 0.28 -0.01 -0.28 -0.07 0.31 0.18 0.10 -0.12 -0.20 -0.13  Rvol: 0.58 1.06 1.48 -0.33 -0.32 0.02 0.38 0.14 0.75 1.27 1.69 -0.28 -0.18 0.15 0.46 
Loss: 0.696708  SIA Ef: -0.108787 Binding: 0.16 0.28 -0.01 -0.28 -0.07 0.31 0.18 0.10 -0.12 -0.20 -0.13  Rvol: 0.58 1.06 1.48 -0.33 -0.32 0.02 0.38 0.14 0.75 1.27 1.69 -0.28 -0.18 0.15 0.46 
Loss: 0.696694  SIA Ef: -0.109716 Binding: 0.16 0.28 -0.01 -0.28 -0.07 0.31 0.18 0.10 -0.12 -0.20 -0.13  Rvol: 0.58 1.06 1.48 -0.33 -0.32 0.02 0.38 0.14 0.75 1.27 1.69 -0.28 -0.18 0.15 0.46 
Loss: 0.696727  SIA Ef: -0.110114 Binding: 0.16 0.28 -0.01 -0.28 -0.07 0.31 0.18 0.10 -0.12 -0.20 -0.13  Rvol: 0.58 1.06 1.48 -0.33 -0.32 0.02 0.38 0.14 0.75 1.27 1.69 -0.28 -0.18 0.15 0.46 
Loss: 0.696693  SIA Ef: -0.109720 Binding: 0.16 0.28 -0.01 -0.28 -0.07 0.31 0.18 0.10 -0.12 -0.20 -0.13  Rvol: 0.58 1.06 1.48 -0.33 -0.32 0.02 0.38 0.14 0.75 1.27 1.69 -0.28 -0.18 0.15 0.46 
Loss: 0.696732  SIA Ef: -0.109033 Binding: 0.16 0.28 -0.01 -0.28 -0.07 0.31 0.18 0.10 -0.12 -0.20 -0.13  Rvol: 0.58 1.06 1.48 -0.33 -0.32 0.02 0.38 0.14 0.75 1.27 1.69 -0.28 -0.18 0.15 0.46 
Loss: 0.699204  SIA Ef: -0.109776 Binding: 0.16 0.28 -0.01 -0.28 -0.07 0.32 0.18 0.10 -0.12 -0.20 -0.13  Rvol: 0.58 1.06 1.48 -0.33 -0.32 0.02 0.38 0.14 0.75 1.27 1.69 -0.28 -0.18 0.15 0.46 
Loss: 0.696711  SIA Ef: -0.109315 Binding: 0.16 0.28 -0.01 -0.28 -0.07 0.31 0.18 0.10 -0.12 -0.20 -0.13  Rvol: 0.58 1.06 1.48 -0.33 -0.32 0.02 0.38 0.14 0.75 1.27 1.69 -0.28 -0.18 0.15 0.46 
