Start Optimization 
Loss: 4.181147  SIA Ef: 0.823479 Binding: -0.20 -0.14 0.90 0.09 0.06 0.09 -0.35 0.57 -0.62 -1.04 -0.55  Rvol: 0.54 1.04 1.46 -0.33 -0.15 0.19 0.52 0.14 0.81 1.36 1.76 -0.28 0.03 0.38 0.78 
Loss: 4.310643  SIA Ef: 0.883155 Binding: -0.20 -0.13 0.90 0.10 0.07 0.09 -0.36 0.57 -0.62 -1.04 -0.54  Rvol: 0.55 1.05 1.47 -0.33 -0.15 0.19 0.53 0.14 0.81 1.36 1.77 -0.28 0.03 0.38 0.79 
Loss: 74.669467  SIA Ef: 5.377342 Binding: 0.88 1.74 5.26 2.42 1.22 0.20 -0.52 0.17 -1.14 -1.28 -0.46  Rvol: 0.76 1.57 2.29 -0.33 0.15 0.61 1.05 0.14 1.02 1.82 2.58 -0.28 0.32 0.76 1.32 
Loss: 44.931718  SIA Ef: 1.529526 Binding: 0.97 0.55 -4.63 1.04 1.68 0.57 -0.46 0.56 3.56 -0.13 1.16  Rvol: 0.54 1.18 1.48 -0.33 0.04 0.49 0.86 0.14 0.81 1.42 1.65 -0.28 0.20 0.67 1.20 
Loss: 269.570927  SIA Ef: 12.845988 Binding: 2.19 0.18 8.74 2.26 -0.29 0.94 -0.46 -0.49 -1.47 -1.59 -1.55  Rvol: 1.31 2.14 3.73 -0.33 -0.11 0.15 0.65 0.14 1.43 2.53 3.66 -0.28 0.09 0.32 0.83 
Loss: 4.606576  SIA Ef: 0.823479 Binding: -0.20 -0.14 0.90 0.09 0.06 -0.07 -0.31 0.82 -0.83 -1.07 -0.20  Rvol: 0.54 1.04 1.46 -0.33 -0.15 0.19 0.52 0.14 0.74 1.25 1.77 -0.28 0.08 0.33 0.82 
Loss: 20.381464  SIA Ef: 0.823479 Binding: -0.20 -0.14 0.90 0.09 0.06 -0.47 -1.32 -1.92 -1.00 -2.01 -2.78  Rvol: 0.54 1.04 1.46 -0.33 -0.15 0.19 0.52 0.14 0.79 1.34 1.71 -0.28 -0.03 0.31 0.64 
Loss: 3.618725  SIA Ef: 0.823479 Binding: -0.20 -0.14 0.90 0.09 0.06 0.19 -0.12 0.76 -0.49 -0.82 -0.34  Rvol: 0.54 1.04 1.46 -0.33 -0.15 0.19 0.52 0.14 0.82 1.37 1.74 -0.28 0.02 0.38 0.76 
Loss: 3.659165  SIA Ef: 0.823479 Binding: 0.07 0.22 0.90 -0.62 -0.35 0.19 -0.08 0.54 -0.49 -0.65 -0.04  Rvol: 0.54 1.11 1.52 -0.33 -0.15 0.23 0.65 0.14 0.82 1.39 1.81 -0.28 0.02 0.42 0.87 
Loss: 5.353680  SIA Ef: 0.823479 Binding: -0.81 -0.87 0.90 0.06 -0.74 0.19 -0.55 0.06 -0.49 -0.90 -0.49  Rvol: 0.54 0.98 1.37 -0.33 -0.15 0.16 0.45 0.14 0.82 1.26 1.67 -0.28 0.02 0.36 0.68 
Loss: 3.585686  SIA Ef: 0.823479 Binding: -0.13 0.08 0.90 0.16 0.33 0.19 -0.27 0.67 -0.49 -0.79 -0.34  Rvol: 0.54 1.02 1.45 -0.33 -0.15 0.20 0.53 0.14 0.82 1.31 1.72 -0.28 0.02 0.38 0.76 
Loss: 247.230191  SIA Ef: -14.630033 Binding: -0.20 -0.14 -4.17 0.61 0.56 0.08 -0.48 0.25 3.07 -0.31 0.80  Rvol: -0.09 -0.21 -0.44 -0.33 -0.32 -0.60 -0.56 0.14 0.30 -0.19 -0.45 -0.28 -0.29 -0.49 -0.31 
Loss: 17.783193  SIA Ef: 2.258391 Binding: 0.07 0.79 2.64 1.03 0.74 0.25 -0.58 0.65 -0.81 -0.91 -0.28  Rvol: 0.59 1.16 1.69 -0.33 -0.00 0.39 0.71 0.14 0.92 1.48 2.03 -0.28 0.17 0.57 0.99 
Loss: 3.532837  SIA Ef: 0.810026 Binding: -0.13 0.08 0.89 0.16 0.33 0.19 -0.27 0.67 -0.49 -0.79 -0.34  Rvol: 0.54 1.02 1.44 -0.33 -0.16 0.19 0.53 0.14 0.82 1.30 1.72 -0.28 0.02 0.38 0.76 
Loss: 41.680560  SIA Ef: 0.915993 Binding: 0.49 0.13 -4.01 3.04 0.22 0.48 -0.27 0.78 3.22 -1.83 0.43  Rvol: 0.46 1.07 1.28 -0.33 -0.11 0.33 0.59 0.14 0.75 1.26 1.52 -0.28 0.08 0.42 0.85 
Loss: 3.323943  SIA Ef: 0.815335 Binding: -0.13 0.08 0.89 0.16 0.33 0.29 -0.03 0.86 -0.36 -0.58 -0.13  Rvol: 0.54 1.02 1.45 -0.33 -0.16 0.19 0.53 0.14 0.82 1.31 1.71 -0.28 0.01 0.38 0.75 
Loss: 88.117336  SIA Ef: 6.746095 Binding: 0.03 -0.48 5.73 0.97 -0.87 -0.03 -0.41 1.21 -1.03 -1.01 -0.42  Rvol: 0.96 1.78 2.68 -0.33 -0.15 0.12 0.67 0.14 1.17 1.91 2.93 -0.28 0.05 0.37 0.97 
Loss: 4.294952  SIA Ef: 0.581560 Binding: -0.13 0.08 0.77 0.16 0.39 0.49 0.30 1.48 -0.15 -0.22 0.48  Rvol: 0.53 1.00 1.41 -0.33 -0.15 0.19 0.51 0.14 0.79 1.29 1.68 -0.28 0.01 0.37 0.74 
Loss: 43.382236  SIA Ef: -6.092711 Binding: -0.32 0.54 -1.41 0.48 1.11 0.42 0.10 0.27 1.18 -0.53 0.07  Rvol: 0.21 0.35 0.67 -0.33 -0.18 -0.09 0.02 0.14 0.57 0.81 0.77 -0.28 -0.17 0.04 0.20 
Loss: 3.355139  SIA Ef: 0.816686 Binding: -0.13 0.08 0.88 0.16 0.34 0.33 0.03 0.94 -0.32 -0.52 -0.05  Rvol: 0.54 1.02 1.44 -0.33 -0.15 0.19 0.53 0.14 0.82 1.31 1.71 -0.28 0.01 0.38 0.75 
Loss: 52.905056  SIA Ef: -0.299752 Binding: 0.43 0.12 -4.68 3.34 0.21 0.60 -0.02 0.86 3.85 -1.64 0.72  Rvol: 0.41 0.99 1.14 -0.33 -0.13 0.29 0.50 0.14 0.72 1.18 1.36 -0.28 0.04 0.35 0.75 
Loss: 3.744488  SIA Ef: 0.816394 Binding: -0.19 0.45 0.89 0.37 0.58 0.29 0.03 0.77 -0.36 -0.61 -0.16  Rvol: 0.54 0.98 1.43 -0.33 -0.15 0.19 0.51 0.14 0.82 1.30 1.70 -0.28 0.01 0.38 0.73 
Loss: 14.951026  SIA Ef: 1.866726 Binding: 0.05 0.70 2.55 1.02 0.78 0.37 -0.20 0.92 -0.62 -0.69 -0.09  Rvol: 0.57 1.13 1.62 -0.33 -0.00 0.39 0.69 0.14 0.91 1.41 1.95 -0.28 0.16 0.56 0.94 
Loss: 3.953858  SIA Ef: 0.847654 Binding: 0.12 0.61 0.92 0.24 0.66 0.29 -0.03 0.75 -0.37 -0.55 -0.07  Rvol: 0.55 1.06 1.45 -0.33 -0.16 0.20 0.54 0.14 0.82 1.32 1.73 -0.28 0.01 0.39 0.77 
Loss: 82.883762  SIA Ef: 5.564560 Binding: 0.14 -0.68 6.44 1.29 -0.82 0.11 -0.40 1.21 -1.07 -1.13 -0.53  Rvol: 0.94 1.71 2.57 -0.33 -0.16 0.08 0.53 0.14 1.17 1.83 2.77 -0.28 0.04 0.31 0.80 
Loss: 3.357174  SIA Ef: 0.815950 Binding: -0.11 0.14 0.89 0.18 0.39 0.29 -0.05 0.85 -0.36 -0.58 -0.12  Rvol: 0.54 1.02 1.44 -0.33 -0.16 0.20 0.53 0.14 0.82 1.30 1.71 -0.28 0.01 0.38 0.75 
Loss: 82.884097  SIA Ef: 5.564557 Binding: 0.14 -0.68 6.44 1.29 -0.82 0.11 -0.40 1.21 -1.07 -1.13 -0.53  Rvol: 0.94 1.71 2.57 -0.33 -0.16 0.08 0.53 0.14 1.17 1.83 2.77 -0.28 0.04 0.31 0.80 
Loss: 29.682915  SIA Ef: 3.306558 Binding: -0.19 -0.15 3.70 0.43 -0.74 0.13 -0.70 0.80 -0.90 -0.84 -0.23  Rvol: 0.74 1.39 2.01 -0.33 -0.17 0.13 0.63 0.14 0.93 1.58 2.32 -0.28 0.02 0.38 0.89 
Loss: 2.491832  SIA Ef: -0.765711 Binding: -0.16 0.07 0.59 0.16 0.45 0.32 -0.04 0.79 -0.22 -0.60 -0.14  Rvol: 0.47 0.91 1.24 -0.33 -0.16 0.14 0.41 0.14 0.76 1.19 1.50 -0.28 -0.03 0.31 0.62 
Loss: 2.351503  SIA Ef: -0.918962 Binding: -0.12 -0.01 0.24 0.10 0.46 0.33 -0.05 0.80 -0.08 -0.57 -0.11  Rvol: 0.47 0.93 1.21 -0.33 -0.18 0.12 0.39 0.14 0.74 1.17 1.48 -0.28 -0.05 0.29 0.60 
Loss: 8.197927  SIA Ef: -1.815526 Binding: -0.33 0.43 -1.22 0.40 1.01 0.41 0.30 0.72 0.92 -0.45 0.09  Rvol: 0.40 0.69 1.04 -0.33 -0.16 0.10 0.33 0.14 0.68 1.08 1.29 -0.28 -0.07 0.24 0.54 
Loss: 2.354226  SIA Ef: -0.921027 Binding: -0.12 -0.01 0.24 0.09 0.46 0.33 -0.05 0.80 -0.08 -0.57 -0.11  Rvol: 0.47 0.93 1.21 -0.33 -0.18 0.12 0.39 0.14 0.74 1.17 1.48 -0.28 -0.05 0.29 0.60 
Loss: 4.551848  SIA Ef: -0.401351 Binding: -0.24 -0.16 1.56 0.03 -0.20 0.24 -0.17 0.79 -0.60 -0.71 -0.23  Rvol: 0.52 0.96 1.37 -0.33 -0.20 0.10 0.40 0.14 0.80 1.26 1.62 -0.28 -0.02 0.30 0.62 
Loss: 2.177274  SIA Ef: -0.835936 Binding: -0.12 -0.01 0.30 0.09 0.44 0.28 -0.13 0.65 -0.15 -0.65 -0.27  Rvol: 0.47 0.93 1.23 -0.33 -0.18 0.12 0.40 0.14 0.75 1.18 1.49 -0.28 -0.05 0.29 0.60 
Loss: 4.549554  SIA Ef: -0.326591 Binding: -0.24 -0.01 1.62 0.03 -0.23 0.20 -0.24 0.51 -0.64 -0.79 -0.35  Rvol: 0.52 0.97 1.37 -0.33 -0.20 0.10 0.41 0.14 0.80 1.27 1.64 -0.28 -0.02 0.30 0.62 
Loss: 2.106331  SIA Ef: -0.856336 Binding: -0.20 -0.07 0.26 0.07 0.36 0.29 -0.11 0.63 -0.13 -0.65 -0.26  Rvol: 0.47 0.90 1.22 -0.33 -0.18 0.12 0.40 0.14 0.75 1.18 1.48 -0.28 -0.05 0.29 0.60 
Loss: 8.661075  SIA Ef: -2.096033 Binding: -0.39 0.32 -1.23 0.34 0.89 0.36 0.19 0.51 0.86 -0.56 -0.09  Rvol: 0.39 0.67 1.01 -0.33 -0.16 0.09 0.30 0.14 0.68 1.07 1.25 -0.28 -0.08 0.22 0.52 
Loss: 2.107872  SIA Ef: -0.821529 Binding: -0.19 -0.16 0.31 0.02 0.29 0.28 -0.13 0.65 -0.16 -0.65 -0.27  Rvol: 0.47 0.94 1.23 -0.33 -0.18 0.12 0.40 0.14 0.75 1.19 1.49 -0.28 -0.05 0.29 0.61 
Loss: 4.713930  SIA Ef: -0.304577 Binding: -0.29 -0.23 1.59 0.04 -0.26 0.20 -0.25 0.65 -0.63 -0.79 -0.37  Rvol: 0.52 0.97 1.38 -0.33 -0.20 0.10 0.40 0.14 0.80 1.27 1.64 -0.28 -0.02 0.30 0.62 
Loss: 1.934516  SIA Ef: -0.754718 Binding: -0.20 -0.07 0.28 0.07 0.35 0.31 -0.04 0.69 -0.11 -0.59 -0.19  Rvol: 0.47 0.90 1.23 -0.33 -0.18 0.12 0.41 0.14 0.75 1.19 1.49 -0.28 -0.05 0.30 0.61 
Loss: 2.027027  SIA Ef: 0.500616 Binding: -0.17 -0.09 0.51 0.05 0.25 0.28 -0.08 0.72 -0.26 -0.61 -0.24  Rvol: 0.53 1.01 1.40 -0.33 -0.17 0.17 0.49 0.14 0.79 1.29 1.66 -0.28 -0.02 0.35 0.71 
Loss: 1.935642  SIA Ef: -0.755475 Binding: -0.19 -0.06 0.28 0.07 0.37 0.31 -0.05 0.67 -0.12 -0.60 -0.21  Rvol: 0.47 0.90 1.23 -0.33 -0.18 0.12 0.40 0.14 0.75 1.19 1.49 -0.28 -0.05 0.30 0.61 
Loss: 1.673199  SIA Ef: 0.175861 Binding: -0.17 -0.06 0.44 0.07 0.31 0.31 -0.04 0.76 -0.20 -0.56 -0.18  Rvol: 0.52 0.98 1.35 -0.33 -0.17 0.16 0.46 0.14 0.78 1.26 1.61 -0.28 -0.03 0.34 0.68 
Loss: 3.496918  SIA Ef: -0.541822 Binding: -0.03 0.02 -0.99 0.29 0.83 0.39 -0.01 0.69 0.68 -0.44 0.01  Rvol: 0.46 0.93 1.19 -0.33 -0.15 0.14 0.42 0.14 0.73 1.18 1.44 -0.28 -0.04 0.30 0.64 
Loss: 3.187197  SIA Ef: 0.566539 Binding: -0.23 -0.13 1.08 0.02 -0.01 0.26 -0.08 0.76 -0.45 -0.62 -0.23  Rvol: 0.55 1.01 1.45 -0.33 -0.18 0.15 0.48 0.14 0.81 1.31 1.70 -0.28 -0.01 0.34 0.70 
Loss: 1.455359  SIA Ef: 0.067642 Binding: -0.13 -0.12 0.22 0.04 0.33 0.31 -0.05 0.76 -0.11 -0.55 -0.16  Rvol: 0.51 1.01 1.33 -0.33 -0.18 0.15 0.46 0.14 0.77 1.25 1.59 -0.28 -0.03 0.33 0.67 
Loss: 1.929392  SIA Ef: -0.302125 Binding: -0.05 -0.08 -0.51 0.14 0.60 0.36 -0.05 0.73 0.32 -0.48 -0.05  Rvol: 0.48 0.99 1.25 -0.33 -0.17 0.14 0.44 0.14 0.74 1.20 1.50 -0.28 -0.05 0.31 0.65 
Loss: 1.456260  SIA Ef: 0.068878 Binding: -0.13 -0.12 0.22 0.04 0.33 0.31 -0.05 0.76 -0.11 -0.55 -0.16  Rvol: 0.51 1.01 1.33 -0.33 -0.18 0.15 0.46 0.14 0.77 1.25 1.59 -0.28 -0.03 0.33 0.67 
Loss: 1.840759  SIA Ef: 0.302498 Binding: -0.17 -0.19 0.53 -0.05 0.10 0.28 -0.07 0.76 -0.28 -0.57 -0.21  Rvol: 0.53 1.03 1.39 -0.33 -0.19 0.14 0.46 0.14 0.78 1.28 1.65 -0.28 -0.04 0.32 0.68 
Loss: 1.459104  SIA Ef: -0.243954 Binding: -0.13 -0.11 0.16 0.04 0.36 0.33 -0.04 0.77 -0.06 -0.53 -0.13  Rvol: 0.50 0.99 1.29 -0.33 -0.18 0.14 0.44 0.14 0.76 1.22 1.55 -0.28 -0.04 0.31 0.65 
Loss: 1.636044  SIA Ef: 0.182676 Binding: -0.12 -0.12 0.19 0.03 0.32 0.35 0.02 0.90 -0.06 -0.47 -0.02  Rvol: 0.52 1.02 1.35 -0.33 -0.18 0.15 0.47 0.14 0.77 1.25 1.61 -0.28 -0.03 0.33 0.68 
Loss: 1.444085  SIA Ef: 0.050700 Binding: -0.12 -0.08 0.20 0.06 0.37 0.32 -0.05 0.75 -0.09 -0.55 -0.16  Rvol: 0.51 1.01 1.33 -0.33 -0.18 0.15 0.46 0.14 0.77 1.24 1.59 -0.28 -0.03 0.33 0.67 
Loss: 1.539874  SIA Ef: 0.079069 Binding: -0.06 -0.01 0.23 0.08 0.44 0.31 -0.05 0.77 -0.12 -0.54 -0.16  Rvol: 0.51 1.01 1.34 -0.33 -0.18 0.15 0.46 0.14 0.77 1.25 1.60 -0.28 -0.04 0.33 0.67 
Loss: 1.445875  SIA Ef: 0.050738 Binding: -0.12 -0.09 0.19 0.06 0.37 0.32 -0.05 0.75 -0.09 -0.54 -0.16  Rvol: 0.51 1.01 1.33 -0.33 -0.18 0.15 0.46 0.14 0.77 1.24 1.59 -0.28 -0.03 0.33 0.67 
Loss: 1.425088  SIA Ef: -0.036027 Binding: -0.12 -0.09 0.17 0.06 0.37 0.29 -0.13 0.68 -0.11 -0.61 -0.23  Rvol: 0.51 1.01 1.32 -0.33 -0.18 0.14 0.45 0.14 0.76 1.23 1.58 -0.28 -0.04 0.32 0.66 
Loss: 1.425296  SIA Ef: -0.232682 Binding: -0.12 -0.10 0.12 0.05 0.37 0.29 -0.14 0.66 -0.09 -0.62 -0.24  Rvol: 0.50 1.00 1.29 -0.33 -0.18 0.13 0.44 0.14 0.76 1.22 1.55 -0.28 -0.04 0.31 0.65 
Loss: 1.553642  SIA Ef: -0.422599 Binding: -0.15 -0.03 0.16 0.09 0.41 0.30 -0.09 0.69 -0.09 -0.60 -0.19  Rvol: 0.49 0.95 1.27 -0.33 -0.18 0.13 0.42 0.14 0.75 1.20 1.53 -0.28 -0.04 0.31 0.63 
Loss: 1.488795  SIA Ef: -0.247810 Binding: -0.08 -0.08 -0.22 0.09 0.48 0.31 -0.13 0.65 0.10 -0.58 -0.18  Rvol: 0.49 1.00 1.27 -0.33 -0.18 0.14 0.44 0.14 0.75 1.21 1.53 -0.28 -0.04 0.31 0.65 
Loss: 1.434161  SIA Ef: -0.048495 Binding: -0.12 -0.09 0.21 0.05 0.36 0.28 -0.14 0.65 -0.14 -0.63 -0.27  Rvol: 0.51 1.00 1.32 -0.33 -0.18 0.14 0.45 0.14 0.76 1.23 1.58 -0.28 -0.04 0.32 0.66 
Loss: 1.433744  SIA Ef: 0.059677 Binding: -0.13 -0.14 0.21 0.01 0.28 0.28 -0.13 0.70 -0.15 -0.61 -0.23  Rvol: 0.51 1.01 1.34 -0.33 -0.19 0.14 0.45 0.14 0.77 1.25 1.60 -0.28 -0.04 0.32 0.66 
Loss: 1.429585  SIA Ef: -0.052133 Binding: -0.10 -0.08 0.15 0.06 0.39 0.29 -0.13 0.69 -0.11 -0.61 -0.23  Rvol: 0.51 1.01 1.32 -0.33 -0.18 0.14 0.45 0.14 0.76 1.23 1.58 -0.28 -0.04 0.32 0.66 
Loss: 1.735026  SIA Ef: 0.260835 Binding: -0.15 -0.08 0.43 0.05 0.29 0.27 -0.13 0.70 -0.24 -0.63 -0.26  Rvol: 0.52 1.01 1.37 -0.33 -0.18 0.15 0.47 0.14 0.78 1.26 1.63 -0.28 -0.03 0.34 0.69 
Loss: 1.455237  SIA Ef: 0.076387 Binding: -0.12 -0.08 0.19 0.06 0.37 0.28 -0.13 0.67 -0.13 -0.62 -0.25  Rvol: 0.51 1.01 1.33 -0.33 -0.18 0.15 0.46 0.14 0.77 1.24 1.59 -0.28 -0.03 0.33 0.67 
Loss: 1.457690  SIA Ef: -0.280505 Binding: -0.13 -0.08 0.14 0.06 0.38 0.30 -0.12 0.69 -0.09 -0.60 -0.20  Rvol: 0.50 0.99 1.29 -0.33 -0.18 0.13 0.43 0.14 0.76 1.21 1.54 -0.28 -0.04 0.31 0.64 
Loss: 1.425601  SIA Ef: -0.038767 Binding: -0.12 -0.08 0.16 0.07 0.38 0.29 -0.13 0.68 -0.11 -0.61 -0.23  Rvol: 0.51 1.01 1.32 -0.33 -0.18 0.14 0.45 0.14 0.76 1.23 1.58 -0.28 -0.04 0.32 0.66 
Loss: 1.607788  SIA Ef: 0.071987 Binding: -0.15 -0.09 0.40 0.04 0.29 0.28 -0.12 0.71 -0.22 -0.62 -0.24  Rvol: 0.51 1.00 1.34 -0.33 -0.18 0.15 0.45 0.14 0.78 1.25 1.60 -0.28 -0.03 0.33 0.67 
Loss: 1.427511  SIA Ef: -0.031782 Binding: -0.12 -0.09 0.17 0.06 0.37 0.28 -0.13 0.68 -0.12 -0.61 -0.24  Rvol: 0.51 1.01 1.32 -0.33 -0.18 0.14 0.45 0.14 0.76 1.23 1.58 -0.28 -0.04 0.32 0.66 
Loss: 1.553880  SIA Ef: 0.210845 Binding: -0.12 -0.08 0.26 0.06 0.34 0.27 -0.14 0.67 -0.17 -0.63 -0.25  Rvol: 0.52 1.02 1.35 -0.33 -0.18 0.15 0.47 0.14 0.77 1.26 1.61 -0.28 -0.03 0.33 0.68 
Loss: 1.454800  SIA Ef: -0.048995 Binding: -0.13 -0.10 0.23 0.05 0.35 0.29 -0.12 0.69 -0.14 -0.61 -0.23  Rvol: 0.51 1.00 1.32 -0.33 -0.18 0.14 0.45 0.14 0.77 1.23 1.58 -0.28 -0.03 0.32 0.66 
Loss: 1.424957  SIA Ef: -0.063389 Binding: -0.12 -0.09 0.16 0.06 0.37 0.28 -0.13 0.67 -0.11 -0.62 -0.24  Rvol: 0.51 1.01 1.32 -0.33 -0.18 0.14 0.45 0.14 0.76 1.23 1.57 -0.28 -0.04 0.32 0.66 
Loss: 1.429545  SIA Ef: -0.189876 Binding: -0.12 -0.09 0.14 0.06 0.38 0.29 -0.12 0.68 -0.10 -0.61 -0.22  Rvol: 0.50 1.00 1.30 -0.33 -0.18 0.13 0.44 0.14 0.76 1.22 1.56 -0.28 -0.04 0.31 0.65 
Loss: 1.416311  SIA Ef: -0.040877 Binding: -0.12 -0.10 0.16 0.04 0.35 0.28 -0.13 0.68 -0.12 -0.61 -0.24  Rvol: 0.51 1.01 1.32 -0.33 -0.18 0.14 0.45 0.14 0.76 1.23 1.58 -0.28 -0.04 0.32 0.66 
Loss: 1.414583  SIA Ef: -0.102921 Binding: -0.12 -0.11 0.15 0.04 0.35 0.28 -0.15 0.66 -0.12 -0.63 -0.26  Rvol: 0.51 1.00 1.31 -0.33 -0.18 0.13 0.44 0.14 0.76 1.23 1.57 -0.28 -0.04 0.31 0.65 
Loss: 1.457521  SIA Ef: -0.035801 Binding: -0.13 -0.11 0.24 0.03 0.31 0.27 -0.15 0.67 -0.17 -0.63 -0.27  Rvol: 0.51 1.00 1.33 -0.33 -0.18 0.14 0.44 0.14 0.76 1.24 1.58 -0.28 -0.04 0.32 0.66 
Loss: 1.387475  SIA Ef: -0.211213 Binding: -0.10 -0.11 -0.04 0.05 0.39 0.29 -0.15 0.66 -0.02 -0.61 -0.22  Rvol: 0.50 0.99 1.29 -0.33 -0.18 0.13 0.44 0.14 0.75 1.22 1.55 -0.28 -0.04 0.31 0.65 
Loss: 1.409770  SIA Ef: -0.272390 Binding: -0.10 -0.12 -0.06 0.04 0.39 0.29 -0.14 0.67 -0.00 -0.60 -0.21  Rvol: 0.50 0.99 1.28 -0.33 -0.18 0.13 0.43 0.14 0.75 1.21 1.54 -0.28 -0.05 0.31 0.64 
Loss: 1.398974  SIA Ef: -0.254863 Binding: -0.10 -0.11 -0.05 0.04 0.39 0.29 -0.15 0.65 -0.01 -0.61 -0.22  Rvol: 0.50 0.99 1.29 -0.33 -0.18 0.13 0.43 0.14 0.75 1.22 1.54 -0.28 -0.05 0.31 0.64 
Loss: 1.377734  SIA Ef: -0.212783 Binding: -0.11 -0.11 -0.02 0.04 0.38 0.28 -0.16 0.63 -0.04 -0.63 -0.25  Rvol: 0.50 0.99 1.29 -0.33 -0.18 0.13 0.44 0.14 0.75 1.22 1.55 -0.28 -0.04 0.31 0.65 
Loss: 1.382813  SIA Ef: -0.222878 Binding: -0.10 -0.11 -0.03 0.04 0.39 0.28 -0.16 0.63 -0.04 -0.62 -0.25  Rvol: 0.50 0.99 1.29 -0.33 -0.18 0.13 0.44 0.14 0.75 1.22 1.55 -0.28 -0.04 0.31 0.64 
Loss: 1.381895  SIA Ef: -0.208590 Binding: -0.09 -0.10 -0.04 0.05 0.40 0.28 -0.15 0.64 -0.03 -0.62 -0.24  Rvol: 0.50 0.99 1.29 -0.33 -0.18 0.13 0.44 0.14 0.75 1.22 1.55 -0.28 -0.05 0.31 0.65 
Loss: 1.384338  SIA Ef: -0.231579 Binding: -0.11 -0.12 -0.02 0.04 0.38 0.28 -0.16 0.63 -0.04 -0.63 -0.25  Rvol: 0.50 0.99 1.29 -0.33 -0.18 0.13 0.44 0.14 0.75 1.22 1.55 -0.28 -0.04 0.31 0.64 
Loss: 1.425610  SIA Ef: -0.343224 Binding: -0.11 -0.11 -0.05 0.05 0.39 0.29 -0.15 0.64 -0.01 -0.61 -0.23  Rvol: 0.49 0.98 1.28 -0.33 -0.18 0.13 0.43 0.14 0.75 1.21 1.53 -0.28 -0.05 0.30 0.63 
Loss: 1.399118  SIA Ef: -0.250348 Binding: -0.10 -0.10 -0.03 0.06 0.40 0.28 -0.16 0.62 -0.03 -0.63 -0.25  Rvol: 0.50 0.99 1.29 -0.33 -0.18 0.13 0.44 0.14 0.75 1.22 1.54 -0.28 -0.05 0.31 0.64 
Loss: 1.359777  SIA Ef: -0.116560 Binding: -0.10 -0.12 -0.10 0.04 0.39 0.28 -0.17 0.62 -0.00 -0.62 -0.25  Rvol: 0.50 1.00 1.30 -0.33 -0.18 0.13 0.44 0.14 0.75 1.23 1.56 -0.28 -0.04 0.31 0.65 
Loss: 1.363732  SIA Ef: 0.007646 Binding: -0.11 -0.13 0.00 0.02 0.35 0.27 -0.18 0.62 -0.07 -0.64 -0.29  Rvol: 0.51 1.00 1.32 -0.33 -0.19 0.14 0.45 0.14 0.76 1.24 1.58 -0.28 -0.04 0.32 0.66 
Loss: 1.351603  SIA Ef: -0.045783 Binding: -0.11 -0.12 -0.02 0.04 0.37 0.28 -0.16 0.63 -0.04 -0.62 -0.25  Rvol: 0.51 1.00 1.31 -0.33 -0.18 0.14 0.45 0.14 0.76 1.23 1.57 -0.28 -0.04 0.32 0.66 
Loss: 1.385744  SIA Ef: 0.084744 Binding: -0.10 -0.12 -0.01 0.04 0.38 0.28 -0.15 0.64 -0.05 -0.62 -0.25  Rvol: 0.51 1.01 1.33 -0.33 -0.18 0.14 0.46 0.14 0.76 1.24 1.59 -0.28 -0.04 0.32 0.67 
Loss: 1.348412  SIA Ef: -0.046824 Binding: -0.11 -0.13 -0.03 0.04 0.37 0.28 -0.15 0.64 -0.04 -0.62 -0.25  Rvol: 0.51 1.00 1.31 -0.33 -0.18 0.14 0.45 0.14 0.76 1.23 1.57 -0.28 -0.04 0.32 0.66 
Loss: 1.348663  SIA Ef: -0.043195 Binding: -0.11 -0.13 -0.03 0.04 0.37 0.28 -0.15 0.64 -0.04 -0.62 -0.25  Rvol: 0.51 1.00 1.31 -0.33 -0.18 0.14 0.45 0.14 0.76 1.23 1.57 -0.28 -0.04 0.32 0.66 
Loss: 1.337519  SIA Ef: -0.063104 Binding: -0.11 -0.14 -0.03 0.03 0.36 0.28 -0.15 0.64 -0.03 -0.61 -0.24  Rvol: 0.51 1.00 1.31 -0.33 -0.18 0.14 0.45 0.14 0.76 1.23 1.57 -0.28 -0.04 0.31 0.66 
Loss: 1.334409  SIA Ef: -0.064315 Binding: -0.11 -0.13 -0.03 0.03 0.36 0.28 -0.15 0.63 -0.03 -0.62 -0.25  Rvol: 0.51 1.00 1.31 -0.33 -0.18 0.14 0.45 0.14 0.76 1.23 1.57 -0.28 -0.04 0.31 0.66 
Loss: 1.333239  SIA Ef: -0.071498 Binding: -0.12 -0.14 -0.03 0.03 0.36 0.28 -0.15 0.63 -0.04 -0.62 -0.25  Rvol: 0.51 1.00 1.31 -0.33 -0.18 0.14 0.45 0.14 0.76 1.23 1.57 -0.28 -0.04 0.31 0.66 
Loss: 1.333818  SIA Ef: -0.080184 Binding: -0.12 -0.14 -0.01 0.03 0.35 0.28 -0.15 0.63 -0.04 -0.62 -0.25  Rvol: 0.50 1.00 1.31 -0.33 -0.18 0.14 0.45 0.14 0.76 1.23 1.56 -0.28 -0.04 0.31 0.66 
Loss: 1.333625  SIA Ef: -0.069243 Binding: -0.11 -0.14 -0.03 0.03 0.36 0.28 -0.15 0.63 -0.04 -0.62 -0.25  Rvol: 0.51 1.00 1.31 -0.33 -0.18 0.14 0.45 0.14 0.76 1.23 1.57 -0.28 -0.04 0.31 0.66 
Loss: 1.337199  SIA Ef: -0.108304 Binding: -0.12 -0.14 0.02 0.03 0.34 0.28 -0.15 0.63 -0.06 -0.62 -0.26  Rvol: 0.50 1.00 1.31 -0.33 -0.18 0.13 0.45 0.14 0.76 1.23 1.56 -0.28 -0.04 0.31 0.65 
Loss: 1.334128  SIA Ef: -0.099744 Binding: -0.11 -0.13 -0.05 0.04 0.37 0.28 -0.15 0.63 -0.02 -0.62 -0.24  Rvol: 0.50 1.00 1.30 -0.33 -0.18 0.14 0.45 0.14 0.76 1.23 1.56 -0.28 -0.04 0.31 0.65 
Loss: 1.330887  SIA Ef: -0.014142 Binding: -0.12 -0.15 -0.02 0.03 0.34 0.28 -0.15 0.63 -0.05 -0.62 -0.26  Rvol: 0.51 1.00 1.32 -0.33 -0.18 0.14 0.45 0.14 0.76 1.23 1.57 -0.28 -0.04 0.32 0.66 
Loss: 1.325694  SIA Ef: -0.076801 Binding: -0.12 -0.15 -0.09 0.03 0.35 0.28 -0.16 0.62 -0.01 -0.61 -0.25  Rvol: 0.50 1.00 1.31 -0.33 -0.18 0.13 0.45 0.14 0.76 1.23 1.56 -0.28 -0.04 0.31 0.65 
Loss: 1.325037  SIA Ef: -0.081330 Binding: -0.12 -0.15 -0.10 0.03 0.36 0.28 -0.16 0.61 -0.01 -0.62 -0.25  Rvol: 0.50 1.00 1.31 -0.33 -0.18 0.13 0.45 0.14 0.75 1.23 1.56 -0.28 -0.04 0.31 0.65 
Loss: 1.326005  SIA Ef: -0.084585 Binding: -0.12 -0.15 -0.10 0.03 0.35 0.28 -0.16 0.61 -0.01 -0.62 -0.25  Rvol: 0.50 1.00 1.31 -0.33 -0.18 0.13 0.45 0.14 0.75 1.23 1.56 -0.28 -0.04 0.31 0.65 
Loss: 1.331199  SIA Ef: -0.084909 Binding: -0.11 -0.15 -0.14 0.03 0.36 0.28 -0.17 0.60 0.01 -0.62 -0.25  Rvol: 0.50 1.00 1.30 -0.33 -0.18 0.13 0.44 0.14 0.75 1.23 1.56 -0.28 -0.04 0.31 0.65 
Loss: 1.328840  SIA Ef: -0.070852 Binding: -0.11 -0.15 -0.11 0.03 0.36 0.28 -0.16 0.62 -0.00 -0.62 -0.25  Rvol: 0.50 1.00 1.31 -0.33 -0.18 0.13 0.45 0.14 0.75 1.23 1.56 -0.28 -0.04 0.31 0.65 
Loss: 1.318856  SIA Ef: -0.120302 Binding: -0.12 -0.15 -0.08 0.02 0.34 0.28 -0.16 0.62 -0.02 -0.62 -0.25  Rvol: 0.50 1.00 1.30 -0.33 -0.19 0.13 0.44 0.14 0.75 1.23 1.56 -0.28 -0.05 0.31 0.65 
Loss: 1.320345  SIA Ef: -0.117199 Binding: -0.12 -0.15 -0.10 0.02 0.35 0.29 -0.15 0.63 -0.00 -0.61 -0.24  Rvol: 0.50 1.00 1.30 -0.33 -0.19 0.13 0.44 0.14 0.75 1.23 1.56 -0.28 -0.05 0.31 0.65 
Loss: 1.321298  SIA Ef: -0.124928 Binding: -0.12 -0.15 -0.09 0.02 0.35 0.28 -0.16 0.62 -0.01 -0.61 -0.25  Rvol: 0.50 1.00 1.30 -0.33 -0.19 0.13 0.44 0.14 0.75 1.23 1.56 -0.28 -0.05 0.31 0.65 
Loss: 1.336201  SIA Ef: -0.183842 Binding: -0.12 -0.15 -0.13 0.03 0.35 0.29 -0.15 0.62 0.02 -0.61 -0.23  Rvol: 0.50 1.00 1.29 -0.33 -0.19 0.13 0.44 0.14 0.75 1.22 1.55 -0.28 -0.05 0.31 0.64 
Loss: 1.317338  SIA Ef: -0.109076 Binding: -0.12 -0.15 -0.08 0.02 0.34 0.28 -0.16 0.62 -0.02 -0.61 -0.25  Rvol: 0.50 1.00 1.30 -0.33 -0.19 0.13 0.44 0.14 0.75 1.23 1.56 -0.28 -0.05 0.31 0.65 
Loss: 1.325385  SIA Ef: -0.151400 Binding: -0.12 -0.15 -0.07 0.02 0.35 0.28 -0.16 0.62 -0.02 -0.62 -0.25  Rvol: 0.50 1.00 1.30 -0.33 -0.19 0.13 0.44 0.14 0.75 1.23 1.55 -0.28 -0.04 0.31 0.65 
Loss: 1.314771  SIA Ef: -0.087866 Binding: -0.12 -0.15 -0.05 0.02 0.34 0.28 -0.15 0.62 -0.03 -0.62 -0.25  Rvol: 0.51 1.00 1.31 -0.33 -0.19 0.13 0.44 0.14 0.76 1.23 1.56 -0.28 -0.04 0.31 0.65 
Loss: 1.326701  SIA Ef: -0.003125 Binding: -0.13 -0.16 0.03 0.01 0.31 0.27 -0.15 0.62 -0.08 -0.62 -0.27  Rvol: 0.51 1.00 1.32 -0.33 -0.19 0.13 0.45 0.14 0.76 1.24 1.58 -0.28 -0.04 0.31 0.66 
Loss: 1.315753  SIA Ef: -0.114606 Binding: -0.12 -0.15 -0.06 0.03 0.34 0.28 -0.15 0.62 -0.02 -0.61 -0.24  Rvol: 0.50 1.00 1.30 -0.33 -0.18 0.13 0.44 0.14 0.75 1.23 1.56 -0.28 -0.04 0.31 0.65 
Loss: 1.314798  SIA Ef: -0.086561 Binding: -0.12 -0.15 -0.05 0.02 0.34 0.28 -0.15 0.62 -0.03 -0.61 -0.25  Rvol: 0.51 1.00 1.31 -0.33 -0.19 0.13 0.45 0.14 0.76 1.23 1.56 -0.28 -0.04 0.31 0.65 
Loss: 1.313851  SIA Ef: -0.094232 Binding: -0.12 -0.15 -0.07 0.02 0.34 0.28 -0.16 0.62 -0.02 -0.62 -0.25  Rvol: 0.50 1.00 1.31 -0.33 -0.19 0.13 0.44 0.14 0.75 1.23 1.56 -0.28 -0.04 0.31 0.65 
Loss: 1.313565  SIA Ef: -0.094351 Binding: -0.12 -0.15 -0.07 0.02 0.34 0.28 -0.16 0.62 -0.02 -0.61 -0.25  Rvol: 0.50 1.00 1.31 -0.33 -0.19 0.13 0.44 0.14 0.75 1.23 1.56 -0.28 -0.04 0.31 0.65 
Loss: 1.317169  SIA Ef: -0.076585 Binding: -0.12 -0.15 -0.08 0.03 0.35 0.28 -0.16 0.62 -0.01 -0.61 -0.25  Rvol: 0.51 1.00 1.31 -0.33 -0.18 0.13 0.45 0.14 0.76 1.23 1.56 -0.28 -0.04 0.31 0.65 
Loss: 1.313721  SIA Ef: -0.096984 Binding: -0.12 -0.15 -0.07 0.02 0.34 0.28 -0.16 0.62 -0.02 -0.62 -0.25  Rvol: 0.50 1.00 1.31 -0.33 -0.19 0.13 0.44 0.14 0.75 1.23 1.56 -0.28 -0.04 0.31 0.65 
Loss: 1.316549  SIA Ef: -0.119754 Binding: -0.12 -0.15 -0.07 0.03 0.35 0.28 -0.16 0.62 -0.02 -0.62 -0.25  Rvol: 0.50 1.00 1.30 -0.33 -0.19 0.13 0.44 0.14 0.75 1.23 1.56 -0.28 -0.04 0.31 0.65 
Loss: 1.312134  SIA Ef: -0.085962 Binding: -0.12 -0.15 -0.06 0.02 0.34 0.28 -0.16 0.62 -0.03 -0.62 -0.25  Rvol: 0.51 1.00 1.31 -0.33 -0.19 0.13 0.44 0.14 0.76 1.23 1.56 -0.28 -0.04 0.31 0.65 
Loss: 1.309779  SIA Ef: -0.051443 Binding: -0.13 -0.16 -0.02 0.02 0.32 0.28 -0.15 0.62 -0.05 -0.62 -0.26  Rvol: 0.51 1.00 1.31 -0.33 -0.19 0.13 0.45 0.14 0.76 1.23 1.57 -0.28 -0.04 0.31 0.65 
Loss: 1.311048  SIA Ef: -0.053166 Binding: -0.13 -0.16 -0.01 0.02 0.32 0.28 -0.15 0.62 -0.06 -0.62 -0.26  Rvol: 0.51 1.00 1.31 -0.33 -0.19 0.13 0.45 0.14 0.76 1.23 1.57 -0.28 -0.04 0.31 0.65 
Loss: 1.310968  SIA Ef: -0.043230 Binding: -0.13 -0.16 -0.02 0.01 0.32 0.28 -0.15 0.62 -0.05 -0.62 -0.26  Rvol: 0.51 1.00 1.32 -0.33 -0.19 0.13 0.45 0.14 0.76 1.23 1.57 -0.28 -0.04 0.31 0.65 
Loss: 1.305808  SIA Ef: -0.067662 Binding: -0.13 -0.16 -0.03 0.01 0.32 0.28 -0.15 0.62 -0.04 -0.62 -0.26  Rvol: 0.51 1.00 1.31 -0.33 -0.19 0.13 0.45 0.14 0.76 1.23 1.57 -0.28 -0.04 0.31 0.65 
Loss: 1.304286  SIA Ef: -0.053235 Binding: -0.13 -0.17 -0.03 0.01 0.31 0.28 -0.15 0.63 -0.04 -0.61 -0.25  Rvol: 0.51 1.00 1.31 -0.33 -0.19 0.13 0.45 0.14 0.76 1.23 1.57 -0.28 -0.04 0.31 0.65 
Loss: 1.302051  SIA Ef: -0.074096 Binding: -0.13 -0.17 -0.02 0.01 0.31 0.28 -0.15 0.63 -0.05 -0.61 -0.25  Rvol: 0.51 1.00 1.31 -0.33 -0.19 0.13 0.44 0.14 0.76 1.23 1.57 -0.28 -0.04 0.31 0.65 
Loss: 1.300001  SIA Ef: -0.081243 Binding: -0.13 -0.17 -0.04 0.01 0.31 0.28 -0.14 0.63 -0.04 -0.61 -0.25  Rvol: 0.51 1.00 1.31 -0.33 -0.19 0.13 0.44 0.14 0.76 1.23 1.57 -0.28 -0.04 0.31 0.65 
Loss: 1.300251  SIA Ef: -0.081117 Binding: -0.13 -0.17 -0.03 0.01 0.31 0.28 -0.14 0.63 -0.04 -0.61 -0.25  Rvol: 0.51 1.00 1.31 -0.33 -0.19 0.13 0.44 0.14 0.76 1.23 1.57 -0.28 -0.04 0.31 0.65 
Loss: 1.300944  SIA Ef: -0.077159 Binding: -0.13 -0.17 -0.03 0.01 0.31 0.28 -0.14 0.64 -0.04 -0.61 -0.24  Rvol: 0.51 1.00 1.31 -0.33 -0.19 0.13 0.44 0.14 0.76 1.23 1.57 -0.28 -0.04 0.31 0.65 
Loss: 1.298831  SIA Ef: -0.084862 Binding: -0.13 -0.17 -0.04 0.01 0.31 0.28 -0.14 0.63 -0.04 -0.61 -0.24  Rvol: 0.51 1.00 1.31 -0.33 -0.19 0.13 0.44 0.14 0.76 1.23 1.56 -0.28 -0.04 0.31 0.65 
Loss: 1.297039  SIA Ef: -0.102427 Binding: -0.13 -0.17 -0.05 0.01 0.31 0.29 -0.14 0.63 -0.03 -0.61 -0.24  Rvol: 0.51 1.00 1.31 -0.33 -0.19 0.13 0.44 0.14 0.75 1.23 1.56 -0.28 -0.04 0.31 0.65 
Loss: 1.303350  SIA Ef: -0.148410 Binding: -0.13 -0.17 -0.09 0.01 0.32 0.29 -0.14 0.63 -0.01 -0.60 -0.23  Rvol: 0.50 1.00 1.30 -0.33 -0.19 0.13 0.44 0.14 0.75 1.23 1.55 -0.28 -0.04 0.31 0.64 
Loss: 1.296727  SIA Ef: -0.107051 Binding: -0.13 -0.17 -0.04 0.01 0.31 0.29 -0.14 0.63 -0.03 -0.61 -0.24  Rvol: 0.51 1.00 1.31 -0.33 -0.19 0.13 0.44 0.14 0.75 1.23 1.56 -0.28 -0.04 0.31 0.65 
Loss: 1.294353  SIA Ef: -0.083290 Binding: -0.14 -0.18 -0.02 0.00 0.30 0.28 -0.14 0.63 -0.05 -0.61 -0.25  Rvol: 0.51 1.00 1.31 -0.33 -0.19 0.13 0.44 0.14 0.76 1.23 1.57 -0.28 -0.04 0.31 0.65 
Loss: 1.298106  SIA Ef: -0.051982 Binding: -0.14 -0.18 0.01 0.00 0.29 0.28 -0.14 0.63 -0.06 -0.61 -0.26  Rvol: 0.51 1.00 1.32 -0.33 -0.19 0.13 0.45 0.14 0.76 1.23 1.57 -0.28 -0.04 0.31 0.65 
Loss: 1.295022  SIA Ef: -0.096353 Binding: -0.14 -0.18 -0.02 0.00 0.30 0.28 -0.14 0.63 -0.05 -0.61 -0.25  Rvol: 0.51 1.00 1.31 -0.33 -0.19 0.13 0.44 0.14 0.76 1.23 1.56 -0.28 -0.04 0.31 0.65 
Loss: 1.294952  SIA Ef: -0.075237 Binding: -0.13 -0.18 -0.04 0.00 0.30 0.28 -0.14 0.63 -0.04 -0.61 -0.25  Rvol: 0.51 1.00 1.31 -0.33 -0.19 0.13 0.44 0.14 0.76 1.23 1.57 -0.28 -0.04 0.31 0.65 
Loss: 1.294204  SIA Ef: -0.082921 Binding: -0.14 -0.18 -0.03 0.00 0.30 0.28 -0.14 0.63 -0.05 -0.61 -0.25  Rvol: 0.51 1.00 1.31 -0.33 -0.19 0.13 0.44 0.14 0.76 1.23 1.57 -0.28 -0.04 0.31 0.65 
Loss: 1.296694  SIA Ef: -0.077233 Binding: -0.14 -0.18 -0.01 0.00 0.29 0.28 -0.14 0.62 -0.06 -0.61 -0.26  Rvol: 0.51 1.00 1.31 -0.33 -0.19 0.13 0.44 0.14 0.76 1.23 1.57 -0.28 -0.04 0.31 0.65 
Loss: 1.294569  SIA Ef: -0.077630 Binding: -0.14 -0.18 -0.02 -0.00 0.29 0.28 -0.14 0.63 -0.05 -0.61 -0.25  Rvol: 0.51 1.00 1.31 -0.33 -0.19 0.13 0.44 0.14 0.76 1.23 1.57 -0.28 -0.04 0.31 0.65 
Loss: 1.296248  SIA Ef: -0.084937 Binding: -0.14 -0.18 -0.01 0.00 0.30 0.28 -0.14 0.63 -0.05 -0.61 -0.25  Rvol: 0.51 1.00 1.31 -0.33 -0.19 0.13 0.44 0.14 0.76 1.23 1.57 -0.28 -0.04 0.31 0.65 
Loss: 1.294568  SIA Ef: -0.081884 Binding: -0.14 -0.18 -0.03 0.00 0.30 0.28 -0.14 0.63 -0.05 -0.61 -0.25  Rvol: 0.51 1.00 1.31 -0.33 -0.19 0.13 0.44 0.14 0.76 1.23 1.57 -0.28 -0.04 0.31 0.65 
Loss: 1.293596  SIA Ef: -0.089807 Binding: -0.14 -0.18 -0.03 0.00 0.30 0.28 -0.14 0.63 -0.04 -0.61 -0.25  Rvol: 0.51 1.00 1.31 -0.33 -0.19 0.13 0.44 0.14 0.76 1.23 1.56 -0.28 -0.04 0.31 0.65 
Loss: 1.293332  SIA Ef: -0.104121 Binding: -0.14 -0.18 -0.05 0.00 0.30 0.28 -0.15 0.63 -0.03 -0.61 -0.25  Rvol: 0.51 1.00 1.31 -0.33 -0.19 0.13 0.44 0.14 0.75 1.23 1.56 -0.28 -0.04 0.31 0.65 
Loss: 1.293101  SIA Ef: -0.105213 Binding: -0.14 -0.18 -0.05 0.00 0.30 0.28 -0.14 0.63 -0.04 -0.61 -0.25  Rvol: 0.51 1.00 1.31 -0.33 -0.19 0.13 0.44 0.14 0.75 1.23 1.56 -0.28 -0.04 0.31 0.65 
Loss: 1.291119  SIA Ef: -0.094123 Binding: -0.14 -0.18 -0.04 0.00 0.30 0.28 -0.14 0.63 -0.04 -0.61 -0.25  Rvol: 0.51 1.00 1.31 -0.33 -0.19 0.13 0.44 0.14 0.76 1.23 1.56 -0.28 -0.04 0.31 0.65 
Loss: 1.290230  SIA Ef: -0.095481 Binding: -0.14 -0.18 -0.05 0.00 0.30 0.29 -0.14 0.63 -0.03 -0.60 -0.24  Rvol: 0.51 1.00 1.31 -0.33 -0.19 0.13 0.44 0.14 0.76 1.23 1.56 -0.28 -0.04 0.31 0.65 
Loss: 1.288475  SIA Ef: -0.087415 Binding: -0.14 -0.18 -0.04 0.00 0.30 0.28 -0.14 0.63 -0.04 -0.61 -0.25  Rvol: 0.51 1.00 1.31 -0.33 -0.19 0.13 0.44 0.14 0.76 1.23 1.56 -0.28 -0.04 0.31 0.65 
Loss: 1.286970  SIA Ef: -0.080460 Binding: -0.14 -0.18 -0.03 0.00 0.30 0.28 -0.14 0.62 -0.04 -0.61 -0.25  Rvol: 0.51 1.00 1.31 -0.33 -0.19 0.13 0.44 0.14 0.76 1.23 1.57 -0.28 -0.04 0.31 0.65 
Loss: 1.286026  SIA Ef: -0.084657 Binding: -0.14 -0.18 -0.03 0.00 0.29 0.28 -0.14 0.62 -0.04 -0.61 -0.25  Rvol: 0.51 1.00 1.31 -0.33 -0.19 0.13 0.44 0.14 0.76 1.23 1.57 -0.28 -0.04 0.31 0.65 
Loss: 1.285419  SIA Ef: -0.077736 Binding: -0.14 -0.18 -0.03 0.00 0.29 0.28 -0.14 0.62 -0.04 -0.61 -0.25  Rvol: 0.51 1.00 1.31 -0.33 -0.19 0.13 0.44 0.14 0.76 1.23 1.57 -0.28 -0.04 0.31 0.65 
Loss: 1.285012  SIA Ef: -0.068979 Binding: -0.14 -0.18 -0.02 0.00 0.29 0.28 -0.14 0.63 -0.05 -0.61 -0.25  Rvol: 0.51 1.00 1.31 -0.33 -0.19 0.13 0.44 0.14 0.76 1.23 1.57 -0.28 -0.04 0.31 0.65 
Loss: 1.284931  SIA Ef: -0.070457 Binding: -0.14 -0.18 -0.02 0.00 0.29 0.28 -0.14 0.62 -0.05 -0.61 -0.25  Rvol: 0.51 1.00 1.31 -0.33 -0.19 0.13 0.44 0.14 0.76 1.23 1.57 -0.28 -0.04 0.31 0.65 
Loss: 1.284793  SIA Ef: -0.055627 Binding: -0.14 -0.18 -0.02 -0.00 0.29 0.28 -0.14 0.62 -0.05 -0.61 -0.25  Rvol: 0.51 1.00 1.32 -0.33 -0.19 0.13 0.44 0.14 0.76 1.23 1.57 -0.28 -0.04 0.31 0.65 
Loss: 1.283668  SIA Ef: -0.063831 Binding: -0.14 -0.18 -0.02 -0.00 0.29 0.28 -0.14 0.62 -0.05 -0.61 -0.25  Rvol: 0.51 1.00 1.31 -0.33 -0.19 0.13 0.44 0.14 0.76 1.23 1.57 -0.28 -0.04 0.31 0.65 
Loss: 1.282345  SIA Ef: -0.077570 Binding: -0.14 -0.18 -0.03 0.00 0.29 0.28 -0.14 0.62 -0.05 -0.61 -0.25  Rvol: 0.51 1.00 1.31 -0.33 -0.19 0.13 0.44 0.14 0.76 1.23 1.57 -0.28 -0.04 0.31 0.65 
Loss: 1.281120  SIA Ef: -0.091252 Binding: -0.14 -0.19 -0.04 0.00 0.29 0.28 -0.14 0.62 -0.04 -0.61 -0.25  Rvol: 0.51 1.00 1.31 -0.33 -0.19 0.13 0.44 0.14 0.76 1.23 1.56 -0.28 -0.05 0.31 0.65 
Loss: 1.280803  SIA Ef: -0.102363 Binding: -0.14 -0.18 -0.05 0.00 0.29 0.29 -0.14 0.62 -0.03 -0.60 -0.24  Rvol: 0.51 1.00 1.31 -0.33 -0.19 0.13 0.44 0.14 0.75 1.23 1.56 -0.28 -0.05 0.31 0.65 
Loss: 1.280620  SIA Ef: -0.100388 Binding: -0.14 -0.18 -0.05 0.00 0.29 0.29 -0.14 0.62 -0.03 -0.60 -0.25  Rvol: 0.51 1.00 1.31 -0.33 -0.19 0.13 0.44 0.14 0.75 1.23 1.56 -0.28 -0.05 0.31 0.65 
Loss: 1.280848  SIA Ef: -0.112924 Binding: -0.14 -0.19 -0.06 -0.00 0.29 0.29 -0.14 0.62 -0.03 -0.60 -0.25  Rvol: 0.51 1.00 1.31 -0.33 -0.19 0.13 0.44 0.14 0.75 1.23 1.56 -0.28 -0.05 0.31 0.65 
Loss: 1.280535  SIA Ef: -0.095959 Binding: -0.14 -0.18 -0.05 0.00 0.29 0.29 -0.14 0.62 -0.03 -0.60 -0.25  Rvol: 0.51 1.00 1.31 -0.33 -0.19 0.13 0.44 0.14 0.75 1.23 1.56 -0.28 -0.05 0.31 0.65 
Loss: 1.280636  SIA Ef: -0.096766 Binding: -0.14 -0.19 -0.06 0.00 0.29 0.29 -0.14 0.62 -0.03 -0.60 -0.24  Rvol: 0.51 1.00 1.31 -0.33 -0.19 0.13 0.44 0.14 0.75 1.23 1.56 -0.28 -0.05 0.31 0.65 
Loss: 1.280809  SIA Ef: -0.098956 Binding: -0.14 -0.18 -0.05 0.00 0.29 0.29 -0.14 0.62 -0.03 -0.60 -0.25  Rvol: 0.51 1.00 1.31 -0.33 -0.19 0.13 0.44 0.14 0.75 1.23 1.56 -0.28 -0.05 0.31 0.65 
Loss: 1.281274  SIA Ef: -0.104046 Binding: -0.14 -0.18 -0.06 0.00 0.30 0.29 -0.14 0.62 -0.03 -0.60 -0.24  Rvol: 0.51 1.00 1.31 -0.33 -0.19 0.13 0.44 0.14 0.75 1.23 1.56 -0.28 -0.05 0.31 0.65 
Loss: 1.281533  SIA Ef: -0.103868 Binding: -0.14 -0.18 -0.06 0.00 0.29 0.29 -0.14 0.62 -0.03 -0.60 -0.24  Rvol: 0.51 1.00 1.31 -0.33 -0.19 0.13 0.44 0.14 0.75 1.23 1.56 -0.28 -0.05 0.31 0.65 
Loss: 1.278794  SIA Ef: -0.088403 Binding: -0.14 -0.19 -0.04 0.00 0.29 0.29 -0.14 0.62 -0.04 -0.60 -0.25  Rvol: 0.51 1.00 1.31 -0.33 -0.19 0.13 0.44 0.14 0.76 1.23 1.56 -0.28 -0.05 0.31 0.65 
Loss: 1.277671  SIA Ef: -0.074944 Binding: -0.14 -0.19 -0.04 -0.00 0.29 0.29 -0.14 0.62 -0.04 -0.60 -0.25  Rvol: 0.51 1.00 1.31 -0.33 -0.19 0.13 0.44 0.14 0.76 1.23 1.57 -0.28 -0.05 0.31 0.65 
Loss: 1.277451  SIA Ef: -0.057293 Binding: -0.14 -0.19 -0.03 -0.00 0.28 0.28 -0.14 0.62 -0.05 -0.60 -0.25  Rvol: 0.51 1.00 1.31 -0.33 -0.19 0.13 0.44 0.14 0.76 1.23 1.57 -0.28 -0.04 0.31 0.65 
Loss: 1.276751  SIA Ef: -0.063414 Binding: -0.14 -0.19 -0.03 0.00 0.29 0.29 -0.14 0.62 -0.04 -0.60 -0.25  Rvol: 0.51 1.00 1.31 -0.33 -0.19 0.13 0.44 0.14 0.76 1.23 1.57 -0.28 -0.04 0.31 0.65 
Loss: 1.275964  SIA Ef: -0.064838 Binding: -0.14 -0.18 -0.04 0.00 0.29 0.29 -0.14 0.62 -0.04 -0.60 -0.25  Rvol: 0.51 1.00 1.31 -0.33 -0.19 0.13 0.44 0.14 0.76 1.23 1.57 -0.28 -0.04 0.31 0.65 
Loss: 1.274523  SIA Ef: -0.072721 Binding: -0.14 -0.18 -0.04 0.00 0.29 0.29 -0.14 0.62 -0.04 -0.60 -0.25  Rvol: 0.51 1.00 1.31 -0.33 -0.19 0.13 0.44 0.14 0.76 1.23 1.57 -0.28 -0.05 0.31 0.65 
Loss: 1.273891  SIA Ef: -0.069046 Binding: -0.14 -0.18 -0.05 0.00 0.29 0.29 -0.13 0.62 -0.03 -0.60 -0.24  Rvol: 0.51 1.00 1.31 -0.33 -0.19 0.13 0.44 0.14 0.76 1.23 1.57 -0.28 -0.05 0.31 0.65 
Loss: 1.273312  SIA Ef: -0.073866 Binding: -0.14 -0.18 -0.06 0.00 0.30 0.29 -0.14 0.62 -0.03 -0.60 -0.25  Rvol: 0.51 1.00 1.31 -0.33 -0.19 0.13 0.44 0.14 0.76 1.23 1.56 -0.28 -0.05 0.31 0.65 
Loss: 1.273002  SIA Ef: -0.077910 Binding: -0.14 -0.18 -0.06 0.00 0.30 0.29 -0.14 0.62 -0.03 -0.60 -0.25  Rvol: 0.51 1.00 1.31 -0.33 -0.19 0.13 0.44 0.14 0.76 1.23 1.56 -0.28 -0.05 0.31 0.65 
Loss: 1.272475  SIA Ef: -0.088643 Binding: -0.14 -0.18 -0.07 0.00 0.30 0.29 -0.14 0.62 -0.02 -0.60 -0.24  Rvol: 0.51 1.00 1.31 -0.33 -0.19 0.13 0.44 0.14 0.75 1.23 1.56 -0.28 -0.05 0.31 0.65 
Loss: 1.272396  SIA Ef: -0.090521 Binding: -0.14 -0.18 -0.06 0.00 0.30 0.29 -0.14 0.62 -0.03 -0.60 -0.24  Rvol: 0.51 1.00 1.31 -0.33 -0.19 0.13 0.44 0.14 0.75 1.23 1.56 -0.28 -0.05 0.31 0.65 
Loss: 1.272195  SIA Ef: -0.098539 Binding: -0.14 -0.18 -0.06 0.00 0.30 0.29 -0.14 0.62 -0.03 -0.60 -0.24  Rvol: 0.51 1.00 1.31 -0.33 -0.19 0.13 0.44 0.14 0.75 1.23 1.56 -0.28 -0.05 0.31 0.65 
Loss: 1.271255  SIA Ef: -0.089796 Binding: -0.14 -0.18 -0.06 0.00 0.29 0.29 -0.14 0.62 -0.03 -0.60 -0.24  Rvol: 0.51 1.00 1.31 -0.33 -0.19 0.13 0.44 0.14 0.75 1.23 1.56 -0.28 -0.05 0.31 0.65 
Loss: 1.269792  SIA Ef: -0.088517 Binding: -0.14 -0.18 -0.05 0.00 0.29 0.29 -0.13 0.62 -0.03 -0.60 -0.24  Rvol: 0.51 1.00 1.31 -0.33 -0.19 0.13 0.44 0.14 0.75 1.23 1.56 -0.28 -0.05 0.31 0.65 
Loss: 1.268603  SIA Ef: -0.076537 Binding: -0.14 -0.18 -0.04 0.00 0.29 0.29 -0.13 0.62 -0.04 -0.60 -0.25  Rvol: 0.51 1.00 1.31 -0.33 -0.19 0.13 0.44 0.14 0.76 1.23 1.56 -0.28 -0.05 0.31 0.65 
Loss: 1.268202  SIA Ef: -0.074306 Binding: -0.14 -0.19 -0.04 -0.00 0.28 0.29 -0.13 0.62 -0.04 -0.60 -0.25  Rvol: 0.51 1.00 1.31 -0.33 -0.19 0.13 0.44 0.14 0.76 1.23 1.57 -0.28 -0.05 0.31 0.65 
Loss: 1.268068  SIA Ef: -0.070243 Binding: -0.14 -0.19 -0.04 -0.00 0.29 0.29 -0.13 0.62 -0.04 -0.60 -0.24  Rvol: 0.51 1.00 1.31 -0.33 -0.19 0.13 0.44 0.14 0.76 1.23 1.57 -0.28 -0.05 0.31 0.65 
Loss: 1.267588  SIA Ef: -0.058233 Binding: -0.15 -0.19 -0.03 -0.00 0.28 0.29 -0.13 0.62 -0.04 -0.60 -0.25  Rvol: 0.51 1.00 1.31 -0.33 -0.19 0.13 0.44 0.14 0.76 1.23 1.57 -0.28 -0.05 0.31 0.65 
Loss: 1.267871  SIA Ef: -0.051829 Binding: -0.15 -0.19 -0.02 -0.00 0.28 0.29 -0.13 0.62 -0.05 -0.60 -0.25  Rvol: 0.51 1.00 1.32 -0.33 -0.19 0.13 0.44 0.14 0.76 1.23 1.57 -0.28 -0.05 0.31 0.65 
Loss: 1.267154  SIA Ef: -0.059767 Binding: -0.15 -0.19 -0.04 -0.00 0.28 0.29 -0.13 0.62 -0.04 -0.60 -0.25  Rvol: 0.51 1.00 1.31 -0.33 -0.19 0.13 0.44 0.14 0.76 1.23 1.57 -0.28 -0.05 0.31 0.65 
Loss: 1.267979  SIA Ef: -0.046523 Binding: -0.15 -0.19 -0.03 -0.00 0.28 0.29 -0.13 0.62 -0.04 -0.60 -0.25  Rvol: 0.51 1.00 1.32 -0.33 -0.19 0.13 0.44 0.14 0.76 1.23 1.57 -0.28 -0.05 0.31 0.65 
Loss: 1.267195  SIA Ef: -0.062542 Binding: -0.15 -0.19 -0.03 -0.00 0.28 0.29 -0.13 0.62 -0.04 -0.60 -0.25  Rvol: 0.51 1.00 1.31 -0.33 -0.19 0.13 0.44 0.14 0.76 1.23 1.57 -0.28 -0.05 0.31 0.65 
Loss: 1.265176  SIA Ef: -0.076867 Binding: -0.14 -0.19 -0.05 -0.00 0.28 0.29 -0.13 0.62 -0.03 -0.60 -0.24  Rvol: 0.51 1.00 1.31 -0.33 -0.19 0.13 0.44 0.14 0.76 1.23 1.56 -0.28 -0.05 0.31 0.65 
Loss: 1.264328  SIA Ef: -0.081625 Binding: -0.14 -0.19 -0.06 -0.00 0.29 0.29 -0.13 0.62 -0.03 -0.60 -0.24  Rvol: 0.51 1.00 1.31 -0.33 -0.19 0.13 0.44 0.14 0.75 1.23 1.56 -0.28 -0.05 0.31 0.65 
Loss: 1.263556  SIA Ef: -0.091123 Binding: -0.14 -0.19 -0.07 -0.00 0.29 0.29 -0.13 0.62 -0.02 -0.60 -0.24  Rvol: 0.51 1.00 1.31 -0.33 -0.19 0.13 0.44 0.14 0.75 1.23 1.56 -0.28 -0.05 0.30 0.65 
Loss: 1.264551  SIA Ef: -0.109450 Binding: -0.14 -0.19 -0.09 0.00 0.29 0.29 -0.13 0.62 -0.01 -0.59 -0.24  Rvol: 0.51 1.00 1.31 -0.33 -0.19 0.13 0.44 0.14 0.75 1.23 1.56 -0.28 -0.05 0.30 0.64 
Loss: 1.263544  SIA Ef: -0.088374 Binding: -0.14 -0.19 -0.07 -0.00 0.29 0.29 -0.13 0.62 -0.02 -0.60 -0.24  Rvol: 0.51 1.00 1.31 -0.33 -0.19 0.13 0.44 0.14 0.75 1.23 1.56 -0.28 -0.05 0.31 0.65 
Loss: 1.263578  SIA Ef: -0.094069 Binding: -0.14 -0.19 -0.07 -0.00 0.29 0.29 -0.14 0.61 -0.02 -0.60 -0.25  Rvol: 0.51 1.00 1.31 -0.33 -0.19 0.13 0.44 0.14 0.75 1.23 1.56 -0.28 -0.05 0.30 0.65 
Loss: 1.264345  SIA Ef: -0.093979 Binding: -0.14 -0.19 -0.08 -0.00 0.29 0.29 -0.14 0.61 -0.02 -0.60 -0.24  Rvol: 0.51 1.00 1.31 -0.33 -0.19 0.13 0.44 0.14 0.75 1.23 1.56 -0.28 -0.05 0.30 0.65 
Loss: 1.264147  SIA Ef: -0.096209 Binding: -0.14 -0.19 -0.08 -0.00 0.29 0.29 -0.13 0.62 -0.02 -0.60 -0.24  Rvol: 0.51 1.00 1.31 -0.33 -0.19 0.13 0.44 0.14 0.75 1.23 1.56 -0.28 -0.05 0.30 0.65 
Loss: 1.263273  SIA Ef: -0.084943 Binding: -0.14 -0.19 -0.07 -0.00 0.29 0.29 -0.13 0.62 -0.02 -0.60 -0.24  Rvol: 0.51 1.00 1.31 -0.33 -0.19 0.13 0.44 0.14 0.75 1.23 1.56 -0.28 -0.05 0.31 0.65 
Loss: 1.261818  SIA Ef: -0.076327 Binding: -0.14 -0.19 -0.06 -0.00 0.29 0.29 -0.13 0.62 -0.03 -0.60 -0.24  Rvol: 0.51 1.00 1.31 -0.33 -0.19 0.13 0.44 0.14 0.75 1.23 1.56 -0.28 -0.05 0.31 0.65 
Loss: 1.261499  SIA Ef: -0.060513 Binding: -0.14 -0.19 -0.06 -0.00 0.28 0.29 -0.13 0.62 -0.03 -0.60 -0.25  Rvol: 0.51 1.00 1.31 -0.33 -0.19 0.13 0.44 0.14 0.76 1.23 1.57 -0.28 -0.05 0.31 0.65 
Loss: 1.261391  SIA Ef: -0.059832 Binding: -0.14 -0.19 -0.06 -0.00 0.29 0.29 -0.13 0.61 -0.03 -0.60 -0.25  Rvol: 0.51 1.00 1.31 -0.33 -0.19 0.13 0.44 0.14 0.76 1.24 1.57 -0.28 -0.05 0.31 0.65 
Loss: 1.261427  SIA Ef: -0.045357 Binding: -0.15 -0.19 -0.05 -0.00 0.28 0.29 -0.13 0.61 -0.04 -0.60 -0.25  Rvol: 0.51 1.00 1.32 -0.33 -0.19 0.13 0.44 0.14 0.76 1.24 1.57 -0.28 -0.05 0.31 0.65 
Loss: 1.260686  SIA Ef: -0.068302 Binding: -0.14 -0.19 -0.07 -0.00 0.29 0.29 -0.13 0.61 -0.02 -0.60 -0.24  Rvol: 0.51 1.00 1.31 -0.33 -0.19 0.13 0.44 0.14 0.75 1.23 1.56 -0.28 -0.05 0.31 0.65 
Loss: 1.259669  SIA Ef: -0.072910 Binding: -0.14 -0.19 -0.07 -0.00 0.29 0.29 -0.13 0.62 -0.02 -0.60 -0.24  Rvol: 0.51 1.00 1.31 -0.33 -0.19 0.13 0.44 0.14 0.75 1.23 1.56 -0.28 -0.05 0.31 0.65 
Loss: 1.259243  SIA Ef: -0.080309 Binding: -0.14 -0.19 -0.08 -0.00 0.29 0.29 -0.13 0.62 -0.02 -0.59 -0.24  Rvol: 0.51 1.00 1.31 -0.33 -0.19 0.13 0.44 0.14 0.75 1.23 1.56 -0.28 -0.05 0.31 0.65 
Loss: 1.259419  SIA Ef: -0.077578 Binding: -0.14 -0.19 -0.08 -0.00 0.29 0.29 -0.13 0.62 -0.02 -0.59 -0.24  Rvol: 0.51 1.00 1.31 -0.33 -0.19 0.13 0.44 0.14 0.75 1.23 1.56 -0.28 -0.05 0.31 0.65 
Loss: 1.258973  SIA Ef: -0.089351 Binding: -0.14 -0.19 -0.09 0.00 0.29 0.29 -0.13 0.61 -0.01 -0.59 -0.24  Rvol: 0.51 1.00 1.31 -0.33 -0.19 0.13 0.44 0.14 0.75 1.23 1.56 -0.28 -0.05 0.30 0.65 
Loss: 1.258895  SIA Ef: -0.086537 Binding: -0.14 -0.19 -0.10 0.00 0.29 0.29 -0.13 0.61 -0.01 -0.59 -0.24  Rvol: 0.51 1.00 1.31 -0.33 -0.19 0.13 0.44 0.14 0.75 1.23 1.56 -0.28 -0.05 0.30 0.65 
Loss: 1.259180  SIA Ef: -0.083951 Binding: -0.14 -0.19 -0.10 0.00 0.29 0.29 -0.13 0.61 -0.01 -0.59 -0.24  Rvol: 0.51 1.00 1.31 -0.33 -0.19 0.13 0.44 0.14 0.75 1.23 1.56 -0.28 -0.05 0.30 0.65 
Loss: 1.258658  SIA Ef: -0.093585 Binding: -0.14 -0.19 -0.10 -0.00 0.29 0.29 -0.13 0.61 -0.01 -0.59 -0.24  Rvol: 0.51 1.00 1.31 -0.33 -0.19 0.13 0.44 0.14 0.75 1.23 1.56 -0.28 -0.05 0.30 0.65 
Loss: 1.260590  SIA Ef: -0.101017 Binding: -0.14 -0.19 -0.11 0.00 0.29 0.29 -0.13 0.61 -0.00 -0.59 -0.24  Rvol: 0.51 1.00 1.31 -0.33 -0.19 0.13 0.44 0.14 0.75 1.23 1.56 -0.28 -0.05 0.30 0.64 
Loss: 1.256433  SIA Ef: -0.091328 Binding: -0.14 -0.19 -0.09 -0.00 0.28 0.29 -0.13 0.61 -0.02 -0.59 -0.24  Rvol: 0.51 1.00 1.31 -0.33 -0.19 0.13 0.44 0.14 0.75 1.23 1.56 -0.28 -0.05 0.30 0.64 
Loss: 1.254831  SIA Ef: -0.073667 Binding: -0.15 -0.19 -0.07 -0.00 0.28 0.29 -0.13 0.61 -0.02 -0.59 -0.24  Rvol: 0.51 1.00 1.31 -0.33 -0.19 0.13 0.44 0.14 0.75 1.23 1.56 -0.28 -0.05 0.30 0.65 
Loss: 1.254462  SIA Ef: -0.059055 Binding: -0.15 -0.19 -0.05 -0.00 0.28 0.29 -0.13 0.61 -0.03 -0.60 -0.25  Rvol: 0.51 1.00 1.31 -0.33 -0.19 0.13 0.44 0.14 0.76 1.24 1.57 -0.28 -0.05 0.31 0.65 
Loss: 1.254199  SIA Ef: -0.061778 Binding: -0.15 -0.19 -0.06 -0.01 0.28 0.29 -0.13 0.61 -0.03 -0.59 -0.25  Rvol: 0.51 1.00 1.31 -0.33 -0.19 0.13 0.44 0.14 0.76 1.24 1.57 -0.28 -0.05 0.31 0.65 
Loss: 1.254545  SIA Ef: -0.053851 Binding: -0.15 -0.20 -0.05 -0.01 0.27 0.29 -0.13 0.61 -0.04 -0.60 -0.25  Rvol: 0.51 1.00 1.32 -0.33 -0.19 0.13 0.44 0.14 0.76 1.24 1.57 -0.28 -0.05 0.31 0.65 
Loss: 1.253722  SIA Ef: -0.063854 Binding: -0.15 -0.19 -0.06 -0.01 0.28 0.29 -0.13 0.61 -0.03 -0.59 -0.24  Rvol: 0.51 1.00 1.31 -0.33 -0.19 0.13 0.44 0.14 0.76 1.24 1.57 -0.28 -0.05 0.31 0.65 
Loss: 1.254471  SIA Ef: -0.053484 Binding: -0.15 -0.20 -0.06 -0.01 0.27 0.29 -0.13 0.62 -0.03 -0.59 -0.24  Rvol: 0.51 1.00 1.31 -0.33 -0.19 0.13 0.44 0.14 0.76 1.24 1.57 -0.28 -0.05 0.31 0.65 
Loss: 1.253422  SIA Ef: -0.062551 Binding: -0.15 -0.20 -0.07 -0.00 0.28 0.29 -0.13 0.61 -0.03 -0.59 -0.24  Rvol: 0.51 1.00 1.31 -0.33 -0.19 0.13 0.44 0.14 0.75 1.24 1.57 -0.28 -0.05 0.31 0.65 
Loss: 1.251803  SIA Ef: -0.067070 Binding: -0.15 -0.19 -0.06 -0.00 0.28 0.29 -0.13 0.61 -0.03 -0.59 -0.24  Rvol: 0.51 1.00 1.31 -0.33 -0.19 0.13 0.44 0.14 0.75 1.23 1.56 -0.28 -0.05 0.30 0.65 
Loss: 1.250953  SIA Ef: -0.069676 Binding: -0.15 -0.20 -0.06 -0.01 0.28 0.29 -0.13 0.61 -0.03 -0.59 -0.24  Rvol: 0.51 1.00 1.31 -0.33 -0.19 0.13 0.44 0.14 0.75 1.23 1.56 -0.28 -0.05 0.30 0.65 
Loss: 1.249786  SIA Ef: -0.074176 Binding: -0.15 -0.20 -0.06 -0.01 0.27 0.29 -0.13 0.61 -0.03 -0.59 -0.24  Rvol: 0.51 1.00 1.31 -0.33 -0.19 0.13 0.44 0.14 0.75 1.23 1.56 -0.28 -0.05 0.30 0.65 
Loss: 1.249711  SIA Ef: -0.056730 Binding: -0.15 -0.20 -0.05 -0.01 0.27 0.29 -0.13 0.61 -0.03 -0.59 -0.25  Rvol: 0.51 1.00 1.31 -0.33 -0.19 0.13 0.44 0.14 0.76 1.24 1.57 -0.28 -0.05 0.31 0.65 
Loss: 1.249731  SIA Ef: -0.052385 Binding: -0.15 -0.20 -0.05 -0.01 0.27 0.29 -0.13 0.61 -0.03 -0.59 -0.25  Rvol: 0.51 1.00 1.31 -0.33 -0.19 0.13 0.44 0.14 0.76 1.24 1.57 -0.28 -0.05 0.31 0.65 
Loss: 1.247829  SIA Ef: -0.071656 Binding: -0.15 -0.20 -0.06 -0.00 0.27 0.29 -0.13 0.61 -0.03 -0.59 -0.24  Rvol: 0.51 1.00 1.31 -0.33 -0.19 0.13 0.44 0.14 0.76 1.23 1.56 -0.28 -0.05 0.30 0.65 
Loss: 1.246594  SIA Ef: -0.085467 Binding: -0.15 -0.20 -0.07 -0.00 0.28 0.29 -0.13 0.61 -0.02 -0.59 -0.24  Rvol: 0.51 1.00 1.31 -0.33 -0.19 0.13 0.44 0.14 0.75 1.23 1.56 -0.28 -0.05 0.30 0.64 
Loss: 1.245883  SIA Ef: -0.082225 Binding: -0.15 -0.20 -0.06 -0.01 0.27 0.29 -0.12 0.62 -0.03 -0.59 -0.24  Rvol: 0.51 1.00 1.31 -0.33 -0.19 0.13 0.44 0.14 0.75 1.23 1.56 -0.28 -0.05 0.30 0.64 
Loss: 1.245097  SIA Ef: -0.079872 Binding: -0.15 -0.20 -0.06 -0.01 0.27 0.29 -0.13 0.61 -0.03 -0.59 -0.24  Rvol: 0.51 1.00 1.31 -0.33 -0.19 0.13 0.44 0.14 0.75 1.23 1.56 -0.28 -0.05 0.30 0.64 
Loss: 1.244470  SIA Ef: -0.082025 Binding: -0.15 -0.20 -0.05 -0.01 0.27 0.29 -0.13 0.61 -0.03 -0.59 -0.25  Rvol: 0.51 1.00 1.31 -0.33 -0.19 0.13 0.44 0.14 0.75 1.23 1.56 -0.28 -0.05 0.30 0.64 
Loss: 1.244089  SIA Ef: -0.089170 Binding: -0.15 -0.20 -0.05 -0.01 0.27 0.29 -0.13 0.61 -0.04 -0.59 -0.25  Rvol: 0.51 1.00 1.31 -0.33 -0.19 0.13 0.44 0.14 0.76 1.23 1.56 -0.28 -0.05 0.30 0.64 
Loss: 1.244425  SIA Ef: -0.097408 Binding: -0.15 -0.20 -0.04 -0.01 0.27 0.29 -0.13 0.61 -0.04 -0.59 -0.25  Rvol: 0.51 1.00 1.31 -0.33 -0.19 0.13 0.44 0.14 0.75 1.23 1.56 -0.28 -0.05 0.30 0.64 
Loss: 1.244110  SIA Ef: -0.089302 Binding: -0.15 -0.20 -0.05 -0.01 0.27 0.29 -0.13 0.61 -0.03 -0.59 -0.25  Rvol: 0.51 1.00 1.31 -0.33 -0.19 0.13 0.44 0.14 0.75 1.23 1.56 -0.28 -0.05 0.30 0.64 
Loss: 1.243674  SIA Ef: -0.096522 Binding: -0.15 -0.20 -0.06 -0.01 0.27 0.29 -0.13 0.61 -0.03 -0.59 -0.24  Rvol: 0.51 1.00 1.31 -0.33 -0.19 0.13 0.44 0.14 0.75 1.23 1.56 -0.28 -0.05 0.30 0.64 
Loss: 1.243683  SIA Ef: -0.098505 Binding: -0.15 -0.20 -0.07 -0.00 0.27 0.29 -0.13 0.61 -0.02 -0.59 -0.24  Rvol: 0.51 1.00 1.31 -0.33 -0.19 0.13 0.44 0.14 0.75 1.23 1.56 -0.28 -0.05 0.30 0.64 
Loss: 1.244565  SIA Ef: -0.106466 Binding: -0.15 -0.20 -0.06 -0.01 0.27 0.29 -0.13 0.61 -0.03 -0.59 -0.24  Rvol: 0.51 1.00 1.31 -0.33 -0.19 0.13 0.44 0.14 0.75 1.23 1.56 -0.28 -0.05 0.30 0.64 
Loss: 1.241868  SIA Ef: -0.083062 Binding: -0.16 -0.20 -0.05 -0.01 0.27 0.29 -0.12 0.61 -0.03 -0.59 -0.25  Rvol: 0.51 1.00 1.31 -0.33 -0.19 0.13 0.44 0.14 0.76 1.23 1.56 -0.28 -0.05 0.30 0.64 
Loss: 1.241552  SIA Ef: -0.061803 Binding: -0.16 -0.20 -0.04 -0.01 0.26 0.29 -0.12 0.61 -0.04 -0.59 -0.25  Rvol: 0.51 1.00 1.31 -0.33 -0.19 0.13 0.44 0.14 0.76 1.24 1.57 -0.28 -0.05 0.30 0.65 
Loss: 1.240561  SIA Ef: -0.066403 Binding: -0.16 -0.20 -0.04 -0.00 0.27 0.29 -0.13 0.60 -0.04 -0.59 -0.25  Rvol: 0.51 1.00 1.31 -0.33 -0.19 0.13 0.44 0.14 0.76 1.24 1.56 -0.28 -0.05 0.30 0.65 
Loss: 1.239688  SIA Ef: -0.070319 Binding: -0.16 -0.20 -0.05 -0.00 0.27 0.29 -0.12 0.61 -0.03 -0.59 -0.25  Rvol: 0.51 1.00 1.31 -0.33 -0.19 0.13 0.44 0.14 0.76 1.23 1.56 -0.28 -0.05 0.30 0.65 
Loss: 1.239296  SIA Ef: -0.069328 Binding: -0.15 -0.20 -0.06 -0.00 0.27 0.29 -0.12 0.61 -0.03 -0.59 -0.24  Rvol: 0.51 1.00 1.31 -0.33 -0.19 0.13 0.44 0.14 0.76 1.23 1.56 -0.28 -0.05 0.30 0.65 
Loss: 1.239644  SIA Ef: -0.064035 Binding: -0.15 -0.20 -0.06 -0.00 0.27 0.29 -0.12 0.61 -0.03 -0.59 -0.24  Rvol: 0.51 1.00 1.31 -0.33 -0.19 0.13 0.44 0.14 0.76 1.24 1.56 -0.28 -0.05 0.30 0.65 
Loss: 1.238871  SIA Ef: -0.069562 Binding: -0.15 -0.20 -0.06 -0.00 0.27 0.29 -0.12 0.61 -0.03 -0.59 -0.24  Rvol: 0.51 1.00 1.31 -0.33 -0.19 0.13 0.44 0.14 0.76 1.23 1.56 -0.28 -0.05 0.30 0.65 
Loss: 1.238877  SIA Ef: -0.069573 Binding: -0.15 -0.20 -0.06 -0.00 0.27 0.29 -0.12 0.61 -0.03 -0.59 -0.24  Rvol: 0.51 1.00 1.31 -0.33 -0.19 0.13 0.44 0.14 0.76 1.23 1.56 -0.28 -0.05 0.30 0.65 
Loss: 1.237379  SIA Ef: -0.078951 Binding: -0.15 -0.20 -0.06 -0.00 0.27 0.29 -0.12 0.61 -0.03 -0.59 -0.24  Rvol: 0.51 1.00 1.31 -0.33 -0.19 0.13 0.44 0.14 0.75 1.23 1.56 -0.28 -0.05 0.30 0.64 
Loss: 1.236494  SIA Ef: -0.090594 Binding: -0.15 -0.20 -0.07 -0.00 0.27 0.29 -0.12 0.61 -0.02 -0.59 -0.24  Rvol: 0.51 1.00 1.31 -0.33 -0.19 0.13 0.44 0.14 0.75 1.23 1.56 -0.28 -0.05 0.30 0.64 
Loss: 1.235416  SIA Ef: -0.090156 Binding: -0.16 -0.20 -0.06 -0.00 0.27 0.29 -0.12 0.61 -0.03 -0.59 -0.24  Rvol: 0.51 1.00 1.31 -0.33 -0.19 0.13 0.44 0.14 0.75 1.23 1.56 -0.28 -0.05 0.30 0.64 
Loss: 1.229594  SIA Ef: -0.097982 Binding: -0.15 -0.20 -0.06 -0.00 0.27 0.29 -0.12 0.60 -0.02 -0.59 -0.24  Rvol: 0.51 1.00 1.31 -0.33 -0.19 0.13 0.44 0.14 0.75 1.23 1.56 -0.28 -0.05 0.30 0.64 
Loss: 1.231701  SIA Ef: -0.115220 Binding: -0.15 -0.19 -0.08 -0.00 0.28 0.29 -0.12 0.60 -0.02 -0.59 -0.24  Rvol: 0.51 1.00 1.31 -0.33 -0.19 0.13 0.44 0.14 0.75 1.23 1.56 -0.28 -0.05 0.30 0.64 
Loss: 1.229144  SIA Ef: -0.092078 Binding: -0.16 -0.20 -0.06 -0.00 0.27 0.29 -0.12 0.60 -0.03 -0.59 -0.25  Rvol: 0.51 1.00 1.31 -0.33 -0.19 0.13 0.44 0.14 0.75 1.23 1.56 -0.28 -0.05 0.30 0.64 
Loss: 1.227877  SIA Ef: -0.079459 Binding: -0.16 -0.19 -0.06 -0.00 0.27 0.29 -0.12 0.60 -0.03 -0.59 -0.25  Rvol: 0.51 1.00 1.31 -0.33 -0.19 0.13 0.44 0.14 0.76 1.23 1.56 -0.28 -0.05 0.30 0.64 
Loss: 1.227841  SIA Ef: -0.087023 Binding: -0.16 -0.19 -0.05 -0.00 0.27 0.29 -0.12 0.60 -0.03 -0.59 -0.25  Rvol: 0.51 1.00 1.31 -0.33 -0.19 0.13 0.44 0.14 0.76 1.23 1.56 -0.28 -0.05 0.30 0.64 
Loss: 1.227804  SIA Ef: -0.086568 Binding: -0.16 -0.19 -0.05 -0.00 0.27 0.29 -0.12 0.60 -0.03 -0.59 -0.25  Rvol: 0.51 1.00 1.31 -0.33 -0.19 0.13 0.44 0.14 0.76 1.23 1.56 -0.28 -0.05 0.30 0.64 
Loss: 1.227351  SIA Ef: -0.083077 Binding: -0.15 -0.20 -0.06 -0.00 0.27 0.29 -0.12 0.60 -0.03 -0.59 -0.25  Rvol: 0.51 1.00 1.31 -0.33 -0.19 0.13 0.44 0.14 0.76 1.23 1.56 -0.28 -0.05 0.30 0.64 
Loss: 1.227347  SIA Ef: -0.083129 Binding: -0.15 -0.20 -0.06 -0.00 0.27 0.29 -0.12 0.60 -0.03 -0.59 -0.25  Rvol: 0.51 1.00 1.31 -0.33 -0.19 0.13 0.44 0.14 0.76 1.23 1.56 -0.28 -0.05 0.30 0.64 
Loss: 1.226588  SIA Ef: -0.085126 Binding: -0.16 -0.20 -0.06 -0.01 0.27 0.29 -0.12 0.60 -0.03 -0.59 -0.25  Rvol: 0.51 1.00 1.31 -0.33 -0.19 0.13 0.44 0.14 0.75 1.23 1.56 -0.28 -0.05 0.30 0.64 
Loss: 1.226557  SIA Ef: -0.090950 Binding: -0.16 -0.20 -0.06 -0.00 0.27 0.29 -0.12 0.60 -0.03 -0.59 -0.24  Rvol: 0.51 1.00 1.31 -0.33 -0.19 0.13 0.44 0.14 0.75 1.23 1.56 -0.28 -0.05 0.30 0.64 
Loss: 1.225364  SIA Ef: -0.091193 Binding: -0.16 -0.20 -0.06 -0.01 0.27 0.29 -0.12 0.60 -0.03 -0.59 -0.25  Rvol: 0.51 1.00 1.31 -0.33 -0.19 0.13 0.44 0.14 0.75 1.23 1.56 -0.28 -0.05 0.30 0.64 
Loss: 1.225479  SIA Ef: -0.082871 Binding: -0.16 -0.20 -0.05 -0.01 0.26 0.29 -0.12 0.60 -0.03 -0.59 -0.25  Rvol: 0.51 1.00 1.31 -0.33 -0.19 0.13 0.44 0.14 0.76 1.23 1.56 -0.28 -0.05 0.30 0.64 
Loss: 1.223664  SIA Ef: -0.082275 Binding: -0.16 -0.20 -0.05 -0.01 0.27 0.29 -0.12 0.60 -0.03 -0.59 -0.25  Rvol: 0.51 1.00 1.31 -0.33 -0.19 0.13 0.44 0.14 0.76 1.23 1.56 -0.28 -0.05 0.30 0.64 
Loss: 1.222049  SIA Ef: -0.077211 Binding: -0.16 -0.20 -0.05 -0.01 0.26 0.29 -0.12 0.60 -0.03 -0.59 -0.25  Rvol: 0.51 1.00 1.31 -0.33 -0.19 0.13 0.44 0.14 0.76 1.23 1.56 -0.28 -0.05 0.30 0.64 
Loss: 1.220655  SIA Ef: -0.070927 Binding: -0.16 -0.20 -0.04 -0.01 0.26 0.29 -0.12 0.60 -0.04 -0.59 -0.25  Rvol: 0.51 1.00 1.31 -0.33 -0.19 0.13 0.44 0.14 0.76 1.24 1.56 -0.28 -0.05 0.30 0.64 
Loss: 1.219284  SIA Ef: -0.072334 Binding: -0.16 -0.20 -0.04 -0.01 0.26 0.29 -0.12 0.60 -0.04 -0.59 -0.25  Rvol: 0.51 1.00 1.31 -0.33 -0.19 0.13 0.44 0.14 0.76 1.24 1.56 -0.28 -0.05 0.30 0.64 
Loss: 1.218141  SIA Ef: -0.074305 Binding: -0.16 -0.20 -0.05 -0.00 0.27 0.29 -0.12 0.60 -0.03 -0.58 -0.24  Rvol: 0.51 1.00 1.31 -0.33 -0.19 0.13 0.44 0.14 0.76 1.23 1.56 -0.28 -0.05 0.30 0.64 
Loss: 1.217811  SIA Ef: -0.073097 Binding: -0.16 -0.20 -0.05 -0.00 0.27 0.29 -0.12 0.60 -0.03 -0.58 -0.24  Rvol: 0.51 1.00 1.31 -0.33 -0.19 0.13 0.44 0.14 0.76 1.23 1.56 -0.28 -0.05 0.30 0.64 
Loss: 1.217801  SIA Ef: -0.076732 Binding: -0.16 -0.20 -0.05 -0.00 0.27 0.29 -0.12 0.60 -0.03 -0.58 -0.25  Rvol: 0.51 1.00 1.31 -0.33 -0.19 0.13 0.44 0.14 0.76 1.23 1.56 -0.28 -0.05 0.30 0.64 
Loss: 1.217700  SIA Ef: -0.073047 Binding: -0.16 -0.20 -0.05 -0.00 0.27 0.29 -0.12 0.60 -0.03 -0.58 -0.25  Rvol: 0.51 1.00 1.31 -0.33 -0.19 0.13 0.44 0.14 0.76 1.24 1.56 -0.28 -0.05 0.30 0.64 
Loss: 1.217648  SIA Ef: -0.074939 Binding: -0.16 -0.20 -0.05 -0.00 0.26 0.29 -0.12 0.60 -0.03 -0.59 -0.25  Rvol: 0.51 1.00 1.31 -0.33 -0.19 0.13 0.44 0.14 0.76 1.23 1.56 -0.28 -0.05 0.30 0.64 
Loss: 1.216942  SIA Ef: -0.066094 Binding: -0.16 -0.19 -0.04 -0.00 0.27 0.29 -0.12 0.60 -0.04 -0.59 -0.25  Rvol: 0.51 1.00 1.31 -0.33 -0.19 0.13 0.44 0.14 0.76 1.24 1.56 -0.28 -0.05 0.30 0.64 
Loss: 1.216680  SIA Ef: -0.054815 Binding: -0.16 -0.19 -0.04 -0.00 0.27 0.29 -0.11 0.60 -0.04 -0.58 -0.25  Rvol: 0.51 1.00 1.31 -0.33 -0.19 0.13 0.44 0.14 0.76 1.24 1.57 -0.28 -0.05 0.30 0.64 
Loss: 1.216094  SIA Ef: -0.063691 Binding: -0.16 -0.19 -0.05 -0.00 0.27 0.29 -0.12 0.60 -0.03 -0.58 -0.25  Rvol: 0.51 1.00 1.31 -0.33 -0.19 0.13 0.44 0.14 0.76 1.24 1.56 -0.28 -0.05 0.30 0.64 
Loss: 1.214562  SIA Ef: -0.078817 Binding: -0.16 -0.19 -0.06 0.00 0.27 0.29 -0.12 0.59 -0.02 -0.58 -0.24  Rvol: 0.51 1.00 1.31 -0.33 -0.19 0.13 0.44 0.14 0.76 1.23 1.56 -0.28 -0.05 0.30 0.64 
Loss: 1.215305  SIA Ef: -0.095681 Binding: -0.16 -0.19 -0.08 0.00 0.28 0.29 -0.11 0.59 -0.01 -0.58 -0.24  Rvol: 0.51 1.00 1.31 -0.33 -0.19 0.13 0.44 0.14 0.75 1.23 1.56 -0.28 -0.05 0.30 0.64 
Loss: 1.214713  SIA Ef: -0.079199 Binding: -0.16 -0.19 -0.06 0.00 0.27 0.29 -0.12 0.59 -0.02 -0.58 -0.24  Rvol: 0.51 1.00 1.31 -0.33 -0.19 0.13 0.44 0.14 0.76 1.23 1.56 -0.28 -0.05 0.30 0.64 
Loss: 1.213553  SIA Ef: -0.077765 Binding: -0.16 -0.19 -0.06 -0.00 0.27 0.29 -0.12 0.59 -0.03 -0.59 -0.25  Rvol: 0.51 1.00 1.31 -0.33 -0.19 0.13 0.44 0.14 0.76 1.23 1.56 -0.28 -0.05 0.30 0.64 
Loss: 1.212476  SIA Ef: -0.068159 Binding: -0.16 -0.19 -0.05 -0.00 0.27 0.29 -0.12 0.59 -0.03 -0.59 -0.25  Rvol: 0.51 1.00 1.31 -0.33 -0.19 0.13 0.44 0.14 0.76 1.24 1.56 -0.28 -0.05 0.30 0.64 
Loss: 1.212844  SIA Ef: -0.050793 Binding: -0.16 -0.19 -0.04 -0.00 0.26 0.29 -0.12 0.59 -0.04 -0.59 -0.25  Rvol: 0.51 1.00 1.31 -0.33 -0.19 0.13 0.44 0.14 0.76 1.24 1.57 -0.28 -0.05 0.30 0.64 
Loss: 1.212541  SIA Ef: -0.065269 Binding: -0.16 -0.19 -0.04 -0.00 0.27 0.29 -0.12 0.59 -0.03 -0.59 -0.25  Rvol: 0.51 1.00 1.31 -0.33 -0.19 0.13 0.44 0.14 0.76 1.24 1.56 -0.28 -0.05 0.30 0.64 
Loss: 1.212683  SIA Ef: -0.056739 Binding: -0.16 -0.19 -0.04 -0.00 0.26 0.29 -0.12 0.59 -0.04 -0.59 -0.25  Rvol: 0.51 1.00 1.31 -0.33 -0.19 0.13 0.44 0.14 0.76 1.24 1.56 -0.28 -0.05 0.30 0.64 
Loss: 1.212463  SIA Ef: -0.071827 Binding: -0.16 -0.20 -0.05 -0.00 0.27 0.29 -0.12 0.59 -0.03 -0.59 -0.25  Rvol: 0.51 1.00 1.31 -0.33 -0.19 0.13 0.44 0.14 0.76 1.24 1.56 -0.28 -0.05 0.30 0.64 
Loss: 1.212440  SIA Ef: -0.075987 Binding: -0.16 -0.20 -0.04 -0.00 0.26 0.29 -0.12 0.59 -0.04 -0.59 -0.25  Rvol: 0.51 1.00 1.31 -0.33 -0.19 0.13 0.44 0.14 0.76 1.23 1.56 -0.28 -0.05 0.30 0.64 
Loss: 1.212435  SIA Ef: -0.074050 Binding: -0.16 -0.20 -0.04 -0.00 0.26 0.29 -0.12 0.59 -0.04 -0.59 -0.25  Rvol: 0.51 1.00 1.31 -0.33 -0.19 0.13 0.44 0.14 0.76 1.23 1.56 -0.28 -0.05 0.30 0.64 
Loss: 1.212111  SIA Ef: -0.077265 Binding: -0.17 -0.20 -0.04 -0.01 0.26 0.29 -0.12 0.59 -0.04 -0.59 -0.25  Rvol: 0.51 1.00 1.31 -0.33 -0.19 0.13 0.44 0.14 0.76 1.23 1.56 -0.28 -0.05 0.30 0.64 
Loss: 1.210675  SIA Ef: -0.092516 Binding: -0.16 -0.20 -0.05 -0.00 0.26 0.29 -0.12 0.59 -0.03 -0.59 -0.25  Rvol: 0.51 1.00 1.31 -0.33 -0.19 0.13 0.44 0.14 0.75 1.23 1.56 -0.28 -0.05 0.30 0.64 
Loss: 1.210493  SIA Ef: -0.095602 Binding: -0.16 -0.20 -0.06 -0.00 0.26 0.29 -0.12 0.59 -0.03 -0.59 -0.25  Rvol: 0.51 1.00 1.31 -0.33 -0.19 0.13 0.44 0.14 0.75 1.23 1.56 -0.28 -0.05 0.30 0.64 
Loss: 1.210283  SIA Ef: -0.092415 Binding: -0.16 -0.20 -0.06 -0.00 0.26 0.29 -0.12 0.59 -0.03 -0.58 -0.25  Rvol: 0.51 1.00 1.31 -0.33 -0.19 0.13 0.44 0.14 0.75 1.23 1.56 -0.28 -0.05 0.30 0.64 
Loss: 1.210675  SIA Ef: -0.108921 Binding: -0.16 -0.20 -0.08 -0.00 0.27 0.29 -0.11 0.59 -0.02 -0.58 -0.24  Rvol: 0.51 1.00 1.31 -0.33 -0.19 0.12 0.44 0.14 0.75 1.23 1.56 -0.28 -0.05 0.30 0.64 
Loss: 1.211080  SIA Ef: -0.099275 Binding: -0.16 -0.20 -0.06 -0.00 0.26 0.29 -0.12 0.59 -0.02 -0.58 -0.25  Rvol: 0.51 1.00 1.31 -0.33 -0.19 0.13 0.44 0.14 0.75 1.23 1.56 -0.28 -0.05 0.30 0.64 
Loss: 1.209484  SIA Ef: -0.079306 Binding: -0.17 -0.20 -0.05 -0.01 0.26 0.29 -0.12 0.59 -0.03 -0.59 -0.25  Rvol: 0.51 1.00 1.31 -0.33 -0.19 0.13 0.44 0.14 0.76 1.23 1.56 -0.28 -0.05 0.30 0.64 
Loss: 1.209525  SIA Ef: -0.070074 Binding: -0.17 -0.20 -0.05 -0.01 0.26 0.29 -0.12 0.59 -0.03 -0.59 -0.25  Rvol: 0.51 1.00 1.31 -0.33 -0.19 0.13 0.44 0.14 0.76 1.24 1.56 -0.28 -0.05 0.30 0.64 
Loss: 1.209448  SIA Ef: -0.078717 Binding: -0.17 -0.20 -0.05 -0.01 0.26 0.29 -0.12 0.59 -0.03 -0.59 -0.25  Rvol: 0.51 1.00 1.31 -0.33 -0.19 0.13 0.44 0.14 0.76 1.23 1.56 -0.28 -0.05 0.30 0.64 
Loss: 1.209184  SIA Ef: -0.066516 Binding: -0.17 -0.20 -0.04 -0.01 0.25 0.29 -0.12 0.59 -0.04 -0.59 -0.25  Rvol: 0.51 1.00 1.31 -0.33 -0.19 0.13 0.44 0.14 0.76 1.24 1.56 -0.28 -0.05 0.30 0.64 
Loss: 1.209299  SIA Ef: -0.070096 Binding: -0.17 -0.20 -0.03 -0.01 0.25 0.29 -0.12 0.59 -0.04 -0.59 -0.25  Rvol: 0.51 1.00 1.31 -0.33 -0.19 0.13 0.44 0.14 0.76 1.24 1.56 -0.28 -0.05 0.30 0.64 
Loss: 1.209601  SIA Ef: -0.059759 Binding: -0.17 -0.20 -0.03 -0.01 0.25 0.29 -0.12 0.59 -0.04 -0.59 -0.26  Rvol: 0.51 1.00 1.31 -0.33 -0.19 0.13 0.44 0.14 0.76 1.24 1.56 -0.28 -0.05 0.30 0.64 
Loss: 1.209458  SIA Ef: -0.060275 Binding: -0.17 -0.20 -0.04 -0.01 0.25 0.29 -0.11 0.59 -0.04 -0.59 -0.25  Rvol: 0.51 1.00 1.31 -0.33 -0.19 0.13 0.44 0.14 0.76 1.24 1.56 -0.28 -0.05 0.30 0.64 
Loss: 1.208782  SIA Ef: -0.060916 Binding: -0.17 -0.20 -0.04 -0.01 0.25 0.29 -0.12 0.59 -0.04 -0.59 -0.26  Rvol: 0.51 1.00 1.31 -0.33 -0.19 0.13 0.44 0.14 0.76 1.24 1.56 -0.28 -0.05 0.30 0.64 
Loss: 1.210216  SIA Ef: -0.053302 Binding: -0.17 -0.21 -0.03 -0.01 0.25 0.29 -0.12 0.59 -0.05 -0.59 -0.26  Rvol: 0.51 1.00 1.32 -0.33 -0.19 0.13 0.44 0.14 0.76 1.24 1.57 -0.28 -0.05 0.30 0.64 
Loss: 1.207998  SIA Ef: -0.065184 Binding: -0.17 -0.20 -0.04 -0.01 0.25 0.29 -0.12 0.59 -0.04 -0.59 -0.25  Rvol: 0.51 1.00 1.31 -0.33 -0.19 0.13 0.44 0.14 0.76 1.24 1.56 -0.28 -0.05 0.30 0.64 
Loss: 1.206365  SIA Ef: -0.076552 Binding: -0.17 -0.20 -0.05 -0.01 0.26 0.29 -0.11 0.59 -0.03 -0.58 -0.25  Rvol: 0.51 1.00 1.31 -0.33 -0.19 0.13 0.44 0.14 0.76 1.24 1.56 -0.28 -0.05 0.30 0.64 
Loss: 1.205778  SIA Ef: -0.092329 Binding: -0.17 -0.20 -0.07 -0.01 0.26 0.29 -0.11 0.59 -0.02 -0.58 -0.25  Rvol: 0.51 1.00 1.31 -0.33 -0.19 0.13 0.44 0.14 0.75 1.23 1.56 -0.28 -0.05 0.30 0.64 
Loss: 1.204659  SIA Ef: -0.088959 Binding: -0.17 -0.20 -0.07 -0.01 0.26 0.29 -0.11 0.59 -0.02 -0.58 -0.25  Rvol: 0.51 1.00 1.31 -0.33 -0.19 0.12 0.44 0.14 0.75 1.23 1.56 -0.28 -0.05 0.30 0.64 
Loss: 1.204131  SIA Ef: -0.092577 Binding: -0.17 -0.20 -0.07 -0.01 0.26 0.29 -0.11 0.59 -0.02 -0.58 -0.25  Rvol: 0.51 1.00 1.31 -0.33 -0.19 0.12 0.44 0.14 0.75 1.23 1.56 -0.28 -0.05 0.30 0.64 
Loss: 1.203418  SIA Ef: -0.081832 Binding: -0.17 -0.20 -0.07 -0.01 0.26 0.29 -0.11 0.59 -0.02 -0.58 -0.24  Rvol: 0.51 1.00 1.31 -0.33 -0.19 0.13 0.44 0.14 0.75 1.23 1.56 -0.28 -0.05 0.30 0.64 
Loss: 1.203478  SIA Ef: -0.087008 Binding: -0.17 -0.20 -0.07 -0.01 0.26 0.29 -0.11 0.59 -0.02 -0.58 -0.24  Rvol: 0.51 1.00 1.31 -0.33 -0.19 0.12 0.44 0.14 0.75 1.23 1.56 -0.28 -0.05 0.30 0.64 
Loss: 1.202959  SIA Ef: -0.087700 Binding: -0.17 -0.20 -0.07 -0.01 0.26 0.29 -0.11 0.59 -0.02 -0.58 -0.25  Rvol: 0.51 1.00 1.31 -0.33 -0.19 0.12 0.44 0.14 0.75 1.23 1.56 -0.28 -0.05 0.30 0.64 
Loss: 1.202781  SIA Ef: -0.086677 Binding: -0.17 -0.20 -0.06 -0.01 0.26 0.29 -0.11 0.59 -0.03 -0.58 -0.25  Rvol: 0.51 1.00 1.31 -0.33 -0.19 0.12 0.44 0.14 0.75 1.23 1.56 -0.28 -0.05 0.30 0.64 
Loss: 1.204240  SIA Ef: -0.099142 Binding: -0.17 -0.20 -0.08 -0.01 0.26 0.29 -0.11 0.59 -0.02 -0.58 -0.24  Rvol: 0.51 1.00 1.31 -0.33 -0.19 0.12 0.44 0.14 0.75 1.23 1.56 -0.28 -0.05 0.30 0.64 
Loss: 1.203258  SIA Ef: -0.090452 Binding: -0.17 -0.20 -0.06 -0.01 0.26 0.29 -0.11 0.59 -0.02 -0.58 -0.24  Rvol: 0.51 1.00 1.31 -0.33 -0.19 0.13 0.44 0.14 0.75 1.23 1.56 -0.28 -0.05 0.30 0.64 
Loss: 1.201420  SIA Ef: -0.079172 Binding: -0.17 -0.20 -0.05 -0.01 0.25 0.29 -0.11 0.59 -0.03 -0.58 -0.25  Rvol: 0.51 1.00 1.31 -0.33 -0.19 0.13 0.44 0.14 0.76 1.23 1.56 -0.28 -0.05 0.30 0.64 
Loss: 1.200631  SIA Ef: -0.066207 Binding: -0.17 -0.20 -0.04 -0.01 0.25 0.29 -0.11 0.59 -0.04 -0.58 -0.25  Rvol: 0.51 1.00 1.31 -0.33 -0.19 0.13 0.44 0.14 0.76 1.24 1.56 -0.28 -0.05 0.30 0.64 
Loss: 1.203343  SIA Ef: -0.046442 Binding: -0.17 -0.20 -0.02 -0.01 0.25 0.29 -0.11 0.59 -0.05 -0.58 -0.25  Rvol: 0.51 1.00 1.32 -0.33 -0.19 0.13 0.44 0.14 0.76 1.24 1.57 -0.28 -0.05 0.30 0.64 
Loss: 1.200218  SIA Ef: -0.069087 Binding: -0.17 -0.20 -0.04 -0.01 0.25 0.29 -0.11 0.59 -0.03 -0.58 -0.25  Rvol: 0.51 1.00 1.31 -0.33 -0.19 0.13 0.44 0.14 0.76 1.24 1.56 -0.28 -0.05 0.30 0.64 
Loss: 1.199318  SIA Ef: -0.075728 Binding: -0.17 -0.20 -0.05 -0.00 0.26 0.29 -0.11 0.59 -0.03 -0.58 -0.25  Rvol: 0.51 1.00 1.31 -0.33 -0.19 0.13 0.44 0.14 0.76 1.24 1.56 -0.28 -0.05 0.30 0.64 
Loss: 1.198999  SIA Ef: -0.088646 Binding: -0.17 -0.20 -0.05 -0.01 0.26 0.29 -0.11 0.59 -0.03 -0.58 -0.25  Rvol: 0.51 1.00 1.31 -0.33 -0.19 0.12 0.44 0.14 0.75 1.23 1.56 -0.28 -0.05 0.30 0.64 
Loss: 1.198913  SIA Ef: -0.083953 Binding: -0.17 -0.20 -0.05 -0.01 0.26 0.29 -0.11 0.59 -0.03 -0.58 -0.25  Rvol: 0.51 1.00 1.31 -0.33 -0.19 0.13 0.44 0.14 0.75 1.23 1.56 -0.28 -0.05 0.30 0.64 
Loss: 1.198400  SIA Ef: -0.095254 Binding: -0.17 -0.20 -0.07 -0.00 0.26 0.29 -0.11 0.59 -0.02 -0.58 -0.24  Rvol: 0.51 1.00 1.31 -0.33 -0.19 0.12 0.44 0.14 0.75 1.23 1.56 -0.28 -0.05 0.30 0.64 
Loss: 1.198516  SIA Ef: -0.099537 Binding: -0.17 -0.20 -0.07 -0.00 0.26 0.29 -0.11 0.59 -0.02 -0.58 -0.24  Rvol: 0.51 1.00 1.31 -0.33 -0.19 0.12 0.44 0.14 0.75 1.23 1.56 -0.28 -0.05 0.30 0.64 
Loss: 1.198556  SIA Ef: -0.096751 Binding: -0.17 -0.20 -0.07 -0.00 0.26 0.30 -0.11 0.59 -0.02 -0.58 -0.24  Rvol: 0.51 1.00 1.31 -0.33 -0.19 0.13 0.44 0.14 0.75 1.23 1.56 -0.28 -0.05 0.30 0.64 
Loss: 1.198387  SIA Ef: -0.095299 Binding: -0.17 -0.20 -0.07 -0.00 0.26 0.29 -0.11 0.59 -0.02 -0.58 -0.24  Rvol: 0.51 1.00 1.31 -0.33 -0.19 0.12 0.44 0.14 0.75 1.23 1.56 -0.28 -0.05 0.30 0.64 
Loss: 1.199525  SIA Ef: -0.101586 Binding: -0.17 -0.20 -0.08 -0.00 0.26 0.29 -0.11 0.58 -0.01 -0.58 -0.25  Rvol: 0.51 1.00 1.31 -0.33 -0.19 0.12 0.44 0.14 0.75 1.23 1.56 -0.28 -0.05 0.30 0.64 
Loss: 1.197332  SIA Ef: -0.086610 Binding: -0.17 -0.20 -0.06 -0.01 0.26 0.29 -0.11 0.58 -0.02 -0.58 -0.25  Rvol: 0.51 1.00 1.31 -0.33 -0.19 0.12 0.44 0.14 0.75 1.23 1.56 -0.28 -0.05 0.30 0.64 
Loss: 1.195976  SIA Ef: -0.075052 Binding: -0.17 -0.20 -0.05 -0.01 0.25 0.29 -0.11 0.59 -0.03 -0.58 -0.25  Rvol: 0.51 1.00 1.31 -0.33 -0.19 0.13 0.44 0.14 0.75 1.24 1.56 -0.28 -0.05 0.30 0.64 
Loss: 1.195834  SIA Ef: -0.066827 Binding: -0.17 -0.20 -0.04 -0.00 0.25 0.29 -0.11 0.58 -0.04 -0.58 -0.25  Rvol: 0.51 1.00 1.31 -0.33 -0.19 0.13 0.44 0.14 0.76 1.24 1.56 -0.28 -0.05 0.30 0.64 
Loss: 1.195698  SIA Ef: -0.071991 Binding: -0.17 -0.20 -0.04 -0.01 0.25 0.29 -0.11 0.58 -0.04 -0.58 -0.25  Rvol: 0.51 1.00 1.31 -0.33 -0.19 0.13 0.44 0.14 0.76 1.24 1.56 -0.28 -0.05 0.30 0.64 
Loss: 1.196497  SIA Ef: -0.057217 Binding: -0.17 -0.20 -0.03 -0.01 0.25 0.29 -0.11 0.58 -0.04 -0.58 -0.25  Rvol: 0.51 1.00 1.31 -0.33 -0.19 0.13 0.44 0.14 0.76 1.24 1.56 -0.28 -0.05 0.30 0.64 
Loss: 1.195741  SIA Ef: -0.067524 Binding: -0.17 -0.20 -0.04 -0.01 0.25 0.29 -0.11 0.58 -0.04 -0.58 -0.25  Rvol: 0.51 1.00 1.31 -0.33 -0.19 0.13 0.44 0.14 0.76 1.24 1.56 -0.28 -0.05 0.30 0.64 
Loss: 1.194738  SIA Ef: -0.072715 Binding: -0.17 -0.20 -0.04 -0.00 0.25 0.29 -0.11 0.58 -0.04 -0.58 -0.25  Rvol: 0.51 1.00 1.31 -0.33 -0.19 0.13 0.44 0.14 0.76 1.24 1.56 -0.28 -0.05 0.30 0.64 
Loss: 1.196649  SIA Ef: -0.059020 Binding: -0.17 -0.20 -0.03 -0.01 0.25 0.29 -0.11 0.58 -0.04 -0.58 -0.26  Rvol: 0.51 1.00 1.31 -0.33 -0.19 0.13 0.44 0.14 0.76 1.24 1.56 -0.28 -0.05 0.30 0.64 
Loss: 1.194489  SIA Ef: -0.070958 Binding: -0.17 -0.20 -0.05 -0.00 0.25 0.29 -0.11 0.58 -0.03 -0.58 -0.25  Rvol: 0.51 1.00 1.31 -0.33 -0.19 0.13 0.44 0.14 0.76 1.24 1.56 -0.28 -0.05 0.30 0.64 
Loss: 1.193801  SIA Ef: -0.079024 Binding: -0.17 -0.20 -0.05 -0.00 0.26 0.29 -0.11 0.58 -0.03 -0.58 -0.25  Rvol: 0.51 1.00 1.31 -0.33 -0.19 0.13 0.44 0.14 0.75 1.23 1.56 -0.28 -0.05 0.30 0.64 
Loss: 1.193728  SIA Ef: -0.079170 Binding: -0.17 -0.20 -0.05 -0.00 0.26 0.29 -0.11 0.58 -0.03 -0.58 -0.25  Rvol: 0.51 1.00 1.31 -0.33 -0.19 0.13 0.44 0.14 0.75 1.23 1.56 -0.28 -0.05 0.30 0.64 
Loss: 1.192854  SIA Ef: -0.092802 Binding: -0.17 -0.20 -0.06 -0.00 0.26 0.30 -0.11 0.58 -0.02 -0.58 -0.25  Rvol: 0.51 1.00 1.31 -0.33 -0.19 0.13 0.44 0.14 0.75 1.23 1.56 -0.28 -0.05 0.30 0.64 
Loss: 1.194404  SIA Ef: -0.108533 Binding: -0.17 -0.20 -0.08 0.00 0.27 0.30 -0.11 0.58 -0.01 -0.58 -0.25  Rvol: 0.51 1.00 1.31 -0.33 -0.19 0.12 0.44 0.14 0.75 1.23 1.55 -0.28 -0.05 0.30 0.64 
Loss: 1.192321  SIA Ef: -0.087457 Binding: -0.17 -0.20 -0.06 -0.00 0.26 0.29 -0.11 0.58 -0.03 -0.58 -0.25  Rvol: 0.51 1.00 1.31 -0.33 -0.19 0.13 0.44 0.14 0.75 1.23 1.56 -0.28 -0.05 0.30 0.64 
Loss: 1.191271  SIA Ef: -0.075721 Binding: -0.17 -0.20 -0.05 -0.00 0.26 0.29 -0.11 0.58 -0.03 -0.58 -0.25  Rvol: 0.51 1.00 1.31 -0.33 -0.19 0.13 0.44 0.14 0.75 1.23 1.56 -0.28 -0.05 0.30 0.64 
Loss: 1.190915  SIA Ef: -0.064894 Binding: -0.18 -0.20 -0.03 -0.00 0.25 0.29 -0.10 0.58 -0.04 -0.58 -0.25  Rvol: 0.51 1.00 1.31 -0.33 -0.19 0.13 0.44 0.14 0.76 1.24 1.56 -0.28 -0.05 0.30 0.64 
Loss: 1.189566  SIA Ef: -0.066053 Binding: -0.18 -0.20 -0.04 -0.00 0.25 0.29 -0.10 0.58 -0.04 -0.58 -0.25  Rvol: 0.51 1.00 1.31 -0.33 -0.19 0.13 0.44 0.14 0.76 1.24 1.56 -0.28 -0.05 0.30 0.64 
Loss: 1.187631  SIA Ef: -0.076514 Binding: -0.18 -0.20 -0.05 -0.00 0.26 0.30 -0.10 0.58 -0.03 -0.58 -0.25  Rvol: 0.51 1.00 1.31 -0.33 -0.19 0.13 0.44 0.14 0.75 1.23 1.56 -0.28 -0.05 0.30 0.64 
Loss: 1.186667  SIA Ef: -0.085139 Binding: -0.17 -0.20 -0.06 -0.00 0.26 0.30 -0.10 0.58 -0.02 -0.58 -0.25  Rvol: 0.51 1.00 1.31 -0.33 -0.19 0.13 0.44 0.14 0.75 1.23 1.56 -0.28 -0.05 0.30 0.64 
Loss: 1.186183  SIA Ef: -0.092552 Binding: -0.17 -0.19 -0.07 0.00 0.26 0.30 -0.10 0.58 -0.02 -0.58 -0.25  Rvol: 0.51 1.00 1.31 -0.33 -0.19 0.13 0.44 0.14 0.75 1.23 1.56 -0.28 -0.05 0.30 0.64 
Loss: 1.185019  SIA Ef: -0.088619 Binding: -0.18 -0.19 -0.07 0.00 0.26 0.30 -0.10 0.57 -0.02 -0.58 -0.25  Rvol: 0.51 1.00 1.31 -0.33 -0.19 0.13 0.44 0.14 0.75 1.23 1.56 -0.28 -0.05 0.30 0.64 
Loss: 1.183566  SIA Ef: -0.080821 Binding: -0.18 -0.19 -0.06 0.00 0.26 0.30 -0.10 0.57 -0.02 -0.58 -0.25  Rvol: 0.51 1.00 1.31 -0.33 -0.19 0.13 0.44 0.14 0.75 1.23 1.56 -0.28 -0.05 0.30 0.64 
Loss: 1.180270  SIA Ef: -0.081357 Binding: -0.18 -0.19 -0.06 0.00 0.26 0.29 -0.10 0.57 -0.02 -0.58 -0.25  Rvol: 0.51 1.00 1.31 -0.33 -0.19 0.13 0.44 0.14 0.75 1.23 1.56 -0.28 -0.05 0.30 0.64 
Loss: 1.180482  SIA Ef: -0.077435 Binding: -0.18 -0.19 -0.06 0.00 0.26 0.29 -0.10 0.57 -0.02 -0.58 -0.25  Rvol: 0.51 1.00 1.31 -0.33 -0.19 0.13 0.44 0.14 0.75 1.23 1.56 -0.28 -0.05 0.30 0.64 
Loss: 1.180184  SIA Ef: -0.078649 Binding: -0.18 -0.19 -0.06 0.00 0.26 0.29 -0.10 0.57 -0.02 -0.58 -0.25  Rvol: 0.51 1.00 1.31 -0.33 -0.19 0.13 0.44 0.14 0.75 1.23 1.56 -0.28 -0.05 0.30 0.64 
Loss: 1.180397  SIA Ef: -0.093587 Binding: -0.18 -0.19 -0.06 0.00 0.26 0.29 -0.10 0.57 -0.02 -0.58 -0.25  Rvol: 0.51 1.00 1.31 -0.33 -0.19 0.12 0.44 0.14 0.75 1.23 1.56 -0.28 -0.05 0.30 0.64 
Loss: 1.180651  SIA Ef: -0.080374 Binding: -0.18 -0.19 -0.06 0.00 0.26 0.29 -0.10 0.57 -0.02 -0.58 -0.25  Rvol: 0.51 1.00 1.31 -0.33 -0.19 0.13 0.44 0.14 0.75 1.23 1.56 -0.28 -0.05 0.30 0.64 
Loss: 1.182428  SIA Ef: -0.085184 Binding: -0.18 -0.19 -0.07 0.00 0.27 0.30 -0.10 0.57 -0.02 -0.58 -0.25  Rvol: 0.51 1.00 1.31 -0.33 -0.19 0.13 0.44 0.14 0.75 1.23 1.56 -0.28 -0.05 0.30 0.64 
Loss: 1.180260  SIA Ef: -0.080589 Binding: -0.18 -0.19 -0.06 0.00 0.26 0.29 -0.10 0.57 -0.02 -0.58 -0.25  Rvol: 0.51 1.00 1.31 -0.33 -0.19 0.13 0.44 0.14 0.75 1.23 1.56 -0.28 -0.05 0.30 0.64 
Loss: 1.182287  SIA Ef: -0.092551 Binding: -0.18 -0.19 -0.07 0.00 0.27 0.30 -0.10 0.57 -0.02 -0.58 -0.25  Rvol: 0.51 1.00 1.31 -0.33 -0.19 0.13 0.44 0.14 0.75 1.23 1.56 -0.28 -0.05 0.30 0.64 
Loss: 1.180157  SIA Ef: -0.076954 Binding: -0.18 -0.19 -0.06 0.00 0.26 0.29 -0.10 0.57 -0.02 -0.58 -0.25  Rvol: 0.51 1.00 1.31 -0.33 -0.19 0.13 0.44 0.14 0.75 1.23 1.56 -0.28 -0.05 0.30 0.64 
Loss: 1.179246  SIA Ef: -0.075515 Binding: -0.18 -0.19 -0.06 0.00 0.26 0.29 -0.10 0.57 -0.02 -0.58 -0.25  Rvol: 0.51 1.00 1.31 -0.33 -0.19 0.13 0.44 0.14 0.75 1.23 1.56 -0.28 -0.05 0.30 0.64 
Loss: 1.179546  SIA Ef: -0.066211 Binding: -0.18 -0.19 -0.06 0.00 0.26 0.29 -0.10 0.57 -0.02 -0.58 -0.25  Rvol: 0.51 1.00 1.31 -0.33 -0.19 0.13 0.44 0.14 0.75 1.24 1.56 -0.28 -0.05 0.30 0.64 
Loss: 1.179912  SIA Ef: -0.066700 Binding: -0.18 -0.20 -0.05 0.00 0.25 0.30 -0.10 0.58 -0.03 -0.58 -0.25  Rvol: 0.51 1.00 1.31 -0.33 -0.19 0.13 0.44 0.14 0.75 1.24 1.56 -0.28 -0.05 0.30 0.64 
Loss: 1.181911  SIA Ef: -0.074103 Binding: -0.18 -0.20 -0.06 0.00 0.26 0.30 -0.10 0.57 -0.02 -0.58 -0.25  Rvol: 0.51 1.00 1.31 -0.33 -0.19 0.13 0.44 0.14 0.75 1.23 1.56 -0.28 -0.05 0.30 0.64 
Loss: 1.181531  SIA Ef: -0.074198 Binding: -0.18 -0.19 -0.06 0.00 0.26 0.30 -0.10 0.57 -0.02 -0.58 -0.25  Rvol: 0.51 1.00 1.31 -0.33 -0.19 0.13 0.44 0.14 0.75 1.23 1.56 -0.28 -0.05 0.30 0.64 
Loss: 1.181183  SIA Ef: -0.080761 Binding: -0.18 -0.19 -0.07 0.00 0.26 0.30 -0.10 0.57 -0.02 -0.57 -0.25  Rvol: 0.51 1.00 1.31 -0.33 -0.19 0.13 0.44 0.14 0.75 1.23 1.56 -0.28 -0.05 0.30 0.64 
Loss: 1.181464  SIA Ef: -0.076591 Binding: -0.18 -0.19 -0.06 0.00 0.26 0.30 -0.10 0.57 -0.02 -0.58 -0.25  Rvol: 0.51 1.00 1.31 -0.33 -0.19 0.13 0.44 0.14 0.75 1.23 1.56 -0.28 -0.05 0.30 0.64 
Loss: 1.181397  SIA Ef: -0.074689 Binding: -0.18 -0.19 -0.07 0.00 0.26 0.30 -0.10 0.57 -0.02 -0.58 -0.25  Rvol: 0.51 1.00 1.31 -0.33 -0.19 0.13 0.44 0.14 0.75 1.23 1.56 -0.28 -0.05 0.30 0.64 
Loss: 1.179347  SIA Ef: -0.072211 Binding: -0.18 -0.19 -0.06 0.00 0.26 0.29 -0.10 0.57 -0.02 -0.58 -0.25  Rvol: 0.51 1.00 1.31 -0.33 -0.19 0.13 0.44 0.14 0.75 1.23 1.56 -0.28 -0.05 0.30 0.64 
Loss: 1.179644  SIA Ef: -0.075798 Binding: -0.18 -0.20 -0.06 0.00 0.26 0.29 -0.10 0.57 -0.02 -0.58 -0.25  Rvol: 0.51 1.00 1.31 -0.33 -0.19 0.13 0.44 0.14 0.75 1.23 1.56 -0.28 -0.05 0.30 0.64 
Loss: 1.179247  SIA Ef: -0.074195 Binding: -0.18 -0.20 -0.06 0.00 0.26 0.29 -0.10 0.57 -0.02 -0.58 -0.25  Rvol: 0.51 1.00 1.31 -0.33 -0.19 0.13 0.44 0.14 0.75 1.23 1.56 -0.28 -0.05 0.30 0.64 
Loss: 1.179705  SIA Ef: -0.070286 Binding: -0.18 -0.19 -0.05 0.00 0.26 0.29 -0.10 0.57 -0.03 -0.58 -0.25  Rvol: 0.51 1.00 1.31 -0.33 -0.19 0.13 0.44 0.14 0.75 1.23 1.56 -0.28 -0.05 0.30 0.64 
Loss: 1.181529  SIA Ef: -0.074300 Binding: -0.18 -0.20 -0.06 0.00 0.26 0.30 -0.10 0.57 -0.02 -0.58 -0.25  Rvol: 0.51 1.00 1.31 -0.33 -0.19 0.13 0.44 0.14 0.75 1.23 1.56 -0.28 -0.05 0.30 0.64 
Loss: 1.179745  SIA Ef: -0.076747 Binding: -0.18 -0.19 -0.06 0.00 0.26 0.29 -0.10 0.57 -0.02 -0.58 -0.25  Rvol: 0.51 1.00 1.31 -0.33 -0.19 0.13 0.44 0.14 0.75 1.23 1.56 -0.28 -0.05 0.30 0.64 
Loss: 1.179132  SIA Ef: -0.077928 Binding: -0.18 -0.19 -0.06 0.00 0.26 0.29 -0.10 0.57 -0.02 -0.58 -0.25  Rvol: 0.51 1.00 1.31 -0.33 -0.19 0.13 0.44 0.14 0.75 1.23 1.56 -0.28 -0.05 0.30 0.64 
Loss: 1.179197  SIA Ef: -0.077970 Binding: -0.18 -0.19 -0.06 0.00 0.26 0.29 -0.10 0.57 -0.02 -0.58 -0.25  Rvol: 0.51 1.00 1.31 -0.33 -0.19 0.13 0.44 0.14 0.75 1.23 1.56 -0.28 -0.05 0.30 0.64 
Loss: 1.179185  SIA Ef: -0.076962 Binding: -0.18 -0.19 -0.06 0.00 0.26 0.29 -0.10 0.57 -0.02 -0.58 -0.25  Rvol: 0.51 1.00 1.31 -0.33 -0.19 0.13 0.44 0.14 0.75 1.23 1.56 -0.28 -0.05 0.30 0.64 
Loss: 1.178899  SIA Ef: -0.079980 Binding: -0.18 -0.19 -0.07 0.00 0.26 0.29 -0.10 0.57 -0.02 -0.58 -0.25  Rvol: 0.51 1.00 1.31 -0.33 -0.19 0.13 0.44 0.14 0.75 1.23 1.56 -0.28 -0.05 0.30 0.64 
Loss: 1.181279  SIA Ef: -0.081294 Binding: -0.18 -0.19 -0.07 0.00 0.26 0.30 -0.10 0.57 -0.02 -0.58 -0.25  Rvol: 0.51 1.00 1.31 -0.33 -0.19 0.13 0.44 0.14 0.75 1.23 1.56 -0.28 -0.05 0.30 0.64 
Loss: 1.179113  SIA Ef: -0.078554 Binding: -0.18 -0.19 -0.06 0.00 0.26 0.29 -0.10 0.57 -0.02 -0.58 -0.25  Rvol: 0.51 1.00 1.31 -0.33 -0.19 0.13 0.44 0.14 0.75 1.23 1.56 -0.28 -0.05 0.30 0.64 
Loss: 1.178921  SIA Ef: -0.081867 Binding: -0.18 -0.19 -0.07 0.00 0.26 0.29 -0.10 0.57 -0.02 -0.58 -0.25  Rvol: 0.51 1.00 1.31 -0.33 -0.19 0.13 0.44 0.14 0.75 1.23 1.56 -0.28 -0.05 0.30 0.64 
Loss: 1.179018  SIA Ef: -0.077073 Binding: -0.18 -0.19 -0.06 0.00 0.26 0.29 -0.10 0.57 -0.02 -0.58 -0.25  Rvol: 0.51 1.00 1.31 -0.33 -0.19 0.13 0.44 0.14 0.75 1.23 1.56 -0.28 -0.05 0.30 0.64 
Loss: 1.178873  SIA Ef: -0.081603 Binding: -0.18 -0.19 -0.07 0.00 0.26 0.29 -0.10 0.57 -0.02 -0.58 -0.25  Rvol: 0.51 1.00 1.31 -0.33 -0.19 0.13 0.44 0.14 0.75 1.23 1.56 -0.28 -0.05 0.30 0.64 
Loss: 1.178669  SIA Ef: -0.080249 Binding: -0.18 -0.19 -0.07 0.00 0.26 0.29 -0.10 0.57 -0.02 -0.58 -0.25  Rvol: 0.51 1.00 1.31 -0.33 -0.19 0.13 0.44 0.14 0.75 1.23 1.56 -0.28 -0.05 0.30 0.64 
Loss: 1.178672  SIA Ef: -0.080908 Binding: -0.18 -0.19 -0.07 0.00 0.26 0.29 -0.10 0.57 -0.02 -0.58 -0.25  Rvol: 0.51 1.00 1.31 -0.33 -0.19 0.13 0.44 0.14 0.75 1.23 1.56 -0.28 -0.05 0.30 0.64 
Loss: 1.178907  SIA Ef: -0.078754 Binding: -0.18 -0.19 -0.06 0.00 0.26 0.29 -0.10 0.57 -0.02 -0.58 -0.25  Rvol: 0.51 1.00 1.31 -0.33 -0.19 0.13 0.44 0.14 0.75 1.23 1.56 -0.28 -0.05 0.30 0.64 
Loss: 1.178654  SIA Ef: -0.080852 Binding: -0.18 -0.19 -0.07 0.00 0.26 0.29 -0.10 0.57 -0.02 -0.57 -0.25  Rvol: 0.51 1.00 1.31 -0.33 -0.19 0.13 0.44 0.14 0.75 1.23 1.56 -0.28 -0.05 0.30 0.64 
Loss: 1.180648  SIA Ef: -0.083527 Binding: -0.18 -0.19 -0.07 0.00 0.26 0.30 -0.10 0.57 -0.02 -0.57 -0.25  Rvol: 0.51 1.00 1.31 -0.33 -0.19 0.13 0.44 0.14 0.75 1.23 1.56 -0.28 -0.05 0.30 0.64 
Loss: 1.178698  SIA Ef: -0.079412 Binding: -0.18 -0.19 -0.06 0.00 0.26 0.29 -0.10 0.57 -0.02 -0.58 -0.25  Rvol: 0.51 1.00 1.31 -0.33 -0.19 0.13 0.44 0.14 0.75 1.23 1.56 -0.28 -0.05 0.30 0.64 
Loss: 1.178649  SIA Ef: -0.081115 Binding: -0.18 -0.19 -0.06 0.00 0.26 0.29 -0.10 0.57 -0.02 -0.57 -0.25  Rvol: 0.51 1.00 1.31 -0.33 -0.19 0.13 0.44 0.14 0.75 1.23 1.56 -0.28 -0.05 0.30 0.64 
Loss: 1.178723  SIA Ef: -0.080346 Binding: -0.18 -0.19 -0.06 0.00 0.26 0.29 -0.10 0.57 -0.02 -0.58 -0.25  Rvol: 0.51 1.00 1.31 -0.33 -0.19 0.13 0.44 0.14 0.75 1.23 1.56 -0.28 -0.05 0.30 0.64 
Loss: 1.178642  SIA Ef: -0.080093 Binding: -0.18 -0.19 -0.06 0.00 0.26 0.29 -0.10 0.57 -0.02 -0.57 -0.25  Rvol: 0.51 1.00 1.31 -0.33 -0.19 0.13 0.44 0.14 0.75 1.23 1.56 -0.28 -0.05 0.30 0.64 
Loss: 1.178785  SIA Ef: -0.079414 Binding: -0.18 -0.19 -0.06 0.00 0.26 0.29 -0.10 0.57 -0.02 -0.57 -0.25  Rvol: 0.51 1.00 1.31 -0.33 -0.19 0.13 0.44 0.14 0.75 1.23 1.56 -0.28 -0.05 0.30 0.64 
Loss: 1.178628  SIA Ef: -0.080815 Binding: -0.18 -0.19 -0.06 0.00 0.26 0.29 -0.10 0.57 -0.02 -0.58 -0.25  Rvol: 0.51 1.00 1.31 -0.33 -0.19 0.13 0.44 0.14 0.75 1.23 1.56 -0.28 -0.05 0.30 0.64 
Loss: 1.178733  SIA Ef: -0.079757 Binding: -0.18 -0.19 -0.06 0.00 0.26 0.29 -0.10 0.57 -0.02 -0.58 -0.25  Rvol: 0.51 1.00 1.31 -0.33 -0.19 0.13 0.44 0.14 0.75 1.23 1.56 -0.28 -0.05 0.30 0.64 
Loss: 1.178688  SIA Ef: -0.081074 Binding: -0.18 -0.19 -0.06 0.00 0.26 0.29 -0.10 0.57 -0.02 -0.58 -0.25  Rvol: 0.51 1.00 1.31 -0.33 -0.19 0.13 0.44 0.14 0.75 1.23 1.56 -0.28 -0.05 0.30 0.64 
Loss: 1.178422  SIA Ef: -0.082195 Binding: -0.18 -0.19 -0.07 0.00 0.26 0.29 -0.10 0.57 -0.02 -0.57 -0.25  Rvol: 0.51 1.00 1.31 -0.33 -0.19 0.13 0.44 0.14 0.75 1.23 1.56 -0.28 -0.05 0.30 0.64 
Loss: 1.180614  SIA Ef: -0.083555 Binding: -0.18 -0.19 -0.07 0.00 0.26 0.30 -0.10 0.57 -0.02 -0.57 -0.25  Rvol: 0.51 1.00 1.31 -0.33 -0.19 0.13 0.44 0.14 0.75 1.23 1.56 -0.28 -0.05 0.30 0.64 
Loss: 1.178446  SIA Ef: -0.082153 Binding: -0.18 -0.19 -0.07 0.00 0.26 0.29 -0.10 0.57 -0.02 -0.57 -0.25  Rvol: 0.51 1.00 1.31 -0.33 -0.19 0.13 0.44 0.14 0.75 1.23 1.56 -0.28 -0.05 0.30 0.64 
Loss: 1.180604  SIA Ef: -0.083542 Binding: -0.18 -0.19 -0.07 0.00 0.26 0.30 -0.10 0.57 -0.02 -0.57 -0.25  Rvol: 0.51 1.00 1.31 -0.33 -0.19 0.13 0.44 0.14 0.75 1.23 1.56 -0.28 -0.05 0.30 0.64 
Loss: 1.180759  SIA Ef: -0.082796 Binding: -0.18 -0.19 -0.07 0.00 0.26 0.30 -0.10 0.57 -0.02 -0.57 -0.25  Rvol: 0.51 1.00 1.31 -0.33 -0.19 0.13 0.44 0.14 0.75 1.23 1.56 -0.28 -0.05 0.30 0.64 
Loss: 1.178444  SIA Ef: -0.082043 Binding: -0.18 -0.19 -0.07 0.00 0.26 0.29 -0.10 0.57 -0.02 -0.57 -0.25  Rvol: 0.51 1.00 1.31 -0.33 -0.19 0.13 0.44 0.14 0.75 1.23 1.56 -0.28 -0.05 0.30 0.64 
Loss: 1.178449  SIA Ef: -0.081657 Binding: -0.18 -0.19 -0.07 0.00 0.26 0.29 -0.10 0.57 -0.02 -0.57 -0.25  Rvol: 0.51 1.00 1.31 -0.33 -0.19 0.13 0.44 0.14 0.75 1.23 1.56 -0.28 -0.05 0.30 0.64 
Loss: 1.178428  SIA Ef: -0.082285 Binding: -0.18 -0.19 -0.07 0.00 0.26 0.29 -0.10 0.57 -0.02 -0.57 -0.25  Rvol: 0.51 1.00 1.31 -0.33 -0.19 0.13 0.44 0.14 0.75 1.23 1.56 -0.28 -0.05 0.30 0.64 
Loss: 1.178423  SIA Ef: -0.081937 Binding: -0.18 -0.19 -0.07 0.00 0.26 0.29 -0.10 0.57 -0.02 -0.57 -0.25  Rvol: 0.51 1.00 1.31 -0.33 -0.19 0.13 0.44 0.14 0.75 1.23 1.56 -0.28 -0.05 0.30 0.64 
Loss: 1.178429  SIA Ef: -0.082286 Binding: -0.18 -0.19 -0.07 0.00 0.26 0.29 -0.10 0.57 -0.02 -0.57 -0.25  Rvol: 0.51 1.00 1.31 -0.33 -0.19 0.13 0.44 0.14 0.75 1.23 1.56 -0.28 -0.05 0.30 0.64 
Loss: 1.178456  SIA Ef: -0.081967 Binding: -0.18 -0.19 -0.07 0.00 0.26 0.29 -0.10 0.57 -0.02 -0.57 -0.25  Rvol: 0.51 1.00 1.31 -0.33 -0.19 0.13 0.44 0.14 0.75 1.23 1.56 -0.28 -0.05 0.30 0.64 
Loss: 1.178434  SIA Ef: -0.081749 Binding: -0.18 -0.19 -0.07 0.00 0.26 0.29 -0.10 0.57 -0.02 -0.57 -0.25  Rvol: 0.51 1.00 1.31 -0.33 -0.19 0.13 0.44 0.14 0.75 1.23 1.56 -0.28 -0.05 0.30 0.64 
Loss: 1.178461  SIA Ef: -0.081426 Binding: -0.18 -0.19 -0.07 0.00 0.26 0.29 -0.10 0.57 -0.02 -0.57 -0.25  Rvol: 0.51 1.00 1.31 -0.33 -0.19 0.13 0.44 0.14 0.75 1.23 1.56 -0.28 -0.05 0.30 0.64 
Loss: 1.178381  SIA Ef: -0.082490 Binding: -0.18 -0.19 -0.07 0.00 0.26 0.29 -0.10 0.57 -0.02 -0.57 -0.25  Rvol: 0.51 1.00 1.31 -0.33 -0.19 0.13 0.44 0.14 0.75 1.23 1.56 -0.28 -0.05 0.30 0.64 
