Start Optimization 
Loss: 3.905412  SIA Ef: 0.020677 Binding: -0.09 -0.52 0.54 0.11 -0.35 -0.03 -0.97 0.14 -0.62 -0.90 -0.88  Rvol: 0.62 1.04 1.48 -0.33 -0.38 -0.18 0.07 0.14 0.77 1.25 1.69 -0.28 -0.20 0.04 0.28 
Loss: 4.010256  SIA Ef: 0.081150 Binding: -0.09 -0.51 0.54 0.12 -0.34 -0.03 -0.99 0.13 -0.63 -0.92 -0.89  Rvol: 0.63 1.04 1.49 -0.33 -0.37 -0.18 0.07 0.14 0.77 1.26 1.69 -0.28 -0.20 0.04 0.28 
Loss: 64.701399  SIA Ef: 4.762632 Binding: 1.14 2.00 4.74 2.31 1.94 -0.19 -0.84 0.20 -0.87 -1.07 -0.80  Rvol: 0.82 1.48 2.08 -0.33 -0.12 0.19 0.59 0.14 0.94 1.67 2.35 -0.28 0.04 0.40 0.81 
Loss: 65.810090  SIA Ef: 0.793779 Binding: 0.60 -0.12 -6.18 0.55 -1.14 0.96 -0.38 -0.55 4.20 0.57 1.81  Rvol: 0.60 1.20 1.86 -0.33 -0.23 1.03 0.82 0.14 0.86 1.46 1.54 -0.28 0.19 1.09 1.21 
Loss: 262.548755  SIA Ef: 11.637446 Binding: 3.89 1.73 8.61 3.30 1.87 1.51 -1.97 -0.24 -1.16 -1.71 -1.73  Rvol: 1.33 2.19 3.20 -0.33 -0.29 -0.11 0.28 0.14 1.38 2.44 3.19 -0.28 -0.12 0.07 0.46 
Loss: 6.946676  SIA Ef: 0.020677 Binding: -0.09 -0.52 0.54 0.11 -0.35 -0.26 -0.52 0.08 -1.26 -1.50 -1.34  Rvol: 0.62 1.04 1.48 -0.33 -0.38 -0.18 0.07 0.14 0.77 1.16 1.71 -0.28 -0.12 0.07 0.35 
Loss: 9.572396  SIA Ef: 0.020677 Binding: -0.09 -0.52 0.54 0.11 -0.35 -0.30 -1.15 -1.24 -0.75 -1.33 -1.82  Rvol: 0.62 1.04 1.48 -0.33 -0.38 -0.18 0.07 0.14 0.76 1.23 1.64 -0.28 -0.24 -0.03 0.21 
Loss: 2.841457  SIA Ef: 0.020677 Binding: -0.09 -0.52 0.54 0.11 -0.35 0.10 -0.78 0.49 -0.54 -0.68 -0.51  Rvol: 0.62 1.04 1.48 -0.33 -0.38 -0.18 0.07 0.14 0.77 1.27 1.68 -0.28 -0.19 0.04 0.28 
Loss: 12.633268  SIA Ef: 0.020677 Binding: -0.93 -1.96 0.54 -0.92 -2.28 0.10 -0.22 0.48 -0.54 -0.66 -0.44  Rvol: 0.62 1.09 1.57 -0.33 -0.38 -0.17 0.13 0.14 0.77 1.37 1.82 -0.28 -0.19 0.06 0.35 
Loss: 2.572648  SIA Ef: 0.020677 Binding: -0.10 -0.53 0.54 0.24 -0.24 0.10 -0.56 0.40 -0.54 -0.71 -0.59  Rvol: 0.62 1.03 1.43 -0.33 -0.38 -0.21 0.00 0.14 0.77 1.25 1.64 -0.28 -0.19 0.01 0.21 
Loss: 2.662007  SIA Ef: 0.020677 Binding: -0.11 -0.57 0.54 0.18 -0.30 0.10 -0.61 0.43 -0.54 -0.70 -0.56  Rvol: 0.62 1.03 1.44 -0.33 -0.38 -0.20 0.02 0.14 0.77 1.26 1.65 -0.28 -0.19 0.02 0.23 
Loss: 295.047972  SIA Ef: -14.683910 Binding: -0.25 0.29 -6.69 0.65 -1.16 0.53 -0.80 -0.66 4.92 -1.39 1.25  Rvol: -0.09 0.02 -0.23 -0.33 -0.44 -0.55 -0.69 0.14 0.28 -0.12 -0.42 -0.28 -0.33 -0.56 -0.51 
Loss: 65.549409  SIA Ef: 5.284081 Binding: 1.08 1.11 4.95 1.81 0.96 0.19 -0.87 0.34 -0.96 -1.13 -1.15  Rvol: 0.97 1.68 2.07 -0.33 -0.36 -0.24 0.10 0.14 1.06 1.90 2.38 -0.28 -0.18 0.01 0.30 
Loss: 2.578178  SIA Ef: 0.007706 Binding: -0.10 -0.53 0.54 0.24 -0.24 0.10 -0.57 0.41 -0.54 -0.71 -0.58  Rvol: 0.62 1.03 1.43 -0.33 -0.38 -0.21 0.00 0.14 0.77 1.24 1.64 -0.28 -0.19 0.01 0.21 
Loss: 24.535608  SIA Ef: 2.718125 Binding: 0.53 0.88 3.10 1.49 1.12 -0.02 -0.59 0.51 -0.77 -0.83 -0.57  Rvol: 0.74 1.28 1.78 -0.33 -0.25 -0.03 0.27 0.14 0.92 1.49 2.02 -0.28 -0.08 0.20 0.48 
Loss: 1.898278  SIA Ef: 0.043223 Binding: -0.11 -0.53 0.43 0.20 -0.27 0.25 -0.40 0.76 -0.32 -0.36 -0.17  Rvol: 0.62 1.03 1.43 -0.33 -0.38 -0.20 0.01 0.14 0.76 1.24 1.61 -0.28 -0.20 0.00 0.20 
Loss: 23.173293  SIA Ef: 1.126570 Binding: -0.73 -0.03 -3.86 -0.48 -0.75 0.71 0.06 0.05 2.11 -0.39 0.44  Rvol: 0.59 1.05 1.55 -0.33 -0.43 0.07 0.30 0.14 0.82 1.29 1.59 -0.28 0.05 0.12 0.59 
Loss: 2.591429  SIA Ef: -0.022840 Binding: -0.12 -0.52 0.39 0.20 -0.28 0.40 -0.00 1.22 -0.23 -0.13 0.26  Rvol: 0.62 1.02 1.42 -0.33 -0.38 -0.20 0.00 0.14 0.77 1.25 1.62 -0.28 -0.19 0.02 0.21 
Loss: 64.307881  SIA Ef: -7.037304 Binding: 0.01 -0.01 -3.11 -0.54 0.12 0.66 -0.68 -0.22 1.75 -0.24 0.17  Rvol: 0.23 0.67 0.56 -0.33 -0.41 -0.35 -0.27 0.14 0.50 0.54 0.54 -0.28 -0.23 -0.21 -0.15 
Loss: 1.950838  SIA Ef: 0.077099 Binding: -0.11 -0.52 0.46 0.22 -0.26 0.28 -0.30 0.85 -0.30 -0.31 -0.09  Rvol: 0.63 1.03 1.43 -0.33 -0.37 -0.20 0.01 0.14 0.76 1.26 1.62 -0.28 -0.20 0.01 0.20 
Loss: 17.568126  SIA Ef: 2.144421 Binding: 0.42 0.77 2.70 1.38 1.03 0.20 -0.29 0.86 -0.51 -0.44 -0.11  Rvol: 0.70 1.21 1.71 -0.33 -0.25 -0.03 0.26 0.14 0.88 1.41 1.95 -0.28 -0.09 0.18 0.46 
Loss: 2.228231  SIA Ef: 0.259493 Binding: 0.18 -0.06 0.60 0.51 0.28 0.23 -0.36 0.81 -0.35 -0.37 -0.21  Rvol: 0.64 1.05 1.46 -0.33 -0.38 -0.21 0.01 0.14 0.77 1.28 1.65 -0.28 -0.20 0.00 0.20 
Loss: 63.231972  SIA Ef: 4.901248 Binding: 1.10 1.14 5.27 1.91 0.97 0.44 -0.59 0.56 -0.74 -0.79 -0.69  Rvol: 0.96 1.65 2.01 -0.33 -0.36 -0.25 0.08 0.14 1.06 1.87 2.34 -0.28 -0.18 -0.02 0.27 
Loss: 14.708064  SIA Ef: -3.438854 Binding: -0.41 0.14 -1.35 -0.22 -0.12 0.49 -0.29 0.10 0.40 -0.28 -0.17  Rvol: 0.43 0.67 0.98 -0.33 -0.40 -0.25 -0.12 0.14 0.62 0.90 1.07 -0.28 -0.20 -0.09 0.04 
Loss: 1.791978  SIA Ef: 0.045286 Binding: -0.10 -0.51 0.42 0.22 -0.25 0.25 -0.32 0.75 -0.32 -0.36 -0.18  Rvol: 0.62 1.03 1.42 -0.33 -0.38 -0.21 -0.00 0.14 0.76 1.23 1.61 -0.28 -0.20 0.00 0.20 
Loss: 5.690296  SIA Ef: 0.232841 Binding: -0.57 -0.07 -1.99 -0.42 -0.44 0.52 -0.07 0.19 0.68 -0.21 0.01  Rvol: 0.58 0.97 1.43 -0.33 -0.39 -0.13 0.15 0.14 0.77 1.18 1.52 -0.28 -0.09 0.05 0.34 
Loss: 1.816885  SIA Ef: 0.046830 Binding: -0.10 -0.50 0.42 0.23 -0.24 0.25 -0.37 0.74 -0.32 -0.36 -0.18  Rvol: 0.62 1.03 1.42 -0.33 -0.38 -0.21 -0.00 0.14 0.76 1.24 1.61 -0.28 -0.20 0.00 0.19 
Loss: 4.359496  SIA Ef: 0.846916 Binding: 0.08 0.00 1.25 0.70 0.33 0.24 -0.38 0.82 -0.39 -0.38 -0.11  Rvol: 0.64 1.08 1.51 -0.33 -0.31 -0.11 0.12 0.14 0.80 1.28 1.71 -0.28 -0.15 0.09 0.32 
Loss: 20.296332  SIA Ef: 2.905654 Binding: 0.42 0.26 2.84 0.98 0.34 -0.19 -0.53 0.53 -0.60 -0.54 -0.49  Rvol: 0.81 1.37 1.78 -0.33 -0.37 -0.23 0.07 0.14 0.91 1.56 2.07 -0.28 -0.20 0.01 0.26 
Loss: 3.790769  SIA Ef: -1.674832 Binding: -0.38 -0.06 -0.43 -0.00 -0.21 0.38 -0.26 0.38 -0.07 -0.32 -0.19  Rvol: 0.53 0.84 1.20 -0.33 -0.39 -0.23 -0.06 0.14 0.69 1.08 1.34 -0.28 -0.20 -0.04 0.11 
Loss: 1.782596  SIA Ef: 0.048616 Binding: -0.10 -0.51 0.42 0.22 -0.25 0.25 -0.31 0.75 -0.32 -0.36 -0.18  Rvol: 0.62 1.03 1.42 -0.33 -0.38 -0.21 0.00 0.14 0.76 1.23 1.61 -0.28 -0.20 0.00 0.20 
Loss: 1.921257  SIA Ef: -0.021008 Binding: -0.32 -0.30 -0.88 -0.16 -0.38 0.40 -0.43 0.39 0.07 -0.27 -0.14  Rvol: 0.60 0.99 1.40 -0.33 -0.38 -0.17 0.07 0.14 0.75 1.22 1.53 -0.28 -0.16 0.02 0.24 
Loss: 1.868797  SIA Ef: 0.080947 Binding: -0.10 -0.51 0.41 0.22 -0.25 0.30 -0.31 0.85 -0.26 -0.27 -0.06  Rvol: 0.63 1.03 1.43 -0.33 -0.38 -0.21 0.00 0.14 0.76 1.26 1.61 -0.28 -0.20 -0.00 0.19 
Loss: 4.738902  SIA Ef: 1.256626 Binding: 0.02 -0.45 1.09 0.36 -0.20 0.12 -0.42 0.61 -0.46 -0.44 -0.41  Rvol: 0.70 1.16 1.57 -0.33 -0.39 -0.23 0.02 0.14 0.82 1.37 1.81 -0.28 -0.21 -0.00 0.23 
Loss: 1.869370  SIA Ef: 0.117457 Binding: -0.09 -0.48 0.48 0.25 -0.21 0.23 -0.45 0.65 -0.34 -0.41 -0.27  Rvol: 0.63 1.03 1.43 -0.33 -0.37 -0.20 0.01 0.14 0.76 1.25 1.62 -0.28 -0.20 0.00 0.20 
Loss: 3.006570  SIA Ef: 0.653608 Binding: -0.01 -0.31 0.89 0.46 0.04 0.25 -0.32 0.86 -0.36 -0.35 -0.11  Rvol: 0.64 1.07 1.50 -0.33 -0.34 -0.16 0.06 0.14 0.79 1.28 1.69 -0.28 -0.17 0.05 0.26 
Loss: 1.776229  SIA Ef: 0.028952 Binding: -0.11 -0.51 0.41 0.22 -0.25 0.25 -0.34 0.73 -0.32 -0.37 -0.20  Rvol: 0.62 1.02 1.42 -0.33 -0.38 -0.21 -0.00 0.14 0.76 1.24 1.61 -0.28 -0.20 0.00 0.19 
Loss: 4.008268  SIA Ef: -1.710658 Binding: -0.39 -0.07 -0.51 -0.04 -0.23 0.38 -0.27 0.33 -0.05 -0.33 -0.21  Rvol: 0.53 0.83 1.20 -0.33 -0.39 -0.23 -0.06 0.14 0.69 1.07 1.34 -0.28 -0.20 -0.04 0.11 
Loss: 1.942793  SIA Ef: 0.016841 Binding: -0.17 -0.61 0.40 0.16 -0.37 0.25 -0.37 0.72 -0.31 -0.37 -0.18  Rvol: 0.62 1.02 1.42 -0.33 -0.37 -0.20 0.00 0.14 0.75 1.25 1.60 -0.28 -0.20 0.00 0.20 
Loss: 2.947408  SIA Ef: 0.635176 Binding: 0.02 -0.26 0.88 0.48 0.08 0.24 -0.34 0.84 -0.37 -0.36 -0.13  Rvol: 0.64 1.07 1.49 -0.33 -0.34 -0.16 0.06 0.14 0.79 1.28 1.69 -0.28 -0.18 0.05 0.26 
Loss: 2.122653  SIA Ef: 0.038950 Binding: -0.08 -0.53 0.56 0.26 -0.22 0.23 -0.37 0.77 -0.36 -0.40 -0.23  Rvol: 0.63 1.03 1.43 -0.33 -0.38 -0.21 -0.01 0.14 0.76 1.26 1.63 -0.28 -0.20 -0.00 0.19 
Loss: 4.321298  SIA Ef: 1.206878 Binding: 0.01 -0.50 0.94 0.33 -0.21 0.13 -0.43 0.64 -0.43 -0.42 -0.39  Rvol: 0.69 1.15 1.56 -0.33 -0.39 -0.23 0.02 0.14 0.81 1.38 1.80 -0.28 -0.21 -0.00 0.23 
Loss: 3.019694  SIA Ef: 0.620358 Binding: -0.05 -0.65 0.67 0.27 -0.23 0.19 -0.44 0.81 -0.38 -0.39 -0.30  Rvol: 0.66 1.09 1.51 -0.33 -0.38 -0.21 0.01 0.14 0.78 1.31 1.70 -0.28 -0.21 0.00 0.21 
Loss: 1.720995  SIA Ef: 0.009099 Binding: -0.10 -0.50 0.39 0.22 -0.25 0.25 -0.31 0.71 -0.32 -0.37 -0.20  Rvol: 0.62 1.02 1.42 -0.33 -0.38 -0.21 -0.00 0.14 0.75 1.23 1.60 -0.28 -0.20 -0.00 0.19 
Loss: 1.895724  SIA Ef: -0.841482 Binding: -0.19 -0.36 -0.08 0.09 -0.25 0.32 -0.44 0.54 -0.19 -0.35 -0.19  Rvol: 0.58 0.93 1.30 -0.33 -0.38 -0.22 -0.02 0.14 0.72 1.16 1.47 -0.28 -0.20 -0.02 0.15 
Loss: 1.726642  SIA Ef: 0.011928 Binding: -0.11 -0.50 0.40 0.22 -0.25 0.25 -0.31 0.72 -0.32 -0.37 -0.20  Rvol: 0.62 1.02 1.42 -0.33 -0.38 -0.21 -0.00 0.14 0.75 1.23 1.60 -0.28 -0.20 -0.00 0.19 
Loss: 1.740586  SIA Ef: 0.132189 Binding: -0.07 -0.34 0.52 0.32 -0.10 0.26 -0.35 0.73 -0.32 -0.36 -0.16  Rvol: 0.62 1.02 1.43 -0.33 -0.36 -0.18 0.02 0.14 0.76 1.25 1.61 -0.28 -0.19 0.02 0.21 
Loss: 2.343757  SIA Ef: 0.035715 Binding: -0.05 -0.51 0.72 0.32 -0.15 0.22 -0.40 0.78 -0.37 -0.39 -0.25  Rvol: 0.63 1.04 1.43 -0.33 -0.38 -0.22 -0.01 0.14 0.76 1.25 1.62 -0.28 -0.21 -0.01 0.18 
Loss: 1.483249  SIA Ef: 0.114933 Binding: -0.18 -0.47 -0.17 0.05 -0.42 0.31 -0.42 0.60 -0.19 -0.33 -0.09  Rvol: 0.62 1.01 1.41 -0.33 -0.38 -0.19 0.02 0.14 0.76 1.24 1.59 -0.28 -0.18 0.01 0.21 
Loss: 1.431683  SIA Ef: 0.009801 Binding: -0.20 -0.44 -0.29 0.02 -0.35 0.32 -0.42 0.58 -0.16 -0.34 -0.15  Rvol: 0.61 1.00 1.39 -0.33 -0.38 -0.19 0.04 0.14 0.75 1.23 1.57 -0.28 -0.17 0.01 0.21 
Loss: 1.510085  SIA Ef: -0.019623 Binding: -0.21 -0.47 -0.32 -0.01 -0.38 0.34 -0.38 0.64 -0.14 -0.31 -0.09  Rvol: 0.61 1.00 1.39 -0.33 -0.38 -0.19 0.03 0.14 0.75 1.23 1.56 -0.28 -0.17 0.01 0.21 
Loss: 1.495859  SIA Ef: -0.045372 Binding: -0.28 -0.44 -0.42 -0.06 -0.42 0.33 -0.42 0.46 -0.12 -0.35 -0.20  Rvol: 0.60 0.99 1.40 -0.33 -0.38 -0.18 0.05 0.14 0.75 1.22 1.55 -0.28 -0.17 0.02 0.22 
Loss: 1.432824  SIA Ef: 0.006876 Binding: -0.20 -0.44 -0.29 0.02 -0.36 0.32 -0.42 0.58 -0.16 -0.34 -0.15  Rvol: 0.61 1.00 1.39 -0.33 -0.38 -0.19 0.04 0.14 0.75 1.23 1.57 -0.28 -0.18 0.01 0.21 
Loss: 1.443249  SIA Ef: 0.023080 Binding: -0.21 -0.43 -0.34 0.00 -0.35 0.36 -0.34 0.66 -0.11 -0.26 -0.05  Rvol: 0.61 1.00 1.39 -0.33 -0.38 -0.19 0.04 0.14 0.75 1.23 1.56 -0.28 -0.17 0.01 0.22 
Loss: 1.780952  SIA Ef: 0.461148 Binding: -0.17 -0.46 -0.38 0.00 -0.37 0.30 -0.46 0.55 -0.17 -0.36 -0.18  Rvol: 0.63 1.03 1.45 -0.33 -0.38 -0.18 0.06 0.14 0.77 1.27 1.62 -0.28 -0.17 0.02 0.24 
Loss: 1.539699  SIA Ef: -0.395315 Binding: -0.26 -0.28 -0.60 -0.06 -0.32 0.36 -0.39 0.42 -0.05 -0.33 -0.18  Rvol: 0.59 0.97 1.36 -0.33 -0.39 -0.19 0.03 0.14 0.74 1.19 1.50 -0.28 -0.17 0.00 0.20 
Loss: 1.534040  SIA Ef: -0.019079 Binding: -0.21 -0.48 -0.32 -0.01 -0.40 0.32 -0.42 0.58 -0.16 -0.34 -0.15  Rvol: 0.61 1.00 1.39 -0.33 -0.39 -0.20 0.03 0.14 0.75 1.23 1.57 -0.28 -0.18 0.01 0.21 
Loss: 1.396929  SIA Ef: 0.081772 Binding: -0.19 -0.42 -0.29 0.03 -0.33 0.32 -0.41 0.58 -0.16 -0.34 -0.15  Rvol: 0.61 1.00 1.40 -0.33 -0.38 -0.18 0.05 0.14 0.76 1.24 1.57 -0.28 -0.17 0.02 0.22 
Loss: 1.393887  SIA Ef: 0.079146 Binding: -0.19 -0.42 -0.29 0.03 -0.33 0.32 -0.41 0.58 -0.16 -0.34 -0.15  Rvol: 0.61 1.01 1.40 -0.33 -0.38 -0.18 0.04 0.14 0.76 1.24 1.57 -0.28 -0.17 0.02 0.22 
Loss: 1.414365  SIA Ef: 0.127775 Binding: -0.14 -0.40 0.02 0.14 -0.31 0.29 -0.44 0.64 -0.24 -0.36 -0.11  Rvol: 0.62 1.02 1.41 -0.33 -0.37 -0.18 0.02 0.14 0.76 1.26 1.59 -0.28 -0.18 0.02 0.22 
Loss: 1.384240  SIA Ef: 0.109369 Binding: -0.17 -0.41 -0.26 0.05 -0.31 0.32 -0.41 0.60 -0.17 -0.33 -0.14  Rvol: 0.62 1.01 1.41 -0.33 -0.38 -0.19 0.04 0.14 0.76 1.25 1.58 -0.28 -0.17 0.02 0.22 
Loss: 1.480497  SIA Ef: 0.371594 Binding: -0.16 -0.38 -0.25 0.07 -0.28 0.31 -0.41 0.60 -0.17 -0.34 -0.14  Rvol: 0.63 1.03 1.44 -0.33 -0.37 -0.17 0.06 0.14 0.77 1.27 1.61 -0.28 -0.17 0.03 0.24 
Loss: 1.366053  SIA Ef: 0.040184 Binding: -0.18 -0.39 -0.32 0.03 -0.31 0.32 -0.41 0.59 -0.15 -0.33 -0.14  Rvol: 0.61 1.00 1.40 -0.33 -0.38 -0.19 0.04 0.14 0.75 1.24 1.57 -0.28 -0.17 0.02 0.22 
Loss: 1.342223  SIA Ef: -0.309791 Binding: -0.23 -0.21 -0.57 -0.02 -0.24 0.36 -0.38 0.43 -0.06 -0.32 -0.16  Rvol: 0.59 0.97 1.37 -0.33 -0.38 -0.18 0.04 0.14 0.74 1.20 1.51 -0.28 -0.17 0.01 0.21 
Loss: 1.347109  SIA Ef: -0.314106 Binding: -0.23 -0.22 -0.55 -0.02 -0.24 0.35 -0.40 0.42 -0.07 -0.34 -0.19  Rvol: 0.59 0.97 1.37 -0.33 -0.38 -0.19 0.04 0.14 0.74 1.20 1.51 -0.28 -0.17 0.01 0.21 
Loss: 1.360555  SIA Ef: -0.353810 Binding: -0.38 -0.07 -0.59 -0.03 -0.25 0.38 -0.20 0.48 -0.02 -0.28 -0.10  Rvol: 0.59 0.94 1.36 -0.33 -0.38 -0.18 0.04 0.14 0.74 1.19 1.50 -0.28 -0.17 0.01 0.21 
Loss: 1.629694  SIA Ef: -0.542724 Binding: -0.39 -0.07 -0.68 -0.06 -0.26 0.37 -0.24 0.41 -0.02 -0.32 -0.17  Rvol: 0.58 0.93 1.34 -0.33 -0.39 -0.19 0.03 0.14 0.73 1.18 1.48 -0.28 -0.17 -0.00 0.19 
Loss: 1.366601  SIA Ef: -0.341616 Binding: -0.24 -0.21 -0.57 -0.02 -0.25 0.36 -0.38 0.43 -0.06 -0.32 -0.16  Rvol: 0.59 0.97 1.36 -0.33 -0.38 -0.19 0.04 0.14 0.74 1.19 1.51 -0.28 -0.17 0.01 0.21 
Loss: 1.378542  SIA Ef: -0.327634 Binding: -0.38 -0.07 -0.62 -0.04 -0.26 0.36 -0.24 0.42 -0.04 -0.32 -0.16  Rvol: 0.59 0.95 1.37 -0.33 -0.38 -0.19 0.04 0.14 0.74 1.19 1.50 -0.28 -0.17 0.01 0.21 
Loss: 1.254749  SIA Ef: -0.320538 Binding: -0.21 -0.22 -0.46 0.02 -0.22 0.35 -0.39 0.46 -0.09 -0.33 -0.17  Rvol: 0.59 0.97 1.37 -0.33 -0.38 -0.19 0.04 0.14 0.74 1.20 1.51 -0.28 -0.17 0.01 0.21 
Loss: 1.143037  SIA Ef: -0.238568 Binding: -0.20 -0.19 -0.40 0.05 -0.19 0.34 -0.39 0.46 -0.11 -0.33 -0.17  Rvol: 0.59 0.98 1.37 -0.33 -0.37 -0.18 0.04 0.14 0.74 1.21 1.52 -0.28 -0.17 0.02 0.21 
Loss: 1.068613  SIA Ef: -0.193581 Binding: -0.17 -0.17 -0.30 0.10 -0.15 0.33 -0.41 0.48 -0.14 -0.34 -0.17  Rvol: 0.60 0.98 1.37 -0.33 -0.37 -0.18 0.05 0.14 0.74 1.22 1.53 -0.28 -0.17 0.02 0.22 
Loss: 1.047194  SIA Ef: -0.161518 Binding: -0.17 -0.15 -0.32 0.09 -0.14 0.34 -0.40 0.47 -0.13 -0.34 -0.17  Rvol: 0.60 0.98 1.38 -0.33 -0.37 -0.18 0.05 0.14 0.74 1.22 1.53 -0.28 -0.16 0.02 0.22 
Loss: 1.042651  SIA Ef: -0.166361 Binding: -0.17 -0.15 -0.29 0.11 -0.13 0.33 -0.41 0.48 -0.14 -0.34 -0.17  Rvol: 0.60 0.98 1.38 -0.33 -0.37 -0.18 0.05 0.14 0.74 1.22 1.53 -0.28 -0.17 0.02 0.22 
Loss: 1.041312  SIA Ef: -0.169933 Binding: -0.17 -0.15 -0.29 0.11 -0.13 0.33 -0.41 0.48 -0.14 -0.34 -0.17  Rvol: 0.60 0.98 1.38 -0.33 -0.37 -0.18 0.05 0.14 0.74 1.22 1.53 -0.28 -0.17 0.02 0.22 
Loss: 1.020944  SIA Ef: -0.182210 Binding: -0.16 -0.13 -0.28 0.12 -0.11 0.33 -0.41 0.47 -0.14 -0.34 -0.18  Rvol: 0.60 0.98 1.37 -0.33 -0.37 -0.17 0.05 0.14 0.74 1.22 1.53 -0.28 -0.17 0.02 0.22 
Loss: 0.991735  SIA Ef: -0.238984 Binding: -0.31 0.01 -0.32 0.10 -0.11 0.34 -0.27 0.45 -0.12 -0.34 -0.18  Rvol: 0.59 0.95 1.36 -0.33 -0.37 -0.17 0.05 0.14 0.74 1.21 1.52 -0.28 -0.17 0.02 0.22 
Loss: 1.019802  SIA Ef: -0.084965 Binding: -0.16 -0.18 -0.20 0.13 -0.13 0.33 -0.42 0.49 -0.16 -0.34 -0.18  Rvol: 0.60 0.98 1.38 -0.33 -0.36 -0.17 0.05 0.14 0.75 1.23 1.54 -0.28 -0.17 0.03 0.22 
Loss: 0.991536  SIA Ef: -0.242209 Binding: -0.31 0.01 -0.33 0.10 -0.11 0.35 -0.26 0.46 -0.11 -0.32 -0.16  Rvol: 0.59 0.95 1.36 -0.33 -0.37 -0.17 0.05 0.14 0.74 1.21 1.52 -0.28 -0.17 0.02 0.22 
Loss: 1.002248  SIA Ef: -0.264490 Binding: -0.31 0.02 -0.33 0.10 -0.12 0.35 -0.26 0.47 -0.11 -0.32 -0.14  Rvol: 0.59 0.95 1.36 -0.33 -0.36 -0.17 0.04 0.14 0.74 1.21 1.51 -0.28 -0.16 0.02 0.22 
Loss: 0.982093  SIA Ef: -0.203094 Binding: -0.31 0.02 -0.36 0.10 -0.11 0.35 -0.26 0.45 -0.10 -0.32 -0.16  Rvol: 0.59 0.95 1.37 -0.33 -0.36 -0.17 0.05 0.14 0.74 1.21 1.52 -0.28 -0.16 0.02 0.22 
Loss: 1.005500  SIA Ef: -0.284094 Binding: -0.30 0.07 -0.39 0.10 -0.07 0.36 -0.27 0.42 -0.09 -0.32 -0.17  Rvol: 0.59 0.94 1.35 -0.33 -0.36 -0.17 0.05 0.14 0.74 1.20 1.50 -0.28 -0.16 0.02 0.22 
Loss: 1.129076  SIA Ef: -0.294733 Binding: -0.34 0.03 -0.53 0.04 -0.13 0.37 -0.25 0.40 -0.04 -0.31 -0.16  Rvol: 0.59 0.94 1.35 -0.33 -0.37 -0.17 0.05 0.14 0.74 1.19 1.50 -0.28 -0.16 0.02 0.22 
Loss: 0.985836  SIA Ef: -0.223091 Binding: -0.31 0.02 -0.34 0.10 -0.12 0.35 -0.26 0.46 -0.11 -0.32 -0.16  Rvol: 0.59 0.95 1.37 -0.33 -0.36 -0.17 0.05 0.14 0.74 1.21 1.52 -0.28 -0.16 0.02 0.22 
Loss: 0.979723  SIA Ef: -0.204208 Binding: -0.31 0.02 -0.35 0.10 -0.11 0.35 -0.26 0.45 -0.11 -0.32 -0.16  Rvol: 0.59 0.95 1.37 -0.33 -0.36 -0.17 0.05 0.14 0.74 1.21 1.52 -0.28 -0.16 0.02 0.22 
Loss: 0.984706  SIA Ef: -0.204771 Binding: -0.31 0.02 -0.36 0.10 -0.12 0.35 -0.26 0.45 -0.10 -0.32 -0.16  Rvol: 0.59 0.95 1.37 -0.33 -0.36 -0.17 0.05 0.14 0.74 1.21 1.52 -0.28 -0.16 0.02 0.22 
Loss: 0.994431  SIA Ef: -0.221632 Binding: -0.31 0.02 -0.37 0.09 -0.11 0.35 -0.26 0.45 -0.10 -0.32 -0.16  Rvol: 0.59 0.95 1.37 -0.33 -0.36 -0.17 0.05 0.14 0.74 1.21 1.52 -0.28 -0.16 0.02 0.22 
Loss: 0.949801  SIA Ef: -0.132087 Binding: -0.31 0.00 -0.29 0.11 -0.12 0.34 -0.26 0.48 -0.13 -0.33 -0.16  Rvol: 0.60 0.96 1.38 -0.33 -0.36 -0.17 0.05 0.14 0.75 1.22 1.53 -0.28 -0.16 0.03 0.22 
Loss: 0.951478  SIA Ef: -0.104094 Binding: -0.31 -0.01 -0.30 0.11 -0.13 0.34 -0.26 0.47 -0.12 -0.33 -0.16  Rvol: 0.60 0.96 1.38 -0.33 -0.36 -0.17 0.06 0.14 0.75 1.22 1.53 -0.28 -0.16 0.03 0.23 
Loss: 0.947822  SIA Ef: -0.129723 Binding: -0.31 0.00 -0.29 0.11 -0.11 0.34 -0.27 0.47 -0.13 -0.33 -0.17  Rvol: 0.60 0.96 1.38 -0.33 -0.36 -0.17 0.05 0.14 0.75 1.22 1.53 -0.28 -0.16 0.03 0.22 
Loss: 0.926784  SIA Ef: -0.121215 Binding: -0.30 0.02 -0.25 0.13 -0.10 0.34 -0.27 0.47 -0.14 -0.33 -0.17  Rvol: 0.60 0.96 1.38 -0.33 -0.36 -0.17 0.06 0.14 0.75 1.22 1.53 -0.28 -0.16 0.03 0.23 
Loss: 0.972249  SIA Ef: -0.027370 Binding: -0.15 -0.13 -0.16 0.16 -0.09 0.33 -0.40 0.51 -0.16 -0.33 -0.16  Rvol: 0.60 0.98 1.39 -0.33 -0.36 -0.17 0.06 0.14 0.75 1.23 1.55 -0.28 -0.17 0.03 0.23 
Loss: 0.926703  SIA Ef: -0.122934 Binding: -0.30 0.02 -0.26 0.13 -0.10 0.34 -0.27 0.48 -0.13 -0.32 -0.16  Rvol: 0.60 0.96 1.38 -0.33 -0.36 -0.17 0.06 0.14 0.75 1.22 1.53 -0.28 -0.16 0.03 0.23 
Loss: 0.936403  SIA Ef: -0.153327 Binding: -0.30 0.02 -0.28 0.12 -0.10 0.34 -0.27 0.47 -0.12 -0.33 -0.16  Rvol: 0.59 0.96 1.37 -0.33 -0.36 -0.17 0.05 0.14 0.74 1.22 1.53 -0.28 -0.16 0.03 0.23 
Loss: 0.926482  SIA Ef: -0.120860 Binding: -0.30 0.02 -0.26 0.13 -0.10 0.34 -0.27 0.48 -0.13 -0.32 -0.16  Rvol: 0.60 0.96 1.38 -0.33 -0.36 -0.17 0.06 0.14 0.75 1.22 1.53 -0.28 -0.16 0.03 0.23 
Loss: 0.932713  SIA Ef: -0.162635 Binding: -0.30 0.01 -0.22 0.14 -0.10 0.34 -0.27 0.49 -0.14 -0.33 -0.16  Rvol: 0.60 0.96 1.37 -0.33 -0.36 -0.17 0.05 0.14 0.74 1.22 1.53 -0.28 -0.17 0.03 0.22 
Loss: 0.926788  SIA Ef: -0.116619 Binding: -0.30 0.02 -0.26 0.13 -0.10 0.34 -0.26 0.48 -0.13 -0.32 -0.16  Rvol: 0.60 0.96 1.38 -0.33 -0.36 -0.17 0.06 0.14 0.75 1.22 1.53 -0.28 -0.16 0.03 0.23 
Loss: 0.932738  SIA Ef: -0.146963 Binding: -0.30 0.02 -0.29 0.12 -0.10 0.34 -0.27 0.46 -0.12 -0.33 -0.17  Rvol: 0.59 0.96 1.37 -0.33 -0.36 -0.17 0.06 0.14 0.74 1.21 1.53 -0.28 -0.16 0.03 0.23 
Loss: 0.927545  SIA Ef: -0.136027 Binding: -0.30 0.02 -0.26 0.13 -0.09 0.34 -0.26 0.48 -0.13 -0.32 -0.16  Rvol: 0.60 0.96 1.37 -0.33 -0.36 -0.17 0.05 0.14 0.74 1.22 1.53 -0.28 -0.16 0.03 0.23 
Loss: 0.926459  SIA Ef: -0.128112 Binding: -0.30 0.02 -0.26 0.13 -0.09 0.34 -0.27 0.48 -0.13 -0.33 -0.16  Rvol: 0.60 0.96 1.37 -0.33 -0.36 -0.17 0.05 0.14 0.75 1.22 1.53 -0.28 -0.16 0.03 0.23 
Loss: 0.933974  SIA Ef: -0.158025 Binding: -0.30 0.03 -0.28 0.13 -0.09 0.35 -0.27 0.47 -0.12 -0.32 -0.16  Rvol: 0.59 0.96 1.37 -0.33 -0.36 -0.17 0.05 0.14 0.74 1.22 1.53 -0.28 -0.16 0.03 0.23 
Loss: 0.919564  SIA Ef: -0.117614 Binding: -0.29 0.02 -0.24 0.14 -0.09 0.34 -0.26 0.48 -0.14 -0.33 -0.16  Rvol: 0.60 0.96 1.38 -0.33 -0.36 -0.17 0.06 0.14 0.75 1.22 1.53 -0.28 -0.16 0.03 0.23 
Loss: 0.910365  SIA Ef: -0.072664 Binding: -0.29 0.02 -0.20 0.15 -0.08 0.34 -0.26 0.50 -0.15 -0.33 -0.16  Rvol: 0.60 0.97 1.38 -0.33 -0.36 -0.17 0.06 0.14 0.75 1.22 1.54 -0.28 -0.17 0.03 0.23 
Loss: 0.906341  SIA Ef: -0.061185 Binding: -0.28 0.02 -0.19 0.16 -0.08 0.33 -0.26 0.50 -0.15 -0.33 -0.16  Rvol: 0.60 0.97 1.38 -0.33 -0.36 -0.17 0.06 0.14 0.75 1.23 1.54 -0.28 -0.17 0.03 0.23 
Loss: 0.902884  SIA Ef: -0.056036 Binding: -0.28 0.02 -0.19 0.16 -0.08 0.33 -0.26 0.49 -0.15 -0.33 -0.16  Rvol: 0.60 0.97 1.38 -0.33 -0.36 -0.16 0.06 0.14 0.75 1.23 1.54 -0.28 -0.17 0.03 0.23 
Loss: 0.902825  SIA Ef: -0.058281 Binding: -0.28 0.02 -0.15 0.17 -0.07 0.33 -0.26 0.50 -0.16 -0.33 -0.16  Rvol: 0.60 0.97 1.38 -0.33 -0.36 -0.17 0.06 0.14 0.75 1.23 1.54 -0.28 -0.17 0.03 0.23 
Loss: 0.902227  SIA Ef: -0.059295 Binding: -0.28 0.02 -0.15 0.17 -0.07 0.33 -0.26 0.51 -0.16 -0.33 -0.16  Rvol: 0.60 0.97 1.38 -0.33 -0.36 -0.17 0.06 0.14 0.75 1.23 1.54 -0.28 -0.17 0.03 0.23 
Loss: 0.896897  SIA Ef: -0.046711 Binding: -0.28 0.02 -0.14 0.18 -0.07 0.33 -0.25 0.51 -0.16 -0.33 -0.16  Rvol: 0.60 0.97 1.38 -0.33 -0.36 -0.16 0.06 0.14 0.75 1.23 1.55 -0.28 -0.17 0.03 0.23 
Loss: 0.944331  SIA Ef: -0.017529 Binding: -0.13 -0.11 -0.12 0.19 -0.06 0.33 -0.38 0.52 -0.17 -0.33 -0.16  Rvol: 0.60 0.99 1.39 -0.33 -0.36 -0.16 0.06 0.14 0.75 1.23 1.55 -0.28 -0.17 0.03 0.23 
Loss: 0.898101  SIA Ef: -0.039566 Binding: -0.28 0.02 -0.14 0.17 -0.07 0.33 -0.26 0.51 -0.16 -0.33 -0.16  Rvol: 0.60 0.97 1.38 -0.33 -0.36 -0.16 0.06 0.14 0.75 1.23 1.55 -0.28 -0.17 0.03 0.23 
Loss: 0.897399  SIA Ef: -0.034961 Binding: -0.28 0.02 -0.14 0.17 -0.07 0.33 -0.25 0.51 -0.16 -0.33 -0.16  Rvol: 0.60 0.97 1.38 -0.33 -0.36 -0.16 0.06 0.14 0.75 1.23 1.55 -0.28 -0.17 0.03 0.23 
Loss: 0.897256  SIA Ef: -0.044469 Binding: -0.28 0.02 -0.14 0.18 -0.07 0.33 -0.25 0.51 -0.16 -0.33 -0.16  Rvol: 0.60 0.97 1.38 -0.33 -0.36 -0.16 0.06 0.14 0.75 1.23 1.55 -0.28 -0.17 0.03 0.23 
Loss: 0.898981  SIA Ef: -0.033032 Binding: -0.28 0.02 -0.14 0.17 -0.07 0.33 -0.25 0.51 -0.16 -0.33 -0.16  Rvol: 0.60 0.97 1.38 -0.33 -0.36 -0.16 0.06 0.14 0.75 1.23 1.55 -0.28 -0.17 0.03 0.23 
Loss: 0.895327  SIA Ef: -0.051083 Binding: -0.28 0.03 -0.14 0.17 -0.06 0.33 -0.25 0.51 -0.16 -0.33 -0.16  Rvol: 0.60 0.97 1.38 -0.33 -0.36 -0.16 0.06 0.14 0.75 1.23 1.54 -0.28 -0.17 0.03 0.23 
Loss: 0.894196  SIA Ef: -0.098175 Binding: -0.28 0.03 -0.18 0.17 -0.06 0.34 -0.26 0.49 -0.15 -0.33 -0.16  Rvol: 0.60 0.96 1.38 -0.33 -0.36 -0.16 0.06 0.14 0.75 1.22 1.54 -0.28 -0.17 0.03 0.23 
Loss: 0.894935  SIA Ef: -0.101425 Binding: -0.28 0.03 -0.17 0.17 -0.06 0.34 -0.26 0.49 -0.15 -0.33 -0.16  Rvol: 0.60 0.96 1.38 -0.33 -0.36 -0.16 0.06 0.14 0.75 1.22 1.54 -0.28 -0.17 0.03 0.23 
Loss: 0.895931  SIA Ef: -0.093326 Binding: -0.28 0.03 -0.18 0.16 -0.07 0.34 -0.26 0.49 -0.15 -0.33 -0.16  Rvol: 0.60 0.96 1.38 -0.33 -0.36 -0.16 0.06 0.14 0.75 1.22 1.54 -0.28 -0.16 0.03 0.23 
Loss: 0.891003  SIA Ef: -0.101494 Binding: -0.28 0.04 -0.18 0.17 -0.06 0.34 -0.26 0.49 -0.15 -0.33 -0.16  Rvol: 0.60 0.96 1.37 -0.33 -0.36 -0.16 0.06 0.14 0.75 1.22 1.54 -0.28 -0.16 0.03 0.23 
Loss: 0.888145  SIA Ef: -0.103806 Binding: -0.28 0.04 -0.18 0.17 -0.05 0.34 -0.26 0.49 -0.15 -0.33 -0.16  Rvol: 0.60 0.96 1.37 -0.33 -0.36 -0.16 0.06 0.14 0.75 1.22 1.53 -0.28 -0.16 0.03 0.23 
Loss: 0.885121  SIA Ef: -0.104241 Binding: -0.28 0.05 -0.18 0.17 -0.05 0.34 -0.26 0.49 -0.15 -0.33 -0.16  Rvol: 0.60 0.96 1.37 -0.33 -0.36 -0.16 0.06 0.14 0.75 1.22 1.53 -0.28 -0.16 0.03 0.23 
Loss: 0.883346  SIA Ef: -0.108858 Binding: -0.27 0.05 -0.18 0.17 -0.04 0.34 -0.25 0.49 -0.15 -0.33 -0.16  Rvol: 0.60 0.96 1.37 -0.33 -0.36 -0.16 0.06 0.14 0.75 1.22 1.53 -0.28 -0.16 0.03 0.23 
Loss: 0.881092  SIA Ef: -0.110556 Binding: -0.27 0.06 -0.17 0.18 -0.04 0.34 -0.25 0.48 -0.15 -0.33 -0.16  Rvol: 0.60 0.96 1.37 -0.33 -0.36 -0.16 0.06 0.14 0.75 1.22 1.53 -0.28 -0.16 0.03 0.23 
Loss: 0.880236  SIA Ef: -0.110470 Binding: -0.27 0.06 -0.18 0.17 -0.04 0.34 -0.26 0.48 -0.14 -0.33 -0.17  Rvol: 0.60 0.96 1.37 -0.33 -0.36 -0.16 0.06 0.14 0.75 1.22 1.53 -0.28 -0.16 0.03 0.23 
Loss: 0.878442  SIA Ef: -0.103130 Binding: -0.27 0.06 -0.18 0.18 -0.03 0.34 -0.26 0.48 -0.15 -0.33 -0.17  Rvol: 0.60 0.96 1.37 -0.33 -0.35 -0.16 0.06 0.14 0.75 1.22 1.53 -0.28 -0.16 0.03 0.23 
Loss: 0.877074  SIA Ef: -0.096632 Binding: -0.27 0.06 -0.18 0.18 -0.03 0.34 -0.26 0.48 -0.15 -0.33 -0.17  Rvol: 0.60 0.96 1.37 -0.33 -0.35 -0.16 0.06 0.14 0.75 1.22 1.53 -0.28 -0.16 0.03 0.23 
Loss: 0.877970  SIA Ef: -0.106753 Binding: -0.27 0.06 -0.18 0.17 -0.04 0.34 -0.26 0.48 -0.14 -0.33 -0.16  Rvol: 0.60 0.96 1.37 -0.33 -0.35 -0.16 0.06 0.14 0.75 1.22 1.53 -0.28 -0.16 0.03 0.23 
Loss: 0.874751  SIA Ef: -0.081067 Binding: -0.27 0.06 -0.17 0.18 -0.03 0.34 -0.25 0.48 -0.15 -0.33 -0.16  Rvol: 0.60 0.96 1.37 -0.33 -0.35 -0.16 0.06 0.14 0.75 1.22 1.54 -0.28 -0.16 0.03 0.23 
Loss: 0.874285  SIA Ef: -0.082604 Binding: -0.27 0.06 -0.16 0.18 -0.03 0.34 -0.25 0.49 -0.15 -0.33 -0.16  Rvol: 0.60 0.96 1.37 -0.33 -0.35 -0.16 0.06 0.14 0.75 1.22 1.54 -0.28 -0.16 0.03 0.23 
Loss: 0.874239  SIA Ef: -0.081815 Binding: -0.27 0.06 -0.16 0.18 -0.03 0.34 -0.25 0.49 -0.15 -0.33 -0.16  Rvol: 0.60 0.96 1.37 -0.33 -0.35 -0.16 0.06 0.14 0.75 1.22 1.54 -0.28 -0.16 0.03 0.23 
Loss: 0.872292  SIA Ef: -0.063831 Binding: -0.27 0.06 -0.15 0.19 -0.03 0.34 -0.25 0.49 -0.15 -0.33 -0.16  Rvol: 0.60 0.97 1.38 -0.33 -0.35 -0.16 0.06 0.14 0.75 1.22 1.54 -0.28 -0.16 0.04 0.23 
Loss: 0.871181  SIA Ef: -0.054066 Binding: -0.26 0.06 -0.14 0.19 -0.03 0.34 -0.25 0.49 -0.16 -0.33 -0.16  Rvol: 0.60 0.97 1.38 -0.33 -0.35 -0.16 0.06 0.14 0.75 1.22 1.54 -0.28 -0.16 0.04 0.24 
Loss: 0.873219  SIA Ef: -0.041690 Binding: -0.26 0.06 -0.13 0.20 -0.03 0.33 -0.25 0.50 -0.16 -0.33 -0.16  Rvol: 0.60 0.97 1.38 -0.33 -0.35 -0.16 0.06 0.14 0.75 1.22 1.54 -0.28 -0.16 0.04 0.24 
Loss: 0.870704  SIA Ef: -0.053671 Binding: -0.26 0.06 -0.14 0.19 -0.03 0.34 -0.25 0.49 -0.15 -0.33 -0.16  Rvol: 0.60 0.97 1.38 -0.33 -0.35 -0.16 0.06 0.14 0.75 1.22 1.54 -0.28 -0.16 0.04 0.24 
Loss: 0.871121  SIA Ef: -0.039175 Binding: -0.26 0.06 -0.14 0.19 -0.03 0.34 -0.24 0.50 -0.15 -0.33 -0.15  Rvol: 0.60 0.97 1.38 -0.33 -0.35 -0.16 0.06 0.14 0.75 1.22 1.54 -0.28 -0.16 0.04 0.24 
Loss: 0.870614  SIA Ef: -0.053306 Binding: -0.26 0.06 -0.14 0.19 -0.03 0.34 -0.25 0.49 -0.15 -0.33 -0.16  Rvol: 0.60 0.97 1.38 -0.33 -0.35 -0.16 0.06 0.14 0.75 1.22 1.54 -0.28 -0.16 0.04 0.24 
Loss: 0.869534  SIA Ef: -0.052542 Binding: -0.26 0.07 -0.14 0.19 -0.03 0.34 -0.25 0.49 -0.15 -0.33 -0.16  Rvol: 0.60 0.97 1.38 -0.33 -0.35 -0.16 0.06 0.14 0.75 1.22 1.54 -0.28 -0.16 0.04 0.24 
Loss: 0.867922  SIA Ef: -0.063575 Binding: -0.26 0.07 -0.15 0.19 -0.02 0.34 -0.25 0.49 -0.15 -0.33 -0.16  Rvol: 0.60 0.96 1.38 -0.33 -0.35 -0.16 0.06 0.14 0.75 1.22 1.54 -0.28 -0.16 0.04 0.24 
Loss: 0.866394  SIA Ef: -0.069576 Binding: -0.26 0.07 -0.15 0.19 -0.02 0.34 -0.25 0.49 -0.15 -0.33 -0.16  Rvol: 0.60 0.96 1.37 -0.33 -0.35 -0.16 0.06 0.14 0.75 1.22 1.54 -0.28 -0.16 0.04 0.24 
Loss: 0.865612  SIA Ef: -0.077190 Binding: -0.26 0.08 -0.16 0.19 -0.02 0.34 -0.25 0.48 -0.15 -0.33 -0.16  Rvol: 0.60 0.96 1.37 -0.33 -0.35 -0.16 0.06 0.14 0.75 1.22 1.54 -0.28 -0.16 0.04 0.24 
Loss: 0.864844  SIA Ef: -0.074539 Binding: -0.26 0.08 -0.16 0.19 -0.02 0.34 -0.25 0.48 -0.15 -0.33 -0.16  Rvol: 0.60 0.96 1.37 -0.33 -0.35 -0.16 0.06 0.14 0.75 1.22 1.54 -0.28 -0.16 0.04 0.24 
Loss: 0.864940  SIA Ef: -0.083058 Binding: -0.27 0.08 -0.17 0.19 -0.02 0.34 -0.25 0.48 -0.14 -0.33 -0.16  Rvol: 0.60 0.96 1.37 -0.33 -0.35 -0.16 0.06 0.14 0.75 1.22 1.53 -0.28 -0.16 0.04 0.24 
Loss: 0.862189  SIA Ef: -0.079126 Binding: -0.26 0.08 -0.17 0.19 -0.02 0.34 -0.25 0.48 -0.14 -0.33 -0.16  Rvol: 0.60 0.96 1.37 -0.33 -0.35 -0.16 0.06 0.14 0.75 1.22 1.53 -0.28 -0.16 0.04 0.24 
Loss: 0.860045  SIA Ef: -0.079860 Binding: -0.26 0.09 -0.17 0.19 -0.01 0.34 -0.25 0.47 -0.14 -0.33 -0.16  Rvol: 0.60 0.96 1.37 -0.33 -0.35 -0.16 0.06 0.14 0.75 1.22 1.53 -0.28 -0.16 0.04 0.24 
Loss: 0.858774  SIA Ef: -0.081039 Binding: -0.26 0.09 -0.18 0.19 -0.01 0.34 -0.25 0.47 -0.14 -0.33 -0.16  Rvol: 0.60 0.96 1.37 -0.33 -0.35 -0.15 0.06 0.14 0.75 1.22 1.53 -0.28 -0.16 0.04 0.24 
Loss: 0.861631  SIA Ef: -0.097472 Binding: -0.26 0.10 -0.19 0.19 -0.00 0.34 -0.25 0.46 -0.14 -0.33 -0.17  Rvol: 0.59 0.96 1.37 -0.33 -0.35 -0.15 0.06 0.14 0.75 1.22 1.53 -0.28 -0.16 0.04 0.24 
Loss: 0.859180  SIA Ef: -0.087459 Binding: -0.26 0.09 -0.17 0.19 -0.01 0.34 -0.25 0.47 -0.14 -0.33 -0.16  Rvol: 0.59 0.96 1.37 -0.33 -0.35 -0.16 0.06 0.14 0.75 1.22 1.53 -0.28 -0.16 0.04 0.24 
Loss: 0.856416  SIA Ef: -0.069209 Binding: -0.26 0.09 -0.16 0.20 -0.01 0.34 -0.25 0.47 -0.15 -0.33 -0.16  Rvol: 0.60 0.96 1.37 -0.33 -0.35 -0.15 0.06 0.14 0.75 1.22 1.54 -0.28 -0.16 0.04 0.24 
Loss: 0.856221  SIA Ef: -0.067018 Binding: -0.26 0.09 -0.16 0.20 -0.01 0.34 -0.25 0.47 -0.15 -0.33 -0.16  Rvol: 0.60 0.96 1.37 -0.33 -0.35 -0.15 0.06 0.14 0.75 1.22 1.54 -0.28 -0.16 0.04 0.24 
Loss: 0.856064  SIA Ef: -0.070641 Binding: -0.26 0.09 -0.16 0.19 -0.01 0.34 -0.25 0.47 -0.14 -0.33 -0.16  Rvol: 0.60 0.96 1.37 -0.33 -0.35 -0.15 0.06 0.14 0.75 1.22 1.53 -0.28 -0.16 0.04 0.24 
Loss: 0.856250  SIA Ef: -0.054061 Binding: -0.26 0.08 -0.15 0.20 -0.01 0.34 -0.25 0.47 -0.15 -0.33 -0.16  Rvol: 0.60 0.96 1.37 -0.33 -0.35 -0.15 0.07 0.14 0.75 1.22 1.54 -0.28 -0.16 0.04 0.24 
Loss: 0.856223  SIA Ef: -0.072859 Binding: -0.26 0.09 -0.16 0.19 -0.01 0.34 -0.25 0.47 -0.14 -0.33 -0.16  Rvol: 0.60 0.96 1.37 -0.33 -0.35 -0.15 0.06 0.14 0.75 1.22 1.53 -0.28 -0.16 0.04 0.24 
Loss: 0.856450  SIA Ef: -0.058421 Binding: -0.26 0.09 -0.15 0.20 -0.01 0.34 -0.25 0.47 -0.15 -0.33 -0.16  Rvol: 0.60 0.96 1.37 -0.33 -0.35 -0.15 0.07 0.14 0.75 1.22 1.54 -0.28 -0.16 0.04 0.24 
Loss: 0.855799  SIA Ef: -0.070305 Binding: -0.26 0.09 -0.16 0.20 -0.01 0.34 -0.25 0.47 -0.15 -0.33 -0.16  Rvol: 0.60 0.96 1.37 -0.33 -0.35 -0.15 0.06 0.14 0.75 1.22 1.54 -0.28 -0.16 0.04 0.24 
Loss: 0.854950  SIA Ef: -0.062163 Binding: -0.26 0.09 -0.15 0.20 -0.01 0.34 -0.25 0.48 -0.15 -0.33 -0.16  Rvol: 0.60 0.96 1.37 -0.33 -0.35 -0.15 0.07 0.14 0.75 1.22 1.54 -0.28 -0.16 0.04 0.24 
Loss: 0.853610  SIA Ef: -0.063052 Binding: -0.26 0.09 -0.14 0.20 -0.00 0.34 -0.24 0.48 -0.15 -0.33 -0.16  Rvol: 0.60 0.96 1.37 -0.33 -0.35 -0.15 0.07 0.14 0.75 1.22 1.54 -0.28 -0.16 0.04 0.24 
Loss: 0.855980  SIA Ef: -0.056236 Binding: -0.26 0.08 -0.13 0.21 -0.00 0.34 -0.24 0.49 -0.15 -0.32 -0.16  Rvol: 0.60 0.96 1.37 -0.33 -0.35 -0.15 0.07 0.14 0.75 1.22 1.54 -0.28 -0.16 0.04 0.24 
Loss: 0.854023  SIA Ef: -0.067268 Binding: -0.26 0.09 -0.14 0.20 -0.00 0.34 -0.24 0.48 -0.15 -0.33 -0.16  Rvol: 0.60 0.96 1.37 -0.33 -0.35 -0.15 0.07 0.14 0.75 1.22 1.54 -0.28 -0.16 0.04 0.24 
Loss: 0.851826  SIA Ef: -0.068607 Binding: -0.26 0.09 -0.15 0.20 -0.00 0.34 -0.24 0.47 -0.14 -0.33 -0.16  Rvol: 0.60 0.96 1.37 -0.33 -0.35 -0.15 0.07 0.14 0.75 1.22 1.53 -0.28 -0.16 0.04 0.24 
Loss: 0.851484  SIA Ef: -0.070362 Binding: -0.26 0.10 -0.16 0.20 0.01 0.34 -0.24 0.47 -0.14 -0.32 -0.16  Rvol: 0.60 0.96 1.37 -0.33 -0.35 -0.15 0.07 0.14 0.75 1.22 1.53 -0.28 -0.16 0.04 0.24 
Loss: 0.851370  SIA Ef: -0.081399 Binding: -0.26 0.10 -0.15 0.20 0.01 0.34 -0.25 0.47 -0.14 -0.33 -0.16  Rvol: 0.59 0.96 1.37 -0.33 -0.35 -0.15 0.06 0.14 0.75 1.22 1.53 -0.28 -0.16 0.04 0.24 
Loss: 0.850836  SIA Ef: -0.077821 Binding: -0.26 0.10 -0.15 0.20 0.01 0.34 -0.25 0.47 -0.14 -0.33 -0.16  Rvol: 0.59 0.96 1.37 -0.33 -0.35 -0.15 0.06 0.14 0.75 1.22 1.53 -0.28 -0.16 0.04 0.24 
Loss: 0.849620  SIA Ef: -0.067177 Binding: -0.25 0.10 -0.14 0.21 0.01 0.34 -0.24 0.47 -0.15 -0.33 -0.16  Rvol: 0.60 0.96 1.37 -0.33 -0.35 -0.15 0.07 0.14 0.75 1.22 1.53 -0.28 -0.16 0.04 0.24 
Loss: 0.848997  SIA Ef: -0.058858 Binding: -0.25 0.10 -0.14 0.21 0.01 0.34 -0.24 0.47 -0.15 -0.33 -0.16  Rvol: 0.60 0.96 1.37 -0.33 -0.35 -0.15 0.07 0.14 0.75 1.22 1.54 -0.28 -0.16 0.04 0.24 
Loss: 0.848654  SIA Ef: -0.052306 Binding: -0.25 0.10 -0.14 0.21 0.01 0.34 -0.24 0.47 -0.15 -0.33 -0.16  Rvol: 0.60 0.96 1.37 -0.33 -0.35 -0.15 0.07 0.14 0.75 1.22 1.54 -0.28 -0.16 0.04 0.24 
Loss: 0.848454  SIA Ef: -0.049017 Binding: -0.25 0.10 -0.13 0.21 0.01 0.34 -0.24 0.47 -0.15 -0.33 -0.16  Rvol: 0.60 0.96 1.37 -0.33 -0.35 -0.15 0.07 0.14 0.75 1.22 1.54 -0.28 -0.16 0.04 0.24 
Loss: 0.848026  SIA Ef: -0.043446 Binding: -0.25 0.10 -0.13 0.21 0.00 0.34 -0.24 0.47 -0.15 -0.33 -0.16  Rvol: 0.60 0.96 1.37 -0.33 -0.35 -0.15 0.07 0.14 0.75 1.22 1.54 -0.28 -0.16 0.04 0.24 
Loss: 0.848236  SIA Ef: -0.047618 Binding: -0.25 0.10 -0.14 0.21 0.01 0.34 -0.24 0.47 -0.15 -0.33 -0.16  Rvol: 0.60 0.96 1.37 -0.33 -0.35 -0.15 0.07 0.14 0.75 1.22 1.54 -0.28 -0.16 0.04 0.24 
Loss: 0.848559  SIA Ef: -0.037519 Binding: -0.25 0.10 -0.14 0.21 0.01 0.34 -0.25 0.47 -0.15 -0.33 -0.16  Rvol: 0.60 0.96 1.37 -0.33 -0.35 -0.15 0.07 0.14 0.75 1.22 1.54 -0.28 -0.16 0.04 0.24 
Loss: 0.847582  SIA Ef: -0.043857 Binding: -0.25 0.10 -0.14 0.21 0.01 0.34 -0.24 0.47 -0.15 -0.33 -0.16  Rvol: 0.60 0.96 1.37 -0.33 -0.35 -0.15 0.07 0.14 0.75 1.22 1.54 -0.28 -0.16 0.04 0.24 
Loss: 0.849151  SIA Ef: -0.024168 Binding: -0.25 0.10 -0.12 0.22 0.01 0.34 -0.24 0.48 -0.15 -0.33 -0.16  Rvol: 0.60 0.96 1.38 -0.33 -0.35 -0.15 0.07 0.14 0.75 1.22 1.54 -0.28 -0.16 0.04 0.24 
Loss: 0.847240  SIA Ef: -0.049723 Binding: -0.25 0.10 -0.13 0.21 0.01 0.34 -0.24 0.47 -0.15 -0.33 -0.16  Rvol: 0.60 0.96 1.37 -0.33 -0.35 -0.15 0.07 0.14 0.75 1.22 1.54 -0.28 -0.16 0.04 0.24 
Loss: 0.847581  SIA Ef: -0.051007 Binding: -0.25 0.10 -0.13 0.21 0.01 0.34 -0.24 0.47 -0.15 -0.33 -0.16  Rvol: 0.60 0.96 1.37 -0.33 -0.35 -0.15 0.07 0.14 0.75 1.22 1.54 -0.28 -0.16 0.04 0.24 
Loss: 0.847612  SIA Ef: -0.056298 Binding: -0.25 0.10 -0.14 0.21 0.01 0.34 -0.24 0.47 -0.15 -0.33 -0.16  Rvol: 0.60 0.96 1.37 -0.33 -0.35 -0.15 0.07 0.14 0.75 1.22 1.54 -0.28 -0.16 0.04 0.24 
Loss: 0.847582  SIA Ef: -0.057559 Binding: -0.25 0.10 -0.14 0.21 0.01 0.34 -0.24 0.47 -0.15 -0.33 -0.16  Rvol: 0.60 0.96 1.37 -0.33 -0.35 -0.15 0.07 0.14 0.75 1.22 1.54 -0.28 -0.16 0.04 0.24 
Loss: 0.847319  SIA Ef: -0.049893 Binding: -0.25 0.10 -0.13 0.21 0.01 0.34 -0.24 0.47 -0.15 -0.33 -0.16  Rvol: 0.60 0.96 1.37 -0.33 -0.35 -0.15 0.07 0.14 0.75 1.22 1.54 -0.28 -0.16 0.04 0.24 
Loss: 0.847514  SIA Ef: -0.054548 Binding: -0.25 0.10 -0.14 0.21 0.01 0.34 -0.24 0.47 -0.15 -0.33 -0.16  Rvol: 0.60 0.96 1.37 -0.33 -0.35 -0.15 0.07 0.14 0.75 1.22 1.54 -0.28 -0.16 0.04 0.24 
Loss: 0.847325  SIA Ef: -0.051505 Binding: -0.25 0.10 -0.13 0.21 0.01 0.34 -0.24 0.47 -0.15 -0.33 -0.16  Rvol: 0.60 0.96 1.37 -0.33 -0.35 -0.15 0.07 0.14 0.75 1.22 1.54 -0.28 -0.16 0.04 0.24 
Loss: 0.847467  SIA Ef: -0.049941 Binding: -0.25 0.10 -0.14 0.21 0.01 0.34 -0.24 0.47 -0.15 -0.33 -0.16  Rvol: 0.60 0.96 1.37 -0.33 -0.35 -0.15 0.07 0.14 0.75 1.22 1.54 -0.28 -0.16 0.04 0.24 
Loss: 0.847063  SIA Ef: -0.041478 Binding: -0.25 0.10 -0.13 0.21 0.01 0.34 -0.24 0.47 -0.15 -0.33 -0.16  Rvol: 0.60 0.96 1.37 -0.33 -0.35 -0.15 0.07 0.14 0.75 1.22 1.54 -0.28 -0.16 0.04 0.24 
Loss: 0.846862  SIA Ef: -0.042499 Binding: -0.25 0.10 -0.13 0.21 0.01 0.34 -0.24 0.47 -0.15 -0.33 -0.16  Rvol: 0.60 0.96 1.37 -0.33 -0.35 -0.15 0.07 0.14 0.75 1.22 1.54 -0.28 -0.16 0.04 0.24 
Loss: 0.846724  SIA Ef: -0.044023 Binding: -0.25 0.10 -0.13 0.21 0.01 0.34 -0.24 0.47 -0.15 -0.33 -0.16  Rvol: 0.60 0.96 1.37 -0.33 -0.35 -0.15 0.07 0.14 0.75 1.22 1.54 -0.28 -0.16 0.04 0.24 
Loss: 0.846656  SIA Ef: -0.045800 Binding: -0.25 0.10 -0.13 0.21 0.01 0.34 -0.24 0.47 -0.15 -0.33 -0.16  Rvol: 0.60 0.96 1.37 -0.33 -0.35 -0.15 0.07 0.14 0.75 1.22 1.54 -0.28 -0.16 0.04 0.24 
Loss: 0.846794  SIA Ef: -0.047997 Binding: -0.25 0.10 -0.13 0.21 0.01 0.34 -0.24 0.47 -0.15 -0.33 -0.16  Rvol: 0.60 0.96 1.37 -0.33 -0.35 -0.15 0.07 0.14 0.75 1.22 1.54 -0.28 -0.16 0.04 0.24 
Loss: 0.846842  SIA Ef: -0.037570 Binding: -0.25 0.10 -0.13 0.21 0.01 0.34 -0.24 0.47 -0.15 -0.33 -0.16  Rvol: 0.60 0.96 1.37 -0.33 -0.35 -0.15 0.07 0.14 0.75 1.22 1.54 -0.28 -0.16 0.04 0.24 
Loss: 0.846711  SIA Ef: -0.046383 Binding: -0.25 0.10 -0.13 0.21 0.01 0.34 -0.24 0.47 -0.15 -0.33 -0.16  Rvol: 0.60 0.96 1.37 -0.33 -0.35 -0.15 0.07 0.14 0.75 1.22 1.54 -0.28 -0.16 0.04 0.24 
Loss: 0.846114  SIA Ef: -0.051154 Binding: -0.25 0.10 -0.13 0.21 0.01 0.34 -0.24 0.47 -0.15 -0.33 -0.16  Rvol: 0.60 0.96 1.37 -0.33 -0.35 -0.15 0.07 0.14 0.75 1.22 1.54 -0.28 -0.16 0.04 0.24 
Loss: 0.846140  SIA Ef: -0.053021 Binding: -0.25 0.11 -0.14 0.21 0.02 0.34 -0.24 0.47 -0.15 -0.33 -0.17  Rvol: 0.60 0.96 1.37 -0.33 -0.35 -0.15 0.07 0.14 0.75 1.22 1.54 -0.28 -0.16 0.04 0.24 
Loss: 0.846157  SIA Ef: -0.052245 Binding: -0.25 0.10 -0.13 0.21 0.01 0.34 -0.24 0.47 -0.15 -0.33 -0.16  Rvol: 0.60 0.96 1.37 -0.33 -0.35 -0.15 0.07 0.14 0.75 1.22 1.54 -0.28 -0.16 0.04 0.24 
Loss: 0.846073  SIA Ef: -0.054565 Binding: -0.25 0.10 -0.13 0.21 0.01 0.34 -0.24 0.47 -0.15 -0.33 -0.16  Rvol: 0.60 0.96 1.37 -0.33 -0.35 -0.15 0.07 0.14 0.75 1.22 1.54 -0.28 -0.16 0.04 0.24 
Loss: 0.846300  SIA Ef: -0.058150 Binding: -0.25 0.10 -0.14 0.21 0.01 0.34 -0.24 0.47 -0.15 -0.33 -0.16  Rvol: 0.60 0.96 1.37 -0.33 -0.35 -0.15 0.07 0.14 0.75 1.22 1.54 -0.28 -0.16 0.04 0.24 
Loss: 0.846133  SIA Ef: -0.057500 Binding: -0.25 0.10 -0.14 0.21 0.01 0.34 -0.24 0.47 -0.15 -0.33 -0.16  Rvol: 0.60 0.96 1.37 -0.33 -0.35 -0.15 0.07 0.14 0.75 1.22 1.54 -0.28 -0.16 0.04 0.24 
Loss: 0.846125  SIA Ef: -0.055663 Binding: -0.25 0.10 -0.13 0.21 0.01 0.34 -0.24 0.47 -0.15 -0.33 -0.16  Rvol: 0.60 0.96 1.37 -0.33 -0.35 -0.15 0.07 0.14 0.75 1.22 1.54 -0.28 -0.16 0.04 0.24 
Loss: 0.845636  SIA Ef: -0.047466 Binding: -0.25 0.10 -0.13 0.21 0.01 0.34 -0.24 0.47 -0.15 -0.33 -0.16  Rvol: 0.60 0.96 1.37 -0.33 -0.35 -0.15 0.07 0.14 0.75 1.22 1.54 -0.28 -0.16 0.04 0.24 
Loss: 0.845429  SIA Ef: -0.051744 Binding: -0.25 0.10 -0.12 0.21 0.01 0.34 -0.24 0.47 -0.15 -0.33 -0.16  Rvol: 0.60 0.96 1.37 -0.33 -0.35 -0.15 0.07 0.14 0.75 1.22 1.54 -0.28 -0.16 0.04 0.24 
Loss: 0.845395  SIA Ef: -0.052806 Binding: -0.25 0.10 -0.12 0.21 0.01 0.34 -0.24 0.47 -0.15 -0.33 -0.16  Rvol: 0.60 0.96 1.37 -0.33 -0.35 -0.15 0.07 0.14 0.75 1.22 1.54 -0.28 -0.16 0.04 0.24 
Loss: 0.845217  SIA Ef: -0.052952 Binding: -0.25 0.10 -0.12 0.21 0.01 0.34 -0.24 0.47 -0.15 -0.33 -0.16  Rvol: 0.60 0.96 1.37 -0.33 -0.35 -0.15 0.07 0.14 0.75 1.22 1.54 -0.28 -0.16 0.04 0.24 
Loss: 0.845324  SIA Ef: -0.051920 Binding: -0.25 0.10 -0.12 0.21 0.01 0.34 -0.24 0.47 -0.15 -0.33 -0.16  Rvol: 0.60 0.96 1.37 -0.33 -0.35 -0.15 0.07 0.14 0.75 1.22 1.54 -0.28 -0.16 0.04 0.24 
Loss: 0.844735  SIA Ef: -0.045303 Binding: -0.25 0.10 -0.12 0.22 0.01 0.34 -0.24 0.48 -0.15 -0.33 -0.16  Rvol: 0.60 0.96 1.37 -0.33 -0.35 -0.15 0.07 0.14 0.75 1.22 1.54 -0.28 -0.16 0.04 0.24 
Loss: 0.844384  SIA Ef: -0.040514 Binding: -0.25 0.10 -0.11 0.22 0.01 0.34 -0.24 0.48 -0.15 -0.33 -0.16  Rvol: 0.60 0.96 1.37 -0.33 -0.35 -0.15 0.07 0.14 0.75 1.22 1.54 -0.28 -0.16 0.04 0.24 
Loss: 0.845733  SIA Ef: -0.031654 Binding: -0.25 0.10 -0.10 0.22 0.01 0.34 -0.24 0.48 -0.16 -0.33 -0.16  Rvol: 0.60 0.96 1.37 -0.33 -0.35 -0.15 0.07 0.14 0.75 1.22 1.54 -0.28 -0.16 0.04 0.24 
Loss: 0.844403  SIA Ef: -0.040784 Binding: -0.25 0.10 -0.11 0.22 0.01 0.34 -0.24 0.48 -0.15 -0.33 -0.16  Rvol: 0.60 0.96 1.37 -0.33 -0.35 -0.15 0.07 0.14 0.75 1.22 1.54 -0.28 -0.16 0.04 0.24 
Loss: 0.843969  SIA Ef: -0.047826 Binding: -0.25 0.10 -0.12 0.22 0.02 0.34 -0.24 0.47 -0.15 -0.33 -0.16  Rvol: 0.60 0.96 1.37 -0.33 -0.35 -0.15 0.07 0.14 0.75 1.22 1.54 -0.28 -0.16 0.04 0.24 
Loss: 0.843954  SIA Ef: -0.048944 Binding: -0.25 0.11 -0.12 0.22 0.02 0.34 -0.24 0.47 -0.15 -0.33 -0.16  Rvol: 0.60 0.96 1.37 -0.33 -0.35 -0.15 0.07 0.14 0.75 1.22 1.54 -0.28 -0.16 0.04 0.24 
Loss: 0.843858  SIA Ef: -0.051148 Binding: -0.25 0.11 -0.12 0.22 0.02 0.34 -0.24 0.47 -0.15 -0.33 -0.16  Rvol: 0.60 0.96 1.37 -0.33 -0.35 -0.15 0.07 0.14 0.75 1.22 1.54 -0.28 -0.16 0.04 0.24 
Loss: 0.843757  SIA Ef: -0.050865 Binding: -0.25 0.11 -0.12 0.22 0.02 0.34 -0.24 0.47 -0.15 -0.33 -0.16  Rvol: 0.60 0.96 1.37 -0.33 -0.35 -0.15 0.07 0.14 0.75 1.22 1.54 -0.28 -0.16 0.04 0.24 
Loss: 0.843843  SIA Ef: -0.052063 Binding: -0.25 0.11 -0.12 0.22 0.02 0.34 -0.24 0.47 -0.15 -0.33 -0.16  Rvol: 0.60 0.96 1.37 -0.33 -0.35 -0.15 0.07 0.14 0.75 1.22 1.54 -0.28 -0.16 0.04 0.24 
Loss: 0.843787  SIA Ef: -0.048391 Binding: -0.25 0.11 -0.12 0.22 0.02 0.34 -0.24 0.47 -0.15 -0.33 -0.16  Rvol: 0.60 0.96 1.37 -0.33 -0.35 -0.15 0.07 0.14 0.75 1.22 1.54 -0.28 -0.16 0.04 0.24 
Loss: 0.843703  SIA Ef: -0.049332 Binding: -0.25 0.11 -0.12 0.22 0.02 0.34 -0.24 0.47 -0.15 -0.33 -0.16  Rvol: 0.60 0.96 1.37 -0.33 -0.35 -0.15 0.07 0.14 0.75 1.22 1.54 -0.28 -0.16 0.04 0.24 
Loss: 0.844027  SIA Ef: -0.057453 Binding: -0.25 0.11 -0.13 0.21 0.02 0.34 -0.24 0.47 -0.15 -0.33 -0.17  Rvol: 0.60 0.96 1.37 -0.33 -0.35 -0.15 0.07 0.14 0.75 1.22 1.53 -0.28 -0.16 0.04 0.24 
Loss: 0.843441  SIA Ef: -0.046235 Binding: -0.25 0.11 -0.12 0.22 0.02 0.34 -0.24 0.47 -0.15 -0.33 -0.16  Rvol: 0.60 0.96 1.37 -0.33 -0.35 -0.15 0.07 0.14 0.75 1.22 1.54 -0.28 -0.16 0.04 0.24 
Loss: 0.843300  SIA Ef: -0.042975 Binding: -0.25 0.11 -0.11 0.22 0.02 0.34 -0.24 0.47 -0.15 -0.33 -0.16  Rvol: 0.60 0.96 1.37 -0.33 -0.35 -0.15 0.07 0.14 0.75 1.22 1.54 -0.28 -0.16 0.04 0.24 
Loss: 0.843333  SIA Ef: -0.037006 Binding: -0.25 0.11 -0.10 0.22 0.02 0.34 -0.24 0.48 -0.15 -0.33 -0.16  Rvol: 0.60 0.96 1.37 -0.33 -0.35 -0.15 0.07 0.14 0.75 1.22 1.54 -0.28 -0.16 0.04 0.24 
Loss: 0.843235  SIA Ef: -0.042268 Binding: -0.25 0.11 -0.11 0.22 0.02 0.34 -0.24 0.47 -0.15 -0.33 -0.16  Rvol: 0.60 0.96 1.37 -0.33 -0.35 -0.15 0.07 0.14 0.75 1.22 1.54 -0.28 -0.16 0.04 0.24 
Loss: 0.843392  SIA Ef: -0.039788 Binding: -0.25 0.11 -0.11 0.22 0.02 0.34 -0.24 0.47 -0.15 -0.33 -0.16  Rvol: 0.60 0.96 1.37 -0.33 -0.35 -0.15 0.07 0.14 0.75 1.22 1.54 -0.28 -0.16 0.04 0.24 
Loss: 0.843354  SIA Ef: -0.037989 Binding: -0.25 0.10 -0.11 0.22 0.02 0.34 -0.24 0.48 -0.15 -0.33 -0.16  Rvol: 0.60 0.96 1.37 -0.33 -0.35 -0.15 0.07 0.14 0.75 1.22 1.54 -0.28 -0.16 0.04 0.24 
Loss: 0.843544  SIA Ef: -0.040440 Binding: -0.25 0.11 -0.10 0.22 0.02 0.34 -0.24 0.48 -0.16 -0.33 -0.16  Rvol: 0.60 0.96 1.37 -0.33 -0.35 -0.15 0.07 0.14 0.75 1.22 1.54 -0.28 -0.16 0.04 0.24 
Loss: 0.842863  SIA Ef: -0.045749 Binding: -0.25 0.11 -0.11 0.22 0.02 0.34 -0.24 0.47 -0.15 -0.33 -0.16  Rvol: 0.60 0.96 1.37 -0.33 -0.35 -0.15 0.07 0.14 0.75 1.22 1.54 -0.28 -0.16 0.04 0.24 
Loss: 0.842869  SIA Ef: -0.046952 Binding: -0.25 0.11 -0.11 0.22 0.02 0.34 -0.24 0.47 -0.15 -0.33 -0.16  Rvol: 0.60 0.96 1.37 -0.33 -0.35 -0.15 0.07 0.14 0.75 1.22 1.54 -0.28 -0.16 0.04 0.24 
Loss: 0.842845  SIA Ef: -0.045043 Binding: -0.25 0.11 -0.11 0.22 0.02 0.34 -0.24 0.47 -0.15 -0.33 -0.16  Rvol: 0.60 0.96 1.37 -0.33 -0.35 -0.15 0.07 0.14 0.75 1.22 1.54 -0.28 -0.16 0.04 0.24 
Loss: 0.842671  SIA Ef: -0.047308 Binding: -0.25 0.11 -0.11 0.22 0.02 0.34 -0.24 0.47 -0.15 -0.33 -0.16  Rvol: 0.60 0.96 1.37 -0.33 -0.35 -0.15 0.07 0.14 0.75 1.22 1.54 -0.28 -0.16 0.04 0.24 
Loss: 0.842620  SIA Ef: -0.049701 Binding: -0.25 0.11 -0.12 0.22 0.02 0.34 -0.24 0.47 -0.15 -0.33 -0.16  Rvol: 0.60 0.96 1.37 -0.33 -0.35 -0.15 0.07 0.14 0.75 1.22 1.54 -0.28 -0.16 0.04 0.24 
Loss: 0.842740  SIA Ef: -0.051012 Binding: -0.25 0.11 -0.12 0.22 0.02 0.34 -0.24 0.47 -0.15 -0.33 -0.16  Rvol: 0.60 0.96 1.37 -0.33 -0.35 -0.15 0.07 0.14 0.75 1.22 1.54 -0.28 -0.16 0.04 0.24 
Loss: 0.842420  SIA Ef: -0.051251 Binding: -0.25 0.11 -0.12 0.22 0.02 0.34 -0.24 0.47 -0.15 -0.33 -0.16  Rvol: 0.60 0.96 1.37 -0.33 -0.35 -0.15 0.07 0.14 0.75 1.22 1.54 -0.28 -0.16 0.04 0.24 
Loss: 0.842435  SIA Ef: -0.052614 Binding: -0.25 0.11 -0.12 0.22 0.02 0.34 -0.24 0.47 -0.15 -0.33 -0.16  Rvol: 0.60 0.96 1.37 -0.33 -0.35 -0.15 0.07 0.14 0.75 1.22 1.54 -0.28 -0.16 0.04 0.24 
Loss: 0.842487  SIA Ef: -0.052647 Binding: -0.25 0.11 -0.12 0.22 0.02 0.34 -0.24 0.47 -0.15 -0.33 -0.16  Rvol: 0.60 0.96 1.37 -0.33 -0.35 -0.15 0.07 0.14 0.75 1.22 1.54 -0.28 -0.16 0.04 0.24 
Loss: 0.842301  SIA Ef: -0.050472 Binding: -0.25 0.11 -0.12 0.22 0.02 0.34 -0.24 0.47 -0.15 -0.33 -0.16  Rvol: 0.60 0.96 1.37 -0.33 -0.35 -0.15 0.07 0.14 0.75 1.22 1.54 -0.28 -0.16 0.04 0.24 
Loss: 0.842323  SIA Ef: -0.048925 Binding: -0.25 0.11 -0.12 0.22 0.02 0.34 -0.24 0.47 -0.15 -0.33 -0.16  Rvol: 0.60 0.96 1.37 -0.33 -0.35 -0.15 0.07 0.14 0.75 1.22 1.54 -0.28 -0.16 0.04 0.24 
Loss: 0.842070  SIA Ef: -0.048737 Binding: -0.25 0.11 -0.11 0.22 0.02 0.34 -0.24 0.47 -0.15 -0.33 -0.16  Rvol: 0.60 0.96 1.37 -0.33 -0.35 -0.15 0.07 0.14 0.75 1.22 1.54 -0.28 -0.16 0.04 0.24 
Loss: 0.841890  SIA Ef: -0.049364 Binding: -0.25 0.11 -0.12 0.22 0.02 0.34 -0.24 0.47 -0.15 -0.33 -0.17  Rvol: 0.60 0.96 1.37 -0.33 -0.35 -0.15 0.07 0.14 0.75 1.22 1.54 -0.28 -0.16 0.04 0.24 
Loss: 0.841722  SIA Ef: -0.049094 Binding: -0.25 0.11 -0.12 0.22 0.03 0.34 -0.24 0.47 -0.15 -0.33 -0.17  Rvol: 0.60 0.96 1.37 -0.33 -0.35 -0.15 0.07 0.14 0.75 1.22 1.54 -0.28 -0.16 0.04 0.24 
Loss: 0.841627  SIA Ef: -0.046610 Binding: -0.25 0.11 -0.12 0.22 0.03 0.34 -0.24 0.47 -0.15 -0.33 -0.17  Rvol: 0.60 0.96 1.37 -0.33 -0.35 -0.15 0.07 0.14 0.75 1.22 1.54 -0.28 -0.16 0.04 0.24 
Loss: 0.841566  SIA Ef: -0.044626 Binding: -0.25 0.11 -0.11 0.22 0.03 0.34 -0.24 0.47 -0.15 -0.33 -0.16  Rvol: 0.60 0.96 1.37 -0.33 -0.35 -0.15 0.07 0.14 0.75 1.22 1.54 -0.28 -0.16 0.04 0.24 
Loss: 0.841376  SIA Ef: -0.044401 Binding: -0.25 0.11 -0.11 0.22 0.03 0.34 -0.24 0.47 -0.15 -0.33 -0.16  Rvol: 0.60 0.96 1.37 -0.33 -0.35 -0.15 0.07 0.14 0.75 1.22 1.54 -0.28 -0.16 0.04 0.24 
Loss: 0.841245  SIA Ef: -0.042331 Binding: -0.25 0.11 -0.11 0.22 0.03 0.34 -0.24 0.47 -0.15 -0.33 -0.16  Rvol: 0.60 0.96 1.37 -0.33 -0.35 -0.15 0.07 0.14 0.75 1.22 1.54 -0.28 -0.16 0.04 0.24 
Loss: 0.841070  SIA Ef: -0.044872 Binding: -0.25 0.11 -0.11 0.22 0.03 0.34 -0.24 0.47 -0.15 -0.33 -0.17  Rvol: 0.60 0.96 1.37 -0.33 -0.35 -0.15 0.07 0.14 0.75 1.22 1.54 -0.28 -0.16 0.04 0.24 
Loss: 0.840954  SIA Ef: -0.044755 Binding: -0.25 0.11 -0.11 0.22 0.03 0.34 -0.24 0.47 -0.15 -0.33 -0.17  Rvol: 0.60 0.96 1.37 -0.33 -0.35 -0.15 0.07 0.14 0.75 1.22 1.54 -0.28 -0.16 0.04 0.24 
Loss: 0.840808  SIA Ef: -0.046383 Binding: -0.25 0.11 -0.11 0.22 0.03 0.34 -0.24 0.47 -0.15 -0.33 -0.16  Rvol: 0.60 0.96 1.37 -0.33 -0.35 -0.15 0.07 0.14 0.75 1.22 1.54 -0.28 -0.16 0.04 0.24 
Loss: 0.840611  SIA Ef: -0.043572 Binding: -0.25 0.11 -0.11 0.22 0.03 0.34 -0.24 0.47 -0.15 -0.33 -0.16  Rvol: 0.60 0.96 1.37 -0.33 -0.35 -0.15 0.07 0.14 0.75 1.22 1.54 -0.28 -0.16 0.04 0.24 
Loss: 0.840388  SIA Ef: -0.043951 Binding: -0.25 0.11 -0.11 0.22 0.03 0.34 -0.24 0.47 -0.15 -0.33 -0.16  Rvol: 0.60 0.96 1.37 -0.33 -0.35 -0.15 0.07 0.14 0.75 1.22 1.54 -0.28 -0.16 0.04 0.24 
Loss: 0.840205  SIA Ef: -0.041655 Binding: -0.25 0.11 -0.11 0.22 0.03 0.34 -0.24 0.47 -0.15 -0.33 -0.16  Rvol: 0.60 0.96 1.37 -0.33 -0.35 -0.15 0.07 0.14 0.75 1.22 1.54 -0.28 -0.16 0.04 0.24 
Loss: 0.840056  SIA Ef: -0.040288 Binding: -0.25 0.11 -0.11 0.22 0.03 0.34 -0.23 0.47 -0.15 -0.33 -0.16  Rvol: 0.60 0.96 1.37 -0.33 -0.35 -0.15 0.07 0.14 0.75 1.22 1.54 -0.28 -0.16 0.04 0.24 
Loss: 0.839957  SIA Ef: -0.041915 Binding: -0.25 0.11 -0.10 0.22 0.03 0.34 -0.23 0.47 -0.15 -0.33 -0.16  Rvol: 0.60 0.96 1.37 -0.33 -0.35 -0.15 0.07 0.14 0.75 1.22 1.54 -0.28 -0.16 0.04 0.24 
Loss: 0.839894  SIA Ef: -0.043548 Binding: -0.25 0.11 -0.11 0.22 0.03 0.34 -0.23 0.47 -0.15 -0.33 -0.16  Rvol: 0.60 0.96 1.37 -0.33 -0.35 -0.15 0.07 0.14 0.75 1.22 1.54 -0.28 -0.16 0.04 0.24 
Loss: 0.839936  SIA Ef: -0.042255 Binding: -0.25 0.11 -0.11 0.22 0.03 0.34 -0.23 0.47 -0.15 -0.33 -0.16  Rvol: 0.60 0.96 1.37 -0.33 -0.35 -0.15 0.07 0.14 0.75 1.22 1.54 -0.28 -0.16 0.04 0.24 
Loss: 0.839675  SIA Ef: -0.044752 Binding: -0.25 0.11 -0.11 0.22 0.03 0.34 -0.23 0.47 -0.15 -0.33 -0.16  Rvol: 0.60 0.96 1.37 -0.33 -0.35 -0.15 0.07 0.14 0.75 1.22 1.54 -0.28 -0.16 0.04 0.24 
Loss: 0.839448  SIA Ef: -0.044406 Binding: -0.25 0.11 -0.11 0.22 0.03 0.34 -0.23 0.47 -0.15 -0.33 -0.16  Rvol: 0.60 0.96 1.37 -0.33 -0.35 -0.15 0.07 0.14 0.75 1.22 1.54 -0.28 -0.16 0.04 0.24 
Loss: 0.839277  SIA Ef: -0.043719 Binding: -0.25 0.11 -0.11 0.22 0.03 0.34 -0.23 0.47 -0.15 -0.33 -0.16  Rvol: 0.60 0.96 1.37 -0.33 -0.35 -0.15 0.07 0.14 0.75 1.22 1.54 -0.28 -0.16 0.04 0.24 
Loss: 0.839347  SIA Ef: -0.042266 Binding: -0.25 0.11 -0.10 0.22 0.02 0.34 -0.23 0.47 -0.15 -0.33 -0.16  Rvol: 0.60 0.96 1.37 -0.33 -0.35 -0.15 0.07 0.14 0.75 1.22 1.54 -0.28 -0.16 0.04 0.24 
Loss: 0.839264  SIA Ef: -0.044333 Binding: -0.25 0.11 -0.11 0.22 0.03 0.34 -0.23 0.47 -0.15 -0.33 -0.16  Rvol: 0.60 0.96 1.37 -0.33 -0.35 -0.15 0.07 0.14 0.75 1.22 1.54 -0.28 -0.16 0.04 0.24 
Loss: 0.839175  SIA Ef: -0.046143 Binding: -0.25 0.11 -0.11 0.22 0.03 0.34 -0.23 0.47 -0.15 -0.33 -0.16  Rvol: 0.60 0.96 1.37 -0.33 -0.35 -0.15 0.07 0.14 0.75 1.22 1.54 -0.28 -0.16 0.04 0.24 
Loss: 0.839095  SIA Ef: -0.050273 Binding: -0.25 0.11 -0.11 0.22 0.03 0.34 -0.23 0.47 -0.15 -0.33 -0.16  Rvol: 0.60 0.96 1.37 -0.33 -0.35 -0.15 0.07 0.14 0.75 1.22 1.54 -0.28 -0.16 0.04 0.24 
Loss: 0.839045  SIA Ef: -0.049733 Binding: -0.25 0.11 -0.11 0.22 0.03 0.34 -0.23 0.47 -0.15 -0.33 -0.16  Rvol: 0.60 0.96 1.37 -0.33 -0.35 -0.15 0.07 0.14 0.75 1.22 1.54 -0.28 -0.16 0.04 0.24 
Loss: 0.838953  SIA Ef: -0.050012 Binding: -0.25 0.11 -0.11 0.22 0.03 0.34 -0.23 0.47 -0.15 -0.33 -0.16  Rvol: 0.60 0.96 1.37 -0.33 -0.35 -0.15 0.07 0.14 0.75 1.22 1.54 -0.28 -0.16 0.04 0.24 
Loss: 0.838806  SIA Ef: -0.054027 Binding: -0.25 0.11 -0.12 0.22 0.03 0.34 -0.24 0.47 -0.15 -0.32 -0.16  Rvol: 0.59 0.96 1.37 -0.33 -0.35 -0.15 0.07 0.14 0.75 1.22 1.53 -0.28 -0.16 0.04 0.24 
Loss: 0.838743  SIA Ef: -0.052826 Binding: -0.25 0.11 -0.12 0.22 0.03 0.34 -0.24 0.47 -0.15 -0.32 -0.16  Rvol: 0.59 0.96 1.37 -0.33 -0.35 -0.15 0.07 0.14 0.75 1.22 1.53 -0.28 -0.16 0.04 0.24 
Loss: 0.838727  SIA Ef: -0.052048 Binding: -0.25 0.11 -0.12 0.22 0.03 0.34 -0.24 0.47 -0.15 -0.32 -0.16  Rvol: 0.59 0.96 1.37 -0.33 -0.35 -0.15 0.07 0.14 0.75 1.22 1.53 -0.28 -0.16 0.04 0.24 
Loss: 0.838579  SIA Ef: -0.053301 Binding: -0.25 0.11 -0.12 0.22 0.03 0.34 -0.24 0.47 -0.15 -0.32 -0.16  Rvol: 0.59 0.96 1.37 -0.33 -0.35 -0.15 0.07 0.14 0.75 1.22 1.53 -0.28 -0.16 0.04 0.24 
Loss: 0.838663  SIA Ef: -0.057136 Binding: -0.25 0.11 -0.12 0.22 0.03 0.34 -0.24 0.47 -0.15 -0.32 -0.17  Rvol: 0.59 0.96 1.37 -0.33 -0.35 -0.15 0.07 0.14 0.75 1.22 1.53 -0.28 -0.16 0.04 0.24 
Loss: 0.838606  SIA Ef: -0.053630 Binding: -0.25 0.11 -0.12 0.22 0.03 0.34 -0.24 0.47 -0.15 -0.32 -0.16  Rvol: 0.59 0.96 1.37 -0.33 -0.35 -0.15 0.07 0.14 0.75 1.22 1.53 -0.28 -0.16 0.04 0.24 
Loss: 0.838466  SIA Ef: -0.052232 Binding: -0.25 0.11 -0.12 0.22 0.03 0.34 -0.24 0.47 -0.15 -0.32 -0.16  Rvol: 0.59 0.96 1.37 -0.33 -0.35 -0.15 0.07 0.14 0.75 1.22 1.53 -0.28 -0.16 0.04 0.24 
Loss: 0.838479  SIA Ef: -0.053233 Binding: -0.25 0.11 -0.12 0.22 0.03 0.34 -0.24 0.47 -0.15 -0.32 -0.16  Rvol: 0.59 0.96 1.37 -0.33 -0.35 -0.15 0.07 0.14 0.75 1.22 1.53 -0.28 -0.16 0.04 0.24 
Loss: 0.838491  SIA Ef: -0.048638 Binding: -0.25 0.11 -0.12 0.22 0.03 0.34 -0.24 0.47 -0.15 -0.32 -0.16  Rvol: 0.59 0.96 1.37 -0.33 -0.35 -0.15 0.07 0.14 0.75 1.22 1.53 -0.28 -0.16 0.04 0.24 
Loss: 0.838422  SIA Ef: -0.052566 Binding: -0.25 0.11 -0.12 0.22 0.03 0.34 -0.24 0.47 -0.15 -0.32 -0.16  Rvol: 0.59 0.96 1.37 -0.33 -0.35 -0.15 0.07 0.14 0.75 1.22 1.53 -0.28 -0.16 0.04 0.24 
Loss: 0.838218  SIA Ef: -0.053632 Binding: -0.25 0.11 -0.12 0.22 0.03 0.34 -0.24 0.47 -0.15 -0.32 -0.16  Rvol: 0.59 0.96 1.37 -0.33 -0.35 -0.15 0.07 0.14 0.75 1.22 1.53 -0.28 -0.16 0.04 0.24 
Loss: 0.837914  SIA Ef: -0.051361 Binding: -0.25 0.11 -0.12 0.22 0.03 0.34 -0.24 0.47 -0.15 -0.32 -0.16  Rvol: 0.59 0.96 1.37 -0.33 -0.35 -0.15 0.07 0.14 0.75 1.22 1.53 -0.28 -0.16 0.04 0.24 
Loss: 0.837547  SIA Ef: -0.050409 Binding: -0.25 0.11 -0.12 0.22 0.03 0.34 -0.24 0.47 -0.15 -0.32 -0.16  Rvol: 0.59 0.96 1.37 -0.33 -0.34 -0.15 0.07 0.14 0.75 1.22 1.53 -0.28 -0.16 0.04 0.24 
Loss: 0.837325  SIA Ef: -0.049868 Binding: -0.25 0.11 -0.12 0.22 0.03 0.34 -0.24 0.47 -0.15 -0.32 -0.16  Rvol: 0.59 0.96 1.37 -0.33 -0.34 -0.15 0.07 0.14 0.75 1.22 1.53 -0.28 -0.16 0.04 0.24 
Loss: 0.837134  SIA Ef: -0.046802 Binding: -0.25 0.11 -0.12 0.22 0.03 0.34 -0.24 0.47 -0.15 -0.32 -0.16  Rvol: 0.59 0.96 1.37 -0.33 -0.34 -0.15 0.07 0.14 0.75 1.22 1.53 -0.28 -0.16 0.04 0.25 
Loss: 0.836868  SIA Ef: -0.047608 Binding: -0.25 0.11 -0.12 0.22 0.03 0.34 -0.24 0.47 -0.15 -0.32 -0.16  Rvol: 0.59 0.96 1.37 -0.33 -0.34 -0.15 0.07 0.14 0.75 1.22 1.53 -0.28 -0.16 0.04 0.25 
Loss: 0.836780  SIA Ef: -0.046698 Binding: -0.25 0.11 -0.12 0.22 0.03 0.34 -0.24 0.47 -0.15 -0.32 -0.16  Rvol: 0.59 0.96 1.37 -0.33 -0.34 -0.15 0.07 0.14 0.75 1.22 1.53 -0.28 -0.16 0.04 0.25 
Loss: 0.836346  SIA Ef: -0.048092 Binding: -0.25 0.11 -0.12 0.22 0.03 0.34 -0.24 0.47 -0.15 -0.32 -0.16  Rvol: 0.59 0.96 1.37 -0.33 -0.34 -0.15 0.07 0.14 0.75 1.22 1.53 -0.28 -0.16 0.04 0.25 
Loss: 0.836036  SIA Ef: -0.048938 Binding: -0.25 0.11 -0.12 0.22 0.03 0.34 -0.24 0.47 -0.15 -0.32 -0.16  Rvol: 0.59 0.96 1.37 -0.33 -0.34 -0.15 0.07 0.14 0.75 1.22 1.53 -0.28 -0.16 0.04 0.25 
Loss: 0.835687  SIA Ef: -0.047389 Binding: -0.25 0.11 -0.12 0.22 0.03 0.34 -0.24 0.47 -0.14 -0.32 -0.16  Rvol: 0.59 0.96 1.37 -0.33 -0.34 -0.15 0.07 0.14 0.75 1.22 1.53 -0.28 -0.16 0.04 0.25 
Loss: 0.835150  SIA Ef: -0.048635 Binding: -0.25 0.11 -0.12 0.22 0.03 0.34 -0.24 0.47 -0.14 -0.32 -0.16  Rvol: 0.59 0.96 1.37 -0.33 -0.34 -0.15 0.07 0.14 0.75 1.22 1.53 -0.28 -0.16 0.04 0.25 
Loss: 0.834712  SIA Ef: -0.049806 Binding: -0.25 0.11 -0.12 0.22 0.03 0.34 -0.24 0.47 -0.14 -0.32 -0.16  Rvol: 0.59 0.96 1.37 -0.33 -0.34 -0.15 0.07 0.14 0.75 1.22 1.53 -0.28 -0.16 0.04 0.25 
Loss: 0.834189  SIA Ef: -0.051667 Binding: -0.25 0.11 -0.12 0.22 0.03 0.34 -0.24 0.47 -0.14 -0.32 -0.16  Rvol: 0.59 0.96 1.37 -0.33 -0.34 -0.15 0.07 0.14 0.75 1.22 1.53 -0.28 -0.16 0.04 0.25 
Loss: 0.833536  SIA Ef: -0.052855 Binding: -0.25 0.12 -0.13 0.22 0.03 0.35 -0.24 0.46 -0.14 -0.32 -0.16  Rvol: 0.59 0.96 1.37 -0.33 -0.34 -0.15 0.07 0.14 0.75 1.22 1.53 -0.28 -0.16 0.04 0.25 
Loss: 0.833058  SIA Ef: -0.053241 Binding: -0.25 0.12 -0.13 0.22 0.03 0.35 -0.24 0.46 -0.14 -0.32 -0.16  Rvol: 0.59 0.96 1.37 -0.33 -0.34 -0.15 0.07 0.14 0.75 1.22 1.53 -0.28 -0.16 0.04 0.25 
Loss: 0.832608  SIA Ef: -0.056562 Binding: -0.25 0.12 -0.13 0.22 0.03 0.35 -0.24 0.46 -0.14 -0.32 -0.16  Rvol: 0.59 0.96 1.37 -0.33 -0.34 -0.15 0.07 0.14 0.75 1.22 1.53 -0.28 -0.16 0.04 0.25 
Loss: 0.832236  SIA Ef: -0.056760 Binding: -0.25 0.12 -0.13 0.22 0.03 0.35 -0.24 0.46 -0.14 -0.32 -0.16  Rvol: 0.59 0.96 1.37 -0.33 -0.34 -0.15 0.07 0.14 0.75 1.22 1.53 -0.28 -0.16 0.04 0.25 
Loss: 0.831969  SIA Ef: -0.057849 Binding: -0.25 0.12 -0.13 0.22 0.03 0.35 -0.24 0.46 -0.14 -0.32 -0.16  Rvol: 0.59 0.96 1.37 -0.33 -0.34 -0.15 0.07 0.14 0.75 1.22 1.53 -0.28 -0.16 0.04 0.25 
Loss: 0.832152  SIA Ef: -0.056859 Binding: -0.25 0.12 -0.13 0.22 0.03 0.35 -0.24 0.46 -0.14 -0.32 -0.16  Rvol: 0.59 0.96 1.37 -0.33 -0.34 -0.15 0.07 0.14 0.75 1.22 1.53 -0.28 -0.16 0.04 0.25 
Loss: 0.832290  SIA Ef: -0.055680 Binding: -0.25 0.12 -0.13 0.22 0.03 0.35 -0.24 0.46 -0.14 -0.32 -0.16  Rvol: 0.59 0.96 1.37 -0.33 -0.34 -0.15 0.07 0.14 0.75 1.22 1.53 -0.28 -0.16 0.04 0.25 
Loss: 0.831849  SIA Ef: -0.056868 Binding: -0.25 0.12 -0.13 0.22 0.03 0.35 -0.24 0.46 -0.14 -0.32 -0.16  Rvol: 0.59 0.96 1.37 -0.33 -0.34 -0.15 0.07 0.14 0.75 1.22 1.53 -0.28 -0.16 0.04 0.25 
Loss: 0.831849  SIA Ef: -0.056658 Binding: -0.25 0.12 -0.13 0.22 0.03 0.35 -0.24 0.46 -0.14 -0.32 -0.16  Rvol: 0.59 0.96 1.37 -0.33 -0.34 -0.15 0.07 0.14 0.75 1.22 1.53 -0.28 -0.16 0.04 0.25 
Loss: 0.831440  SIA Ef: -0.061286 Binding: -0.25 0.12 -0.14 0.22 0.03 0.35 -0.24 0.46 -0.14 -0.32 -0.16  Rvol: 0.59 0.96 1.37 -0.33 -0.34 -0.15 0.07 0.14 0.75 1.22 1.53 -0.28 -0.16 0.04 0.25 
Loss: 0.830705  SIA Ef: -0.064902 Binding: -0.25 0.12 -0.14 0.22 0.03 0.35 -0.24 0.46 -0.14 -0.32 -0.16  Rvol: 0.59 0.96 1.37 -0.33 -0.34 -0.15 0.07 0.14 0.75 1.22 1.53 -0.28 -0.16 0.04 0.25 
Loss: 0.829997  SIA Ef: -0.069791 Binding: -0.25 0.12 -0.14 0.21 0.03 0.35 -0.24 0.46 -0.14 -0.32 -0.15  Rvol: 0.59 0.96 1.36 -0.33 -0.34 -0.15 0.07 0.14 0.75 1.22 1.53 -0.28 -0.16 0.04 0.25 
Loss: 0.829700  SIA Ef: -0.074758 Binding: -0.25 0.12 -0.15 0.21 0.02 0.35 -0.24 0.46 -0.13 -0.32 -0.15  Rvol: 0.59 0.96 1.36 -0.33 -0.34 -0.15 0.07 0.14 0.75 1.21 1.53 -0.28 -0.16 0.04 0.25 
Loss: 0.829507  SIA Ef: -0.075752 Binding: -0.25 0.12 -0.15 0.21 0.02 0.35 -0.24 0.46 -0.13 -0.32 -0.15  Rvol: 0.59 0.95 1.36 -0.33 -0.34 -0.15 0.07 0.14 0.75 1.21 1.53 -0.28 -0.16 0.04 0.25 
Loss: 0.829958  SIA Ef: -0.079782 Binding: -0.25 0.12 -0.15 0.21 0.03 0.35 -0.24 0.45 -0.13 -0.32 -0.15  Rvol: 0.59 0.95 1.36 -0.33 -0.34 -0.15 0.07 0.14 0.75 1.21 1.53 -0.28 -0.16 0.04 0.25 
Loss: 0.829585  SIA Ef: -0.076096 Binding: -0.25 0.12 -0.15 0.21 0.02 0.35 -0.24 0.46 -0.13 -0.32 -0.15  Rvol: 0.59 0.95 1.36 -0.33 -0.34 -0.15 0.07 0.14 0.75 1.21 1.53 -0.28 -0.16 0.04 0.25 
Loss: 0.829570  SIA Ef: -0.076046 Binding: -0.25 0.12 -0.15 0.21 0.03 0.35 -0.24 0.46 -0.13 -0.32 -0.15  Rvol: 0.59 0.95 1.36 -0.33 -0.34 -0.15 0.07 0.14 0.75 1.21 1.53 -0.28 -0.16 0.04 0.25 
Loss: 0.829734  SIA Ef: -0.076004 Binding: -0.25 0.12 -0.15 0.21 0.02 0.35 -0.24 0.46 -0.13 -0.32 -0.15  Rvol: 0.59 0.95 1.36 -0.33 -0.34 -0.15 0.07 0.14 0.75 1.21 1.53 -0.28 -0.16 0.04 0.25 
Loss: 0.829927  SIA Ef: -0.078281 Binding: -0.25 0.12 -0.15 0.21 0.03 0.35 -0.24 0.46 -0.13 -0.32 -0.15  Rvol: 0.59 0.95 1.36 -0.33 -0.34 -0.15 0.07 0.14 0.75 1.21 1.53 -0.28 -0.16 0.04 0.25 
Loss: 0.829402  SIA Ef: -0.074923 Binding: -0.25 0.12 -0.15 0.21 0.02 0.35 -0.24 0.46 -0.13 -0.32 -0.15  Rvol: 0.59 0.95 1.36 -0.33 -0.34 -0.15 0.07 0.14 0.75 1.21 1.53 -0.28 -0.16 0.04 0.25 
Loss: 0.829176  SIA Ef: -0.075277 Binding: -0.25 0.12 -0.15 0.21 0.02 0.35 -0.24 0.46 -0.13 -0.32 -0.15  Rvol: 0.59 0.95 1.36 -0.33 -0.34 -0.15 0.07 0.14 0.75 1.21 1.53 -0.28 -0.16 0.04 0.25 
Loss: 0.829117  SIA Ef: -0.075139 Binding: -0.25 0.12 -0.15 0.21 0.02 0.35 -0.24 0.46 -0.13 -0.32 -0.15  Rvol: 0.59 0.95 1.36 -0.33 -0.34 -0.15 0.07 0.14 0.75 1.21 1.53 -0.28 -0.16 0.04 0.25 
Loss: 0.828844  SIA Ef: -0.072496 Binding: -0.25 0.12 -0.15 0.21 0.02 0.35 -0.24 0.46 -0.13 -0.32 -0.15  Rvol: 0.59 0.96 1.36 -0.33 -0.34 -0.15 0.07 0.14 0.75 1.21 1.53 -0.28 -0.16 0.04 0.25 
Loss: 0.828777  SIA Ef: -0.066864 Binding: -0.25 0.12 -0.14 0.21 0.03 0.35 -0.24 0.46 -0.13 -0.32 -0.15  Rvol: 0.59 0.96 1.36 -0.33 -0.34 -0.15 0.07 0.14 0.75 1.22 1.53 -0.28 -0.16 0.04 0.25 
Loss: 0.828643  SIA Ef: -0.067335 Binding: -0.25 0.12 -0.14 0.21 0.03 0.35 -0.24 0.46 -0.13 -0.32 -0.15  Rvol: 0.59 0.96 1.36 -0.33 -0.34 -0.15 0.07 0.14 0.75 1.22 1.53 -0.28 -0.16 0.04 0.25 
Loss: 0.828290  SIA Ef: -0.068634 Binding: -0.25 0.12 -0.14 0.21 0.03 0.35 -0.24 0.46 -0.13 -0.32 -0.15  Rvol: 0.59 0.96 1.36 -0.33 -0.34 -0.15 0.07 0.14 0.75 1.22 1.53 -0.28 -0.16 0.04 0.25 
Loss: 0.828658  SIA Ef: -0.067317 Binding: -0.25 0.12 -0.14 0.22 0.03 0.35 -0.24 0.46 -0.14 -0.32 -0.15  Rvol: 0.59 0.96 1.36 -0.33 -0.34 -0.15 0.07 0.14 0.75 1.22 1.53 -0.28 -0.16 0.04 0.25 
Loss: 0.828425  SIA Ef: -0.068504 Binding: -0.25 0.12 -0.14 0.21 0.02 0.35 -0.24 0.46 -0.13 -0.32 -0.15  Rvol: 0.59 0.96 1.36 -0.33 -0.34 -0.15 0.07 0.14 0.75 1.22 1.53 -0.28 -0.16 0.04 0.25 
Loss: 0.827829  SIA Ef: -0.069175 Binding: -0.25 0.12 -0.15 0.21 0.02 0.35 -0.24 0.46 -0.13 -0.32 -0.15  Rvol: 0.59 0.96 1.36 -0.33 -0.34 -0.15 0.07 0.14 0.75 1.22 1.53 -0.28 -0.16 0.04 0.25 
Loss: 0.827522  SIA Ef: -0.067776 Binding: -0.25 0.12 -0.15 0.21 0.03 0.35 -0.24 0.46 -0.13 -0.32 -0.15  Rvol: 0.59 0.96 1.36 -0.33 -0.34 -0.15 0.07 0.14 0.75 1.22 1.53 -0.28 -0.16 0.04 0.25 
Loss: 0.827554  SIA Ef: -0.068545 Binding: -0.25 0.12 -0.15 0.21 0.03 0.35 -0.24 0.46 -0.13 -0.32 -0.15  Rvol: 0.59 0.96 1.36 -0.33 -0.34 -0.15 0.07 0.14 0.75 1.21 1.53 -0.28 -0.16 0.04 0.25 
Loss: 0.827507  SIA Ef: -0.068517 Binding: -0.25 0.12 -0.15 0.21 0.03 0.35 -0.24 0.46 -0.13 -0.32 -0.15  Rvol: 0.59 0.96 1.36 -0.33 -0.34 -0.15 0.07 0.14 0.75 1.22 1.53 -0.28 -0.16 0.04 0.25 
Loss: 0.827552  SIA Ef: -0.069284 Binding: -0.25 0.12 -0.15 0.21 0.03 0.35 -0.24 0.46 -0.13 -0.32 -0.15  Rvol: 0.59 0.96 1.36 -0.33 -0.34 -0.15 0.07 0.14 0.75 1.21 1.53 -0.28 -0.16 0.04 0.25 
Loss: 0.827534  SIA Ef: -0.068111 Binding: -0.25 0.12 -0.15 0.21 0.03 0.35 -0.24 0.46 -0.13 -0.32 -0.15  Rvol: 0.59 0.96 1.36 -0.33 -0.34 -0.15 0.07 0.14 0.75 1.22 1.53 -0.28 -0.16 0.04 0.25 
Loss: 0.827759  SIA Ef: -0.071244 Binding: -0.25 0.12 -0.15 0.21 0.03 0.35 -0.24 0.46 -0.13 -0.32 -0.15  Rvol: 0.59 0.95 1.36 -0.33 -0.34 -0.15 0.07 0.14 0.75 1.21 1.53 -0.28 -0.16 0.04 0.25 
Loss: 0.827741  SIA Ef: -0.071167 Binding: -0.25 0.12 -0.15 0.21 0.03 0.35 -0.24 0.46 -0.13 -0.32 -0.15  Rvol: 0.59 0.96 1.36 -0.33 -0.34 -0.15 0.07 0.14 0.75 1.21 1.53 -0.28 -0.16 0.04 0.25 
Loss: 0.827278  SIA Ef: -0.064471 Binding: -0.25 0.12 -0.14 0.21 0.03 0.35 -0.24 0.46 -0.13 -0.32 -0.15  Rvol: 0.59 0.96 1.36 -0.33 -0.34 -0.15 0.07 0.14 0.75 1.22 1.53 -0.28 -0.16 0.05 0.25 
Loss: 0.827377  SIA Ef: -0.061429 Binding: -0.25 0.12 -0.15 0.21 0.03 0.35 -0.24 0.46 -0.13 -0.32 -0.15  Rvol: 0.59 0.96 1.36 -0.33 -0.34 -0.15 0.07 0.14 0.75 1.22 1.53 -0.28 -0.16 0.05 0.25 
Loss: 0.827274  SIA Ef: -0.064498 Binding: -0.25 0.12 -0.14 0.21 0.03 0.35 -0.24 0.46 -0.13 -0.32 -0.15  Rvol: 0.59 0.96 1.36 -0.33 -0.34 -0.15 0.07 0.14 0.75 1.22 1.53 -0.28 -0.16 0.05 0.25 
Loss: 0.827504  SIA Ef: -0.059991 Binding: -0.25 0.12 -0.14 0.22 0.03 0.35 -0.24 0.46 -0.13 -0.32 -0.15  Rvol: 0.59 0.96 1.37 -0.33 -0.34 -0.15 0.07 0.14 0.75 1.22 1.53 -0.28 -0.16 0.05 0.25 
Loss: 0.827362  SIA Ef: -0.064558 Binding: -0.25 0.12 -0.14 0.21 0.03 0.35 -0.24 0.46 -0.13 -0.32 -0.15  Rvol: 0.59 0.96 1.36 -0.33 -0.34 -0.15 0.07 0.14 0.75 1.22 1.53 -0.28 -0.16 0.05 0.25 
Loss: 0.827111  SIA Ef: -0.063195 Binding: -0.25 0.12 -0.15 0.21 0.02 0.35 -0.24 0.46 -0.13 -0.32 -0.15  Rvol: 0.59 0.96 1.36 -0.33 -0.34 -0.15 0.07 0.14 0.75 1.22 1.53 -0.28 -0.16 0.05 0.25 
Loss: 0.826838  SIA Ef: -0.063881 Binding: -0.25 0.12 -0.15 0.21 0.03 0.35 -0.24 0.46 -0.13 -0.32 -0.15  Rvol: 0.59 0.96 1.36 -0.33 -0.34 -0.15 0.07 0.14 0.75 1.22 1.53 -0.28 -0.16 0.05 0.25 
Loss: 0.826691  SIA Ef: -0.066453 Binding: -0.25 0.12 -0.15 0.21 0.03 0.35 -0.24 0.46 -0.13 -0.32 -0.15  Rvol: 0.59 0.96 1.36 -0.33 -0.34 -0.14 0.07 0.14 0.75 1.22 1.53 -0.28 -0.16 0.05 0.25 
Loss: 0.826329  SIA Ef: -0.063159 Binding: -0.25 0.12 -0.14 0.21 0.03 0.35 -0.24 0.46 -0.13 -0.32 -0.15  Rvol: 0.59 0.96 1.36 -0.33 -0.34 -0.14 0.07 0.14 0.75 1.22 1.53 -0.28 -0.16 0.05 0.25 
Loss: 0.826168  SIA Ef: -0.059109 Binding: -0.25 0.12 -0.14 0.22 0.03 0.35 -0.24 0.46 -0.13 -0.32 -0.15  Rvol: 0.59 0.96 1.36 -0.33 -0.34 -0.14 0.07 0.14 0.75 1.22 1.53 -0.28 -0.16 0.05 0.25 
Loss: 0.826296  SIA Ef: -0.058526 Binding: -0.25 0.12 -0.14 0.22 0.03 0.35 -0.24 0.46 -0.13 -0.32 -0.15  Rvol: 0.59 0.96 1.36 -0.33 -0.34 -0.14 0.07 0.14 0.75 1.22 1.53 -0.28 -0.16 0.05 0.25 
Loss: 0.826341  SIA Ef: -0.058973 Binding: -0.25 0.12 -0.14 0.22 0.03 0.35 -0.24 0.46 -0.13 -0.32 -0.15  Rvol: 0.59 0.96 1.36 -0.33 -0.34 -0.14 0.07 0.14 0.75 1.22 1.53 -0.28 -0.16 0.05 0.25 
Loss: 0.825999  SIA Ef: -0.060397 Binding: -0.25 0.12 -0.15 0.21 0.03 0.35 -0.24 0.46 -0.13 -0.32 -0.15  Rvol: 0.59 0.96 1.36 -0.33 -0.34 -0.14 0.07 0.14 0.75 1.22 1.53 -0.28 -0.16 0.05 0.25 
Loss: 0.826017  SIA Ef: -0.060758 Binding: -0.25 0.12 -0.15 0.21 0.03 0.35 -0.24 0.46 -0.13 -0.32 -0.15  Rvol: 0.59 0.96 1.36 -0.33 -0.34 -0.14 0.07 0.14 0.75 1.22 1.53 -0.28 -0.16 0.05 0.25 
Loss: 0.825954  SIA Ef: -0.061804 Binding: -0.25 0.12 -0.15 0.21 0.03 0.35 -0.24 0.46 -0.13 -0.32 -0.15  Rvol: 0.59 0.96 1.36 -0.33 -0.34 -0.14 0.07 0.14 0.75 1.22 1.53 -0.28 -0.16 0.05 0.25 
Loss: 0.826055  SIA Ef: -0.062191 Binding: -0.25 0.12 -0.15 0.21 0.03 0.35 -0.24 0.46 -0.13 -0.32 -0.15  Rvol: 0.59 0.96 1.36 -0.33 -0.34 -0.14 0.07 0.14 0.75 1.22 1.53 -0.28 -0.16 0.05 0.25 
Loss: 0.826075  SIA Ef: -0.062579 Binding: -0.25 0.13 -0.15 0.21 0.03 0.35 -0.24 0.46 -0.13 -0.32 -0.15  Rvol: 0.59 0.96 1.36 -0.33 -0.34 -0.14 0.07 0.14 0.75 1.22 1.53 -0.28 -0.16 0.05 0.25 
Loss: 0.825967  SIA Ef: -0.063116 Binding: -0.25 0.12 -0.15 0.21 0.03 0.35 -0.24 0.46 -0.13 -0.32 -0.15  Rvol: 0.59 0.96 1.36 -0.33 -0.34 -0.14 0.07 0.14 0.75 1.22 1.53 -0.28 -0.16 0.05 0.25 
Loss: 0.825828  SIA Ef: -0.057473 Binding: -0.25 0.12 -0.14 0.22 0.03 0.35 -0.23 0.46 -0.13 -0.32 -0.15  Rvol: 0.59 0.96 1.36 -0.33 -0.34 -0.14 0.07 0.14 0.75 1.22 1.53 -0.28 -0.16 0.05 0.25 
Loss: 0.825758  SIA Ef: -0.055516 Binding: -0.25 0.12 -0.14 0.22 0.03 0.35 -0.23 0.46 -0.13 -0.32 -0.15  Rvol: 0.59 0.96 1.37 -0.33 -0.34 -0.14 0.07 0.14 0.75 1.22 1.53 -0.28 -0.16 0.05 0.25 
Loss: 0.825573  SIA Ef: -0.054269 Binding: -0.25 0.12 -0.14 0.21 0.03 0.35 -0.23 0.46 -0.13 -0.32 -0.15  Rvol: 0.59 0.96 1.37 -0.33 -0.34 -0.14 0.07 0.14 0.75 1.22 1.53 -0.28 -0.16 0.05 0.25 
Loss: 0.825502  SIA Ef: -0.052995 Binding: -0.25 0.12 -0.14 0.22 0.03 0.35 -0.23 0.46 -0.13 -0.32 -0.15  Rvol: 0.59 0.96 1.37 -0.33 -0.34 -0.14 0.07 0.14 0.75 1.22 1.53 -0.28 -0.16 0.05 0.25 
Loss: 0.825376  SIA Ef: -0.053546 Binding: -0.25 0.12 -0.14 0.22 0.03 0.35 -0.23 0.46 -0.13 -0.32 -0.15  Rvol: 0.59 0.96 1.37 -0.33 -0.34 -0.14 0.07 0.14 0.75 1.22 1.53 -0.28 -0.16 0.05 0.25 
Loss: 0.825447  SIA Ef: -0.051122 Binding: -0.25 0.12 -0.14 0.22 0.03 0.35 -0.23 0.46 -0.13 -0.32 -0.15  Rvol: 0.59 0.96 1.37 -0.33 -0.34 -0.14 0.07 0.14 0.75 1.22 1.53 -0.28 -0.16 0.05 0.25 
Loss: 0.825577  SIA Ef: -0.053282 Binding: -0.25 0.12 -0.14 0.22 0.03 0.35 -0.23 0.46 -0.13 -0.32 -0.15  Rvol: 0.59 0.96 1.37 -0.33 -0.34 -0.14 0.07 0.14 0.75 1.22 1.53 -0.28 -0.16 0.05 0.25 
Loss: 0.825082  SIA Ef: -0.054025 Binding: -0.25 0.12 -0.14 0.21 0.03 0.35 -0.24 0.46 -0.13 -0.32 -0.15  Rvol: 0.59 0.96 1.37 -0.33 -0.34 -0.14 0.07 0.14 0.75 1.22 1.53 -0.28 -0.16 0.05 0.25 
Loss: 0.825219  SIA Ef: -0.052507 Binding: -0.25 0.12 -0.14 0.21 0.03 0.35 -0.24 0.46 -0.13 -0.32 -0.15  Rvol: 0.59 0.96 1.37 -0.33 -0.34 -0.14 0.07 0.14 0.75 1.22 1.53 -0.28 -0.16 0.05 0.25 
Loss: 0.825192  SIA Ef: -0.052774 Binding: -0.25 0.12 -0.14 0.22 0.03 0.35 -0.24 0.46 -0.13 -0.32 -0.15  Rvol: 0.59 0.96 1.37 -0.33 -0.34 -0.14 0.07 0.14 0.75 1.22 1.53 -0.28 -0.16 0.05 0.25 
Loss: 0.825087  SIA Ef: -0.055320 Binding: -0.25 0.12 -0.15 0.21 0.03 0.35 -0.24 0.46 -0.13 -0.32 -0.15  Rvol: 0.59 0.96 1.36 -0.33 -0.34 -0.14 0.07 0.14 0.75 1.22 1.53 -0.28 -0.16 0.05 0.25 
Loss: 0.825054  SIA Ef: -0.054332 Binding: -0.25 0.12 -0.14 0.21 0.03 0.35 -0.24 0.46 -0.13 -0.32 -0.15  Rvol: 0.59 0.96 1.37 -0.33 -0.34 -0.14 0.07 0.14 0.75 1.22 1.53 -0.28 -0.16 0.05 0.25 
Loss: 0.825382  SIA Ef: -0.059936 Binding: -0.25 0.12 -0.15 0.21 0.03 0.35 -0.24 0.46 -0.13 -0.32 -0.15  Rvol: 0.59 0.96 1.36 -0.33 -0.34 -0.14 0.07 0.14 0.75 1.22 1.53 -0.28 -0.16 0.05 0.25 
Loss: 0.825111  SIA Ef: -0.054959 Binding: -0.25 0.12 -0.15 0.21 0.03 0.35 -0.24 0.46 -0.13 -0.32 -0.15  Rvol: 0.59 0.96 1.36 -0.33 -0.34 -0.14 0.07 0.14 0.75 1.22 1.53 -0.28 -0.16 0.05 0.25 
Loss: 0.824839  SIA Ef: -0.051365 Binding: -0.25 0.12 -0.14 0.22 0.03 0.35 -0.23 0.46 -0.13 -0.32 -0.15  Rvol: 0.59 0.96 1.37 -0.33 -0.34 -0.14 0.07 0.14 0.75 1.22 1.53 -0.28 -0.16 0.05 0.25 
Loss: 0.824904  SIA Ef: -0.052148 Binding: -0.25 0.12 -0.14 0.22 0.03 0.35 -0.23 0.46 -0.13 -0.32 -0.15  Rvol: 0.59 0.96 1.37 -0.33 -0.34 -0.14 0.07 0.14 0.75 1.22 1.53 -0.28 -0.16 0.05 0.25 
Loss: 0.825007  SIA Ef: -0.052107 Binding: -0.25 0.12 -0.14 0.22 0.03 0.35 -0.24 0.46 -0.13 -0.32 -0.15  Rvol: 0.59 0.96 1.37 -0.33 -0.34 -0.14 0.07 0.14 0.75 1.22 1.53 -0.28 -0.16 0.05 0.25 
Loss: 0.824768  SIA Ef: -0.048166 Binding: -0.25 0.12 -0.14 0.22 0.03 0.35 -0.24 0.46 -0.13 -0.32 -0.15  Rvol: 0.59 0.96 1.37 -0.33 -0.34 -0.14 0.07 0.14 0.75 1.22 1.53 -0.28 -0.16 0.05 0.25 
Loss: 0.824756  SIA Ef: -0.048912 Binding: -0.25 0.13 -0.14 0.22 0.03 0.35 -0.24 0.46 -0.13 -0.32 -0.15  Rvol: 0.59 0.96 1.37 -0.33 -0.34 -0.14 0.07 0.14 0.75 1.22 1.53 -0.28 -0.16 0.05 0.25 
Loss: 0.824878  SIA Ef: -0.046126 Binding: -0.25 0.13 -0.14 0.22 0.03 0.35 -0.23 0.46 -0.13 -0.32 -0.15  Rvol: 0.59 0.96 1.37 -0.33 -0.34 -0.14 0.07 0.14 0.75 1.22 1.53 -0.28 -0.16 0.05 0.25 
Loss: 0.824749  SIA Ef: -0.050053 Binding: -0.25 0.13 -0.15 0.22 0.03 0.35 -0.24 0.46 -0.13 -0.32 -0.15  Rvol: 0.59 0.96 1.37 -0.33 -0.34 -0.14 0.08 0.14 0.75 1.22 1.53 -0.28 -0.16 0.05 0.25 
Loss: 0.824693  SIA Ef: -0.052082 Binding: -0.25 0.13 -0.15 0.22 0.03 0.35 -0.24 0.46 -0.13 -0.32 -0.15  Rvol: 0.59 0.96 1.36 -0.33 -0.34 -0.14 0.08 0.14 0.75 1.22 1.53 -0.28 -0.16 0.05 0.25 
Loss: 0.824703  SIA Ef: -0.051463 Binding: -0.25 0.13 -0.14 0.22 0.03 0.35 -0.24 0.46 -0.13 -0.32 -0.15  Rvol: 0.59 0.96 1.37 -0.33 -0.34 -0.14 0.08 0.14 0.75 1.22 1.53 -0.28 -0.16 0.05 0.25 
Loss: 0.824437  SIA Ef: -0.048487 Binding: -0.25 0.13 -0.14 0.22 0.03 0.35 -0.24 0.46 -0.13 -0.32 -0.15  Rvol: 0.59 0.96 1.37 -0.33 -0.34 -0.14 0.07 0.14 0.75 1.22 1.53 -0.28 -0.16 0.05 0.25 
Loss: 0.824428  SIA Ef: -0.048322 Binding: -0.25 0.13 -0.14 0.22 0.03 0.35 -0.24 0.46 -0.13 -0.32 -0.15  Rvol: 0.59 0.96 1.37 -0.33 -0.34 -0.14 0.07 0.14 0.75 1.22 1.53 -0.28 -0.16 0.05 0.25 
Loss: 0.824480  SIA Ef: -0.049196 Binding: -0.25 0.13 -0.14 0.22 0.03 0.35 -0.24 0.46 -0.13 -0.32 -0.15  Rvol: 0.59 0.96 1.37 -0.33 -0.34 -0.14 0.07 0.14 0.75 1.22 1.53 -0.28 -0.16 0.05 0.25 
Loss: 0.824488  SIA Ef: -0.045504 Binding: -0.25 0.13 -0.14 0.22 0.03 0.35 -0.24 0.46 -0.13 -0.32 -0.15  Rvol: 0.59 0.96 1.37 -0.33 -0.34 -0.14 0.07 0.14 0.75 1.22 1.53 -0.28 -0.16 0.05 0.25 
Loss: 0.824488  SIA Ef: -0.047569 Binding: -0.25 0.13 -0.14 0.22 0.03 0.35 -0.24 0.46 -0.13 -0.32 -0.15  Rvol: 0.59 0.96 1.37 -0.33 -0.34 -0.14 0.07 0.14 0.75 1.22 1.53 -0.28 -0.16 0.05 0.25 
Loss: 0.824798  SIA Ef: -0.045357 Binding: -0.25 0.13 -0.14 0.22 0.03 0.35 -0.23 0.46 -0.13 -0.32 -0.15  Rvol: 0.59 0.96 1.37 -0.33 -0.34 -0.14 0.07 0.14 0.75 1.22 1.53 -0.28 -0.16 0.05 0.25 
Loss: 0.824492  SIA Ef: -0.049495 Binding: -0.25 0.13 -0.14 0.22 0.03 0.35 -0.24 0.46 -0.13 -0.32 -0.15  Rvol: 0.59 0.96 1.37 -0.33 -0.34 -0.14 0.07 0.14 0.75 1.22 1.53 -0.28 -0.16 0.05 0.25 
Loss: 0.824616  SIA Ef: -0.051192 Binding: -0.25 0.13 -0.15 0.22 0.03 0.35 -0.24 0.46 -0.13 -0.32 -0.15  Rvol: 0.59 0.96 1.37 -0.33 -0.34 -0.14 0.08 0.14 0.75 1.22 1.53 -0.28 -0.16 0.05 0.25 
Loss: 0.824493  SIA Ef: -0.048915 Binding: -0.25 0.13 -0.14 0.22 0.03 0.35 -0.24 0.46 -0.13 -0.32 -0.15  Rvol: 0.59 0.96 1.37 -0.33 -0.34 -0.14 0.07 0.14 0.75 1.22 1.53 -0.28 -0.16 0.05 0.25 
Loss: 0.824432  SIA Ef: -0.048771 Binding: -0.25 0.13 -0.14 0.22 0.03 0.35 -0.24 0.46 -0.13 -0.32 -0.15  Rvol: 0.59 0.96 1.37 -0.33 -0.34 -0.14 0.07 0.14 0.75 1.22 1.53 -0.28 -0.16 0.05 0.25 
Loss: 0.824477  SIA Ef: -0.049608 Binding: -0.25 0.13 -0.14 0.22 0.03 0.35 -0.24 0.46 -0.13 -0.32 -0.15  Rvol: 0.59 0.96 1.37 -0.33 -0.34 -0.14 0.07 0.14 0.75 1.22 1.53 -0.28 -0.16 0.05 0.25 
Loss: 0.824383  SIA Ef: -0.048880 Binding: -0.25 0.13 -0.14 0.22 0.03 0.35 -0.24 0.46 -0.13 -0.32 -0.15  Rvol: 0.59 0.96 1.37 -0.33 -0.34 -0.14 0.07 0.14 0.75 1.22 1.53 -0.28 -0.16 0.05 0.25 
Loss: 0.824445  SIA Ef: -0.047897 Binding: -0.25 0.13 -0.14 0.22 0.03 0.35 -0.24 0.46 -0.13 -0.32 -0.15  Rvol: 0.59 0.96 1.37 -0.33 -0.34 -0.14 0.07 0.14 0.75 1.22 1.53 -0.28 -0.16 0.05 0.25 
Loss: 0.824391  SIA Ef: -0.048989 Binding: -0.25 0.13 -0.14 0.22 0.03 0.35 -0.24 0.46 -0.13 -0.32 -0.15  Rvol: 0.59 0.96 1.37 -0.33 -0.34 -0.14 0.07 0.14 0.75 1.22 1.53 -0.28 -0.16 0.05 0.25 
Loss: 0.824680  SIA Ef: -0.047499 Binding: -0.25 0.13 -0.14 0.22 0.03 0.35 -0.24 0.46 -0.13 -0.32 -0.15  Rvol: 0.59 0.96 1.37 -0.33 -0.34 -0.14 0.07 0.14 0.75 1.22 1.53 -0.28 -0.16 0.05 0.25 
Loss: 0.824429  SIA Ef: -0.048210 Binding: -0.25 0.13 -0.14 0.22 0.03 0.35 -0.24 0.46 -0.13 -0.32 -0.15  Rvol: 0.59 0.96 1.37 -0.33 -0.34 -0.14 0.07 0.14 0.75 1.22 1.53 -0.28 -0.16 0.05 0.25 
Loss: 0.824469  SIA Ef: -0.051160 Binding: -0.25 0.13 -0.14 0.22 0.03 0.35 -0.24 0.46 -0.13 -0.32 -0.15  Rvol: 0.59 0.96 1.37 -0.33 -0.34 -0.14 0.08 0.14 0.75 1.22 1.53 -0.28 -0.16 0.05 0.25 
Loss: 0.824374  SIA Ef: -0.049001 Binding: -0.25 0.13 -0.14 0.22 0.03 0.35 -0.24 0.46 -0.13 -0.32 -0.15  Rvol: 0.59 0.96 1.37 -0.33 -0.34 -0.14 0.07 0.14 0.75 1.22 1.53 -0.28 -0.16 0.05 0.25 
Loss: 0.824405  SIA Ef: -0.048635 Binding: -0.25 0.13 -0.14 0.22 0.03 0.35 -0.24 0.46 -0.13 -0.32 -0.15  Rvol: 0.59 0.96 1.37 -0.33 -0.34 -0.14 0.07 0.14 0.75 1.22 1.53 -0.28 -0.16 0.05 0.25 
Loss: 0.824407  SIA Ef: -0.049196 Binding: -0.25 0.13 -0.14 0.22 0.03 0.35 -0.24 0.46 -0.13 -0.32 -0.15  Rvol: 0.59 0.96 1.37 -0.33 -0.34 -0.14 0.07 0.14 0.75 1.22 1.53 -0.28 -0.16 0.05 0.25 
Loss: 0.824425  SIA Ef: -0.048733 Binding: -0.25 0.13 -0.14 0.22 0.03 0.35 -0.24 0.46 -0.13 -0.32 -0.15  Rvol: 0.59 0.96 1.37 -0.33 -0.34 -0.14 0.07 0.14 0.75 1.22 1.53 -0.28 -0.16 0.05 0.25 
Loss: 0.824393  SIA Ef: -0.049158 Binding: -0.25 0.13 -0.14 0.22 0.03 0.35 -0.24 0.46 -0.13 -0.32 -0.15  Rvol: 0.59 0.96 1.37 -0.33 -0.34 -0.14 0.07 0.14 0.75 1.22 1.53 -0.28 -0.16 0.05 0.25 
Loss: 0.824473  SIA Ef: -0.048613 Binding: -0.25 0.13 -0.14 0.22 0.03 0.35 -0.24 0.46 -0.13 -0.32 -0.15  Rvol: 0.59 0.96 1.37 -0.33 -0.34 -0.14 0.07 0.14 0.75 1.22 1.53 -0.28 -0.16 0.05 0.25 
Loss: 0.824412  SIA Ef: -0.050195 Binding: -0.25 0.13 -0.14 0.22 0.03 0.35 -0.24 0.46 -0.13 -0.32 -0.15  Rvol: 0.59 0.96 1.37 -0.33 -0.34 -0.14 0.07 0.14 0.75 1.22 1.53 -0.28 -0.16 0.05 0.25 
Loss: 0.824437  SIA Ef: -0.049134 Binding: -0.25 0.13 -0.14 0.22 0.03 0.35 -0.24 0.46 -0.13 -0.32 -0.15  Rvol: 0.59 0.96 1.37 -0.33 -0.34 -0.14 0.07 0.14 0.75 1.22 1.53 -0.28 -0.16 0.05 0.25 
Loss: 0.824467  SIA Ef: -0.048836 Binding: -0.25 0.13 -0.14 0.22 0.03 0.35 -0.24 0.46 -0.13 -0.32 -0.15  Rvol: 0.59 0.96 1.37 -0.33 -0.34 -0.14 0.07 0.14 0.75 1.22 1.53 -0.28 -0.16 0.05 0.25 
