Start Optimization 
Loss: 4.016515  SIA Ef: -0.105140 Binding: 0.41 0.68 0.13 0.86 1.07 0.72 -0.26 0.60 0.30 0.30 0.42  Rvol: 0.50 1.02 1.21 -0.33 -0.17 0.12 0.36 0.14 0.73 1.02 1.42 -0.28 -0.07 0.21 0.43 
Loss: 3.929062  SIA Ef: -0.045308 Binding: 0.41 0.69 0.14 0.87 1.09 0.70 -0.32 0.54 0.28 0.25 0.35  Rvol: 0.50 1.02 1.22 -0.33 -0.17 0.13 0.36 0.14 0.73 1.02 1.43 -0.28 -0.07 0.22 0.44 
Loss: 87.596926  SIA Ef: 4.580506 Binding: 1.84 3.50 4.54 3.53 3.49 0.81 0.65 1.28 0.03 0.20 0.53  Rvol: 0.71 1.45 2.13 -0.33 0.13 0.59 0.99 0.14 0.95 1.71 2.29 -0.28 0.23 0.67 1.11 
Loss: 44.103930  SIA Ef: 0.485458 Binding: -0.56 -0.02 -5.06 1.43 1.42 1.04 0.85 -0.05 3.25 0.01 -0.30  Rvol: 0.52 0.96 1.33 -0.33 0.01 0.60 1.05 0.14 0.78 1.26 1.28 -0.28 0.13 0.58 0.93 
Loss: 250.474087  SIA Ef: 12.129261 Binding: 3.05 2.00 8.06 3.31 2.33 1.35 -0.33 1.05 -0.19 -0.11 -0.04  Rvol: 1.27 2.06 2.87 -0.33 -0.13 0.13 0.61 0.14 1.44 2.29 3.09 -0.28 0.01 0.29 0.74 
Loss: 22.695108  SIA Ef: -0.045308 Binding: 0.41 0.69 0.14 0.87 1.09 -0.26 -2.38 -2.17 -0.67 -1.72 -2.47  Rvol: 0.50 1.02 1.22 -0.33 -0.17 0.13 0.36 0.14 0.75 1.03 1.44 -0.28 -0.06 0.24 0.51 
Loss: 4.372354  SIA Ef: -0.045308 Binding: 0.41 0.69 0.14 0.87 1.09 0.76 -0.02 0.67 0.33 0.42 0.53  Rvol: 0.50 1.02 1.22 -0.33 -0.17 0.13 0.36 0.14 0.71 1.01 1.44 -0.28 -0.08 0.19 0.41 
Loss: 4.117315  SIA Ef: -0.045308 Binding: 0.41 0.69 0.14 0.87 1.09 0.72 -0.37 0.62 0.29 0.26 0.39  Rvol: 0.50 1.02 1.22 -0.33 -0.17 0.13 0.36 0.14 0.74 1.03 1.43 -0.28 -0.07 0.23 0.46 
Loss: 4.370881  SIA Ef: -0.045308 Binding: -0.62 -1.30 0.14 -0.16 -0.90 0.70 0.36 0.59 0.28 0.26 0.40  Rvol: 0.50 1.03 1.23 -0.33 -0.17 0.13 0.37 0.14 0.73 1.27 1.44 -0.28 -0.07 0.22 0.43 
Loss: 4.951765  SIA Ef: -0.045308 Binding: 0.55 0.88 0.14 1.01 1.22 0.70 -0.47 0.49 0.28 0.24 0.33  Rvol: 0.50 1.01 1.19 -0.33 -0.17 0.12 0.35 0.14 0.73 1.03 1.42 -0.28 -0.07 0.22 0.45 
Loss: 3.871242  SIA Ef: -0.045308 Binding: 0.39 0.69 0.14 0.84 1.09 0.70 -0.24 0.56 0.28 0.26 0.36  Rvol: 0.50 1.04 1.23 -0.33 -0.17 0.13 0.37 0.14 0.73 1.02 1.43 -0.28 -0.07 0.22 0.45 
Loss: 290.620448  SIA Ef: -15.696951 Binding: -0.11 -0.12 -4.72 -0.53 -0.83 0.41 0.21 0.52 2.84 0.35 2.74  Rvol: -0.11 -0.25 -0.38 -0.33 -0.35 -0.64 -0.70 0.14 0.03 -0.16 -0.62 -0.28 -0.32 -0.65 -0.68 
Loss: 19.571362  SIA Ef: 1.306027 Binding: 1.05 1.54 1.85 1.98 2.16 0.76 -0.18 0.91 0.16 0.25 0.38  Rvol: 0.54 1.15 1.43 -0.33 -0.02 0.36 0.63 0.14 0.80 1.21 1.68 -0.28 0.07 0.44 0.74 
Loss: 3.849289  SIA Ef: -0.029421 Binding: 0.39 0.69 0.14 0.85 1.10 0.70 -0.26 0.54 0.27 0.25 0.35  Rvol: 0.50 1.04 1.23 -0.33 -0.17 0.13 0.37 0.14 0.73 1.02 1.43 -0.28 -0.07 0.22 0.45 
Loss: 44.251815  SIA Ef: 0.020194 Binding: 0.17 0.36 -4.79 2.12 -0.31 0.92 -0.06 0.15 3.42 -0.97 1.65  Rvol: 0.42 1.15 1.17 -0.33 -0.13 0.26 0.44 0.14 0.74 1.10 1.24 -0.28 -0.00 0.22 0.51 
Loss: 7.519433  SIA Ef: 0.224035 Binding: 0.36 0.70 0.29 0.87 1.08 0.93 0.30 1.31 0.49 0.75 1.09  Rvol: 0.52 1.05 1.26 -0.33 -0.17 0.13 0.38 0.14 0.74 1.05 1.48 -0.28 -0.07 0.22 0.46 
Loss: 73.899308  SIA Ef: 6.063479 Binding: 0.95 1.43 4.95 2.06 1.44 0.37 0.20 0.91 -0.16 -0.05 -0.02  Rvol: 0.91 1.63 2.23 -0.33 -0.17 0.10 0.51 0.14 1.05 1.70 2.43 -0.28 -0.04 0.24 0.65 
Loss: 3.983861  SIA Ef: -0.034952 Binding: 0.39 0.69 0.13 0.85 1.10 0.71 -0.30 0.61 0.29 0.25 0.38  Rvol: 0.50 1.04 1.23 -0.33 -0.17 0.13 0.37 0.14 0.74 1.03 1.44 -0.28 -0.06 0.23 0.47 
Loss: 56.586634  SIA Ef: -6.824181 Binding: 0.71 0.61 -1.82 0.56 1.34 0.80 -0.68 0.21 1.24 0.27 0.62  Rvol: 0.18 0.69 0.45 -0.33 -0.21 -0.05 -0.01 0.14 0.53 0.38 0.52 -0.28 -0.22 0.02 -0.07 
Loss: 3.849313  SIA Ef: -0.025223 Binding: 0.39 0.69 0.14 0.85 1.10 0.70 -0.24 0.54 0.27 0.25 0.35  Rvol: 0.50 1.04 1.23 -0.33 -0.17 0.13 0.37 0.14 0.73 1.02 1.44 -0.28 -0.07 0.22 0.44 
Loss: 19.432482  SIA Ef: 0.961219 Binding: 1.09 1.57 1.95 2.02 2.18 0.75 -0.22 0.88 0.14 0.23 0.35  Rvol: 0.52 1.13 1.40 -0.33 -0.02 0.35 0.61 0.14 0.80 1.19 1.64 -0.28 0.07 0.44 0.72 
Loss: 6.878247  SIA Ef: -0.035160 Binding: 0.64 1.19 0.13 1.10 1.59 0.70 -0.29 0.54 0.27 0.25 0.34  Rvol: 0.50 1.03 1.23 -0.33 -0.17 0.13 0.37 0.14 0.73 1.02 1.43 -0.28 -0.07 0.22 0.45 
Loss: 56.415079  SIA Ef: -6.821273 Binding: 0.64 0.50 -1.92 0.47 1.22 0.80 -0.66 0.20 1.29 0.27 0.65  Rvol: 0.19 0.68 0.45 -0.33 -0.22 -0.06 -0.02 0.14 0.52 0.38 0.52 -0.28 -0.22 -0.00 -0.08 
Loss: 3.926904  SIA Ef: -0.042706 Binding: 0.38 0.71 0.13 0.83 1.13 0.70 -0.19 0.57 0.27 0.25 0.36  Rvol: 0.50 1.05 1.24 -0.33 -0.17 0.13 0.37 0.14 0.73 1.02 1.44 -0.28 -0.07 0.22 0.45 
Loss: 56.410581  SIA Ef: -6.821239 Binding: 0.64 0.50 -1.92 0.47 1.21 0.80 -0.67 0.20 1.29 0.27 0.65  Rvol: 0.19 0.68 0.45 -0.33 -0.22 -0.06 -0.02 0.14 0.52 0.38 0.52 -0.28 -0.22 0.00 -0.07 
Loss: 16.386125  SIA Ef: -3.392562 Binding: 0.54 0.57 -0.88 0.64 1.16 0.77 -0.52 0.33 0.62 0.26 0.44  Rvol: 0.34 0.86 0.84 -0.33 -0.19 0.04 0.18 0.14 0.63 0.70 0.97 -0.28 -0.15 0.12 0.20 
Loss: 3.857695  SIA Ef: -0.028980 Binding: 0.39 0.69 0.14 0.84 1.10 0.70 -0.25 0.55 0.27 0.25 0.35  Rvol: 0.50 1.04 1.23 -0.33 -0.17 0.13 0.37 0.14 0.73 1.02 1.44 -0.28 -0.07 0.22 0.45 
Loss: 8.823617  SIA Ef: 0.182220 Binding: 0.73 1.08 0.96 1.39 1.62 0.72 -0.29 0.68 0.21 0.24 0.34  Rvol: 0.50 1.06 1.26 -0.33 -0.10 0.23 0.48 0.14 0.75 1.08 1.49 -0.28 -0.01 0.32 0.57 
Loss: 8.062533  SIA Ef: 1.172022 Binding: 0.17 0.78 1.57 1.13 0.83 0.57 0.25 0.84 0.06 0.16 0.42  Rvol: 0.59 1.06 1.45 -0.33 -0.18 0.11 0.42 0.14 0.76 1.21 1.68 -0.28 -0.07 0.22 0.49 
Loss: 4.173278  SIA Ef: 0.389311 Binding: 0.34 0.55 -0.82 0.62 1.04 0.72 -0.34 0.38 0.52 0.23 0.38  Rvol: 0.51 1.07 1.25 -0.33 -0.16 0.15 0.41 0.14 0.75 1.01 1.43 -0.28 -0.08 0.23 0.46 
Loss: 4.344035  SIA Ef: -0.857428 Binding: 0.41 0.59 -0.41 0.70 1.07 0.72 -0.38 0.41 0.40 0.24 0.36  Rvol: 0.46 1.00 1.12 -0.33 -0.18 0.11 0.33 0.14 0.70 0.93 1.30 -0.28 -0.09 0.19 0.38 
Loss: 3.777957  SIA Ef: -0.008642 Binding: 0.36 0.64 0.15 0.82 1.05 0.72 -0.21 0.61 0.29 0.29 0.41  Rvol: 0.50 1.04 1.23 -0.33 -0.17 0.13 0.37 0.14 0.73 1.03 1.44 -0.28 -0.07 0.22 0.45 
Loss: 4.381490  SIA Ef: -0.120567 Binding: 0.39 0.68 -0.06 0.80 1.10 0.77 -0.14 0.71 0.38 0.39 0.56  Rvol: 0.50 1.03 1.21 -0.33 -0.17 0.12 0.36 0.14 0.73 1.01 1.41 -0.28 -0.07 0.21 0.44 
Loss: 3.781100  SIA Ef: -0.006540 Binding: 0.36 0.64 0.15 0.83 1.05 0.72 -0.22 0.60 0.29 0.29 0.41  Rvol: 0.50 1.04 1.23 -0.33 -0.17 0.13 0.37 0.14 0.73 1.03 1.44 -0.28 -0.07 0.22 0.45 
Loss: 4.440310  SIA Ef: -0.146215 Binding: 0.45 0.70 0.09 0.90 1.18 0.74 -0.26 0.60 0.32 0.30 0.42  Rvol: 0.49 1.03 1.21 -0.33 -0.15 0.15 0.39 0.14 0.73 1.01 1.41 -0.28 -0.06 0.24 0.47 
Loss: 3.772585  SIA Ef: -0.005236 Binding: 0.36 0.64 0.15 0.82 1.05 0.72 -0.21 0.60 0.29 0.29 0.40  Rvol: 0.50 1.04 1.23 -0.33 -0.17 0.13 0.37 0.14 0.73 1.03 1.44 -0.28 -0.07 0.22 0.45 
Loss: 3.502352  SIA Ef: 0.253984 Binding: 0.33 0.56 -0.28 0.70 1.00 0.72 -0.25 0.52 0.37 0.27 0.40  Rvol: 0.51 1.06 1.25 -0.33 -0.16 0.14 0.39 0.14 0.74 1.02 1.44 -0.28 -0.07 0.23 0.46 
Loss: 3.478210  SIA Ef: 0.259637 Binding: 0.32 0.56 -0.28 0.70 1.00 0.72 -0.24 0.52 0.36 0.28 0.39  Rvol: 0.51 1.06 1.25 -0.33 -0.16 0.14 0.39 0.14 0.74 1.02 1.45 -0.28 -0.07 0.23 0.46 
Loss: 3.660927  SIA Ef: 0.903356 Binding: 0.20 0.54 0.17 0.73 0.87 0.66 -0.02 0.55 0.23 0.22 0.30  Rvol: 0.55 1.08 1.34 -0.33 -0.17 0.14 0.41 0.14 0.76 1.16 1.56 -0.28 -0.07 0.23 0.49 
Loss: 3.490368  SIA Ef: 0.259101 Binding: 0.32 0.56 -0.28 0.70 1.00 0.72 -0.25 0.52 0.36 0.28 0.40  Rvol: 0.51 1.06 1.25 -0.33 -0.16 0.14 0.39 0.14 0.74 1.02 1.45 -0.28 -0.07 0.23 0.46 
Loss: 3.597321  SIA Ef: -0.388877 Binding: 0.30 0.44 -0.78 0.55 0.92 0.73 -0.34 0.38 0.50 0.24 0.40  Rvol: 0.48 1.03 1.17 -0.33 -0.17 0.12 0.35 0.14 0.72 0.95 1.34 -0.28 -0.09 0.20 0.39 
Loss: 3.476128  SIA Ef: 0.259092 Binding: 0.33 0.56 -0.28 0.70 1.00 0.72 -0.25 0.52 0.36 0.28 0.39  Rvol: 0.51 1.06 1.25 -0.33 -0.16 0.14 0.39 0.14 0.74 1.02 1.44 -0.28 -0.07 0.23 0.46 
Loss: 3.726459  SIA Ef: 0.282127 Binding: 0.37 0.56 -0.35 0.74 1.06 0.71 -0.31 0.46 0.39 0.25 0.36  Rvol: 0.50 1.07 1.24 -0.33 -0.15 0.16 0.42 0.14 0.74 1.02 1.43 -0.28 -0.06 0.25 0.48 
Loss: 4.234879  SIA Ef: 0.314847 Binding: 0.32 0.55 -0.64 0.63 1.01 0.78 -0.17 0.60 0.50 0.37 0.56  Rvol: 0.51 1.07 1.25 -0.33 -0.17 0.14 0.40 0.14 0.74 1.01 1.43 -0.28 -0.07 0.22 0.45 
Loss: 3.532399  SIA Ef: 0.257145 Binding: 0.35 0.60 -0.30 0.72 1.04 0.70 -0.30 0.45 0.35 0.23 0.34  Rvol: 0.51 1.06 1.25 -0.33 -0.16 0.14 0.39 0.14 0.74 1.02 1.44 -0.28 -0.07 0.23 0.46 
Loss: 3.489683  SIA Ef: 0.256498 Binding: 0.32 0.56 -0.28 0.70 1.00 0.72 -0.24 0.52 0.36 0.28 0.40  Rvol: 0.51 1.06 1.25 -0.33 -0.16 0.14 0.39 0.14 0.74 1.02 1.45 -0.28 -0.07 0.23 0.46 
Loss: 3.456568  SIA Ef: 0.217127 Binding: 0.33 0.57 -0.19 0.73 1.00 0.72 -0.24 0.53 0.34 0.27 0.39  Rvol: 0.51 1.06 1.25 -0.33 -0.17 0.14 0.38 0.14 0.74 1.02 1.45 -0.28 -0.07 0.22 0.46 
Loss: 3.580123  SIA Ef: 0.067008 Binding: 0.36 0.59 -0.22 0.74 1.03 0.73 -0.25 0.54 0.36 0.28 0.40  Rvol: 0.50 1.05 1.23 -0.33 -0.16 0.14 0.38 0.14 0.73 1.01 1.42 -0.28 -0.07 0.22 0.45 
Loss: 3.426377  SIA Ef: 0.428945 Binding: 0.29 0.58 0.14 0.77 0.96 0.69 -0.21 0.56 0.26 0.25 0.34  Rvol: 0.52 1.06 1.28 -0.33 -0.17 0.13 0.39 0.14 0.75 1.06 1.49 -0.28 -0.07 0.22 0.47 
Loss: 3.819820  SIA Ef: 0.584183 Binding: 0.28 0.62 0.24 0.81 0.98 0.69 -0.17 0.60 0.25 0.26 0.36  Rvol: 0.53 1.06 1.30 -0.33 -0.17 0.14 0.40 0.14 0.75 1.08 1.52 -0.28 -0.07 0.23 0.48 
Loss: 2.853864  SIA Ef: 0.209787 Binding: 0.27 0.51 -0.07 0.69 0.90 0.68 -0.25 0.49 0.29 0.23 0.32  Rvol: 0.51 1.05 1.26 -0.33 -0.17 0.12 0.37 0.14 0.74 1.03 1.46 -0.28 -0.08 0.21 0.45 
Loss: 2.745863  SIA Ef: -0.177222 Binding: 0.28 0.48 -0.19 0.66 0.89 0.69 -0.30 0.44 0.31 0.22 0.31  Rvol: 0.50 1.03 1.21 -0.33 -0.18 0.11 0.35 0.14 0.73 1.00 1.40 -0.28 -0.08 0.20 0.42 
Loss: 2.679480  SIA Ef: -0.190758 Binding: 0.29 0.45 -0.24 0.65 0.89 0.68 -0.35 0.39 0.31 0.19 0.26  Rvol: 0.49 1.03 1.20 -0.33 -0.17 0.12 0.36 0.14 0.73 0.99 1.40 -0.28 -0.08 0.21 0.43 
Loss: 2.684281  SIA Ef: -0.188549 Binding: 0.29 0.46 -0.24 0.65 0.90 0.67 -0.35 0.37 0.31 0.18 0.25  Rvol: 0.49 1.03 1.20 -0.33 -0.17 0.12 0.36 0.14 0.73 0.99 1.40 -0.28 -0.08 0.21 0.43 
Loss: 2.689964  SIA Ef: -0.206269 Binding: 0.30 0.48 -0.27 0.65 0.91 0.66 -0.40 0.32 0.30 0.14 0.21  Rvol: 0.49 1.03 1.20 -0.33 -0.17 0.12 0.36 0.14 0.73 0.99 1.39 -0.28 -0.08 0.21 0.42 
Loss: 2.679447  SIA Ef: -0.191577 Binding: 0.28 0.45 -0.24 0.65 0.89 0.68 -0.34 0.39 0.31 0.19 0.26  Rvol: 0.49 1.03 1.20 -0.33 -0.17 0.12 0.36 0.14 0.73 0.99 1.40 -0.28 -0.08 0.21 0.43 
Loss: 2.656986  SIA Ef: -0.201928 Binding: 0.28 0.45 -0.24 0.64 0.88 0.68 -0.34 0.39 0.31 0.19 0.27  Rvol: 0.49 1.03 1.20 -0.33 -0.17 0.12 0.36 0.14 0.73 0.99 1.40 -0.28 -0.08 0.21 0.42 
Loss: 2.657430  SIA Ef: -0.202135 Binding: 0.28 0.45 -0.24 0.64 0.88 0.68 -0.34 0.39 0.31 0.19 0.27  Rvol: 0.49 1.03 1.20 -0.33 -0.17 0.12 0.36 0.14 0.73 0.99 1.39 -0.28 -0.08 0.21 0.42 
Loss: 2.495241  SIA Ef: -0.257008 Binding: 0.24 0.38 -0.42 0.56 0.82 0.68 -0.34 0.35 0.35 0.18 0.27  Rvol: 0.49 1.03 1.20 -0.33 -0.18 0.11 0.35 0.14 0.72 0.98 1.38 -0.28 -0.09 0.20 0.41 
Loss: 1.954446  SIA Ef: -0.139885 Binding: 0.19 0.35 -0.19 0.57 0.74 0.65 -0.16 0.35 0.27 0.15 0.21  Rvol: 0.50 1.03 1.22 -0.33 -0.18 0.10 0.35 0.14 0.73 1.10 1.41 -0.28 -0.09 0.19 0.42 
Loss: 1.698347  SIA Ef: 0.000531 Binding: 0.14 0.33 0.03 0.58 0.68 0.62 -0.14 0.35 0.21 0.12 0.16  Rvol: 0.51 1.03 1.25 -0.33 -0.19 0.10 0.34 0.14 0.73 1.11 1.45 -0.28 -0.08 0.19 0.42 
Loss: 1.414124  SIA Ef: -0.015801 Binding: 0.09 0.27 -0.02 0.52 0.59 0.61 -0.10 0.32 0.20 0.11 0.14  Rvol: 0.51 1.03 1.25 -0.33 -0.19 0.09 0.33 0.14 0.73 1.11 1.45 -0.28 -0.09 0.18 0.41 
Loss: 1.320683  SIA Ef: -0.013422 Binding: 0.06 0.25 0.07 0.52 0.56 0.60 -0.08 0.32 0.18 0.09 0.12  Rvol: 0.52 1.03 1.25 -0.33 -0.20 0.08 0.33 0.14 0.73 1.11 1.45 -0.28 -0.09 0.18 0.41 
Loss: 1.204240  SIA Ef: -0.022849 Binding: 0.04 0.21 -0.10 0.46 0.52 0.60 -0.10 0.29 0.20 0.09 0.12  Rvol: 0.51 1.03 1.25 -0.33 -0.20 0.08 0.32 0.14 0.73 1.11 1.44 -0.28 -0.09 0.17 0.41 
Loss: 1.179760  SIA Ef: -0.018583 Binding: 0.04 0.20 -0.10 0.45 0.51 0.60 -0.09 0.29 0.20 0.09 0.11  Rvol: 0.51 1.03 1.25 -0.33 -0.20 0.08 0.32 0.14 0.73 1.11 1.44 -0.28 -0.09 0.17 0.40 
Loss: 1.179496  SIA Ef: 0.079289 Binding: 0.04 0.20 -0.09 0.46 0.52 0.60 -0.10 0.27 0.19 0.08 0.10  Rvol: 0.52 1.04 1.26 -0.33 -0.20 0.09 0.33 0.14 0.74 1.12 1.45 -0.28 -0.09 0.18 0.41 
Loss: 1.406950  SIA Ef: 0.437765 Binding: -0.00 0.22 0.05 0.47 0.49 0.59 -0.02 0.33 0.17 0.09 0.12  Rvol: 0.54 1.06 1.31 -0.33 -0.20 0.09 0.35 0.14 0.75 1.15 1.51 -0.28 -0.09 0.18 0.43 
Loss: 1.206715  SIA Ef: 0.086551 Binding: 0.03 0.19 -0.08 0.46 0.50 0.61 -0.08 0.31 0.20 0.10 0.13  Rvol: 0.52 1.04 1.26 -0.33 -0.20 0.09 0.33 0.14 0.74 1.12 1.45 -0.28 -0.09 0.18 0.41 
Loss: 1.160789  SIA Ef: 0.054553 Binding: 0.03 0.18 -0.10 0.45 0.50 0.60 -0.10 0.29 0.20 0.09 0.11  Rvol: 0.52 1.04 1.26 -0.33 -0.20 0.09 0.33 0.14 0.73 1.12 1.45 -0.28 -0.09 0.18 0.41 
Loss: 1.160795  SIA Ef: 0.060563 Binding: 0.03 0.18 -0.10 0.45 0.50 0.60 -0.10 0.28 0.20 0.08 0.11  Rvol: 0.52 1.04 1.26 -0.33 -0.20 0.09 0.33 0.14 0.73 1.12 1.45 -0.28 -0.09 0.18 0.41 
Loss: 1.018423  SIA Ef: -0.125035 Binding: 0.01 0.13 -0.16 0.40 0.45 0.59 -0.15 0.23 0.19 0.05 0.07  Rvol: 0.51 1.03 1.24 -0.33 -0.20 0.08 0.32 0.14 0.73 1.11 1.42 -0.28 -0.10 0.17 0.40 
Loss: 1.388938  SIA Ef: -0.400769 Binding: 0.03 0.08 -0.52 0.33 0.45 0.61 -0.17 0.17 0.28 0.06 0.11  Rvol: 0.49 1.02 1.20 -0.33 -0.20 0.07 0.31 0.14 0.72 1.09 1.37 -0.28 -0.10 0.16 0.37 
Loss: 0.991285  SIA Ef: -0.120506 Binding: 0.00 0.13 -0.10 0.41 0.44 0.58 -0.14 0.23 0.18 0.05 0.05  Rvol: 0.51 1.03 1.24 -0.33 -0.20 0.08 0.32 0.14 0.73 1.11 1.43 -0.28 -0.10 0.17 0.40 
Loss: 1.009966  SIA Ef: -0.120253 Binding: 0.01 0.15 0.07 0.46 0.46 0.57 -0.13 0.23 0.14 0.02 0.02  Rvol: 0.51 1.03 1.24 -0.33 -0.20 0.08 0.32 0.14 0.73 1.11 1.44 -0.28 -0.09 0.17 0.40 
Loss: 1.042849  SIA Ef: -0.196475 Binding: 0.02 0.14 -0.06 0.44 0.46 0.58 -0.14 0.23 0.17 0.04 0.05  Rvol: 0.51 1.02 1.23 -0.33 -0.20 0.08 0.31 0.14 0.73 1.10 1.42 -0.28 -0.10 0.17 0.40 
Loss: 0.972242  SIA Ef: 0.171159 Binding: -0.06 0.13 0.18 0.44 0.38 0.55 -0.05 0.27 0.12 0.03 0.03  Rvol: 0.53 1.03 1.28 -0.33 -0.21 0.07 0.33 0.14 0.74 1.13 1.48 -0.28 -0.10 0.17 0.41 
Loss: 0.846744  SIA Ef: 0.112023 Binding: -0.07 0.10 0.09 0.40 0.35 0.55 -0.07 0.23 0.12 0.02 0.01  Rvol: 0.53 1.03 1.28 -0.33 -0.21 0.07 0.32 0.14 0.74 1.13 1.47 -0.28 -0.10 0.17 0.40 
Loss: 0.759814  SIA Ef: 0.047556 Binding: -0.08 0.07 0.01 0.37 0.33 0.55 -0.08 0.20 0.13 0.00 -0.01  Rvol: 0.52 1.03 1.27 -0.33 -0.21 0.06 0.31 0.14 0.74 1.13 1.46 -0.28 -0.10 0.16 0.40 
Loss: 0.726702  SIA Ef: 0.016810 Binding: -0.08 0.07 -0.05 0.35 0.33 0.54 -0.10 0.15 0.13 -0.02 -0.04  Rvol: 0.52 1.03 1.26 -0.33 -0.21 0.06 0.31 0.14 0.73 1.13 1.45 -0.28 -0.10 0.16 0.39 
Loss: 0.714299  SIA Ef: 0.010013 Binding: -0.09 0.06 -0.07 0.35 0.32 0.54 -0.10 0.15 0.13 -0.02 -0.04  Rvol: 0.52 1.03 1.26 -0.33 -0.21 0.06 0.31 0.14 0.73 1.13 1.45 -0.28 -0.10 0.16 0.39 
Loss: 0.713086  SIA Ef: -0.039096 Binding: -0.09 0.06 -0.07 0.34 0.32 0.54 -0.09 0.16 0.13 -0.01 -0.03  Rvol: 0.52 1.03 1.26 -0.33 -0.21 0.06 0.30 0.14 0.73 1.12 1.45 -0.28 -0.11 0.16 0.39 
Loss: 0.700727  SIA Ef: -0.083301 Binding: -0.10 0.04 -0.12 0.32 0.30 0.55 -0.09 0.16 0.14 -0.01 -0.03  Rvol: 0.52 1.03 1.25 -0.33 -0.21 0.06 0.30 0.14 0.73 1.12 1.44 -0.28 -0.11 0.15 0.38 
Loss: 0.693887  SIA Ef: -0.090745 Binding: -0.10 0.04 -0.08 0.33 0.30 0.54 -0.10 0.15 0.13 -0.02 -0.04  Rvol: 0.52 1.03 1.25 -0.33 -0.21 0.06 0.30 0.14 0.73 1.12 1.44 -0.28 -0.11 0.15 0.38 
Loss: 0.687883  SIA Ef: -0.159107 Binding: -0.11 0.01 -0.14 0.30 0.27 0.54 -0.10 0.14 0.14 -0.02 -0.04  Rvol: 0.51 1.02 1.24 -0.33 -0.22 0.05 0.30 0.14 0.73 1.12 1.43 -0.28 -0.11 0.15 0.38 
Loss: 0.693543  SIA Ef: -0.143503 Binding: -0.11 0.01 -0.18 0.29 0.27 0.54 -0.09 0.13 0.15 -0.02 -0.04  Rvol: 0.52 1.03 1.25 -0.33 -0.22 0.05 0.30 0.14 0.73 1.12 1.43 -0.28 -0.11 0.15 0.38 
Loss: 0.667163  SIA Ef: -0.070631 Binding: -0.12 0.01 -0.13 0.30 0.26 0.54 -0.07 0.15 0.14 -0.01 -0.03  Rvol: 0.52 1.03 1.26 -0.33 -0.22 0.06 0.30 0.14 0.73 1.13 1.44 -0.28 -0.11 0.15 0.38 
Loss: 0.637017  SIA Ef: 0.004907 Binding: -0.13 0.01 -0.06 0.31 0.25 0.53 -0.06 0.16 0.12 -0.02 -0.04  Rvol: 0.52 1.02 1.27 -0.33 -0.22 0.05 0.30 0.14 0.73 1.13 1.46 -0.28 -0.11 0.15 0.38 
Loss: 0.609793  SIA Ef: 0.049103 Binding: -0.15 0.01 -0.01 0.31 0.22 0.52 -0.05 0.14 0.10 -0.04 -0.06  Rvol: 0.53 1.01 1.27 -0.33 -0.22 0.05 0.30 0.14 0.74 1.14 1.46 -0.28 -0.11 0.15 0.38 
Loss: 0.742245  SIA Ef: 0.171395 Binding: -0.34 0.17 0.11 0.32 0.20 0.51 0.13 0.16 0.07 -0.05 -0.08  Rvol: 0.53 0.92 1.29 -0.33 -0.22 0.05 0.31 0.14 0.74 1.15 1.49 -0.28 -0.11 0.15 0.39 
Loss: 0.610341  SIA Ef: 0.051365 Binding: -0.16 0.01 -0.01 0.30 0.22 0.52 -0.05 0.15 0.10 -0.03 -0.06  Rvol: 0.53 1.01 1.28 -0.33 -0.22 0.05 0.30 0.14 0.74 1.14 1.47 -0.28 -0.11 0.15 0.38 
Loss: 0.634012  SIA Ef: 0.079505 Binding: -0.17 0.01 0.05 0.32 0.22 0.53 -0.03 0.18 0.10 -0.02 -0.04  Rvol: 0.53 1.01 1.28 -0.33 -0.22 0.05 0.30 0.14 0.74 1.14 1.47 -0.28 -0.11 0.15 0.38 
Loss: 0.602989  SIA Ef: -0.000345 Binding: -0.15 0.01 -0.02 0.30 0.22 0.53 -0.05 0.15 0.11 -0.03 -0.05  Rvol: 0.53 1.01 1.27 -0.33 -0.22 0.05 0.29 0.14 0.73 1.13 1.46 -0.28 -0.11 0.15 0.38 
Loss: 0.602122  SIA Ef: 0.006312 Binding: -0.16 -0.01 -0.11 0.27 0.21 0.53 -0.04 0.14 0.12 -0.02 -0.05  Rvol: 0.53 1.02 1.27 -0.33 -0.22 0.05 0.30 0.14 0.73 1.14 1.45 -0.28 -0.11 0.15 0.38 
Loss: 0.596615  SIA Ef: -0.003586 Binding: -0.16 -0.01 -0.10 0.27 0.21 0.53 -0.04 0.14 0.12 -0.03 -0.05  Rvol: 0.53 1.02 1.27 -0.33 -0.22 0.05 0.29 0.14 0.73 1.14 1.45 -0.28 -0.11 0.15 0.38 
Loss: 0.620573  SIA Ef: 0.076943 Binding: -0.16 0.02 -0.05 0.30 0.23 0.53 -0.03 0.15 0.11 -0.03 -0.05  Rvol: 0.53 1.01 1.28 -0.33 -0.22 0.05 0.30 0.14 0.74 1.14 1.47 -0.28 -0.11 0.15 0.38 
Loss: 0.606542  SIA Ef: 0.031589 Binding: -0.16 -0.02 -0.13 0.26 0.21 0.53 -0.04 0.14 0.12 -0.02 -0.05  Rvol: 0.53 1.02 1.27 -0.33 -0.22 0.05 0.30 0.14 0.73 1.14 1.46 -0.28 -0.11 0.15 0.38 
Loss: 0.599896  SIA Ef: -0.067526 Binding: -0.15 -0.02 -0.14 0.26 0.21 0.53 -0.07 0.12 0.12 -0.03 -0.06  Rvol: 0.52 1.02 1.26 -0.33 -0.22 0.05 0.29 0.14 0.73 1.14 1.44 -0.28 -0.11 0.14 0.37 
Loss: 0.666276  SIA Ef: -0.167445 Binding: -0.14 -0.02 -0.24 0.25 0.23 0.54 -0.08 0.10 0.14 -0.03 -0.06  Rvol: 0.52 1.02 1.25 -0.33 -0.22 0.05 0.29 0.14 0.73 1.13 1.42 -0.28 -0.11 0.14 0.37 
Loss: 0.582475  SIA Ef: 0.039039 Binding: -0.19 -0.00 -0.05 0.28 0.19 0.52 -0.02 0.14 0.10 -0.03 -0.06  Rvol: 0.53 1.00 1.28 -0.33 -0.22 0.05 0.29 0.14 0.73 1.15 1.46 -0.28 -0.11 0.15 0.38 
Loss: 0.590260  SIA Ef: 0.031398 Binding: -0.18 -0.00 -0.05 0.28 0.20 0.53 -0.02 0.15 0.11 -0.03 -0.05  Rvol: 0.53 1.01 1.28 -0.33 -0.22 0.05 0.29 0.14 0.73 1.15 1.46 -0.28 -0.11 0.15 0.38 
Loss: 0.582075  SIA Ef: 0.038255 Binding: -0.18 0.00 -0.05 0.28 0.19 0.52 -0.02 0.14 0.10 -0.04 -0.06  Rvol: 0.53 1.00 1.28 -0.33 -0.22 0.05 0.29 0.14 0.73 1.15 1.46 -0.28 -0.11 0.15 0.38 
Loss: 0.694057  SIA Ef: 0.066427 Binding: -0.35 0.16 0.01 0.28 0.18 0.52 0.15 0.16 0.10 -0.03 -0.05  Rvol: 0.53 0.90 1.28 -0.33 -0.22 0.05 0.29 0.14 0.74 1.15 1.47 -0.28 -0.11 0.15 0.38 
Loss: 0.579559  SIA Ef: 0.007492 Binding: -0.18 -0.00 -0.06 0.27 0.19 0.52 -0.02 0.14 0.11 -0.03 -0.06  Rvol: 0.53 1.00 1.27 -0.33 -0.22 0.04 0.29 0.14 0.73 1.14 1.46 -0.28 -0.11 0.14 0.38 
Loss: 0.578077  SIA Ef: -0.027180 Binding: -0.17 -0.01 -0.10 0.27 0.20 0.52 -0.05 0.12 0.11 -0.04 -0.07  Rvol: 0.53 1.01 1.27 -0.33 -0.22 0.04 0.29 0.14 0.73 1.14 1.45 -0.28 -0.11 0.14 0.37 
Loss: 0.580722  SIA Ef: -0.025762 Binding: -0.17 -0.02 -0.12 0.26 0.20 0.52 -0.04 0.12 0.11 -0.04 -0.07  Rvol: 0.53 1.01 1.27 -0.33 -0.22 0.04 0.29 0.14 0.73 1.14 1.45 -0.28 -0.11 0.14 0.37 
Loss: 0.560945  SIA Ef: -0.044522 Binding: -0.19 -0.01 -0.06 0.27 0.19 0.52 -0.04 0.12 0.10 -0.05 -0.08  Rvol: 0.53 1.00 1.27 -0.33 -0.22 0.04 0.29 0.14 0.73 1.14 1.45 -0.28 -0.12 0.14 0.37 
Loss: 0.650743  SIA Ef: -0.029305 Binding: -0.35 0.16 0.00 0.28 0.18 0.51 0.13 0.12 0.08 -0.06 -0.09  Rvol: 0.53 0.90 1.27 -0.33 -0.23 0.04 0.28 0.14 0.73 1.14 1.46 -0.28 -0.12 0.14 0.37 
Loss: 0.561741  SIA Ef: -0.025943 Binding: -0.19 -0.00 -0.06 0.27 0.19 0.52 -0.03 0.12 0.10 -0.05 -0.08  Rvol: 0.53 1.00 1.27 -0.33 -0.22 0.04 0.29 0.14 0.73 1.14 1.46 -0.28 -0.12 0.14 0.37 
Loss: 0.559850  SIA Ef: -0.047033 Binding: -0.19 -0.02 -0.10 0.25 0.18 0.52 -0.04 0.12 0.11 -0.05 -0.08  Rvol: 0.53 1.00 1.27 -0.33 -0.22 0.04 0.29 0.14 0.73 1.14 1.45 -0.28 -0.12 0.14 0.37 
Loss: 0.557915  SIA Ef: -0.034210 Binding: -0.19 -0.02 -0.09 0.25 0.17 0.52 -0.03 0.12 0.10 -0.05 -0.08  Rvol: 0.53 1.00 1.27 -0.33 -0.22 0.04 0.29 0.14 0.73 1.14 1.45 -0.28 -0.12 0.14 0.37 
Loss: 0.579255  SIA Ef: -0.109231 Binding: -0.17 -0.04 -0.14 0.24 0.18 0.52 -0.05 0.11 0.12 -0.04 -0.07  Rvol: 0.52 1.01 1.26 -0.33 -0.22 0.04 0.29 0.14 0.73 1.14 1.44 -0.28 -0.12 0.14 0.37 
Loss: 0.558167  SIA Ef: -0.042136 Binding: -0.20 -0.02 -0.08 0.25 0.17 0.52 -0.03 0.12 0.10 -0.04 -0.08  Rvol: 0.53 1.00 1.27 -0.33 -0.23 0.04 0.29 0.14 0.73 1.14 1.45 -0.28 -0.12 0.14 0.37 
Loss: 0.671091  SIA Ef: 0.003926 Binding: -0.37 0.15 -0.10 0.25 0.17 0.52 0.15 0.13 0.11 -0.04 -0.07  Rvol: 0.53 0.90 1.27 -0.33 -0.22 0.04 0.29 0.14 0.73 1.15 1.46 -0.28 -0.12 0.14 0.37 
Loss: 0.552164  SIA Ef: -0.040648 Binding: -0.20 -0.02 -0.07 0.26 0.17 0.51 -0.03 0.12 0.10 -0.05 -0.08  Rvol: 0.53 1.00 1.27 -0.33 -0.23 0.04 0.29 0.14 0.73 1.14 1.45 -0.28 -0.12 0.14 0.37 
Loss: 0.552269  SIA Ef: -0.041023 Binding: -0.20 -0.02 -0.07 0.26 0.17 0.51 -0.03 0.12 0.10 -0.05 -0.09  Rvol: 0.53 1.00 1.27 -0.33 -0.23 0.04 0.29 0.14 0.73 1.14 1.45 -0.28 -0.12 0.14 0.37 
Loss: 0.643505  SIA Ef: -0.015503 Binding: -0.36 0.14 -0.04 0.26 0.16 0.51 0.13 0.12 0.09 -0.05 -0.09  Rvol: 0.53 0.90 1.27 -0.33 -0.23 0.04 0.28 0.14 0.73 1.14 1.46 -0.28 -0.12 0.14 0.37 
Loss: 0.554461  SIA Ef: -0.056344 Binding: -0.20 -0.02 -0.08 0.25 0.17 0.52 -0.03 0.12 0.10 -0.05 -0.08  Rvol: 0.53 1.00 1.27 -0.33 -0.23 0.04 0.28 0.14 0.73 1.14 1.45 -0.28 -0.12 0.14 0.37 
Loss: 0.554959  SIA Ef: -0.040306 Binding: -0.19 -0.02 -0.09 0.25 0.17 0.51 -0.04 0.11 0.10 -0.05 -0.09  Rvol: 0.53 1.00 1.27 -0.33 -0.23 0.04 0.29 0.14 0.73 1.14 1.45 -0.28 -0.12 0.14 0.37 
Loss: 0.552736  SIA Ef: -0.048799 Binding: -0.20 -0.02 -0.09 0.25 0.17 0.51 -0.04 0.11 0.10 -0.05 -0.09  Rvol: 0.53 1.00 1.27 -0.33 -0.23 0.04 0.29 0.14 0.73 1.14 1.45 -0.28 -0.12 0.14 0.37 
Loss: 0.552209  SIA Ef: -0.035975 Binding: -0.20 -0.02 -0.09 0.25 0.16 0.52 -0.03 0.12 0.10 -0.05 -0.08  Rvol: 0.53 1.00 1.27 -0.33 -0.23 0.04 0.29 0.14 0.73 1.14 1.45 -0.28 -0.12 0.14 0.37 
Loss: 0.553422  SIA Ef: -0.028498 Binding: -0.20 -0.01 -0.07 0.26 0.17 0.51 -0.03 0.12 0.10 -0.05 -0.08  Rvol: 0.53 1.00 1.27 -0.33 -0.23 0.04 0.29 0.14 0.73 1.14 1.46 -0.28 -0.12 0.14 0.37 
Loss: 0.559612  SIA Ef: -0.070973 Binding: -0.19 -0.02 -0.09 0.26 0.18 0.52 -0.05 0.11 0.10 -0.05 -0.08  Rvol: 0.52 1.00 1.26 -0.33 -0.22 0.04 0.29 0.14 0.73 1.14 1.45 -0.28 -0.12 0.14 0.37 
Loss: 0.646518  SIA Ef: -0.026160 Binding: -0.36 0.14 -0.05 0.26 0.16 0.51 0.13 0.12 0.09 -0.05 -0.09  Rvol: 0.53 0.90 1.27 -0.33 -0.23 0.04 0.29 0.14 0.73 1.14 1.46 -0.28 -0.12 0.14 0.37 
Loss: 0.552184  SIA Ef: -0.039133 Binding: -0.20 -0.02 -0.07 0.26 0.17 0.51 -0.03 0.12 0.10 -0.05 -0.08  Rvol: 0.53 1.00 1.27 -0.33 -0.23 0.04 0.29 0.14 0.73 1.14 1.45 -0.28 -0.12 0.14 0.37 
Loss: 0.555818  SIA Ef: -0.057157 Binding: -0.19 -0.02 -0.08 0.26 0.17 0.52 -0.04 0.11 0.10 -0.05 -0.08  Rvol: 0.53 1.00 1.27 -0.33 -0.23 0.04 0.29 0.14 0.73 1.14 1.45 -0.28 -0.12 0.14 0.37 
Loss: 0.552121  SIA Ef: -0.038597 Binding: -0.20 -0.02 -0.07 0.26 0.17 0.51 -0.03 0.12 0.10 -0.05 -0.08  Rvol: 0.53 1.00 1.27 -0.33 -0.23 0.04 0.29 0.14 0.73 1.14 1.45 -0.28 -0.12 0.14 0.37 
Loss: 0.554900  SIA Ef: -0.035422 Binding: -0.20 -0.02 -0.08 0.25 0.17 0.52 -0.03 0.12 0.10 -0.05 -0.08  Rvol: 0.53 1.00 1.27 -0.33 -0.23 0.04 0.29 0.14 0.73 1.14 1.45 -0.28 -0.12 0.14 0.37 
Loss: 0.552412  SIA Ef: -0.038021 Binding: -0.20 -0.02 -0.08 0.25 0.17 0.51 -0.03 0.11 0.10 -0.05 -0.08  Rvol: 0.53 1.00 1.27 -0.33 -0.23 0.04 0.29 0.14 0.73 1.14 1.45 -0.28 -0.12 0.14 0.37 
Loss: 0.554322  SIA Ef: -0.041680 Binding: -0.19 -0.02 -0.09 0.25 0.17 0.51 -0.04 0.11 0.10 -0.05 -0.08  Rvol: 0.53 1.00 1.27 -0.33 -0.23 0.04 0.29 0.14 0.73 1.14 1.45 -0.28 -0.12 0.14 0.37 
Loss: 0.553615  SIA Ef: -0.046682 Binding: -0.20 -0.02 -0.08 0.26 0.17 0.51 -0.04 0.11 0.10 -0.05 -0.08  Rvol: 0.53 1.00 1.27 -0.33 -0.23 0.04 0.29 0.14 0.73 1.14 1.45 -0.28 -0.12 0.14 0.37 
Loss: 0.552161  SIA Ef: -0.039063 Binding: -0.20 -0.02 -0.08 0.25 0.17 0.51 -0.03 0.12 0.10 -0.05 -0.08  Rvol: 0.53 1.00 1.27 -0.33 -0.23 0.04 0.29 0.14 0.73 1.14 1.45 -0.28 -0.12 0.14 0.37 
Loss: 0.553072  SIA Ef: -0.046950 Binding: -0.20 -0.02 -0.08 0.25 0.17 0.51 -0.03 0.12 0.10 -0.05 -0.08  Rvol: 0.53 1.00 1.27 -0.33 -0.23 0.04 0.29 0.14 0.73 1.14 1.45 -0.28 -0.12 0.14 0.37 
Loss: 0.552115  SIA Ef: -0.036018 Binding: -0.20 -0.02 -0.07 0.26 0.17 0.51 -0.03 0.12 0.10 -0.05 -0.08  Rvol: 0.53 1.00 1.27 -0.33 -0.23 0.04 0.29 0.14 0.73 1.14 1.45 -0.28 -0.12 0.14 0.37 
Loss: 0.649216  SIA Ef: -0.029565 Binding: -0.36 0.15 -0.06 0.26 0.17 0.51 0.13 0.12 0.10 -0.05 -0.09  Rvol: 0.53 0.90 1.27 -0.33 -0.23 0.04 0.29 0.14 0.73 1.14 1.46 -0.28 -0.12 0.14 0.37 
Loss: 0.552111  SIA Ef: -0.036810 Binding: -0.20 -0.02 -0.07 0.26 0.17 0.51 -0.03 0.12 0.10 -0.05 -0.08  Rvol: 0.53 1.00 1.27 -0.33 -0.23 0.04 0.29 0.14 0.73 1.14 1.45 -0.28 -0.12 0.14 0.37 
Loss: 0.553113  SIA Ef: -0.038349 Binding: -0.20 -0.02 -0.08 0.25 0.17 0.51 -0.03 0.12 0.10 -0.05 -0.08  Rvol: 0.53 1.00 1.27 -0.33 -0.23 0.04 0.29 0.14 0.73 1.14 1.45 -0.28 -0.12 0.14 0.37 
Loss: 0.552121  SIA Ef: -0.034884 Binding: -0.20 -0.02 -0.07 0.26 0.17 0.51 -0.03 0.12 0.10 -0.05 -0.08  Rvol: 0.53 1.00 1.27 -0.33 -0.23 0.04 0.29 0.14 0.73 1.14 1.45 -0.28 -0.12 0.14 0.37 
Loss: 0.553548  SIA Ef: -0.033488 Binding: -0.20 -0.02 -0.07 0.26 0.17 0.51 -0.03 0.12 0.10 -0.05 -0.08  Rvol: 0.53 1.00 1.27 -0.33 -0.23 0.04 0.29 0.14 0.73 1.14 1.45 -0.28 -0.12 0.14 0.37 
Loss: 0.552793  SIA Ef: -0.040865 Binding: -0.20 -0.02 -0.07 0.26 0.17 0.51 -0.03 0.12 0.10 -0.05 -0.08  Rvol: 0.53 1.00 1.27 -0.33 -0.23 0.04 0.29 0.14 0.73 1.14 1.45 -0.28 -0.12 0.14 0.37 
Loss: 0.552110  SIA Ef: -0.036813 Binding: -0.20 -0.02 -0.07 0.26 0.17 0.51 -0.03 0.12 0.10 -0.05 -0.08  Rvol: 0.53 1.00 1.27 -0.33 -0.23 0.04 0.29 0.14 0.73 1.14 1.45 -0.28 -0.12 0.14 0.37 
Loss: 0.552528  SIA Ef: -0.040996 Binding: -0.20 -0.02 -0.07 0.26 0.17 0.51 -0.03 0.12 0.10 -0.05 -0.08  Rvol: 0.53 1.00 1.27 -0.33 -0.23 0.04 0.29 0.14 0.73 1.14 1.45 -0.28 -0.12 0.14 0.37 
Loss: 0.552173  SIA Ef: -0.036674 Binding: -0.20 -0.02 -0.07 0.26 0.17 0.51 -0.03 0.12 0.10 -0.05 -0.08  Rvol: 0.53 1.00 1.27 -0.33 -0.23 0.04 0.29 0.14 0.73 1.14 1.45 -0.28 -0.12 0.14 0.37 
Loss: 0.551000  SIA Ef: -0.033695 Binding: -0.20 -0.02 -0.07 0.26 0.17 0.51 -0.03 0.12 0.10 -0.05 -0.09  Rvol: 0.53 1.00 1.27 -0.33 -0.23 0.04 0.29 0.14 0.73 1.14 1.45 -0.28 -0.12 0.14 0.37 
Loss: 0.649182  SIA Ef: -0.030109 Binding: -0.36 0.15 -0.06 0.26 0.17 0.51 0.13 0.12 0.10 -0.05 -0.09  Rvol: 0.53 0.89 1.27 -0.33 -0.23 0.04 0.29 0.14 0.73 1.14 1.46 -0.28 -0.12 0.14 0.37 
Loss: 0.551033  SIA Ef: -0.032906 Binding: -0.20 -0.02 -0.07 0.26 0.17 0.51 -0.03 0.12 0.10 -0.05 -0.08  Rvol: 0.53 1.00 1.27 -0.33 -0.23 0.04 0.29 0.14 0.73 1.14 1.45 -0.28 -0.12 0.14 0.37 
Loss: 0.649162  SIA Ef: -0.030321 Binding: -0.36 0.15 -0.06 0.26 0.17 0.51 0.13 0.12 0.10 -0.05 -0.09  Rvol: 0.53 0.89 1.27 -0.33 -0.23 0.04 0.29 0.14 0.73 1.14 1.46 -0.28 -0.12 0.14 0.37 
Loss: 0.550480  SIA Ef: -0.032008 Binding: -0.20 -0.02 -0.07 0.26 0.17 0.51 -0.03 0.12 0.10 -0.05 -0.09  Rvol: 0.53 1.00 1.27 -0.33 -0.23 0.04 0.29 0.14 0.73 1.14 1.46 -0.28 -0.12 0.14 0.37 
Loss: 0.649213  SIA Ef: -0.030057 Binding: -0.36 0.15 -0.06 0.26 0.17 0.51 0.13 0.12 0.10 -0.05 -0.09  Rvol: 0.53 0.89 1.27 -0.33 -0.23 0.04 0.29 0.14 0.73 1.14 1.46 -0.28 -0.12 0.14 0.37 
Loss: 0.550495  SIA Ef: -0.031872 Binding: -0.20 -0.02 -0.07 0.26 0.17 0.51 -0.03 0.12 0.10 -0.05 -0.09  Rvol: 0.53 1.00 1.27 -0.33 -0.23 0.04 0.29 0.14 0.73 1.14 1.46 -0.28 -0.12 0.14 0.37 
Loss: 0.649218  SIA Ef: -0.030078 Binding: -0.36 0.15 -0.06 0.26 0.17 0.51 0.13 0.12 0.10 -0.05 -0.09  Rvol: 0.53 0.89 1.27 -0.33 -0.23 0.04 0.29 0.14 0.73 1.14 1.46 -0.28 -0.12 0.14 0.37 
Loss: 0.649988  SIA Ef: -0.031095 Binding: -0.36 0.15 -0.07 0.26 0.17 0.51 0.13 0.12 0.10 -0.05 -0.09  Rvol: 0.53 0.89 1.27 -0.33 -0.23 0.04 0.29 0.14 0.73 1.14 1.46 -0.28 -0.12 0.14 0.37 
Loss: 0.550422  SIA Ef: -0.033829 Binding: -0.20 -0.02 -0.07 0.26 0.17 0.51 -0.03 0.12 0.10 -0.05 -0.09  Rvol: 0.53 1.00 1.27 -0.33 -0.23 0.04 0.29 0.14 0.73 1.14 1.45 -0.28 -0.12 0.14 0.37 
Loss: 0.550441  SIA Ef: -0.033188 Binding: -0.20 -0.02 -0.07 0.26 0.17 0.51 -0.03 0.12 0.10 -0.05 -0.09  Rvol: 0.53 1.00 1.27 -0.33 -0.23 0.04 0.29 0.14 0.73 1.14 1.46 -0.28 -0.12 0.14 0.37 
Loss: 0.649062  SIA Ef: -0.032486 Binding: -0.36 0.15 -0.06 0.26 0.17 0.51 0.13 0.12 0.10 -0.05 -0.09  Rvol: 0.53 0.89 1.27 -0.33 -0.23 0.04 0.29 0.14 0.73 1.14 1.46 -0.28 -0.12 0.14 0.37 
Loss: 0.550435  SIA Ef: -0.033167 Binding: -0.20 -0.02 -0.07 0.26 0.17 0.51 -0.03 0.12 0.10 -0.05 -0.09  Rvol: 0.53 1.00 1.27 -0.33 -0.23 0.04 0.29 0.14 0.73 1.14 1.45 -0.28 -0.12 0.14 0.37 
Loss: 0.649060  SIA Ef: -0.032711 Binding: -0.36 0.15 -0.06 0.26 0.17 0.51 0.13 0.12 0.10 -0.05 -0.09  Rvol: 0.53 0.89 1.27 -0.33 -0.23 0.04 0.29 0.14 0.73 1.14 1.46 -0.28 -0.12 0.14 0.37 
Loss: 0.550414  SIA Ef: -0.034320 Binding: -0.20 -0.02 -0.07 0.26 0.17 0.51 -0.03 0.12 0.10 -0.05 -0.09  Rvol: 0.53 1.00 1.27 -0.33 -0.23 0.04 0.29 0.14 0.73 1.14 1.45 -0.28 -0.12 0.14 0.37 
Loss: 0.649088  SIA Ef: -0.033230 Binding: -0.36 0.15 -0.06 0.26 0.17 0.51 0.13 0.12 0.10 -0.05 -0.09  Rvol: 0.53 0.89 1.27 -0.33 -0.23 0.04 0.29 0.14 0.73 1.14 1.46 -0.28 -0.12 0.14 0.37 
Loss: 0.550411  SIA Ef: -0.034521 Binding: -0.20 -0.02 -0.07 0.26 0.17 0.51 -0.03 0.12 0.10 -0.05 -0.09  Rvol: 0.53 1.00 1.27 -0.33 -0.23 0.04 0.29 0.14 0.73 1.14 1.45 -0.28 -0.12 0.14 0.37 
Loss: 0.649076  SIA Ef: -0.033436 Binding: -0.36 0.15 -0.06 0.26 0.17 0.51 0.13 0.12 0.10 -0.05 -0.09  Rvol: 0.53 0.89 1.27 -0.33 -0.23 0.04 0.29 0.14 0.73 1.14 1.46 -0.28 -0.12 0.14 0.37 
Loss: 0.550412  SIA Ef: -0.034862 Binding: -0.20 -0.02 -0.07 0.26 0.17 0.51 -0.03 0.12 0.10 -0.05 -0.09  Rvol: 0.53 1.00 1.27 -0.33 -0.23 0.04 0.29 0.14 0.73 1.14 1.45 -0.28 -0.12 0.14 0.37 
Loss: 0.649065  SIA Ef: -0.033320 Binding: -0.36 0.15 -0.06 0.26 0.17 0.51 0.13 0.12 0.10 -0.05 -0.09  Rvol: 0.53 0.89 1.27 -0.33 -0.23 0.04 0.29 0.14 0.73 1.14 1.46 -0.28 -0.12 0.14 0.37 
Loss: 0.550403  SIA Ef: -0.034693 Binding: -0.20 -0.02 -0.07 0.26 0.17 0.51 -0.03 0.12 0.10 -0.05 -0.09  Rvol: 0.53 1.00 1.27 -0.33 -0.23 0.04 0.29 0.14 0.73 1.14 1.45 -0.28 -0.12 0.14 0.37 
Loss: 0.649054  SIA Ef: -0.033443 Binding: -0.36 0.15 -0.06 0.26 0.17 0.51 0.13 0.12 0.10 -0.05 -0.09  Rvol: 0.53 0.89 1.27 -0.33 -0.23 0.04 0.29 0.14 0.73 1.14 1.46 -0.28 -0.12 0.14 0.37 
Loss: 0.550552  SIA Ef: -0.035433 Binding: -0.20 -0.02 -0.07 0.26 0.17 0.51 -0.03 0.12 0.10 -0.05 -0.09  Rvol: 0.53 1.00 1.27 -0.33 -0.23 0.04 0.29 0.14 0.73 1.14 1.45 -0.28 -0.12 0.14 0.37 
Loss: 0.550402  SIA Ef: -0.034758 Binding: -0.20 -0.02 -0.07 0.26 0.17 0.51 -0.03 0.12 0.10 -0.05 -0.09  Rvol: 0.53 1.00 1.27 -0.33 -0.23 0.04 0.29 0.14 0.73 1.14 1.45 -0.28 -0.12 0.14 0.37 
Loss: 0.550562  SIA Ef: -0.035004 Binding: -0.20 -0.02 -0.07 0.26 0.17 0.51 -0.03 0.12 0.10 -0.05 -0.09  Rvol: 0.53 1.00 1.27 -0.33 -0.23 0.04 0.29 0.14 0.73 1.14 1.45 -0.28 -0.12 0.14 0.37 
Loss: 0.550393  SIA Ef: -0.035131 Binding: -0.20 -0.02 -0.07 0.26 0.17 0.51 -0.03 0.12 0.10 -0.05 -0.09  Rvol: 0.53 1.00 1.27 -0.33 -0.23 0.04 0.29 0.14 0.73 1.14 1.45 -0.28 -0.12 0.14 0.37 
Loss: 0.550177  SIA Ef: -0.034598 Binding: -0.20 -0.02 -0.07 0.26 0.17 0.51 -0.03 0.12 0.10 -0.05 -0.09  Rvol: 0.53 1.00 1.27 -0.33 -0.23 0.04 0.29 0.14 0.73 1.14 1.45 -0.28 -0.12 0.14 0.37 
Loss: 0.549961  SIA Ef: -0.034080 Binding: -0.20 -0.02 -0.07 0.26 0.17 0.51 -0.03 0.12 0.10 -0.05 -0.09  Rvol: 0.53 1.00 1.27 -0.33 -0.23 0.04 0.29 0.14 0.73 1.14 1.45 -0.28 -0.12 0.14 0.37 
Loss: 0.648883  SIA Ef: -0.033546 Binding: -0.36 0.15 -0.06 0.26 0.17 0.51 0.13 0.12 0.10 -0.05 -0.09  Rvol: 0.53 0.89 1.27 -0.33 -0.23 0.04 0.29 0.14 0.73 1.14 1.46 -0.28 -0.12 0.14 0.37 
Loss: 0.549960  SIA Ef: -0.034382 Binding: -0.20 -0.02 -0.07 0.26 0.17 0.51 -0.03 0.12 0.10 -0.05 -0.09  Rvol: 0.53 1.00 1.27 -0.33 -0.23 0.04 0.29 0.14 0.73 1.14 1.45 -0.28 -0.12 0.14 0.37 
Loss: 0.550009  SIA Ef: -0.035353 Binding: -0.20 -0.02 -0.07 0.26 0.17 0.51 -0.03 0.12 0.10 -0.05 -0.09  Rvol: 0.53 1.00 1.27 -0.33 -0.23 0.04 0.29 0.14 0.73 1.14 1.45 -0.28 -0.12 0.14 0.37 
Loss: 0.549961  SIA Ef: -0.034661 Binding: -0.20 -0.02 -0.07 0.26 0.17 0.51 -0.03 0.12 0.10 -0.05 -0.09  Rvol: 0.53 1.00 1.27 -0.33 -0.23 0.04 0.29 0.14 0.73 1.14 1.45 -0.28 -0.12 0.14 0.37 
Loss: 0.549975  SIA Ef: -0.034344 Binding: -0.20 -0.02 -0.07 0.26 0.17 0.51 -0.03 0.12 0.10 -0.05 -0.09  Rvol: 0.53 1.00 1.27 -0.33 -0.23 0.04 0.29 0.14 0.73 1.14 1.45 -0.28 -0.12 0.14 0.37 
Loss: 0.549962  SIA Ef: -0.034589 Binding: -0.20 -0.02 -0.07 0.26 0.17 0.51 -0.03 0.12 0.10 -0.05 -0.09  Rvol: 0.53 1.00 1.27 -0.33 -0.23 0.04 0.29 0.14 0.73 1.14 1.45 -0.28 -0.12 0.14 0.37 
Loss: 0.550012  SIA Ef: -0.034581 Binding: -0.20 -0.02 -0.07 0.26 0.17 0.51 -0.03 0.12 0.10 -0.05 -0.09  Rvol: 0.53 1.00 1.27 -0.33 -0.23 0.04 0.29 0.14 0.73 1.14 1.45 -0.28 -0.12 0.14 0.37 
Loss: 0.549961  SIA Ef: -0.034467 Binding: -0.20 -0.02 -0.07 0.26 0.17 0.51 -0.03 0.12 0.10 -0.05 -0.09  Rvol: 0.53 1.00 1.27 -0.33 -0.23 0.04 0.29 0.14 0.73 1.14 1.45 -0.28 -0.12 0.14 0.37 
Loss: 0.550059  SIA Ef: -0.034648 Binding: -0.20 -0.02 -0.07 0.26 0.17 0.51 -0.03 0.12 0.10 -0.05 -0.09  Rvol: 0.53 1.00 1.27 -0.33 -0.23 0.04 0.29 0.14 0.73 1.14 1.45 -0.28 -0.12 0.14 0.37 
Loss: 0.549959  SIA Ef: -0.034243 Binding: -0.20 -0.02 -0.07 0.26 0.17 0.51 -0.03 0.12 0.10 -0.05 -0.09  Rvol: 0.53 1.00 1.27 -0.33 -0.23 0.04 0.29 0.14 0.73 1.14 1.45 -0.28 -0.12 0.14 0.37 
Loss: 0.550142  SIA Ef: -0.034419 Binding: -0.20 -0.02 -0.07 0.26 0.17 0.51 -0.03 0.12 0.10 -0.05 -0.09  Rvol: 0.53 1.00 1.27 -0.33 -0.23 0.04 0.29 0.14 0.73 1.14 1.45 -0.28 -0.12 0.14 0.37 
Loss: 0.549936  SIA Ef: -0.034048 Binding: -0.20 -0.02 -0.07 0.26 0.17 0.51 -0.03 0.12 0.10 -0.05 -0.09  Rvol: 0.53 1.00 1.27 -0.33 -0.23 0.04 0.29 0.14 0.73 1.14 1.45 -0.28 -0.12 0.14 0.37 
Loss: 0.648855  SIA Ef: -0.033510 Binding: -0.36 0.15 -0.06 0.26 0.17 0.51 0.13 0.12 0.10 -0.05 -0.09  Rvol: 0.53 0.89 1.27 -0.33 -0.23 0.04 0.29 0.14 0.73 1.14 1.46 -0.28 -0.12 0.14 0.37 
