Start Optimization 
10.167490 0.072272 -0.116767 -0.279342 0.051572 -0.529533 0.611597 0.524185 0.641264 0.787399 
11.167490 0.072272 -0.116767 -0.279342 0.051572 -0.529533 0.611597 0.524185 0.641264 0.787399 
10.167490 1.072272 -0.116767 -0.279342 0.051572 -0.529533 0.611597 0.524185 0.641264 0.787399 
10.167490 0.072272 0.883233 -0.279342 0.051572 -0.529533 0.611597 0.524185 0.641264 0.787399 
10.167490 0.072272 -0.116767 0.720658 0.051572 -0.529533 0.611597 0.524185 0.641264 0.787399 
10.167490 0.072272 -0.116767 -0.279342 1.051572 -0.529533 0.611597 0.524185 0.641264 0.787399 
10.167490 0.072272 -0.116767 -0.279342 0.051572 0.470467 0.611597 0.524185 0.641264 0.787399 
10.167490 0.072272 -0.116767 -0.279342 0.051572 -0.529533 1.611597 0.524185 0.641264 0.787399 
10.167490 0.072272 -0.116767 -0.279342 0.051572 -0.529533 0.611597 1.524185 0.641264 0.787399 
10.167490 0.072272 -0.116767 -0.279342 0.051572 -0.529533 0.611597 0.524185 1.641264 0.787399 
10.167490 0.072272 -0.116767 -0.279342 0.051572 -0.529533 0.611597 0.524185 0.641264 1.787399 
10.167472 -0.201622 -0.304697 -1.221976 0.050024 -0.541532 0.606499 0.493661 0.640163 1.787417 
10.167489 0.568056 -0.129427 -0.342845 0.051468 -0.530341 0.611254 0.522129 0.641190 1.787400 
9.917490 0.072272 -0.116744 -0.279342 0.051572 -0.529533 0.611597 0.524185 0.641264 1.787399 
9.917536 0.074326 0.381237 -0.324155 0.051498 -0.530103 0.611355 0.522734 0.641212 1.787400 
9.917490 0.072272 -0.116744 -0.278931 -0.198428 -0.529533 0.611597 0.524185 0.641264 1.787399 
9.917475 0.090047 -0.211698 0.210992 0.058914 -0.534470 0.609499 0.511626 0.640811 1.787406 
9.917490 0.071520 -0.117260 -0.281932 0.051568 -0.779518 0.611597 0.524185 0.641264 1.787399 
9.917457 -0.052016 -0.366074 -0.691407 0.060904 -0.483474 0.608385 0.504956 0.640570 1.787410 
9.917490 0.071952 -0.116963 -0.280442 0.051570 -0.529520 0.361600 0.524185 0.641264 1.787399 
9.917457 -0.052338 -0.366303 -0.692513 0.060902 -0.483459 0.361465 0.504956 0.640570 1.787410 
9.917492 0.071252 -0.094205 -0.282387 0.051567 -0.529545 0.361589 0.275232 0.641264 1.787399 
9.917532 0.031167 0.387774 -0.399143 0.057161 -0.505565 0.360387 0.318233 0.640863 1.787406 
9.917492 0.073914 -0.094273 -0.282728 0.051566 -0.529549 0.361587 0.275221 0.391278 1.787399 
9.917488 0.563176 -0.125046 -0.365845 0.053050 -0.523476 0.360978 0.271097 0.647395 1.787401 
9.917492 0.071252 -0.094207 -0.282379 0.051567 -0.529545 0.361589 0.275231 0.641264 2.037399 
9.917461 0.061102 -0.322667 0.159466 0.062816 -0.490612 0.357412 0.247137 0.645618 1.786654 
9.793152 0.065374 -0.106680 -0.302010 0.175874 -0.404954 0.486040 0.274241 0.641228 1.787400 
9.823359 -0.058037 -0.398575 -0.684774 0.151018 -0.405685 0.456500 0.248735 0.643375 1.786993 
9.824697 0.274595 -0.124576 -0.343970 0.144258 -0.436660 0.454424 0.208650 0.706958 1.723968 
9.684522 0.314680 -0.115134 -0.309512 0.288031 -0.282495 0.593569 0.488083 0.429910 2.002799 
9.797019 0.055678 0.137081 -0.350883 0.176406 -0.390542 0.481168 0.286412 0.652123 1.778215 
9.795271 0.068937 -0.144907 -0.057904 0.181286 -0.380363 0.481206 0.254309 0.656240 1.774996 
9.766017 0.127488 -0.112361 -0.308064 0.203651 -0.375261 0.512975 0.327628 0.588157 1.841401 
9.767417 0.065434 -0.106637 -0.301717 0.122402 -0.391087 0.499908 0.274241 0.641228 1.787400 
9.671752 0.065410 -0.105353 -0.300453 0.139550 -0.446190 0.443880 0.274682 0.640927 1.787788 
9.766880 0.067375 -0.101913 -0.295719 0.122851 -0.434633 0.544036 0.274624 0.641239 1.787401 
9.766635 0.026037 -0.180196 -0.393306 0.120974 -0.398963 0.509753 0.275241 0.634621 1.795593 
9.758514 0.065083 -0.100583 -0.304007 0.131339 -0.382018 0.508808 0.220378 0.623304 1.805323 
9.767517 0.051713 0.005013 -0.353298 0.122110 -0.384236 0.498466 0.289784 0.645018 1.785069 
9.754815 0.064541 -0.108288 -0.301283 0.135074 -0.378196 0.512495 0.273879 0.692388 1.812721 
9.752651 0.041868 -0.129493 -0.182354 0.137434 -0.357000 0.509833 0.274706 0.689460 1.806292 
9.734592 0.072840 -0.111255 -0.306567 0.155289 -0.357936 0.532734 0.270785 0.695310 1.766408 
9.779064 0.167930 -0.119756 -0.309723 0.110009 -0.399159 0.486885 0.241663 0.725957 1.796699 
9.745210 0.095266 -0.113901 -0.300312 0.135726 -0.356460 0.518946 0.306787 0.662405 1.831192 
9.727872 0.075791 -0.095639 -0.316101 0.217127 -0.412973 0.556546 0.244335 0.706477 1.871364 
9.756086 0.058352 -0.050059 -0.318622 0.131564 -0.371450 0.509356 0.283763 0.693754 1.809917 
9.778244 0.064102 -0.108976 -0.302487 0.135236 -0.366979 0.529219 0.270690 0.694291 1.815213 
9.752680 0.038759 -0.129887 -0.352879 0.129493 -0.378999 0.512177 0.281521 0.688572 1.814572 
9.760733 0.089434 -0.107393 -0.308079 0.129554 -0.384222 0.506285 0.265579 0.701818 1.809292 
9.751449 0.066354 -0.106568 -0.304181 0.145145 -0.382583 0.518065 0.270430 0.693823 1.819968 
9.754336 0.057665 -0.102509 -0.272335 0.139390 -0.375445 0.511898 0.270693 0.696880 1.813605 
9.755156 0.063459 -0.109791 -0.303979 0.140240 -0.368272 0.503591 0.270112 0.694562 1.815876 
9.753151 0.038458 -0.119168 -0.311771 0.130676 -0.381664 0.515664 0.278635 0.693357 1.812394 
9.757231 0.066535 -0.110016 -0.300754 0.139871 -0.378650 0.511039 0.286614 0.698986 1.812898 
9.749624 0.072092 -0.113966 -0.299429 0.135959 -0.366633 0.516673 0.299776 0.679132 1.823463 
9.763146 0.066023 -0.109847 -0.300259 0.144477 -0.384054 0.506620 0.286501 0.688364 1.807817 
9.764708 0.059184 -0.112270 -0.304957 0.164154 -0.371548 0.510084 0.294336 0.708496 1.820163 
9.771186 0.066425 -0.118007 -0.310686 0.165272 -0.373811 0.506175 0.295137 0.716260 1.821361 
9.766934 0.057855 -0.108014 -0.305602 0.162013 -0.373118 0.507773 0.295374 0.708398 1.824887 
9.765359 0.055679 -0.095207 -0.310330 0.162760 -0.369625 0.509070 0.298293 0.708448 1.819636 
9.765494 0.049272 -0.086106 -0.299622 0.163591 -0.368294 0.508616 0.299332 0.709562 1.820406 
9.764528 0.034765 -0.082023 -0.298205 0.161134 -0.369240 0.509460 0.301869 0.709426 1.820503 
9.762564 0.034735 -0.074757 -0.292166 0.161931 -0.362862 0.510724 0.308073 0.703174 1.826028 
9.758119 0.034287 -0.066610 -0.289970 0.167705 -0.369584 0.516238 0.303325 0.702788 1.830650 
9.757382 0.034967 -0.074977 -0.292117 0.163064 -0.364459 0.505612 0.309991 0.703789 1.825813 
9.762306 0.031545 -0.071388 -0.291983 0.162616 -0.354442 0.504209 0.297946 0.701451 1.827812 
9.765213 0.031079 -0.071222 -0.291675 0.165146 -0.357018 0.502069 0.297956 0.696114 1.825334 
9.767423 0.030742 -0.061880 -0.284568 0.161159 -0.352441 0.500366 0.302574 0.706603 1.826065 
9.763773 0.028083 -0.062777 -0.277935 0.167887 -0.345999 0.504645 0.303904 0.707878 1.817671 
9.758909 0.030023 -0.060053 -0.272541 0.157370 -0.347192 0.506302 0.300940 0.703399 1.811622 
9.764628 0.027332 -0.066738 -0.272352 0.167743 -0.347416 0.503841 0.302698 0.708179 1.820614 
9.765010 0.021258 -0.061084 -0.265135 0.169752 -0.339524 0.504148 0.310142 0.707766 1.821629 
9.766279 0.033330 -0.058433 -0.259640 0.174193 -0.333450 0.503233 0.311538 0.708146 1.821770 
9.767251 0.021480 -0.065262 -0.266339 0.166874 -0.336312 0.501389 0.312379 0.708076 1.819231 
9.766812 0.009710 -0.058960 -0.263325 0.169925 -0.342082 0.503413 0.308642 0.715249 1.815763 
9.759511 0.005131 -0.060832 -0.265521 0.166839 -0.334178 0.506300 0.303789 0.721093 1.820612 
9.764567 0.005030 -0.060822 -0.265653 0.165634 -0.332831 0.511715 0.302185 0.720629 1.820843 
9.760757 0.003707 -0.064012 -0.265492 0.163425 -0.337482 0.519492 0.312248 0.726053 1.820773 
9.758573 0.002717 -0.067265 -0.264956 0.167424 -0.336245 0.521779 0.311370 0.723340 1.817093 
9.761085 -0.010429 -0.062756 -0.267496 0.160528 -0.338571 0.518879 0.313747 0.722186 1.824158 
9.762034 -0.017818 -0.057888 -0.262071 0.161695 -0.334607 0.518842 0.313317 0.732693 1.821352 
9.755160 -0.018601 -0.058397 -0.262640 0.159313 -0.324467 0.522054 0.312248 0.734839 1.829787 
9.755710 -0.020959 -0.067503 -0.255510 0.157783 -0.328940 0.521009 0.306320 0.738577 1.835441 
9.750661 -0.020663 -0.065072 -0.248784 0.147065 -0.329576 0.522749 0.303178 0.735194 1.830167 
9.753418 -0.020804 -0.063451 -0.255021 0.160535 -0.332484 0.523773 0.303757 0.738275 1.837601 
9.754458 -0.025330 -0.073291 -0.261920 0.155241 -0.331225 0.521094 0.298992 0.747593 1.836926 
9.760837 -0.020840 -0.067497 -0.255638 0.156618 -0.327667 0.526391 0.304803 0.737931 1.835686 
9.764101 -0.024567 -0.071428 -0.245619 0.159059 -0.326858 0.525451 0.307374 0.740036 1.844917 
9.758530 -0.020707 -0.068568 -0.256364 0.155474 -0.329241 0.530467 0.310190 0.740078 1.835753 
9.756058 -0.020875 -0.062428 -0.261041 0.156075 -0.315543 0.527891 0.304541 0.737715 1.839778 
9.759141 -0.026139 -0.069778 -0.255832 0.158994 -0.326993 0.528081 0.304555 0.734470 1.833728 
9.755647 -0.019107 -0.075156 -0.252161 0.166211 -0.322738 0.531661 0.300961 0.737259 1.827697 
9.757743 -0.023099 -0.073903 -0.257664 0.158718 -0.327127 0.525599 0.306143 0.730512 1.835972 
9.761264 -0.029860 -0.066420 -0.259773 0.155212 -0.332354 0.536776 0.297591 0.730047 1.837232 
9.763433 -0.034221 -0.063573 -0.260852 0.160160 -0.327865 0.522917 0.310282 0.733666 1.827856 
9.756179 -0.027259 -0.069334 -0.252342 0.153441 -0.326307 0.527169 0.303964 0.733209 1.831592 
9.755406 -0.028119 -0.070923 -0.254271 0.152591 -0.326620 0.526295 0.302649 0.735272 1.831262 
9.756046 -0.032142 -0.072478 -0.250591 0.152738 -0.325751 0.525778 0.302788 0.737159 1.836147 
9.757296 -0.032037 -0.073820 -0.249186 0.152952 -0.328663 0.525393 0.302721 0.737215 1.835036 
9.753390 -0.032596 -0.072971 -0.248702 0.154803 -0.320755 0.528802 0.300027 0.738942 1.835261 
9.756005 -0.032374 -0.072571 -0.250083 0.153796 -0.324559 0.523485 0.304771 0.738118 1.834635 
9.756414 -0.038006 -0.068636 -0.252614 0.152489 -0.322449 0.523410 0.305365 0.737488 1.835222 
9.754722 -0.041481 -0.068667 -0.255508 0.151186 -0.318913 0.521837 0.306603 0.734092 1.838046 
9.759294 -0.037595 -0.069752 -0.252751 0.151040 -0.320719 0.523838 0.305304 0.737478 1.834718 
9.757913 -0.037101 -0.063883 -0.252060 0.151993 -0.321379 0.519706 0.301468 0.739045 1.836755 
9.755992 -0.036836 -0.067904 -0.253033 0.150755 -0.322670 0.524635 0.306721 0.738963 1.837328 
9.756812 -0.041983 -0.065677 -0.252397 0.153244 -0.321397 0.524276 0.307361 0.740505 1.830667 
9.758085 -0.044228 -0.065629 -0.251862 0.152624 -0.323582 0.525234 0.306189 0.739945 1.831406 
9.756777 -0.042253 -0.066443 -0.253640 0.153449 -0.321611 0.523978 0.306828 0.741572 1.830744 
9.758442 -0.041698 -0.064820 -0.253140 0.156113 -0.321180 0.525221 0.308109 0.740101 1.831825 
9.757380 -0.041806 -0.065538 -0.252831 0.152983 -0.322310 0.523170 0.308359 0.740235 1.830426 
9.756290 -0.041004 -0.064387 -0.254215 0.152403 -0.321698 0.525780 0.306144 0.739082 1.829086 
9.757159 -0.040964 -0.065855 -0.251651 0.153588 -0.322262 0.524620 0.307065 0.741270 1.830027 
9.756577 -0.041330 -0.067145 -0.248272 0.153799 -0.321594 0.524180 0.306806 0.742243 1.830134 
9.755371 -0.040309 -0.066991 -0.246695 0.153061 -0.321419 0.525631 0.304962 0.741700 1.828166 
9.756168 -0.041487 -0.068278 -0.248434 0.153826 -0.321880 0.525170 0.307854 0.741943 1.829880 
9.756189 -0.040584 -0.065974 -0.247687 0.151986 -0.321681 0.525503 0.307716 0.744251 1.831846 
9.755169 -0.041499 -0.066584 -0.248228 0.154590 -0.322448 0.523980 0.306849 0.742229 1.830431 
9.758054 -0.040810 -0.066736 -0.247143 0.156706 -0.320842 0.525465 0.306828 0.742303 1.830967 
9.756697 -0.042301 -0.066400 -0.248243 0.153978 -0.321365 0.524335 0.307361 0.742986 1.828980 
9.757898 -0.041706 -0.066257 -0.246455 0.153903 -0.322780 0.522317 0.309025 0.743024 1.827799 
9.757236 -0.042197 -0.067343 -0.248444 0.153668 -0.321090 0.523265 0.306409 0.743454 1.829354 
9.756510 -0.042939 -0.068233 -0.249067 0.155099 -0.321691 0.524041 0.306019 0.746392 1.828257 
9.755784 -0.043467 -0.068310 -0.248983 0.155296 -0.320104 0.523514 0.306398 0.746521 1.828238 
9.755844 -0.045264 -0.068375 -0.248505 0.155156 -0.319883 0.523585 0.306050 0.746385 1.828607 
9.755932 -0.047013 -0.068215 -0.248730 0.155098 -0.319176 0.523456 0.305726 0.746256 1.828778 
9.756010 -0.048280 -0.068433 -0.247532 0.155099 -0.319064 0.522740 0.306123 0.746418 1.828675 
9.755607 -0.048970 -0.068565 -0.246375 0.154747 -0.318476 0.522939 0.305174 0.746269 1.828053 
9.755453 -0.049773 -0.068329 -0.245446 0.153880 -0.317922 0.523159 0.305130 0.747069 1.828745 
9.756231 -0.050036 -0.068320 -0.244550 0.155044 -0.317203 0.523502 0.304792 0.747035 1.829227 
9.756169 -0.051020 -0.069663 -0.244007 0.154767 -0.316728 0.523965 0.305080 0.746656 1.829194 
9.755105 -0.051980 -0.069707 -0.243261 0.155174 -0.316816 0.523432 0.304497 0.746405 1.829780 
9.755513 -0.053396 -0.069651 -0.242473 0.155118 -0.317322 0.523455 0.303831 0.746765 1.829350 
9.755358 -0.054560 -0.069482 -0.241601 0.155117 -0.316403 0.522826 0.303655 0.746968 1.828770 
9.755433 -0.055863 -0.069317 -0.240864 0.154809 -0.316095 0.522619 0.303929 0.747765 1.829543 
9.754887 -0.055879 -0.069895 -0.239678 0.155192 -0.316231 0.522568 0.303981 0.748956 1.829111 
9.755738 -0.055681 -0.069767 -0.240958 0.154615 -0.316009 0.522077 0.303470 0.747925 1.829746 
9.755888 -0.056522 -0.068747 -0.239910 0.154120 -0.316015 0.522338 0.303902 0.746627 1.829825 
9.755747 -0.057789 -0.068390 -0.240479 0.154010 -0.315212 0.522861 0.303028 0.746550 1.830016 
9.756055 -0.059310 -0.068336 -0.241177 0.154706 -0.315074 0.522361 0.303242 0.746213 1.830049 
9.756205 -0.061039 -0.068207 -0.241669 0.155247 -0.314712 0.522107 0.303144 0.746000 1.830090 
9.755822 -0.061529 -0.067838 -0.241790 0.154666 -0.313876 0.523034 0.301995 0.746157 1.830276 
9.756238 -0.061349 -0.067825 -0.241440 0.155306 -0.313608 0.523274 0.301845 0.746104 1.830523 
9.756992 -0.062027 -0.067305 -0.240453 0.155241 -0.313363 0.523077 0.301792 0.744982 1.830946 
9.756575 -0.062559 -0.066599 -0.239888 0.155583 -0.313405 0.523949 0.302908 0.745571 1.831205 
9.756863 -0.062154 -0.068023 -0.240255 0.155179 -0.313137 0.523408 0.302017 0.744698 1.830681 
9.756428 -0.061964 -0.067414 -0.239898 0.155681 -0.312468 0.523054 0.301905 0.744473 1.829197 
9.757561 -0.062269 -0.067978 -0.240296 0.154954 -0.313303 0.523681 0.302028 0.744973 1.830211 
9.757349 -0.061783 -0.067896 -0.240962 0.154795 -0.311756 0.523213 0.302884 0.744632 1.830963 
9.756843 -0.062003 -0.067783 -0.240732 0.155340 -0.313388 0.523854 0.302091 0.744110 1.830608 
9.757082 -0.062788 -0.069507 -0.239691 0.155743 -0.312692 0.523236 0.301474 0.744746 1.830728 
9.756879 -0.062938 -0.069327 -0.239725 0.155417 -0.312288 0.523722 0.300896 0.744839 1.830820 
9.756818 -0.061725 -0.069716 -0.238557 0.154672 -0.312204 0.524130 0.300615 0.744759 1.830927 
9.756410 -0.063291 -0.069448 -0.239685 0.154763 -0.312474 0.523442 0.301090 0.744732 1.830766 
9.756783 -0.064643 -0.069592 -0.240297 0.154413 -0.311962 0.523476 0.300322 0.744648 1.830083 
9.756492 -0.066108 -0.069390 -0.239999 0.154582 -0.311521 0.524318 0.300747 0.745222 1.829960 
9.755810 -0.065927 -0.070115 -0.241065 0.154572 -0.311523 0.524524 0.300498 0.746320 1.829374 
9.756342 -0.066260 -0.069278 -0.239739 0.154804 -0.312243 0.524396 0.300276 0.745270 1.829796 
9.756406 -0.067081 -0.068585 -0.239944 0.154574 -0.311870 0.523462 0.299398 0.745853 1.830457 
9.756741 -0.066401 -0.069621 -0.239950 0.154570 -0.312609 0.524688 0.300305 0.745365 1.830369 
9.756210 -0.067009 -0.069576 -0.240806 0.154697 -0.312550 0.525335 0.299973 0.743995 1.830416 
9.756942 -0.066302 -0.068929 -0.240319 0.154294 -0.312862 0.524856 0.300546 0.745473 1.830142 
9.757137 -0.066657 -0.070725 -0.238893 0.154016 -0.312126 0.524874 0.299643 0.745353 1.829878 
9.756770 -0.066934 -0.070902 -0.238844 0.153520 -0.312444 0.524440 0.300030 0.745220 1.829794 
9.757530 -0.067567 -0.071641 -0.238956 0.154687 -0.312600 0.523689 0.300467 0.745172 1.829425 
9.756512 -0.066804 -0.071165 -0.238690 0.153784 -0.312602 0.524465 0.300221 0.745464 1.830560 
9.756242 -0.067077 -0.071009 -0.237814 0.153540 -0.311666 0.524438 0.299729 0.744816 1.828536 
9.756922 -0.066317 -0.071104 -0.239042 0.153422 -0.312606 0.523974 0.299684 0.744916 1.829858 
9.756610 -0.066814 -0.071133 -0.239061 0.153543 -0.312487 0.524580 0.300057 0.745410 1.829596 
9.756685 -0.067376 -0.070819 -0.239147 0.153409 -0.312204 0.524073 0.299543 0.745644 1.829973 
9.756546 -0.067534 -0.070918 -0.239325 0.153477 -0.312168 0.524209 0.299449 0.745311 1.830064 
9.757041 -0.067976 -0.070652 -0.239731 0.153189 -0.312464 0.524430 0.299506 0.745334 1.830299 
9.756951 -0.068046 -0.070585 -0.239600 0.153303 -0.312820 0.524469 0.299273 0.745357 1.830214 
9.756858 -0.068747 -0.070321 -0.239328 0.153242 -0.312363 0.524409 0.299013 0.745206 1.830149 
9.757059 -0.068719 -0.070276 -0.239464 0.153029 -0.312261 0.523868 0.298419 0.744789 1.830276 
9.756846 -0.068553 -0.070053 -0.239461 0.152761 -0.312228 0.524036 0.298333 0.744797 1.830364 
9.757290 -0.069019 -0.070323 -0.239666 0.153699 -0.312311 0.523409 0.298680 0.744723 1.830097 
9.757040 -0.068731 -0.070258 -0.239280 0.153126 -0.312303 0.523801 0.298484 0.744785 1.830704 
9.757394 -0.068975 -0.071060 -0.239025 0.153045 -0.312298 0.523908 0.298313 0.744901 1.830710 
9.756845 -0.068862 -0.070355 -0.239265 0.152886 -0.312466 0.523589 0.298683 0.744730 1.830665 
9.757361 -0.068769 -0.070000 -0.239512 0.153949 -0.312163 0.523647 0.298511 0.744768 1.830616 
9.756852 -0.068805 -0.070327 -0.239513 0.153152 -0.312249 0.523727 0.298337 0.745096 1.830810 
9.757038 -0.068336 -0.069823 -0.239252 0.153070 -0.312018 0.524367 0.298075 0.744825 1.830891 
9.756850 -0.068805 -0.070406 -0.239467 0.153229 -0.312316 0.523980 0.298474 0.744484 1.830783 
9.756643 -0.068944 -0.069983 -0.239411 0.152991 -0.312557 0.523241 0.298958 0.744633 1.830595 
9.756841 -0.068837 -0.070120 -0.239346 0.153059 -0.312430 0.523521 0.298721 0.744709 1.830650 
9.757165 -0.068834 -0.070198 -0.239382 0.153056 -0.312384 0.523864 0.298507 0.744798 1.830763 
9.757161 -0.068922 -0.070648 -0.239168 0.153161 -0.312335 0.523675 0.298511 0.744809 1.830652 
9.757138 -0.068993 -0.070920 -0.238863 0.153102 -0.312162 0.523697 0.298334 0.744817 1.830670 
9.757117 -0.068957 -0.070614 -0.239103 0.153220 -0.312514 0.523695 0.298395 0.744821 1.830610 
9.757324 -0.068954 -0.070556 -0.239278 0.153575 -0.312272 0.523572 0.298542 0.744801 1.830597 
9.757221 -0.068855 -0.070659 -0.239226 0.153111 -0.312348 0.523541 0.298380 0.744715 1.830690 
9.757119 -0.068748 -0.070766 -0.239190 0.153256 -0.312506 0.523858 0.298802 0.744996 1.830621 
9.756939 -0.069195 -0.070508 -0.239122 0.153142 -0.312348 0.523545 0.298768 0.744803 1.830555 
9.757291 -0.069045 -0.070614 -0.239215 0.153124 -0.312357 0.523809 0.298506 0.744851 1.830702 
9.757208 -0.068904 -0.070615 -0.239137 0.153129 -0.312329 0.523637 0.298509 0.744881 1.830601 
9.757125 -0.068934 -0.070698 -0.239270 0.153152 -0.312299 0.523761 0.298471 0.744753 1.830474 
9.757208 -0.068903 -0.070631 -0.239110 0.153154 -0.312349 0.523694 0.298548 0.744731 1.830626 
9.757056 -0.068952 -0.070701 -0.239139 0.153248 -0.312260 0.523740 0.298452 0.744857 1.830796 
9.757123 -0.068974 -0.070631 -0.239203 0.153152 -0.312364 0.523639 0.298555 0.744803 1.830665 
9.757145 -0.068919 -0.070659 -0.239157 0.153119 -0.312342 0.523685 0.298508 0.744810 1.830658 
9.757179 -0.068876 -0.070673 -0.239211 0.153199 -0.312378 0.523685 0.298544 0.744830 1.830666 
9.757177 -0.068945 -0.070687 -0.239159 0.153163 -0.312339 0.523665 0.298513 0.744812 1.830649 
9.757214 -0.068961 -0.070615 -0.239202 0.153148 -0.312341 0.523721 0.298494 0.744815 1.830681 
9.757149 -0.068934 -0.070647 -0.239151 0.153173 -0.312329 0.523703 0.298534 0.744829 1.830648 
9.757122 -0.068920 -0.070595 -0.239169 0.153235 -0.312294 0.523696 0.298513 0.744822 1.830673 
9.757163 -0.068929 -0.070636 -0.239122 0.153175 -0.312338 0.523694 0.298549 0.744818 1.830676 
9.757157 -0.068928 -0.070623 -0.239170 0.153182 -0.312330 0.523728 0.298556 0.744772 1.830581 
9.757158 -0.068927 -0.070654 -0.239164 0.153161 -0.312292 0.523699 0.298557 0.744827 1.830657 
9.757167 -0.068926 -0.070601 -0.239152 0.153167 -0.312339 0.523670 0.298527 0.744892 1.830600 
9.757154 -0.068902 -0.070657 -0.239172 0.153184 -0.312350 0.523707 0.298545 0.744836 1.830655 
9.757110 -0.068981 -0.070652 -0.239172 0.153194 -0.312362 0.523756 0.298523 0.744863 1.830635 
