Start Optimization 
11.288251 -0.531057 -0.270959 -0.071754 0.170749 -0.340942 0.701939 0.182321 -0.400252 0.533885 
12.288251 -0.531057 -0.270959 -0.071754 0.170749 -0.340942 0.701939 0.182321 -0.400252 0.533885 
12.288251 0.468943 -0.270959 -0.071754 0.170749 -0.340942 0.701939 0.182321 -0.400252 0.533885 
12.288251 -0.531057 0.729041 -0.071754 0.170749 -0.340942 0.701939 0.182321 -0.400252 0.533885 
12.288251 -0.531057 -0.270959 0.928246 0.170749 -0.340942 0.701939 0.182321 -0.400252 0.533885 
12.288251 -0.531057 -0.270959 -0.071754 1.170749 -0.340942 0.701939 0.182321 -0.400252 0.533885 
12.288251 -0.531057 -0.270959 -0.071754 0.170749 0.659058 0.701939 0.182321 -0.400252 0.533885 
12.288251 -0.531057 -0.270959 -0.071754 0.170749 -0.340942 1.701939 0.182321 -0.400252 0.533885 
12.288251 -0.531057 -0.270959 -0.071754 0.170749 -0.340942 0.701939 1.182321 -0.400252 0.533885 
12.288251 -0.531057 -0.270959 -0.071754 0.170749 -0.340942 0.701939 0.182321 0.599748 0.533885 
12.288251 -0.531057 -0.270959 -0.071754 0.170749 -0.340942 0.701939 0.182321 -0.400252 1.533885 
12.288333 -0.760754 -0.463340 -1.025305 0.165843 -0.368542 0.699926 0.171368 -0.407899 1.534834 
12.288284 -0.624423 -0.349157 0.413022 0.168755 -0.352161 0.701121 0.177869 -0.403360 1.534271 
12.538251 -0.530968 -0.270959 -0.071754 0.170749 -0.340942 0.701939 0.182321 -0.400252 1.533885 
12.538079 -0.032335 -0.295846 -0.044744 0.170114 -0.344512 0.701679 0.180904 -0.401241 1.534008 
12.538251 -0.530968 -0.264586 -0.071754 -0.079170 -0.340942 0.701939 0.182321 -0.400252 1.533885 
12.538255 -0.527037 0.234654 -0.047878 -0.066462 -0.344098 0.701709 0.181069 -0.401126 1.533994 
12.538252 -0.532480 -0.265853 -0.078033 -0.079202 -0.590855 0.701939 0.182321 -0.400252 1.533885 
12.538332 -0.656864 -0.380873 -0.538439 -0.082302 -0.289061 0.700235 0.173049 -0.406726 1.534689 
12.538251 -0.531161 -0.264748 -0.070751 -0.079174 -0.340965 0.451941 0.182321 -0.400252 1.533885 
12.538336 -0.684632 -0.402372 0.384096 -0.082823 -0.318251 0.452276 0.174551 -0.405677 1.534558 
12.538245 -0.515288 -0.265540 -0.069892 -0.079194 -0.341079 0.451933 -0.067172 -0.400252 1.533885 
12.538086 -0.035475 -0.314809 -0.046629 -0.080504 -0.331793 0.451034 0.215733 -0.402341 1.534144 
12.538251 -0.531070 -0.253199 -0.070199 -0.078879 -0.341038 0.451936 0.182292 -0.649984 1.533885 
12.538263 -0.530349 0.233886 -0.048619 -0.066513 -0.331445 0.451048 0.182510 -0.375313 1.534146 
12.538251 -0.531281 -0.264859 -0.071196 -0.079177 -0.340953 0.451940 0.182312 -0.400258 1.783885 
12.538334 -0.664634 -0.377876 -0.536345 -0.082220 -0.290360 0.448290 0.177470 -0.401169 1.532663 
12.538293 -0.597897 -0.321312 -0.303548 -0.080697 -0.315662 0.450115 0.179895 -0.400711 1.533274 
12.538256 -0.534817 -0.140310 -0.078562 -0.076019 -0.337062 0.451607 0.182229 -0.393891 1.533893 
12.538278 -0.594734 -0.140979 -0.061192 -0.076036 -0.337132 0.451723 0.178479 -0.393905 1.533894 
12.538292 -0.565837 -0.109400 0.053665 -0.075345 -0.313948 0.450763 0.184056 -0.388379 1.533932 
12.600778 -0.594712 -0.140979 -0.061193 -0.076036 -0.337191 0.451723 0.178479 -0.393905 1.533894 
12.600668 -0.592642 -0.131468 -0.051411 -0.075817 -0.461417 0.451485 0.179376 -0.392629 1.533884 
12.600778 -0.594728 -0.139399 -0.061249 -0.138516 -0.337185 0.451723 0.178478 -0.393906 1.533894 
12.600886 -0.633213 -0.108070 -0.169979 -0.065274 -0.305099 0.448906 0.181523 -0.386034 1.533359 
12.600777 -0.594754 -0.154288 -0.060657 -0.076374 -0.337501 0.446626 0.183639 -0.333490 1.528783 
12.600787 -0.595506 -0.241886 -0.052565 -0.077162 -0.337802 0.398691 0.232547 -0.363739 1.481033 
12.600777 -0.592324 -0.151458 -0.060517 -0.076302 -0.337430 0.398912 0.143470 -0.333338 1.530237 
12.600783 -0.585514 -0.209829 -0.054731 -0.076523 -0.337104 0.464258 0.060848 -0.335178 1.498022 
12.618214 -0.590546 -0.173368 -0.055567 -0.059424 -0.330111 0.400492 0.141926 -0.351685 1.579375 
12.557828 -0.593750 -0.210565 -0.062788 -0.118775 -0.355566 0.396248 0.145883 -0.292136 1.632121 
12.611615 -0.560808 -0.150772 0.059282 -0.060806 -0.303096 0.401262 0.144456 -0.335939 1.582462 
12.623179 -0.609424 -0.167613 -0.112162 -0.050352 -0.316423 0.401656 0.139306 -0.350491 1.582500 
12.621070 -0.590181 -0.154197 -0.055819 -0.056068 -0.347204 0.410184 0.132125 -0.348025 1.589062 
12.625658 -0.592981 -0.197999 -0.058516 -0.051011 -0.378530 0.386380 0.155998 -0.367050 1.565919 
12.618227 -0.616482 -0.180174 -0.047180 -0.059593 -0.330105 0.407884 0.130995 -0.352029 1.575778 
12.618075 -0.587093 -0.206815 -0.055227 -0.059944 -0.330136 0.436796 0.095950 -0.352981 1.561529 
12.631005 -0.612966 -0.178670 -0.048182 -0.084296 -0.326515 0.407121 0.132196 -0.365034 1.577616 
12.620595 -0.655075 -0.164803 -0.050437 -0.071989 -0.365597 0.423761 0.110327 -0.346871 1.569054 
12.619226 -0.614148 -0.172857 -0.018890 -0.058664 -0.320676 0.405990 0.133512 -0.348124 1.574639 
12.629317 -0.616735 -0.182437 -0.048850 -0.059353 -0.329384 0.406879 0.132023 -0.341542 1.575035 
12.629076 -0.624297 -0.175640 -0.068350 -0.053435 -0.308896 0.403257 0.135894 -0.343374 1.577609 
12.628590 -0.623630 -0.175271 -0.068393 -0.053896 -0.308985 0.391277 0.125961 -0.342872 1.578422 
12.613383 -0.624030 -0.183585 -0.072583 -0.067630 -0.306737 0.389252 0.131221 -0.328035 1.593013 
12.624242 -0.620926 -0.171935 -0.070588 -0.058141 -0.309162 0.388647 0.129030 -0.339159 1.566020 
12.632967 -0.624527 -0.188518 -0.076564 -0.045494 -0.316850 0.376137 0.142163 -0.352343 1.577761 
12.628100 -0.612085 -0.182592 -0.069144 -0.051745 -0.302743 0.393404 0.123609 -0.343912 1.577105 
12.628891 -0.616771 -0.187701 -0.082073 -0.052216 -0.300955 0.409685 0.102433 -0.342246 1.570697 
12.629116 -0.602727 -0.173224 -0.073563 -0.049790 -0.306709 0.394104 0.124053 -0.342429 1.582187 
12.624969 -0.612888 -0.182753 -0.068082 -0.045608 -0.303360 0.393538 0.123384 -0.340582 1.576618 
12.625966 -0.611438 -0.178574 -0.057890 -0.044111 -0.292831 0.392261 0.124797 -0.338949 1.577185 
12.627786 -0.609255 -0.178066 -0.049357 -0.039497 -0.283383 0.387337 0.130083 -0.339344 1.577476 
12.627833 -0.609948 -0.173892 -0.043841 -0.039382 -0.273913 0.393338 0.122618 -0.335774 1.576203 
12.623109 -0.611338 -0.176049 -0.042448 -0.026191 -0.272489 0.393980 0.121123 -0.330235 1.574214 
12.631416 -0.610010 -0.175828 -0.044774 -0.040694 -0.273617 0.392733 0.123563 -0.329498 1.577263 
12.616418 -0.609273 -0.175336 -0.042035 -0.044583 -0.270301 0.392661 0.124847 -0.332448 1.583376 
12.629873 -0.610500 -0.176073 -0.041008 -0.037963 -0.275737 0.394896 0.120833 -0.337326 1.581719 
12.625932 -0.604647 -0.173604 -0.033629 -0.042730 -0.279767 0.393365 0.122696 -0.332407 1.569045 
12.627607 -0.609993 -0.173469 -0.043838 -0.039682 -0.274161 0.387291 0.117739 -0.335489 1.576652 
12.628044 -0.621205 -0.163752 -0.043013 -0.039587 -0.273745 0.385115 0.121508 -0.333866 1.577820 
12.628372 -0.616481 -0.158741 -0.044276 -0.037973 -0.274894 0.385369 0.121829 -0.332711 1.580363 
12.629744 -0.617932 -0.153830 -0.052184 -0.037399 -0.262941 0.383484 0.123667 -0.334497 1.579956 
12.626185 -0.622239 -0.150916 -0.061859 -0.040018 -0.266521 0.389609 0.116902 -0.331861 1.579006 
12.630442 -0.617297 -0.151658 -0.047966 -0.038926 -0.259807 0.386351 0.120142 -0.332982 1.578360 
12.630931 -0.615133 -0.144611 -0.041048 -0.040507 -0.255134 0.380967 0.126621 -0.331537 1.571704 
12.637132 -0.617468 -0.141438 -0.033704 -0.037845 -0.248831 0.380648 0.127072 -0.334891 1.580528 
12.639277 -0.615764 -0.141221 -0.034438 -0.043984 -0.249645 0.378453 0.125666 -0.337537 1.581424 
12.635428 -0.613473 -0.143434 -0.032682 -0.032963 -0.245287 0.370749 0.118036 -0.333107 1.579511 
12.642601 -0.617666 -0.140716 -0.034556 -0.035164 -0.250654 0.381123 0.125913 -0.336970 1.576862 
12.630159 -0.613099 -0.140470 -0.031688 -0.035590 -0.246988 0.384106 0.126614 -0.346944 1.578180 
12.639244 -0.612686 -0.145940 -0.033563 -0.037711 -0.246545 0.382115 0.129351 -0.333988 1.580418 
12.637927 -0.619159 -0.132612 -0.035077 -0.041483 -0.242240 0.384459 0.124891 -0.326034 1.577984 
12.638385 -0.622576 -0.127945 -0.044515 -0.040286 -0.236918 0.378558 0.132211 -0.324608 1.579071 
12.638382 -0.627291 -0.131734 -0.043850 -0.042000 -0.233502 0.378461 0.131642 -0.325772 1.576295 
12.638667 -0.637389 -0.131771 -0.039024 -0.046683 -0.229586 0.376556 0.133753 -0.318973 1.571078 
12.639364 -0.647528 -0.134952 -0.044081 -0.049043 -0.225006 0.381093 0.128081 -0.314456 1.573416 
12.638679 -0.638849 -0.130687 -0.039270 -0.048693 -0.231078 0.381794 0.138103 -0.321208 1.571287 
12.632891 -0.637056 -0.127534 -0.035043 -0.046942 -0.220425 0.373840 0.132658 -0.322873 1.562766 
12.637365 -0.630131 -0.134314 -0.033760 -0.048358 -0.212546 0.374853 0.137788 -0.317695 1.559555 
12.648809 -0.631156 -0.132500 -0.034631 -0.044355 -0.212980 0.374749 0.136596 -0.318967 1.550131 
12.640788 -0.630988 -0.132714 -0.030268 -0.048102 -0.209581 0.374318 0.137769 -0.319802 1.564055 
12.640617 -0.626954 -0.134161 -0.035692 -0.061945 -0.212425 0.369762 0.135988 -0.319736 1.558219 
12.640729 -0.628454 -0.133134 -0.040352 -0.060756 -0.210710 0.366116 0.140112 -0.320389 1.559180 
12.640072 -0.628485 -0.142868 -0.034001 -0.060884 -0.207259 0.359260 0.145946 -0.319794 1.555268 
12.640226 -0.623488 -0.138146 -0.030535 -0.061987 -0.202169 0.356061 0.150757 -0.308868 1.553041 
12.639908 -0.617583 -0.136969 -0.029718 -0.060110 -0.204698 0.354805 0.152386 -0.311995 1.553308 
12.640531 -0.626198 -0.145322 -0.034870 -0.063530 -0.190392 0.358331 0.147286 -0.306274 1.551859 
12.640632 -0.631285 -0.146772 -0.034529 -0.069260 -0.185782 0.367206 0.155761 -0.307570 1.548748 
12.647151 -0.634514 -0.155782 -0.037968 -0.071343 -0.186841 0.368966 0.157291 -0.299635 1.553681 
12.634884 -0.630845 -0.147607 -0.034108 -0.071240 -0.185646 0.367247 0.156303 -0.306990 1.553476 
12.636979 -0.641285 -0.147254 -0.033666 -0.071579 -0.177303 0.364160 0.151888 -0.306791 1.543487 
12.635100 -0.637500 -0.152328 -0.036306 -0.071688 -0.164741 0.365738 0.151682 -0.310776 1.539325 
12.633026 -0.638196 -0.148377 -0.031855 -0.074880 -0.156346 0.363265 0.157829 -0.304591 1.532913 
12.631383 -0.641091 -0.156568 -0.025173 -0.074985 -0.157683 0.357274 0.163597 -0.310333 1.528741 
12.629611 -0.637407 -0.149869 -0.035549 -0.075080 -0.159358 0.363704 0.157962 -0.302590 1.528492 
12.629964 -0.640969 -0.144071 -0.046625 -0.073590 -0.156312 0.359357 0.163780 -0.304459 1.531196 
12.627980 -0.638973 -0.150321 -0.034554 -0.068330 -0.158678 0.365870 0.159243 -0.301115 1.528947 
12.629089 -0.637228 -0.143393 -0.037413 -0.080000 -0.154755 0.372339 0.150467 -0.298285 1.526556 
12.628892 -0.631690 -0.142592 -0.038268 -0.076825 -0.151931 0.363173 0.142155 -0.291930 1.527287 
12.635304 -0.632548 -0.142999 -0.039136 -0.075197 -0.152204 0.363370 0.141839 -0.291423 1.523396 
12.631548 -0.634357 -0.151280 -0.041249 -0.080896 -0.149878 0.365024 0.144216 -0.282833 1.533151 
12.629083 -0.626515 -0.145081 -0.039920 -0.076139 -0.148101 0.364972 0.143288 -0.294256 1.526804 
12.631733 -0.622752 -0.136028 -0.036651 -0.077990 -0.157890 0.365662 0.147428 -0.286066 1.529574 
12.625806 -0.632049 -0.142277 -0.034201 -0.086368 -0.146450 0.362782 0.137216 -0.290625 1.518891 
12.624568 -0.631196 -0.143692 -0.035097 -0.094175 -0.147558 0.365872 0.124897 -0.293468 1.516150 
12.626987 -0.632509 -0.139690 -0.039142 -0.089909 -0.145624 0.359732 0.138729 -0.292292 1.519737 
12.624618 -0.636245 -0.132407 -0.045803 -0.093386 -0.136875 0.356387 0.141925 -0.290519 1.515999 
12.624454 -0.630117 -0.140053 -0.042134 -0.090153 -0.149742 0.360368 0.140248 -0.289548 1.516194 
12.632761 -0.624658 -0.134278 -0.033434 -0.097357 -0.148316 0.359090 0.141935 -0.290369 1.522931 
12.626618 -0.633549 -0.148076 -0.037272 -0.092793 -0.148055 0.349287 0.141459 -0.298069 1.517515 
12.627599 -0.632515 -0.140172 -0.042170 -0.092484 -0.147418 0.361572 0.133203 -0.294774 1.520888 
12.626993 -0.631112 -0.139703 -0.039380 -0.088865 -0.145180 0.357213 0.136843 -0.290904 1.520105 
12.626837 -0.633341 -0.143953 -0.038333 -0.091755 -0.147061 0.355124 0.140179 -0.295668 1.518605 
12.625930 -0.632175 -0.137358 -0.038385 -0.088706 -0.146627 0.359141 0.138370 -0.294426 1.519011 
12.623523 -0.635674 -0.138829 -0.038832 -0.090673 -0.148341 0.358606 0.139238 -0.290275 1.524700 
12.629110 -0.634672 -0.138933 -0.038801 -0.089705 -0.147030 0.359149 0.138153 -0.291264 1.518458 
12.630326 -0.631793 -0.140335 -0.042768 -0.085783 -0.146722 0.360001 0.141277 -0.293359 1.522880 
12.626423 -0.633696 -0.138609 -0.040780 -0.090898 -0.142906 0.359387 0.139107 -0.291520 1.519061 
12.627555 -0.632516 -0.136892 -0.040548 -0.093454 -0.141923 0.359096 0.140015 -0.290561 1.519570 
12.627525 -0.632734 -0.136077 -0.040361 -0.094978 -0.139060 0.359742 0.140237 -0.288706 1.519283 
12.628488 -0.632795 -0.134988 -0.041693 -0.095744 -0.136398 0.360063 0.141399 -0.287320 1.519848 
12.628350 -0.632903 -0.135394 -0.040934 -0.095411 -0.136167 0.359111 0.142750 -0.287203 1.519482 
12.627577 -0.633498 -0.136446 -0.040043 -0.098061 -0.135068 0.357482 0.142852 -0.287398 1.518267 
12.626013 -0.632519 -0.136368 -0.040882 -0.098839 -0.136098 0.357606 0.143895 -0.285439 1.516137 
12.625300 -0.633322 -0.136434 -0.040896 -0.099164 -0.136637 0.357403 0.144059 -0.284701 1.517421 
12.624496 -0.632877 -0.133970 -0.038953 -0.099150 -0.134994 0.356697 0.144131 -0.285996 1.515215 
12.623475 -0.631781 -0.134416 -0.039009 -0.099230 -0.134486 0.357109 0.144469 -0.286612 1.515881 
12.623949 -0.631469 -0.135960 -0.036631 -0.100657 -0.133900 0.358722 0.145793 -0.286352 1.515568 
12.624052 -0.629497 -0.137003 -0.035457 -0.100397 -0.132858 0.356913 0.144533 -0.284687 1.515898 
12.623227 -0.632315 -0.136629 -0.036683 -0.099814 -0.133097 0.359223 0.145335 -0.286033 1.515108 
12.622421 -0.632809 -0.138326 -0.037552 -0.100715 -0.132106 0.358227 0.147272 -0.287893 1.514254 
12.622123 -0.632793 -0.138015 -0.038897 -0.103369 -0.130351 0.359580 0.146164 -0.288138 1.514111 
12.620745 -0.632735 -0.139054 -0.038425 -0.104795 -0.131730 0.360207 0.144177 -0.289888 1.513266 
12.621380 -0.632256 -0.137906 -0.039383 -0.103589 -0.130947 0.359751 0.146687 -0.287130 1.513110 
12.621008 -0.631703 -0.137355 -0.040852 -0.104661 -0.128671 0.361814 0.148005 -0.287265 1.513020 
12.621731 -0.633616 -0.136183 -0.040746 -0.106544 -0.127283 0.361397 0.148355 -0.286581 1.511160 
12.620386 -0.634005 -0.135622 -0.040170 -0.106917 -0.127194 0.361084 0.148662 -0.286379 1.512071 
12.620742 -0.635306 -0.137347 -0.041897 -0.108383 -0.127588 0.361627 0.149103 -0.284874 1.513627 
12.620600 -0.633313 -0.136523 -0.038907 -0.107395 -0.126664 0.361187 0.148811 -0.285796 1.512045 
12.620069 -0.631284 -0.137256 -0.038992 -0.108174 -0.124250 0.359669 0.148009 -0.284835 1.511930 
12.619600 -0.630457 -0.139083 -0.037735 -0.108563 -0.122765 0.359150 0.150447 -0.285284 1.511117 
12.619410 -0.632103 -0.137845 -0.038917 -0.107125 -0.123605 0.360150 0.147503 -0.284394 1.511528 
12.620714 -0.629786 -0.136179 -0.037550 -0.108956 -0.123465 0.361302 0.146825 -0.282876 1.512404 
12.621512 -0.630246 -0.135679 -0.037345 -0.108315 -0.123326 0.360359 0.147421 -0.281877 1.512452 
12.620781 -0.631032 -0.136501 -0.036272 -0.110951 -0.123994 0.359901 0.145125 -0.282549 1.510747 
12.621484 -0.630499 -0.136040 -0.037273 -0.109163 -0.122367 0.361370 0.146555 -0.283775 1.513098 
12.621774 -0.629299 -0.137539 -0.036201 -0.107834 -0.123294 0.360282 0.145179 -0.284041 1.515233 
12.620384 -0.631133 -0.135935 -0.037156 -0.109821 -0.122377 0.361217 0.146924 -0.283259 1.514248 
12.621914 -0.631626 -0.137950 -0.039223 -0.111049 -0.122321 0.362040 0.147087 -0.281870 1.514693 
12.621166 -0.631328 -0.135954 -0.041762 -0.111821 -0.120494 0.362129 0.147179 -0.281514 1.514373 
12.621541 -0.632852 -0.134297 -0.042129 -0.112315 -0.121249 0.364695 0.148750 -0.281555 1.514157 
12.620961 -0.631004 -0.136512 -0.041170 -0.112303 -0.119584 0.362169 0.148396 -0.281514 1.513693 
12.620316 -0.628966 -0.137848 -0.041294 -0.112789 -0.117151 0.361198 0.149482 -0.281227 1.514422 
12.619987 -0.629686 -0.138207 -0.040655 -0.115325 -0.116266 0.359663 0.148557 -0.280678 1.512587 
12.618592 -0.631124 -0.139344 -0.040543 -0.113567 -0.114521 0.360609 0.147619 -0.279592 1.511668 
12.619127 -0.629499 -0.138856 -0.041087 -0.115801 -0.116527 0.360283 0.148190 -0.281944 1.512464 
12.619802 -0.631242 -0.138884 -0.042028 -0.114557 -0.116399 0.357327 0.150276 -0.281727 1.512004 
12.618834 -0.629294 -0.138291 -0.040860 -0.115405 -0.117273 0.359538 0.148953 -0.279646 1.512424 
12.621221 -0.627562 -0.138441 -0.041228 -0.114679 -0.116252 0.359783 0.148311 -0.280583 1.509699 
12.620396 -0.627178 -0.137469 -0.040343 -0.114085 -0.116105 0.359176 0.148108 -0.281237 1.509479 
12.621336 -0.627522 -0.137931 -0.040372 -0.117005 -0.114804 0.361276 0.150149 -0.279884 1.508894 
12.622097 -0.627249 -0.140188 -0.037516 -0.117842 -0.115180 0.361357 0.150776 -0.279585 1.508746 
12.621037 -0.626433 -0.138491 -0.040710 -0.117084 -0.113735 0.360670 0.150266 -0.279710 1.509637 
12.620903 -0.626175 -0.136622 -0.042744 -0.118925 -0.112183 0.361001 0.149503 -0.278682 1.509652 
12.621061 -0.625197 -0.135420 -0.044034 -0.117771 -0.111521 0.363195 0.151345 -0.278687 1.510742 
12.621551 -0.625672 -0.136158 -0.042969 -0.119680 -0.113044 0.360257 0.150167 -0.279340 1.510023 
12.620215 -0.627844 -0.137057 -0.044249 -0.118989 -0.110801 0.359401 0.151206 -0.278956 1.508206 
12.621701 -0.626481 -0.136760 -0.042695 -0.119009 -0.111323 0.361326 0.149006 -0.280078 1.509764 
12.618501 -0.625449 -0.137730 -0.043702 -0.120235 -0.113079 0.362248 0.149111 -0.280218 1.509169 
12.620027 -0.625469 -0.135948 -0.041812 -0.118500 -0.111612 0.360404 0.149687 -0.279255 1.509596 
12.619729 -0.626396 -0.133080 -0.041561 -0.119720 -0.111781 0.361024 0.148117 -0.278921 1.508353 
12.620647 -0.624406 -0.136084 -0.042090 -0.118159 -0.111622 0.360449 0.149550 -0.279213 1.508159 
12.620825 -0.622769 -0.137696 -0.040807 -0.119944 -0.109961 0.360146 0.149047 -0.277967 1.508837 
12.620481 -0.621495 -0.138357 -0.041989 -0.118965 -0.109603 0.358497 0.146617 -0.277661 1.510206 
12.620959 -0.623370 -0.138283 -0.040437 -0.119429 -0.110687 0.360508 0.148615 -0.276620 1.508654 
12.620801 -0.621264 -0.138953 -0.038581 -0.120363 -0.109298 0.359541 0.149522 -0.280238 1.509139 
12.620851 -0.622090 -0.137256 -0.041521 -0.119697 -0.109280 0.361169 0.149592 -0.277346 1.509468 
12.620511 -0.622601 -0.137520 -0.042450 -0.119975 -0.108241 0.360524 0.150197 -0.276773 1.508981 
12.620352 -0.622653 -0.136314 -0.042723 -0.120962 -0.107654 0.360662 0.149490 -0.276235 1.508620 
12.621073 -0.622261 -0.136034 -0.043359 -0.121814 -0.108414 0.359976 0.150151 -0.275703 1.509028 
12.620293 -0.621973 -0.136167 -0.043494 -0.122023 -0.108793 0.360091 0.150226 -0.275667 1.508894 
12.620711 -0.622351 -0.136991 -0.044478 -0.122815 -0.108776 0.360945 0.149737 -0.276174 1.508920 
12.620603 -0.621456 -0.136229 -0.043625 -0.121841 -0.108814 0.360122 0.150172 -0.275664 1.508165 
12.620256 -0.621001 -0.135870 -0.044154 -0.122492 -0.107348 0.360064 0.150728 -0.275230 1.508097 
12.619886 -0.621327 -0.134771 -0.045508 -0.122153 -0.106906 0.360031 0.151125 -0.275272 1.507854 
12.620346 -0.621339 -0.135724 -0.043846 -0.122719 -0.107462 0.360488 0.151320 -0.275261 1.507750 
12.620408 -0.621369 -0.136407 -0.043438 -0.123047 -0.107146 0.360805 0.151138 -0.273579 1.507661 
12.620322 -0.621418 -0.136941 -0.042661 -0.124266 -0.106619 0.359893 0.150989 -0.273677 1.507124 
12.620558 -0.620271 -0.136811 -0.041764 -0.125087 -0.106216 0.360587 0.150883 -0.273613 1.507660 
12.620934 -0.620071 -0.136799 -0.042052 -0.125407 -0.106657 0.360231 0.151287 -0.273405 1.507902 
12.620890 -0.619760 -0.138206 -0.041873 -0.125010 -0.106104 0.360090 0.152350 -0.273534 1.508172 
12.620726 -0.619888 -0.136389 -0.041558 -0.125001 -0.106686 0.359805 0.151525 -0.273158 1.507888 
12.621120 -0.620363 -0.136740 -0.042657 -0.126882 -0.106203 0.360300 0.151022 -0.272578 1.507470 
12.621496 -0.619832 -0.136356 -0.043095 -0.127893 -0.105873 0.361382 0.150868 -0.271795 1.507804 
12.622277 -0.619258 -0.136672 -0.043340 -0.128519 -0.106134 0.361608 0.150358 -0.271308 1.506497 
12.621021 -0.619227 -0.137022 -0.043515 -0.129597 -0.106940 0.361910 0.150202 -0.270918 1.506550 
12.621191 -0.619681 -0.136898 -0.043138 -0.129749 -0.107157 0.362311 0.150717 -0.270995 1.506306 
12.621717 -0.619913 -0.137170 -0.043603 -0.130661 -0.106612 0.361751 0.149375 -0.270267 1.507227 
12.621792 -0.619803 -0.136538 -0.044469 -0.131997 -0.105855 0.361583 0.149419 -0.270768 1.507131 
12.621800 -0.620474 -0.136269 -0.045995 -0.131980 -0.105614 0.361834 0.149488 -0.269865 1.506984 
12.621872 -0.619790 -0.137352 -0.044661 -0.132047 -0.105587 0.361786 0.149700 -0.270973 1.507237 
12.621710 -0.619140 -0.137583 -0.043826 -0.132787 -0.104597 0.361285 0.150243 -0.270239 1.507229 
12.621067 -0.619447 -0.137647 -0.043292 -0.132784 -0.103479 0.362056 0.149318 -0.270476 1.506719 
12.621229 -0.618969 -0.137423 -0.043305 -0.132781 -0.103468 0.362732 0.149337 -0.270337 1.507132 
12.621483 -0.618236 -0.137917 -0.042545 -0.134069 -0.102902 0.362432 0.149134 -0.270766 1.507442 
12.621863 -0.617933 -0.138085 -0.042691 -0.134173 -0.103063 0.362563 0.148930 -0.270493 1.506736 
12.621614 -0.618012 -0.138239 -0.043227 -0.134720 -0.101826 0.362600 0.149427 -0.269330 1.506797 
12.621243 -0.618343 -0.138454 -0.043818 -0.135299 -0.100385 0.363073 0.149319 -0.268606 1.506748 
12.620935 -0.618653 -0.138914 -0.044107 -0.136132 -0.099098 0.362552 0.149604 -0.267847 1.506526 
12.620938 -0.618390 -0.139040 -0.044712 -0.136919 -0.097958 0.362986 0.149968 -0.266881 1.506963 
12.620983 -0.618329 -0.139442 -0.045330 -0.137796 -0.096730 0.363435 0.149754 -0.266105 1.506591 
12.620398 -0.618575 -0.139554 -0.045358 -0.138510 -0.095247 0.363695 0.149799 -0.265898 1.507351 
12.620551 -0.617969 -0.139942 -0.045283 -0.139728 -0.094233 0.363459 0.150211 -0.265261 1.507702 
12.620526 -0.617753 -0.140449 -0.045394 -0.140915 -0.092893 0.363494 0.150118 -0.264737 1.507598 
12.620910 -0.616981 -0.140349 -0.045915 -0.141489 -0.092337 0.364701 0.150104 -0.264163 1.508203 
12.621282 -0.617832 -0.140126 -0.045300 -0.142255 -0.092206 0.365472 0.151182 -0.263973 1.507847 
12.622012 -0.617960 -0.139978 -0.045228 -0.141900 -0.091756 0.365297 0.151123 -0.264058 1.507932 
12.621682 -0.617303 -0.139819 -0.045390 -0.142093 -0.090436 0.365444 0.152227 -0.263784 1.507576 
12.621593 -0.617242 -0.140385 -0.044938 -0.142304 -0.089464 0.365680 0.152693 -0.262393 1.507855 
12.621460 -0.617175 -0.138829 -0.044924 -0.143085 -0.089088 0.365323 0.152422 -0.261757 1.507728 
12.621574 -0.617265 -0.138068 -0.045735 -0.144344 -0.088332 0.365008 0.152889 -0.261543 1.507918 
12.621541 -0.616635 -0.137237 -0.045090 -0.145526 -0.087420 0.365111 0.152858 -0.261808 1.507960 
12.622244 -0.615799 -0.136863 -0.045199 -0.146450 -0.087316 0.364968 0.152953 -0.261251 1.506835 
12.621897 -0.616064 -0.136002 -0.045497 -0.147055 -0.086114 0.365591 0.152538 -0.261130 1.506196 
12.621930 -0.615444 -0.134581 -0.045373 -0.147659 -0.085713 0.365657 0.153314 -0.260792 1.506582 
12.621467 -0.615912 -0.134449 -0.044782 -0.148184 -0.085140 0.364274 0.153614 -0.260910 1.505955 
12.621057 -0.614818 -0.134506 -0.045370 -0.148208 -0.084460 0.363435 0.152735 -0.260757 1.506322 
12.621800 -0.614970 -0.134364 -0.045293 -0.147847 -0.084059 0.363255 0.152634 -0.260852 1.506421 
12.621304 -0.615168 -0.134365 -0.045081 -0.149730 -0.084483 0.363183 0.151841 -0.260358 1.506757 
12.621387 -0.615091 -0.133551 -0.045584 -0.150140 -0.085068 0.362859 0.151416 -0.261766 1.506435 
12.621452 -0.615262 -0.134757 -0.045605 -0.150092 -0.084212 0.363183 0.152291 -0.260580 1.506950 
12.621347 -0.614719 -0.135469 -0.044906 -0.151059 -0.083041 0.363409 0.152470 -0.260238 1.506877 
12.621214 -0.614423 -0.136084 -0.044595 -0.152085 -0.081863 0.363424 0.152697 -0.259386 1.506753 
12.621174 -0.613716 -0.136478 -0.043995 -0.153303 -0.080931 0.363585 0.152677 -0.260004 1.506548 
12.621331 -0.614117 -0.136800 -0.045350 -0.154223 -0.080447 0.363201 0.153310 -0.259777 1.506633 
12.620604 -0.614916 -0.137031 -0.045572 -0.154474 -0.079531 0.363175 0.153620 -0.259749 1.507877 
12.621057 -0.614485 -0.137842 -0.045559 -0.155007 -0.079925 0.362280 0.154496 -0.259268 1.508604 
12.620907 -0.614891 -0.138420 -0.045440 -0.154899 -0.079931 0.361846 0.154247 -0.259449 1.508253 
12.621536 -0.614257 -0.138572 -0.046535 -0.155380 -0.079708 0.363427 0.154153 -0.258728 1.508976 
12.620956 -0.614358 -0.138688 -0.046477 -0.155701 -0.080217 0.363771 0.154434 -0.258675 1.508807 
12.622543 -0.615275 -0.138260 -0.046138 -0.155790 -0.079393 0.363942 0.155098 -0.258574 1.508728 
12.622425 -0.615016 -0.138531 -0.046254 -0.155256 -0.079120 0.364111 0.155667 -0.258756 1.508528 
12.622334 -0.615058 -0.137320 -0.046916 -0.156570 -0.078645 0.363615 0.155597 -0.257752 1.508536 
12.622685 -0.615092 -0.136733 -0.047891 -0.157178 -0.078869 0.363592 0.156015 -0.258986 1.509064 
12.622299 -0.614667 -0.137487 -0.046488 -0.157091 -0.078226 0.363732 0.155527 -0.258082 1.508426 
12.622242 -0.613996 -0.137205 -0.045371 -0.157704 -0.077379 0.364247 0.155633 -0.257468 1.508963 
12.623101 -0.612926 -0.136956 -0.045122 -0.158058 -0.077852 0.364360 0.155556 -0.257177 1.507798 
12.622435 -0.613863 -0.137714 -0.045341 -0.157944 -0.077574 0.363724 0.156014 -0.257266 1.509251 
12.622186 -0.614277 -0.138394 -0.045076 -0.158854 -0.076354 0.363519 0.155674 -0.257126 1.508507 
12.622332 -0.614010 -0.138179 -0.045193 -0.160201 -0.075587 0.363646 0.155905 -0.258168 1.508828 
12.622290 -0.613951 -0.137704 -0.045448 -0.161595 -0.074388 0.363611 0.156235 -0.258148 1.508988 
12.622193 -0.613986 -0.137086 -0.046143 -0.162860 -0.073340 0.363369 0.156642 -0.258022 1.508959 
12.622200 -0.613862 -0.136690 -0.046268 -0.164298 -0.072170 0.363416 0.156939 -0.258234 1.509200 
12.622008 -0.614071 -0.136614 -0.046362 -0.165543 -0.070793 0.363251 0.157023 -0.257835 1.508922 
12.621979 -0.614011 -0.136394 -0.046302 -0.166972 -0.069512 0.363316 0.157215 -0.257946 1.509071 
12.622006 -0.613919 -0.136281 -0.046327 -0.168437 -0.068333 0.363136 0.157597 -0.257830 1.509320 
12.622013 -0.613806 -0.136043 -0.046243 -0.169877 -0.067102 0.363228 0.157820 -0.258023 1.509557 
12.622103 -0.613657 -0.135998 -0.046312 -0.171334 -0.066063 0.362898 0.158347 -0.257806 1.509932 
12.622030 -0.613704 -0.135996 -0.046221 -0.172721 -0.064734 0.362773 0.158540 -0.257571 1.509945 
12.621978 -0.613715 -0.135962 -0.046122 -0.174132 -0.063419 0.362681 0.158746 -0.257411 1.510012 
12.621964 -0.613672 -0.135897 -0.046039 -0.175575 -0.062153 0.362584 0.159013 -0.257308 1.510172 
12.622256 -0.613247 -0.135704 -0.046207 -0.176908 -0.061618 0.362251 0.159797 -0.257414 1.510999 
12.621967 -0.613390 -0.135309 -0.045863 -0.178081 -0.060479 0.361519 0.160212 -0.257387 1.510771 
12.621936 -0.612997 -0.135880 -0.046471 -0.178619 -0.059116 0.361998 0.160937 -0.257184 1.510637 
12.622570 -0.613649 -0.136112 -0.046936 -0.179951 -0.058318 0.362372 0.161009 -0.256786 1.510703 
12.622726 -0.612262 -0.136087 -0.047121 -0.180887 -0.058183 0.362337 0.160431 -0.256307 1.510092 
12.623321 -0.611975 -0.136089 -0.047538 -0.180464 -0.057054 0.361581 0.159568 -0.256388 1.510746 
12.622970 -0.612068 -0.136611 -0.047865 -0.180716 -0.057225 0.361314 0.159358 -0.256870 1.510707 
12.622181 -0.611648 -0.135880 -0.047700 -0.181126 -0.056477 0.362012 0.159398 -0.255522 1.511521 
12.622388 -0.611179 -0.136998 -0.046489 -0.181667 -0.055959 0.362054 0.159572 -0.255137 1.511825 
12.622472 -0.610485 -0.137038 -0.045771 -0.182558 -0.054980 0.362881 0.159604 -0.255734 1.511944 
12.622617 -0.609800 -0.137709 -0.045535 -0.183426 -0.054250 0.362531 0.160364 -0.254822 1.511972 
12.623284 -0.610474 -0.137712 -0.045084 -0.184691 -0.054435 0.362591 0.159571 -0.254246 1.512309 
12.622946 -0.610796 -0.137576 -0.044780 -0.184674 -0.054032 0.362326 0.159393 -0.254171 1.511713 
12.623030 -0.610605 -0.138656 -0.044814 -0.184409 -0.053586 0.363430 0.158784 -0.253402 1.511320 
12.622899 -0.610106 -0.137407 -0.044654 -0.184738 -0.054396 0.362142 0.158970 -0.254068 1.511445 
12.622540 -0.611158 -0.137727 -0.043608 -0.184855 -0.053575 0.361939 0.159993 -0.254241 1.512882 
12.623202 -0.610667 -0.137514 -0.045052 -0.184454 -0.053480 0.361959 0.158951 -0.254207 1.512045 
12.622497 -0.610708 -0.136621 -0.046188 -0.185211 -0.052935 0.362318 0.159031 -0.253796 1.512271 
12.623531 -0.610684 -0.135407 -0.045999 -0.184837 -0.052511 0.362725 0.159569 -0.253148 1.512059 
12.623688 -0.610438 -0.135359 -0.045828 -0.185188 -0.052167 0.363077 0.159548 -0.253821 1.511923 
12.624209 -0.610807 -0.135370 -0.047157 -0.186036 -0.051661 0.362561 0.159894 -0.254109 1.511478 
12.624069 -0.611738 -0.134499 -0.047857 -0.185807 -0.051768 0.363109 0.159053 -0.254859 1.511689 
12.624096 -0.610861 -0.134922 -0.046893 -0.186208 -0.051815 0.361999 0.160184 -0.254418 1.511823 
12.623840 -0.610360 -0.135737 -0.047078 -0.186792 -0.050349 0.362599 0.160442 -0.253504 1.512093 
12.623676 -0.608865 -0.135388 -0.047287 -0.187591 -0.050216 0.362202 0.160020 -0.252987 1.511733 
12.622981 -0.608090 -0.135366 -0.047897 -0.186585 -0.049744 0.362115 0.160931 -0.253436 1.511439 
12.623314 -0.609198 -0.135259 -0.046957 -0.187597 -0.049872 0.361976 0.159888 -0.252909 1.511106 
12.622817 -0.609214 -0.135351 -0.046808 -0.188710 -0.050322 0.362659 0.161010 -0.252518 1.510638 
12.623393 -0.608795 -0.136246 -0.046211 -0.189517 -0.049436 0.362167 0.161575 -0.252181 1.510443 
12.623064 -0.608677 -0.136230 -0.046265 -0.190783 -0.048110 0.362373 0.161652 -0.251756 1.510758 
12.623126 -0.608590 -0.136608 -0.046793 -0.191953 -0.046910 0.362818 0.161544 -0.251260 1.510418 
12.623091 -0.608635 -0.136590 -0.047159 -0.192849 -0.045819 0.362770 0.161818 -0.249996 1.510516 
12.622211 -0.608660 -0.137593 -0.047589 -0.193927 -0.045258 0.362434 0.161581 -0.249616 1.510756 
12.622169 -0.608307 -0.137680 -0.047402 -0.194963 -0.043935 0.363104 0.161565 -0.249006 1.510718 
12.622445 -0.608370 -0.137306 -0.047867 -0.196394 -0.042863 0.362887 0.161896 -0.249042 1.510563 
12.622921 -0.608283 -0.137429 -0.048244 -0.197710 -0.041751 0.362768 0.162221 -0.248659 1.510129 
12.622913 -0.607946 -0.137511 -0.048096 -0.198787 -0.040421 0.363390 0.162230 -0.248065 1.510067 
12.622804 -0.607693 -0.138358 -0.048242 -0.199883 -0.039375 0.363538 0.162207 -0.247273 1.509833 
12.622307 -0.607860 -0.137645 -0.048812 -0.201160 -0.039143 0.364348 0.162567 -0.246920 1.509502 
12.622487 -0.609157 -0.138018 -0.048836 -0.201206 -0.038164 0.364841 0.163206 -0.247215 1.510012 
12.621987 -0.609080 -0.137926 -0.048853 -0.200828 -0.037761 0.364661 0.163465 -0.247335 1.509492 
12.622086 -0.607972 -0.138095 -0.049822 -0.200656 -0.037414 0.364964 0.164299 -0.247590 1.510272 
12.622111 -0.609191 -0.137864 -0.049436 -0.200580 -0.037525 0.364833 0.162817 -0.247376 1.509376 
12.621821 -0.608925 -0.137428 -0.047978 -0.201872 -0.036849 0.364042 0.163975 -0.247125 1.509869 
12.621384 -0.609034 -0.137876 -0.047576 -0.203125 -0.036397 0.363286 0.164786 -0.246632 1.509907 
12.621331 -0.609016 -0.137249 -0.047338 -0.204078 -0.034989 0.362753 0.164541 -0.246411 1.510185 
12.621018 -0.609195 -0.137372 -0.047355 -0.205356 -0.033877 0.362016 0.164662 -0.245920 1.510230 
12.622180 -0.609107 -0.136986 -0.047090 -0.206041 -0.033120 0.361696 0.165350 -0.245681 1.509478 
12.622050 -0.608804 -0.137129 -0.046423 -0.207311 -0.032313 0.361718 0.165326 -0.246648 1.509276 
12.621883 -0.608689 -0.136763 -0.045623 -0.208227 -0.031111 0.361638 0.165688 -0.245911 1.509456 
12.621827 -0.609198 -0.135807 -0.045844 -0.209041 -0.030925 0.360523 0.166205 -0.246472 1.509721 
12.622102 -0.609237 -0.137128 -0.045478 -0.207898 -0.030727 0.361641 0.165881 -0.246142 1.509780 
12.622038 -0.607374 -0.137007 -0.045244 -0.208288 -0.031209 0.360523 0.165019 -0.245588 1.509235 
12.621782 -0.609231 -0.136668 -0.045174 -0.208210 -0.031262 0.361496 0.165278 -0.245816 1.508990 
12.621013 -0.608451 -0.136339 -0.046401 -0.207955 -0.030324 0.362065 0.165926 -0.246004 1.508326 
12.622211 -0.608718 -0.136402 -0.045884 -0.208215 -0.030777 0.361803 0.165010 -0.245959 1.509671 
12.621887 -0.608822 -0.137032 -0.045938 -0.209548 -0.031958 0.362470 0.166105 -0.245389 1.509293 
12.622627 -0.608709 -0.136779 -0.045789 -0.209446 -0.031960 0.362570 0.166430 -0.245442 1.508872 
12.621258 -0.608370 -0.136106 -0.045012 -0.209311 -0.032566 0.363229 0.166442 -0.245768 1.509783 
12.621878 -0.608922 -0.136759 -0.046129 -0.209157 -0.032110 0.362319 0.166330 -0.244652 1.509491 
12.621768 -0.610027 -0.136754 -0.046523 -0.210274 -0.032613 0.362572 0.165696 -0.245215 1.508418 
12.621690 -0.609549 -0.137002 -0.046491 -0.210598 -0.032940 0.362089 0.165605 -0.244939 1.508062 
12.622005 -0.610144 -0.136817 -0.046358 -0.210356 -0.032803 0.362480 0.165564 -0.245207 1.508681 
12.621653 -0.610433 -0.137387 -0.046524 -0.210326 -0.032474 0.362616 0.166259 -0.245124 1.508263 
12.621638 -0.610467 -0.137285 -0.046307 -0.210560 -0.032201 0.362657 0.166217 -0.244907 1.508257 
12.621732 -0.610346 -0.137659 -0.047141 -0.209916 -0.032904 0.362641 0.166272 -0.245486 1.508261 
12.621682 -0.610387 -0.137566 -0.046427 -0.210196 -0.032500 0.362906 0.166036 -0.244946 1.508159 
12.621733 -0.610477 -0.137233 -0.046938 -0.210891 -0.031852 0.362560 0.166317 -0.244949 1.508355 
12.621718 -0.610567 -0.137450 -0.046516 -0.210122 -0.032268 0.362340 0.166066 -0.245148 1.508144 
12.621307 -0.610300 -0.137131 -0.046273 -0.210586 -0.032959 0.363031 0.166704 -0.245189 1.508365 
12.621274 -0.610493 -0.137489 -0.046564 -0.210338 -0.032463 0.362552 0.166081 -0.245116 1.508471 
12.622164 -0.610500 -0.137096 -0.046190 -0.210092 -0.032493 0.362506 0.166576 -0.245256 1.507709 
12.621643 -0.610386 -0.137518 -0.046418 -0.210508 -0.032394 0.362685 0.166137 -0.245498 1.508169 
12.621259 -0.610716 -0.137139 -0.046468 -0.209836 -0.032594 0.362248 0.166337 -0.244630 1.508374 
12.621758 -0.610765 -0.137355 -0.046559 -0.210514 -0.032704 0.362603 0.166105 -0.245092 1.508231 
12.622206 -0.610303 -0.137590 -0.046292 -0.210304 -0.032635 0.362496 0.166443 -0.244909 1.508907 
12.621375 -0.610531 -0.137633 -0.045969 -0.210321 -0.032400 0.362341 0.166028 -0.245716 1.508379 
12.621703 -0.610375 -0.137499 -0.046466 -0.210221 -0.032477 0.362937 0.166108 -0.244871 1.508139 
12.621675 -0.610547 -0.137315 -0.046539 -0.210254 -0.032385 0.362735 0.166275 -0.245192 1.508355 
12.621750 -0.610500 -0.137156 -0.046825 -0.210455 -0.032205 0.362747 0.166429 -0.245028 1.508336 
12.621612 -0.610571 -0.137395 -0.046381 -0.210221 -0.032380 0.362714 0.166191 -0.245313 1.508372 
12.621687 -0.610579 -0.137327 -0.046560 -0.210199 -0.032337 0.362668 0.166232 -0.245153 1.508352 
12.621551 -0.610587 -0.137239 -0.046489 -0.210154 -0.032490 0.362714 0.166341 -0.245108 1.508389 
12.621729 -0.610558 -0.137269 -0.046474 -0.210245 -0.032368 0.362721 0.166310 -0.245191 1.508293 
12.621750 -0.610530 -0.137357 -0.046626 -0.210120 -0.032491 0.362738 0.166297 -0.245298 1.508297 
12.621685 -0.610589 -0.137397 -0.046529 -0.210259 -0.032375 0.362735 0.166349 -0.245172 1.508364 
12.621814 -0.610484 -0.137314 -0.046475 -0.210241 -0.032436 0.362707 0.166263 -0.245151 1.508520 
12.621692 -0.610625 -0.137294 -0.046553 -0.210307 -0.032434 0.362693 0.166260 -0.245215 1.508363 
12.621720 -0.610608 -0.137361 -0.046510 -0.210251 -0.032445 0.362872 0.166162 -0.245082 1.508295 
12.621672 -0.610535 -0.137295 -0.046564 -0.210313 -0.032314 0.362732 0.166290 -0.245194 1.508363 
12.621674 -0.610559 -0.137318 -0.046524 -0.210269 -0.032382 0.362757 0.166254 -0.245161 1.508352 
12.621710 -0.610556 -0.137340 -0.046559 -0.210206 -0.032437 0.362767 0.166256 -0.245201 1.508322 
12.621696 -0.610558 -0.137302 -0.046534 -0.210240 -0.032376 0.362751 0.166276 -0.245197 1.508390 
12.621735 -0.610510 -0.137320 -0.046508 -0.210253 -0.032415 0.362713 0.166268 -0.245168 1.508423 
12.621693 -0.610558 -0.137280 -0.046555 -0.210235 -0.032389 0.362752 0.166298 -0.245167 1.508391 
12.621638 -0.610577 -0.137295 -0.046481 -0.210198 -0.032411 0.362739 0.166280 -0.245197 1.508406 
12.621695 -0.610548 -0.137286 -0.046558 -0.210297 -0.032302 0.362750 0.166289 -0.245210 1.508399 
