Start Optimization 
17.642974 0.119346 0.023132 -0.283816 -0.078993 0.076556 0.707008 0.344370 0.294836 0.829503 
18.642974 0.119346 0.023132 -0.283816 -0.078993 0.076556 0.707008 0.344370 0.294836 0.829503 
17.642974 1.119346 0.023132 -0.283816 -0.078993 0.076556 0.707008 0.344370 0.294836 0.829503 
17.642974 0.119346 1.023132 -0.283816 -0.078993 0.076556 0.707008 0.344370 0.294836 0.829503 
17.642974 0.119346 0.023132 0.716184 -0.078993 0.076556 0.707008 0.344370 0.294836 0.829503 
17.642974 0.119346 0.023132 -0.283816 0.921007 0.076556 0.707008 0.344370 0.294836 0.829503 
17.642974 0.119346 0.023132 -0.283816 -0.078993 1.076556 0.707008 0.344370 0.294836 0.829503 
17.642974 0.119346 0.023132 -0.283816 -0.078993 0.076556 1.707008 0.344370 0.294836 0.829503 
17.642974 0.119346 0.023132 -0.283816 -0.078993 0.076556 1.707008 1.344370 0.294836 0.829503 
17.642974 0.119346 0.023132 -0.283816 -0.078993 0.076556 1.707008 1.344370 1.294836 0.829503 
17.642974 0.119346 0.023132 -0.283816 -0.078993 0.076556 1.707008 1.344370 0.294836 1.829503 
17.642154 -0.152453 -0.152310 -1.229162 -0.094904 0.054141 1.708465 1.346456 0.264873 0.827110 
17.642917 0.614835 0.010915 -0.349646 -0.080101 0.074995 1.707109 1.344515 0.292749 0.829336 
17.392977 0.119346 0.024301 -0.283816 -0.078993 0.076556 1.707008 1.344370 0.294836 0.829503 
17.395297 0.122481 0.522358 -0.327643 -0.079731 0.075517 1.707076 1.344467 0.293447 0.829392 
17.392977 0.119346 0.024301 -0.279609 -0.328958 0.076556 1.707008 1.344370 0.294836 0.829503 
17.392107 0.147598 -0.144952 0.185292 -0.063308 0.067190 1.707617 1.345242 0.282316 0.828503 
17.392972 0.117837 0.023327 -0.289064 -0.079081 -0.173382 1.707008 1.344370 0.294836 0.829503 
17.391588 0.024384 -0.253463 -0.687706 -0.076797 0.098554 1.707711 1.345376 0.280381 0.828348 
17.392976 0.119248 0.024238 -0.284157 -0.078999 0.076564 1.957008 1.344370 0.294836 0.829503 
17.391588 0.024385 -0.253462 -0.687703 -0.076797 0.098554 1.705141 1.345376 0.280381 0.828348 
17.392282 0.071866 -0.114581 -0.485759 -0.077895 0.087555 1.706074 1.344873 0.287609 0.828926 
17.392979 0.119317 0.024825 -0.283858 -0.078994 0.076555 1.707008 1.469369 0.294836 0.829503 
17.393972 0.089781 0.248961 -0.389784 -0.075299 0.085307 1.706173 1.469193 0.286034 0.828800 
17.392969 0.119518 0.022721 -0.277996 -0.078895 0.076439 1.707016 1.469380 0.169991 0.829503 
17.392116 0.102048 -0.137956 -0.088246 -0.065572 0.086544 1.705867 1.471601 0.179172 0.828203 
17.392969 0.123703 0.022618 -0.278552 -0.078904 0.076426 1.707016 1.469381 0.169974 0.704574 
17.392852 0.366467 0.001040 -0.309148 -0.077808 0.077812 1.706848 1.469755 0.168908 0.837935 
17.392975 0.119969 0.024036 -0.279675 -0.203876 0.076510 1.707011 1.469373 0.169792 0.829534 
17.392122 0.094746 -0.136952 -0.087751 -0.077185 0.086494 1.705873 1.471586 0.179173 0.827973 
17.392593 0.096470 -0.055243 -0.372787 -0.077785 0.080479 1.706694 1.469848 0.166525 0.829219 
17.392609 0.096404 -0.051643 -0.373066 -0.077708 0.142875 1.706692 1.469834 0.166393 0.829209 
17.392974 0.070047 0.041484 -0.451550 -0.071481 0.139987 1.705642 1.470459 0.159411 0.828611 
17.392608 0.096394 -0.051953 -0.372597 -0.077715 0.142893 1.644195 1.469835 0.166416 0.829206 
17.392107 0.080375 -0.148357 -0.295188 -0.076820 0.150824 1.644663 1.470998 0.170451 0.828412 
17.330109 0.096575 -0.051676 -0.372620 -0.077714 0.142894 1.644195 1.469835 0.166416 0.829212 
17.392888 0.218297 -0.076872 -0.383540 -0.076429 0.145057 1.644026 1.470199 0.166138 0.833362 
17.392891 0.218221 -0.076254 -0.383722 -0.076424 0.145035 1.644023 1.532696 0.166125 0.833360 
17.394285 0.240794 -0.030348 -0.488741 -0.042387 0.163473 1.636647 1.541992 0.147790 0.834634 
17.392929 0.219376 -0.075697 -0.387035 -0.138815 0.145709 1.643813 1.532986 0.165534 0.833420 
17.392891 0.217174 -0.076225 -0.383593 -0.076422 0.145039 1.644023 1.532695 0.166351 0.864591 
17.392910 0.217459 -0.075210 -0.387520 -0.076565 0.145351 1.643937 1.532807 0.228716 0.864171 
17.393028 0.223997 -0.048706 -0.370550 -0.076763 0.143518 1.643983 1.532469 0.166701 0.864738 
17.393036 0.226693 -0.074256 -0.313804 -0.077625 0.147923 1.643753 1.534130 0.168458 0.864675 
17.393039 0.223811 -0.046309 -0.371863 -0.076336 0.174644 1.643971 1.532452 0.166426 0.864733 
17.393436 0.229593 -0.018551 -0.426446 -0.068951 0.173846 1.642031 1.534213 0.158654 0.865304 
17.393036 0.223755 -0.046755 -0.370982 -0.076283 0.174702 1.612736 1.532457 0.166445 0.864728 
17.393264 0.230947 -0.070265 -0.314529 -0.073573 0.184164 1.614579 1.535924 0.164893 0.864940 
17.424286 0.223657 -0.046819 -0.371122 -0.076258 0.174688 1.612731 1.532456 0.166428 0.864725 
17.392845 0.229349 -0.019033 -0.425641 -0.069042 0.173774 1.610731 1.534142 0.158806 0.865287 
17.393114 0.254117 -0.054007 -0.371475 -0.075749 0.175413 1.612773 1.532565 0.166398 0.865754 
17.393146 0.196255 -0.060463 -0.317393 -0.074105 0.182980 1.614420 1.535714 0.164820 0.863777 
17.393091 0.210005 -0.053609 -0.344187 -0.075194 0.178841 1.613578 1.534085 0.165632 0.864253 
17.393034 0.223803 -0.046263 -0.371775 -0.076163 0.174637 1.612710 1.548053 0.166360 0.864733 
17.392913 0.210434 -0.029600 -0.393300 -0.071285 0.175761 1.611834 1.550116 0.161196 0.864509 
17.393034 0.226919 -0.047211 -0.371020 -0.060900 0.174552 1.612765 1.547995 0.166445 0.864833 
17.393103 0.252809 -0.049352 -0.374553 -0.085178 0.178170 1.612556 1.551307 0.162838 0.865847 
17.393043 0.224369 -0.044950 -0.374259 -0.076972 0.175470 1.612626 1.548855 0.197445 0.864560 
17.392986 0.221111 -0.055834 -0.376503 -0.076224 0.175347 1.612713 1.548319 0.166395 0.875794 
17.392966 0.220193 -0.059819 -0.378703 -0.076120 0.179318 1.612718 1.548353 0.166273 0.870928 
17.392935 0.219421 -0.065588 -0.380901 -0.076682 0.165989 1.612707 1.548841 0.166482 0.865717 
17.392965 0.220165 -0.059937 -0.378456 -0.076106 0.179337 1.604911 1.548356 0.166277 0.870926 
17.392987 0.212994 -0.064053 -0.365826 -0.077415 0.181763 1.605360 1.551233 0.166648 0.871086 
17.385153 0.220187 -0.059917 -0.378425 -0.076111 0.179340 1.604912 1.548356 0.166280 0.870926 
17.385094 0.210361 -0.052578 -0.387500 -0.075694 0.181039 1.604498 1.550402 0.164320 0.871258 
17.385153 0.220927 -0.060327 -0.377909 -0.076271 0.179245 1.604927 1.548351 0.158533 0.871003 
17.385142 0.230521 -0.058242 -0.384738 -0.082582 0.184472 1.604547 1.553209 0.166908 0.872474 
17.385145 0.220487 -0.059485 -0.379436 -0.077420 0.180457 1.604841 1.540828 0.166258 0.871251 
17.385141 0.219607 -0.062325 -0.379579 -0.075689 0.179515 1.604914 1.548420 0.166291 0.873680 
17.385149 0.222604 -0.058551 -0.378943 -0.068967 0.180392 1.604851 1.548160 0.166254 0.869990 
17.385144 0.220889 -0.060623 -0.380409 -0.076068 0.176335 1.604850 1.548109 0.166278 0.869816 
17.385139 0.217284 -0.059865 -0.372498 -0.076612 0.181037 1.604990 1.550375 0.166431 0.867727 
17.385154 0.222526 -0.058917 -0.379028 -0.077710 0.181253 1.604841 1.549830 0.166438 0.870869 
17.385145 0.219118 -0.059849 -0.379624 -0.076055 0.180122 1.604879 1.548554 0.166076 0.870196 
17.385139 0.216989 -0.056963 -0.380572 -0.075961 0.179901 1.604795 1.549133 0.165678 0.871165 
17.385129 0.214709 -0.054201 -0.381747 -0.076066 0.180355 1.604701 1.548507 0.165252 0.871666 
17.385125 0.213200 -0.054001 -0.381138 -0.075503 0.179769 1.604716 1.551937 0.165133 0.871309 
17.385125 0.213202 -0.054042 -0.381107 -0.075506 0.179725 1.602764 1.551934 0.165134 0.871292 
17.385116 0.214054 -0.053708 -0.383664 -0.075735 0.177017 1.602767 1.552391 0.165062 0.870759 
17.385125 0.213045 -0.053930 -0.381246 -0.075376 0.179762 1.602759 1.551933 0.167068 0.871269 
17.385126 0.214378 -0.053259 -0.381582 -0.071996 0.180512 1.602711 1.552096 0.164889 0.871391 
17.383172 0.213205 -0.054048 -0.381104 -0.075505 0.179726 1.602764 1.551934 0.165135 0.871303 
17.383192 0.212630 -0.055566 -0.382404 -0.075472 0.180385 1.602718 1.552532 0.165082 0.874487 
17.383170 0.214104 -0.053545 -0.381668 -0.076272 0.180834 1.602722 1.552697 0.165166 0.871111 
17.383180 0.214278 -0.052171 -0.378870 -0.075925 0.178642 1.602739 1.552225 0.165286 0.873336 
17.383165 0.212008 -0.052089 -0.375981 -0.075822 0.179862 1.602591 1.552185 0.164915 0.873036 
17.383143 0.209464 -0.051767 -0.373149 -0.075775 0.180267 1.602399 1.552326 0.164400 0.872617 
17.383126 0.208855 -0.049945 -0.371130 -0.076153 0.177825 1.602234 1.552960 0.164034 0.873525 
17.383146 0.210093 -0.052939 -0.372475 -0.075586 0.179918 1.602444 1.553469 0.164559 0.872305 
17.383140 0.209836 -0.051759 -0.371416 -0.076291 0.181358 1.602290 1.549115 0.164330 0.873191 
17.383136 0.210085 -0.050964 -0.372875 -0.074523 0.180324 1.602393 1.552179 0.164326 0.871562 
17.383152 0.208354 -0.051336 -0.373554 -0.073524 0.181516 1.602274 1.553167 0.163998 0.875100 
17.383151 0.208758 -0.051301 -0.373581 -0.073864 0.181793 1.602266 1.553383 0.162152 0.875067 
17.383141 0.208012 -0.049229 -0.373609 -0.074912 0.183766 1.602115 1.554863 0.164887 0.874980 
17.382908 0.208386 -0.051425 -0.373649 -0.073519 0.181469 1.600342 1.553158 0.164005 0.875041 
17.379419 0.206958 -0.051320 -0.374387 -0.073241 0.181280 1.600786 1.553103 0.163732 0.874723 
17.380157 0.205622 -0.051549 -0.375187 -0.073814 0.181150 1.600741 1.552867 0.163515 0.874138 
17.380642 0.204250 -0.050298 -0.375532 -0.070590 0.180735 1.600536 1.553463 0.163111 0.874712 
17.380526 0.203703 -0.050223 -0.374999 -0.070533 0.181508 1.600452 1.552017 0.163070 0.875428 
17.380446 0.204180 -0.049709 -0.376381 -0.070730 0.181189 1.600476 1.551418 0.163228 0.876367 
17.380530 0.203931 -0.050605 -0.375410 -0.070180 0.182116 1.600489 1.551952 0.163142 0.875142 
17.380373 0.202800 -0.051291 -0.373879 -0.070514 0.181611 1.600398 1.552621 0.163125 0.875875 
17.380199 0.201876 -0.052278 -0.372602 -0.070462 0.181678 1.600338 1.553127 0.163181 0.876113 
17.380168 0.201764 -0.053564 -0.373190 -0.070298 0.182151 1.600379 1.554043 0.163334 0.876942 
17.380170 0.201963 -0.053923 -0.373190 -0.070171 0.181850 1.600405 1.553819 0.162543 0.876952 
17.380144 0.201915 -0.054918 -0.372998 -0.069610 0.180868 1.600477 1.553218 0.163573 0.876678 
17.380292 0.201931 -0.053882 -0.373130 -0.070155 0.181881 1.601369 1.553825 0.162537 0.876984 
17.380211 0.201497 -0.054287 -0.372126 -0.070032 0.182784 1.601331 1.554651 0.161937 0.876228 
17.380000 0.201306 -0.054724 -0.371679 -0.070704 0.183820 1.601314 1.553471 0.161891 0.876880 
17.381093 0.201770 -0.054321 -0.371879 -0.070033 0.182832 1.601210 1.554672 0.161996 0.876363 
17.379833 0.200810 -0.054033 -0.371539 -0.070714 0.181940 1.601331 1.555526 0.161544 0.877061 
17.379433 0.200031 -0.053369 -0.371964 -0.069659 0.182187 1.601340 1.556162 0.160790 0.877587 
17.379920 0.198784 -0.053503 -0.372944 -0.070333 0.182094 1.601349 1.556303 0.160354 0.876978 
17.379363 0.200541 -0.053033 -0.372253 -0.070114 0.182526 1.601362 1.556440 0.160486 0.877613 
17.378525 0.199445 -0.053874 -0.371475 -0.068553 0.181447 1.601476 1.556734 0.160966 0.877660 
17.377974 0.198559 -0.054158 -0.370881 -0.068535 0.182139 1.601464 1.555861 0.160764 0.878665 
17.377767 0.198165 -0.052887 -0.370041 -0.068296 0.181655 1.601423 1.555185 0.160426 0.878007 
17.377883 0.198078 -0.052747 -0.369984 -0.068316 0.181769 1.602341 1.555253 0.160643 0.878035 
17.377716 0.197509 -0.052041 -0.369893 -0.068409 0.182309 1.601760 1.555747 0.162084 0.878040 
17.377543 0.198158 -0.052549 -0.370543 -0.068371 0.181340 1.602410 1.554870 0.160889 0.878320 
17.379100 0.197631 -0.052530 -0.369069 -0.067499 0.181547 1.602171 1.555459 0.160430 0.878679 
17.377904 0.198097 -0.052615 -0.370401 -0.067625 0.182236 1.602345 1.555098 0.160540 0.877858 
17.377683 0.197983 -0.053588 -0.368783 -0.068420 0.181971 1.602418 1.554727 0.161044 0.876976 
17.378136 0.197321 -0.052921 -0.370350 -0.068483 0.181613 1.602338 1.555227 0.160539 0.877740 
17.377499 0.196783 -0.052290 -0.370275 -0.068897 0.181917 1.602422 1.556331 0.159447 0.877925 
17.378553 0.197625 -0.052651 -0.370330 -0.069081 0.182020 1.602407 1.554974 0.160402 0.877785 
17.378594 0.196196 -0.052626 -0.371134 -0.068110 0.181569 1.601219 1.554754 0.160479 0.877609 
17.378463 0.197654 -0.052710 -0.370547 -0.068449 0.181224 1.602308 1.555703 0.160604 0.877222 
17.377937 0.197375 -0.053117 -0.370628 -0.068626 0.181779 1.602291 1.555263 0.160604 0.877585 
17.378519 0.197305 -0.053438 -0.370431 -0.068427 0.181717 1.602350 1.555653 0.160625 0.878315 
17.378481 0.197211 -0.053283 -0.370297 -0.068483 0.181862 1.602272 1.555797 0.160993 0.878314 
17.378485 0.196936 -0.053907 -0.369636 -0.068479 0.181971 1.602390 1.555829 0.161064 0.878175 
17.378695 0.197198 -0.053389 -0.370392 -0.068376 0.181808 1.602125 1.555505 0.161210 0.878249 
17.378535 0.196556 -0.053058 -0.370605 -0.068394 0.181993 1.601828 1.555950 0.160761 0.878590 
17.378335 0.197224 -0.053257 -0.370394 -0.068587 0.181637 1.602418 1.555749 0.161180 0.878608 
17.378532 0.197120 -0.053258 -0.370366 -0.068431 0.181919 1.602460 1.555792 0.161016 0.878272 
17.378399 0.197441 -0.053227 -0.370295 -0.068156 0.182088 1.602247 1.555805 0.161009 0.878443 
17.378443 0.197196 -0.053309 -0.370329 -0.068357 0.181726 1.602254 1.555914 0.161029 0.878233 
17.378795 0.197413 -0.053164 -0.370355 -0.068639 0.181847 1.602248 1.556019 0.161001 0.878228 
17.378574 0.197140 -0.053171 -0.370185 -0.068408 0.181789 1.602264 1.555779 0.160941 0.878395 
17.378539 0.196833 -0.053134 -0.370396 -0.068411 0.181902 1.602018 1.555861 0.160838 0.878473 
17.378444 0.197163 -0.053099 -0.370149 -0.068523 0.181836 1.602205 1.555702 0.160925 0.878291 
17.378604 0.197050 -0.052897 -0.370204 -0.068148 0.181593 1.602363 1.555688 0.160922 0.878221 
17.378570 0.197057 -0.053320 -0.370017 -0.068413 0.181822 1.602269 1.555803 0.160941 0.878369 
17.378678 0.197061 -0.053405 -0.369895 -0.068505 0.181863 1.602244 1.555913 0.160940 0.878317 
17.378570 0.197011 -0.053326 -0.370030 -0.068485 0.181743 1.602294 1.555796 0.160962 0.878381 
17.378412 0.196986 -0.053378 -0.369999 -0.068426 0.181738 1.602328 1.555727 0.161018 0.878516 
17.378565 0.197049 -0.053386 -0.370057 -0.068510 0.181736 1.602294 1.555772 0.160876 0.878401 
17.378563 0.196913 -0.053306 -0.370006 -0.068364 0.181659 1.602343 1.555711 0.160883 0.878273 
17.378521 0.196867 -0.053272 -0.370012 -0.068369 0.181674 1.602357 1.555788 0.160827 0.878292 
17.378542 0.196721 -0.053314 -0.370107 -0.068364 0.181731 1.602209 1.555749 0.160834 0.878307 
17.378588 0.196695 -0.053273 -0.370079 -0.068388 0.181778 1.602245 1.555697 0.160811 0.878352 
17.378519 0.196687 -0.053381 -0.370215 -0.068384 0.181837 1.602356 1.555749 0.160882 0.878226 
17.378452 0.196696 -0.053349 -0.370192 -0.068440 0.181862 1.602327 1.555710 0.160874 0.878174 
17.378522 0.196488 -0.053428 -0.370133 -0.068392 0.181851 1.602326 1.555832 0.160863 0.878177 
17.378525 0.196285 -0.053470 -0.370056 -0.068400 0.181865 1.602296 1.555915 0.160845 0.878128 
17.378571 0.196080 -0.053510 -0.370068 -0.068356 0.181868 1.602319 1.556019 0.160841 0.878115 
17.378503 0.195890 -0.053499 -0.370039 -0.068409 0.181914 1.602293 1.556056 0.160825 0.878012 
17.378524 0.195700 -0.053498 -0.370140 -0.068366 0.181933 1.602352 1.556137 0.160833 0.877983 
17.378575 0.195913 -0.053495 -0.370064 -0.068448 0.181910 1.602278 1.556080 0.160769 0.877956 
17.378440 0.195835 -0.053676 -0.369985 -0.068433 0.181922 1.602293 1.556035 0.160702 0.878056 
17.378435 0.195848 -0.053703 -0.369900 -0.068299 0.182083 1.602240 1.556076 0.160667 0.878013 
17.378416 0.195865 -0.053694 -0.369913 -0.068353 0.182127 1.602227 1.556152 0.160671 0.878069 
17.378460 0.195797 -0.053828 -0.369797 -0.068427 0.182148 1.602185 1.556150 0.160789 0.878058 
17.378369 0.195895 -0.053735 -0.369939 -0.068329 0.182079 1.602195 1.556206 0.160694 0.878024 
17.378365 0.195883 -0.053639 -0.369798 -0.068341 0.182076 1.602383 1.556236 0.160597 0.878043 
17.378444 0.195834 -0.053666 -0.369876 -0.068325 0.182071 1.602164 1.556179 0.160648 0.878113 
17.378307 0.195818 -0.053588 -0.369947 -0.068306 0.182094 1.602111 1.556116 0.160502 0.878130 
17.378470 0.195868 -0.053678 -0.369929 -0.068336 0.182136 1.602205 1.556171 0.160644 0.878176 
17.378476 0.195882 -0.053724 -0.369897 -0.068155 0.181945 1.602184 1.556198 0.160585 0.878169 
17.378497 0.195850 -0.053670 -0.369892 -0.068353 0.182071 1.602150 1.556198 0.160590 0.878069 
17.378441 0.195874 -0.053662 -0.369857 -0.068333 0.182067 1.602152 1.556163 0.160649 0.878118 
17.378464 0.195835 -0.053589 -0.369905 -0.068294 0.182076 1.602165 1.556198 0.160678 0.878089 
17.378444 0.195832 -0.053659 -0.369895 -0.068350 0.182038 1.602175 1.556171 0.160653 0.878121 
17.378446 0.195740 -0.053679 -0.369871 -0.068327 0.182094 1.602161 1.556197 0.160642 0.878105 
17.378453 0.195649 -0.053701 -0.369871 -0.068305 0.182100 1.602162 1.556219 0.160628 0.878104 
17.378456 0.195555 -0.053714 -0.369862 -0.068306 0.182122 1.602156 1.556236 0.160622 0.878097 
17.378459 0.195460 -0.053727 -0.369854 -0.068306 0.182143 1.602150 1.556252 0.160616 0.878090 
17.378465 0.195367 -0.053746 -0.369850 -0.068291 0.182154 1.602148 1.556273 0.160604 0.878087 
17.378467 0.195274 -0.053757 -0.369838 -0.068299 0.182180 1.602140 1.556288 0.160601 0.878078 
17.378472 0.195180 -0.053774 -0.369832 -0.068290 0.182195 1.602136 1.556306 0.160591 0.878073 
17.378469 0.195095 -0.053776 -0.369815 -0.068316 0.182231 1.602123 1.556315 0.160595 0.878060 
17.378465 0.195022 -0.053800 -0.369768 -0.068298 0.182258 1.602098 1.556327 0.160594 0.878062 
17.378478 0.194958 -0.053824 -0.369774 -0.068295 0.182320 1.602108 1.556340 0.160590 0.878094 
17.378443 0.194910 -0.053864 -0.369792 -0.068297 0.182342 1.602086 1.556390 0.160607 0.878069 
17.378414 0.194880 -0.053856 -0.369751 -0.068303 0.182355 1.602144 1.556437 0.160583 0.878059 
17.378406 0.194819 -0.053887 -0.369743 -0.068284 0.182383 1.602170 1.556405 0.160588 0.878011 
17.378349 0.194782 -0.053869 -0.369758 -0.068271 0.182406 1.602145 1.556386 0.160532 0.878015 
17.378357 0.194709 -0.053840 -0.369753 -0.068239 0.182439 1.602139 1.556411 0.160551 0.877992 
17.378350 0.194615 -0.053863 -0.369738 -0.068246 0.182448 1.602140 1.556420 0.160554 0.877991 
17.378394 0.194579 -0.053895 -0.369748 -0.068219 0.182434 1.602135 1.556450 0.160496 0.877968 
17.378401 0.194508 -0.053913 -0.369722 -0.068246 0.182476 1.602120 1.556462 0.160485 0.877940 
17.378397 0.194422 -0.053942 -0.369700 -0.068243 0.182507 1.602116 1.556477 0.160482 0.877929 
17.378397 0.194333 -0.053957 -0.369708 -0.068261 0.182533 1.602127 1.556492 0.160477 0.877909 
17.378400 0.194256 -0.053968 -0.369700 -0.068254 0.182583 1.602125 1.556514 0.160474 0.877881 
17.378387 0.194169 -0.054009 -0.369679 -0.068247 0.182588 1.602128 1.556522 0.160473 0.877890 
17.378374 0.194088 -0.054018 -0.369654 -0.068261 0.182575 1.602114 1.556532 0.160471 0.877846 
17.378404 0.194010 -0.054009 -0.369620 -0.068270 0.182592 1.602130 1.556507 0.160450 0.877854 
17.378429 0.193958 -0.054036 -0.369649 -0.068270 0.182604 1.602071 1.556475 0.160470 0.877853 
17.378433 0.193887 -0.054037 -0.369639 -0.068297 0.182616 1.602043 1.556525 0.160461 0.877881 
17.378406 0.193817 -0.054073 -0.369635 -0.068315 0.182649 1.602036 1.556517 0.160423 0.877870 
17.378426 0.193749 -0.054124 -0.369616 -0.068341 0.182671 1.602048 1.556531 0.160434 0.877852 
17.378435 0.193658 -0.054152 -0.369625 -0.068328 0.182677 1.602056 1.556547 0.160419 0.877838 
17.378410 0.193573 -0.054163 -0.369616 -0.068341 0.182706 1.602065 1.556543 0.160447 0.877836 
17.378409 0.193500 -0.054197 -0.369573 -0.068327 0.182733 1.602044 1.556552 0.160442 0.877825 
17.378404 0.193415 -0.054238 -0.369551 -0.068348 0.182724 1.602040 1.556548 0.160434 0.877829 
17.378415 0.193333 -0.054253 -0.369540 -0.068368 0.182759 1.602031 1.556558 0.160424 0.877798 
17.378427 0.193257 -0.054289 -0.369535 -0.068372 0.182807 1.602035 1.556565 0.160415 0.877810 
17.378407 0.193189 -0.054338 -0.369538 -0.068378 0.182832 1.602018 1.556598 0.160421 0.877785 
17.378387 0.193130 -0.054351 -0.369500 -0.068388 0.182852 1.602061 1.556636 0.160398 0.877770 
17.378389 0.193063 -0.054395 -0.369496 -0.068378 0.182879 1.602066 1.556604 0.160402 0.877730 
17.378416 0.192979 -0.054415 -0.369484 -0.068378 0.182893 1.602051 1.556625 0.160428 0.877722 
17.378403 0.192891 -0.054421 -0.369485 -0.068373 0.182918 1.602019 1.556627 0.160410 0.877720 
17.378399 0.192821 -0.054450 -0.369461 -0.068404 0.182959 1.601988 1.556627 0.160416 0.877714 
17.378437 0.192766 -0.054493 -0.369462 -0.068397 0.182962 1.601963 1.556650 0.160369 0.877696 
17.378436 0.192690 -0.054501 -0.369512 -0.068430 0.182971 1.601982 1.556654 0.160373 0.877690 
17.378442 0.192628 -0.054497 -0.369539 -0.068417 0.183032 1.601980 1.556677 0.160383 0.877663 
17.378427 0.192541 -0.054533 -0.369553 -0.068405 0.183043 1.601983 1.556684 0.160396 0.877680 
17.378410 0.192457 -0.054536 -0.369560 -0.068415 0.183030 1.601968 1.556694 0.160407 0.877638 
17.378439 0.192372 -0.054520 -0.369553 -0.068420 0.183049 1.601984 1.556666 0.160397 0.877650 
17.378464 0.192340 -0.054534 -0.369601 -0.068415 0.183055 1.601924 1.556629 0.160426 0.877655 
17.378453 0.192367 -0.054502 -0.369549 -0.068427 0.183040 1.601971 1.556699 0.160410 0.877671 
17.378398 0.192305 -0.054537 -0.369563 -0.068441 0.183082 1.601998 1.556680 0.160357 0.877649 
17.378428 0.192267 -0.054586 -0.369551 -0.068459 0.183095 1.602046 1.556691 0.160392 0.877619 
17.378445 0.192221 -0.054597 -0.369583 -0.068414 0.183074 1.602103 1.556706 0.160393 0.877594 
17.378401 0.192198 -0.054575 -0.369578 -0.068427 0.183096 1.602140 1.556685 0.160461 0.877597 
17.378405 0.192199 -0.054568 -0.369568 -0.068401 0.183130 1.602129 1.556698 0.160464 0.877583 
17.378407 0.192150 -0.054617 -0.369499 -0.068389 0.183126 1.602127 1.556689 0.160472 0.877574 
17.378433 0.192103 -0.054635 -0.369452 -0.068420 0.183143 1.602137 1.556683 0.160472 0.877518 
17.378464 0.192078 -0.054691 -0.369418 -0.068421 0.183188 1.602172 1.556672 0.160472 0.877548 
17.378432 0.192067 -0.054762 -0.369406 -0.068425 0.183187 1.602164 1.556710 0.160498 0.877509 
17.378418 0.192085 -0.054752 -0.369382 -0.068427 0.183184 1.602191 1.556728 0.160481 0.877507 
17.378405 0.191984 -0.054765 -0.369398 -0.068418 0.183201 1.602133 1.556692 0.160470 0.877511 
17.378387 0.191988 -0.054791 -0.369393 -0.068388 0.183207 1.602132 1.556613 0.160455 0.877472 
17.378416 0.191966 -0.054765 -0.369416 -0.068392 0.183186 1.602158 1.556701 0.160471 0.877502 
17.378447 0.191890 -0.054767 -0.369387 -0.068368 0.183168 1.602132 1.556697 0.160500 0.877500 
17.378462 0.191860 -0.054750 -0.369405 -0.068337 0.183242 1.602116 1.556721 0.160502 0.877467 
17.378452 0.191788 -0.054742 -0.369439 -0.068364 0.183273 1.602139 1.556709 0.160532 0.877453 
17.378480 0.191714 -0.054758 -0.369478 -0.068383 0.183295 1.602132 1.556715 0.160509 0.877429 
17.378461 0.191643 -0.054767 -0.369518 -0.068355 0.183332 1.602128 1.556717 0.160531 0.877449 
17.378430 0.191602 -0.054723 -0.369555 -0.068354 0.183314 1.602094 1.556728 0.160544 0.877402 
17.378442 0.191642 -0.054799 -0.369507 -0.068358 0.183330 1.602130 1.556740 0.160540 0.877430 
17.378441 0.191578 -0.054799 -0.369472 -0.068357 0.183375 1.602181 1.556749 0.160527 0.877425 
17.378430 0.191518 -0.054792 -0.369432 -0.068356 0.183413 1.602229 1.556759 0.160503 0.877423 
17.378419 0.191457 -0.054785 -0.369392 -0.068355 0.183452 1.602278 1.556769 0.160478 0.877421 
17.378410 0.191398 -0.054768 -0.369353 -0.068352 0.183489 1.602326 1.556774 0.160449 0.877424 
17.378396 0.191338 -0.054767 -0.369312 -0.068351 0.183527 1.602375 1.556788 0.160427 0.877418 
17.378379 0.191283 -0.054765 -0.369266 -0.068358 0.183555 1.602420 1.556809 0.160409 0.877390 
17.378363 0.191225 -0.054761 -0.369221 -0.068362 0.183588 1.602468 1.556826 0.160387 0.877373 
17.378348 0.191166 -0.054756 -0.369177 -0.068365 0.183621 1.602515 1.556843 0.160366 0.877357 
17.378339 0.191107 -0.054739 -0.369137 -0.068364 0.183657 1.602563 1.556849 0.160336 0.877356 
17.378327 0.191047 -0.054728 -0.369096 -0.068363 0.183694 1.602612 1.556859 0.160310 0.877353 
17.378312 0.190990 -0.054721 -0.369051 -0.068368 0.183725 1.602659 1.556876 0.160288 0.877332 
17.378297 0.190931 -0.054717 -0.369008 -0.068369 0.183761 1.602707 1.556891 0.160265 0.877323 
17.378279 0.190874 -0.054723 -0.368963 -0.068373 0.183793 1.602753 1.556913 0.160249 0.877301 
17.378259 0.190816 -0.054709 -0.368923 -0.068363 0.183831 1.602801 1.556921 0.160227 0.877309 
17.378265 0.190757 -0.054699 -0.368887 -0.068373 0.183866 1.602848 1.556926 0.160189 0.877302 
17.378261 0.190697 -0.054698 -0.368847 -0.068377 0.183903 1.602896 1.556938 0.160159 0.877295 
17.378277 0.190640 -0.054704 -0.368812 -0.068397 0.183935 1.602940 1.556948 0.160120 0.877277 
17.378273 0.190580 -0.054697 -0.368773 -0.068400 0.183972 1.602989 1.556957 0.160089 0.877273 
17.378271 0.190520 -0.054689 -0.368736 -0.068402 0.184010 1.603037 1.556963 0.160055 0.877275 
17.378268 0.190460 -0.054684 -0.368697 -0.068407 0.184046 1.603085 1.556972 0.160024 0.877268 
17.378265 0.190400 -0.054676 -0.368658 -0.068410 0.184084 1.603133 1.556980 0.159992 0.877266 
17.378263 0.190340 -0.054672 -0.368618 -0.068417 0.184119 1.603181 1.556991 0.159960 0.877257 
17.378252 0.190285 -0.054651 -0.368589 -0.068401 0.184160 1.603225 1.556985 0.159932 0.877288 
17.378260 0.190240 -0.054710 -0.368574 -0.068401 0.184202 1.603259 1.556998 0.159909 0.877310 
17.378243 0.190286 -0.054663 -0.368587 -0.068386 0.184163 1.603224 1.556945 0.159925 0.877268 
17.378285 0.190294 -0.054616 -0.368584 -0.068430 0.184178 1.603267 1.556953 0.159992 0.877279 
17.378263 0.190285 -0.054651 -0.368607 -0.068375 0.184139 1.603254 1.556993 0.159931 0.877281 
17.378289 0.190315 -0.054627 -0.368569 -0.068352 0.184210 1.603202 1.557009 0.159924 0.877262 
17.378308 0.190292 -0.054630 -0.368547 -0.068339 0.184189 1.603186 1.557004 0.159939 0.877267 
17.378308 0.190336 -0.054604 -0.368488 -0.068350 0.184149 1.603207 1.556998 0.159899 0.877278 
17.378340 0.190285 -0.054622 -0.368565 -0.068353 0.184187 1.603178 1.556991 0.159913 0.877270 
17.378310 0.190233 -0.054568 -0.368597 -0.068347 0.184186 1.603152 1.557000 0.159925 0.877232 
17.378304 0.190246 -0.054551 -0.368611 -0.068329 0.184185 1.603141 1.556985 0.159932 0.877265 
17.378325 0.190182 -0.054614 -0.368637 -0.068337 0.184234 1.603143 1.557014 0.159951 0.877241 
