Start Optimization 
9.965804 -0.028410 -0.056980 -0.283904 0.372694 0.185989 0.615220 0.701433 -0.183598 -0.365625 
10.965804 -0.028410 -0.056980 -0.283904 0.372694 0.185989 0.615220 0.701433 -0.183598 -0.365625 
9.965804 0.971590 -0.056980 -0.283904 0.372694 0.185989 0.615220 0.701433 -0.183598 -0.365625 
9.965804 -0.028410 0.943020 -0.283904 0.372694 0.185989 0.615220 0.701433 -0.183598 -0.365625 
9.965804 -0.028410 -0.056980 0.716096 0.372694 0.185989 0.615220 0.701433 -0.183598 -0.365625 
9.965804 -0.028410 -0.056980 -0.283904 1.372694 0.185989 0.615220 0.701433 -0.183598 -0.365625 
9.965804 -0.028410 -0.056980 -0.283904 0.372694 1.185989 0.615220 0.701433 -0.183598 -0.365625 
9.965804 -0.028410 -0.056980 -0.283904 0.372694 0.185989 1.615220 0.701433 -0.183598 -0.365625 
9.965804 -0.028410 -0.056980 -0.283904 0.372694 0.185989 1.615220 1.701433 -0.183598 -0.365625 
9.965804 -0.028410 -0.056980 -0.283904 0.372694 0.185989 1.615220 0.701433 0.816402 -0.365625 
9.965804 -0.028410 -0.056980 -0.283904 0.372694 0.185989 1.615220 0.701433 -0.183598 0.634375 
9.965662 -0.235335 -0.288302 -1.233398 0.364731 0.144205 1.620035 0.694127 -0.199294 -0.366995 
9.965754 -0.100775 -0.137877 0.203905 0.369909 0.171377 1.616904 0.698878 -0.189087 -0.366104 
9.715804 -0.028239 -0.056980 -0.283904 0.372694 0.185989 1.615220 0.701433 -0.183598 -0.365625 
9.716137 0.470615 -0.079817 -0.259362 0.371908 0.181864 1.615695 0.700712 -0.185148 -0.365760 
9.715804 -0.028239 -0.048379 -0.283904 0.122842 0.185989 1.615220 0.701433 -0.183598 -0.365625 
9.715798 -0.021020 0.450421 -0.254584 0.138893 0.181061 1.615788 0.700571 -0.185449 -0.365787 
9.715803 -0.029998 -0.050346 -0.291976 0.122774 -0.063867 1.615220 0.701433 -0.183598 -0.365625 
9.715688 -0.106655 -0.359162 -0.666084 0.105571 0.213356 1.618557 0.696370 -0.194476 -0.366574 
9.715804 -0.028626 -0.048812 -0.281295 0.122827 0.185911 1.865206 0.701433 -0.183598 -0.365625 
9.715706 -0.113530 -0.285286 0.150707 0.110517 0.182041 1.860681 0.698220 -0.190499 -0.366227 
9.715814 -0.013437 -0.049507 -0.280548 0.122803 0.185785 1.865220 0.451897 -0.183598 -0.365625 
9.716132 0.466179 -0.112269 -0.273161 0.119545 0.184671 1.865915 0.733977 -0.185414 -0.365783 
9.715803 -0.029547 -0.049458 -0.285822 0.122805 0.186069 1.865250 0.701365 -0.433554 -0.365625 
9.715690 -0.119292 -0.297536 -0.703299 0.108859 0.212028 1.869728 0.706285 -0.153485 -0.366406 
9.715804 -0.028616 -0.048104 -0.281253 0.122851 0.185904 1.865207 0.701432 -0.183601 -0.615624 
9.715757 -0.026859 0.450077 -0.258904 0.134928 0.190517 1.866480 0.710489 -0.165155 -0.361918 
9.715748 -0.073561 -0.176259 -0.490564 0.115804 0.198812 1.867436 0.703760 -0.168835 -0.364834 
9.715885 0.094718 -0.067075 -0.284055 0.121855 0.185904 1.865437 0.709680 -0.182593 -0.365517 
9.715799 -0.035627 -0.101156 -0.247930 0.121025 0.185295 1.864756 0.701253 -0.184041 -0.365768 
9.715752 -0.049893 -0.036261 -0.143225 0.119385 0.188585 1.864243 0.708364 -0.170665 -0.363819 
9.653299 -0.035588 -0.101166 -0.247946 0.121025 0.185295 1.864756 0.701253 -0.184041 -0.365768 
9.653114 -0.102205 -0.152420 -0.329506 0.110799 0.204276 1.866488 0.714231 -0.148565 -0.362112 
9.653299 -0.035644 -0.099121 -0.248222 0.060449 0.185305 1.864759 0.701249 -0.199291 -0.365768 
9.653243 -0.051900 -0.105994 -0.258791 0.089139 0.190215 1.865139 0.705126 -0.319034 -0.364698 
9.653299 -0.035771 -0.099262 -0.247711 0.060444 0.180983 1.927107 0.701249 -0.199291 -0.365768 
9.653272 -0.044080 -0.102852 -0.255853 0.060066 0.056892 1.918583 0.703085 -0.200575 -0.365265 
9.653299 -0.034946 -0.099473 -0.247680 0.060437 0.180978 1.927107 0.687656 -0.199291 -0.304770 
9.653274 -0.036067 -0.102808 -0.252040 0.060026 0.180034 1.927109 0.565674 -0.200785 -0.331428 
9.653280 0.082992 -0.133763 -0.269427 0.057684 0.177537 1.927368 0.692610 -0.203869 -0.303358 
9.653180 -0.059803 -0.069197 -0.199238 0.058092 0.180192 1.926805 0.688557 -0.195705 -0.302487 
9.653301 -0.034589 -0.100603 -0.249393 0.052796 0.180806 1.927107 0.687416 -0.169062 -0.304833 
9.653197 -0.085798 -0.116034 -0.278386 0.058707 0.188448 1.927860 0.692488 -0.202389 -0.301475 
9.653301 -0.031708 -0.099067 -0.245766 0.060382 0.211922 1.929244 0.687330 -0.199046 -0.304884 
9.653024 0.012465 -0.129485 -0.262804 0.053265 0.167730 1.926820 0.700654 -0.207398 -0.296570 
9.653264 -0.026424 -0.048572 -0.282861 0.061324 0.180267 1.927544 0.689021 -0.199759 -0.303577 
9.653278 -0.034618 -0.102586 -0.248811 0.059960 0.180012 1.927077 0.657271 -0.200129 -0.311122 
9.637687 -0.034936 -0.099496 -0.247681 0.061034 0.180978 1.927107 0.687656 -0.199140 -0.304770 
9.638911 -0.034546 -0.101850 -0.247550 0.091267 0.180548 1.927094 0.688159 -0.191741 -0.304414 
9.637687 -0.034902 -0.099042 -0.247867 0.061060 0.179904 1.942688 0.687636 -0.199134 -0.304774 
9.637696 -0.030603 -0.073692 -0.265549 0.062404 0.179573 1.941886 0.687340 -0.199173 -0.304372 
9.637686 -0.021821 -0.081959 -0.275320 0.061927 0.179382 1.941982 0.688657 -0.200250 -0.304221 
9.637439 -0.031960 -0.051387 -0.248402 0.058850 0.172889 1.942454 0.696951 -0.200343 -0.298736 
9.637690 -0.033570 -0.074775 -0.267456 0.062280 0.180036 1.941933 0.684370 -0.199308 -0.289491 
9.637587 -0.058108 -0.072409 -0.276435 0.061180 0.180935 1.942454 0.694077 -0.200523 -0.311373 
9.637665 -0.029512 -0.070705 -0.263186 0.062091 0.178184 1.941951 0.672560 -0.199505 -0.307175 
9.637696 -0.030401 -0.073392 -0.264980 0.064186 0.182341 1.942075 0.687368 -0.206223 -0.304368 
9.637688 -0.028593 -0.071624 -0.263617 0.060957 0.193616 1.942924 0.687201 -0.193544 -0.304293 
9.629887 -0.028586 -0.071644 -0.263617 0.061369 0.193614 1.942924 0.687202 -0.193441 -0.304291 
9.630719 -0.027916 -0.070933 -0.262305 0.076315 0.193786 1.943003 0.687494 -0.189297 -0.303986 
9.630718 -0.027361 -0.070961 -0.261863 0.076284 0.194217 1.935237 0.687492 -0.189292 -0.303810 
9.630743 -0.040715 -0.069002 -0.266238 0.077373 0.198601 1.933908 0.687968 -0.187442 -0.307935 
9.630736 -0.029180 -0.077477 -0.258139 0.076307 0.194826 1.935364 0.686677 -0.189076 -0.304350 
9.630637 -0.030156 -0.073229 -0.244484 0.075347 0.196224 1.935673 0.691973 -0.186491 -0.303350 
9.630758 -0.025414 -0.082114 -0.260824 0.076953 0.198257 1.935296 0.687436 -0.187136 -0.305615 
9.630733 -0.028431 -0.076835 -0.257421 0.076287 0.194536 1.935363 0.685170 -0.189097 -0.307728 
9.630731 -0.029755 -0.077108 -0.257393 0.076439 0.195684 1.935367 0.679930 -0.188411 -0.300704 
9.630736 -0.028980 -0.077226 -0.257762 0.077109 0.196890 1.935508 0.686684 -0.192253 -0.304344 
9.630759 -0.030722 -0.079724 -0.258611 0.078115 0.188659 1.934659 0.686817 -0.192388 -0.303582 
9.626839 -0.029295 -0.077470 -0.258178 0.076514 0.194864 1.935354 0.686682 -0.189011 -0.304386 
9.627084 -0.036247 -0.077204 -0.260239 0.077017 0.196824 1.934690 0.686944 -0.188009 -0.306036 
9.626668 -0.037649 -0.077951 -0.261077 0.069665 0.196860 1.934485 0.686849 -0.189881 -0.306153 
9.628534 -0.036831 -0.077053 -0.258221 0.076302 0.196710 1.934786 0.688856 -0.186233 -0.304861 
9.627890 -0.041410 -0.075236 -0.253095 0.076247 0.197909 1.934443 0.691369 -0.184788 -0.304531 
9.628520 -0.045647 -0.075838 -0.249835 0.076021 0.200212 1.934028 0.695057 -0.181319 -0.303795 
9.626454 -0.051190 -0.074044 -0.247981 0.079537 0.202177 1.933427 0.695266 -0.181040 -0.305429 
9.626669 -0.051114 -0.074318 -0.247890 0.079699 0.201542 1.929613 0.695393 -0.181328 -0.305200 
9.628219 -0.054633 -0.075250 -0.246495 0.079691 0.196520 1.934845 0.697328 -0.182127 -0.303718 
9.626083 -0.050535 -0.072821 -0.249007 0.079571 0.201872 1.933412 0.698288 -0.181667 -0.307016 
9.628033 -0.052244 -0.068963 -0.247783 0.077842 0.203041 1.932951 0.693599 -0.178141 -0.301361 
9.624993 -0.051066 -0.073964 -0.247986 0.078952 0.200380 1.933305 0.694597 -0.178433 -0.306938 
9.629921 -0.051105 -0.073788 -0.244739 0.077944 0.200908 1.933158 0.692516 -0.177722 -0.311412 
9.630377 -0.049255 -0.073489 -0.243515 0.080809 0.200476 1.933399 0.692936 -0.176725 -0.310767 
9.626047 -0.051189 -0.076195 -0.239840 0.074535 0.202272 1.932898 0.691267 -0.177034 -0.310600 
9.630968 -0.051860 -0.075634 -0.245285 0.077770 0.202227 1.933009 0.694210 -0.175482 -0.310954 
9.632329 -0.053844 -0.077475 -0.250657 0.079746 0.201849 1.932967 0.690222 -0.173961 -0.311809 
9.633117 -0.054666 -0.075667 -0.250355 0.079653 0.203823 1.934225 0.689102 -0.173678 -0.309865 
9.634417 -0.054997 -0.071542 -0.251869 0.077089 0.200860 1.931353 0.690055 -0.169874 -0.308888 
9.634261 -0.056737 -0.075907 -0.249667 0.079330 0.201482 1.935368 0.689107 -0.175048 -0.309264 
9.633416 -0.055049 -0.078957 -0.249339 0.082552 0.203612 1.934991 0.691720 -0.169415 -0.306006 
9.632168 -0.057566 -0.077909 -0.248616 0.084182 0.204132 1.934101 0.692269 -0.169039 -0.307265 
9.633518 -0.058774 -0.076566 -0.251689 0.085192 0.206292 1.937451 0.697362 -0.168955 -0.309175 
9.630480 -0.057548 -0.077808 -0.248136 0.083213 0.203423 1.936510 0.691456 -0.167283 -0.308350 
9.628110 -0.061720 -0.080413 -0.245855 0.080755 0.206221 1.934408 0.689602 -0.165359 -0.307579 
9.627419 -0.062617 -0.079705 -0.241206 0.084554 0.206613 1.933486 0.685685 -0.162783 -0.308053 
9.628425 -0.062664 -0.081232 -0.248707 0.081815 0.205919 1.934406 0.687632 -0.164779 -0.307761 
9.621903 -0.062055 -0.079148 -0.246626 0.081222 0.205468 1.934214 0.690255 -0.167185 -0.303628 
9.622848 -0.062604 -0.076493 -0.247122 0.080083 0.205184 1.933613 0.690106 -0.165423 -0.302247 
9.621070 -0.062640 -0.077709 -0.247136 0.078376 0.201035 1.929350 0.692641 -0.162935 -0.304589 
9.622166 -0.064587 -0.078670 -0.246288 0.078742 0.198885 1.930551 0.693238 -0.163200 -0.303175 
9.621748 -0.067306 -0.076110 -0.245422 0.075054 0.197314 1.929922 0.691097 -0.167325 -0.306021 
9.621735 -0.066673 -0.077541 -0.246748 0.080163 0.199908 1.930983 0.695189 -0.162918 -0.304623 
9.622277 -0.061327 -0.082018 -0.245416 0.074372 0.198974 1.930488 0.693240 -0.160742 -0.299530 
9.620780 -0.064238 -0.078161 -0.245348 0.078763 0.197979 1.932844 0.692063 -0.161391 -0.304334 
9.620882 -0.062975 -0.077522 -0.241014 0.082453 0.196762 1.929461 0.688791 -0.160225 -0.303059 
9.622090 -0.062358 -0.077450 -0.246351 0.079791 0.195875 1.933174 0.692956 -0.162751 -0.303823 
9.617338 -0.061165 -0.076356 -0.245098 0.076164 0.199062 1.935405 0.691428 -0.157943 -0.307439 
9.616953 -0.061796 -0.077383 -0.247764 0.076448 0.198510 1.935283 0.689190 -0.156880 -0.307524 
9.615729 -0.061202 -0.076265 -0.245247 0.076373 0.198901 1.935407 0.691602 -0.158540 -0.306580 
9.616741 -0.060403 -0.079199 -0.244338 0.076832 0.199317 1.935964 0.691440 -0.159273 -0.309191 
9.617027 -0.061529 -0.076344 -0.244981 0.075332 0.197927 1.934399 0.691631 -0.158079 -0.308160 
9.617467 -0.062211 -0.074969 -0.244258 0.073419 0.198287 1.935284 0.689638 -0.159968 -0.307895 
9.617267 -0.061489 -0.077145 -0.245526 0.074072 0.198004 1.934875 0.692391 -0.158025 -0.307515 
9.617427 -0.060784 -0.077203 -0.243415 0.073230 0.197808 1.933597 0.691681 -0.156218 -0.305482 
9.617240 -0.062331 -0.077265 -0.244955 0.074349 0.196987 1.936069 0.692448 -0.157561 -0.307442 
9.617168 -0.064721 -0.075352 -0.244905 0.073844 0.198019 1.936131 0.694319 -0.156552 -0.307617 
9.618140 -0.063903 -0.072733 -0.245567 0.073746 0.196364 1.936920 0.695979 -0.156488 -0.307148 
9.616281 -0.063911 -0.075061 -0.244782 0.073235 0.198307 1.936799 0.694178 -0.155781 -0.308487 
9.615265 -0.065443 -0.076968 -0.243034 0.072843 0.199996 1.937029 0.694470 -0.155857 -0.309914 
9.614495 -0.067245 -0.077596 -0.244928 0.072462 0.200377 1.936847 0.692470 -0.154100 -0.310064 
9.614293 -0.066899 -0.078285 -0.245246 0.073386 0.200173 1.936361 0.693454 -0.153118 -0.310189 
9.614236 -0.066617 -0.078157 -0.243005 0.072520 0.200366 1.935179 0.692773 -0.151197 -0.308240 
9.615860 -0.066509 -0.078262 -0.242866 0.072320 0.200472 1.935190 0.692576 -0.150625 -0.309088 
9.612611 -0.068057 -0.077954 -0.241599 0.071127 0.201137 1.935930 0.693393 -0.149054 -0.308910 
9.611880 -0.070850 -0.079083 -0.239849 0.070567 0.202203 1.935726 0.694010 -0.148210 -0.308939 
9.611295 -0.070911 -0.079874 -0.240367 0.067867 0.204217 1.935151 0.695323 -0.147497 -0.308605 
9.611053 -0.071236 -0.079891 -0.239869 0.068569 0.206929 1.937214 0.695393 -0.146181 -0.307601 
9.609389 -0.072264 -0.079006 -0.238636 0.067924 0.208705 1.935830 0.695424 -0.144843 -0.308962 
9.607586 -0.073341 -0.080002 -0.237072 0.066148 0.209260 1.936121 0.695523 -0.143024 -0.309702 
9.609322 -0.073026 -0.079051 -0.239864 0.067901 0.208570 1.935596 0.694423 -0.144098 -0.308663 
9.609871 -0.075049 -0.076688 -0.240545 0.067535 0.208445 1.935183 0.695961 -0.143059 -0.307636 
9.609124 -0.072642 -0.079740 -0.240192 0.068853 0.208347 1.935075 0.695387 -0.143159 -0.308725 
9.607681 -0.073365 -0.079248 -0.239595 0.068233 0.209442 1.933841 0.693424 -0.145030 -0.306108 
9.608112 -0.073451 -0.079008 -0.240662 0.068153 0.208555 1.936217 0.694933 -0.144893 -0.309100 
9.609364 -0.075163 -0.079782 -0.241752 0.068270 0.210728 1.935378 0.694079 -0.145500 -0.310661 
9.608078 -0.072477 -0.079004 -0.241555 0.066981 0.209195 1.935999 0.695378 -0.144834 -0.308919 
9.607077 -0.071486 -0.076809 -0.242370 0.067495 0.209606 1.936285 0.693168 -0.143721 -0.309996 
9.608185 -0.072535 -0.079012 -0.241625 0.066235 0.207979 1.934959 0.694946 -0.145133 -0.309554 
9.605912 -0.072934 -0.078227 -0.242290 0.068208 0.209637 1.934760 0.697605 -0.145710 -0.309416 
9.608192 -0.072942 -0.079556 -0.242561 0.066679 0.208788 1.937116 0.694913 -0.144840 -0.308179 
9.608672 -0.072392 -0.078905 -0.241940 0.067376 0.209348 1.935821 0.695273 -0.145296 -0.308962 
9.608131 -0.073457 -0.079615 -0.241477 0.066456 0.210321 1.935812 0.695007 -0.144469 -0.309708 
9.606758 -0.074267 -0.079716 -0.241748 0.066454 0.210824 1.935531 0.695848 -0.144398 -0.310089 
9.606345 -0.074553 -0.079693 -0.240626 0.065469 0.211600 1.936161 0.696095 -0.144535 -0.310590 
9.606032 -0.074489 -0.080585 -0.239921 0.065152 0.212179 1.936308 0.696535 -0.143384 -0.311256 
9.605289 -0.074632 -0.080999 -0.239187 0.064814 0.212982 1.935632 0.695869 -0.143442 -0.310325 
9.606480 -0.074900 -0.080578 -0.239776 0.064956 0.212099 1.936092 0.697071 -0.143274 -0.310841 
9.606701 -0.075596 -0.079263 -0.239789 0.064492 0.212353 1.936220 0.697243 -0.142179 -0.311011 
9.606924 -0.076758 -0.079272 -0.240175 0.063596 0.212206 1.937213 0.697633 -0.141640 -0.310901 
9.607058 -0.077112 -0.078919 -0.239815 0.062653 0.211444 1.936193 0.697830 -0.141571 -0.311829 
9.606982 -0.076263 -0.079258 -0.240666 0.063064 0.212543 1.937083 0.697840 -0.141669 -0.310816 
9.607736 -0.076575 -0.078594 -0.240495 0.063485 0.213777 1.937199 0.698774 -0.141611 -0.311114 
9.606249 -0.076385 -0.079123 -0.240832 0.063225 0.212459 1.936993 0.698394 -0.141744 -0.310772 
9.607218 -0.075288 -0.078761 -0.239861 0.062692 0.211839 1.937729 0.698020 -0.141080 -0.310122 
9.607527 -0.075116 -0.078873 -0.240346 0.063102 0.211436 1.937725 0.698240 -0.140712 -0.310380 
9.607328 -0.075457 -0.078878 -0.239979 0.062493 0.211953 1.937069 0.697220 -0.139865 -0.309053 
9.607831 -0.075666 -0.077779 -0.240670 0.062510 0.211368 1.937042 0.696651 -0.140619 -0.308280 
9.606996 -0.075337 -0.078391 -0.240119 0.062500 0.212122 1.937317 0.696788 -0.139556 -0.309501 
9.606967 -0.074779 -0.079575 -0.239770 0.061874 0.212189 1.937849 0.695986 -0.138749 -0.309578 
9.607424 -0.075376 -0.078096 -0.239817 0.062623 0.212699 1.937266 0.697064 -0.139151 -0.309513 
9.607533 -0.075482 -0.077914 -0.239562 0.062151 0.212370 1.936715 0.697120 -0.138985 -0.309922 
9.607558 -0.075185 -0.077926 -0.239449 0.062352 0.212415 1.936482 0.696965 -0.139108 -0.309954 
9.606925 -0.075470 -0.077731 -0.239474 0.062195 0.212424 1.936501 0.697604 -0.138524 -0.309707 
9.607119 -0.075667 -0.077014 -0.239567 0.061977 0.212397 1.936450 0.697641 -0.138185 -0.309275 
9.606949 -0.075217 -0.077777 -0.239711 0.061922 0.212597 1.936461 0.697696 -0.138547 -0.309700 
9.606930 -0.075173 -0.078157 -0.239399 0.061570 0.212792 1.936664 0.697679 -0.137839 -0.309777 
9.606815 -0.075658 -0.078437 -0.239600 0.061469 0.213321 1.936357 0.697648 -0.137443 -0.309988 
9.606495 -0.075886 -0.078401 -0.239108 0.061001 0.213861 1.936459 0.697691 -0.137618 -0.310033 
9.606452 -0.076053 -0.078569 -0.239053 0.060797 0.214224 1.936575 0.698115 -0.137065 -0.310502 
9.605895 -0.076132 -0.078591 -0.239241 0.060468 0.214290 1.936737 0.697801 -0.136602 -0.310889 
9.605697 -0.076428 -0.079105 -0.239190 0.060020 0.214471 1.936636 0.698028 -0.136088 -0.310905 
9.605607 -0.076221 -0.079205 -0.238925 0.060000 0.215036 1.936334 0.697928 -0.135508 -0.311159 
9.605390 -0.076171 -0.079234 -0.239013 0.060220 0.215196 1.936517 0.698038 -0.135453 -0.310919 
9.605978 -0.076571 -0.079462 -0.239114 0.059773 0.215381 1.936914 0.697706 -0.135382 -0.311299 
9.605913 -0.076400 -0.079483 -0.239726 0.059287 0.215729 1.936810 0.698034 -0.135576 -0.311476 
9.605597 -0.076816 -0.079927 -0.239815 0.059349 0.215843 1.936873 0.698264 -0.135759 -0.312083 
9.605923 -0.076738 -0.079259 -0.239855 0.059365 0.215824 1.936625 0.698010 -0.135520 -0.311413 
9.605904 -0.077282 -0.078763 -0.240029 0.059004 0.215918 1.936681 0.698297 -0.135126 -0.311388 
9.605646 -0.077826 -0.078565 -0.240039 0.058506 0.216267 1.936536 0.698058 -0.135229 -0.311081 
9.605434 -0.077776 -0.078546 -0.240265 0.058487 0.216093 1.936571 0.697784 -0.135071 -0.311169 
9.606047 -0.078258 -0.078558 -0.240526 0.058538 0.216292 1.936272 0.698362 -0.134793 -0.310959 
9.605608 -0.077705 -0.078593 -0.239903 0.058516 0.216552 1.936383 0.697995 -0.134951 -0.311213 
9.605660 -0.077686 -0.077895 -0.239910 0.058688 0.217009 1.936525 0.697933 -0.134964 -0.311662 
9.605767 -0.077797 -0.078609 -0.239800 0.058338 0.216386 1.936195 0.697915 -0.135025 -0.311508 
9.605073 -0.078143 -0.078943 -0.239838 0.058744 0.216644 1.936436 0.698326 -0.134963 -0.311631 
9.605441 -0.077506 -0.078502 -0.240063 0.058418 0.216552 1.936121 0.698205 -0.135073 -0.311226 
9.605382 -0.077803 -0.078265 -0.239308 0.058693 0.216224 1.936110 0.698042 -0.134552 -0.310974 
9.605359 -0.077746 -0.078221 -0.239266 0.058385 0.216172 1.936355 0.698242 -0.134379 -0.311031 
9.605309 -0.077543 -0.078596 -0.238758 0.058004 0.216469 1.936385 0.698141 -0.133866 -0.310976 
9.605318 -0.077483 -0.078082 -0.238402 0.057932 0.216940 1.936633 0.698084 -0.133504 -0.311346 
9.605671 -0.077792 -0.078068 -0.238635 0.057881 0.217098 1.936449 0.698336 -0.132760 -0.311335 
9.605982 -0.077305 -0.078244 -0.238529 0.058285 0.216897 1.936579 0.698608 -0.132343 -0.311666 
9.605456 -0.077728 -0.078053 -0.238842 0.057863 0.216962 1.936465 0.698056 -0.132568 -0.311438 
9.605484 -0.078234 -0.077874 -0.238753 0.057371 0.217218 1.936508 0.698054 -0.132009 -0.311253 
9.605337 -0.078449 -0.077394 -0.238386 0.056988 0.217666 1.936756 0.697885 -0.131741 -0.311358 
9.605087 -0.078320 -0.077183 -0.238541 0.056546 0.217978 1.936202 0.698239 -0.131459 -0.311319 
9.605168 -0.078039 -0.077141 -0.238936 0.056572 0.218460 1.936576 0.698202 -0.131322 -0.310756 
9.604850 -0.078192 -0.077276 -0.238935 0.056763 0.218567 1.936678 0.698387 -0.131278 -0.310791 
9.605055 -0.078484 -0.077629 -0.239248 0.056342 0.219029 1.936755 0.698352 -0.131250 -0.311245 
9.605141 -0.078903 -0.077655 -0.239116 0.056493 0.219505 1.936296 0.698015 -0.130855 -0.311093 
9.605251 -0.079524 -0.077118 -0.239473 0.056389 0.219598 1.936299 0.698216 -0.130574 -0.311113 
9.604967 -0.079068 -0.077654 -0.239175 0.056345 0.219503 1.936235 0.697879 -0.131171 -0.310911 
9.605065 -0.078764 -0.078144 -0.238663 0.056063 0.219611 1.936351 0.698003 -0.130340 -0.310952 
9.604638 -0.078370 -0.078192 -0.238781 0.056033 0.219762 1.936291 0.697460 -0.129963 -0.311321 
9.605042 -0.078733 -0.077910 -0.238381 0.056013 0.219853 1.936487 0.698002 -0.130457 -0.311051 
9.605344 -0.078486 -0.078346 -0.238052 0.056084 0.220346 1.936153 0.698375 -0.130520 -0.311026 
9.605109 -0.078608 -0.077912 -0.238561 0.056073 0.220059 1.936732 0.697945 -0.130420 -0.310776 
9.605355 -0.079081 -0.078247 -0.238000 0.056272 0.219693 1.936947 0.697606 -0.130434 -0.311173 
9.604723 -0.078888 -0.078019 -0.238391 0.056203 0.219941 1.936602 0.698204 -0.130416 -0.311084 
9.604778 -0.079262 -0.077664 -0.238341 0.055777 0.220005 1.936723 0.698546 -0.129818 -0.311000 
9.604586 -0.079130 -0.077306 -0.237873 0.056020 0.219710 1.936601 0.698632 -0.129485 -0.310478 
9.604668 -0.078864 -0.077297 -0.237884 0.056061 0.219532 1.936813 0.698848 -0.129425 -0.310655 
9.604275 -0.079350 -0.077287 -0.237765 0.055238 0.219642 1.936846 0.698853 -0.129550 -0.310218 
9.604321 -0.079896 -0.076648 -0.237967 0.055046 0.219810 1.936871 0.699178 -0.129369 -0.310237 
9.604037 -0.079296 -0.077144 -0.237884 0.055202 0.219557 1.936944 0.698555 -0.129416 -0.310357 
9.603919 -0.079054 -0.077506 -0.237612 0.054890 0.219991 1.936761 0.698544 -0.128827 -0.310461 
9.604179 -0.079487 -0.077834 -0.237191 0.054918 0.219845 1.937239 0.698235 -0.128568 -0.310493 
9.603856 -0.079183 -0.077543 -0.237481 0.054839 0.219749 1.936496 0.698600 -0.128845 -0.310716 
9.603939 -0.079129 -0.077931 -0.238172 0.054828 0.219619 1.936591 0.698598 -0.128423 -0.310120 
9.604262 -0.079003 -0.077795 -0.238159 0.054606 0.219536 1.936486 0.698422 -0.128418 -0.310081 
9.603857 -0.078586 -0.078269 -0.237885 0.054203 0.219655 1.936353 0.698186 -0.128533 -0.309851 
9.604183 -0.078887 -0.077618 -0.237931 0.054733 0.219357 1.936467 0.698506 -0.128243 -0.309858 
9.604416 -0.078545 -0.077863 -0.238251 0.054477 0.219298 1.936949 0.698878 -0.128267 -0.310515 
9.604325 -0.079459 -0.077373 -0.238311 0.054399 0.219930 1.936378 0.698650 -0.127898 -0.310175 
9.604610 -0.079523 -0.077230 -0.238465 0.054874 0.220317 1.936065 0.698573 -0.127389 -0.310467 
9.604381 -0.079485 -0.077063 -0.238601 0.054858 0.220204 1.936175 0.698278 -0.127295 -0.310597 
9.604817 -0.080176 -0.076753 -0.238706 0.054739 0.220413 1.936087 0.698963 -0.127387 -0.310329 
9.604465 -0.079292 -0.077083 -0.238658 0.054845 0.220396 1.935823 0.698716 -0.127524 -0.310445 
9.604409 -0.079506 -0.077510 -0.238138 0.054350 0.220776 1.935950 0.698547 -0.126912 -0.310442 
9.604865 -0.079574 -0.077733 -0.238272 0.053968 0.221005 1.935672 0.697986 -0.127195 -0.310496 
9.604485 -0.079352 -0.077480 -0.238273 0.054390 0.221005 1.936234 0.698506 -0.126897 -0.310212 
9.604745 -0.079166 -0.077623 -0.238229 0.054003 0.220674 1.936244 0.698890 -0.126687 -0.311007 
9.604760 -0.079188 -0.077829 -0.238496 0.053973 0.220472 1.936157 0.698913 -0.126485 -0.310824 
9.605043 -0.078827 -0.077285 -0.237672 0.053879 0.220467 1.936069 0.698787 -0.126324 -0.310701 
9.604453 -0.079205 -0.078213 -0.237763 0.054142 0.221103 1.936306 0.698997 -0.126481 -0.311207 
9.604775 -0.079491 -0.077414 -0.238267 0.053799 0.220782 1.936284 0.699041 -0.126595 -0.310978 
9.604638 -0.079533 -0.077455 -0.238170 0.053491 0.220645 1.936444 0.699115 -0.126799 -0.310835 
9.604677 -0.079472 -0.077470 -0.238182 0.053487 0.220713 1.936324 0.699274 -0.126879 -0.310779 
9.604461 -0.079487 -0.077192 -0.238342 0.053272 0.220849 1.936231 0.699295 -0.126780 -0.310850 
9.604581 -0.079811 -0.076917 -0.238420 0.053217 0.220874 1.936295 0.699465 -0.126787 -0.310878 
9.604334 -0.079476 -0.077182 -0.238289 0.053373 0.220821 1.936297 0.699429 -0.126698 -0.310838 
9.604265 -0.079628 -0.077382 -0.238129 0.053217 0.221112 1.936268 0.699450 -0.126512 -0.310851 
9.604397 -0.079514 -0.077199 -0.237869 0.053105 0.221043 1.936181 0.699423 -0.126286 -0.310675 
9.604490 -0.079403 -0.077217 -0.237921 0.053036 0.221072 1.936311 0.699491 -0.126232 -0.310750 
9.604478 -0.079362 -0.077152 -0.238018 0.053123 0.221317 1.936501 0.699392 -0.126250 -0.310420 
9.604489 -0.079403 -0.077236 -0.238154 0.053090 0.221226 1.936461 0.699416 -0.126141 -0.310326 
9.604302 -0.079371 -0.077292 -0.238047 0.052851 0.221452 1.936399 0.699454 -0.125868 -0.310314 
9.604328 -0.079643 -0.077187 -0.237964 0.052671 0.221645 1.936429 0.699624 -0.125652 -0.310307 
9.604359 -0.079897 -0.077103 -0.237872 0.052490 0.221852 1.936439 0.699818 -0.125443 -0.310288 
9.604307 -0.080118 -0.077013 -0.237788 0.052273 0.222054 1.936470 0.699925 -0.125176 -0.310299 
9.604327 -0.080318 -0.077013 -0.237726 0.052075 0.222253 1.936421 0.700151 -0.124939 -0.310221 
9.604224 -0.080505 -0.076929 -0.237652 0.051845 0.222442 1.936460 0.700200 -0.124645 -0.310248 
9.604213 -0.080671 -0.076960 -0.237605 0.051631 0.222635 1.936395 0.700407 -0.124380 -0.310159 
9.604100 -0.080828 -0.076921 -0.237548 0.051389 0.222821 1.936402 0.700470 -0.124066 -0.310155 
9.604064 -0.080975 -0.076962 -0.237508 0.051165 0.223009 1.936336 0.700656 -0.123783 -0.310068 
9.603918 -0.081108 -0.076922 -0.237457 0.050920 0.223183 1.936353 0.700674 -0.123459 -0.310080 
9.603859 -0.081271 -0.076855 -0.237350 0.050715 0.223457 1.936376 0.700795 -0.123218 -0.310035 
9.603802 -0.081344 -0.077009 -0.237401 0.050495 0.223506 1.936232 0.700959 -0.122910 -0.309935 
9.603875 -0.081465 -0.076787 -0.237438 0.050335 0.223391 1.936227 0.701031 -0.122598 -0.309775 
9.603839 -0.081687 -0.077030 -0.237318 0.050150 0.223292 1.936471 0.701024 -0.122609 -0.309674 
9.603768 -0.081678 -0.077052 -0.237259 0.050316 0.223258 1.936539 0.701110 -0.122509 -0.309681 
9.603943 -0.081901 -0.077234 -0.237330 0.050399 0.223414 1.936516 0.700968 -0.122265 -0.309771 
9.603740 -0.082135 -0.077262 -0.237624 0.050340 0.223512 1.936579 0.701144 -0.122230 -0.309848 
9.604041 -0.081783 -0.077254 -0.237380 0.050340 0.223427 1.936644 0.701032 -0.122227 -0.309858 
9.604081 -0.081844 -0.077343 -0.237119 0.050166 0.223389 1.936523 0.701148 -0.122062 -0.310123 
9.604048 -0.081730 -0.077533 -0.236948 0.049982 0.223556 1.936541 0.701123 -0.121756 -0.310068 
9.604308 -0.081797 -0.077662 -0.236820 0.049972 0.223688 1.936475 0.701424 -0.121750 -0.309924 
9.604311 -0.081740 -0.077791 -0.236915 0.049970 0.223550 1.936378 0.701444 -0.121721 -0.309894 
9.604451 -0.081905 -0.077661 -0.236538 0.049852 0.223783 1.936649 0.701384 -0.121522 -0.310062 
9.604255 -0.082075 -0.077695 -0.236651 0.049693 0.224006 1.936701 0.701601 -0.121410 -0.310203 
9.604154 -0.082054 -0.077967 -0.236542 0.049721 0.224263 1.936748 0.701611 -0.121560 -0.310428 
9.604193 -0.082032 -0.077678 -0.236613 0.049879 0.223988 1.936728 0.701684 -0.121313 -0.310226 
9.604326 -0.082030 -0.077459 -0.236732 0.049553 0.224229 1.936487 0.701654 -0.121208 -0.310305 
9.604182 -0.081974 -0.077251 -0.236622 0.049242 0.224248 1.936512 0.701886 -0.121136 -0.310260 
9.604021 -0.082287 -0.077191 -0.236504 0.049193 0.224334 1.936287 0.701837 -0.121005 -0.310130 
9.604042 -0.082387 -0.077074 -0.236687 0.049039 0.224571 1.936430 0.701878 -0.120767 -0.309980 
9.604136 -0.082671 -0.076839 -0.236803 0.048918 0.224586 1.936436 0.702060 -0.120704 -0.310148 
9.603921 -0.082379 -0.076964 -0.236709 0.049045 0.224564 1.936499 0.701731 -0.120781 -0.310058 
9.603950 -0.082304 -0.077267 -0.236791 0.048834 0.224452 1.936331 0.701838 -0.120442 -0.310026 
9.603740 -0.082197 -0.077261 -0.237089 0.048802 0.224525 1.936126 0.701951 -0.120513 -0.309858 
9.604027 -0.082280 -0.077152 -0.236813 0.048854 0.224307 1.936302 0.701793 -0.120404 -0.309910 
9.603988 -0.082160 -0.077315 -0.236614 0.048635 0.224717 1.936270 0.701786 -0.120202 -0.309935 
9.604063 -0.082295 -0.077304 -0.236634 0.048364 0.224841 1.936209 0.701933 -0.119916 -0.310069 
9.603969 -0.082365 -0.077180 -0.236663 0.048096 0.224981 1.936219 0.701870 -0.119638 -0.310259 
9.604027 -0.082525 -0.077285 -0.236688 0.047661 0.225031 1.936256 0.701812 -0.119626 -0.310227 
9.603986 -0.082653 -0.077325 -0.236660 0.047398 0.225143 1.936307 0.701949 -0.119290 -0.310270 
9.604061 -0.082809 -0.077401 -0.236726 0.047187 0.225323 1.936269 0.701959 -0.118957 -0.310362 
9.603974 -0.082834 -0.077369 -0.236821 0.046872 0.225484 1.936148 0.702144 -0.118743 -0.310386 
9.604093 -0.082708 -0.077378 -0.236903 0.046592 0.225575 1.936305 0.702292 -0.118529 -0.310539 
9.604055 -0.082825 -0.077396 -0.236766 0.046294 0.225631 1.936169 0.702394 -0.118276 -0.310677 
9.604081 -0.083030 -0.077248 -0.236671 0.046053 0.225867 1.936169 0.702532 -0.118101 -0.310707 
9.604042 -0.083184 -0.077178 -0.236586 0.045767 0.226082 1.936148 0.702630 -0.117851 -0.310728 
9.604120 -0.083365 -0.077104 -0.236578 0.045512 0.226316 1.936028 0.702706 -0.117641 -0.310830 
9.604199 -0.083441 -0.077054 -0.236349 0.045288 0.226398 1.936247 0.702786 -0.117424 -0.310943 
9.604128 -0.083257 -0.076864 -0.236272 0.044965 0.226505 1.936234 0.702981 -0.117458 -0.310993 
9.604261 -0.083287 -0.076616 -0.236294 0.044860 0.226276 1.936185 0.702968 -0.117236 -0.310785 
9.604016 -0.083311 -0.076760 -0.236354 0.044951 0.226457 1.936288 0.702899 -0.117458 -0.311114 
9.604069 -0.083480 -0.076973 -0.236187 0.044798 0.226592 1.936295 0.703315 -0.117338 -0.310962 
9.604138 -0.083440 -0.076966 -0.236340 0.044721 0.226912 1.936540 0.703350 -0.117200 -0.310820 
9.604060 -0.083328 -0.076847 -0.236245 0.044969 0.227045 1.936480 0.703528 -0.116930 -0.310917 
9.604074 -0.083429 -0.076715 -0.236160 0.045032 0.227116 1.936495 0.703528 -0.117039 -0.310858 
9.603995 -0.083284 -0.077005 -0.236082 0.044743 0.227250 1.936463 0.703518 -0.116635 -0.310910 
9.604126 -0.083238 -0.077143 -0.236005 0.044525 0.227441 1.936491 0.703649 -0.116359 -0.311036 
9.603977 -0.083074 -0.077290 -0.235813 0.044417 0.227445 1.936744 0.703755 -0.116172 -0.310939 
9.604065 -0.083115 -0.077055 -0.236029 0.044413 0.227475 1.936421 0.703732 -0.116441 -0.311030 
9.603979 -0.083212 -0.077182 -0.236196 0.044332 0.227699 1.936145 0.703769 -0.116252 -0.310940 
9.604032 -0.083383 -0.077031 -0.235961 0.044227 0.228023 1.936049 0.703729 -0.116238 -0.310913 
9.603808 -0.083531 -0.076870 -0.236085 0.044079 0.228055 1.936143 0.703630 -0.116107 -0.311170 
9.603744 -0.083508 -0.076990 -0.236077 0.044137 0.228166 1.936165 0.703625 -0.116222 -0.311274 
9.603891 -0.083322 -0.076810 -0.236114 0.044009 0.228233 1.936022 0.703316 -0.115937 -0.311245 
9.603837 -0.083283 -0.076759 -0.236030 0.044141 0.228205 1.935928 0.703386 -0.115854 -0.311327 
9.603877 -0.083456 -0.076949 -0.235960 0.043717 0.228122 1.935780 0.703246 -0.115941 -0.311372 
9.604031 -0.083444 -0.076969 -0.235996 0.043672 0.228157 1.935815 0.703365 -0.115890 -0.311485 
9.604089 -0.083650 -0.076872 -0.236100 0.043451 0.228437 1.935687 0.703447 -0.115759 -0.311559 
9.604145 -0.083859 -0.076771 -0.236205 0.043229 0.228711 1.935561 0.703531 -0.115626 -0.311630 
9.604301 -0.083750 -0.076966 -0.236209 0.043196 0.229046 1.935463 0.703513 -0.115681 -0.311825 
9.604209 -0.083651 -0.077100 -0.236047 0.042998 0.229160 1.935652 0.703647 -0.115421 -0.311782 
9.604360 -0.083927 -0.077277 -0.236004 0.043129 0.229184 1.935763 0.703520 -0.115180 -0.311829 
9.604417 -0.083960 -0.077162 -0.235838 0.043118 0.229229 1.935834 0.703488 -0.115251 -0.311854 
9.604573 -0.083940 -0.077155 -0.235868 0.042834 0.229310 1.935946 0.703649 -0.115057 -0.312077 
9.604586 -0.083994 -0.077233 -0.235777 0.042479 0.229490 1.935930 0.703716 -0.114859 -0.312213 
9.604758 -0.084001 -0.077323 -0.235790 0.042234 0.229735 1.935868 0.703761 -0.114779 -0.312474 
9.604772 -0.084197 -0.077124 -0.235899 0.042069 0.229962 1.935877 0.703934 -0.114584 -0.312432 
9.604939 -0.084314 -0.077032 -0.235899 0.041887 0.230130 1.935827 0.704183 -0.114387 -0.312280 
9.604816 -0.084576 -0.077068 -0.235931 0.041806 0.230267 1.935944 0.704504 -0.114435 -0.312372 
9.604725 -0.084545 -0.076903 -0.235808 0.041949 0.230318 1.935758 0.704647 -0.114163 -0.312559 
9.604688 -0.084425 -0.076949 -0.235797 0.042016 0.230462 1.935870 0.704660 -0.114126 -0.312511 
9.604673 -0.084460 -0.076753 -0.235929 0.041831 0.230724 1.935977 0.704637 -0.113869 -0.312483 
9.604895 -0.084422 -0.076790 -0.235955 0.041726 0.231094 1.935891 0.704758 -0.113764 -0.312550 
9.604835 -0.084385 -0.076917 -0.235745 0.041443 0.231248 1.935886 0.704836 -0.113525 -0.312471 
9.604959 -0.084265 -0.076949 -0.235659 0.041217 0.231309 1.936045 0.705043 -0.113248 -0.312494 
9.605048 -0.084331 -0.076767 -0.235298 0.041125 0.231508 1.936155 0.705039 -0.113261 -0.312447 
9.605116 -0.084464 -0.076860 -0.235279 0.041215 0.231503 1.936209 0.704965 -0.113153 -0.312457 
9.605068 -0.084466 -0.076976 -0.235259 0.041046 0.231732 1.936133 0.705104 -0.112861 -0.312281 
9.604954 -0.084407 -0.077133 -0.235210 0.040810 0.231945 1.936171 0.705032 -0.112693 -0.312523 
9.605248 -0.084366 -0.077139 -0.235327 0.040787 0.232239 1.936122 0.705211 -0.112576 -0.312562 
9.605244 -0.084404 -0.076902 -0.235535 0.040690 0.232390 1.936289 0.705229 -0.112306 -0.312498 
9.605166 -0.084246 -0.076867 -0.235617 0.040829 0.232631 1.936557 0.705334 -0.112129 -0.312408 
9.605174 -0.084143 -0.076791 -0.235559 0.040912 0.232602 1.936445 0.705278 -0.112008 -0.312447 
9.605373 -0.084168 -0.076859 -0.235753 0.040574 0.232687 1.936636 0.705117 -0.112050 -0.312200 
9.605439 -0.084114 -0.076880 -0.235704 0.040514 0.232544 1.936724 0.705227 -0.111981 -0.312234 
9.605372 -0.084432 -0.076677 -0.235918 0.040389 0.232833 1.936617 0.705258 -0.111870 -0.312217 
9.605568 -0.084595 -0.076649 -0.236060 0.040259 0.233103 1.936533 0.705470 -0.111775 -0.312256 
9.605390 -0.084761 -0.076627 -0.236128 0.039965 0.233271 1.936594 0.705452 -0.111585 -0.312397 
9.605267 -0.084932 -0.076453 -0.236279 0.039896 0.233430 1.936741 0.705586 -0.111378 -0.312229 
9.605314 -0.084959 -0.076350 -0.236083 0.039874 0.233497 1.936778 0.705565 -0.111397 -0.312216 
9.605371 -0.084890 -0.076144 -0.236065 0.039866 0.233494 1.936516 0.705465 -0.111096 -0.312352 
9.605441 -0.085024 -0.076231 -0.236046 0.039965 0.233476 1.936574 0.705384 -0.111004 -0.312372 
9.605559 -0.085064 -0.075994 -0.236208 0.039964 0.233496 1.936757 0.705291 -0.111129 -0.312659 
9.605545 -0.084995 -0.076233 -0.236098 0.039843 0.233455 1.936592 0.705256 -0.111003 -0.312256 
9.605509 -0.085313 -0.076256 -0.235984 0.039645 0.233339 1.936338 0.705310 -0.111035 -0.312218 
9.605479 -0.085034 -0.076223 -0.236137 0.039913 0.233590 1.936505 0.705139 -0.111082 -0.312221 
9.605573 -0.084882 -0.076474 -0.235917 0.039674 0.233678 1.936576 0.705325 -0.110779 -0.312285 
9.605369 -0.084757 -0.076636 -0.235676 0.039523 0.233705 1.936640 0.705240 -0.110531 -0.312280 
9.605592 -0.084656 -0.076794 -0.235530 0.039510 0.233900 1.936535 0.705440 -0.110352 -0.312176 
9.605532 -0.084743 -0.076704 -0.235608 0.039476 0.233980 1.936612 0.705507 -0.110252 -0.312095 
9.605573 -0.084843 -0.076690 -0.235685 0.039216 0.234213 1.936754 0.705531 -0.110172 -0.312363 
9.605426 -0.084907 -0.076737 -0.235732 0.039279 0.234579 1.936602 0.705333 -0.110233 -0.312296 
9.605419 -0.084861 -0.076718 -0.235850 0.039290 0.234534 1.936470 0.705306 -0.110096 -0.312361 
9.605303 -0.084932 -0.077083 -0.235987 0.039201 0.234561 1.936682 0.705476 -0.110270 -0.312239 
9.605447 -0.084752 -0.076725 -0.235792 0.039380 0.234633 1.936731 0.705300 -0.110216 -0.312313 
9.605536 -0.085012 -0.076643 -0.235791 0.038942 0.234630 1.936675 0.705189 -0.110081 -0.312102 
9.605575 -0.085367 -0.076697 -0.235736 0.039040 0.234667 1.936806 0.705137 -0.109816 -0.312164 
9.605398 -0.085498 -0.076498 -0.235687 0.038810 0.234826 1.936826 0.705342 -0.109651 -0.312190 
9.605586 -0.085731 -0.076287 -0.235884 0.038762 0.234968 1.936785 0.705533 -0.109717 -0.312192 
9.605279 -0.085559 -0.076408 -0.235769 0.038812 0.234740 1.936888 0.705251 -0.109727 -0.312231 
9.605360 -0.085496 -0.076599 -0.235437 0.038513 0.234961 1.936792 0.705359 -0.109438 -0.312295 
9.605224 -0.085511 -0.076595 -0.235231 0.038437 0.234995 1.936723 0.705464 -0.109161 -0.312016 
9.605230 -0.085289 -0.076542 -0.235258 0.038437 0.235223 1.937007 0.705475 -0.108935 -0.312056 
9.605263 -0.085287 -0.076403 -0.235100 0.038511 0.235273 1.936992 0.705416 -0.108984 -0.312076 
9.605061 -0.085388 -0.076757 -0.235129 0.038462 0.235456 1.937149 0.705611 -0.109139 -0.312011 
9.605303 -0.085290 -0.076526 -0.235183 0.038387 0.235089 1.937142 0.705566 -0.108967 -0.312043 
9.605105 -0.085235 -0.076579 -0.235160 0.038541 0.235175 1.936898 0.705748 -0.108753 -0.312332 
9.605050 -0.085082 -0.076512 -0.235179 0.038446 0.235188 1.936836 0.705815 -0.108853 -0.312306 
9.605170 -0.084953 -0.076733 -0.234991 0.038183 0.235285 1.936758 0.705769 -0.108661 -0.312293 
9.605188 -0.085158 -0.076458 -0.235229 0.038424 0.235291 1.936789 0.705941 -0.108849 -0.312288 
9.605041 -0.085411 -0.076216 -0.235310 0.038181 0.235376 1.936856 0.706009 -0.108766 -0.312361 
9.605010 -0.085584 -0.075972 -0.235480 0.038181 0.235498 1.936894 0.706267 -0.108645 -0.312214 
9.605177 -0.085478 -0.076163 -0.235498 0.038086 0.235483 1.936941 0.706015 -0.108923 -0.312715 
9.605036 -0.085553 -0.076229 -0.235288 0.038132 0.235293 1.936708 0.706036 -0.108849 -0.312357 
9.605084 -0.085387 -0.076159 -0.235339 0.038176 0.235319 1.936821 0.705974 -0.108716 -0.312373 
9.605067 -0.085428 -0.076077 -0.235143 0.038227 0.235455 1.936846 0.705975 -0.108801 -0.312389 
9.605005 -0.085411 -0.076225 -0.235346 0.038205 0.235443 1.936789 0.705962 -0.108749 -0.312368 
9.605052 -0.085412 -0.076285 -0.235282 0.038033 0.235536 1.936772 0.705971 -0.108644 -0.312363 
9.604920 -0.085322 -0.076248 -0.235263 0.037858 0.235573 1.936769 0.705978 -0.108653 -0.312366 
9.604819 -0.085391 -0.076297 -0.235197 0.037823 0.235581 1.936804 0.705987 -0.108499 -0.312474 
9.604802 -0.085487 -0.076313 -0.235197 0.037713 0.235628 1.936898 0.705842 -0.108465 -0.312407 
9.604803 -0.085469 -0.076403 -0.235132 0.037573 0.235750 1.936897 0.705869 -0.108358 -0.312412 
9.604700 -0.085459 -0.076466 -0.235146 0.037527 0.235913 1.936828 0.705811 -0.108272 -0.312433 
9.604682 -0.085589 -0.076514 -0.235087 0.037395 0.235896 1.936695 0.705840 -0.108290 -0.312438 
9.604744 -0.085628 -0.076501 -0.235166 0.037315 0.235967 1.936734 0.705847 -0.108350 -0.312615 
9.604733 -0.085667 -0.076460 -0.235228 0.037310 0.235987 1.936745 0.705914 -0.108317 -0.312576 
9.604753 -0.085722 -0.076299 -0.235103 0.037307 0.236104 1.936740 0.705933 -0.108309 -0.312593 
9.604806 -0.085756 -0.076206 -0.235145 0.037165 0.236143 1.936699 0.705953 -0.108171 -0.312640 
9.604794 -0.085846 -0.076168 -0.235155 0.037022 0.236258 1.936732 0.706053 -0.108110 -0.312679 
9.604835 -0.085891 -0.076143 -0.235124 0.036865 0.236356 1.936743 0.706061 -0.108081 -0.312816 
9.604770 -0.086033 -0.076043 -0.235177 0.036748 0.236410 1.936773 0.706011 -0.108051 -0.312859 
9.604786 -0.086096 -0.076076 -0.235160 0.036807 0.236397 1.936787 0.706011 -0.107990 -0.312899 
9.604948 -0.086147 -0.076109 -0.235183 0.036764 0.236541 1.936737 0.706063 -0.107963 -0.312870 
9.604939 -0.086132 -0.076075 -0.235184 0.036742 0.236602 1.936638 0.706227 -0.107911 -0.312990 
9.605064 -0.086177 -0.076025 -0.235132 0.036659 0.236506 1.936721 0.706344 -0.107922 -0.313003 
9.605084 -0.086137 -0.075991 -0.235191 0.036698 0.236536 1.936791 0.706348 -0.107920 -0.313033 
9.605049 -0.086128 -0.076072 -0.235019 0.036564 0.236597 1.936746 0.706359 -0.107770 -0.312972 
9.605034 -0.086104 -0.076235 -0.235079 0.036430 0.236598 1.936757 0.706389 -0.107673 -0.312987 
9.604994 -0.086112 -0.076351 -0.234963 0.036342 0.236726 1.936803 0.706444 -0.107632 -0.312993 
9.605034 -0.086058 -0.076398 -0.234880 0.036223 0.236784 1.936761 0.706414 -0.107474 -0.313016 
9.604978 -0.086080 -0.076416 -0.234889 0.036201 0.236824 1.936764 0.706523 -0.107336 -0.312866 
9.604998 -0.085981 -0.076399 -0.234958 0.036217 0.236925 1.936922 0.706549 -0.107256 -0.312908 
9.604954 -0.086063 -0.076363 -0.234972 0.036194 0.236925 1.936948 0.706520 -0.107221 -0.312946 
9.604933 -0.086073 -0.076455 -0.234895 0.036332 0.236832 1.936984 0.706545 -0.107118 -0.313011 
9.604896 -0.086021 -0.076327 -0.234971 0.036178 0.236913 1.936912 0.706582 -0.107223 -0.313000 
9.604775 -0.085937 -0.076325 -0.234915 0.036061 0.236857 1.937011 0.706529 -0.107219 -0.312928 
9.604959 -0.086044 -0.076302 -0.234945 0.036137 0.236865 1.936953 0.706640 -0.107230 -0.313006 
9.604944 -0.086072 -0.076350 -0.234980 0.035988 0.236991 1.936943 0.706747 -0.107159 -0.313029 
9.604931 -0.086098 -0.076313 -0.234930 0.035880 0.237159 1.936936 0.706844 -0.107085 -0.313032 
9.604931 -0.086108 -0.076299 -0.234969 0.035734 0.237278 1.936909 0.706939 -0.106972 -0.313039 
9.604931 -0.086119 -0.076251 -0.234969 0.035606 0.237417 1.936885 0.707031 -0.106860 -0.313037 
9.604936 -0.086122 -0.076290 -0.235083 0.035453 0.237467 1.936852 0.707109 -0.106753 -0.313054 
9.604903 -0.086161 -0.076300 -0.235116 0.035327 0.237609 1.936861 0.707239 -0.106698 -0.313056 
9.604912 -0.086162 -0.076242 -0.235129 0.035198 0.237732 1.936827 0.707319 -0.106569 -0.313053 
9.604869 -0.086210 -0.076233 -0.235118 0.035102 0.237896 1.936851 0.707452 -0.106542 -0.313046 
9.604902 -0.086198 -0.076279 -0.235083 0.034947 0.238015 1.936839 0.707458 -0.106518 -0.313174 
9.604877 -0.086288 -0.076336 -0.235003 0.034816 0.238027 1.936692 0.707496 -0.106502 -0.313148 
9.604856 -0.086293 -0.076449 -0.234925 0.034809 0.238057 1.936717 0.707577 -0.106333 -0.313209 
9.604936 -0.086139 -0.076535 -0.234893 0.034777 0.238123 1.936665 0.707666 -0.106350 -0.313141 
9.604997 -0.086181 -0.076537 -0.234921 0.034836 0.238151 1.936616 0.707691 -0.106353 -0.313176 
9.605092 -0.086280 -0.076616 -0.234921 0.034776 0.238248 1.936683 0.707612 -0.106285 -0.313095 
9.604966 -0.086247 -0.076670 -0.234972 0.034819 0.238379 1.936597 0.707519 -0.106244 -0.313097 
9.605081 -0.086286 -0.076666 -0.235017 0.034743 0.238212 1.936687 0.707637 -0.106285 -0.313098 
9.605105 -0.086359 -0.076686 -0.234993 0.034604 0.238309 1.936686 0.707717 -0.106182 -0.313181 
9.605168 -0.086387 -0.076697 -0.234988 0.034438 0.238438 1.936657 0.707796 -0.106137 -0.313219 
9.605207 -0.086447 -0.076749 -0.234958 0.034288 0.238565 1.936654 0.707881 -0.106108 -0.313285 
9.605278 -0.086479 -0.076774 -0.234942 0.034122 0.238662 1.936618 0.707933 -0.106024 -0.313353 
9.605285 -0.086569 -0.076866 -0.234888 0.034009 0.238769 1.936644 0.708014 -0.106016 -0.313444 
9.605290 -0.086643 -0.076853 -0.234888 0.033900 0.238895 1.936640 0.708154 -0.105941 -0.313413 
9.605321 -0.086696 -0.076883 -0.234915 0.033758 0.239019 1.936623 0.708283 -0.105909 -0.313390 
9.605334 -0.086777 -0.076853 -0.234864 0.033658 0.239115 1.936615 0.708371 -0.105764 -0.313425 
9.605308 -0.086741 -0.076918 -0.234878 0.033735 0.238970 1.936544 0.708275 -0.105915 -0.313361 
9.605332 -0.086679 -0.077030 -0.234947 0.033730 0.239035 1.936660 0.708276 -0.106086 -0.313442 
9.605352 -0.086625 -0.076948 -0.234890 0.033781 0.239009 1.936615 0.708315 -0.105862 -0.313377 
9.605430 -0.086591 -0.076823 -0.234987 0.033653 0.239009 1.936532 0.708192 -0.105924 -0.313397 
9.605490 -0.086633 -0.076825 -0.235023 0.033720 0.239024 1.936487 0.708212 -0.105926 -0.313430 
9.605384 -0.086620 -0.076883 -0.235161 0.033621 0.238895 1.936569 0.708202 -0.105841 -0.313413 
9.605489 -0.086604 -0.076793 -0.234961 0.033634 0.238940 1.936573 0.708241 -0.105947 -0.313399 
9.605323 -0.086507 -0.076763 -0.234996 0.033655 0.238977 1.936442 0.708315 -0.105967 -0.313503 
9.605410 -0.086597 -0.076774 -0.235035 0.033678 0.239036 1.936553 0.708229 -0.105953 -0.313321 
9.605468 -0.086496 -0.076929 -0.234983 0.033675 0.238924 1.936418 0.708187 -0.105977 -0.313278 
9.605441 -0.086604 -0.076810 -0.234983 0.033603 0.239069 1.936530 0.708210 -0.105872 -0.313416 
9.605453 -0.086617 -0.076796 -0.234978 0.033553 0.239129 1.936528 0.708226 -0.105819 -0.313436 
9.605461 -0.086627 -0.076778 -0.234970 0.033506 0.239189 1.936530 0.708231 -0.105764 -0.313460 
9.605487 -0.086651 -0.076779 -0.234985 0.033466 0.239226 1.936515 0.708298 -0.105736 -0.313457 
9.605499 -0.086661 -0.076740 -0.234976 0.033443 0.239255 1.936498 0.708319 -0.105658 -0.313456 
9.605505 -0.086690 -0.076719 -0.234983 0.033405 0.239315 1.936521 0.708343 -0.105628 -0.313495 
9.605489 -0.086694 -0.076737 -0.235003 0.033378 0.239392 1.936492 0.708347 -0.105591 -0.313500 
9.605516 -0.086691 -0.076718 -0.234945 0.033365 0.239460 1.936474 0.708364 -0.105604 -0.313499 
9.605555 -0.086621 -0.076725 -0.234969 0.033367 0.239489 1.936504 0.708381 -0.105576 -0.313512 
9.605592 -0.086611 -0.076689 -0.235010 0.033305 0.239510 1.936477 0.708361 -0.105578 -0.313523 
9.605639 -0.086644 -0.076719 -0.235013 0.033287 0.239545 1.936513 0.708339 -0.105542 -0.313489 
9.605664 -0.086646 -0.076760 -0.234996 0.033246 0.239567 1.936506 0.708353 -0.105491 -0.313538 
9.605640 -0.086626 -0.076766 -0.234985 0.033178 0.239598 1.936541 0.708377 -0.105457 -0.313519 
9.605639 -0.086621 -0.076772 -0.234989 0.033127 0.239653 1.936566 0.708409 -0.105406 -0.313518 
9.605677 -0.086632 -0.076807 -0.234984 0.033108 0.239683 1.936552 0.708424 -0.105355 -0.313572 
9.605660 -0.086615 -0.076799 -0.234958 0.033094 0.239715 1.936574 0.708361 -0.105313 -0.313608 
9.605656 -0.086623 -0.076812 -0.234968 0.033089 0.239729 1.936597 0.708361 -0.105345 -0.313628 
9.605674 -0.086597 -0.076879 -0.234963 0.033038 0.239764 1.936582 0.708372 -0.105329 -0.313623 
9.605722 -0.086604 -0.076863 -0.234934 0.032993 0.239747 1.936627 0.708406 -0.105307 -0.313647 
9.605708 -0.086614 -0.076888 -0.234994 0.032970 0.239704 1.936655 0.708407 -0.105261 -0.313664 
9.605713 -0.086629 -0.076869 -0.235007 0.032939 0.239706 1.936633 0.708392 -0.105271 -0.313666 
9.605689 -0.086706 -0.076871 -0.234975 0.032897 0.239715 1.936620 0.708405 -0.105255 -0.313673 
9.605666 -0.086682 -0.076837 -0.234978 0.032856 0.239720 1.936587 0.708445 -0.105255 -0.313729 
9.605715 -0.086714 -0.076801 -0.235007 0.032814 0.239765 1.936577 0.708452 -0.105238 -0.313745 
9.605772 -0.086743 -0.076793 -0.235005 0.032767 0.239755 1.936545 0.708433 -0.105241 -0.313791 
9.605772 -0.086746 -0.076749 -0.235015 0.032688 0.239776 1.936565 0.708436 -0.105244 -0.313761 
9.605761 -0.086743 -0.076788 -0.235048 0.032653 0.239834 1.936516 0.708432 -0.105236 -0.313748 
9.605741 -0.086772 -0.076790 -0.235083 0.032648 0.239869 1.936548 0.708422 -0.105295 -0.313787 
9.605774 -0.086751 -0.076797 -0.235059 0.032652 0.239820 1.936509 0.708466 -0.105256 -0.313733 
9.605752 -0.086779 -0.076729 -0.235089 0.032645 0.239855 1.936469 0.708434 -0.105212 -0.313735 
9.605772 -0.086789 -0.076739 -0.235104 0.032602 0.239895 1.936494 0.708477 -0.105157 -0.313755 
9.605803 -0.086790 -0.076723 -0.235061 0.032584 0.239968 1.936486 0.708511 -0.105154 -0.313756 
9.605854 -0.086741 -0.076705 -0.235094 0.032559 0.240016 1.936493 0.708530 -0.105137 -0.313765 
9.605906 -0.086778 -0.076720 -0.235099 0.032537 0.240066 1.936518 0.708524 -0.105107 -0.313731 
9.605914 -0.086774 -0.076717 -0.235090 0.032474 0.240116 1.936514 0.708567 -0.105076 -0.313750 
9.605915 -0.086767 -0.076732 -0.235076 0.032410 0.240153 1.936522 0.708614 -0.105042 -0.313777 
9.605941 -0.086778 -0.076737 -0.235070 0.032351 0.240210 1.936530 0.708646 -0.105006 -0.313780 
9.605958 -0.086833 -0.076767 -0.235049 0.032311 0.240248 1.936552 0.708656 -0.104971 -0.313760 
9.605922 -0.086840 -0.076782 -0.235016 0.032253 0.240260 1.936546 0.708703 -0.104949 -0.313794 
9.605941 -0.086828 -0.076779 -0.234946 0.032246 0.240308 1.936531 0.708708 -0.104989 -0.313781 
9.605968 -0.086841 -0.076787 -0.234942 0.032244 0.240298 1.936510 0.708697 -0.104990 -0.313811 
9.605942 -0.086836 -0.076737 -0.234951 0.032166 0.240294 1.936529 0.708684 -0.105004 -0.313751 
9.605932 -0.086851 -0.076739 -0.234969 0.032163 0.240313 1.936543 0.708679 -0.105033 -0.313770 
9.605917 -0.086824 -0.076784 -0.234978 0.032148 0.240328 1.936468 0.708668 -0.104995 -0.313722 
9.605930 -0.086832 -0.076793 -0.234989 0.032147 0.240314 1.936461 0.708703 -0.105016 -0.313707 
9.605901 -0.086853 -0.076733 -0.234973 0.032149 0.240378 1.936441 0.708689 -0.104947 -0.313709 
9.605905 -0.086821 -0.076744 -0.234959 0.032106 0.240427 1.936465 0.708698 -0.104889 -0.313694 
9.605879 -0.086817 -0.076762 -0.234920 0.032067 0.240464 1.936483 0.708697 -0.104830 -0.313665 
9.605863 -0.086740 -0.076732 -0.234922 0.032040 0.240493 1.936468 0.708716 -0.104804 -0.313680 
9.605908 -0.086711 -0.076716 -0.234941 0.032047 0.240542 1.936483 0.708687 -0.104775 -0.313634 
9.605890 -0.086717 -0.076718 -0.235008 0.032034 0.240514 1.936502 0.708690 -0.104714 -0.313645 
9.605901 -0.086725 -0.076700 -0.235009 0.031995 0.240503 1.936493 0.708675 -0.104721 -0.313641 
9.605935 -0.086721 -0.076746 -0.234999 0.032021 0.240541 1.936477 0.708698 -0.104663 -0.313700 
9.605913 -0.086735 -0.076752 -0.235032 0.031991 0.240608 1.936514 0.708705 -0.104682 -0.313731 
9.605933 -0.086738 -0.076709 -0.235008 0.031986 0.240608 1.936585 0.708734 -0.104662 -0.313759 
9.605937 -0.086756 -0.076696 -0.235015 0.031986 0.240618 1.936568 0.708770 -0.104659 -0.313743 
9.605954 -0.086727 -0.076746 -0.235037 0.031939 0.240634 1.936597 0.708820 -0.104659 -0.313731 
9.605930 -0.086724 -0.076753 -0.235063 0.031902 0.240701 1.936610 0.708852 -0.104621 -0.313746 
9.605915 -0.086717 -0.076756 -0.235101 0.031868 0.240767 1.936621 0.708887 -0.104590 -0.313768 
9.605892 -0.086719 -0.076759 -0.235065 0.031834 0.240791 1.936651 0.708916 -0.104523 -0.313753 
9.605886 -0.086788 -0.076806 -0.235073 0.031820 0.240829 1.936676 0.708905 -0.104508 -0.313735 
9.605828 -0.086811 -0.076829 -0.235056 0.031795 0.240805 1.936663 0.708941 -0.104521 -0.313784 
9.605820 -0.086802 -0.076846 -0.235045 0.031834 0.240819 1.936668 0.708955 -0.104523 -0.313786 
9.605829 -0.086803 -0.076825 -0.235003 0.031746 0.240862 1.936642 0.708938 -0.104554 -0.313778 
9.605808 -0.086804 -0.076805 -0.235009 0.031746 0.240862 1.936674 0.708941 -0.104576 -0.313764 
9.605745 -0.086782 -0.076816 -0.235032 0.031709 0.240872 1.936650 0.708936 -0.104555 -0.313716 
9.605753 -0.086801 -0.076802 -0.235035 0.031714 0.240872 1.936632 0.708970 -0.104559 -0.313696 
9.605751 -0.086815 -0.076783 -0.235036 0.031645 0.240888 1.936670 0.709020 -0.104538 -0.313696 
9.605752 -0.086863 -0.076801 -0.235073 0.031587 0.240920 1.936695 0.709044 -0.104557 -0.313693 
9.605721 -0.086902 -0.076739 -0.235067 0.031560 0.240954 1.936702 0.709051 -0.104521 -0.313711 
9.605708 -0.086936 -0.076718 -0.235026 0.031501 0.240940 1.936735 0.709078 -0.104498 -0.313686 
9.605697 -0.086922 -0.076667 -0.235032 0.031436 0.240946 1.936749 0.709128 -0.104496 -0.313699 
9.605671 -0.086923 -0.076677 -0.235010 0.031439 0.240998 1.936788 0.709188 -0.104466 -0.313694 
9.605714 -0.086913 -0.076646 -0.235021 0.031422 0.241041 1.936821 0.709182 -0.104431 -0.313645 
9.605706 -0.086931 -0.076635 -0.235067 0.031422 0.241015 1.936867 0.709215 -0.104372 -0.313640 
9.605735 -0.086938 -0.076655 -0.235050 0.031376 0.241044 1.936836 0.709236 -0.104309 -0.313654 
9.605798 -0.086967 -0.076639 -0.235019 0.031374 0.241059 1.936868 0.709262 -0.104303 -0.313698 
9.605792 -0.086947 -0.076654 -0.235001 0.031323 0.241089 1.936915 0.709232 -0.104267 -0.313732 
9.605802 -0.086952 -0.076654 -0.234976 0.031266 0.241139 1.936938 0.709243 -0.104216 -0.313744 
9.605805 -0.086959 -0.076646 -0.234968 0.031219 0.241171 1.936997 0.709254 -0.104163 -0.313761 
9.605845 -0.086987 -0.076630 -0.234938 0.031185 0.241212 1.937015 0.709293 -0.104125 -0.313775 
9.605854 -0.087005 -0.076632 -0.234944 0.031142 0.241235 1.937011 0.709332 -0.104050 -0.313767 
9.605887 -0.086991 -0.076599 -0.234950 0.031068 0.241240 1.937009 0.709352 -0.104017 -0.313788 
9.605900 -0.086960 -0.076566 -0.234903 0.031051 0.241244 1.937012 0.709373 -0.103947 -0.313799 
9.605940 -0.086939 -0.076589 -0.234886 0.030994 0.241256 1.937034 0.709415 -0.103909 -0.313795 
9.605975 -0.086920 -0.076593 -0.234884 0.030946 0.241294 1.937047 0.709453 -0.103857 -0.313813 
9.606013 -0.086917 -0.076597 -0.234870 0.030885 0.241316 1.937061 0.709480 -0.103801 -0.313820 
9.606031 -0.086908 -0.076581 -0.234872 0.030841 0.241325 1.937102 0.709541 -0.103759 -0.313826 
9.606048 -0.086882 -0.076597 -0.234823 0.030845 0.241351 1.937119 0.709569 -0.103691 -0.313825 
9.606016 -0.086892 -0.076623 -0.234793 0.030799 0.241350 1.937094 0.709607 -0.103690 -0.313880 
9.606023 -0.086874 -0.076588 -0.234813 0.030828 0.241377 1.937126 0.709561 -0.103701 -0.313805 
9.606077 -0.086860 -0.076556 -0.234841 0.030849 0.241392 1.937131 0.709550 -0.103695 -0.313740 
9.606001 -0.086867 -0.076601 -0.234836 0.030823 0.241365 1.937111 0.709561 -0.103676 -0.313789 
9.606023 -0.086838 -0.076598 -0.234833 0.030824 0.241365 1.937189 0.709504 -0.103689 -0.313829 
9.606029 -0.086879 -0.076629 -0.234818 0.030827 0.241381 1.937140 0.709572 -0.103716 -0.313790 
9.606009 -0.086946 -0.076587 -0.234837 0.030852 0.241419 1.937148 0.709547 -0.103669 -0.313812 
9.606030 -0.086897 -0.076589 -0.234793 0.030807 0.241354 1.937130 0.709545 -0.103692 -0.313788 
9.605986 -0.086861 -0.076567 -0.234792 0.030873 0.241329 1.937163 0.709593 -0.103714 -0.313779 
9.606030 -0.086872 -0.076606 -0.234797 0.030861 0.241372 1.937108 0.709542 -0.103693 -0.313808 
9.605984 -0.086840 -0.076584 -0.234793 0.030806 0.241395 1.937103 0.709521 -0.103755 -0.313771 
