Start Optimization 
15.162709 -0.940926 -0.221464 0.087450 -0.663121 0.521487 -0.780665 0.000806 -0.638414 -0.668742 
16.162709 -0.940926 -0.221464 0.087450 -0.663121 0.521487 -0.780665 0.000806 -0.638414 -0.668742 
16.162709 0.059074 -0.221464 0.087450 -0.663121 0.521487 -0.780665 0.000806 -0.638414 -0.668742 
16.162709 -0.940926 0.778536 0.087450 -0.663121 0.521487 -0.780665 0.000806 -0.638414 -0.668742 
16.162709 -0.940926 -0.221464 1.087450 -0.663121 0.521487 -0.780665 0.000806 -0.638414 -0.668742 
16.162709 -0.940926 -0.221464 0.087450 0.336879 0.521487 -0.780665 0.000806 -0.638414 -0.668742 
16.162709 -0.940926 -0.221464 0.087450 -0.663121 1.521487 -0.780665 0.000806 -0.638414 -0.668742 
16.162709 -0.940926 -0.221464 0.087450 -0.663121 1.521487 0.219335 0.000806 -0.638414 -0.668742 
16.162709 -0.940926 -0.221464 0.087450 -0.663121 1.521487 -0.780665 1.000806 -0.638414 -0.668742 
16.162709 -0.940926 -0.221464 0.087450 -0.663121 1.521487 -0.780665 0.000806 0.361586 -0.668742 
16.162709 -0.940926 -0.221464 0.087450 -0.663121 1.521487 -0.780665 0.000806 -0.638414 0.331258 
16.163083 -1.123572 -0.534044 -0.842463 -0.724425 1.523561 -0.780907 -0.016953 -0.647916 0.336484 
16.162739 -0.955540 0.272725 0.013043 -0.668026 1.521653 -0.780684 -0.000615 -0.639174 0.331676 
16.412708 -0.940413 -0.221464 0.087450 -0.663121 1.521487 -0.780665 0.000806 -0.638414 0.331258 
16.411707 -0.442370 -0.228031 0.043869 -0.665994 1.521584 -0.780676 -0.000026 -0.638859 0.331503 
16.412708 -0.940413 -0.221464 0.103895 -0.912580 1.521487 -0.780665 0.000806 -0.638414 0.331258 
16.412863 -0.926587 -0.282121 0.580259 -0.606669 1.522385 -0.780770 -0.006882 -0.642527 0.333520 
16.412709 -0.940506 -0.221622 0.086981 -0.663152 1.771486 -0.780665 0.000806 -0.638414 0.331258 
16.413181 -1.026072 -0.504914 -0.314978 -0.650756 1.519670 -0.780835 -0.011671 -0.645090 0.334930 
16.412708 -0.940419 -0.221271 0.087421 -0.663123 1.521487 -1.030665 0.000806 -0.638414 0.331258 
16.412966 -0.977444 0.247772 -0.080491 -0.650416 1.520934 -0.780102 -0.006821 -0.642495 0.333503 
16.412708 -0.940104 -0.222500 0.095877 -0.662565 1.521502 -0.780667 -0.249049 -0.638414 0.331258 
16.413230 -0.971367 -0.335445 0.573029 -0.571158 1.521010 -0.780354 -0.239132 -0.648704 0.336918 
16.412710 -0.940953 -0.227034 0.089445 -0.662989 1.521487 -0.780670 -0.249249 -0.888288 0.331258 
16.413121 -1.018057 -0.522918 -0.295094 -0.655215 1.519825 -0.780600 -0.264834 -0.616103 0.334385 
16.412708 -0.940318 -0.217529 0.094098 -0.662683 1.521502 -0.780663 -0.249130 -0.638457 0.581202 
16.413022 -0.984264 0.249176 -0.078303 -0.644842 1.520818 -0.780060 -0.260212 -0.636602 0.571851 
16.412247 -0.715105 -0.203249 0.083289 -0.663395 1.521574 -0.780656 -0.311207 -0.577226 0.519116 
16.412438 -0.739541 -0.292622 0.034212 -0.648169 1.521013 -0.780578 0.008098 -0.893559 0.843899 
16.527489 -0.938910 -0.212925 0.116930 -0.546145 1.406779 -0.665880 -0.172474 -0.600192 0.542175 
16.368182 -0.949358 -0.338849 0.568664 -0.611630 1.565934 -0.825359 -0.263859 -0.656815 0.610733 
16.420952 -0.972635 -0.366174 -0.098384 -0.651204 1.512629 -0.772578 -0.270940 -0.605376 0.561279 
16.401154 -0.949052 -0.281167 0.197581 -0.645502 1.532910 -0.792297 -0.257563 -0.637643 0.586148 
16.412346 -0.966850 -0.202926 0.099404 -0.662751 1.521928 -0.781068 -0.280770 -0.607438 0.549625 
16.405971 -0.982242 -0.087680 0.070306 -0.644741 1.527969 -0.787383 -0.270367 -0.625000 0.569666 
16.465724 -0.966760 -0.202967 0.099613 -0.663027 1.541837 -0.800977 -0.294042 -0.614072 0.556260 
16.494466 -0.972319 -0.187893 0.107059 -0.773260 1.512194 -0.771442 -0.272246 -0.605990 0.549733 
16.465720 -0.964683 -0.202846 0.099944 -0.663005 1.492461 -0.830603 -0.314365 -0.623379 0.565560 
16.465170 -0.852897 -0.183351 0.094790 -0.664699 1.496367 -0.828673 -0.343449 -0.592526 0.535521 
16.465754 -0.964836 -0.203554 0.099922 -0.662914 1.492426 -0.791047 -0.353965 -0.643018 0.585235 
16.470101 -0.981244 -0.250339 -0.012054 -0.659958 1.487551 -0.788019 -0.364599 -0.623973 0.575647 
16.465460 -0.964974 -0.203703 0.103717 -0.662329 1.492718 -0.791341 -0.354161 -0.598965 0.629401 
16.448174 -0.985345 -0.251085 0.209151 -0.638439 1.509014 -0.808948 -0.373949 -0.598818 0.625941 
16.436722 -0.966218 -0.196637 0.095948 -0.689743 1.521418 -0.820076 -0.372043 -0.609912 0.640718 
16.468297 -0.981059 -0.089753 0.081326 -0.630602 1.489269 -0.788524 -0.337208 -0.613453 0.648072 
16.479913 -0.968533 -0.194993 0.108620 -0.717048 1.477714 -0.776500 -0.343266 -0.594718 0.626479 
16.465233 -0.958633 -0.195005 0.105036 -0.662611 1.493488 -0.791202 -0.371022 -0.582074 0.612412 
16.465473 -0.897638 -0.195000 0.100778 -0.663513 1.494511 -0.789913 -0.363065 -0.588554 0.620076 
16.468105 -0.967269 -0.216716 0.048680 -0.661716 1.490297 -0.788988 -0.376141 -0.571380 0.607981 
16.464658 -0.978780 -0.239914 0.058298 -0.654152 1.493239 -0.792828 -0.384779 -0.565716 0.604215 
16.461831 -0.999900 -0.232351 0.055299 -0.634291 1.495193 -0.796230 -0.390466 -0.562063 0.605087 
16.478017 -0.978761 -0.239916 0.058355 -0.654275 1.498202 -0.797791 -0.388086 -0.567371 0.605870 
16.470395 -0.994159 -0.246958 0.062416 -0.676257 1.486416 -0.787082 -0.385273 -0.558229 0.600208 
16.464658 -0.977696 -0.239884 0.058340 -0.654156 1.480915 -0.800219 -0.389781 -0.568106 0.606608 
16.461909 -0.956194 -0.258445 0.057730 -0.643518 1.483419 -0.802866 -0.394163 -0.564480 0.608334 
16.464636 -0.978003 -0.239631 0.058246 -0.653850 1.480926 -0.790378 -0.399669 -0.573062 0.611578 
16.460540 -0.992599 -0.234482 0.054689 -0.629578 1.483172 -0.806613 -0.395351 -0.564639 0.607982 
16.470702 -0.977418 -0.241340 0.059442 -0.648510 1.474879 -0.794176 -0.386019 -0.571869 0.598178 
16.462315 -0.978277 -0.243830 0.055882 -0.652956 1.482868 -0.802882 -0.392650 -0.592276 0.581844 
16.471145 -0.981250 -0.247775 0.052134 -0.648278 1.474159 -0.793973 -0.379177 -0.578058 0.605158 
16.469298 -0.974980 -0.237101 0.088316 -0.644720 1.475918 -0.795664 -0.381267 -0.578078 0.604359 
16.468833 -0.974511 -0.234683 0.057535 -0.655354 1.470932 -0.804167 -0.382863 -0.571255 0.601595 
16.475799 -0.962040 -0.221810 0.057375 -0.643112 1.474114 -0.783097 -0.391682 -0.562764 0.590370 
16.480204 -0.964224 -0.220983 0.065464 -0.652674 1.467143 -0.781009 -0.403477 -0.541132 0.578758 
16.474199 -0.959352 -0.214857 0.066532 -0.656788 1.473830 -0.785736 -0.416461 -0.551553 0.556022 
16.477835 -0.971630 -0.218559 0.064353 -0.641693 1.467251 -0.786838 -0.406678 -0.537800 0.577956 
16.476951 -0.960522 -0.195351 0.066243 -0.641373 1.467521 -0.788021 -0.411775 -0.522594 0.585129 
16.488612 -0.960476 -0.187380 0.060208 -0.632571 1.456792 -0.773309 -0.415347 -0.508015 0.574820 
16.477830 -0.972217 -0.189489 0.068976 -0.649235 1.466564 -0.786664 -0.411471 -0.522773 0.584866 
16.473468 -0.953516 -0.210295 0.074011 -0.646375 1.464287 -0.800258 -0.421587 -0.503895 0.584382 
16.474975 -0.947015 -0.210654 0.101860 -0.634710 1.463139 -0.798052 -0.419086 -0.506686 0.584167 
16.460090 -0.953561 -0.210321 0.073954 -0.646251 1.459494 -0.795282 -0.418174 -0.502184 0.582696 
16.457615 -0.953691 -0.213143 0.067672 -0.646858 1.483160 -0.793826 -0.406583 -0.488490 0.576485 
16.457955 -0.955318 -0.212831 0.074537 -0.645334 1.465100 -0.786910 -0.428207 -0.502536 0.587867 
16.452318 -0.948097 -0.215989 0.049434 -0.648953 1.462505 -0.796865 -0.436451 -0.499866 0.595517 
16.457711 -0.966131 -0.209515 0.076060 -0.655054 1.464272 -0.788235 -0.429869 -0.498771 0.587849 
16.459916 -0.956715 -0.214588 0.074007 -0.644078 1.463040 -0.785112 -0.425017 -0.499801 0.592883 
16.465474 -0.956586 -0.214924 0.070164 -0.642278 1.457981 -0.778011 -0.427965 -0.494060 0.584083 
16.466480 -0.951864 -0.213416 0.070898 -0.647369 1.457961 -0.775424 -0.427050 -0.493887 0.585274 
16.466554 -0.958661 -0.227294 0.069118 -0.647061 1.457648 -0.776061 -0.425295 -0.500447 0.580940 
16.464745 -0.954534 -0.218471 0.073710 -0.642739 1.457147 -0.780761 -0.430125 -0.489822 0.583893 
16.467413 -0.955510 -0.207163 0.077072 -0.632324 1.458371 -0.773780 -0.427546 -0.490446 0.583138 
16.466523 -0.951361 -0.201033 0.068698 -0.625481 1.456570 -0.775404 -0.432168 -0.484416 0.585966 
16.466832 -0.960110 -0.192125 0.069049 -0.628528 1.454895 -0.775747 -0.435681 -0.476469 0.586521 
16.467132 -0.951330 -0.200340 0.070268 -0.625334 1.450650 -0.775763 -0.435060 -0.487845 0.587514 
16.468140 -0.944236 -0.203659 0.065107 -0.613115 1.455722 -0.771421 -0.432284 -0.484704 0.584798 
16.470065 -0.946237 -0.197017 0.061874 -0.603961 1.453207 -0.767804 -0.436020 -0.476682 0.584192 
16.461454 -0.944380 -0.203699 0.065091 -0.613179 1.453317 -0.768942 -0.430580 -0.483844 0.583941 
16.463123 -0.946386 -0.197063 0.061859 -0.604034 1.450712 -0.765232 -0.434248 -0.475794 0.583303 
16.460788 -0.945206 -0.205941 0.066204 -0.612781 1.454705 -0.764635 -0.435483 -0.485648 0.586332 
16.463712 -0.941343 -0.209313 0.070026 -0.607258 1.445064 -0.763782 -0.434344 -0.493823 0.584784 
16.459964 -0.943878 -0.204360 0.066002 -0.613628 1.455712 -0.765027 -0.438999 -0.487163 0.580047 
16.454231 -0.940635 -0.201503 0.068571 -0.608184 1.461357 -0.770605 -0.436514 -0.490249 0.591962 
16.461748 -0.945996 -0.202128 0.062960 -0.613624 1.455506 -0.761319 -0.433161 -0.489705 0.586817 
16.462085 -0.933141 -0.205121 0.069829 -0.618430 1.453968 -0.761398 -0.436643 -0.479860 0.588632 
16.461215 -0.931528 -0.206506 0.063923 -0.619331 1.451569 -0.763579 -0.439190 -0.480282 0.590329 
16.458523 -0.929178 -0.218791 0.064929 -0.619860 1.454615 -0.768024 -0.441544 -0.473717 0.589115 
16.460838 -0.936178 -0.206380 0.066496 -0.621715 1.449120 -0.764589 -0.442100 -0.479125 0.593511 
16.459087 -0.929477 -0.199396 0.069601 -0.627766 1.444444 -0.772076 -0.444455 -0.480220 0.589454 
16.461352 -0.935770 -0.203719 0.065803 -0.616868 1.447570 -0.764050 -0.444780 -0.474690 0.593478 
16.464529 -0.936917 -0.204649 0.064185 -0.619514 1.444293 -0.761269 -0.444243 -0.472299 0.589650 
16.465154 -0.936245 -0.206091 0.065451 -0.617929 1.441924 -0.761251 -0.444212 -0.473912 0.589725 
16.466086 -0.935337 -0.204048 0.062784 -0.615636 1.439746 -0.757238 -0.446705 -0.472560 0.593454 
16.462707 -0.935426 -0.204285 0.062813 -0.615649 1.438623 -0.756102 -0.445867 -0.472027 0.592967 
16.462000 -0.934274 -0.208902 0.062882 -0.613817 1.438836 -0.757559 -0.448426 -0.466954 0.592699 
16.462559 -0.935342 -0.209316 0.061304 -0.611695 1.436683 -0.760940 -0.444158 -0.463162 0.594639 
16.462481 -0.938047 -0.210407 0.059979 -0.610046 1.437575 -0.760372 -0.444279 -0.464093 0.594121 
16.461571 -0.931093 -0.207657 0.062813 -0.612568 1.434111 -0.763712 -0.447283 -0.460051 0.593067 
16.462316 -0.928869 -0.207071 0.068536 -0.612102 1.434803 -0.761695 -0.446617 -0.455902 0.593172 
16.461347 -0.933429 -0.207783 0.064138 -0.614094 1.433005 -0.764251 -0.448537 -0.459791 0.594648 
16.460617 -0.928859 -0.211002 0.062879 -0.618323 1.431689 -0.765355 -0.449239 -0.459002 0.597040 
16.461567 -0.929547 -0.211245 0.062185 -0.619820 1.429902 -0.763800 -0.448547 -0.458160 0.594967 
16.455175 -0.929006 -0.208758 0.062782 -0.620301 1.427322 -0.762662 -0.446442 -0.459011 0.594847 
16.455993 -0.928373 -0.209952 0.064006 -0.618776 1.424977 -0.762581 -0.446364 -0.460855 0.595001 
16.457507 -0.927567 -0.203002 0.060572 -0.620779 1.425576 -0.761379 -0.448119 -0.458269 0.597535 
16.458561 -0.927258 -0.201763 0.061715 -0.622469 1.425992 -0.763045 -0.446377 -0.459712 0.596993 
16.455448 -0.927864 -0.201771 0.059329 -0.621101 1.425086 -0.764353 -0.452360 -0.454501 0.594032 
16.454629 -0.930357 -0.202139 0.056170 -0.620452 1.424661 -0.765728 -0.449392 -0.449146 0.596044 
16.455098 -0.929046 -0.202095 0.056542 -0.621367 1.424895 -0.765147 -0.452719 -0.456736 0.593969 
16.455215 -0.925971 -0.200995 0.064241 -0.622090 1.427016 -0.760751 -0.453878 -0.450983 0.593476 
16.456640 -0.923625 -0.201551 0.068446 -0.618873 1.422351 -0.761522 -0.454386 -0.449433 0.593087 
16.455387 -0.928222 -0.200739 0.065928 -0.623973 1.426183 -0.761805 -0.454472 -0.451229 0.594695 
16.456646 -0.923528 -0.197999 0.066072 -0.624415 1.429225 -0.763915 -0.450196 -0.450605 0.590887 
16.454758 -0.923629 -0.202572 0.063684 -0.624046 1.426538 -0.761454 -0.454296 -0.450674 0.594871 
16.452600 -0.922635 -0.201456 0.065246 -0.620653 1.430269 -0.764372 -0.455906 -0.451236 0.598725 
16.457935 -0.923902 -0.203774 0.063368 -0.623796 1.427805 -0.762076 -0.455385 -0.450118 0.594906 
16.458034 -0.923171 -0.204798 0.065141 -0.625106 1.430649 -0.756220 -0.456229 -0.446936 0.596072 
16.457704 -0.922456 -0.204839 0.064845 -0.625726 1.431066 -0.755622 -0.459329 -0.447962 0.594347 
16.458624 -0.922839 -0.203373 0.064536 -0.625213 1.430196 -0.755925 -0.456603 -0.446772 0.596772 
16.458213 -0.923354 -0.203018 0.062456 -0.625159 1.429913 -0.756319 -0.457496 -0.443715 0.596780 
16.458527 -0.923589 -0.202657 0.059640 -0.625059 1.429507 -0.755833 -0.458293 -0.441408 0.597603 
16.458915 -0.922469 -0.200884 0.060026 -0.626414 1.430699 -0.757032 -0.457679 -0.439556 0.596168 
16.459556 -0.922335 -0.201197 0.060276 -0.626668 1.429284 -0.756533 -0.457415 -0.439224 0.595315 
16.459442 -0.921122 -0.200924 0.062026 -0.624676 1.428313 -0.757296 -0.458797 -0.437516 0.595877 
16.459503 -0.923135 -0.200480 0.063529 -0.626451 1.427304 -0.758102 -0.460181 -0.436465 0.596830 
16.460633 -0.924157 -0.200205 0.063659 -0.625591 1.427873 -0.758005 -0.460338 -0.436423 0.596280 
16.458331 -0.925052 -0.198181 0.064035 -0.624538 1.427000 -0.756869 -0.460029 -0.435754 0.595179 
16.460782 -0.924541 -0.200118 0.063680 -0.625213 1.427489 -0.758674 -0.458826 -0.436152 0.597013 
16.460548 -0.924100 -0.199653 0.062477 -0.625036 1.426414 -0.760776 -0.461363 -0.437366 0.595060 
16.459926 -0.924636 -0.201531 0.063672 -0.625469 1.428247 -0.758412 -0.460218 -0.435715 0.595581 
16.460404 -0.923435 -0.202652 0.065156 -0.624732 1.427846 -0.758415 -0.460836 -0.432746 0.595104 
16.460735 -0.924880 -0.203395 0.066368 -0.626794 1.427233 -0.758543 -0.461486 -0.430333 0.594711 
16.460502 -0.924420 -0.203918 0.069739 -0.626844 1.427466 -0.759174 -0.460951 -0.431564 0.593665 
16.460982 -0.925235 -0.204284 0.066372 -0.626420 1.425887 -0.757763 -0.461562 -0.430852 0.594744 
16.460186 -0.925401 -0.203748 0.064519 -0.625779 1.427779 -0.758408 -0.462993 -0.428365 0.596623 
16.460866 -0.924633 -0.203866 0.061768 -0.626109 1.427907 -0.757458 -0.462243 -0.426396 0.595546 
16.460361 -0.924388 -0.204729 0.060432 -0.625089 1.429062 -0.757301 -0.463267 -0.423545 0.596463 
16.461048 -0.923102 -0.205147 0.058782 -0.625518 1.429533 -0.756509 -0.462050 -0.421546 0.594534 
16.461183 -0.922907 -0.204706 0.057428 -0.624973 1.427972 -0.759182 -0.463432 -0.420960 0.593514 
16.462164 -0.922850 -0.206036 0.058619 -0.625844 1.429777 -0.757299 -0.461579 -0.421742 0.595333 
16.460433 -0.924118 -0.204197 0.058943 -0.624416 1.428474 -0.757142 -0.459306 -0.420227 0.595488 
16.461584 -0.925125 -0.203883 0.059072 -0.623561 1.429032 -0.757033 -0.459466 -0.420206 0.594960 
16.461657 -0.922825 -0.202081 0.058750 -0.624894 1.427708 -0.755839 -0.460201 -0.418929 0.597092 
16.460735 -0.924075 -0.201317 0.056181 -0.626383 1.428320 -0.754831 -0.460584 -0.418110 0.598205 
16.461376 -0.922036 -0.201246 0.058266 -0.624300 1.428768 -0.756261 -0.459896 -0.419574 0.597229 
16.461853 -0.921775 -0.203449 0.058063 -0.622550 1.425937 -0.754204 -0.460316 -0.419506 0.597449 
16.461377 -0.921646 -0.204036 0.058408 -0.621897 1.426710 -0.754421 -0.460949 -0.418336 0.597966 
16.461522 -0.920006 -0.204310 0.061325 -0.621698 1.426193 -0.754398 -0.461197 -0.416563 0.597296 
16.460841 -0.919628 -0.205125 0.062447 -0.621977 1.425930 -0.753396 -0.462320 -0.413401 0.597860 
16.459976 -0.917005 -0.204185 0.063302 -0.620578 1.427514 -0.753514 -0.462463 -0.412220 0.598202 
16.460637 -0.919983 -0.205233 0.063393 -0.622130 1.426524 -0.752374 -0.461960 -0.414078 0.598715 
16.460415 -0.920097 -0.204612 0.063560 -0.621245 1.424215 -0.755387 -0.464505 -0.413539 0.598920 
16.460677 -0.920101 -0.204766 0.062507 -0.621471 1.425435 -0.753812 -0.460896 -0.412770 0.598436 
16.463043 -0.918966 -0.206667 0.062331 -0.622158 1.425589 -0.755232 -0.460502 -0.412026 0.599663 
16.462029 -0.920654 -0.203922 0.062570 -0.620836 1.425728 -0.753368 -0.461277 -0.412406 0.598393 
16.462089 -0.921971 -0.205152 0.063223 -0.619243 1.426081 -0.753989 -0.461223 -0.411072 0.595795 
16.462152 -0.920136 -0.204574 0.062209 -0.619701 1.424803 -0.752540 -0.461301 -0.412756 0.598544 
16.462766 -0.919902 -0.202017 0.062620 -0.622218 1.423783 -0.752814 -0.461051 -0.410911 0.596896 
16.462418 -0.920679 -0.200825 0.059837 -0.622506 1.423734 -0.752577 -0.461879 -0.408793 0.597117 
16.463269 -0.920491 -0.198435 0.057851 -0.622179 1.423573 -0.753900 -0.461262 -0.409670 0.595772 
16.462747 -0.922017 -0.201198 0.059670 -0.623065 1.422760 -0.752759 -0.462125 -0.409420 0.597178 
16.461673 -0.920290 -0.199852 0.061301 -0.621656 1.422685 -0.753778 -0.464060 -0.407348 0.598278 
16.461248 -0.920448 -0.199303 0.062511 -0.622294 1.423085 -0.751582 -0.464344 -0.404693 0.599157 
16.461085 -0.919531 -0.196391 0.062614 -0.621843 1.423317 -0.751393 -0.464915 -0.402396 0.599253 
16.461400 -0.921815 -0.195220 0.063025 -0.622900 1.421444 -0.750932 -0.466154 -0.401155 0.599955 
16.461944 -0.921869 -0.195476 0.063022 -0.622691 1.421093 -0.751670 -0.464903 -0.400438 0.600766 
16.463928 -0.920356 -0.196674 0.062708 -0.623916 1.421409 -0.752113 -0.466556 -0.398725 0.600954 
16.462124 -0.918826 -0.197653 0.062368 -0.625530 1.420544 -0.752787 -0.466812 -0.396554 0.600951 
16.462476 -0.917248 -0.198596 0.061466 -0.624001 1.418477 -0.751197 -0.467427 -0.395447 0.601401 
16.462590 -0.918283 -0.199736 0.062003 -0.622602 1.418646 -0.751754 -0.467602 -0.393442 0.598903 
16.462137 -0.918929 -0.199995 0.060771 -0.622164 1.419419 -0.751877 -0.468054 -0.393129 0.599611 
16.462134 -0.917695 -0.201341 0.061038 -0.622027 1.419596 -0.752053 -0.469399 -0.390096 0.600484 
16.462916 -0.917113 -0.201812 0.059012 -0.623315 1.419719 -0.750883 -0.468805 -0.387684 0.599609 
16.463445 -0.915945 -0.201897 0.057077 -0.623271 1.418438 -0.752900 -0.470025 -0.386192 0.598948 
16.463660 -0.916541 -0.205439 0.056671 -0.624394 1.417608 -0.752640 -0.470307 -0.386057 0.599121 
16.463398 -0.916992 -0.201258 0.057269 -0.623839 1.417689 -0.752422 -0.471050 -0.385868 0.598986 
16.462242 -0.915425 -0.201102 0.056946 -0.623926 1.419020 -0.751054 -0.473235 -0.386177 0.597307 
16.461675 -0.916907 -0.201214 0.057241 -0.624089 1.417136 -0.752556 -0.470461 -0.385561 0.598904 
16.461778 -0.916720 -0.199658 0.057047 -0.622695 1.417167 -0.751690 -0.469880 -0.382501 0.599504 
16.461699 -0.917202 -0.198691 0.057673 -0.624636 1.419227 -0.753340 -0.469699 -0.380793 0.599397 
16.461770 -0.915441 -0.197548 0.056956 -0.626295 1.419058 -0.752832 -0.469818 -0.380874 0.602095 
16.462156 -0.916320 -0.198679 0.058968 -0.625054 1.418479 -0.753249 -0.469491 -0.380545 0.598845 
16.463137 -0.915794 -0.196628 0.059310 -0.626085 1.417531 -0.753135 -0.467883 -0.379523 0.596825 
16.462876 -0.915633 -0.195424 0.059845 -0.625272 1.417512 -0.753987 -0.468227 -0.380197 0.596983 
16.463333 -0.915183 -0.198035 0.061440 -0.626550 1.416933 -0.753296 -0.468249 -0.376779 0.597084 
16.462984 -0.917320 -0.198354 0.060874 -0.626781 1.418706 -0.754333 -0.467981 -0.374609 0.596038 
16.462533 -0.918473 -0.198059 0.062995 -0.626990 1.420319 -0.752246 -0.466598 -0.374836 0.596451 
16.462560 -0.917541 -0.197844 0.060903 -0.627218 1.418619 -0.753528 -0.469454 -0.374481 0.595498 
16.461924 -0.914916 -0.198398 0.060371 -0.626673 1.420694 -0.753341 -0.469656 -0.373878 0.593970 
16.463641 -0.914976 -0.198240 0.060374 -0.626245 1.421245 -0.753096 -0.470163 -0.373785 0.594129 
16.464454 -0.915026 -0.199738 0.060532 -0.628611 1.421692 -0.754702 -0.471230 -0.374011 0.592467 
16.463706 -0.915431 -0.198939 0.060724 -0.625164 1.420689 -0.752885 -0.470125 -0.374129 0.592968 
16.463593 -0.914703 -0.198290 0.058132 -0.626278 1.420839 -0.752821 -0.470874 -0.370720 0.594238 
16.463065 -0.914331 -0.196725 0.057892 -0.625332 1.421059 -0.754691 -0.472359 -0.368335 0.594263 
16.463557 -0.914410 -0.194256 0.055800 -0.625871 1.421001 -0.754712 -0.471349 -0.368184 0.592473 
16.462747 -0.914669 -0.197012 0.056664 -0.624843 1.421406 -0.755163 -0.472985 -0.369278 0.594643 
16.462726 -0.914102 -0.197943 0.059608 -0.625663 1.421536 -0.753638 -0.472811 -0.365490 0.595222 
16.463315 -0.911425 -0.198298 0.060080 -0.625775 1.419142 -0.753517 -0.473799 -0.365136 0.595955 
16.462798 -0.912986 -0.198510 0.059393 -0.625152 1.422355 -0.754146 -0.471831 -0.365361 0.595051 
16.463798 -0.915631 -0.198609 0.059821 -0.625700 1.420082 -0.755419 -0.471146 -0.364445 0.596680 
16.463480 -0.915731 -0.198069 0.059839 -0.624257 1.419737 -0.754580 -0.470638 -0.364425 0.597176 
16.463970 -0.916424 -0.200310 0.060380 -0.624203 1.419055 -0.755552 -0.471734 -0.363790 0.593977 
16.465518 -0.915703 -0.198449 0.059924 -0.625271 1.420651 -0.755186 -0.471622 -0.364486 0.596835 
16.463279 -0.915575 -0.197933 0.063415 -0.625700 1.420817 -0.756398 -0.471342 -0.364502 0.596957 
16.464295 -0.915562 -0.197810 0.058571 -0.627072 1.419973 -0.754027 -0.470350 -0.361674 0.595864 
16.464851 -0.915850 -0.199794 0.058957 -0.628423 1.419735 -0.751595 -0.468940 -0.362642 0.596100 
16.463531 -0.915714 -0.198734 0.057862 -0.627763 1.419964 -0.754825 -0.470703 -0.361820 0.596633 
16.464801 -0.915798 -0.197917 0.057236 -0.625799 1.420788 -0.752498 -0.471711 -0.359119 0.596254 
16.465904 -0.915848 -0.196246 0.054298 -0.625900 1.419926 -0.752380 -0.471448 -0.358720 0.594981 
16.464486 -0.917128 -0.197729 0.057060 -0.625754 1.421999 -0.752584 -0.471220 -0.359306 0.595897 
16.464299 -0.914809 -0.197809 0.059914 -0.626625 1.420909 -0.752559 -0.472304 -0.356835 0.597012 
16.464872 -0.914506 -0.199898 0.060922 -0.627649 1.420620 -0.749849 -0.471587 -0.356737 0.597688 
16.464135 -0.915940 -0.197973 0.060282 -0.626759 1.419908 -0.752409 -0.473242 -0.356825 0.596362 
16.463962 -0.915075 -0.200173 0.060598 -0.625475 1.419921 -0.753651 -0.472630 -0.355733 0.594176 
16.463741 -0.915204 -0.197909 0.060185 -0.627352 1.420700 -0.751972 -0.474206 -0.357327 0.595495 
16.461109 -0.915227 -0.197278 0.060717 -0.625001 1.419139 -0.751451 -0.473214 -0.356876 0.596923 
16.464861 -0.915578 -0.198444 0.060303 -0.625684 1.419836 -0.752441 -0.474220 -0.357500 0.596962 
16.463985 -0.916181 -0.196663 0.063033 -0.627406 1.421089 -0.753845 -0.473899 -0.355676 0.596880 
16.464475 -0.915086 -0.197291 0.059578 -0.627135 1.418919 -0.752428 -0.473565 -0.355945 0.596256 
16.464604 -0.915591 -0.196742 0.058380 -0.626826 1.419345 -0.751964 -0.473857 -0.354855 0.596051 
16.464941 -0.915161 -0.197161 0.058421 -0.627536 1.418847 -0.750611 -0.473693 -0.354032 0.596282 
16.465226 -0.914696 -0.196457 0.058981 -0.628259 1.418628 -0.750471 -0.474060 -0.352642 0.596508 
16.465389 -0.913953 -0.196815 0.059280 -0.628336 1.418328 -0.750620 -0.474055 -0.351089 0.595808 
16.464950 -0.913577 -0.197418 0.058969 -0.629199 1.418104 -0.751065 -0.474554 -0.349858 0.596323 
16.465191 -0.912867 -0.197245 0.059180 -0.629795 1.417635 -0.750976 -0.474682 -0.348274 0.596059 
16.464867 -0.912702 -0.197184 0.058783 -0.631015 1.417331 -0.751099 -0.475235 -0.347455 0.597032 
16.465631 -0.912098 -0.197575 0.058977 -0.630291 1.417247 -0.750959 -0.476437 -0.346988 0.597712 
16.465411 -0.912621 -0.197623 0.059178 -0.630276 1.416720 -0.750841 -0.476896 -0.346986 0.597418 
16.463979 -0.911991 -0.197230 0.059377 -0.629505 1.416524 -0.750348 -0.476781 -0.346655 0.597834 
16.464176 -0.912360 -0.197262 0.059426 -0.629209 1.416129 -0.750566 -0.476299 -0.346404 0.598268 
16.464015 -0.912735 -0.197732 0.060353 -0.629525 1.416936 -0.750273 -0.476402 -0.345115 0.598505 
16.464169 -0.912694 -0.196909 0.058836 -0.628911 1.416439 -0.750622 -0.476474 -0.346045 0.598120 
16.463987 -0.912412 -0.196144 0.058989 -0.628772 1.416413 -0.752176 -0.477013 -0.345464 0.597950 
16.463956 -0.912046 -0.196317 0.057729 -0.628618 1.415955 -0.752319 -0.477308 -0.344198 0.597610 
16.464440 -0.911886 -0.195030 0.057113 -0.628670 1.415589 -0.751903 -0.477701 -0.343172 0.597652 
16.464023 -0.912132 -0.195175 0.055756 -0.628359 1.415715 -0.752416 -0.478496 -0.342515 0.598178 
16.464882 -0.911656 -0.195226 0.057314 -0.627993 1.415636 -0.751804 -0.478094 -0.343191 0.597687 
16.464994 -0.911555 -0.195042 0.057275 -0.627194 1.415662 -0.751872 -0.477406 -0.342571 0.596186 
16.464786 -0.912072 -0.195097 0.057485 -0.627174 1.415093 -0.751766 -0.477836 -0.342595 0.595912 
16.465496 -0.910983 -0.195219 0.057331 -0.626976 1.414182 -0.752341 -0.476690 -0.342337 0.596601 
16.466111 -0.911161 -0.195227 0.056953 -0.627220 1.414157 -0.752599 -0.476788 -0.342759 0.596307 
16.466204 -0.911350 -0.195885 0.058059 -0.627568 1.414472 -0.752464 -0.476700 -0.341015 0.596669 
16.466062 -0.909978 -0.196220 0.058488 -0.628211 1.414252 -0.752216 -0.477334 -0.340440 0.596069 
16.466347 -0.909999 -0.196985 0.058097 -0.628242 1.414041 -0.750598 -0.476892 -0.340075 0.596109 
16.466614 -0.909984 -0.196560 0.058742 -0.628400 1.414038 -0.750284 -0.476650 -0.340391 0.596048 
16.466191 -0.909749 -0.197547 0.058010 -0.627811 1.413991 -0.750823 -0.477240 -0.338345 0.596337 
16.467191 -0.909637 -0.198289 0.057269 -0.628066 1.413867 -0.751289 -0.477805 -0.337403 0.595893 
16.466964 -0.909471 -0.200038 0.057618 -0.627885 1.414006 -0.751841 -0.477620 -0.337094 0.595632 
16.466712 -0.909584 -0.199830 0.057466 -0.628013 1.413985 -0.751936 -0.477071 -0.336826 0.594990 
16.466167 -0.909709 -0.199945 0.056876 -0.629328 1.413678 -0.752194 -0.476837 -0.335764 0.595249 
16.465932 -0.909047 -0.199936 0.055992 -0.629235 1.412534 -0.752556 -0.476382 -0.334851 0.595020 
16.465958 -0.908124 -0.199841 0.055144 -0.629432 1.413660 -0.752722 -0.475768 -0.334134 0.595106 
16.465288 -0.908239 -0.199889 0.054315 -0.629743 1.413700 -0.752672 -0.476140 -0.332807 0.594291 
16.465614 -0.909319 -0.199930 0.053638 -0.629484 1.413672 -0.753175 -0.475281 -0.331876 0.594687 
16.465488 -0.908246 -0.200162 0.054274 -0.629795 1.413597 -0.751812 -0.475869 -0.332703 0.594296 
16.465619 -0.907410 -0.199520 0.055235 -0.630522 1.413474 -0.753015 -0.476062 -0.331811 0.593781 
16.465718 -0.906564 -0.199546 0.054925 -0.631866 1.413149 -0.753529 -0.475960 -0.331764 0.592884 
16.465482 -0.906489 -0.200384 0.055196 -0.631741 1.413237 -0.753766 -0.475797 -0.331710 0.592798 
16.464655 -0.906025 -0.198257 0.055258 -0.632076 1.412956 -0.753220 -0.475735 -0.331228 0.593215 
16.464992 -0.905301 -0.197868 0.055104 -0.632307 1.412694 -0.753138 -0.476885 -0.330390 0.594137 
16.465367 -0.904538 -0.196708 0.055163 -0.631484 1.412645 -0.752997 -0.477176 -0.329802 0.593355 
16.465488 -0.904701 -0.195648 0.055716 -0.632092 1.413695 -0.752666 -0.477800 -0.329248 0.593100 
16.465367 -0.905315 -0.195048 0.056343 -0.632210 1.412335 -0.752536 -0.478535 -0.328988 0.592673 
16.465439 -0.904904 -0.195021 0.056812 -0.632214 1.412334 -0.752373 -0.478733 -0.329685 0.592760 
16.466028 -0.905343 -0.193975 0.056168 -0.632268 1.412079 -0.752990 -0.477740 -0.327955 0.593142 
16.465343 -0.905494 -0.193193 0.055422 -0.631955 1.412304 -0.754247 -0.478391 -0.328004 0.593150 
16.466167 -0.905500 -0.193642 0.055541 -0.632416 1.411983 -0.752499 -0.477755 -0.328318 0.593172 
16.465467 -0.904925 -0.193936 0.055913 -0.632059 1.412081 -0.752477 -0.477753 -0.326269 0.592811 
16.466412 -0.904570 -0.194308 0.055465 -0.632680 1.412016 -0.752960 -0.478120 -0.325470 0.591781 
16.467202 -0.905255 -0.194490 0.055431 -0.631546 1.412366 -0.752750 -0.478657 -0.324504 0.591893 
16.467020 -0.905827 -0.194177 0.055585 -0.631129 1.412680 -0.752750 -0.477744 -0.323860 0.590548 
16.466983 -0.906120 -0.193929 0.055861 -0.631675 1.413250 -0.752613 -0.477995 -0.323725 0.590625 
16.466829 -0.906269 -0.194816 0.055214 -0.631436 1.412250 -0.752937 -0.477589 -0.322261 0.590925 
16.467056 -0.905494 -0.194559 0.055366 -0.631187 1.412119 -0.752811 -0.477847 -0.320554 0.590908 
16.467341 -0.904913 -0.194165 0.054999 -0.631034 1.411922 -0.752328 -0.478106 -0.318898 0.590852 
16.467937 -0.904257 -0.194110 0.055225 -0.630951 1.411762 -0.752590 -0.478378 -0.317233 0.590690 
16.468490 -0.904109 -0.194121 0.054691 -0.631116 1.411424 -0.752491 -0.478555 -0.315498 0.590598 
16.468316 -0.903591 -0.193874 0.054636 -0.631211 1.411175 -0.752373 -0.478280 -0.313721 0.590234 
16.468554 -0.903481 -0.193709 0.054659 -0.630672 1.411064 -0.752141 -0.478387 -0.311899 0.590408 
16.468799 -0.903721 -0.193733 0.053604 -0.631100 1.410631 -0.751749 -0.478330 -0.310470 0.590293 
16.468297 -0.903533 -0.194074 0.054127 -0.631073 1.409887 -0.751425 -0.479643 -0.309892 0.589646 
16.468041 -0.902407 -0.194959 0.053894 -0.630892 1.410676 -0.751344 -0.480106 -0.309025 0.589543 
16.468544 -0.901671 -0.195417 0.054751 -0.631368 1.410099 -0.750364 -0.479826 -0.308525 0.590018 
16.468071 -0.902112 -0.195203 0.053616 -0.630350 1.410105 -0.751487 -0.479857 -0.309176 0.589477 
16.467597 -0.901692 -0.194189 0.053834 -0.631077 1.410389 -0.752119 -0.480914 -0.308131 0.590125 
16.467902 -0.901107 -0.193408 0.053985 -0.630785 1.410573 -0.752319 -0.481579 -0.307003 0.589190 
16.467716 -0.901267 -0.193767 0.054546 -0.630845 1.410528 -0.753404 -0.481827 -0.305619 0.588802 
16.466581 -0.900994 -0.193110 0.054593 -0.630349 1.410668 -0.752997 -0.482176 -0.304429 0.588584 
16.466900 -0.900958 -0.192872 0.054445 -0.629700 1.410828 -0.752974 -0.483591 -0.303374 0.588852 
16.466662 -0.901185 -0.193178 0.053904 -0.630798 1.410423 -0.752818 -0.482104 -0.304090 0.588454 
16.465848 -0.900320 -0.192974 0.054054 -0.631772 1.410314 -0.753153 -0.481617 -0.304431 0.587499 
16.466736 -0.900741 -0.193454 0.053598 -0.630725 1.411067 -0.752905 -0.481816 -0.303913 0.588653 
16.466873 -0.901943 -0.191906 0.054361 -0.630817 1.409656 -0.752979 -0.481251 -0.303925 0.588486 
16.466391 -0.901588 -0.192997 0.053485 -0.630580 1.410705 -0.753324 -0.482218 -0.304361 0.588255 
16.465926 -0.901715 -0.194251 0.054701 -0.631232 1.409655 -0.752906 -0.482063 -0.303651 0.588930 
16.466688 -0.901566 -0.193033 0.054186 -0.631312 1.411025 -0.752579 -0.482249 -0.304051 0.588447 
16.467009 -0.901435 -0.193657 0.054332 -0.630306 1.410173 -0.751719 -0.481899 -0.304128 0.587165 
16.466129 -0.901100 -0.193011 0.054077 -0.630473 1.410554 -0.752400 -0.481966 -0.304516 0.588779 
16.467027 -0.900942 -0.192936 0.053437 -0.631674 1.409453 -0.751877 -0.482771 -0.304496 0.588831 
16.467105 -0.901100 -0.193351 0.054387 -0.630809 1.410427 -0.753117 -0.482078 -0.304713 0.588546 
16.466593 -0.900854 -0.192881 0.054436 -0.630563 1.410396 -0.752907 -0.482629 -0.303741 0.588365 
16.466686 -0.900771 -0.192804 0.054358 -0.630768 1.410150 -0.752680 -0.482830 -0.303829 0.588455 
16.466787 -0.900755 -0.192611 0.054342 -0.630741 1.410159 -0.752666 -0.482727 -0.303826 0.588439 
16.466623 -0.900920 -0.192809 0.054595 -0.630866 1.409900 -0.752684 -0.482632 -0.303661 0.588584 
16.466788 -0.900879 -0.192830 0.054339 -0.630645 1.410164 -0.752637 -0.482890 -0.303787 0.588573 
16.466872 -0.900939 -0.192947 0.054445 -0.630526 1.410099 -0.752362 -0.482842 -0.303789 0.588246 
16.466728 -0.901029 -0.192749 0.054323 -0.630621 1.410096 -0.752708 -0.482962 -0.303866 0.588502 
16.466800 -0.900723 -0.192803 0.054186 -0.630630 1.410152 -0.752632 -0.483029 -0.303375 0.588555 
16.466960 -0.900886 -0.192889 0.054369 -0.630715 1.410137 -0.752765 -0.482915 -0.303782 0.588517 
16.466831 -0.900814 -0.192855 0.054602 -0.630564 1.410186 -0.752636 -0.482848 -0.304157 0.588702 
16.466781 -0.900784 -0.192867 0.054267 -0.630517 1.410015 -0.752698 -0.482854 -0.303796 0.588574 
16.466801 -0.901067 -0.192756 0.054480 -0.630904 1.410463 -0.752514 -0.482966 -0.303758 0.588569 
16.466770 -0.900795 -0.192756 0.054468 -0.630584 1.410160 -0.752663 -0.483021 -0.303698 0.588549 
16.466767 -0.900686 -0.192745 0.054247 -0.630593 1.410143 -0.752645 -0.483116 -0.303289 0.588521 
16.466766 -0.900779 -0.192810 0.054384 -0.630512 1.410186 -0.752584 -0.482937 -0.303715 0.588722 
16.466815 -0.900735 -0.192761 0.054765 -0.630527 1.410179 -0.752685 -0.483009 -0.304064 0.588627 
16.466767 -0.900744 -0.192750 0.054357 -0.630591 1.410151 -0.752655 -0.483069 -0.303493 0.588530 
16.466786 -0.900757 -0.192755 0.054415 -0.630559 1.410222 -0.752662 -0.483070 -0.303747 0.588519 
16.466750 -0.900852 -0.192760 0.054637 -0.630618 1.410050 -0.752669 -0.482928 -0.303695 0.588624 
16.466794 -0.900772 -0.192737 0.054452 -0.630633 1.410101 -0.752607 -0.483073 -0.303728 0.588572 
16.466799 -0.900743 -0.192761 0.054557 -0.630529 1.410230 -0.752682 -0.483046 -0.303895 0.588554 
16.466754 -0.900784 -0.192756 0.054434 -0.630521 1.410078 -0.752706 -0.483020 -0.303720 0.588534 
16.466689 -0.900983 -0.192683 0.054386 -0.630518 1.410095 -0.752703 -0.483064 -0.303791 0.588560 
16.466768 -0.900815 -0.192786 0.054447 -0.630484 1.410079 -0.752627 -0.483002 -0.303714 0.588467 
16.466782 -0.900754 -0.192778 0.054408 -0.630497 1.409903 -0.752663 -0.482999 -0.303864 0.588585 
16.466764 -0.900766 -0.192756 0.054476 -0.630499 1.410129 -0.752717 -0.483032 -0.303787 0.588528 
16.466733 -0.900787 -0.192795 0.054438 -0.630527 1.410075 -0.752709 -0.483040 -0.303721 0.588538 
16.466745 -0.900811 -0.192754 0.054514 -0.630535 1.410057 -0.752712 -0.482981 -0.303707 0.588556 
16.466714 -0.900765 -0.192740 0.054435 -0.630521 1.410078 -0.752691 -0.483014 -0.303723 0.588529 
16.466709 -0.900772 -0.192762 0.054412 -0.630579 1.410092 -0.752708 -0.482958 -0.303753 0.588498 
16.466716 -0.900765 -0.192728 0.054447 -0.630534 1.410059 -0.752705 -0.483036 -0.303725 0.588497 
16.466717 -0.900744 -0.192731 0.054392 -0.630520 1.410070 -0.752688 -0.483028 -0.303638 0.588525 
16.466728 -0.900729 -0.192754 0.054440 -0.630519 1.410053 -0.752686 -0.483005 -0.303730 0.588531 
16.466707 -0.900805 -0.192729 0.054415 -0.630513 1.410025 -0.752676 -0.483019 -0.303788 0.588552 
16.466736 -0.900781 -0.192726 0.054452 -0.630524 1.410065 -0.752708 -0.482992 -0.303710 0.588542 
16.466663 -0.900774 -0.192761 0.054512 -0.630535 1.410072 -0.752670 -0.483002 -0.303730 0.588537 
