Start Optimization 
17.503225 0.266957 -0.094202 -0.373251 0.109855 -0.225723 -0.221302 0.401359 0.172696 -0.092084 
18.503225 0.266957 -0.094202 -0.373251 0.109855 -0.225723 -0.221302 0.401359 0.172696 -0.092084 
17.503225 1.266957 -0.094202 -0.373251 0.109855 -0.225723 -0.221302 0.401359 0.172696 -0.092084 
17.503225 0.266957 0.905798 -0.373251 0.109855 -0.225723 -0.221302 0.401359 0.172696 -0.092084 
17.503225 0.266957 -0.094202 0.626749 0.109855 -0.225723 -0.221302 0.401359 0.172696 -0.092084 
17.503225 0.266957 -0.094202 -0.373251 1.109855 -0.225723 -0.221302 0.401359 0.172696 -0.092084 
17.503225 0.266957 -0.094202 -0.373251 0.109855 0.774277 -0.221302 0.401359 0.172696 -0.092084 
17.503225 0.266957 -0.094202 -0.373251 0.109855 -0.225723 0.778698 0.401359 0.172696 -0.092084 
17.503225 0.266957 -0.094202 -0.373251 0.109855 -0.225723 0.778698 1.401359 0.172696 -0.092084 
17.503225 0.266957 -0.094202 -0.373251 0.109855 -0.225723 0.778698 1.401359 1.172696 -0.092084 
17.503225 0.266957 -0.094202 -0.373251 0.109855 -0.225723 0.778698 1.401359 0.172696 0.907916 
17.502789 -0.051110 -0.257372 -1.305621 0.108990 -0.269750 0.780455 1.401938 0.141828 -0.092566 
17.503190 0.761117 -0.107316 -0.448185 0.109786 -0.229261 0.778839 1.401406 0.170215 -0.092123 
17.253226 0.266957 -0.093534 -0.373251 0.109855 -0.225723 0.778698 1.401359 0.172696 -0.092084 
17.254543 0.270393 0.404858 -0.413085 0.109818 -0.227604 0.778773 1.401384 0.171377 -0.092105 
17.253226 0.266957 -0.093534 -0.373019 -0.140145 -0.225723 0.778698 1.401359 0.172696 -0.092084 
17.252758 0.300588 -0.210765 0.111095 0.115147 -0.244134 0.779433 1.401601 0.159787 -0.092286 
17.253221 0.263656 -0.095227 -0.382927 0.109846 -0.475508 0.778698 1.401359 0.172696 -0.092084 
17.252339 0.147296 -0.344004 -0.782747 0.116285 -0.155822 0.779731 1.401699 0.154547 -0.092368 
17.253226 0.266825 -0.093601 -0.373637 0.109855 -0.225706 1.028698 1.401359 0.172696 -0.092084 
17.252339 0.147297 -0.344004 -0.782742 0.116285 -0.155822 0.776401 1.401699 0.154547 -0.092368 
17.252783 0.207127 -0.218769 -0.577997 0.113070 -0.190772 0.777550 1.401529 0.163621 -0.092226 
17.253226 0.266948 -0.093337 -0.373265 0.109855 -0.225724 0.778698 1.526359 0.172696 -0.092084 
17.253763 0.240254 0.139605 -0.456761 0.112476 -0.203604 0.778011 1.528716 0.165505 -0.092196 
17.253223 0.308498 -0.094439 -0.379566 0.109849 -0.226021 0.778710 1.526363 0.054978 -0.092084 
17.253187 0.495875 -0.099563 -0.426639 0.110533 -0.221215 0.778571 1.527116 0.257452 -0.092114 
17.253226 0.266955 -0.093361 -0.373167 0.109855 -0.225727 0.778698 1.526359 0.172693 -0.217084 
17.252685 0.257317 -0.197285 -0.152996 0.118340 -0.171693 0.777141 1.534945 0.170292 -0.088977 
17.253183 0.263003 -0.099862 -0.375370 0.110658 -0.350467 0.778519 1.527185 0.172954 -0.091797 
17.253225 0.266746 -0.093812 -0.373973 0.109854 -0.225591 0.716204 1.526360 0.172660 -0.092085 
17.252982 0.232914 -0.166191 -0.469288 0.111319 -0.214028 0.717628 1.528036 0.168711 -0.091601 
17.253233 0.266411 -0.090885 -0.375080 0.172274 -0.225313 0.716196 1.526355 0.172570 -0.092086 
17.253430 0.237731 0.016832 -0.430993 0.168094 -0.219767 0.715490 1.529070 0.168534 -0.091148 
17.190733 0.266416 -0.090743 -0.375028 0.172276 -0.225300 0.716195 1.526355 0.172569 -0.092086 
17.190540 0.213513 -0.116615 -0.273121 0.182834 -0.187312 0.713041 1.537719 0.164688 -0.088076 
17.190630 0.380165 -0.093554 -0.387849 0.176334 -0.212249 0.714912 1.531358 0.220501 -0.090357 
17.190724 0.285916 -0.091233 -0.376568 0.172622 -0.224453 0.716086 1.526830 0.113220 -0.091920 
17.190733 0.266415 -0.090753 -0.375050 0.172276 -0.225299 0.716195 1.516105 0.172570 -0.062565 
17.190727 0.265420 -0.090802 -0.373748 0.172554 -0.224508 0.716104 1.457085 0.172140 -0.083042 
17.190763 0.270932 -0.080727 -0.360618 0.172201 -0.250731 0.715887 1.516001 0.173233 -0.062586 
17.190577 0.244568 -0.125463 -0.412429 0.174638 -0.253678 0.716468 1.516610 0.168602 -0.062360 
17.190772 0.242412 -0.043653 -0.407225 0.170800 -0.218286 0.715846 1.517153 0.167701 -0.062135 
17.190728 0.217063 -0.046032 -0.396826 0.172635 -0.204825 0.715326 1.519418 0.162276 -0.061256 
17.190603 0.208859 -0.044972 -0.406635 0.176728 -0.177541 0.714138 1.523444 0.167798 -0.059643 
17.190723 0.216213 -0.047424 -0.398331 0.172672 -0.206198 0.699922 1.519409 0.162056 -0.061261 
17.190646 0.201494 -0.061311 -0.414945 0.174030 -0.216229 0.720924 1.520070 0.159339 -0.060997 
17.190726 0.214554 -0.046586 -0.396389 0.159393 -0.204996 0.715342 1.519356 0.170147 -0.061278 
17.190709 0.219628 -0.044842 -0.395712 0.143241 -0.197089 0.714891 1.520214 0.145190 -0.060935 
17.175109 0.214548 -0.046551 -0.396366 0.159395 -0.204986 0.715341 1.518907 0.170143 -0.061434 
17.191682 0.212491 -0.045287 -0.395237 0.159639 -0.200890 0.715098 1.490212 0.169927 -0.071375 
17.190726 0.214571 -0.046553 -0.396344 0.159392 -0.205093 0.715341 1.514231 0.170150 -0.046518 
17.190783 0.207562 -0.024516 -0.375640 0.160153 -0.205610 0.713428 1.516739 0.170883 -0.045165 
17.190778 0.210812 -0.032708 -0.365414 0.165296 -0.203885 0.718544 1.516803 0.168377 -0.045146 
17.190782 0.216227 -0.046586 -0.348139 0.156074 -0.194129 0.705807 1.518160 0.178901 -0.044053 
17.190800 0.201369 -0.038861 -0.360413 0.168151 -0.208610 0.724332 1.517063 0.163099 -0.044695 
17.190829 0.204517 -0.039057 -0.359154 0.166259 -0.215251 0.723535 1.516075 0.162855 -0.045089 
17.190814 0.206311 -0.037541 -0.358179 0.176442 -0.201257 0.733595 1.518142 0.161517 -0.043860 
17.190577 0.206921 -0.038150 -0.358411 0.176109 -0.202114 0.733369 1.525411 0.161825 -0.041340 
17.190862 0.204926 -0.044848 -0.349865 0.174462 -0.192087 0.729705 1.517684 0.165552 -0.043599 
17.190867 0.203576 -0.045085 -0.350207 0.178330 -0.194092 0.729784 1.517472 0.171876 -0.043684 
17.190926 0.193196 -0.035199 -0.349304 0.179934 -0.188757 0.730022 1.518208 0.174217 -0.042833 
17.190950 0.190686 -0.036470 -0.353759 0.180254 -0.186606 0.730857 1.513189 0.175238 -0.029241 
17.190966 0.189478 -0.036168 -0.354322 0.190753 -0.185640 0.720924 1.512668 0.169993 -0.027083 
17.198774 0.189488 -0.036213 -0.354395 0.190740 -0.185647 0.720918 1.512898 0.169998 -0.027037 
17.198725 0.181488 -0.038671 -0.364697 0.192763 -0.178780 0.723321 1.511752 0.172636 -0.025403 
17.198840 0.173441 -0.035132 -0.367602 0.195410 -0.174529 0.726047 1.507351 0.177317 -0.016203 
17.198735 0.176978 -0.041791 -0.362196 0.194422 -0.181533 0.725779 1.512006 0.169778 -0.025715 
17.198712 0.172444 -0.041665 -0.364848 0.203912 -0.178436 0.719122 1.514583 0.166646 -0.033206 
17.198741 0.179635 -0.041616 -0.360469 0.196702 -0.176807 0.729727 1.512596 0.167075 -0.025265 
17.198737 0.175512 -0.043998 -0.359120 0.187592 -0.169829 0.725063 1.512528 0.159047 -0.023937 
17.198567 0.175184 -0.046696 -0.356952 0.187888 -0.168389 0.723763 1.518018 0.162340 -0.021914 
17.198211 0.174882 -0.042274 -0.363493 0.186928 -0.171812 0.726255 1.528226 0.156000 -0.017633 
17.198557 0.177873 -0.050490 -0.358646 0.190273 -0.169441 0.721192 1.516240 0.160349 -0.017913 
17.198486 0.177984 -0.063598 -0.359381 0.187652 -0.163709 0.724832 1.517023 0.163066 -0.021198 
17.212416 0.178665 -0.065806 -0.353173 0.187798 -0.162308 0.723200 1.517751 0.162770 -0.020215 
17.197122 0.182276 -0.064460 -0.356554 0.186346 -0.166426 0.723431 1.518781 0.160911 -0.024834 
17.191219 0.172001 -0.065556 -0.353817 0.190075 -0.156982 0.724541 1.514385 0.166092 -0.013888 
17.190947 0.178530 -0.062126 -0.359272 0.187541 -0.147734 0.719412 1.513950 0.172436 -0.012781 
17.190836 0.173661 -0.062742 -0.362168 0.196792 -0.143245 0.712759 1.516428 0.169870 -0.019776 
17.190830 0.170214 -0.063715 -0.362982 0.191862 -0.144310 0.708155 1.515963 0.169049 -0.019642 
17.190335 0.167291 -0.066206 -0.368135 0.195532 -0.148332 0.705466 1.514944 0.181880 -0.019443 
17.190593 0.169889 -0.064014 -0.363770 0.191731 -0.144516 0.708136 1.523178 0.169089 -0.016805 
17.189710 0.165929 -0.064124 -0.375078 0.191146 -0.135916 0.710436 1.521141 0.166410 -0.013827 
17.192514 0.172540 -0.067278 -0.364489 0.194156 -0.145613 0.705277 1.521546 0.167015 -0.012691 
17.202161 0.166592 -0.062723 -0.357634 0.191199 -0.138291 0.706611 1.524402 0.173246 -0.016781 
17.202591 0.165291 -0.056201 -0.358104 0.192832 -0.140243 0.705277 1.523516 0.172573 -0.014152 
17.197302 0.170241 -0.059070 -0.350977 0.190527 -0.133024 0.697666 1.527416 0.177141 -0.020917 
17.203135 0.168543 -0.060815 -0.360239 0.189435 -0.141295 0.707253 1.528793 0.173156 -0.020525 
17.212867 0.170480 -0.063980 -0.360131 0.192388 -0.136275 0.702316 1.515704 0.171819 -0.019010 
17.203796 0.161226 -0.064552 -0.354086 0.193426 -0.140267 0.707391 1.523589 0.171809 -0.017977 
17.202285 0.167355 -0.062115 -0.356313 0.189971 -0.137429 0.707334 1.524585 0.170127 -0.016662 
17.203277 0.167111 -0.062944 -0.355788 0.187370 -0.139832 0.708991 1.522147 0.177316 -0.013358 
17.201927 0.164636 -0.063096 -0.358864 0.188780 -0.138201 0.704735 1.524295 0.172708 -0.016562 
17.201771 0.160977 -0.062793 -0.363049 0.188902 -0.133135 0.706279 1.523930 0.173617 -0.015570 
17.202073 0.160556 -0.066068 -0.365645 0.190216 -0.133117 0.703415 1.525996 0.172650 -0.010262 
17.200437 0.161139 -0.063457 -0.364825 0.189097 -0.134843 0.707699 1.522089 0.172395 -0.015542 
17.198847 0.159500 -0.061955 -0.361994 0.188084 -0.129367 0.701420 1.522719 0.176158 -0.017014 
17.199169 0.157296 -0.060270 -0.363432 0.185689 -0.126929 0.697623 1.525191 0.179204 -0.020126 
17.196368 0.158075 -0.061824 -0.361066 0.187986 -0.130031 0.702545 1.524780 0.176382 -0.016580 
17.201303 0.154316 -0.063822 -0.358800 0.190155 -0.129023 0.700300 1.519875 0.175573 -0.017615 
17.201143 0.154999 -0.067066 -0.358459 0.189143 -0.128112 0.701087 1.520211 0.176054 -0.018758 
17.202227 0.154255 -0.062853 -0.356850 0.186602 -0.128203 0.700757 1.516488 0.179142 -0.013405 
17.202212 0.153895 -0.062526 -0.356356 0.184299 -0.127419 0.700404 1.516589 0.176196 -0.013189 
17.202105 0.155789 -0.060703 -0.353882 0.187172 -0.121780 0.699357 1.514417 0.175175 -0.012147 
17.201997 0.156585 -0.059303 -0.352036 0.186570 -0.122632 0.700368 1.513563 0.175452 -0.014662 
17.202009 0.157848 -0.062319 -0.351525 0.187437 -0.124373 0.693286 1.514292 0.174679 -0.009981 
17.199508 0.155312 -0.061005 -0.355203 0.187014 -0.121860 0.698678 1.512053 0.175051 -0.012743 
17.202149 0.152613 -0.060547 -0.359838 0.187300 -0.119691 0.700713 1.508877 0.173783 -0.010631 
17.201286 0.153262 -0.061317 -0.358884 0.188420 -0.121049 0.702853 1.508281 0.172388 -0.009016 
17.198186 0.147601 -0.059485 -0.358973 0.187225 -0.117259 0.701828 1.511230 0.174842 -0.008508 
17.197435 0.148941 -0.056524 -0.360340 0.187214 -0.118027 0.701663 1.511993 0.174706 -0.007484 
17.196491 0.150884 -0.063403 -0.360982 0.184637 -0.113503 0.704061 1.512180 0.175954 -0.008249 
17.195392 0.150604 -0.065559 -0.363564 0.188212 -0.111932 0.704171 1.514949 0.172326 -0.011761 
17.196471 0.150638 -0.063239 -0.360356 0.182256 -0.113188 0.703310 1.512332 0.173064 -0.007984 
17.196255 0.150970 -0.067978 -0.359931 0.180258 -0.111615 0.700603 1.509998 0.174908 -0.004035 
17.195912 0.151086 -0.068936 -0.357819 0.176339 -0.109238 0.704143 1.506202 0.176765 -0.006066 
17.197039 0.152147 -0.067986 -0.356119 0.177692 -0.106687 0.703984 1.506303 0.176366 -0.005331 
17.201780 0.151606 -0.069896 -0.355264 0.175364 -0.106878 0.706555 1.510369 0.177704 -0.003460 
17.197624 0.151777 -0.067277 -0.356596 0.176566 -0.105570 0.701684 1.507201 0.177859 -0.007123 
17.194510 0.154651 -0.068639 -0.351511 0.176097 -0.107407 0.700495 1.509914 0.179038 -0.008390 
17.195633 0.149288 -0.066707 -0.356181 0.176528 -0.104364 0.702239 1.508387 0.178387 -0.006048 
17.195225 0.149362 -0.063365 -0.360746 0.174243 -0.101058 0.702583 1.507536 0.179498 -0.002789 
17.198027 0.143326 -0.062133 -0.360263 0.174741 -0.100190 0.700974 1.504259 0.179700 -0.001995 
17.197985 0.141019 -0.065815 -0.363448 0.176098 -0.095539 0.701499 1.504749 0.177744 -0.004043 
17.197867 0.143161 -0.061827 -0.359565 0.172543 -0.100043 0.700134 1.504613 0.176714 -0.001840 
17.196031 0.140718 -0.058685 -0.356041 0.169429 -0.099010 0.697142 1.504306 0.178454 0.000722 
17.195987 0.138221 -0.052140 -0.354681 0.168421 -0.099048 0.698844 1.505483 0.177978 -0.001421 
17.194272 0.140947 -0.057609 -0.356903 0.171517 -0.099490 0.695112 1.503740 0.177380 0.000570 
17.198799 0.139653 -0.059853 -0.356778 0.169837 -0.100352 0.694411 1.508801 0.178634 0.005269 
17.195247 0.139600 -0.059257 -0.357787 0.167732 -0.100872 0.696338 1.504585 0.179434 -0.000687 
17.193899 0.140032 -0.061363 -0.354793 0.168364 -0.100078 0.698865 1.500519 0.177711 0.005933 
17.196772 0.141940 -0.057263 -0.358550 0.168290 -0.097910 0.697052 1.503311 0.178765 0.001861 
17.198912 0.143098 -0.060942 -0.352469 0.168499 -0.098010 0.692746 1.501974 0.179499 -0.000499 
17.194885 0.139600 -0.060164 -0.356355 0.169352 -0.095918 0.696755 1.505129 0.178499 0.000591 
17.195541 0.141571 -0.058751 -0.355838 0.168481 -0.099083 0.697054 1.504946 0.177238 0.000663 
17.194474 0.142771 -0.058712 -0.355429 0.169879 -0.099096 0.697580 1.505464 0.180960 0.001190 
17.196618 0.139714 -0.057722 -0.354983 0.169371 -0.098705 0.697539 1.504494 0.178100 0.000695 
17.197697 0.139536 -0.058227 -0.354882 0.170192 -0.098631 0.698500 1.504633 0.177351 0.000284 
17.196169 0.139417 -0.057760 -0.355157 0.169393 -0.098902 0.698086 1.504422 0.177937 0.001207 
17.196391 0.139138 -0.058329 -0.354065 0.168987 -0.098897 0.697619 1.503289 0.177823 0.001908 
17.195832 0.139575 -0.057630 -0.355044 0.169311 -0.098732 0.698467 1.503883 0.177966 0.000647 
17.195821 0.139865 -0.057190 -0.354273 0.169712 -0.098777 0.698645 1.505325 0.178984 0.001422 
17.195675 0.138769 -0.056871 -0.354343 0.168983 -0.099436 0.698762 1.506016 0.179623 0.000633 
17.196268 0.140033 -0.057140 -0.354548 0.169138 -0.098501 0.698998 1.505257 0.179233 0.001645 
17.196351 0.140004 -0.055429 -0.355110 0.169314 -0.097864 0.698927 1.505279 0.179267 0.001991 
17.196438 0.140456 -0.056812 -0.354436 0.168972 -0.099228 0.699070 1.505191 0.178987 0.001664 
17.195740 0.140411 -0.057635 -0.354070 0.168197 -0.098030 0.699083 1.506158 0.178250 0.001475 
17.196023 0.140670 -0.058560 -0.354979 0.169211 -0.099071 0.699124 1.505288 0.180111 0.001477 
17.196818 0.139812 -0.057364 -0.354301 0.169469 -0.098501 0.699522 1.505371 0.179008 0.001437 
17.196045 0.139883 -0.057162 -0.354629 0.169146 -0.098599 0.699268 1.505215 0.179151 0.001904 
17.196127 0.139618 -0.057342 -0.353946 0.168863 -0.098641 0.699098 1.504812 0.179313 0.002185 
17.196214 0.139805 -0.057228 -0.354686 0.169188 -0.098684 0.699077 1.505483 0.179135 0.002185 
17.196311 0.139544 -0.056466 -0.354831 0.169341 -0.098224 0.699058 1.505439 0.179138 0.002378 
17.196304 0.139629 -0.056516 -0.355329 0.169634 -0.098004 0.699162 1.505376 0.179858 0.002548 
17.196368 0.139769 -0.056577 -0.354873 0.169490 -0.098079 0.698994 1.505220 0.178921 0.002547 
17.196538 0.139284 -0.056687 -0.355456 0.169263 -0.098143 0.698755 1.504875 0.178662 0.002350 
17.196084 0.140000 -0.056565 -0.354798 0.169185 -0.097462 0.699126 1.505734 0.178708 0.002664 
17.196059 0.140607 -0.056042 -0.354758 0.168932 -0.097510 0.699352 1.506049 0.178524 0.002907 
17.195735 0.140048 -0.056484 -0.354829 0.169200 -0.097536 0.698812 1.505704 0.178736 0.002692 
17.195931 0.139878 -0.056586 -0.354487 0.169771 -0.097091 0.699326 1.506186 0.178425 0.002547 
17.195933 0.139709 -0.056656 -0.353817 0.169524 -0.096615 0.699350 1.506116 0.178577 0.002941 
17.195937 0.139437 -0.056755 -0.353359 0.169178 -0.095956 0.699394 1.506149 0.178504 0.003252 
17.195966 0.139589 -0.056571 -0.352701 0.168937 -0.095568 0.699594 1.506278 0.178550 0.003694 
17.195690 0.139274 -0.056772 -0.353422 0.169216 -0.096098 0.699622 1.506088 0.178408 0.003497 
17.195300 0.138799 -0.056950 -0.353191 0.169603 -0.095922 0.699093 1.505948 0.178424 0.003391 
17.195853 0.139210 -0.056859 -0.353512 0.169276 -0.096177 0.699442 1.506347 0.178446 0.003782 
17.195753 0.139259 -0.057175 -0.353883 0.169410 -0.095753 0.699690 1.506292 0.179106 0.003856 
17.195795 0.139510 -0.057385 -0.353904 0.169532 -0.095676 0.699631 1.506086 0.178897 0.003993 
17.195624 0.139264 -0.057924 -0.353638 0.169077 -0.096027 0.699800 1.506542 0.179134 0.003622 
17.195988 0.139125 -0.057236 -0.353771 0.169692 -0.095732 0.699924 1.506342 0.179041 0.003766 
17.196209 0.138832 -0.056998 -0.354063 0.169193 -0.095766 0.699593 1.505668 0.179243 0.004045 
17.196320 0.138768 -0.057042 -0.354255 0.169069 -0.095498 0.699499 1.505788 0.179057 0.003849 
17.196040 0.138619 -0.056449 -0.354657 0.169339 -0.095276 0.699703 1.505804 0.178845 0.004212 
17.196456 0.138946 -0.056858 -0.354375 0.169256 -0.095569 0.699302 1.505766 0.179209 0.003656 
17.196422 0.138893 -0.056993 -0.354290 0.168966 -0.095525 0.699627 1.505828 0.179058 0.003881 
17.196393 0.138814 -0.056909 -0.353954 0.169026 -0.095194 0.699414 1.505818 0.179148 0.003959 
17.196473 0.138782 -0.056957 -0.353997 0.169054 -0.095236 0.699324 1.505950 0.179166 0.004099 
17.196483 0.138630 -0.056987 -0.353746 0.168819 -0.094987 0.699328 1.505961 0.179300 0.004227 
17.196525 0.138665 -0.057135 -0.353540 0.168701 -0.094694 0.699286 1.505821 0.179276 0.004449 
17.196576 0.138529 -0.056999 -0.353214 0.168484 -0.094689 0.699183 1.505852 0.179102 0.004512 
17.196797 0.138325 -0.057057 -0.352996 0.168633 -0.094534 0.699403 1.505902 0.179124 0.004497 
17.196556 0.138623 -0.057136 -0.353113 0.168468 -0.094726 0.699161 1.505948 0.179118 0.004415 
17.196452 0.138405 -0.056709 -0.353375 0.168418 -0.094532 0.699186 1.505758 0.179101 0.004757 
17.196719 0.138344 -0.056637 -0.353431 0.168327 -0.094582 0.698994 1.505492 0.179286 0.004704 
17.196513 0.138368 -0.056740 -0.353484 0.168361 -0.094414 0.699131 1.505832 0.179008 0.004673 
17.196599 0.138184 -0.056950 -0.353605 0.168299 -0.094609 0.699093 1.505942 0.178987 0.004960 
17.196406 0.138243 -0.056792 -0.353458 0.168464 -0.094395 0.699010 1.505787 0.179004 0.004633 
17.196395 0.138239 -0.056855 -0.353537 0.168160 -0.094476 0.699365 1.505576 0.178889 0.004555 
17.196540 0.138468 -0.056834 -0.353454 0.168388 -0.094320 0.699099 1.505723 0.178926 0.004773 
17.196641 0.138469 -0.056645 -0.353542 0.168587 -0.094515 0.699093 1.505650 0.178608 0.004759 
17.196657 0.138357 -0.056848 -0.353380 0.168478 -0.094243 0.699216 1.505726 0.178940 0.004775 
17.196559 0.138268 -0.056716 -0.353591 0.168498 -0.093969 0.699322 1.505658 0.179080 0.004994 
17.196554 0.138118 -0.056642 -0.353408 0.168297 -0.093660 0.699341 1.505676 0.179121 0.005191 
17.196551 0.137971 -0.056583 -0.353235 0.168106 -0.093338 0.699369 1.505693 0.179177 0.005387 
17.196547 0.137825 -0.056525 -0.353070 0.167918 -0.093011 0.699401 1.505708 0.179240 0.005586 
17.196537 0.137681 -0.056467 -0.352930 0.167742 -0.092673 0.699444 1.505719 0.179315 0.005790 
17.196517 0.137540 -0.056407 -0.352836 0.167589 -0.092321 0.699502 1.505719 0.179413 0.006004 
17.196577 0.137437 -0.056394 -0.352471 0.167347 -0.092213 0.699428 1.505787 0.179326 0.006059 
17.196576 0.137261 -0.056156 -0.352414 0.167258 -0.091957 0.699463 1.505743 0.179236 0.006310 
17.196689 0.137058 -0.056126 -0.352265 0.167236 -0.091626 0.699615 1.505744 0.179293 0.006470 
17.196676 0.137069 -0.056158 -0.352169 0.167114 -0.091272 0.699595 1.505637 0.179267 0.006743 
17.196805 0.137133 -0.055995 -0.352208 0.166904 -0.090931 0.699629 1.505803 0.179278 0.006779 
17.196736 0.137018 -0.056035 -0.352266 0.166605 -0.090829 0.699879 1.505617 0.179174 0.006695 
17.196587 0.137081 -0.055893 -0.352081 0.166488 -0.090675 0.700133 1.505674 0.179256 0.006910 
17.196757 0.137046 -0.055717 -0.352007 0.166300 -0.090595 0.700111 1.505440 0.179507 0.007017 
17.196869 0.136889 -0.055800 -0.352090 0.166069 -0.090585 0.700171 1.505562 0.179534 0.007356 
17.196814 0.136675 -0.055737 -0.352041 0.165864 -0.090268 0.700171 1.505577 0.179609 0.007543 
17.196838 0.136499 -0.055661 -0.351971 0.165661 -0.089950 0.700220 1.505568 0.179623 0.007769 
17.196982 0.136386 -0.055602 -0.351904 0.165468 -0.089704 0.700334 1.505552 0.179559 0.008056 
17.197013 0.136260 -0.055679 -0.351720 0.165204 -0.089415 0.700351 1.505599 0.179653 0.008186 
17.197020 0.136117 -0.055697 -0.351671 0.164999 -0.089071 0.700416 1.505607 0.179770 0.008379 
17.197071 0.135979 -0.055680 -0.351632 0.164802 -0.088744 0.700506 1.505600 0.179829 0.008618 
17.197049 0.135787 -0.055595 -0.351525 0.164596 -0.088414 0.700515 1.505594 0.179856 0.008791 
17.197061 0.135672 -0.055596 -0.351467 0.164338 -0.088105 0.700557 1.505604 0.179929 0.009021 
17.197121 0.135527 -0.055556 -0.351424 0.164145 -0.087784 0.700646 1.505591 0.179961 0.009268 
17.197119 0.135485 -0.055632 -0.351389 0.163839 -0.087522 0.700670 1.505624 0.180080 0.009495 
17.197169 0.135256 -0.055627 -0.351285 0.163615 -0.087274 0.700779 1.505733 0.180244 0.009596 
17.197269 0.135156 -0.055587 -0.351082 0.163305 -0.087107 0.700783 1.505774 0.180160 0.009804 
17.197165 0.134939 -0.055768 -0.350899 0.163262 -0.086989 0.700813 1.505604 0.180250 0.010050 
17.197259 0.134982 -0.055723 -0.350771 0.163409 -0.086825 0.700602 1.505803 0.180406 0.010280 
17.197393 0.134942 -0.055697 -0.350809 0.163368 -0.086847 0.700495 1.505675 0.180488 0.010246 
17.197475 0.134753 -0.055910 -0.350903 0.163247 -0.086538 0.700387 1.505729 0.180359 0.010239 
17.197523 0.134787 -0.055907 -0.350763 0.163065 -0.086148 0.700474 1.505607 0.180447 0.010237 
17.197475 0.134577 -0.055812 -0.350859 0.162790 -0.085936 0.700460 1.505606 0.180515 0.010456 
17.197466 0.134372 -0.055745 -0.350956 0.162513 -0.085725 0.700476 1.505610 0.180587 0.010693 
17.197523 0.134217 -0.055723 -0.351006 0.162238 -0.085460 0.700550 1.505589 0.180674 0.010913 
17.197421 0.134037 -0.055680 -0.350999 0.161903 -0.085240 0.700467 1.505607 0.180784 0.011033 
17.197451 0.133993 -0.055664 -0.350913 0.161655 -0.084867 0.700532 1.505519 0.180883 0.011105 
17.197466 0.133699 -0.055454 -0.350889 0.161557 -0.084589 0.700569 1.505457 0.180844 0.011222 
17.197391 0.133783 -0.055414 -0.350990 0.161376 -0.084377 0.700455 1.505276 0.180724 0.011497 
17.197242 0.133694 -0.055435 -0.351247 0.161400 -0.084117 0.700503 1.505211 0.180980 0.011543 
17.197367 0.133820 -0.055195 -0.351440 0.161204 -0.083973 0.700497 1.505415 0.180945 0.011447 
17.197320 0.133649 -0.055429 -0.351315 0.161323 -0.084185 0.700482 1.505049 0.180998 0.011447 
17.196998 0.133658 -0.055501 -0.351293 0.161245 -0.084128 0.700819 1.505200 0.180777 0.011467 
17.196949 0.133722 -0.055355 -0.351244 0.161226 -0.084210 0.700893 1.505153 0.180881 0.011527 
17.196993 0.133495 -0.055591 -0.351148 0.161027 -0.083902 0.700864 1.505204 0.180843 0.011745 
17.196906 0.133347 -0.055643 -0.350952 0.160818 -0.083624 0.700847 1.505180 0.180897 0.011952 
17.196912 0.133181 -0.055699 -0.350806 0.160510 -0.083410 0.700894 1.505135 0.180912 0.012156 
17.196771 0.133051 -0.055722 -0.350587 0.160324 -0.083111 0.700834 1.505095 0.180958 0.012304 
17.196836 0.132960 -0.055804 -0.350452 0.160261 -0.082815 0.700968 1.505049 0.180995 0.012601 
17.196728 0.132704 -0.055845 -0.350428 0.160095 -0.082738 0.700903 1.505141 0.181041 0.012934 
17.196663 0.132850 -0.056125 -0.350355 0.159851 -0.082658 0.700876 1.505197 0.181223 0.013096 
17.196721 0.132578 -0.056162 -0.350168 0.159807 -0.082592 0.701025 1.505386 0.181447 0.012995 
17.196675 0.132505 -0.056275 -0.350096 0.159857 -0.082692 0.701045 1.505239 0.181443 0.012998 
17.196840 0.132656 -0.056134 -0.349833 0.159796 -0.082698 0.700935 1.505561 0.181244 0.013111 
17.196795 0.132514 -0.056300 -0.350218 0.159832 -0.082516 0.700925 1.505420 0.181363 0.012934 
17.196968 0.132547 -0.056041 -0.350149 0.159791 -0.082581 0.700765 1.505226 0.181698 0.013069 
17.197052 0.132512 -0.056023 -0.350172 0.159604 -0.082620 0.700823 1.505163 0.181626 0.013028 
17.196997 0.132402 -0.055881 -0.350278 0.159359 -0.082312 0.700851 1.505099 0.181686 0.013195 
17.197082 0.132300 -0.055806 -0.350499 0.159180 -0.082129 0.700979 1.505107 0.181777 0.013470 
17.196936 0.132161 -0.055653 -0.350652 0.158865 -0.081972 0.700881 1.505126 0.181878 0.013555 
17.196996 0.132226 -0.055556 -0.350672 0.158695 -0.081587 0.701014 1.504988 0.181959 0.013581 
17.197064 0.132160 -0.055429 -0.350446 0.158559 -0.081434 0.700967 1.505046 0.181790 0.013873 
17.197111 0.131910 -0.055100 -0.350532 0.158685 -0.081326 0.701026 1.504965 0.181650 0.013847 
17.197082 0.132011 -0.055473 -0.350338 0.158548 -0.081424 0.701044 1.505105 0.181898 0.013824 
17.196954 0.131862 -0.055650 -0.350266 0.158453 -0.081367 0.701074 1.504793 0.181922 0.014052 
17.196899 0.131879 -0.055623 -0.350230 0.158685 -0.081182 0.700874 1.504839 0.182185 0.014238 
17.197025 0.131808 -0.055727 -0.350277 0.158673 -0.081116 0.700746 1.504833 0.182137 0.014188 
17.196800 0.131760 -0.055913 -0.350328 0.158681 -0.080862 0.700870 1.505030 0.181980 0.014254 
17.196910 0.131743 -0.055939 -0.350451 0.158686 -0.080905 0.700963 1.505079 0.182019 0.014384 
17.196914 0.131702 -0.056001 -0.350324 0.158371 -0.080673 0.701004 1.505107 0.182115 0.014613 
17.197008 0.131731 -0.056125 -0.350098 0.158210 -0.080414 0.701137 1.505078 0.182146 0.014837 
17.196940 0.131599 -0.056204 -0.349972 0.157913 -0.080308 0.701095 1.505169 0.182199 0.015122 
17.196876 0.131571 -0.056293 -0.350026 0.157618 -0.080044 0.701183 1.505113 0.182421 0.015199 
17.196886 0.131490 -0.056464 -0.350042 0.157388 -0.079859 0.701321 1.505116 0.182589 0.015459 
17.196703 0.131428 -0.056637 -0.349934 0.157166 -0.079554 0.701378 1.505130 0.182645 0.015565 
17.196707 0.131277 -0.056684 -0.349771 0.156990 -0.079620 0.701293 1.505277 0.182595 0.015911 
17.196774 0.131031 -0.056404 -0.349825 0.156924 -0.079385 0.701384 1.505197 0.182544 0.016036 
17.196793 0.131164 -0.056264 -0.349986 0.156738 -0.079187 0.701331 1.505072 0.182435 0.016301 
17.196934 0.131120 -0.056054 -0.350024 0.156509 -0.078918 0.701404 1.505208 0.182500 0.016436 
17.197170 0.130919 -0.056090 -0.350064 0.156339 -0.078703 0.701228 1.505035 0.182499 0.016495 
17.197219 0.130861 -0.056095 -0.350090 0.156021 -0.078796 0.701467 1.504960 0.182269 0.016415 
17.197275 0.130939 -0.056048 -0.349911 0.156022 -0.078800 0.701509 1.504851 0.182313 0.016434 
17.197200 0.130778 -0.055837 -0.349988 0.155807 -0.078659 0.701582 1.504713 0.182423 0.016667 
17.197288 0.130668 -0.055769 -0.350024 0.155776 -0.078379 0.701767 1.504664 0.182315 0.016957 
17.197195 0.130570 -0.055499 -0.349935 0.155601 -0.078128 0.701667 1.504653 0.182139 0.017029 
17.197442 0.130492 -0.055183 -0.350065 0.155546 -0.078206 0.701656 1.504624 0.182099 0.017236 
17.197207 0.130593 -0.055418 -0.350026 0.155674 -0.078048 0.701728 1.504564 0.182153 0.016886 
17.197108 0.130623 -0.055638 -0.349912 0.155291 -0.077871 0.701706 1.504655 0.182244 0.017210 
17.197069 0.130311 -0.055699 -0.349731 0.155143 -0.077705 0.701844 1.504758 0.182394 0.017250 
17.196862 0.130147 -0.055860 -0.349665 0.154999 -0.077572 0.701855 1.504547 0.182357 0.017482 
17.196562 0.130228 -0.055775 -0.349604 0.154926 -0.077527 0.702111 1.504696 0.182381 0.017670 
17.196489 0.130231 -0.055750 -0.349570 0.155138 -0.077317 0.701901 1.504758 0.182623 0.017859 
17.196548 0.130316 -0.055710 -0.349387 0.155148 -0.077326 0.701941 1.504654 0.182662 0.017869 
17.196481 0.130192 -0.055939 -0.349457 0.154952 -0.077003 0.701937 1.504890 0.182516 0.018016 
17.196294 0.130126 -0.056001 -0.349366 0.154583 -0.076875 0.701827 1.504937 0.182650 0.018067 
17.196288 0.130084 -0.056293 -0.349404 0.154402 -0.076808 0.701975 1.504956 0.182880 0.018260 
17.196442 0.129957 -0.056067 -0.349487 0.154188 -0.076725 0.701996 1.504937 0.182886 0.018555 
17.196427 0.129863 -0.055947 -0.349600 0.153987 -0.076379 0.702129 1.504818 0.182963 0.018620 
17.196426 0.129664 -0.055860 -0.349602 0.153720 -0.076166 0.702185 1.504813 0.182994 0.018886 
17.196412 0.129498 -0.055861 -0.349633 0.153450 -0.075928 0.702290 1.504791 0.183093 0.019128 
17.196272 0.129372 -0.055759 -0.349577 0.153098 -0.075707 0.702210 1.504794 0.183147 0.019211 
17.196271 0.129516 -0.055695 -0.349718 0.152852 -0.075550 0.702146 1.504708 0.183070 0.019514 
17.196454 0.129506 -0.055523 -0.349734 0.152620 -0.075373 0.702216 1.504961 0.183194 0.019591 
17.196740 0.129315 -0.055621 -0.349767 0.152489 -0.075246 0.701989 1.504807 0.183211 0.019573 
17.196711 0.129244 -0.055660 -0.349928 0.152422 -0.075297 0.702014 1.504876 0.183111 0.019513 
17.196858 0.129364 -0.055597 -0.349558 0.152232 -0.075339 0.702222 1.504631 0.183088 0.019522 
17.196737 0.129293 -0.055529 -0.349842 0.152452 -0.075384 0.701979 1.504735 0.183350 0.019583 
17.196613 0.129231 -0.055613 -0.349929 0.152714 -0.075069 0.701765 1.504955 0.183352 0.019695 
17.196743 0.129314 -0.055501 -0.349836 0.152543 -0.075129 0.702058 1.504708 0.183186 0.019480 
17.196757 0.129249 -0.055691 -0.349462 0.152278 -0.075099 0.702035 1.504803 0.183172 0.019830 
17.196765 0.129200 -0.055496 -0.349715 0.152538 -0.075301 0.701975 1.504818 0.183096 0.019665 
17.196737 0.129341 -0.055789 -0.349503 0.152239 -0.075055 0.702046 1.504794 0.183263 0.019758 
17.196638 0.129332 -0.055539 -0.349701 0.152400 -0.075238 0.701852 1.504824 0.183185 0.019471 
17.196888 0.129625 -0.055462 -0.349795 0.152524 -0.075346 0.701691 1.504918 0.183083 0.019413 
17.196717 0.129267 -0.055607 -0.349605 0.152481 -0.075264 0.701887 1.504900 0.183259 0.019346 
17.196502 0.129132 -0.055208 -0.349830 0.152440 -0.075335 0.701808 1.504903 0.183161 0.019287 
17.196562 0.129319 -0.055628 -0.349700 0.152510 -0.075316 0.701792 1.504687 0.183124 0.019431 
17.196702 0.129276 -0.055546 -0.349719 0.152365 -0.075211 0.701792 1.504785 0.183184 0.019461 
17.196558 0.129439 -0.055493 -0.349664 0.152408 -0.075248 0.701987 1.504955 0.183213 0.019511 
17.196583 0.129451 -0.055475 -0.349629 0.152351 -0.075293 0.702038 1.504914 0.183171 0.019474 
17.196457 0.129490 -0.055545 -0.349615 0.152483 -0.075389 0.702038 1.504831 0.183118 0.019446 
17.196614 0.129497 -0.055558 -0.349593 0.152337 -0.075266 0.702047 1.504893 0.183177 0.019521 
17.196520 0.129357 -0.055309 -0.349699 0.152375 -0.075345 0.702020 1.504957 0.183160 0.019381 
17.196521 0.129377 -0.055496 -0.349604 0.152319 -0.075265 0.702076 1.504891 0.183196 0.019489 
17.196525 0.129392 -0.055576 -0.349472 0.152193 -0.075165 0.702092 1.504890 0.183223 0.019582 
17.196469 0.129393 -0.055524 -0.349598 0.152373 -0.075304 0.702076 1.504856 0.183174 0.019478 
17.196517 0.129371 -0.055513 -0.349614 0.152316 -0.075250 0.702080 1.504910 0.183160 0.019479 
17.196520 0.129363 -0.055553 -0.349676 0.152289 -0.075301 0.702097 1.504924 0.183188 0.019481 
17.196505 0.129391 -0.055517 -0.349624 0.152306 -0.075230 0.702079 1.504901 0.183175 0.019447 
17.196554 0.129333 -0.055500 -0.349619 0.152357 -0.075266 0.702119 1.504907 0.183135 0.019534 
17.196500 0.129382 -0.055496 -0.349635 0.152300 -0.075246 0.702073 1.504896 0.183145 0.019502 
17.196497 0.129336 -0.055489 -0.349586 0.152301 -0.075303 0.702036 1.504953 0.183145 0.019489 
17.196501 0.129393 -0.055503 -0.349606 0.152317 -0.075252 0.702108 1.504937 0.183166 0.019487 
17.196516 0.129421 -0.055563 -0.349565 0.152294 -0.075252 0.702092 1.504935 0.183160 0.019540 
17.196527 0.129369 -0.055516 -0.349603 0.152339 -0.075242 0.702117 1.504934 0.183146 0.019486 
17.196499 0.129373 -0.055444 -0.349635 0.152342 -0.075287 0.702147 1.504940 0.183169 0.019531 
