Start Optimization 
Loss: 2.340899  SIA Ef: 0.135317 Binding: 0.44 0.48 -0.88 -0.28 0.10 0.47 0.23 0.48 0.26 -0.13 0.00  Rvol: 0.51 1.09 1.51 -0.33 -0.19 0.17 0.56 0.14 0.73 1.27 1.74 -0.28 -0.09 0.21 0.55 
Loss: 2.310214  SIA Ef: 0.195333 Binding: 0.44 0.49 -0.87 -0.27 0.12 0.45 0.20 0.44 0.25 -0.17 -0.05  Rvol: 0.51 1.09 1.51 -0.33 -0.19 0.17 0.57 0.14 0.74 1.28 1.75 -0.28 -0.09 0.22 0.56 
Loss: 43.576978  SIA Ef: 4.930769 Binding: 0.05 0.51 3.57 1.51 0.27 0.47 0.60 0.58 -0.23 -0.35 -0.26  Rvol: 0.70 1.41 2.15 -0.33 0.11 0.57 1.01 0.14 0.96 1.68 2.33 -0.28 0.20 0.66 1.14 
Loss: 65.743902  SIA Ef: 0.502713 Binding: 1.58 1.46 -5.61 2.46 2.27 0.87 -0.13 -0.19 3.95 -0.35 -0.16  Rvol: 0.55 1.23 1.72 -0.33 -0.01 0.57 0.96 0.14 0.78 1.36 1.83 -0.28 0.22 0.54 1.11 
Loss: 227.391572  SIA Ef: 12.483408 Binding: 0.76 0.58 7.14 1.31 -1.24 0.88 1.98 1.56 -0.46 -0.68 -0.86  Rvol: 1.27 2.06 3.43 -0.33 -0.15 0.09 0.59 0.14 1.41 2.53 3.60 -0.28 -0.02 0.25 0.76 
Loss: 11.359332  SIA Ef: 0.195333 Binding: 0.44 0.49 -0.87 -0.27 0.12 -0.44 -1.44 -1.80 -0.18 -1.97 -0.37  Rvol: 0.51 1.09 1.51 -0.33 -0.19 0.17 0.57 0.14 0.74 1.34 1.79 -0.28 0.05 0.30 0.88 
Loss: 2.132264  SIA Ef: 0.195333 Binding: 0.44 0.49 -0.87 -0.27 0.12 0.50 0.15 0.04 0.18 -0.11 -0.17  Rvol: 0.51 1.09 1.51 -0.33 -0.19 0.17 0.57 0.14 0.73 1.25 1.67 -0.28 -0.10 0.19 0.54 
Loss: 2.126665  SIA Ef: 0.195333 Binding: 0.44 0.49 -0.87 -0.27 0.12 0.46 0.13 0.11 0.17 -0.17 -0.20  Rvol: 0.51 1.09 1.51 -0.33 -0.19 0.17 0.57 0.14 0.73 1.26 1.70 -0.28 -0.10 0.20 0.53 
Loss: 4.592558  SIA Ef: 0.195333 Binding: 0.82 1.40 -0.87 -0.30 0.23 0.46 0.07 -0.23 0.17 -0.21 -0.24  Rvol: 0.51 1.09 1.52 -0.33 -0.19 0.20 0.68 0.14 0.73 1.27 1.72 -0.28 -0.10 0.21 0.63 
Loss: 9.077027  SIA Ef: 0.195333 Binding: -1.04 -1.79 -0.87 -0.73 -1.44 0.46 0.59 0.72 0.17 -0.21 -0.09  Rvol: 0.51 1.04 1.31 -0.33 -0.19 0.11 0.39 0.14 0.73 1.27 1.74 -0.28 -0.10 0.17 0.43 
Loss: 1.818816  SIA Ef: 0.195333 Binding: 0.12 -0.08 -0.87 -0.16 0.20 0.46 0.27 0.44 0.17 -0.17 -0.24  Rvol: 0.51 1.05 1.41 -0.33 -0.19 0.17 0.52 0.14 0.73 1.23 1.60 -0.28 -0.10 0.19 0.52 
Loss: 254.332495  SIA Ef: -14.982628 Binding: -0.51 -0.32 -4.37 0.99 0.12 0.15 0.12 0.11 2.09 -0.58 0.34  Rvol: -0.10 -0.22 -0.36 -0.33 -0.34 -0.62 -0.64 0.14 0.03 -0.18 -0.29 -0.28 -0.32 -0.62 -0.38 
Loss: 74.987657  SIA Ef: -0.362906 Binding: 0.77 0.47 -6.16 4.06 0.02 0.66 0.01 0.02 3.94 -1.78 0.24  Rvol: 0.43 1.05 1.35 -0.33 -0.16 0.32 0.59 0.14 0.74 1.19 1.49 -0.28 0.02 0.24 0.72 
Loss: 1.804949  SIA Ef: 0.211260 Binding: 0.12 -0.07 -0.87 -0.15 0.20 0.46 0.26 0.43 0.17 -0.18 -0.25  Rvol: 0.51 1.05 1.41 -0.33 -0.19 0.17 0.52 0.14 0.73 1.24 1.60 -0.28 -0.10 0.20 0.52 
Loss: 8.498120  SIA Ef: 2.072579 Binding: -0.39 0.26 1.20 0.35 0.33 0.45 0.75 0.75 -0.06 -0.20 -0.35  Rvol: 0.57 1.06 1.58 -0.33 -0.05 0.34 0.69 0.14 0.79 1.38 1.76 -0.28 0.04 0.39 0.70 
Loss: 4.206480  SIA Ef: 0.346795 Binding: 0.11 -0.07 -0.79 -0.18 0.16 0.71 0.77 1.19 0.39 0.33 0.49  Rvol: 0.52 1.06 1.43 -0.33 -0.19 0.17 0.53 0.14 0.74 1.24 1.61 -0.28 -0.10 0.20 0.53 
Loss: 62.593198  SIA Ef: 5.876918 Binding: -0.42 -0.63 4.50 0.24 -1.71 0.17 0.39 0.33 -0.31 -0.46 -0.74  Rvol: 0.90 1.69 2.48 -0.33 -0.20 0.06 0.59 0.14 1.03 1.91 2.61 -0.28 -0.08 0.19 0.76 
Loss: 1.863634  SIA Ef: 0.208786 Binding: 0.12 -0.07 -0.87 -0.15 0.20 0.48 0.29 0.47 0.17 -0.15 -0.23  Rvol: 0.51 1.05 1.41 -0.33 -0.19 0.17 0.52 0.14 0.73 1.23 1.59 -0.28 -0.10 0.19 0.52 
Loss: 36.811323  SIA Ef: -5.692549 Binding: -0.66 -0.01 -1.28 -0.02 0.44 0.51 0.86 0.67 0.47 -0.20 -0.11  Rvol: 0.24 0.40 0.68 -0.33 -0.22 -0.11 0.02 0.14 0.55 0.85 0.94 -0.28 -0.20 -0.09 0.05 
Loss: 1.790327  SIA Ef: 0.211257 Binding: 0.12 -0.07 -0.87 -0.15 0.20 0.45 0.25 0.41 0.17 -0.19 -0.25  Rvol: 0.51 1.05 1.41 -0.33 -0.19 0.17 0.52 0.14 0.73 1.24 1.61 -0.28 -0.10 0.20 0.52 
Loss: 33.346346  SIA Ef: -1.998663 Binding: 0.68 0.39 -4.23 1.87 0.07 0.60 -0.07 -0.07 1.89 -1.75 0.27  Rvol: 0.37 0.96 1.18 -0.33 -0.08 0.24 0.46 0.14 0.68 1.08 1.30 -0.28 -0.01 0.18 0.61 
Loss: 2.022025  SIA Ef: 0.148575 Binding: 0.07 -0.33 -0.86 -0.05 0.33 0.45 0.26 0.63 0.17 -0.19 -0.22  Rvol: 0.51 1.04 1.33 -0.33 -0.19 0.14 0.47 0.14 0.73 1.23 1.57 -0.28 -0.10 0.19 0.50 
Loss: 44.798579  SIA Ef: -6.055890 Binding: -0.64 0.05 -1.85 0.88 -0.07 0.52 0.86 0.63 0.85 -0.91 -0.08  Rvol: 0.22 0.35 0.63 -0.33 -0.22 -0.07 -0.00 0.14 0.54 0.82 0.90 -0.28 -0.19 -0.12 0.04 
Loss: 2.379790  SIA Ef: 0.384552 Binding: 0.38 0.51 -0.71 -0.01 0.63 0.44 0.24 0.34 0.12 -0.19 -0.35  Rvol: 0.52 1.06 1.44 -0.33 -0.19 0.18 0.53 0.14 0.74 1.25 1.63 -0.28 -0.09 0.21 0.55 
Loss: 61.038802  SIA Ef: 6.203667 Binding: -0.49 -0.55 3.82 -0.04 -1.79 0.11 0.25 0.22 -0.34 -0.50 -0.81  Rvol: 0.90 1.69 2.46 -0.33 -0.20 0.09 0.68 0.14 1.02 1.86 2.61 -0.28 -0.09 0.22 0.86 
Loss: 1.775757  SIA Ef: 0.218936 Binding: 0.09 -0.10 -0.86 -0.13 0.24 0.45 0.25 0.41 0.17 -0.19 -0.27  Rvol: 0.51 1.04 1.39 -0.33 -0.19 0.17 0.50 0.14 0.73 1.23 1.59 -0.28 -0.10 0.20 0.52 
Loss: 61.187045  SIA Ef: 6.210373 Binding: -0.48 -0.62 3.83 -0.06 -1.76 0.11 0.21 0.23 -0.34 -0.50 -0.79  Rvol: 0.90 1.69 2.48 -0.33 -0.20 0.09 0.72 0.14 1.02 1.85 2.61 -0.28 -0.09 0.22 0.90 
Loss: 1.427168  SIA Ef: -0.180075 Binding: -0.08 -0.41 -0.46 -0.38 -0.18 0.43 0.25 0.43 0.07 -0.19 -0.29  Rvol: 0.50 1.03 1.36 -0.33 -0.19 0.13 0.48 0.14 0.72 1.21 1.56 -0.28 -0.10 0.18 0.48 
Loss: 43.686766  SIA Ef: -6.250004 Binding: -0.73 -0.17 -1.35 -0.07 0.35 0.50 0.81 0.58 0.52 -0.22 -0.15  Rvol: 0.22 0.35 0.61 -0.33 -0.22 -0.13 -0.02 0.14 0.53 0.82 0.88 -0.28 -0.21 -0.12 0.01 
Loss: 2.903524  SIA Ef: -0.594512 Binding: 0.00 -0.39 -1.16 -0.32 -0.07 0.33 -0.05 -0.03 0.16 -0.46 -0.62  Rvol: 0.47 1.00 1.33 -0.33 -0.20 0.12 0.44 0.14 0.71 1.19 1.54 -0.28 -0.12 0.15 0.47 
Loss: 29.228914  SIA Ef: -2.052655 Binding: 0.44 0.02 -3.83 1.74 -0.42 0.65 0.09 0.15 1.74 -1.76 0.34  Rvol: 0.35 0.95 1.18 -0.33 -0.09 0.23 0.43 0.14 0.67 1.07 1.31 -0.28 -0.04 0.14 0.56 
Loss: 17.461810  SIA Ef: 2.937062 Binding: -0.47 -0.57 1.86 -0.54 -1.68 0.22 0.30 0.43 -0.22 -0.34 -0.38  Rvol: 0.69 1.27 1.83 -0.33 -0.21 0.13 0.68 0.14 0.80 1.45 2.00 -0.28 -0.10 0.23 0.69 
Loss: 2.909235  SIA Ef: -0.700937 Binding: 0.04 -0.30 -1.21 -0.36 -0.08 0.48 0.23 0.34 0.27 -0.16 -0.21  Rvol: 0.48 0.99 1.34 -0.33 -0.22 0.11 0.42 0.14 0.70 1.17 1.52 -0.28 -0.13 0.14 0.45 
Loss: 14.999972  SIA Ef: -0.264476 Binding: 0.24 -0.09 -2.62 1.76 -0.55 0.56 0.20 0.29 1.33 -1.44 -0.08  Rvol: 0.44 1.02 1.33 -0.33 -0.15 0.27 0.50 0.14 0.71 1.19 1.53 -0.28 -0.03 0.18 0.55 
Loss: 3.691808  SIA Ef: -1.532901 Binding: -0.13 -0.51 -0.47 -0.34 -0.11 0.44 0.27 0.48 0.09 -0.20 -0.27  Rvol: 0.44 0.92 1.18 -0.33 -0.20 0.07 0.36 0.14 0.68 1.12 1.41 -0.28 -0.11 0.12 0.36 
Loss: 1.349041  SIA Ef: -0.111237 Binding: -0.09 -0.40 -0.41 -0.39 -0.20 0.37 0.15 0.27 0.01 -0.30 -0.46  Rvol: 0.50 1.03 1.37 -0.33 -0.19 0.13 0.48 0.14 0.72 1.22 1.57 -0.28 -0.10 0.18 0.49 
Loss: 5.327781  SIA Ef: 1.175337 Binding: -0.33 -0.46 1.07 -0.53 -1.03 0.28 0.22 0.27 -0.19 -0.35 -0.51  Rvol: 0.59 1.13 1.57 -0.33 -0.21 0.13 0.54 0.14 0.75 1.32 1.76 -0.28 -0.10 0.21 0.56 
Loss: 1.380408  SIA Ef: -0.113329 Binding: -0.09 -0.41 -0.42 -0.39 -0.21 0.38 0.15 0.28 0.01 -0.29 -0.46  Rvol: 0.50 1.03 1.37 -0.33 -0.19 0.13 0.48 0.14 0.72 1.22 1.57 -0.28 -0.10 0.18 0.48 
Loss: 2.865119  SIA Ef: -0.167866 Binding: 0.05 -0.29 -1.33 -0.04 0.29 0.43 0.14 0.26 0.36 -0.30 -0.38  Rvol: 0.48 1.01 1.34 -0.33 -0.17 0.17 0.48 0.14 0.72 1.21 1.54 -0.28 -0.09 0.19 0.51 
Loss: 1.405711  SIA Ef: -0.142661 Binding: -0.09 -0.43 -0.42 -0.40 -0.23 0.38 0.15 0.28 0.01 -0.30 -0.45  Rvol: 0.50 1.03 1.37 -0.33 -0.19 0.13 0.48 0.14 0.72 1.22 1.57 -0.28 -0.10 0.18 0.48 
Loss: 3.959503  SIA Ef: -1.591904 Binding: -0.11 -0.48 -0.67 -0.27 0.01 0.40 0.16 0.33 0.09 -0.31 -0.41  Rvol: 0.43 0.92 1.17 -0.33 -0.19 0.08 0.35 0.14 0.67 1.12 1.39 -0.28 -0.11 0.12 0.37 
Loss: 1.486262  SIA Ef: -0.145574 Binding: -0.14 -0.50 -0.43 -0.37 -0.22 0.37 0.17 0.33 0.01 -0.30 -0.44  Rvol: 0.50 1.02 1.35 -0.33 -0.19 0.13 0.47 0.14 0.72 1.22 1.56 -0.28 -0.10 0.18 0.47 
Loss: 1.943832  SIA Ef: -0.315302 Binding: -0.04 -0.39 -0.81 -0.34 -0.13 0.33 0.00 0.05 0.04 -0.44 -0.60  Rvol: 0.49 1.01 1.35 -0.33 -0.20 0.14 0.47 0.14 0.72 1.20 1.56 -0.28 -0.11 0.17 0.48 
Loss: 1.227430  SIA Ef: -0.113715 Binding: -0.03 -0.29 -0.42 -0.36 -0.12 0.37 0.15 0.25 0.01 -0.30 -0.46  Rvol: 0.50 1.03 1.38 -0.33 -0.19 0.14 0.48 0.14 0.72 1.22 1.57 -0.28 -0.10 0.18 0.49 
Loss: 5.614587  SIA Ef: 1.499994 Binding: -0.25 -0.28 1.00 -0.50 -0.86 0.28 0.23 0.28 -0.18 -0.34 -0.51  Rvol: 0.60 1.15 1.60 -0.33 -0.20 0.16 0.58 0.14 0.76 1.34 1.79 -0.28 -0.09 0.24 0.60 
Loss: 1.344970  SIA Ef: -0.243483 Binding: -0.07 -0.36 -0.36 -0.42 -0.23 0.37 0.15 0.26 -0.00 -0.30 -0.46  Rvol: 0.50 1.03 1.37 -0.33 -0.20 0.13 0.47 0.14 0.72 1.21 1.57 -0.28 -0.10 0.18 0.48 
Loss: 2.845178  SIA Ef: -0.557669 Binding: 0.12 -0.18 -1.29 -0.28 0.07 0.43 0.12 0.20 0.25 -0.27 -0.38  Rvol: 0.48 1.00 1.36 -0.33 -0.22 0.12 0.45 0.14 0.70 1.18 1.54 -0.28 -0.12 0.14 0.47 
Loss: 1.291636  SIA Ef: 0.060451 Binding: -0.01 -0.25 -0.52 -0.31 -0.05 0.36 0.12 0.21 0.02 -0.33 -0.49  Rvol: 0.51 1.04 1.39 -0.33 -0.19 0.15 0.50 0.14 0.73 1.23 1.59 -0.28 -0.09 0.20 0.51 
Loss: 2.928121  SIA Ef: -0.305645 Binding: 0.09 -0.16 -1.33 -0.01 0.36 0.45 0.18 0.28 0.37 -0.26 -0.34  Rvol: 0.47 1.01 1.34 -0.33 -0.17 0.16 0.47 0.14 0.71 1.20 1.54 -0.28 -0.09 0.18 0.50 
Loss: 1.818485  SIA Ef: -0.805071 Binding: -0.03 -0.31 -0.52 -0.31 -0.02 0.38 0.13 0.25 0.04 -0.31 -0.46  Rvol: 0.47 0.98 1.29 -0.33 -0.19 0.11 0.42 0.14 0.70 1.17 1.49 -0.28 -0.10 0.15 0.43 
Loss: 1.468182  SIA Ef: -0.219115 Binding: -0.01 -0.28 -0.60 -0.34 -0.09 0.34 0.07 0.13 0.01 -0.38 -0.55  Rvol: 0.50 1.02 1.37 -0.33 -0.19 0.14 0.48 0.14 0.72 1.21 1.57 -0.28 -0.10 0.18 0.48 
Loss: 1.259325  SIA Ef: 0.248724 Binding: -0.08 -0.22 -0.03 -0.42 -0.29 0.35 0.16 0.20 -0.07 -0.31 -0.49  Rvol: 0.52 1.06 1.43 -0.33 -0.19 0.15 0.51 0.14 0.73 1.25 1.62 -0.28 -0.10 0.20 0.51 
Loss: 1.210415  SIA Ef: -0.090931 Binding: -0.03 -0.28 -0.42 -0.34 -0.09 0.38 0.15 0.26 0.01 -0.30 -0.46  Rvol: 0.50 1.03 1.38 -0.33 -0.19 0.14 0.49 0.14 0.72 1.22 1.57 -0.28 -0.09 0.19 0.49 
Loss: 1.288242  SIA Ef: 0.084283 Binding: -0.00 -0.24 -0.53 -0.32 -0.06 0.39 0.17 0.28 0.04 -0.28 -0.43  Rvol: 0.51 1.04 1.40 -0.33 -0.19 0.15 0.51 0.14 0.73 1.23 1.60 -0.28 -0.09 0.20 0.51 
Loss: 1.199931  SIA Ef: -0.120887 Binding: -0.02 -0.26 -0.42 -0.34 -0.09 0.38 0.15 0.26 0.02 -0.30 -0.45  Rvol: 0.50 1.03 1.37 -0.33 -0.19 0.14 0.49 0.14 0.72 1.22 1.57 -0.28 -0.09 0.19 0.49 
Loss: 1.222180  SIA Ef: -0.334056 Binding: -0.02 -0.26 -0.41 -0.31 -0.03 0.39 0.16 0.28 0.02 -0.29 -0.44  Rvol: 0.49 1.02 1.35 -0.33 -0.19 0.13 0.47 0.14 0.72 1.20 1.54 -0.28 -0.09 0.18 0.47 
Loss: 1.192102  SIA Ef: -0.125846 Binding: -0.02 -0.26 -0.43 -0.33 -0.08 0.39 0.17 0.29 0.03 -0.28 -0.43  Rvol: 0.50 1.03 1.37 -0.33 -0.19 0.14 0.49 0.14 0.72 1.22 1.57 -0.28 -0.09 0.19 0.49 
Loss: 1.214754  SIA Ef: -0.163105 Binding: -0.03 -0.28 -0.43 -0.34 -0.08 0.41 0.21 0.35 0.05 -0.24 -0.37  Rvol: 0.50 1.03 1.37 -0.33 -0.19 0.14 0.48 0.14 0.72 1.22 1.57 -0.28 -0.09 0.19 0.49 
Loss: 1.201687  SIA Ef: -0.163279 Binding: -0.03 -0.28 -0.41 -0.35 -0.10 0.39 0.18 0.30 0.02 -0.27 -0.42  Rvol: 0.50 1.03 1.37 -0.33 -0.19 0.14 0.48 0.14 0.72 1.22 1.57 -0.28 -0.10 0.18 0.48 
Loss: 1.209639  SIA Ef: -0.090260 Binding: -0.03 -0.28 -0.44 -0.32 -0.08 0.39 0.17 0.30 0.03 -0.28 -0.42  Rvol: 0.50 1.03 1.37 -0.33 -0.19 0.15 0.49 0.14 0.72 1.22 1.57 -0.28 -0.09 0.19 0.49 
Loss: 1.195953  SIA Ef: -0.108303 Binding: -0.01 -0.24 -0.46 -0.32 -0.05 0.38 0.16 0.27 0.03 -0.29 -0.44  Rvol: 0.50 1.03 1.37 -0.33 -0.19 0.14 0.49 0.14 0.72 1.22 1.57 -0.28 -0.09 0.19 0.49 
Loss: 1.298561  SIA Ef: -0.294743 Binding: -0.01 -0.27 -0.50 -0.32 -0.05 0.38 0.14 0.24 0.03 -0.31 -0.46  Rvol: 0.49 1.02 1.35 -0.33 -0.19 0.14 0.47 0.14 0.72 1.21 1.55 -0.28 -0.10 0.18 0.48 
Loss: 1.146550  SIA Ef: 0.046475 Binding: -0.04 -0.27 -0.23 -0.37 -0.15 0.38 0.18 0.31 -0.02 -0.28 -0.44  Rvol: 0.51 1.04 1.39 -0.33 -0.19 0.15 0.50 0.14 0.73 1.23 1.60 -0.28 -0.09 0.20 0.50 
Loss: 1.201713  SIA Ef: 0.217876 Binding: -0.04 -0.25 -0.16 -0.38 -0.18 0.38 0.19 0.33 -0.02 -0.27 -0.43  Rvol: 0.52 1.06 1.42 -0.33 -0.19 0.15 0.51 0.14 0.73 1.25 1.62 -0.28 -0.09 0.20 0.51 
Loss: 1.125936  SIA Ef: 0.005968 Binding: -0.04 -0.27 -0.22 -0.36 -0.15 0.38 0.18 0.31 -0.01 -0.28 -0.44  Rvol: 0.51 1.04 1.39 -0.33 -0.19 0.14 0.50 0.14 0.73 1.23 1.59 -0.28 -0.09 0.19 0.50 
Loss: 1.105457  SIA Ef: -0.047306 Binding: -0.06 -0.27 -0.13 -0.37 -0.17 0.37 0.18 0.29 -0.03 -0.29 -0.45  Rvol: 0.51 1.04 1.38 -0.33 -0.19 0.14 0.49 0.14 0.73 1.23 1.58 -0.28 -0.09 0.19 0.49 
Loss: 1.124630  SIA Ef: -0.055919 Binding: -0.07 -0.27 -0.09 -0.39 -0.21 0.37 0.18 0.29 -0.04 -0.29 -0.46  Rvol: 0.51 1.04 1.38 -0.33 -0.19 0.14 0.49 0.14 0.72 1.23 1.59 -0.28 -0.10 0.19 0.48 
Loss: 1.102720  SIA Ef: -0.059538 Binding: -0.06 -0.27 -0.13 -0.37 -0.17 0.37 0.18 0.30 -0.03 -0.28 -0.45  Rvol: 0.51 1.04 1.38 -0.33 -0.19 0.14 0.49 0.14 0.72 1.23 1.58 -0.28 -0.09 0.19 0.49 
Loss: 1.109462  SIA Ef: -0.049552 Binding: -0.07 -0.28 -0.10 -0.37 -0.19 0.38 0.20 0.32 -0.03 -0.27 -0.42  Rvol: 0.51 1.04 1.38 -0.33 -0.19 0.14 0.49 0.14 0.73 1.23 1.58 -0.28 -0.09 0.19 0.49 
Loss: 1.102499  SIA Ef: -0.035567 Binding: -0.06 -0.27 -0.14 -0.37 -0.17 0.37 0.18 0.30 -0.03 -0.29 -0.45  Rvol: 0.51 1.04 1.38 -0.33 -0.19 0.14 0.49 0.14 0.73 1.23 1.59 -0.28 -0.09 0.19 0.49 
Loss: 1.137063  SIA Ef: -0.027766 Binding: -0.07 -0.30 -0.09 -0.38 -0.20 0.37 0.18 0.30 -0.04 -0.29 -0.46  Rvol: 0.51 1.04 1.39 -0.33 -0.19 0.14 0.49 0.14 0.73 1.23 1.59 -0.28 -0.09 0.19 0.49 
Loss: 1.111475  SIA Ef: -0.042469 Binding: -0.06 -0.27 -0.12 -0.37 -0.18 0.37 0.18 0.29 -0.03 -0.29 -0.45  Rvol: 0.51 1.04 1.38 -0.33 -0.19 0.14 0.49 0.14 0.73 1.23 1.59 -0.28 -0.09 0.19 0.49 
Loss: 1.106467  SIA Ef: -0.016396 Binding: -0.06 -0.26 -0.13 -0.37 -0.17 0.36 0.16 0.27 -0.04 -0.31 -0.48  Rvol: 0.51 1.04 1.38 -0.33 -0.19 0.14 0.49 0.14 0.73 1.23 1.59 -0.28 -0.09 0.19 0.49 
Loss: 1.017371  SIA Ef: 0.040757 Binding: -0.05 -0.17 -0.06 -0.36 -0.17 0.37 0.19 0.24 -0.04 -0.28 -0.44  Rvol: 0.51 1.04 1.40 -0.33 -0.19 0.15 0.49 0.14 0.73 1.23 1.59 -0.28 -0.09 0.20 0.49 
Loss: 1.033178  SIA Ef: 0.104179 Binding: -0.05 -0.15 -0.00 -0.35 -0.15 0.37 0.20 0.25 -0.04 -0.28 -0.45  Rvol: 0.51 1.05 1.41 -0.33 -0.18 0.15 0.50 0.14 0.73 1.24 1.60 -0.28 -0.09 0.20 0.50 
Loss: 1.071436  SIA Ef: 0.099445 Binding: -0.07 -0.18 0.01 -0.37 -0.20 0.37 0.20 0.25 -0.05 -0.28 -0.45  Rvol: 0.51 1.05 1.41 -0.33 -0.19 0.15 0.50 0.14 0.73 1.24 1.60 -0.28 -0.09 0.20 0.50 
Loss: 1.035658  SIA Ef: -0.025767 Binding: -0.03 -0.22 -0.16 -0.33 -0.10 0.38 0.19 0.31 -0.02 -0.28 -0.43  Rvol: 0.51 1.04 1.38 -0.33 -0.18 0.15 0.49 0.14 0.73 1.23 1.58 -0.28 -0.09 0.20 0.49 
Loss: 1.052949  SIA Ef: 0.098149 Binding: -0.06 -0.17 0.00 -0.37 -0.18 0.37 0.20 0.25 -0.05 -0.28 -0.45  Rvol: 0.51 1.05 1.41 -0.33 -0.19 0.15 0.50 0.14 0.73 1.24 1.60 -0.28 -0.09 0.20 0.50 
Loss: 1.064756  SIA Ef: 0.002709 Binding: -0.05 -0.24 -0.08 -0.36 -0.16 0.37 0.19 0.31 -0.03 -0.28 -0.44  Rvol: 0.51 1.04 1.39 -0.33 -0.19 0.15 0.49 0.14 0.73 1.23 1.59 -0.28 -0.09 0.20 0.49 
Loss: 1.022433  SIA Ef: 0.072571 Binding: -0.05 -0.17 -0.07 -0.36 -0.16 0.37 0.19 0.23 -0.04 -0.29 -0.45  Rvol: 0.51 1.05 1.40 -0.33 -0.19 0.15 0.50 0.14 0.73 1.24 1.60 -0.28 -0.09 0.20 0.50 
Loss: 1.015851  SIA Ef: 0.015705 Binding: -0.06 -0.17 -0.05 -0.36 -0.17 0.37 0.19 0.23 -0.04 -0.29 -0.45  Rvol: 0.51 1.04 1.40 -0.33 -0.19 0.15 0.49 0.14 0.73 1.23 1.59 -0.28 -0.09 0.20 0.49 
Loss: 1.044094  SIA Ef: -0.055998 Binding: -0.04 -0.23 -0.12 -0.34 -0.13 0.38 0.19 0.30 -0.03 -0.28 -0.44  Rvol: 0.51 1.04 1.38 -0.33 -0.19 0.14 0.49 0.14 0.72 1.23 1.58 -0.28 -0.09 0.19 0.49 
Loss: 1.011169  SIA Ef: 0.015891 Binding: -0.06 -0.17 -0.06 -0.36 -0.17 0.37 0.19 0.23 -0.04 -0.29 -0.45  Rvol: 0.51 1.04 1.39 -0.33 -0.19 0.15 0.49 0.14 0.73 1.23 1.59 -0.28 -0.09 0.20 0.49 
Loss: 1.033007  SIA Ef: 0.040285 Binding: -0.06 -0.19 -0.02 -0.36 -0.18 0.37 0.19 0.24 -0.05 -0.29 -0.45  Rvol: 0.51 1.04 1.40 -0.33 -0.19 0.15 0.49 0.14 0.73 1.24 1.59 -0.28 -0.09 0.20 0.49 
Loss: 1.010229  SIA Ef: 0.012661 Binding: -0.05 -0.17 -0.07 -0.36 -0.16 0.37 0.18 0.23 -0.04 -0.29 -0.45  Rvol: 0.51 1.04 1.39 -0.33 -0.19 0.15 0.49 0.14 0.73 1.23 1.59 -0.28 -0.09 0.20 0.49 
Loss: 1.014816  SIA Ef: 0.027884 Binding: -0.05 -0.17 -0.07 -0.35 -0.16 0.36 0.17 0.21 -0.05 -0.30 -0.47  Rvol: 0.51 1.04 1.40 -0.33 -0.19 0.15 0.49 0.14 0.73 1.23 1.59 -0.28 -0.09 0.20 0.49 
Loss: 1.008137  SIA Ef: 0.005408 Binding: -0.05 -0.17 -0.07 -0.36 -0.16 0.37 0.18 0.23 -0.04 -0.29 -0.45  Rvol: 0.51 1.04 1.39 -0.33 -0.19 0.15 0.49 0.14 0.73 1.23 1.59 -0.28 -0.09 0.20 0.49 
Loss: 1.019778  SIA Ef: 0.017745 Binding: -0.06 -0.18 -0.07 -0.36 -0.17 0.37 0.18 0.23 -0.04 -0.29 -0.45  Rvol: 0.51 1.04 1.39 -0.33 -0.19 0.15 0.50 0.14 0.73 1.23 1.59 -0.28 -0.09 0.20 0.49 
Loss: 1.078140  SIA Ef: -0.026964 Binding: -0.05 -0.25 -0.10 -0.36 -0.16 0.37 0.18 0.29 -0.04 -0.29 -0.45  Rvol: 0.51 1.04 1.38 -0.33 -0.19 0.14 0.49 0.14 0.73 1.23 1.59 -0.28 -0.09 0.20 0.49 
Loss: 1.009905  SIA Ef: 0.026216 Binding: -0.05 -0.17 -0.07 -0.36 -0.16 0.37 0.18 0.23 -0.04 -0.29 -0.45  Rvol: 0.51 1.04 1.40 -0.33 -0.19 0.15 0.49 0.14 0.73 1.23 1.59 -0.28 -0.09 0.20 0.49 
Loss: 1.018726  SIA Ef: 0.025805 Binding: -0.06 -0.17 -0.05 -0.36 -0.17 0.37 0.19 0.23 -0.04 -0.29 -0.45  Rvol: 0.51 1.04 1.40 -0.33 -0.19 0.15 0.49 0.14 0.73 1.23 1.59 -0.28 -0.09 0.20 0.49 
Loss: 1.055310  SIA Ef: -0.012880 Binding: -0.05 -0.23 -0.09 -0.35 -0.15 0.37 0.19 0.30 -0.04 -0.29 -0.45  Rvol: 0.51 1.04 1.38 -0.33 -0.19 0.15 0.49 0.14 0.73 1.23 1.59 -0.28 -0.09 0.20 0.49 
Loss: 1.008051  SIA Ef: 0.002943 Binding: -0.05 -0.17 -0.07 -0.36 -0.16 0.37 0.19 0.23 -0.04 -0.29 -0.45  Rvol: 0.51 1.04 1.39 -0.33 -0.19 0.15 0.49 0.14 0.73 1.23 1.59 -0.28 -0.09 0.20 0.49 
Loss: 1.014675  SIA Ef: 0.011681 Binding: -0.06 -0.18 -0.06 -0.36 -0.17 0.37 0.19 0.23 -0.04 -0.29 -0.45  Rvol: 0.51 1.04 1.39 -0.33 -0.19 0.15 0.49 0.14 0.73 1.23 1.59 -0.28 -0.09 0.20 0.49 
Loss: 1.009266  SIA Ef: 0.000833 Binding: -0.05 -0.17 -0.07 -0.36 -0.16 0.37 0.19 0.23 -0.04 -0.29 -0.45  Rvol: 0.51 1.04 1.39 -0.33 -0.19 0.15 0.49 0.14 0.73 1.23 1.59 -0.28 -0.09 0.20 0.49 
Loss: 1.020658  SIA Ef: 0.029908 Binding: -0.06 -0.17 -0.04 -0.36 -0.18 0.37 0.19 0.24 -0.04 -0.29 -0.45  Rvol: 0.51 1.04 1.40 -0.33 -0.19 0.15 0.49 0.14 0.73 1.23 1.59 -0.28 -0.09 0.20 0.49 
Loss: 1.073634  SIA Ef: -0.006806 Binding: -0.05 -0.24 -0.08 -0.36 -0.16 0.37 0.19 0.30 -0.04 -0.29 -0.45  Rvol: 0.51 1.04 1.39 -0.33 -0.19 0.15 0.49 0.14 0.73 1.23 1.59 -0.28 -0.09 0.20 0.49 
Loss: 1.007650  SIA Ef: -0.003486 Binding: -0.05 -0.17 -0.07 -0.36 -0.16 0.37 0.19 0.23 -0.04 -0.29 -0.45  Rvol: 0.51 1.04 1.39 -0.33 -0.19 0.15 0.49 0.14 0.73 1.23 1.59 -0.28 -0.09 0.20 0.49 
Loss: 1.002322  SIA Ef: -0.005221 Binding: -0.05 -0.17 -0.07 -0.36 -0.16 0.37 0.19 0.23 -0.04 -0.29 -0.45  Rvol: 0.51 1.04 1.39 -0.33 -0.19 0.15 0.49 0.14 0.73 1.23 1.59 -0.28 -0.09 0.20 0.49 
Loss: 1.002365  SIA Ef: -0.002965 Binding: -0.05 -0.17 -0.07 -0.35 -0.16 0.37 0.19 0.23 -0.04 -0.29 -0.45  Rvol: 0.51 1.04 1.39 -0.33 -0.19 0.15 0.49 0.14 0.73 1.23 1.59 -0.28 -0.09 0.20 0.49 
Loss: 1.009372  SIA Ef: 0.010239 Binding: -0.05 -0.17 -0.05 -0.36 -0.17 0.37 0.19 0.24 -0.04 -0.29 -0.45  Rvol: 0.51 1.04 1.39 -0.33 -0.19 0.15 0.49 0.14 0.73 1.23 1.59 -0.28 -0.09 0.20 0.49 
Loss: 1.002380  SIA Ef: -0.005708 Binding: -0.05 -0.17 -0.07 -0.36 -0.16 0.37 0.19 0.23 -0.04 -0.29 -0.45  Rvol: 0.51 1.04 1.39 -0.33 -0.19 0.15 0.49 0.14 0.73 1.23 1.59 -0.28 -0.09 0.20 0.49 
Loss: 1.005837  SIA Ef: 0.000411 Binding: -0.05 -0.17 -0.06 -0.36 -0.16 0.37 0.19 0.23 -0.04 -0.29 -0.45  Rvol: 0.51 1.04 1.39 -0.33 -0.19 0.15 0.49 0.14 0.73 1.23 1.59 -0.28 -0.09 0.20 0.49 
Loss: 1.002201  SIA Ef: -0.002926 Binding: -0.05 -0.17 -0.07 -0.36 -0.16 0.37 0.19 0.23 -0.04 -0.29 -0.44  Rvol: 0.51 1.04 1.39 -0.33 -0.19 0.15 0.49 0.14 0.73 1.23 1.59 -0.28 -0.09 0.20 0.49 
Loss: 1.004195  SIA Ef: -0.006556 Binding: -0.05 -0.17 -0.06 -0.36 -0.16 0.37 0.19 0.24 -0.04 -0.28 -0.44  Rvol: 0.51 1.04 1.39 -0.33 -0.19 0.15 0.49 0.14 0.73 1.23 1.59 -0.28 -0.09 0.20 0.49 
Loss: 1.056573  SIA Ef: -0.024359 Binding: -0.05 -0.24 -0.09 -0.35 -0.15 0.37 0.19 0.30 -0.03 -0.28 -0.44  Rvol: 0.51 1.04 1.38 -0.33 -0.19 0.15 0.49 0.14 0.73 1.23 1.59 -0.28 -0.09 0.20 0.49 
Loss: 1.004888  SIA Ef: 0.004750 Binding: -0.05 -0.17 -0.06 -0.36 -0.16 0.37 0.19 0.23 -0.04 -0.29 -0.45  Rvol: 0.51 1.04 1.39 -0.33 -0.19 0.15 0.49 0.14 0.73 1.23 1.59 -0.28 -0.09 0.20 0.49 
Loss: 1.002199  SIA Ef: -0.001798 Binding: -0.05 -0.17 -0.06 -0.36 -0.16 0.37 0.19 0.23 -0.04 -0.29 -0.44  Rvol: 0.51 1.04 1.39 -0.33 -0.19 0.15 0.49 0.14 0.73 1.23 1.59 -0.28 -0.09 0.20 0.49 
Loss: 1.005481  SIA Ef: 0.005670 Binding: -0.05 -0.17 -0.06 -0.36 -0.16 0.37 0.19 0.23 -0.04 -0.29 -0.44  Rvol: 0.51 1.04 1.39 -0.33 -0.19 0.15 0.49 0.14 0.73 1.23 1.59 -0.28 -0.09 0.20 0.49 
Loss: 1.002227  SIA Ef: -0.004651 Binding: -0.05 -0.17 -0.06 -0.36 -0.16 0.37 0.19 0.23 -0.04 -0.29 -0.44  Rvol: 0.51 1.04 1.39 -0.33 -0.19 0.15 0.49 0.14 0.73 1.23 1.59 -0.28 -0.09 0.20 0.49 
Loss: 1.003866  SIA Ef: 0.002338 Binding: -0.05 -0.17 -0.06 -0.36 -0.16 0.37 0.19 0.23 -0.04 -0.29 -0.44  Rvol: 0.51 1.04 1.39 -0.33 -0.19 0.15 0.49 0.14 0.73 1.23 1.59 -0.28 -0.09 0.20 0.49 
Loss: 1.004891  SIA Ef: -0.000816 Binding: -0.05 -0.17 -0.06 -0.36 -0.16 0.37 0.19 0.23 -0.04 -0.29 -0.45  Rvol: 0.51 1.04 1.39 -0.33 -0.19 0.15 0.49 0.14 0.73 1.23 1.59 -0.28 -0.09 0.20 0.49 
Loss: 1.002661  SIA Ef: -0.002687 Binding: -0.05 -0.17 -0.06 -0.36 -0.16 0.37 0.19 0.23 -0.04 -0.29 -0.44  Rvol: 0.51 1.04 1.39 -0.33 -0.19 0.15 0.49 0.14 0.73 1.23 1.59 -0.28 -0.09 0.20 0.49 
Loss: 1.002196  SIA Ef: -0.001681 Binding: -0.05 -0.17 -0.06 -0.36 -0.16 0.37 0.19 0.23 -0.04 -0.29 -0.44  Rvol: 0.51 1.04 1.39 -0.33 -0.19 0.15 0.49 0.14 0.73 1.23 1.59 -0.28 -0.09 0.20 0.49 
Loss: 0.999680  SIA Ef: -0.006899 Binding: -0.05 -0.17 -0.07 -0.35 -0.16 0.37 0.19 0.23 -0.04 -0.28 -0.44  Rvol: 0.51 1.04 1.39 -0.33 -0.19 0.15 0.49 0.14 0.73 1.23 1.59 -0.28 -0.09 0.20 0.49 
Loss: 0.997496  SIA Ef: -0.011635 Binding: -0.05 -0.17 -0.07 -0.35 -0.15 0.37 0.19 0.23 -0.04 -0.28 -0.44  Rvol: 0.51 1.04 1.39 -0.33 -0.19 0.15 0.49 0.14 0.73 1.23 1.59 -0.28 -0.09 0.20 0.49 
Loss: 0.995987  SIA Ef: -0.014179 Binding: -0.05 -0.17 -0.08 -0.35 -0.15 0.37 0.19 0.23 -0.04 -0.28 -0.44  Rvol: 0.51 1.04 1.39 -0.33 -0.19 0.15 0.49 0.14 0.73 1.23 1.59 -0.28 -0.09 0.20 0.49 
Loss: 1.058563  SIA Ef: -0.018838 Binding: -0.05 -0.24 -0.08 -0.35 -0.15 0.37 0.19 0.31 -0.04 -0.28 -0.44  Rvol: 0.51 1.04 1.38 -0.33 -0.19 0.15 0.49 0.14 0.73 1.23 1.59 -0.28 -0.09 0.20 0.49 
Loss: 0.995830  SIA Ef: -0.013207 Binding: -0.05 -0.17 -0.08 -0.35 -0.15 0.37 0.19 0.24 -0.04 -0.28 -0.44  Rvol: 0.51 1.04 1.39 -0.33 -0.19 0.15 0.49 0.14 0.73 1.23 1.59 -0.28 -0.09 0.20 0.49 
Loss: 1.058622  SIA Ef: -0.018180 Binding: -0.05 -0.24 -0.08 -0.35 -0.15 0.37 0.19 0.31 -0.04 -0.28 -0.44  Rvol: 0.51 1.04 1.38 -0.33 -0.19 0.15 0.49 0.14 0.73 1.23 1.59 -0.28 -0.09 0.20 0.49 
Loss: 0.995845  SIA Ef: -0.013735 Binding: -0.05 -0.17 -0.08 -0.35 -0.15 0.37 0.19 0.24 -0.04 -0.28 -0.44  Rvol: 0.51 1.04 1.39 -0.33 -0.19 0.15 0.49 0.14 0.73 1.23 1.59 -0.28 -0.09 0.20 0.49 
Loss: 0.996106  SIA Ef: -0.009876 Binding: -0.05 -0.17 -0.08 -0.35 -0.15 0.37 0.19 0.23 -0.04 -0.28 -0.44  Rvol: 0.51 1.04 1.39 -0.33 -0.19 0.15 0.49 0.14 0.73 1.23 1.59 -0.28 -0.09 0.20 0.49 
Loss: 0.995815  SIA Ef: -0.012551 Binding: -0.05 -0.17 -0.08 -0.35 -0.15 0.37 0.19 0.24 -0.04 -0.28 -0.44  Rvol: 0.51 1.04 1.39 -0.33 -0.19 0.15 0.49 0.14 0.73 1.23 1.59 -0.28 -0.09 0.20 0.49 
Loss: 0.995788  SIA Ef: -0.011322 Binding: -0.05 -0.17 -0.08 -0.35 -0.15 0.37 0.19 0.24 -0.04 -0.28 -0.44  Rvol: 0.51 1.04 1.39 -0.33 -0.19 0.15 0.49 0.14 0.73 1.23 1.59 -0.28 -0.09 0.20 0.49 
Loss: 0.995815  SIA Ef: -0.010788 Binding: -0.05 -0.17 -0.08 -0.35 -0.15 0.37 0.19 0.24 -0.04 -0.28 -0.44  Rvol: 0.51 1.04 1.39 -0.33 -0.19 0.15 0.49 0.14 0.73 1.23 1.59 -0.28 -0.09 0.20 0.49 
Loss: 0.995801  SIA Ef: -0.012809 Binding: -0.05 -0.17 -0.07 -0.35 -0.15 0.37 0.19 0.24 -0.04 -0.28 -0.44  Rvol: 0.51 1.04 1.39 -0.33 -0.19 0.15 0.49 0.14 0.73 1.23 1.59 -0.28 -0.09 0.20 0.49 
Loss: 0.995757  SIA Ef: -0.011969 Binding: -0.05 -0.17 -0.08 -0.35 -0.15 0.37 0.19 0.23 -0.04 -0.28 -0.44  Rvol: 0.51 1.04 1.39 -0.33 -0.19 0.15 0.49 0.14 0.73 1.23 1.59 -0.28 -0.09 0.20 0.49 
Loss: 0.997187  SIA Ef: -0.007728 Binding: -0.05 -0.17 -0.07 -0.35 -0.15 0.37 0.19 0.23 -0.04 -0.28 -0.44  Rvol: 0.51 1.04 1.39 -0.33 -0.19 0.15 0.49 0.14 0.73 1.23 1.59 -0.28 -0.09 0.20 0.49 
Loss: 1.058317  SIA Ef: -0.016840 Binding: -0.05 -0.24 -0.08 -0.35 -0.15 0.37 0.19 0.31 -0.04 -0.28 -0.44  Rvol: 0.51 1.04 1.38 -0.33 -0.19 0.15 0.49 0.14 0.73 1.23 1.59 -0.28 -0.09 0.20 0.49 
Loss: 0.996502  SIA Ef: -0.010690 Binding: -0.05 -0.17 -0.08 -0.35 -0.15 0.37 0.19 0.23 -0.04 -0.28 -0.44  Rvol: 0.51 1.04 1.39 -0.33 -0.19 0.15 0.49 0.14 0.73 1.23 1.59 -0.28 -0.09 0.20 0.49 
Loss: 0.995758  SIA Ef: -0.012584 Binding: -0.05 -0.17 -0.08 -0.35 -0.15 0.37 0.19 0.23 -0.04 -0.28 -0.44  Rvol: 0.51 1.04 1.39 -0.33 -0.19 0.15 0.49 0.14 0.73 1.23 1.59 -0.28 -0.09 0.20 0.49 
Loss: 0.996472  SIA Ef: -0.009566 Binding: -0.05 -0.17 -0.07 -0.35 -0.15 0.37 0.19 0.23 -0.04 -0.28 -0.44  Rvol: 0.51 1.04 1.39 -0.33 -0.19 0.15 0.49 0.14 0.73 1.23 1.59 -0.28 -0.09 0.20 0.49 
Loss: 0.995672  SIA Ef: -0.011489 Binding: -0.05 -0.17 -0.08 -0.35 -0.15 0.37 0.19 0.23 -0.04 -0.28 -0.44  Rvol: 0.51 1.04 1.39 -0.33 -0.19 0.15 0.49 0.14 0.73 1.23 1.59 -0.28 -0.09 0.20 0.49 
Loss: 1.060262  SIA Ef: -0.013907 Binding: -0.05 -0.24 -0.08 -0.35 -0.15 0.37 0.19 0.31 -0.04 -0.28 -0.44  Rvol: 0.51 1.04 1.38 -0.33 -0.19 0.15 0.49 0.14 0.73 1.23 1.59 -0.28 -0.09 0.20 0.49 
Loss: 0.995683  SIA Ef: -0.011199 Binding: -0.05 -0.17 -0.08 -0.35 -0.15 0.37 0.19 0.23 -0.04 -0.28 -0.44  Rvol: 0.51 1.04 1.39 -0.33 -0.19 0.15 0.49 0.14 0.73 1.23 1.59 -0.28 -0.09 0.20 0.49 
Loss: 0.996406  SIA Ef: -0.009086 Binding: -0.05 -0.17 -0.07 -0.35 -0.15 0.37 0.19 0.23 -0.04 -0.28 -0.44  Rvol: 0.51 1.04 1.39 -0.33 -0.19 0.15 0.49 0.14 0.73 1.23 1.59 -0.28 -0.09 0.20 0.49 
Loss: 0.995679  SIA Ef: -0.011149 Binding: -0.05 -0.17 -0.08 -0.35 -0.15 0.37 0.19 0.23 -0.04 -0.28 -0.44  Rvol: 0.51 1.04 1.39 -0.33 -0.19 0.15 0.49 0.14 0.73 1.23 1.59 -0.28 -0.09 0.20 0.49 
Loss: 0.996425  SIA Ef: -0.010223 Binding: -0.05 -0.17 -0.07 -0.35 -0.15 0.37 0.19 0.23 -0.04 -0.28 -0.44  Rvol: 0.51 1.04 1.39 -0.33 -0.19 0.15 0.49 0.14 0.73 1.23 1.59 -0.28 -0.09 0.20 0.49 
Loss: 0.995669  SIA Ef: -0.011182 Binding: -0.05 -0.17 -0.08 -0.35 -0.15 0.37 0.19 0.23 -0.04 -0.28 -0.44  Rvol: 0.51 1.04 1.39 -0.33 -0.19 0.15 0.49 0.14 0.73 1.23 1.59 -0.28 -0.09 0.20 0.49 
Loss: 1.060313  SIA Ef: -0.013629 Binding: -0.05 -0.24 -0.08 -0.35 -0.15 0.37 0.19 0.31 -0.04 -0.28 -0.44  Rvol: 0.51 1.04 1.38 -0.33 -0.19 0.15 0.49 0.14 0.73 1.23 1.59 -0.28 -0.09 0.20 0.49 
Loss: 0.995676  SIA Ef: -0.010800 Binding: -0.05 -0.17 -0.08 -0.35 -0.15 0.37 0.19 0.23 -0.04 -0.28 -0.44  Rvol: 0.51 1.04 1.39 -0.33 -0.19 0.15 0.49 0.14 0.73 1.23 1.59 -0.28 -0.09 0.20 0.49 
Loss: 0.996394  SIA Ef: -0.008786 Binding: -0.05 -0.17 -0.07 -0.35 -0.15 0.37 0.19 0.23 -0.04 -0.28 -0.44  Rvol: 0.51 1.04 1.39 -0.33 -0.19 0.15 0.49 0.14 0.73 1.23 1.59 -0.28 -0.09 0.20 0.49 
Loss: 0.995681  SIA Ef: -0.011326 Binding: -0.05 -0.17 -0.08 -0.35 -0.15 0.37 0.19 0.23 -0.04 -0.28 -0.44  Rvol: 0.51 1.04 1.39 -0.33 -0.19 0.15 0.49 0.14 0.73 1.23 1.59 -0.28 -0.09 0.20 0.49 
Loss: 0.996427  SIA Ef: -0.009866 Binding: -0.05 -0.17 -0.07 -0.35 -0.15 0.37 0.19 0.23 -0.04 -0.28 -0.44  Rvol: 0.51 1.04 1.39 -0.33 -0.19 0.15 0.49 0.14 0.73 1.23 1.59 -0.28 -0.09 0.20 0.49 
Loss: 0.995243  SIA Ef: -0.012184 Binding: -0.05 -0.17 -0.08 -0.35 -0.15 0.37 0.19 0.23 -0.04 -0.28 -0.44  Rvol: 0.51 1.04 1.39 -0.33 -0.19 0.15 0.49 0.14 0.73 1.23 1.59 -0.28 -0.09 0.20 0.49 
Loss: 1.060652  SIA Ef: -0.013191 Binding: -0.05 -0.24 -0.08 -0.35 -0.15 0.37 0.19 0.31 -0.04 -0.28 -0.44  Rvol: 0.51 1.04 1.38 -0.33 -0.19 0.15 0.49 0.14 0.73 1.23 1.59 -0.28 -0.09 0.20 0.49 
Loss: 0.995237  SIA Ef: -0.012283 Binding: -0.05 -0.17 -0.08 -0.35 -0.15 0.37 0.19 0.23 -0.04 -0.28 -0.44  Rvol: 0.51 1.04 1.39 -0.33 -0.19 0.15 0.49 0.14 0.73 1.23 1.59 -0.28 -0.09 0.20 0.49 
Loss: 1.060664  SIA Ef: -0.013295 Binding: -0.05 -0.24 -0.08 -0.35 -0.15 0.37 0.19 0.31 -0.04 -0.28 -0.44  Rvol: 0.51 1.04 1.38 -0.33 -0.19 0.15 0.49 0.14 0.73 1.23 1.59 -0.28 -0.09 0.20 0.49 
Loss: 0.995240  SIA Ef: -0.012404 Binding: -0.05 -0.17 -0.08 -0.35 -0.15 0.37 0.19 0.23 -0.04 -0.28 -0.44  Rvol: 0.51 1.04 1.39 -0.33 -0.19 0.15 0.49 0.14 0.73 1.23 1.59 -0.28 -0.09 0.20 0.49 
Loss: 0.995424  SIA Ef: -0.012018 Binding: -0.05 -0.17 -0.08 -0.35 -0.15 0.37 0.19 0.23 -0.04 -0.28 -0.44  Rvol: 0.51 1.04 1.39 -0.33 -0.19 0.15 0.49 0.14 0.73 1.23 1.59 -0.28 -0.09 0.20 0.49 
Loss: 0.995237  SIA Ef: -0.012030 Binding: -0.05 -0.17 -0.08 -0.35 -0.15 0.37 0.19 0.23 -0.04 -0.28 -0.44  Rvol: 0.51 1.04 1.39 -0.33 -0.19 0.15 0.49 0.14 0.73 1.23 1.59 -0.28 -0.09 0.20 0.49 
Loss: 0.995406  SIA Ef: -0.011349 Binding: -0.05 -0.17 -0.08 -0.35 -0.15 0.37 0.19 0.23 -0.04 -0.28 -0.44  Rvol: 0.51 1.04 1.39 -0.33 -0.19 0.15 0.49 0.14 0.73 1.23 1.59 -0.28 -0.09 0.20 0.49 
Loss: 0.995240  SIA Ef: -0.012253 Binding: -0.05 -0.17 -0.08 -0.35 -0.15 0.37 0.19 0.23 -0.04 -0.28 -0.44  Rvol: 0.51 1.04 1.39 -0.33 -0.19 0.15 0.49 0.14 0.73 1.23 1.59 -0.28 -0.09 0.20 0.49 
Loss: 0.995317  SIA Ef: -0.012395 Binding: -0.05 -0.17 -0.08 -0.35 -0.15 0.37 0.19 0.23 -0.04 -0.28 -0.44  Rvol: 0.51 1.04 1.39 -0.33 -0.19 0.15 0.49 0.14 0.73 1.23 1.59 -0.28 -0.09 0.20 0.49 
Loss: 0.995271  SIA Ef: -0.012022 Binding: -0.05 -0.17 -0.08 -0.35 -0.15 0.37 0.19 0.23 -0.04 -0.28 -0.44  Rvol: 0.51 1.04 1.39 -0.33 -0.19 0.15 0.49 0.14 0.73 1.23 1.59 -0.28 -0.09 0.20 0.49 
Loss: 0.995333  SIA Ef: -0.011643 Binding: -0.05 -0.17 -0.08 -0.35 -0.15 0.37 0.19 0.23 -0.04 -0.28 -0.44  Rvol: 0.51 1.04 1.39 -0.33 -0.19 0.15 0.49 0.14 0.73 1.23 1.59 -0.28 -0.09 0.20 0.49 
