Start Optimization 
Loss: 2.875905  SIA Ef: -0.098730 Binding: -0.52 0.00 -0.68 -0.11 -0.08 0.24 0.66 1.02 0.04 -0.65 0.20  Rvol: 0.54 0.91 1.36 -0.33 -0.28 -0.01 0.28 0.14 0.70 1.12 1.52 -0.28 0.01 0.19 0.58 
Loss: 2.877309  SIA Ef: -0.038464 Binding: -0.52 0.01 -0.68 -0.10 -0.07 0.22 0.66 1.02 0.04 -0.65 0.24  Rvol: 0.55 0.91 1.36 -0.33 -0.28 -0.00 0.29 0.14 0.70 1.13 1.53 -0.28 0.01 0.20 0.59 
Loss: 51.245722  SIA Ef: 4.669972 Binding: 0.71 1.61 3.67 2.05 1.60 0.12 0.76 1.11 -1.17 -0.78 0.47  Rvol: 0.73 1.42 2.08 -0.33 -0.01 0.40 0.82 0.14 0.99 1.55 2.23 -0.28 0.18 0.55 1.12 
Loss: 70.755582  SIA Ef: 0.342280 Binding: 0.86 0.25 -5.79 1.03 0.37 1.06 0.69 1.00 4.76 1.44 2.27  Rvol: 0.56 1.19 1.89 -0.33 -0.10 0.97 1.08 0.14 0.83 1.34 1.60 -0.28 0.23 1.15 1.28 
Loss: 218.895330  SIA Ef: 11.963865 Binding: 2.14 0.66 7.39 2.25 0.61 0.88 -0.16 0.08 -1.52 -1.18 -0.54  Rvol: 1.28 2.06 3.00 -0.33 -0.22 -0.02 0.46 0.14 1.31 2.55 3.50 -0.28 -0.04 0.23 0.66 
Loss: 7.649822  SIA Ef: -0.098730 Binding: -0.52 0.00 -0.68 -0.11 -0.08 0.45 1.47 1.92 0.16 -0.08 0.84  Rvol: 0.54 0.91 1.36 -0.33 -0.28 -0.01 0.28 0.14 0.64 1.14 1.52 -0.28 0.06 0.18 0.51 
Loss: 26.303728  SIA Ef: -0.098730 Binding: -0.52 0.00 -0.68 -0.11 -0.08 -0.70 -2.00 -2.35 -0.88 -2.57 -2.83  Rvol: 0.54 0.91 1.36 -0.33 -0.28 -0.01 0.28 0.14 0.74 1.26 1.58 -0.28 -0.06 0.18 0.56 
Loss: 1.717286  SIA Ef: -0.098730 Binding: -0.52 0.00 -0.68 -0.11 -0.08 0.25 -0.09 0.59 0.07 -0.65 -0.02  Rvol: 0.54 0.91 1.36 -0.33 -0.28 -0.01 0.28 0.14 0.74 1.26 1.55 -0.28 -0.01 0.19 0.57 
Loss: 6.929961  SIA Ef: -0.098730 Binding: -0.38 -1.13 -0.68 -0.94 -1.30 0.25 -0.10 1.31 0.07 -0.57 0.23  Rvol: 0.54 1.07 1.49 -0.33 -0.28 0.05 0.43 0.14 0.74 1.36 1.72 -0.28 -0.01 0.25 0.71 
Loss: 1.735748  SIA Ef: -0.098730 Binding: -0.61 -0.28 -0.68 -0.15 -0.38 0.25 -0.02 0.19 0.07 -0.67 -0.17  Rvol: 0.54 0.90 1.29 -0.33 -0.28 -0.04 0.20 0.14 0.74 1.05 1.45 -0.28 -0.01 0.17 0.47 
Loss: 1.656468  SIA Ef: -0.098730 Binding: -0.23 -0.03 -0.68 -0.06 0.10 0.25 -0.18 0.68 0.07 -0.63 0.00  Rvol: 0.54 0.99 1.37 -0.33 -0.28 0.00 0.30 0.14 0.74 1.19 1.56 -0.28 -0.01 0.20 0.58 
Loss: 262.952629  SIA Ef: -14.904953 Binding: -0.17 -0.01 -4.53 -0.05 -0.22 0.33 0.18 0.71 3.42 -0.82 1.58  Rvol: -0.11 -0.19 -0.47 -0.33 -0.36 -0.53 -0.65 0.14 0.23 -0.21 -0.53 -0.28 -0.28 -0.53 -0.38 
Loss: 73.031873  SIA Ef: -0.630101 Binding: 0.25 0.10 -5.97 2.63 -0.70 0.62 -0.33 0.62 4.80 -1.78 1.46  Rvol: 0.45 0.99 1.42 -0.33 -0.27 0.24 0.45 0.14 0.72 1.18 1.28 -0.28 0.11 0.31 0.79 
Loss: 1.660846  SIA Ef: -0.113761 Binding: -0.23 -0.04 -0.68 -0.06 0.10 0.25 -0.18 0.68 0.07 -0.63 0.00  Rvol: 0.54 0.99 1.37 -0.33 -0.29 0.00 0.30 0.14 0.74 1.19 1.55 -0.28 -0.01 0.20 0.58 
Loss: 8.467854  SIA Ef: 1.702573 Binding: 0.00 0.61 1.31 0.81 0.79 0.23 0.02 0.77 -0.71 -0.74 0.04  Rvol: 0.59 1.08 1.53 -0.33 -0.16 0.18 0.51 0.14 0.83 1.24 1.83 -0.28 0.07 0.37 0.78 
Loss: 1.588086  SIA Ef: -0.025513 Binding: -0.23 -0.05 -0.64 -0.06 0.09 0.30 -0.25 0.69 0.08 -0.57 -0.03  Rvol: 0.55 0.99 1.38 -0.33 -0.28 0.00 0.31 0.14 0.74 1.25 1.58 -0.28 -0.04 0.21 0.56 
Loss: 62.047121  SIA Ef: 5.668927 Binding: 0.29 0.04 4.68 1.05 -0.08 -0.31 0.06 1.37 -1.18 -0.95 -0.43  Rvol: 0.93 1.65 2.27 -0.33 -0.27 -0.06 0.39 0.14 1.08 1.78 2.53 -0.28 -0.07 0.22 0.66 
Loss: 3.920222  SIA Ef: -0.331060 Binding: -0.23 -0.01 -0.77 -0.06 0.13 0.52 0.34 1.39 0.40 -0.11 0.74  Rvol: 0.53 0.97 1.34 -0.33 -0.28 -0.00 0.29 0.14 0.73 1.21 1.53 -0.28 -0.02 0.19 0.56 
Loss: 35.793039  SIA Ef: -5.741844 Binding: -0.33 0.45 -0.92 0.02 0.47 0.28 -0.36 -0.03 0.41 -0.79 -0.20  Rvol: 0.29 0.45 0.71 -0.33 -0.32 -0.19 -0.08 0.14 0.55 0.70 0.81 -0.28 -0.17 -0.02 0.11 
Loss: 1.616880  SIA Ef: -0.026148 Binding: -0.23 -0.05 -0.66 -0.06 0.09 0.31 -0.25 0.71 0.11 -0.53 -0.00  Rvol: 0.55 0.99 1.38 -0.33 -0.28 0.00 0.31 0.14 0.74 1.24 1.58 -0.28 -0.04 0.21 0.55 
Loss: 40.012143  SIA Ef: -2.288670 Binding: 0.12 0.20 -4.29 0.58 -0.68 0.66 -0.24 0.42 3.07 -1.69 1.57  Rvol: 0.38 0.85 1.25 -0.33 -0.12 0.16 0.34 0.14 0.67 1.07 1.05 -0.28 0.06 0.27 0.67 
Loss: 1.778058  SIA Ef: 0.105496 Binding: -0.24 0.51 -0.52 0.17 0.45 0.29 0.01 0.62 -0.00 -0.59 -0.07  Rvol: 0.56 0.94 1.38 -0.33 -0.28 -0.00 0.29 0.14 0.75 1.22 1.58 -0.28 -0.03 0.20 0.54 
Loss: 59.628892  SIA Ef: 5.709056 Binding: 0.19 -0.14 4.40 0.89 -0.24 -0.45 -0.05 1.27 -1.19 -0.98 -0.50  Rvol: 0.93 1.64 2.27 -0.33 -0.27 -0.06 0.39 0.14 1.08 1.79 2.55 -0.28 -0.08 0.22 0.67 
Loss: 1.889771  SIA Ef: -0.025049 Binding: -0.03 0.06 -0.63 0.01 0.29 0.30 -0.30 0.85 0.08 -0.56 0.02  Rvol: 0.55 1.01 1.40 -0.33 -0.28 0.02 0.33 0.14 0.74 1.24 1.60 -0.28 -0.04 0.22 0.59 
Loss: 59.623541  SIA Ef: 5.708826 Binding: 0.20 -0.14 4.40 0.89 -0.24 -0.45 -0.05 1.26 -1.19 -0.98 -0.51  Rvol: 0.93 1.64 2.27 -0.33 -0.27 -0.06 0.39 0.14 1.08 1.78 2.54 -0.28 -0.08 0.22 0.67 
Loss: 16.225750  SIA Ef: 2.935150 Binding: -0.20 -0.39 1.91 0.21 -0.47 0.10 -0.18 1.03 -0.97 -0.72 -0.16  Rvol: 0.74 1.28 1.85 -0.33 -0.29 -0.01 0.39 0.14 0.91 1.48 2.19 -0.28 -0.07 0.25 0.68 
Loss: 1.595442  SIA Ef: -0.025880 Binding: -0.21 -0.03 -0.64 -0.05 0.11 0.30 -0.25 0.70 0.08 -0.57 -0.03  Rvol: 0.55 0.99 1.38 -0.33 -0.28 0.01 0.31 0.14 0.74 1.25 1.58 -0.28 -0.04 0.21 0.56 
Loss: 21.564244  SIA Ef: -0.450111 Binding: -0.10 0.19 -3.37 1.16 -0.40 0.48 -0.20 0.56 2.32 -1.41 0.55  Rvol: 0.47 0.94 1.35 -0.33 -0.26 0.16 0.36 0.14 0.70 1.17 1.39 -0.28 0.03 0.22 0.64 
Loss: 3.033321  SIA Ef: 1.008403 Binding: -0.24 0.34 0.41 0.35 0.40 0.28 -0.07 0.70 -0.38 -0.63 -0.03  Rvol: 0.58 1.01 1.46 -0.33 -0.22 0.09 0.41 0.14 0.79 1.26 1.72 -0.28 0.00 0.29 0.66 
Loss: 3.051154  SIA Ef: -1.310316 Binding: -0.41 0.20 -0.52 -0.03 0.15 0.28 -0.14 0.51 0.03 -0.65 -0.12  Rvol: 0.49 0.82 1.22 -0.33 -0.29 -0.04 0.21 0.14 0.69 1.13 1.41 -0.28 -0.07 0.15 0.45 
Loss: 1.587764  SIA Ef: -0.021531 Binding: -0.23 -0.05 -0.63 -0.06 0.09 0.30 -0.25 0.69 0.08 -0.57 -0.03  Rvol: 0.55 0.99 1.38 -0.33 -0.28 0.00 0.31 0.14 0.74 1.25 1.58 -0.28 -0.04 0.21 0.56 
Loss: 4.780649  SIA Ef: 1.180287 Binding: -0.25 -0.37 0.84 0.06 -0.35 0.19 -0.22 0.95 -0.72 -0.67 -0.04  Rvol: 0.63 1.10 1.59 -0.33 -0.29 -0.01 0.32 0.14 0.81 1.27 1.85 -0.28 -0.06 0.22 0.59 
Loss: 3.360951  SIA Ef: -0.289891 Binding: -0.18 0.02 -1.36 -0.08 0.24 0.33 -0.32 0.57 0.59 -0.56 0.05  Rvol: 0.52 0.98 1.34 -0.33 -0.27 0.02 0.31 0.14 0.72 1.19 1.50 -0.28 -0.02 0.21 0.56 
Loss: 1.834198  SIA Ef: -0.152654 Binding: -0.22 -0.10 -0.75 -0.09 0.06 0.31 -0.23 0.75 0.15 -0.54 0.03  Rvol: 0.54 0.99 1.37 -0.33 -0.29 -0.01 0.30 0.14 0.74 1.23 1.56 -0.28 -0.04 0.20 0.55 
Loss: 1.756831  SIA Ef: 0.015313 Binding: -0.40 0.20 -0.59 -0.01 0.16 0.34 0.05 0.81 0.13 -0.48 0.12  Rvol: 0.55 0.92 1.37 -0.33 -0.27 0.02 0.32 0.14 0.74 1.25 1.57 -0.28 -0.03 0.22 0.58 
Loss: 1.578640  SIA Ef: -0.019855 Binding: -0.23 -0.05 -0.63 -0.06 0.09 0.30 -0.25 0.70 0.08 -0.56 -0.03  Rvol: 0.55 0.99 1.38 -0.33 -0.28 0.00 0.31 0.14 0.74 1.24 1.58 -0.28 -0.03 0.21 0.56 
Loss: 2.036402  SIA Ef: -0.705327 Binding: -0.41 0.19 -0.64 -0.04 0.15 0.30 -0.11 0.59 0.11 -0.60 -0.06  Rvol: 0.52 0.86 1.29 -0.33 -0.28 -0.02 0.26 0.14 0.72 1.17 1.48 -0.28 -0.05 0.18 0.51 
Loss: 1.572776  SIA Ef: -0.018387 Binding: -0.23 -0.05 -0.62 -0.06 0.08 0.30 -0.25 0.69 0.08 -0.57 -0.03  Rvol: 0.55 0.99 1.38 -0.33 -0.28 0.00 0.31 0.14 0.74 1.24 1.58 -0.28 -0.03 0.21 0.56 
Loss: 2.193904  SIA Ef: 0.637459 Binding: -0.24 -0.24 0.17 0.01 -0.11 0.25 -0.14 0.86 -0.41 -0.62 -0.07  Rvol: 0.59 1.04 1.47 -0.33 -0.28 0.01 0.32 0.14 0.78 1.29 1.71 -0.28 -0.04 0.22 0.58 
Loss: 1.630410  SIA Ef: -0.034474 Binding: -0.24 -0.09 -0.64 -0.08 0.05 0.30 -0.25 0.71 0.09 -0.56 -0.01  Rvol: 0.55 0.99 1.38 -0.33 -0.28 0.01 0.31 0.14 0.74 1.24 1.58 -0.28 -0.04 0.21 0.56 
Loss: 1.750888  SIA Ef: 0.042231 Binding: -0.39 0.21 -0.58 0.00 0.17 0.34 0.04 0.81 0.12 -0.48 0.12  Rvol: 0.55 0.92 1.38 -0.33 -0.28 0.02 0.32 0.14 0.74 1.26 1.58 -0.28 -0.03 0.22 0.57 
Loss: 1.572189  SIA Ef: -0.024016 Binding: -0.25 -0.06 -0.64 -0.06 0.07 0.30 -0.24 0.67 0.09 -0.57 -0.03  Rvol: 0.55 0.99 1.37 -0.33 -0.28 0.00 0.30 0.14 0.74 1.24 1.57 -0.28 -0.03 0.21 0.56 
Loss: 2.610747  SIA Ef: 0.010436 Binding: -0.43 0.24 -1.13 -0.06 0.21 0.31 -0.10 0.55 0.42 -0.58 0.00  Rvol: 0.54 0.91 1.37 -0.33 -0.27 0.02 0.33 0.14 0.73 1.21 1.54 -0.28 -0.02 0.22 0.59 
Loss: 1.570021  SIA Ef: -0.026545 Binding: -0.25 -0.06 -0.64 -0.06 0.06 0.30 -0.25 0.67 0.09 -0.57 -0.03  Rvol: 0.55 0.99 1.37 -0.33 -0.28 0.00 0.30 0.14 0.74 1.24 1.57 -0.28 -0.03 0.21 0.55 
Loss: 1.985310  SIA Ef: -0.688003 Binding: -0.42 0.17 -0.64 -0.04 0.13 0.30 -0.12 0.56 0.11 -0.61 -0.08  Rvol: 0.52 0.86 1.29 -0.33 -0.28 -0.02 0.26 0.14 0.72 1.17 1.48 -0.28 -0.05 0.18 0.51 
Loss: 2.159087  SIA Ef: 0.636447 Binding: -0.25 -0.25 0.15 0.00 -0.12 0.24 -0.15 0.83 -0.40 -0.63 -0.08  Rvol: 0.59 1.03 1.47 -0.33 -0.28 0.00 0.31 0.14 0.78 1.29 1.71 -0.28 -0.04 0.22 0.57 
Loss: 1.658661  SIA Ef: 0.006110 Binding: -0.42 0.16 -0.62 -0.04 0.10 0.32 -0.02 0.73 0.11 -0.53 0.04  Rvol: 0.55 0.92 1.38 -0.33 -0.28 0.01 0.31 0.14 0.74 1.25 1.57 -0.28 -0.03 0.21 0.56 
Loss: 1.570009  SIA Ef: -0.025592 Binding: -0.25 -0.06 -0.64 -0.06 0.06 0.30 -0.25 0.67 0.09 -0.57 -0.03  Rvol: 0.55 0.99 1.37 -0.33 -0.28 0.00 0.30 0.14 0.74 1.24 1.57 -0.28 -0.03 0.21 0.55 
Loss: 1.817833  SIA Ef: -0.152650 Binding: -0.25 -0.11 -0.76 -0.10 0.03 0.32 -0.23 0.73 0.16 -0.53 0.02  Rvol: 0.54 0.99 1.36 -0.33 -0.29 -0.01 0.29 0.14 0.73 1.23 1.56 -0.28 -0.04 0.20 0.54 
Loss: 2.001670  SIA Ef: -0.000313 Binding: -0.44 0.18 -0.88 -0.07 0.13 0.30 -0.08 0.61 0.24 -0.57 -0.02  Rvol: 0.54 0.91 1.37 -0.33 -0.27 0.01 0.32 0.14 0.74 1.23 1.56 -0.28 -0.03 0.21 0.57 
Loss: 1.634110  SIA Ef: -0.191509 Binding: -0.43 0.14 -0.64 -0.06 0.08 0.30 -0.07 0.64 0.09 -0.58 -0.04  Rvol: 0.54 0.91 1.36 -0.33 -0.29 -0.00 0.29 0.14 0.74 1.22 1.55 -0.28 -0.04 0.20 0.54 
Loss: 1.564022  SIA Ef: -0.022611 Binding: -0.25 -0.06 -0.63 -0.06 0.06 0.30 -0.25 0.67 0.08 -0.57 -0.03  Rvol: 0.55 0.99 1.37 -0.33 -0.28 0.00 0.30 0.14 0.74 1.24 1.57 -0.28 -0.03 0.21 0.55 
Loss: 1.449335  SIA Ef: 0.136640 Binding: -0.25 -0.11 -0.43 -0.05 0.01 0.27 -0.26 0.71 -0.06 -0.58 -0.06  Rvol: 0.56 1.00 1.40 -0.33 -0.28 0.00 0.31 0.14 0.75 1.27 1.60 -0.28 -0.04 0.21 0.55 
Loss: 1.472941  SIA Ef: 0.151743 Binding: -0.26 -0.14 -0.41 -0.06 -0.01 0.28 -0.26 0.72 -0.07 -0.58 -0.06  Rvol: 0.56 1.00 1.40 -0.33 -0.28 0.00 0.31 0.14 0.75 1.27 1.61 -0.28 -0.04 0.21 0.56 
Loss: 1.448636  SIA Ef: 0.137069 Binding: -0.25 -0.11 -0.43 -0.05 0.01 0.27 -0.25 0.71 -0.06 -0.58 -0.06  Rvol: 0.56 1.00 1.40 -0.33 -0.28 0.00 0.31 0.14 0.75 1.27 1.60 -0.28 -0.04 0.21 0.55 
Loss: 1.510599  SIA Ef: 0.306035 Binding: -0.26 -0.12 -0.33 -0.04 -0.00 0.27 -0.27 0.71 -0.13 -0.60 -0.09  Rvol: 0.57 1.01 1.42 -0.33 -0.28 0.01 0.32 0.14 0.76 1.28 1.63 -0.28 -0.04 0.22 0.56 
Loss: 1.444195  SIA Ef: 0.135733 Binding: -0.26 -0.11 -0.44 -0.05 0.01 0.27 -0.25 0.70 -0.06 -0.58 -0.06  Rvol: 0.56 1.00 1.40 -0.33 -0.28 0.00 0.31 0.14 0.75 1.27 1.60 -0.28 -0.04 0.21 0.55 
Loss: 1.435049  SIA Ef: 0.189144 Binding: -0.26 -0.09 -0.38 -0.03 0.02 0.29 -0.21 0.74 -0.08 -0.57 -0.03  Rvol: 0.56 1.00 1.40 -0.33 -0.28 0.01 0.31 0.14 0.75 1.26 1.61 -0.28 -0.04 0.21 0.56 
Loss: 1.434043  SIA Ef: 0.188236 Binding: -0.26 -0.09 -0.38 -0.03 0.02 0.29 -0.21 0.74 -0.08 -0.57 -0.03  Rvol: 0.56 1.00 1.40 -0.33 -0.28 0.01 0.31 0.14 0.75 1.26 1.61 -0.28 -0.04 0.21 0.56 
Loss: 1.475037  SIA Ef: 0.232189 Binding: -0.27 -0.13 -0.30 -0.04 -0.02 0.29 -0.17 0.78 -0.13 -0.56 -0.02  Rvol: 0.57 1.00 1.41 -0.33 -0.28 0.00 0.30 0.14 0.75 1.28 1.63 -0.28 -0.04 0.21 0.56 
Loss: 1.326627  SIA Ef: 0.081800 Binding: -0.28 -0.07 -0.31 -0.02 0.02 0.28 -0.19 0.71 -0.11 -0.58 -0.05  Rvol: 0.56 0.99 1.39 -0.33 -0.28 0.00 0.30 0.14 0.75 1.26 1.60 -0.28 -0.04 0.21 0.55 
Loss: 1.300982  SIA Ef: 0.017262 Binding: -0.27 -0.05 -0.34 -0.02 0.04 0.29 -0.20 0.70 -0.09 -0.58 -0.04  Rvol: 0.55 0.98 1.38 -0.33 -0.28 0.00 0.30 0.14 0.75 1.25 1.59 -0.28 -0.04 0.21 0.54 
Loss: 1.301062  SIA Ef: 0.017730 Binding: -0.27 -0.05 -0.34 -0.02 0.04 0.29 -0.20 0.70 -0.09 -0.58 -0.04  Rvol: 0.55 0.98 1.38 -0.33 -0.28 0.00 0.30 0.14 0.75 1.25 1.59 -0.28 -0.04 0.21 0.54 
Loss: 1.357595  SIA Ef: -0.163047 Binding: -0.42 0.13 -0.38 -0.01 0.07 0.30 -0.05 0.66 -0.06 -0.58 -0.05  Rvol: 0.54 0.92 1.36 -0.33 -0.28 -0.00 0.29 0.14 0.74 1.23 1.56 -0.28 -0.04 0.20 0.53 
Loss: 1.295756  SIA Ef: 0.037664 Binding: -0.27 -0.05 -0.33 -0.01 0.04 0.29 -0.21 0.69 -0.10 -0.58 -0.05  Rvol: 0.56 0.99 1.38 -0.33 -0.28 0.00 0.30 0.14 0.75 1.25 1.59 -0.28 -0.04 0.21 0.54 
Loss: 1.328823  SIA Ef: 0.163941 Binding: -0.27 -0.07 -0.17 0.01 0.02 0.27 -0.22 0.70 -0.19 -0.61 -0.08  Rvol: 0.56 0.99 1.40 -0.33 -0.28 0.00 0.30 0.14 0.76 1.27 1.62 -0.28 -0.04 0.21 0.55 
Loss: 1.296259  SIA Ef: 0.038782 Binding: -0.27 -0.05 -0.33 -0.01 0.04 0.28 -0.21 0.69 -0.10 -0.58 -0.05  Rvol: 0.56 0.99 1.38 -0.33 -0.28 0.00 0.30 0.14 0.75 1.25 1.59 -0.28 -0.04 0.21 0.54 
Loss: 1.313731  SIA Ef: 0.050068 Binding: -0.27 -0.08 -0.23 -0.01 0.01 0.29 -0.18 0.73 -0.16 -0.58 -0.04  Rvol: 0.56 0.99 1.39 -0.33 -0.28 -0.00 0.29 0.14 0.75 1.26 1.60 -0.28 -0.04 0.20 0.54 
Loss: 1.310519  SIA Ef: 0.053749 Binding: -0.27 -0.05 -0.35 -0.01 0.04 0.29 -0.21 0.69 -0.09 -0.58 -0.05  Rvol: 0.56 0.99 1.38 -0.33 -0.28 0.00 0.30 0.14 0.75 1.25 1.59 -0.28 -0.04 0.21 0.54 
Loss: 1.305133  SIA Ef: 0.074832 Binding: -0.27 -0.04 -0.32 -0.01 0.05 0.29 -0.19 0.71 -0.10 -0.57 -0.03  Rvol: 0.56 0.99 1.39 -0.33 -0.28 0.00 0.30 0.14 0.75 1.25 1.59 -0.28 -0.04 0.21 0.55 
Loss: 1.292713  SIA Ef: 0.040030 Binding: -0.27 -0.05 -0.33 -0.01 0.04 0.29 -0.21 0.69 -0.10 -0.58 -0.05  Rvol: 0.56 0.98 1.38 -0.33 -0.28 0.00 0.30 0.14 0.75 1.25 1.59 -0.28 -0.04 0.21 0.54 
Loss: 1.330173  SIA Ef: 0.043065 Binding: -0.27 -0.05 -0.39 -0.02 0.04 0.30 -0.22 0.68 -0.07 -0.58 -0.06  Rvol: 0.55 0.99 1.38 -0.33 -0.28 0.00 0.30 0.14 0.75 1.25 1.59 -0.28 -0.04 0.21 0.54 
Loss: 1.283410  SIA Ef: 0.008494 Binding: -0.27 -0.04 -0.34 -0.01 0.05 0.29 -0.21 0.68 -0.09 -0.58 -0.05  Rvol: 0.55 0.98 1.38 -0.33 -0.28 -0.00 0.29 0.14 0.75 1.25 1.58 -0.28 -0.04 0.21 0.54 
Loss: 1.331936  SIA Ef: -0.069962 Binding: -0.41 0.12 -0.36 -0.01 0.06 0.29 -0.06 0.67 -0.07 -0.58 -0.05  Rvol: 0.55 0.92 1.37 -0.33 -0.28 -0.00 0.29 0.14 0.74 1.24 1.57 -0.28 -0.04 0.20 0.54 
Loss: 1.287032  SIA Ef: -0.003579 Binding: -0.27 -0.04 -0.34 -0.01 0.04 0.29 -0.20 0.69 -0.09 -0.58 -0.05  Rvol: 0.55 0.98 1.38 -0.33 -0.28 -0.00 0.29 0.14 0.74 1.25 1.58 -0.28 -0.04 0.20 0.54 
Loss: 1.279298  SIA Ef: 0.065292 Binding: -0.28 -0.06 -0.25 -0.01 0.03 0.28 -0.20 0.70 -0.14 -0.59 -0.06  Rvol: 0.56 0.99 1.39 -0.33 -0.28 -0.00 0.29 0.14 0.75 1.26 1.60 -0.28 -0.04 0.21 0.54 
Loss: 1.279756  SIA Ef: 0.063612 Binding: -0.28 -0.05 -0.27 -0.01 0.03 0.28 -0.20 0.69 -0.13 -0.59 -0.06  Rvol: 0.56 0.99 1.39 -0.33 -0.28 0.00 0.30 0.14 0.75 1.26 1.60 -0.28 -0.04 0.21 0.54 
Loss: 1.312347  SIA Ef: 0.107642 Binding: -0.28 -0.08 -0.19 -0.00 0.01 0.28 -0.19 0.72 -0.18 -0.59 -0.06  Rvol: 0.56 0.99 1.39 -0.33 -0.28 -0.00 0.29 0.14 0.75 1.27 1.61 -0.28 -0.04 0.21 0.54 
Loss: 1.287430  SIA Ef: 0.071067 Binding: -0.28 -0.06 -0.27 -0.01 0.03 0.28 -0.21 0.69 -0.13 -0.59 -0.07  Rvol: 0.56 0.99 1.39 -0.33 -0.28 0.00 0.30 0.14 0.75 1.26 1.60 -0.28 -0.04 0.21 0.54 
Loss: 1.279309  SIA Ef: 0.065251 Binding: -0.28 -0.06 -0.25 -0.01 0.03 0.28 -0.20 0.70 -0.14 -0.59 -0.06  Rvol: 0.56 0.99 1.39 -0.33 -0.28 -0.00 0.29 0.14 0.75 1.26 1.60 -0.28 -0.04 0.21 0.54 
Loss: 1.284569  SIA Ef: 0.084737 Binding: -0.28 -0.05 -0.25 -0.00 0.03 0.28 -0.19 0.70 -0.14 -0.58 -0.05  Rvol: 0.56 0.99 1.39 -0.33 -0.28 0.00 0.30 0.14 0.75 1.26 1.60 -0.28 -0.04 0.21 0.54 
Loss: 1.281860  SIA Ef: 0.062149 Binding: -0.28 -0.06 -0.25 -0.01 0.03 0.28 -0.20 0.70 -0.14 -0.59 -0.06  Rvol: 0.56 0.99 1.39 -0.33 -0.28 -0.00 0.29 0.14 0.75 1.26 1.60 -0.28 -0.04 0.21 0.54 
Loss: 1.317948  SIA Ef: 0.030865 Binding: -0.42 0.10 -0.26 -0.00 0.04 0.28 -0.06 0.68 -0.13 -0.59 -0.07  Rvol: 0.56 0.94 1.38 -0.33 -0.28 -0.00 0.29 0.14 0.75 1.25 1.59 -0.28 -0.04 0.21 0.54 
Loss: 1.279148  SIA Ef: 0.065121 Binding: -0.28 -0.06 -0.25 -0.01 0.03 0.28 -0.20 0.70 -0.14 -0.59 -0.06  Rvol: 0.56 0.99 1.39 -0.33 -0.28 -0.00 0.29 0.14 0.75 1.26 1.60 -0.28 -0.04 0.21 0.54 
Loss: 1.300426  SIA Ef: 0.093315 Binding: -0.28 -0.07 -0.23 -0.01 0.02 0.28 -0.20 0.71 -0.16 -0.59 -0.06  Rvol: 0.56 0.99 1.39 -0.33 -0.28 -0.00 0.29 0.14 0.75 1.26 1.60 -0.28 -0.04 0.21 0.54 
Loss: 1.277294  SIA Ef: 0.063103 Binding: -0.28 -0.06 -0.26 -0.01 0.03 0.28 -0.20 0.69 -0.14 -0.59 -0.06  Rvol: 0.56 0.99 1.39 -0.33 -0.28 -0.00 0.29 0.14 0.75 1.26 1.60 -0.28 -0.04 0.21 0.54 
Loss: 1.316375  SIA Ef: 0.028647 Binding: -0.42 0.10 -0.26 -0.00 0.04 0.28 -0.06 0.68 -0.13 -0.59 -0.07  Rvol: 0.56 0.94 1.38 -0.33 -0.28 -0.00 0.29 0.14 0.75 1.25 1.59 -0.28 -0.04 0.21 0.54 
Loss: 1.281490  SIA Ef: 0.082544 Binding: -0.28 -0.06 -0.24 -0.00 0.03 0.28 -0.20 0.69 -0.15 -0.59 -0.07  Rvol: 0.56 0.99 1.39 -0.33 -0.28 0.00 0.29 0.14 0.75 1.26 1.60 -0.28 -0.04 0.21 0.54 
Loss: 1.285002  SIA Ef: 0.064757 Binding: -0.28 -0.05 -0.28 -0.01 0.03 0.28 -0.20 0.69 -0.12 -0.59 -0.06  Rvol: 0.56 0.99 1.39 -0.33 -0.28 0.00 0.30 0.14 0.75 1.26 1.60 -0.28 -0.04 0.21 0.54 
Loss: 1.277474  SIA Ef: 0.064099 Binding: -0.28 -0.06 -0.26 -0.01 0.03 0.28 -0.20 0.69 -0.14 -0.59 -0.07  Rvol: 0.56 0.99 1.39 -0.33 -0.28 -0.00 0.29 0.14 0.75 1.26 1.60 -0.28 -0.04 0.21 0.54 
Loss: 1.285865  SIA Ef: 0.066725 Binding: -0.28 -0.06 -0.27 -0.01 0.03 0.28 -0.21 0.69 -0.13 -0.59 -0.06  Rvol: 0.56 0.99 1.39 -0.33 -0.28 0.00 0.30 0.14 0.75 1.26 1.60 -0.28 -0.04 0.21 0.54 
Loss: 1.279029  SIA Ef: 0.072446 Binding: -0.28 -0.06 -0.25 -0.00 0.03 0.28 -0.19 0.70 -0.14 -0.58 -0.06  Rvol: 0.56 0.99 1.39 -0.33 -0.28 0.00 0.30 0.14 0.75 1.26 1.60 -0.28 -0.04 0.21 0.54 
Loss: 1.277216  SIA Ef: 0.063077 Binding: -0.28 -0.06 -0.26 -0.01 0.03 0.28 -0.20 0.69 -0.14 -0.59 -0.06  Rvol: 0.56 0.99 1.39 -0.33 -0.28 -0.00 0.29 0.14 0.75 1.26 1.60 -0.28 -0.04 0.21 0.54 
Loss: 1.282905  SIA Ef: 0.073927 Binding: -0.28 -0.06 -0.25 -0.01 0.02 0.28 -0.20 0.70 -0.15 -0.59 -0.06  Rvol: 0.56 0.99 1.39 -0.33 -0.28 -0.00 0.29 0.14 0.75 1.26 1.60 -0.28 -0.04 0.21 0.54 
Loss: 1.279022  SIA Ef: 0.063849 Binding: -0.28 -0.06 -0.27 -0.01 0.03 0.28 -0.20 0.69 -0.13 -0.59 -0.06  Rvol: 0.56 0.99 1.39 -0.33 -0.28 0.00 0.30 0.14 0.75 1.26 1.60 -0.28 -0.04 0.21 0.54 
Loss: 1.275770  SIA Ef: 0.061448 Binding: -0.28 -0.06 -0.26 -0.01 0.03 0.28 -0.20 0.69 -0.14 -0.59 -0.06  Rvol: 0.56 0.99 1.39 -0.33 -0.28 -0.00 0.29 0.14 0.75 1.26 1.60 -0.28 -0.04 0.21 0.54 
Loss: 1.327585  SIA Ef: 0.050191 Binding: -0.42 0.09 -0.26 -0.01 0.03 0.28 -0.05 0.69 -0.14 -0.59 -0.06  Rvol: 0.56 0.94 1.39 -0.33 -0.28 -0.00 0.29 0.14 0.75 1.26 1.60 -0.28 -0.04 0.21 0.54 
Loss: 1.275763  SIA Ef: 0.061393 Binding: -0.28 -0.06 -0.26 -0.01 0.03 0.28 -0.20 0.69 -0.14 -0.59 -0.06  Rvol: 0.56 0.99 1.39 -0.33 -0.28 -0.00 0.29 0.14 0.75 1.26 1.60 -0.28 -0.04 0.21 0.54 
Loss: 1.276974  SIA Ef: 0.060625 Binding: -0.28 -0.06 -0.26 -0.01 0.03 0.28 -0.20 0.69 -0.14 -0.59 -0.06  Rvol: 0.56 0.99 1.39 -0.33 -0.28 -0.00 0.29 0.14 0.75 1.26 1.60 -0.28 -0.04 0.21 0.54 
Loss: 1.275806  SIA Ef: 0.061670 Binding: -0.28 -0.06 -0.26 -0.01 0.03 0.28 -0.20 0.69 -0.14 -0.59 -0.06  Rvol: 0.56 0.99 1.39 -0.33 -0.28 -0.00 0.29 0.14 0.75 1.26 1.60 -0.28 -0.04 0.21 0.54 
Loss: 1.278294  SIA Ef: 0.073243 Binding: -0.28 -0.06 -0.25 -0.00 0.03 0.28 -0.20 0.69 -0.14 -0.59 -0.06  Rvol: 0.56 0.99 1.39 -0.33 -0.28 0.00 0.29 0.14 0.75 1.26 1.60 -0.28 -0.04 0.21 0.54 
Loss: 1.275762  SIA Ef: 0.061193 Binding: -0.28 -0.06 -0.26 -0.01 0.03 0.28 -0.20 0.69 -0.14 -0.59 -0.06  Rvol: 0.56 0.99 1.39 -0.33 -0.28 -0.00 0.29 0.14 0.75 1.26 1.60 -0.28 -0.04 0.21 0.54 
Loss: 1.276824  SIA Ef: 0.062561 Binding: -0.28 -0.06 -0.26 -0.01 0.03 0.28 -0.20 0.69 -0.14 -0.59 -0.06  Rvol: 0.56 0.99 1.39 -0.33 -0.28 -0.00 0.29 0.14 0.75 1.26 1.60 -0.28 -0.04 0.21 0.54 
Loss: 1.276295  SIA Ef: 0.062799 Binding: -0.28 -0.06 -0.25 -0.01 0.03 0.28 -0.20 0.69 -0.14 -0.59 -0.06  Rvol: 0.56 0.99 1.39 -0.33 -0.28 -0.00 0.29 0.14 0.75 1.26 1.60 -0.28 -0.04 0.21 0.54 
Loss: 1.278895  SIA Ef: 0.065971 Binding: -0.28 -0.06 -0.26 -0.01 0.03 0.28 -0.20 0.70 -0.14 -0.59 -0.06  Rvol: 0.56 0.99 1.39 -0.33 -0.28 -0.00 0.29 0.14 0.75 1.26 1.60 -0.28 -0.04 0.21 0.54 
Loss: 1.276550  SIA Ef: 0.061586 Binding: -0.28 -0.06 -0.26 -0.01 0.03 0.28 -0.20 0.69 -0.14 -0.59 -0.06  Rvol: 0.56 0.99 1.39 -0.33 -0.28 -0.00 0.30 0.14 0.75 1.26 1.60 -0.28 -0.04 0.21 0.54 
Loss: 1.275693  SIA Ef: 0.061183 Binding: -0.28 -0.06 -0.26 -0.01 0.03 0.28 -0.20 0.69 -0.14 -0.59 -0.06  Rvol: 0.56 0.99 1.39 -0.33 -0.28 -0.00 0.29 0.14 0.75 1.26 1.60 -0.28 -0.04 0.21 0.54 
Loss: 1.273152  SIA Ef: 0.055616 Binding: -0.28 -0.05 -0.26 -0.01 0.03 0.28 -0.20 0.69 -0.14 -0.59 -0.06  Rvol: 0.56 0.99 1.39 -0.33 -0.28 -0.00 0.29 0.14 0.75 1.26 1.60 -0.28 -0.04 0.21 0.54 
Loss: 1.327664  SIA Ef: 0.050497 Binding: -0.42 0.09 -0.26 -0.00 0.03 0.28 -0.05 0.69 -0.14 -0.59 -0.06  Rvol: 0.56 0.94 1.39 -0.33 -0.28 -0.00 0.29 0.14 0.75 1.26 1.60 -0.28 -0.04 0.21 0.54 
Loss: 1.273130  SIA Ef: 0.057149 Binding: -0.28 -0.05 -0.26 -0.00 0.03 0.28 -0.20 0.69 -0.14 -0.59 -0.06  Rvol: 0.56 0.99 1.39 -0.33 -0.28 -0.00 0.29 0.14 0.75 1.26 1.60 -0.28 -0.04 0.21 0.54 
Loss: 1.327572  SIA Ef: 0.051755 Binding: -0.42 0.09 -0.26 -0.00 0.03 0.28 -0.05 0.69 -0.14 -0.59 -0.06  Rvol: 0.56 0.94 1.39 -0.33 -0.28 -0.00 0.29 0.14 0.75 1.26 1.60 -0.28 -0.04 0.21 0.54 
Loss: 1.273088  SIA Ef: 0.058216 Binding: -0.28 -0.05 -0.26 -0.00 0.03 0.28 -0.20 0.69 -0.14 -0.59 -0.06  Rvol: 0.56 0.99 1.39 -0.33 -0.28 -0.00 0.29 0.14 0.75 1.26 1.60 -0.28 -0.04 0.21 0.54 
Loss: 1.274195  SIA Ef: 0.061033 Binding: -0.28 -0.05 -0.26 -0.00 0.03 0.28 -0.20 0.69 -0.14 -0.59 -0.06  Rvol: 0.56 0.99 1.39 -0.33 -0.28 -0.00 0.29 0.14 0.75 1.26 1.60 -0.28 -0.04 0.21 0.54 
Loss: 1.273066  SIA Ef: 0.058185 Binding: -0.28 -0.05 -0.26 -0.00 0.03 0.28 -0.20 0.69 -0.14 -0.59 -0.06  Rvol: 0.56 0.99 1.39 -0.33 -0.28 -0.00 0.29 0.14 0.75 1.26 1.60 -0.28 -0.04 0.21 0.54 
Loss: 1.273447  SIA Ef: 0.057605 Binding: -0.28 -0.05 -0.26 -0.01 0.03 0.28 -0.20 0.69 -0.14 -0.59 -0.06  Rvol: 0.56 0.99 1.39 -0.33 -0.28 -0.00 0.29 0.14 0.75 1.26 1.60 -0.28 -0.04 0.21 0.54 
Loss: 1.273175  SIA Ef: 0.057854 Binding: -0.28 -0.05 -0.26 -0.01 0.03 0.28 -0.20 0.69 -0.14 -0.59 -0.06  Rvol: 0.56 0.99 1.39 -0.33 -0.28 -0.00 0.29 0.14 0.75 1.26 1.60 -0.28 -0.04 0.21 0.54 
Loss: 1.273223  SIA Ef: 0.057259 Binding: -0.28 -0.05 -0.26 -0.01 0.03 0.28 -0.20 0.69 -0.14 -0.59 -0.06  Rvol: 0.56 0.99 1.39 -0.33 -0.28 -0.00 0.29 0.14 0.75 1.26 1.60 -0.28 -0.04 0.21 0.54 
Loss: 1.273606  SIA Ef: 0.059047 Binding: -0.28 -0.05 -0.26 -0.00 0.03 0.28 -0.20 0.69 -0.14 -0.59 -0.06  Rvol: 0.56 0.99 1.39 -0.33 -0.28 -0.00 0.29 0.14 0.75 1.26 1.60 -0.28 -0.04 0.21 0.54 
Loss: 1.273077  SIA Ef: 0.058141 Binding: -0.28 -0.05 -0.26 -0.00 0.03 0.28 -0.20 0.69 -0.14 -0.59 -0.06  Rvol: 0.56 0.99 1.39 -0.33 -0.28 -0.00 0.29 0.14 0.75 1.26 1.60 -0.28 -0.04 0.21 0.54 
Loss: 1.273641  SIA Ef: 0.059464 Binding: -0.28 -0.05 -0.26 -0.00 0.03 0.28 -0.20 0.69 -0.14 -0.59 -0.06  Rvol: 0.56 0.99 1.39 -0.33 -0.28 -0.00 0.29 0.14 0.75 1.26 1.60 -0.28 -0.04 0.21 0.54 
Loss: 1.273541  SIA Ef: 0.059157 Binding: -0.28 -0.05 -0.26 -0.00 0.03 0.28 -0.20 0.69 -0.14 -0.59 -0.06  Rvol: 0.56 0.99 1.39 -0.33 -0.28 -0.00 0.29 0.14 0.75 1.26 1.60 -0.28 -0.04 0.21 0.54 
Loss: 1.328706  SIA Ef: 0.055546 Binding: -0.42 0.09 -0.26 -0.00 0.03 0.28 -0.05 0.69 -0.14 -0.59 -0.06  Rvol: 0.56 0.94 1.39 -0.33 -0.28 -0.00 0.29 0.14 0.75 1.26 1.60 -0.28 -0.04 0.21 0.54 
Loss: 1.273646  SIA Ef: 0.059586 Binding: -0.28 -0.05 -0.26 -0.00 0.03 0.28 -0.20 0.69 -0.14 -0.59 -0.06  Rvol: 0.56 0.99 1.39 -0.33 -0.28 -0.00 0.29 0.14 0.75 1.26 1.60 -0.28 -0.04 0.21 0.54 
Loss: 1.273199  SIA Ef: 0.058065 Binding: -0.28 -0.05 -0.26 -0.00 0.03 0.28 -0.20 0.69 -0.14 -0.59 -0.06  Rvol: 0.56 0.99 1.39 -0.33 -0.28 -0.00 0.29 0.14 0.75 1.26 1.60 -0.28 -0.04 0.21 0.54 
Loss: 1.273095  SIA Ef: 0.058464 Binding: -0.28 -0.05 -0.26 -0.00 0.03 0.28 -0.20 0.69 -0.14 -0.59 -0.06  Rvol: 0.56 0.99 1.39 -0.33 -0.28 -0.00 0.29 0.14 0.75 1.26 1.60 -0.28 -0.04 0.21 0.54 
Loss: 1.273130  SIA Ef: 0.057645 Binding: -0.28 -0.05 -0.26 -0.01 0.03 0.28 -0.20 0.69 -0.14 -0.59 -0.06  Rvol: 0.56 0.99 1.39 -0.33 -0.28 -0.00 0.29 0.14 0.75 1.26 1.60 -0.28 -0.04 0.21 0.54 
Loss: 1.273173  SIA Ef: 0.058365 Binding: -0.28 -0.05 -0.26 -0.00 0.03 0.28 -0.20 0.69 -0.14 -0.59 -0.06  Rvol: 0.56 0.99 1.39 -0.33 -0.28 -0.00 0.29 0.14 0.75 1.26 1.60 -0.28 -0.04 0.21 0.54 
Loss: 1.329373  SIA Ef: 0.057111 Binding: -0.42 0.09 -0.26 -0.00 0.03 0.28 -0.05 0.69 -0.14 -0.59 -0.06  Rvol: 0.56 0.94 1.39 -0.33 -0.28 -0.00 0.29 0.14 0.75 1.26 1.60 -0.28 -0.04 0.21 0.54 
Loss: 1.273096  SIA Ef: 0.058190 Binding: -0.28 -0.05 -0.26 -0.00 0.03 0.28 -0.20 0.69 -0.14 -0.59 -0.06  Rvol: 0.56 0.99 1.39 -0.33 -0.28 -0.00 0.29 0.14 0.75 1.26 1.60 -0.28 -0.04 0.21 0.54 
Loss: 1.273348  SIA Ef: 0.058763 Binding: -0.28 -0.05 -0.26 -0.00 0.03 0.28 -0.20 0.69 -0.14 -0.59 -0.06  Rvol: 0.56 0.99 1.39 -0.33 -0.28 -0.00 0.29 0.14 0.75 1.26 1.60 -0.28 -0.04 0.21 0.54 
Loss: 1.273073  SIA Ef: 0.058301 Binding: -0.28 -0.05 -0.26 -0.00 0.03 0.28 -0.20 0.69 -0.14 -0.59 -0.06  Rvol: 0.56 0.99 1.39 -0.33 -0.28 -0.00 0.29 0.14 0.75 1.26 1.60 -0.28 -0.04 0.21 0.54 
Loss: 1.273303  SIA Ef: 0.058671 Binding: -0.28 -0.05 -0.26 -0.00 0.03 0.28 -0.20 0.69 -0.14 -0.59 -0.06  Rvol: 0.56 0.99 1.39 -0.33 -0.28 -0.00 0.29 0.14 0.75 1.26 1.60 -0.28 -0.04 0.21 0.54 
