Start Optimization 
Loss: 1.513280  SIA Ef: 0.388427 Binding: 0.02 -0.04 -0.86 0.04 -0.01 0.32 -0.20 -0.04 -0.06 -0.29 -0.34  Rvol: 0.62 1.03 1.47 -0.33 -0.40 -0.17 0.11 0.14 0.76 1.23 1.60 -0.28 -0.23 -0.04 0.22 
Loss: 1.636159  SIA Ef: 0.449074 Binding: 0.02 -0.02 -0.86 0.05 0.00 0.30 -0.25 -0.08 -0.08 -0.33 -0.39  Rvol: 0.62 1.04 1.48 -0.33 -0.40 -0.17 0.12 0.14 0.77 1.23 1.61 -0.28 -0.22 -0.03 0.23 
Loss: 57.536557  SIA Ef: 5.267552 Binding: 1.05 2.13 3.40 2.21 2.29 0.20 -0.17 0.39 -0.28 -0.34 -0.47  Rvol: 0.80 1.46 2.09 -0.33 -0.13 0.21 0.62 0.14 0.90 1.57 2.32 -0.28 -0.01 0.34 0.73 
Loss: 94.916895  SIA Ef: 0.820401 Binding: -0.95 1.82 -6.92 2.66 1.02 1.23 1.95 -1.50 4.63 -0.35 -1.19  Rvol: 0.63 1.08 2.00 -0.33 -0.23 0.94 1.38 0.14 0.87 1.53 1.73 -0.28 0.23 0.90 1.31 
Loss: 247.741518  SIA Ef: 12.208014 Binding: 3.48 2.24 7.31 3.08 2.25 1.36 -1.59 -0.22 -0.52 -0.81 -1.10  Rvol: 1.34 2.22 3.16 -0.33 -0.33 -0.12 0.28 0.14 1.36 2.48 3.20 -0.28 -0.19 0.03 0.43 
Loss: 16.010640  SIA Ef: 0.388427 Binding: 0.02 -0.04 -0.86 0.04 -0.01 -0.49 -2.02 -1.26 -0.86 -1.99 -2.06  Rvol: 0.62 1.03 1.47 -0.33 -0.40 -0.17 0.11 0.14 0.77 1.23 1.63 -0.28 -0.11 0.09 0.37 
Loss: 1.411067  SIA Ef: 0.388427 Binding: 0.02 -0.04 -0.86 0.04 -0.01 0.36 0.04 -0.13 -0.02 -0.18 -0.26  Rvol: 0.62 1.03 1.47 -0.33 -0.40 -0.17 0.11 0.14 0.77 1.20 1.60 -0.28 -0.27 -0.07 0.17 
Loss: 1.502354  SIA Ef: 0.388427 Binding: 0.02 -0.04 -0.86 0.04 -0.01 0.33 -0.09 -0.19 -0.05 -0.25 -0.35  Rvol: 0.62 1.03 1.47 -0.33 -0.40 -0.17 0.11 0.14 0.77 1.20 1.60 -0.28 -0.26 -0.06 0.19 
Loss: 8.975668  SIA Ef: 0.388427 Binding: -0.85 -1.35 -0.86 -0.97 -1.95 0.36 0.38 -0.26 -0.02 -0.16 -0.24  Rvol: 0.62 1.06 1.57 -0.33 -0.40 -0.16 0.15 0.14 0.77 1.33 1.78 -0.28 -0.27 -0.05 0.22 
Loss: 1.463361  SIA Ef: 0.388427 Binding: 0.01 0.17 -0.86 0.13 0.08 0.36 -0.04 -0.18 -0.02 -0.17 -0.25  Rvol: 0.62 1.01 1.46 -0.33 -0.40 -0.19 0.06 0.14 0.77 1.15 1.57 -0.28 -0.27 -0.10 0.12 
Loss: 1.409695  SIA Ef: 0.388427 Binding: 0.06 -0.05 -0.86 0.03 0.01 0.36 0.07 -0.09 -0.02 -0.16 -0.25  Rvol: 0.62 1.04 1.48 -0.33 -0.40 -0.16 0.13 0.14 0.77 1.21 1.62 -0.28 -0.27 -0.06 0.20 
Loss: 264.939610  SIA Ef: -13.940602 Binding: -0.02 0.83 -6.66 1.47 -0.55 0.60 -0.24 -0.57 3.92 -1.24 1.42  Rvol: -0.07 -0.01 -0.12 -0.33 -0.44 -0.53 -0.67 0.14 0.29 -0.10 -0.28 -0.28 -0.36 -0.63 -0.56 
Loss: 36.289773  SIA Ef: -0.424311 Binding: -0.56 0.78 -4.93 0.02 -1.05 0.78 0.88 -0.83 1.96 -1.54 1.12  Rvol: 0.51 0.92 1.45 -0.33 -0.25 0.24 0.37 0.14 0.77 1.14 1.39 -0.28 0.04 0.02 0.59 
Loss: 1.385615  SIA Ef: 0.376070 Binding: 0.06 -0.05 -0.86 0.03 0.01 0.37 0.08 -0.07 -0.01 -0.15 -0.23  Rvol: 0.62 1.04 1.48 -0.33 -0.40 -0.16 0.13 0.14 0.77 1.21 1.61 -0.28 -0.27 -0.06 0.19 
Loss: 8.822945  SIA Ef: 2.196316 Binding: 0.22 0.92 0.87 0.90 0.90 0.36 0.25 0.21 -0.05 -0.12 -0.11  Rvol: 0.67 1.13 1.62 -0.33 -0.26 0.02 0.33 0.14 0.78 1.29 1.82 -0.28 -0.16 0.11 0.39 
Loss: 3.000434  SIA Ef: 0.566825 Binding: 0.07 -0.10 -0.74 0.05 -0.03 0.62 0.60 0.75 0.24 0.37 0.57  Rvol: 0.63 1.05 1.50 -0.33 -0.40 -0.16 0.14 0.14 0.77 1.22 1.65 -0.28 -0.27 -0.06 0.20 
Loss: 64.611208  SIA Ef: 6.574300 Binding: 0.91 1.02 3.68 1.33 0.80 0.21 -0.13 -0.37 -0.26 -0.40 -0.85  Rvol: 0.99 1.73 2.23 -0.33 -0.36 -0.17 0.24 0.14 1.13 1.81 2.48 -0.28 -0.24 -0.04 0.35 
Loss: 1.383717  SIA Ef: 0.374765 Binding: 0.06 -0.05 -0.86 0.03 0.01 0.41 0.18 0.02 0.02 -0.08 -0.14  Rvol: 0.62 1.04 1.48 -0.33 -0.40 -0.16 0.13 0.14 0.76 1.20 1.62 -0.28 -0.28 -0.07 0.19 
Loss: 40.423450  SIA Ef: -5.824697 Binding: -0.12 0.83 -2.05 -0.09 0.60 0.56 0.26 -0.37 0.36 -0.03 -0.04  Rvol: 0.31 0.47 0.72 -0.33 -0.42 -0.32 -0.23 0.14 0.52 0.67 0.75 -0.28 -0.30 -0.26 -0.19 
Loss: 1.408901  SIA Ef: 0.374491 Binding: 0.06 -0.05 -0.87 0.03 0.01 0.42 0.22 0.06 0.04 -0.05 -0.10  Rvol: 0.62 1.04 1.48 -0.33 -0.40 -0.16 0.13 0.14 0.76 1.20 1.62 -0.28 -0.28 -0.07 0.19 
Loss: 41.773226  SIA Ef: -1.779395 Binding: -0.56 0.80 -5.03 -0.09 -1.23 0.81 0.90 -0.79 1.93 -1.72 1.40  Rvol: 0.45 0.80 1.30 -0.33 -0.23 0.19 0.29 0.14 0.72 1.02 1.18 -0.28 0.01 -0.02 0.52 
Loss: 1.900138  SIA Ef: 0.569090 Binding: 0.31 0.39 -0.73 0.31 0.46 0.39 0.14 0.05 0.01 -0.09 -0.13  Rvol: 0.63 1.05 1.50 -0.33 -0.40 -0.17 0.13 0.14 0.77 1.21 1.64 -0.28 -0.28 -0.07 0.19 
Loss: 61.969511  SIA Ef: 5.840601 Binding: 0.99 1.10 4.38 1.57 0.91 0.36 -0.05 -0.21 -0.23 -0.38 -0.78  Rvol: 0.98 1.71 2.16 -0.33 -0.36 -0.21 0.18 0.14 1.11 1.77 2.40 -0.28 -0.24 -0.09 0.28 
Loss: 1.415400  SIA Ef: 0.376108 Binding: 0.11 -0.02 -0.86 0.03 0.05 0.41 0.21 0.06 0.02 -0.07 -0.13  Rvol: 0.62 1.04 1.50 -0.33 -0.40 -0.15 0.15 0.14 0.76 1.21 1.64 -0.28 -0.28 -0.06 0.21 
Loss: 61.971712  SIA Ef: 5.840596 Binding: 0.99 1.10 4.38 1.57 0.91 0.36 -0.05 -0.21 -0.23 -0.38 -0.78  Rvol: 0.98 1.71 2.16 -0.33 -0.36 -0.21 0.18 0.14 1.11 1.77 2.40 -0.28 -0.24 -0.09 0.28 
Loss: 1.389940  SIA Ef: 0.374800 Binding: 0.07 -0.05 -0.86 0.03 0.02 0.41 0.18 0.03 0.02 -0.07 -0.14  Rvol: 0.62 1.04 1.49 -0.33 -0.40 -0.16 0.14 0.14 0.76 1.20 1.62 -0.28 -0.28 -0.07 0.19 
Loss: 61.971814  SIA Ef: 5.840595 Binding: 0.99 1.10 4.38 1.57 0.91 0.36 -0.05 -0.21 -0.23 -0.38 -0.78  Rvol: 0.98 1.71 2.16 -0.33 -0.36 -0.21 0.18 0.14 1.11 1.77 2.40 -0.28 -0.24 -0.09 0.28 
Loss: 15.797684  SIA Ef: 3.204781 Binding: 0.38 0.37 1.78 0.66 0.28 0.23 -0.03 -0.34 -0.14 -0.21 -0.58  Rvol: 0.80 1.35 1.83 -0.33 -0.38 -0.20 0.15 0.14 0.90 1.47 2.09 -0.28 -0.27 -0.08 0.24 
Loss: 2.457481  SIA Ef: -0.357903 Binding: 0.03 -0.22 -1.32 -0.15 -0.20 0.43 0.17 -0.05 0.04 -0.09 -0.14  Rvol: 0.59 0.99 1.42 -0.33 -0.45 -0.22 0.08 0.14 0.73 1.16 1.54 -0.28 -0.30 -0.12 0.14 
Loss: 4.150853  SIA Ef: -1.779845 Binding: -0.10 0.51 -0.29 0.26 0.38 0.42 0.34 -0.01 0.01 -0.07 -0.17  Rvol: 0.52 0.84 1.20 -0.33 -0.38 -0.21 -0.02 0.14 0.67 1.00 1.35 -0.28 -0.29 -0.13 0.03 
Loss: 7.312882  SIA Ef: -0.500447 Binding: -0.30 0.56 -2.37 -0.18 0.23 0.53 0.53 -0.32 0.38 -0.06 -0.06  Rvol: 0.54 0.92 1.36 -0.33 -0.40 -0.13 0.16 0.14 0.72 1.13 1.44 -0.28 -0.18 -0.05 0.23 
Loss: 1.379641  SIA Ef: 0.369983 Binding: 0.06 -0.05 -0.86 0.03 0.01 0.41 0.18 0.03 0.02 -0.08 -0.13  Rvol: 0.62 1.04 1.48 -0.33 -0.40 -0.16 0.13 0.14 0.76 1.20 1.62 -0.28 -0.28 -0.07 0.19 
Loss: 1.039518  SIA Ef: -0.615118 Binding: 0.06 0.11 -0.46 0.16 0.18 0.40 0.18 0.04 0.01 -0.07 -0.14  Rvol: 0.58 0.95 1.35 -0.33 -0.39 -0.19 0.05 0.14 0.72 1.11 1.50 -0.28 -0.28 -0.10 0.11 
Loss: 1.286616  SIA Ef: -0.648923 Binding: 0.06 0.13 -0.50 0.15 0.19 0.47 0.31 0.23 0.08 0.06 0.05  Rvol: 0.58 0.95 1.35 -0.33 -0.39 -0.19 0.05 0.14 0.72 1.11 1.49 -0.28 -0.28 -0.10 0.11 
Loss: 2.695163  SIA Ef: 0.632691 Binding: 0.23 0.10 1.12 0.55 0.31 0.31 0.09 0.14 -0.07 -0.11 -0.26  Rvol: 0.66 1.10 1.52 -0.33 -0.38 -0.20 0.05 0.14 0.76 1.22 1.72 -0.28 -0.27 -0.10 0.12 
Loss: 1.132486  SIA Ef: -0.683430 Binding: -0.00 0.01 -0.52 0.08 0.07 0.41 0.19 0.03 0.02 -0.07 -0.14  Rvol: 0.57 0.95 1.34 -0.33 -0.39 -0.19 0.05 0.14 0.72 1.11 1.49 -0.28 -0.28 -0.10 0.11 
Loss: 5.409327  SIA Ef: -1.421997 Binding: -0.15 0.71 -1.43 0.07 0.48 0.46 0.34 -0.31 0.11 -0.11 -0.24  Rvol: 0.51 0.83 1.22 -0.33 -0.37 -0.16 0.07 0.14 0.68 1.02 1.33 -0.28 -0.24 -0.08 0.12 
Loss: 1.047942  SIA Ef: -0.620810 Binding: 0.05 0.11 -0.46 0.16 0.18 0.40 0.17 0.04 0.01 -0.07 -0.15  Rvol: 0.58 0.95 1.35 -0.33 -0.39 -0.19 0.05 0.14 0.72 1.11 1.49 -0.28 -0.28 -0.10 0.10 
Loss: 3.212283  SIA Ef: -1.420850 Binding: 0.01 -0.03 -0.89 -0.02 0.00 0.41 0.16 -0.05 0.02 -0.10 -0.17  Rvol: 0.55 0.91 1.28 -0.33 -0.43 -0.24 -0.01 0.14 0.70 1.05 1.40 -0.28 -0.31 -0.16 0.04 
Loss: 1.037731  SIA Ef: -0.615660 Binding: 0.06 0.11 -0.46 0.16 0.18 0.40 0.17 0.03 0.01 -0.08 -0.15  Rvol: 0.58 0.95 1.35 -0.33 -0.39 -0.19 0.05 0.14 0.72 1.11 1.50 -0.28 -0.28 -0.10 0.11 
Loss: 3.420172  SIA Ef: -0.989584 Binding: -0.13 0.68 -1.09 0.14 0.48 0.44 0.34 -0.23 0.07 -0.11 -0.24  Rvol: 0.53 0.86 1.26 -0.33 -0.36 -0.15 0.09 0.14 0.70 1.05 1.40 -0.28 -0.24 -0.07 0.14 
Loss: 1.034848  SIA Ef: -0.614419 Binding: 0.06 0.11 -0.46 0.16 0.18 0.40 0.17 0.03 0.01 -0.08 -0.15  Rvol: 0.58 0.95 1.35 -0.33 -0.39 -0.19 0.05 0.14 0.72 1.11 1.50 -0.28 -0.28 -0.10 0.11 
Loss: 2.907586  SIA Ef: 0.715166 Binding: 0.24 0.14 1.13 0.58 0.35 0.31 0.08 0.14 -0.07 -0.12 -0.27  Rvol: 0.66 1.10 1.53 -0.33 -0.37 -0.19 0.06 0.14 0.76 1.23 1.73 -0.28 -0.27 -0.09 0.13 
Loss: 1.045176  SIA Ef: -0.614891 Binding: 0.06 0.11 -0.46 0.16 0.18 0.41 0.19 0.06 0.02 -0.06 -0.12  Rvol: 0.58 0.95 1.35 -0.33 -0.39 -0.19 0.05 0.14 0.72 1.11 1.50 -0.28 -0.28 -0.10 0.11 
Loss: 4.127831  SIA Ef: -1.607992 Binding: -0.00 0.05 -1.06 -0.04 0.05 0.41 0.14 -0.14 0.03 -0.12 -0.22  Rvol: 0.53 0.89 1.26 -0.33 -0.43 -0.24 -0.01 0.14 0.69 1.03 1.36 -0.28 -0.30 -0.15 0.04 
Loss: 1.222115  SIA Ef: -0.704132 Binding: 0.09 0.21 -0.41 0.21 0.28 0.37 0.11 -0.06 -0.02 -0.14 -0.25  Rvol: 0.57 0.95 1.34 -0.33 -0.38 -0.19 0.05 0.14 0.72 1.10 1.48 -0.28 -0.28 -0.10 0.10 
Loss: 3.207826  SIA Ef: -0.880843 Binding: -0.16 0.63 -1.15 0.10 0.42 0.47 0.39 -0.16 0.10 -0.05 -0.16  Rvol: 0.54 0.87 1.28 -0.33 -0.36 -0.14 0.09 0.14 0.70 1.07 1.41 -0.28 -0.24 -0.06 0.14 
Loss: 2.312760  SIA Ef: -1.128115 Binding: 0.02 0.08 -0.80 0.04 0.11 0.41 0.16 -0.06 0.02 -0.09 -0.18  Rvol: 0.55 0.92 1.30 -0.33 -0.41 -0.21 0.01 0.14 0.70 1.07 1.42 -0.28 -0.29 -0.13 0.07 
Loss: 1.038460  SIA Ef: -0.616914 Binding: 0.06 0.11 -0.46 0.16 0.18 0.40 0.17 0.03 0.01 -0.08 -0.15  Rvol: 0.58 0.95 1.35 -0.33 -0.39 -0.19 0.05 0.14 0.72 1.11 1.50 -0.28 -0.28 -0.10 0.11 
Loss: 1.854973  SIA Ef: -0.764637 Binding: 0.02 0.31 -0.82 0.12 0.30 0.44 0.22 -0.08 0.05 -0.06 -0.17  Rvol: 0.56 0.93 1.31 -0.33 -0.37 -0.16 0.07 0.14 0.71 1.09 1.45 -0.28 -0.26 -0.08 0.12 
Loss: 1.233338  SIA Ef: -0.815129 Binding: 0.06 0.14 -0.32 0.20 0.21 0.40 0.17 0.06 0.01 -0.07 -0.14  Rvol: 0.57 0.94 1.32 -0.33 -0.38 -0.19 0.03 0.14 0.71 1.09 1.47 -0.28 -0.28 -0.11 0.09 
Loss: 0.703335  SIA Ef: 0.202843 Binding: 0.13 -0.05 0.24 0.32 0.13 0.35 0.12 0.21 -0.04 -0.10 -0.12  Rvol: 0.63 1.04 1.46 -0.33 -0.38 -0.18 0.06 0.14 0.74 1.18 1.63 -0.28 -0.27 -0.09 0.13 
Loss: 0.999167  SIA Ef: 0.302484 Binding: 0.16 -0.02 0.29 0.35 0.17 0.40 0.24 0.39 0.02 0.02 0.04  Rvol: 0.63 1.04 1.48 -0.33 -0.38 -0.18 0.06 0.14 0.74 1.19 1.64 -0.28 -0.27 -0.09 0.14 
Loss: 0.641809  SIA Ef: 0.185839 Binding: 0.11 -0.10 0.20 0.28 0.06 0.35 0.13 0.21 -0.03 -0.10 -0.11  Rvol: 0.63 1.03 1.46 -0.33 -0.38 -0.18 0.06 0.14 0.74 1.18 1.62 -0.28 -0.27 -0.09 0.14 
Loss: 1.471532  SIA Ef: 0.418283 Binding: 0.15 -0.11 0.70 0.42 0.19 0.32 0.10 0.26 -0.06 -0.12 -0.21  Rvol: 0.64 1.06 1.50 -0.33 -0.37 -0.18 0.06 0.14 0.74 1.20 1.67 -0.28 -0.27 -0.09 0.13 
Loss: 0.644297  SIA Ef: 0.233655 Binding: 0.10 -0.17 0.14 0.24 0.00 0.34 0.11 0.19 -0.04 -0.11 -0.14  Rvol: 0.63 1.04 1.47 -0.33 -0.38 -0.19 0.06 0.14 0.75 1.19 1.63 -0.28 -0.28 -0.09 0.13 
Loss: 0.640676  SIA Ef: 0.186406 Binding: 0.11 -0.10 0.20 0.28 0.06 0.35 0.13 0.20 -0.03 -0.10 -0.11  Rvol: 0.63 1.03 1.46 -0.33 -0.38 -0.18 0.06 0.14 0.74 1.18 1.62 -0.28 -0.27 -0.09 0.14 
Loss: 0.629266  SIA Ef: 0.314868 Binding: 0.09 -0.08 0.05 0.25 0.03 0.35 0.13 0.17 -0.03 -0.10 -0.09  Rvol: 0.63 1.04 1.47 -0.33 -0.37 -0.17 0.08 0.14 0.75 1.19 1.63 -0.28 -0.27 -0.08 0.16 
Loss: 0.628871  SIA Ef: 0.293097 Binding: 0.09 -0.10 0.07 0.25 0.02 0.36 0.14 0.19 -0.02 -0.09 -0.07  Rvol: 0.63 1.04 1.47 -0.33 -0.37 -0.17 0.08 0.14 0.75 1.19 1.63 -0.28 -0.27 -0.08 0.15 
Loss: 0.549878  SIA Ef: 0.146379 Binding: 0.09 -0.08 0.11 0.26 0.04 0.35 0.13 0.17 -0.03 -0.10 -0.09  Rvol: 0.62 1.02 1.45 -0.33 -0.37 -0.17 0.07 0.14 0.74 1.17 1.61 -0.28 -0.27 -0.08 0.14 
Loss: 0.544163  SIA Ef: 0.142305 Binding: 0.09 -0.07 0.11 0.26 0.04 0.35 0.13 0.17 -0.03 -0.10 -0.09  Rvol: 0.62 1.02 1.45 -0.33 -0.37 -0.17 0.07 0.14 0.74 1.17 1.61 -0.28 -0.27 -0.08 0.14 
Loss: 0.484798  SIA Ef: -0.097208 Binding: 0.06 -0.04 -0.11 0.21 0.09 0.37 0.14 0.13 -0.02 -0.10 -0.14  Rvol: 0.61 1.00 1.41 -0.33 -0.38 -0.18 0.07 0.14 0.74 1.15 1.57 -0.28 -0.27 -0.08 0.13 
Loss: 0.562461  SIA Ef: -0.248632 Binding: 0.04 0.01 -0.26 0.17 0.11 0.38 0.16 0.07 -0.01 -0.09 -0.15  Rvol: 0.60 0.99 1.39 -0.33 -0.38 -0.18 0.07 0.14 0.73 1.14 1.55 -0.28 -0.27 -0.09 0.13 
Loss: 0.457133  SIA Ef: -0.026328 Binding: 0.06 -0.07 0.05 0.24 0.01 0.34 0.09 0.09 -0.05 -0.14 -0.13  Rvol: 0.61 1.01 1.42 -0.33 -0.37 -0.18 0.06 0.14 0.73 1.16 1.59 -0.28 -0.27 -0.08 0.13 
Loss: 0.535451  SIA Ef: 0.084156 Binding: 0.08 -0.08 0.15 0.27 0.04 0.35 0.12 0.17 -0.03 -0.10 -0.10  Rvol: 0.62 1.02 1.44 -0.33 -0.37 -0.18 0.06 0.14 0.74 1.17 1.61 -0.28 -0.27 -0.08 0.14 
Loss: 0.466242  SIA Ef: -0.050157 Binding: 0.07 -0.03 0.08 0.26 0.04 0.35 0.10 0.10 -0.04 -0.13 -0.12  Rvol: 0.61 1.01 1.42 -0.33 -0.37 -0.17 0.06 0.14 0.73 1.15 1.58 -0.28 -0.27 -0.08 0.13 
Loss: 0.504578  SIA Ef: 0.016892 Binding: 0.09 -0.04 0.11 0.28 0.07 0.33 0.07 0.09 -0.06 -0.15 -0.16  Rvol: 0.61 1.01 1.43 -0.33 -0.37 -0.18 0.06 0.14 0.73 1.16 1.59 -0.28 -0.27 -0.09 0.13 
Loss: 0.456865  SIA Ef: -0.024960 Binding: 0.06 -0.07 0.05 0.24 0.01 0.34 0.09 0.10 -0.05 -0.14 -0.13  Rvol: 0.61 1.01 1.42 -0.33 -0.37 -0.18 0.06 0.14 0.73 1.16 1.59 -0.28 -0.27 -0.08 0.14 
Loss: 0.485097  SIA Ef: 0.014041 Binding: 0.05 -0.12 0.09 0.23 -0.02 0.35 0.12 0.15 -0.04 -0.11 -0.10  Rvol: 0.61 1.01 1.43 -0.33 -0.37 -0.18 0.06 0.14 0.74 1.16 1.60 -0.28 -0.27 -0.08 0.13 
Loss: 0.493874  SIA Ef: -0.100417 Binding: 0.07 -0.08 0.13 0.26 0.03 0.34 0.09 0.11 -0.05 -0.14 -0.14  Rvol: 0.61 1.01 1.42 -0.33 -0.37 -0.18 0.05 0.14 0.73 1.15 1.58 -0.28 -0.27 -0.09 0.13 
Loss: 0.506643  SIA Ef: 0.155745 Binding: 0.07 -0.09 0.05 0.24 0.01 0.33 0.08 0.08 -0.05 -0.15 -0.16  Rvol: 0.62 1.02 1.45 -0.33 -0.37 -0.17 0.07 0.14 0.74 1.18 1.61 -0.28 -0.27 -0.08 0.15 
Loss: 0.570465  SIA Ef: -0.274868 Binding: 0.02 -0.01 -0.24 0.16 0.08 0.35 0.09 -0.03 -0.04 -0.16 -0.26  Rvol: 0.59 0.98 1.39 -0.33 -0.37 -0.17 0.07 0.14 0.73 1.14 1.55 -0.28 -0.27 -0.08 0.13 
Loss: 0.470971  SIA Ef: -0.000094 Binding: 0.07 -0.05 0.07 0.26 0.04 0.33 0.08 0.09 -0.05 -0.15 -0.15  Rvol: 0.61 1.01 1.43 -0.33 -0.37 -0.18 0.06 0.14 0.73 1.16 1.59 -0.28 -0.27 -0.08 0.14 
Loss: 0.460379  SIA Ef: -0.015637 Binding: 0.06 -0.07 0.06 0.24 0.01 0.34 0.09 0.09 -0.05 -0.14 -0.13  Rvol: 0.61 1.01 1.42 -0.33 -0.37 -0.18 0.06 0.14 0.73 1.16 1.59 -0.28 -0.27 -0.08 0.14 
Loss: 0.547576  SIA Ef: 0.117678 Binding: 0.08 -0.09 0.17 0.27 0.04 0.33 0.08 0.11 -0.06 -0.15 -0.16  Rvol: 0.62 1.02 1.45 -0.33 -0.37 -0.17 0.07 0.14 0.74 1.17 1.61 -0.28 -0.27 -0.08 0.14 
Loss: 0.474698  SIA Ef: 0.000132 Binding: 0.06 -0.08 0.09 0.25 0.02 0.33 0.09 0.09 -0.05 -0.14 -0.15  Rvol: 0.61 1.01 1.43 -0.33 -0.37 -0.18 0.06 0.14 0.73 1.16 1.59 -0.28 -0.27 -0.08 0.14 
Loss: 0.451138  SIA Ef: -0.026650 Binding: 0.06 -0.06 -0.00 0.23 0.00 0.35 0.12 0.12 -0.03 -0.11 -0.08  Rvol: 0.61 1.01 1.42 -0.33 -0.37 -0.17 0.06 0.14 0.73 1.16 1.59 -0.28 -0.27 -0.08 0.14 
Loss: 0.475730  SIA Ef: -0.112507 Binding: 0.05 -0.05 -0.10 0.21 0.08 0.36 0.13 0.10 -0.03 -0.11 -0.17  Rvol: 0.61 1.00 1.41 -0.33 -0.37 -0.17 0.07 0.14 0.74 1.15 1.57 -0.28 -0.27 -0.08 0.14 
Loss: 0.449711  SIA Ef: -0.022506 Binding: 0.06 -0.06 -0.01 0.23 0.01 0.35 0.12 0.12 -0.03 -0.12 -0.09  Rvol: 0.61 1.01 1.42 -0.33 -0.37 -0.17 0.06 0.14 0.74 1.16 1.59 -0.28 -0.27 -0.08 0.14 
Loss: 0.454178  SIA Ef: 0.014208 Binding: 0.06 -0.07 -0.01 0.23 0.00 0.35 0.12 0.12 -0.03 -0.11 -0.09  Rvol: 0.61 1.01 1.42 -0.33 -0.37 -0.17 0.06 0.14 0.74 1.16 1.59 -0.28 -0.27 -0.08 0.14 
Loss: 0.450027  SIA Ef: -0.031549 Binding: 0.06 -0.05 -0.00 0.23 0.01 0.35 0.12 0.12 -0.03 -0.11 -0.08  Rvol: 0.61 1.01 1.42 -0.33 -0.37 -0.17 0.06 0.14 0.73 1.16 1.58 -0.28 -0.27 -0.08 0.14 
Loss: 0.467890  SIA Ef: 0.047194 Binding: 0.07 -0.06 0.02 0.24 0.02 0.35 0.12 0.13 -0.03 -0.11 -0.09  Rvol: 0.61 1.01 1.43 -0.33 -0.37 -0.17 0.07 0.14 0.74 1.16 1.60 -0.28 -0.27 -0.08 0.14 
Loss: 0.449784  SIA Ef: -0.034563 Binding: 0.06 -0.06 -0.01 0.23 0.00 0.35 0.12 0.12 -0.03 -0.11 -0.08  Rvol: 0.61 1.01 1.42 -0.33 -0.37 -0.17 0.06 0.14 0.73 1.16 1.58 -0.28 -0.27 -0.08 0.14 
Loss: 0.460657  SIA Ef: -0.046646 Binding: 0.07 -0.06 0.03 0.24 0.02 0.35 0.12 0.13 -0.03 -0.11 -0.09  Rvol: 0.61 1.01 1.42 -0.33 -0.37 -0.18 0.06 0.14 0.73 1.16 1.58 -0.28 -0.27 -0.09 0.13 
Loss: 0.449716  SIA Ef: -0.022070 Binding: 0.06 -0.06 -0.01 0.23 0.01 0.35 0.12 0.12 -0.03 -0.12 -0.09  Rvol: 0.61 1.01 1.42 -0.33 -0.37 -0.17 0.06 0.14 0.74 1.16 1.59 -0.28 -0.27 -0.08 0.14 
Loss: 0.463661  SIA Ef: 0.013019 Binding: 0.07 -0.07 0.04 0.24 0.02 0.35 0.11 0.12 -0.04 -0.12 -0.10  Rvol: 0.61 1.01 1.43 -0.33 -0.37 -0.17 0.06 0.14 0.74 1.16 1.59 -0.28 -0.27 -0.08 0.14 
Loss: 0.447513  SIA Ef: -0.032944 Binding: 0.06 -0.06 -0.02 0.23 0.00 0.35 0.12 0.12 -0.03 -0.12 -0.08  Rvol: 0.61 1.01 1.42 -0.33 -0.37 -0.17 0.06 0.14 0.73 1.16 1.58 -0.28 -0.27 -0.08 0.14 
Loss: 0.478705  SIA Ef: -0.117649 Binding: 0.05 -0.04 -0.12 0.20 0.09 0.36 0.13 0.10 -0.03 -0.12 -0.17  Rvol: 0.60 1.00 1.40 -0.33 -0.37 -0.17 0.07 0.14 0.74 1.15 1.57 -0.28 -0.27 -0.08 0.14 
Loss: 0.449349  SIA Ef: -0.029861 Binding: 0.06 -0.06 -0.03 0.23 0.00 0.36 0.13 0.12 -0.03 -0.11 -0.07  Rvol: 0.61 1.01 1.42 -0.33 -0.37 -0.17 0.06 0.14 0.73 1.16 1.58 -0.28 -0.27 -0.08 0.14 
Loss: 0.460783  SIA Ef: 0.003837 Binding: 0.07 -0.07 0.04 0.24 0.01 0.35 0.11 0.12 -0.04 -0.12 -0.11  Rvol: 0.61 1.01 1.43 -0.33 -0.37 -0.17 0.06 0.14 0.74 1.16 1.59 -0.28 -0.27 -0.08 0.14 
Loss: 0.447932  SIA Ef: -0.011906 Binding: 0.06 -0.06 -0.03 0.23 0.00 0.35 0.12 0.11 -0.03 -0.12 -0.09  Rvol: 0.61 1.01 1.42 -0.33 -0.37 -0.17 0.06 0.14 0.74 1.16 1.59 -0.28 -0.27 -0.08 0.14 
Loss: 0.452438  SIA Ef: -0.025654 Binding: 0.06 -0.06 -0.01 0.23 0.00 0.36 0.13 0.13 -0.03 -0.11 -0.07  Rvol: 0.61 1.01 1.42 -0.33 -0.37 -0.17 0.06 0.14 0.73 1.16 1.59 -0.28 -0.27 -0.08 0.14 
Loss: 0.454000  SIA Ef: 0.004545 Binding: 0.07 -0.06 -0.00 0.23 0.01 0.35 0.12 0.12 -0.03 -0.11 -0.09  Rvol: 0.61 1.01 1.42 -0.33 -0.37 -0.17 0.06 0.14 0.74 1.16 1.59 -0.28 -0.27 -0.08 0.14 
Loss: 0.452306  SIA Ef: -0.039800 Binding: 0.07 -0.06 -0.00 0.23 0.01 0.35 0.12 0.12 -0.03 -0.11 -0.09  Rvol: 0.61 1.01 1.42 -0.33 -0.37 -0.18 0.06 0.14 0.73 1.16 1.58 -0.28 -0.27 -0.08 0.14 
Loss: 0.449856  SIA Ef: -0.023203 Binding: 0.06 -0.06 -0.00 0.23 0.01 0.35 0.12 0.12 -0.03 -0.12 -0.09  Rvol: 0.61 1.01 1.42 -0.33 -0.37 -0.17 0.06 0.14 0.73 1.16 1.59 -0.28 -0.27 -0.08 0.14 
Loss: 0.448484  SIA Ef: -0.030365 Binding: 0.06 -0.06 -0.02 0.23 0.01 0.35 0.12 0.12 -0.03 -0.11 -0.08  Rvol: 0.61 1.01 1.42 -0.33 -0.37 -0.17 0.06 0.14 0.73 1.16 1.58 -0.28 -0.27 -0.08 0.14 
Loss: 0.445749  SIA Ef: -0.053929 Binding: 0.06 -0.05 -0.04 0.22 -0.00 0.36 0.12 0.11 -0.03 -0.12 -0.08  Rvol: 0.61 1.01 1.41 -0.33 -0.37 -0.17 0.06 0.14 0.74 1.16 1.58 -0.28 -0.27 -0.08 0.14 
Loss: 0.473597  SIA Ef: -0.052144 Binding: 0.06 -0.05 -0.05 0.22 0.09 0.36 0.12 0.11 -0.03 -0.12 -0.17  Rvol: 0.61 1.01 1.41 -0.33 -0.37 -0.17 0.08 0.14 0.74 1.16 1.58 -0.28 -0.27 -0.08 0.14 
Loss: 0.445841  SIA Ef: -0.053227 Binding: 0.06 -0.06 -0.04 0.22 -0.00 0.36 0.12 0.11 -0.03 -0.12 -0.08  Rvol: 0.61 1.01 1.42 -0.33 -0.37 -0.17 0.06 0.14 0.74 1.16 1.58 -0.28 -0.27 -0.08 0.14 
Loss: 0.445977  SIA Ef: -0.057986 Binding: 0.06 -0.05 -0.04 0.22 -0.00 0.36 0.12 0.11 -0.03 -0.11 -0.08  Rvol: 0.61 1.01 1.41 -0.33 -0.37 -0.17 0.06 0.14 0.74 1.16 1.58 -0.28 -0.27 -0.08 0.14 
Loss: 0.445856  SIA Ef: -0.056161 Binding: 0.06 -0.06 -0.04 0.22 -0.00 0.36 0.12 0.11 -0.03 -0.12 -0.08  Rvol: 0.61 1.01 1.41 -0.33 -0.37 -0.17 0.06 0.14 0.74 1.16 1.58 -0.28 -0.27 -0.08 0.14 
Loss: 0.445825  SIA Ef: -0.056962 Binding: 0.06 -0.06 -0.04 0.22 -0.00 0.36 0.12 0.11 -0.03 -0.12 -0.08  Rvol: 0.61 1.01 1.41 -0.33 -0.37 -0.17 0.06 0.14 0.74 1.16 1.58 -0.28 -0.27 -0.08 0.14 
Loss: 0.445662  SIA Ef: -0.055227 Binding: 0.06 -0.06 -0.04 0.22 0.00 0.36 0.12 0.11 -0.03 -0.12 -0.08  Rvol: 0.61 1.01 1.41 -0.33 -0.37 -0.17 0.06 0.14 0.74 1.16 1.58 -0.28 -0.27 -0.08 0.14 
Loss: 0.446569  SIA Ef: -0.068330 Binding: 0.06 -0.05 -0.04 0.22 0.00 0.36 0.12 0.11 -0.03 -0.12 -0.08  Rvol: 0.61 1.01 1.41 -0.33 -0.37 -0.17 0.06 0.14 0.74 1.16 1.58 -0.28 -0.27 -0.08 0.14 
Loss: 0.445932  SIA Ef: -0.060027 Binding: 0.06 -0.05 -0.04 0.22 0.00 0.36 0.12 0.11 -0.03 -0.12 -0.08  Rvol: 0.61 1.01 1.41 -0.33 -0.37 -0.17 0.06 0.14 0.74 1.16 1.58 -0.28 -0.27 -0.08 0.14 
Loss: 0.445279  SIA Ef: -0.052901 Binding: 0.06 -0.06 -0.03 0.22 0.00 0.36 0.12 0.11 -0.03 -0.12 -0.09  Rvol: 0.61 1.01 1.42 -0.33 -0.37 -0.17 0.06 0.14 0.74 1.16 1.58 -0.28 -0.27 -0.08 0.14 
Loss: 0.442605  SIA Ef: -0.058580 Binding: 0.06 -0.05 -0.05 0.22 -0.00 0.36 0.12 0.10 -0.03 -0.12 -0.09  Rvol: 0.61 1.01 1.41 -0.33 -0.37 -0.17 0.06 0.14 0.74 1.16 1.58 -0.28 -0.27 -0.08 0.14 
Loss: 0.472037  SIA Ef: -0.064141 Binding: 0.06 -0.05 -0.06 0.22 0.09 0.35 0.11 0.09 -0.04 -0.12 -0.18  Rvol: 0.61 1.01 1.41 -0.33 -0.37 -0.17 0.07 0.14 0.74 1.16 1.58 -0.28 -0.27 -0.08 0.14 
Loss: 0.472553  SIA Ef: -0.065979 Binding: 0.06 -0.05 -0.05 0.22 0.09 0.36 0.12 0.10 -0.03 -0.12 -0.18  Rvol: 0.61 1.01 1.41 -0.33 -0.37 -0.17 0.07 0.14 0.74 1.16 1.58 -0.28 -0.27 -0.08 0.14 
Loss: 0.443175  SIA Ef: -0.039290 Binding: 0.06 -0.06 -0.02 0.23 0.00 0.35 0.11 0.10 -0.04 -0.12 -0.09  Rvol: 0.61 1.01 1.42 -0.33 -0.37 -0.17 0.06 0.14 0.73 1.16 1.58 -0.28 -0.27 -0.08 0.14 
Loss: 0.442644  SIA Ef: -0.058660 Binding: 0.06 -0.06 -0.05 0.22 -0.00 0.36 0.12 0.10 -0.03 -0.12 -0.09  Rvol: 0.61 1.01 1.41 -0.33 -0.37 -0.17 0.06 0.14 0.74 1.16 1.58 -0.28 -0.27 -0.08 0.14 
Loss: 0.442615  SIA Ef: -0.058398 Binding: 0.06 -0.05 -0.05 0.22 -0.00 0.36 0.12 0.10 -0.03 -0.12 -0.09  Rvol: 0.61 1.01 1.41 -0.33 -0.37 -0.17 0.06 0.14 0.74 1.16 1.58 -0.28 -0.27 -0.08 0.14 
Loss: 0.442847  SIA Ef: -0.066127 Binding: 0.06 -0.05 -0.05 0.22 -0.00 0.36 0.12 0.10 -0.03 -0.12 -0.09  Rvol: 0.61 1.01 1.41 -0.33 -0.37 -0.17 0.06 0.14 0.74 1.16 1.58 -0.28 -0.27 -0.08 0.14 
Loss: 0.442599  SIA Ef: -0.058167 Binding: 0.06 -0.05 -0.05 0.22 -0.00 0.36 0.12 0.10 -0.03 -0.12 -0.09  Rvol: 0.61 1.01 1.41 -0.33 -0.37 -0.17 0.06 0.14 0.74 1.16 1.58 -0.28 -0.27 -0.08 0.14 
Loss: 0.442701  SIA Ef: -0.063342 Binding: 0.06 -0.05 -0.05 0.22 -0.00 0.36 0.12 0.10 -0.03 -0.12 -0.09  Rvol: 0.61 1.01 1.41 -0.33 -0.37 -0.17 0.06 0.14 0.74 1.16 1.58 -0.28 -0.27 -0.08 0.14 
Loss: 0.442608  SIA Ef: -0.059160 Binding: 0.06 -0.05 -0.05 0.22 -0.00 0.36 0.12 0.10 -0.03 -0.12 -0.09  Rvol: 0.61 1.01 1.41 -0.33 -0.37 -0.17 0.06 0.14 0.74 1.16 1.58 -0.28 -0.27 -0.08 0.14 
Loss: 0.442663  SIA Ef: -0.059484 Binding: 0.06 -0.06 -0.05 0.22 -0.00 0.36 0.12 0.10 -0.03 -0.12 -0.09  Rvol: 0.61 1.01 1.41 -0.33 -0.37 -0.17 0.06 0.14 0.74 1.16 1.58 -0.28 -0.27 -0.08 0.14 
Loss: 0.442593  SIA Ef: -0.057566 Binding: 0.06 -0.05 -0.05 0.22 -0.00 0.36 0.12 0.10 -0.03 -0.12 -0.09  Rvol: 0.61 1.01 1.41 -0.33 -0.37 -0.17 0.06 0.14 0.74 1.16 1.58 -0.28 -0.27 -0.08 0.14 
Loss: 0.443559  SIA Ef: -0.056298 Binding: 0.06 -0.05 -0.05 0.22 -0.00 0.36 0.12 0.10 -0.03 -0.12 -0.09  Rvol: 0.61 1.01 1.41 -0.33 -0.37 -0.17 0.06 0.14 0.74 1.16 1.58 -0.28 -0.27 -0.08 0.14 
Loss: 0.443099  SIA Ef: -0.052751 Binding: 0.06 -0.06 -0.04 0.22 -0.00 0.36 0.12 0.10 -0.03 -0.12 -0.09  Rvol: 0.61 1.01 1.41 -0.33 -0.37 -0.17 0.06 0.14 0.74 1.16 1.58 -0.28 -0.27 -0.08 0.14 
Loss: 0.472244  SIA Ef: -0.063408 Binding: 0.06 -0.05 -0.06 0.22 0.09 0.36 0.12 0.10 -0.03 -0.12 -0.18  Rvol: 0.61 1.01 1.41 -0.33 -0.37 -0.17 0.07 0.14 0.74 1.16 1.58 -0.28 -0.27 -0.08 0.14 
Loss: 0.443087  SIA Ef: -0.052736 Binding: 0.06 -0.06 -0.04 0.22 -0.00 0.36 0.12 0.10 -0.03 -0.12 -0.09  Rvol: 0.61 1.01 1.41 -0.33 -0.37 -0.17 0.06 0.14 0.74 1.16 1.58 -0.28 -0.27 -0.08 0.14 
Loss: 0.442612  SIA Ef: -0.055664 Binding: 0.06 -0.05 -0.05 0.22 -0.00 0.36 0.12 0.10 -0.03 -0.12 -0.09  Rvol: 0.61 1.01 1.41 -0.33 -0.37 -0.17 0.06 0.14 0.74 1.16 1.58 -0.28 -0.27 -0.08 0.14 
Loss: 0.443078  SIA Ef: -0.057929 Binding: 0.06 -0.05 -0.05 0.22 -0.00 0.36 0.12 0.10 -0.03 -0.12 -0.09  Rvol: 0.61 1.01 1.41 -0.33 -0.37 -0.17 0.06 0.14 0.74 1.16 1.58 -0.28 -0.27 -0.08 0.14 
Loss: 0.442586  SIA Ef: -0.057547 Binding: 0.06 -0.05 -0.05 0.22 -0.00 0.36 0.12 0.10 -0.03 -0.12 -0.09  Rvol: 0.61 1.01 1.41 -0.33 -0.37 -0.17 0.06 0.14 0.74 1.16 1.58 -0.28 -0.27 -0.08 0.14 
Loss: 0.472633  SIA Ef: -0.060727 Binding: 0.06 -0.05 -0.05 0.22 0.09 0.36 0.12 0.10 -0.03 -0.12 -0.18  Rvol: 0.61 1.01 1.41 -0.33 -0.37 -0.17 0.07 0.14 0.74 1.16 1.58 -0.28 -0.27 -0.08 0.14 
Loss: 0.442602  SIA Ef: -0.056280 Binding: 0.06 -0.05 -0.05 0.22 -0.00 0.36 0.12 0.10 -0.03 -0.12 -0.09  Rvol: 0.61 1.01 1.41 -0.33 -0.37 -0.17 0.06 0.14 0.74 1.16 1.58 -0.28 -0.27 -0.08 0.14 
Loss: 0.443074  SIA Ef: -0.058128 Binding: 0.06 -0.05 -0.05 0.22 -0.00 0.36 0.12 0.10 -0.03 -0.12 -0.09  Rvol: 0.61 1.01 1.41 -0.33 -0.37 -0.17 0.06 0.14 0.74 1.16 1.58 -0.28 -0.27 -0.08 0.14 
Loss: 0.442589  SIA Ef: -0.057062 Binding: 0.06 -0.05 -0.05 0.22 -0.00 0.36 0.12 0.10 -0.03 -0.12 -0.09  Rvol: 0.61 1.01 1.41 -0.33 -0.37 -0.17 0.06 0.14 0.74 1.16 1.58 -0.28 -0.27 -0.08 0.14 
Loss: 0.443077  SIA Ef: -0.052777 Binding: 0.06 -0.06 -0.04 0.22 -0.00 0.36 0.12 0.10 -0.03 -0.12 -0.09  Rvol: 0.61 1.01 1.41 -0.33 -0.37 -0.17 0.06 0.14 0.74 1.16 1.58 -0.28 -0.27 -0.08 0.14 
Loss: 0.472842  SIA Ef: -0.059203 Binding: 0.06 -0.05 -0.05 0.22 0.09 0.36 0.12 0.10 -0.03 -0.12 -0.18  Rvol: 0.61 1.01 1.41 -0.33 -0.37 -0.17 0.07 0.14 0.74 1.16 1.58 -0.28 -0.27 -0.08 0.14 
Loss: 0.442586  SIA Ef: -0.057569 Binding: 0.06 -0.05 -0.05 0.22 -0.00 0.36 0.12 0.10 -0.03 -0.12 -0.09  Rvol: 0.61 1.01 1.41 -0.33 -0.37 -0.17 0.06 0.14 0.74 1.16 1.58 -0.28 -0.27 -0.08 0.14 
Loss: 0.442813  SIA Ef: -0.055161 Binding: 0.06 -0.05 -0.05 0.22 -0.00 0.36 0.12 0.10 -0.03 -0.12 -0.09  Rvol: 0.61 1.01 1.41 -0.33 -0.37 -0.17 0.06 0.14 0.74 1.16 1.58 -0.28 -0.27 -0.08 0.14 
Loss: 0.442588  SIA Ef: -0.057446 Binding: 0.06 -0.05 -0.05 0.22 -0.00 0.36 0.12 0.10 -0.03 -0.12 -0.09  Rvol: 0.61 1.01 1.41 -0.33 -0.37 -0.17 0.06 0.14 0.74 1.16 1.58 -0.28 -0.27 -0.08 0.14 
Loss: 0.442825  SIA Ef: -0.057838 Binding: 0.06 -0.05 -0.05 0.22 -0.00 0.36 0.12 0.10 -0.03 -0.12 -0.09  Rvol: 0.61 1.01 1.41 -0.33 -0.37 -0.17 0.06 0.14 0.74 1.16 1.58 -0.28 -0.27 -0.08 0.14 
Loss: 0.442588  SIA Ef: -0.057299 Binding: 0.06 -0.05 -0.05 0.22 -0.00 0.36 0.12 0.10 -0.03 -0.12 -0.09  Rvol: 0.61 1.01 1.41 -0.33 -0.37 -0.17 0.06 0.14 0.74 1.16 1.58 -0.28 -0.27 -0.08 0.14 
Loss: 0.472846  SIA Ef: -0.059169 Binding: 0.06 -0.05 -0.05 0.22 0.09 0.36 0.12 0.10 -0.03 -0.12 -0.18  Rvol: 0.61 1.01 1.41 -0.33 -0.37 -0.17 0.07 0.14 0.74 1.16 1.58 -0.28 -0.27 -0.08 0.14 
Loss: 0.442586  SIA Ef: -0.057397 Binding: 0.06 -0.05 -0.05 0.22 -0.00 0.36 0.12 0.10 -0.03 -0.12 -0.09  Rvol: 0.61 1.01 1.41 -0.33 -0.37 -0.17 0.06 0.14 0.74 1.16 1.58 -0.28 -0.27 -0.08 0.14 
Loss: 0.472847  SIA Ef: -0.059172 Binding: 0.06 -0.05 -0.05 0.22 0.09 0.36 0.12 0.10 -0.03 -0.12 -0.18  Rvol: 0.61 1.01 1.41 -0.33 -0.37 -0.17 0.07 0.14 0.74 1.16 1.58 -0.28 -0.27 -0.08 0.14 
Loss: 0.472981  SIA Ef: -0.058213 Binding: 0.06 -0.05 -0.05 0.22 0.09 0.36 0.12 0.10 -0.03 -0.12 -0.18  Rvol: 0.61 1.01 1.41 -0.33 -0.37 -0.17 0.07 0.14 0.74 1.16 1.58 -0.28 -0.27 -0.08 0.14 
Loss: 0.442587  SIA Ef: -0.057941 Binding: 0.06 -0.05 -0.05 0.22 -0.00 0.36 0.12 0.10 -0.03 -0.12 -0.09  Rvol: 0.61 1.01 1.41 -0.33 -0.37 -0.17 0.06 0.14 0.74 1.16 1.58 -0.28 -0.27 -0.08 0.14 
Loss: 0.442686  SIA Ef: -0.057598 Binding: 0.06 -0.05 -0.05 0.22 -0.00 0.36 0.12 0.10 -0.03 -0.12 -0.09  Rvol: 0.61 1.01 1.41 -0.33 -0.37 -0.17 0.06 0.14 0.74 1.16 1.58 -0.28 -0.27 -0.08 0.14 
Loss: 0.442588  SIA Ef: -0.057641 Binding: 0.06 -0.05 -0.05 0.22 -0.00 0.36 0.12 0.10 -0.03 -0.12 -0.09  Rvol: 0.61 1.01 1.41 -0.33 -0.37 -0.17 0.06 0.14 0.74 1.16 1.58 -0.28 -0.27 -0.08 0.14 
Loss: 0.442676  SIA Ef: -0.056567 Binding: 0.06 -0.05 -0.05 0.22 -0.00 0.36 0.12 0.10 -0.03 -0.12 -0.09  Rvol: 0.61 1.01 1.41 -0.33 -0.37 -0.17 0.06 0.14 0.74 1.16 1.58 -0.28 -0.27 -0.08 0.14 
Loss: 0.442585  SIA Ef: -0.057544 Binding: 0.06 -0.05 -0.05 0.22 -0.00 0.36 0.12 0.10 -0.03 -0.12 -0.09  Rvol: 0.61 1.01 1.41 -0.33 -0.37 -0.17 0.06 0.14 0.74 1.16 1.58 -0.28 -0.27 -0.08 0.14 
Loss: 0.472985  SIA Ef: -0.058170 Binding: 0.06 -0.05 -0.05 0.22 0.09 0.36 0.12 0.10 -0.03 -0.12 -0.18  Rvol: 0.61 1.01 1.41 -0.33 -0.37 -0.17 0.07 0.14 0.74 1.16 1.58 -0.28 -0.27 -0.08 0.14 
Loss: 0.442587  SIA Ef: -0.057767 Binding: 0.06 -0.05 -0.05 0.22 -0.00 0.36 0.12 0.10 -0.03 -0.12 -0.09  Rvol: 0.61 1.01 1.41 -0.33 -0.37 -0.17 0.06 0.14 0.74 1.16 1.58 -0.28 -0.27 -0.08 0.14 
Loss: 0.442674  SIA Ef: -0.056529 Binding: 0.06 -0.05 -0.05 0.22 -0.00 0.36 0.12 0.10 -0.03 -0.12 -0.09  Rvol: 0.61 1.01 1.41 -0.33 -0.37 -0.17 0.06 0.14 0.74 1.16 1.58 -0.28 -0.27 -0.08 0.14 
Loss: 0.442680  SIA Ef: -0.057594 Binding: 0.06 -0.05 -0.05 0.22 -0.00 0.36 0.12 0.10 -0.03 -0.12 -0.09  Rvol: 0.61 1.01 1.41 -0.33 -0.37 -0.17 0.06 0.14 0.74 1.16 1.58 -0.28 -0.27 -0.08 0.14 
