Start Optimization 
Loss: 3.599413  SIA Ef: -0.834099 Binding: 0.09 0.58 -0.12 0.33 0.59 0.08 -0.13 0.71 -0.60 -0.93 -0.51  Rvol: 0.54 0.93 1.33 -0.33 -0.32 -0.09 0.16 0.14 0.69 1.32 1.49 -0.28 -0.03 0.10 0.41 
Loss: 3.492216  SIA Ef: -0.773777 Binding: 0.09 0.59 -0.12 0.34 0.60 0.04 -0.06 0.69 -0.60 -0.93 -0.50  Rvol: 0.54 0.93 1.33 -0.33 -0.32 -0.09 0.16 0.14 0.69 1.32 1.50 -0.28 -0.03 0.11 0.42 
Loss: 59.403093  SIA Ef: 3.963035 Binding: 1.25 2.53 4.18 2.56 2.47 -0.05 0.31 0.68 -1.39 -1.13 -0.34  Rvol: 0.73 1.41 2.04 -0.33 -0.05 0.31 0.71 0.14 0.98 1.54 2.19 -0.28 0.14 0.48 0.90 
Loss: 75.404316  SIA Ef: -0.180620 Binding: 1.73 1.72 -5.76 1.89 2.71 0.75 -0.13 1.29 4.49 0.51 0.72  Rvol: 0.54 1.23 1.89 -0.33 -0.13 0.59 1.07 0.14 0.81 1.43 1.92 -0.28 0.22 0.84 1.27 
Loss: 226.665914  SIA Ef: 11.157420 Binding: 3.07 1.60 7.95 2.98 1.77 0.96 1.17 -0.34 -1.71 -1.56 -1.15  Rvol: 1.28 2.03 3.02 -0.33 -0.24 -0.06 0.39 0.14 1.30 2.34 2.98 -0.28 -0.06 0.18 0.59 
Loss: 5.840264  SIA Ef: -0.773777 Binding: 0.09 0.59 -0.12 0.34 0.60 0.28 1.02 1.61 -0.49 -0.37 0.44  Rvol: 0.54 0.93 1.33 -0.33 -0.32 -0.09 0.16 0.14 0.63 1.15 1.54 -0.28 0.01 0.12 0.40 
Loss: 35.578062  SIA Ef: -0.773777 Binding: 0.09 0.59 -0.12 0.34 0.60 -0.90 -1.88 -2.96 -1.35 -2.86 -3.31  Rvol: 0.54 0.93 1.33 -0.33 -0.32 -0.09 0.16 0.14 0.72 1.34 1.56 -0.28 -0.15 0.08 0.44 
Loss: 3.321746  SIA Ef: -0.773777 Binding: 0.09 0.59 -0.12 0.34 0.60 0.07 0.13 0.19 -0.53 -1.02 -0.64  Rvol: 0.54 0.93 1.33 -0.33 -0.32 -0.09 0.16 0.14 0.72 1.37 1.54 -0.28 -0.06 0.13 0.42 
Loss: 5.655769  SIA Ef: -0.773777 Binding: 0.58 0.87 -0.12 -0.60 -0.76 0.07 -0.06 1.18 -0.53 -0.97 -0.27  Rvol: 0.54 1.10 1.53 -0.33 -0.32 -0.04 0.36 0.14 0.72 1.33 1.78 -0.28 -0.06 0.17 0.67 
Loss: 3.291262  SIA Ef: -0.773777 Binding: -0.13 0.53 -0.12 0.38 0.45 0.07 -0.27 -0.13 -0.53 -1.03 -0.73  Rvol: 0.54 0.88 1.25 -0.33 -0.32 -0.11 0.09 0.14 0.72 1.06 1.43 -0.28 -0.06 0.10 0.35 
Loss: 3.182359  SIA Ef: -0.773777 Binding: -0.14 0.54 -0.12 0.35 0.45 0.07 -0.25 -0.07 -0.53 -1.03 -0.68  Rvol: 0.54 0.88 1.26 -0.33 -0.32 -0.10 0.11 0.14 0.72 1.06 1.44 -0.28 -0.06 0.11 0.37 
Loss: 274.643539  SIA Ef: -15.413011 Binding: 0.06 0.73 -4.31 -0.55 -0.33 0.24 -0.23 -0.19 3.06 -1.15 1.48  Rvol: -0.13 -0.17 -0.33 -0.33 -0.38 -0.61 -0.75 0.14 0.21 -0.28 -0.58 -0.28 -0.31 -0.53 -0.47 
Loss: 54.516693  SIA Ef: -1.226381 Binding: -0.16 0.43 -5.38 1.50 -0.69 0.43 -0.61 -0.31 3.99 -1.78 1.13  Rvol: 0.43 1.07 1.22 -0.33 -0.30 0.17 0.28 0.14 0.69 1.23 1.20 -0.28 0.08 0.35 0.67 
Loss: 3.154318  SIA Ef: -0.756315 Binding: -0.14 0.54 -0.12 0.35 0.46 0.07 -0.23 -0.07 -0.53 -1.03 -0.68  Rvol: 0.54 0.88 1.26 -0.33 -0.32 -0.10 0.12 0.14 0.72 1.05 1.45 -0.28 -0.06 0.11 0.37 
Loss: 12.172892  SIA Ef: 0.968154 Binding: 0.42 1.24 1.74 1.39 1.31 0.10 -0.31 0.20 -1.04 -1.12 -0.28  Rvol: 0.59 1.06 1.45 -0.33 -0.20 0.09 0.39 0.14 0.79 1.17 1.76 -0.28 0.03 0.29 0.65 
Loss: 3.091505  SIA Ef: -0.721825 Binding: -0.14 0.53 -0.09 0.36 0.45 0.11 -0.43 -0.08 -0.48 -0.97 -0.69  Rvol: 0.54 0.89 1.27 -0.33 -0.32 -0.10 0.12 0.14 0.73 1.06 1.46 -0.28 -0.08 0.11 0.35 
Loss: 64.858223  SIA Ef: 5.242392 Binding: 0.97 1.12 4.83 1.81 1.18 -0.30 -0.17 0.88 -1.33 -1.29 -0.98  Rvol: 0.93 1.62 2.09 -0.33 -0.29 -0.12 0.26 0.14 1.06 1.76 2.41 -0.28 -0.10 0.16 0.51 
Loss: 2.849091  SIA Ef: -1.117977 Binding: -0.14 0.58 -0.27 0.32 0.48 0.32 0.21 0.59 -0.17 -0.51 0.09  Rvol: 0.52 0.85 1.22 -0.33 -0.32 -0.11 0.10 0.14 0.70 1.02 1.39 -0.28 -0.07 0.10 0.35 
Loss: 54.801782  SIA Ef: -7.112119 Binding: 0.43 0.62 -0.97 0.28 0.88 0.34 -0.58 -0.10 0.45 -0.71 -0.19  Rvol: 0.24 0.62 0.53 -0.33 -0.36 -0.27 -0.24 0.14 0.49 0.48 0.61 -0.28 -0.20 -0.10 -0.03 
Loss: 2.803744  SIA Ef: -1.118075 Binding: -0.14 0.58 -0.27 0.32 0.48 0.36 0.07 0.59 -0.14 -0.48 0.10  Rvol: 0.52 0.85 1.22 -0.33 -0.32 -0.11 0.10 0.14 0.70 1.02 1.39 -0.28 -0.07 0.10 0.34 
Loss: 78.990583  SIA Ef: -2.762406 Binding: -0.18 0.42 -6.12 1.79 -0.74 0.74 -0.11 0.28 4.93 -0.36 2.18  Rvol: 0.37 0.99 1.05 -0.33 -0.31 0.12 0.20 0.14 0.65 1.12 0.97 -0.28 0.04 0.60 0.60 
Loss: 4.378632  SIA Ef: -1.058036 Binding: 0.11 1.06 -0.22 0.59 0.97 0.33 0.17 0.58 -0.17 -0.49 0.10  Rvol: 0.53 0.85 1.22 -0.33 -0.32 -0.11 0.09 0.14 0.71 1.03 1.39 -0.28 -0.07 0.10 0.34 
Loss: 58.773810  SIA Ef: 4.119781 Binding: 1.01 1.22 5.25 1.99 1.27 -0.02 0.30 1.47 -1.15 -0.90 -0.43  Rvol: 0.89 1.55 1.99 -0.33 -0.30 -0.14 0.20 0.14 1.04 1.69 2.32 -0.28 -0.10 0.10 0.38 
Loss: 2.747052  SIA Ef: -1.118925 Binding: -0.13 0.57 -0.27 0.34 0.47 0.36 0.16 0.53 -0.14 -0.49 0.09  Rvol: 0.52 0.84 1.21 -0.33 -0.32 -0.11 0.08 0.14 0.70 1.02 1.37 -0.28 -0.07 0.09 0.33 
Loss: 47.548765  SIA Ef: -6.664595 Binding: 0.43 0.64 -0.29 0.45 0.84 0.32 -0.60 -0.07 -0.00 -0.71 -0.12  Rvol: 0.27 0.63 0.59 -0.33 -0.36 -0.26 -0.23 0.14 0.53 0.53 0.71 -0.28 -0.20 -0.08 0.02 
Loss: 2.755019  SIA Ef: -1.116683 Binding: -0.14 0.57 -0.27 0.33 0.47 0.36 0.14 0.55 -0.14 -0.49 0.10  Rvol: 0.52 0.85 1.21 -0.33 -0.32 -0.11 0.09 0.14 0.70 1.02 1.38 -0.28 -0.07 0.09 0.34 
Loss: 59.676092  SIA Ef: 4.195223 Binding: 1.07 1.30 5.21 2.04 1.37 -0.03 0.31 1.45 -1.15 -0.89 -0.44  Rvol: 0.90 1.56 1.98 -0.33 -0.30 -0.15 0.19 0.14 1.04 1.69 2.31 -0.28 -0.10 0.10 0.37 
Loss: 20.032695  SIA Ef: -1.806946 Binding: 0.02 0.33 -3.14 0.55 -0.18 0.54 -0.35 0.24 2.14 -1.02 0.55  Rvol: 0.43 0.98 1.10 -0.33 -0.30 -0.01 0.14 0.14 0.65 0.98 1.15 -0.28 -0.02 0.09 0.38 
Loss: 3.070737  SIA Ef: -1.336221 Binding: -0.24 0.36 -0.51 0.16 0.21 0.34 0.06 0.59 -0.10 -0.48 0.03  Rvol: 0.52 0.84 1.21 -0.33 -0.35 -0.16 0.04 0.14 0.71 1.01 1.37 -0.28 -0.09 0.06 0.27 
Loss: 15.674471  SIA Ef: 2.136005 Binding: 0.35 0.41 2.35 1.05 0.68 0.16 0.10 1.37 -0.95 -0.60 0.00  Rvol: 0.72 1.22 1.69 -0.33 -0.30 -0.10 0.19 0.14 0.89 1.38 1.98 -0.28 -0.09 0.15 0.46 
Loss: 2.736191  SIA Ef: -1.111898 Binding: -0.13 0.57 -0.27 0.34 0.47 0.36 0.16 0.53 -0.14 -0.49 0.09  Rvol: 0.52 0.84 1.21 -0.33 -0.32 -0.11 0.08 0.14 0.71 1.02 1.37 -0.28 -0.07 0.09 0.34 
Loss: 14.515034  SIA Ef: -3.522577 Binding: -0.02 0.74 0.19 0.52 0.65 0.31 -0.01 0.31 -0.34 -0.63 -0.01  Rvol: 0.42 0.67 0.94 -0.33 -0.34 -0.19 -0.06 0.14 0.63 0.82 1.13 -0.28 -0.12 0.01 0.19 
Loss: 7.682417  SIA Ef: -1.630780 Binding: 0.03 0.39 -1.77 0.02 0.49 0.44 -0.27 0.31 0.96 -0.42 0.07  Rvol: 0.47 0.94 1.12 -0.33 -0.31 -0.10 0.11 0.14 0.66 0.93 1.22 -0.28 -0.05 0.09 0.32 
Loss: 2.695142  SIA Ef: -1.099191 Binding: -0.13 0.57 -0.26 0.34 0.47 0.36 0.15 0.54 -0.13 -0.47 0.10  Rvol: 0.52 0.85 1.21 -0.33 -0.32 -0.11 0.08 0.14 0.71 1.01 1.38 -0.28 -0.07 0.09 0.33 
Loss: 4.114685  SIA Ef: 0.593866 Binding: 0.06 0.21 0.95 0.63 0.34 0.25 0.12 1.11 -0.68 -0.50 0.22  Rvol: 0.62 1.05 1.47 -0.33 -0.31 -0.10 0.14 0.14 0.79 1.22 1.72 -0.28 -0.08 0.13 0.40 
Loss: 3.236356  SIA Ef: -1.208677 Binding: -0.13 0.58 -0.30 0.34 0.48 0.42 0.25 0.71 -0.05 -0.36 0.28  Rvol: 0.52 0.84 1.20 -0.33 -0.32 -0.12 0.08 0.14 0.71 1.02 1.36 -0.28 -0.07 0.09 0.33 
Loss: 5.129272  SIA Ef: -1.746738 Binding: -0.05 0.56 0.50 0.56 0.29 0.30 0.01 0.55 -0.52 -0.60 0.20  Rvol: 0.50 0.82 1.15 -0.33 -0.33 -0.15 0.04 0.14 0.70 0.99 1.37 -0.28 -0.10 0.06 0.27 
Loss: 2.582522  SIA Ef: -1.150973 Binding: -0.20 0.46 -0.39 0.25 0.35 0.36 0.04 0.52 -0.06 -0.46 0.11  Rvol: 0.52 0.84 1.20 -0.33 -0.32 -0.11 0.09 0.14 0.70 1.01 1.36 -0.28 -0.08 0.09 0.33 
Loss: 6.971351  SIA Ef: -1.493718 Binding: -0.01 0.32 -1.74 -0.01 0.41 0.42 -0.38 0.22 0.91 -0.45 -0.00  Rvol: 0.47 0.95 1.14 -0.33 -0.30 -0.09 0.12 0.14 0.67 0.96 1.24 -0.28 -0.05 0.10 0.34 
Loss: 2.589572  SIA Ef: -1.154168 Binding: -0.20 0.46 -0.39 0.25 0.35 0.36 0.04 0.53 -0.05 -0.45 0.11  Rvol: 0.52 0.84 1.20 -0.33 -0.32 -0.11 0.09 0.14 0.70 1.02 1.37 -0.28 -0.08 0.09 0.34 
Loss: 4.949502  SIA Ef: -1.811490 Binding: -0.13 0.44 0.35 0.45 0.40 0.31 0.00 0.51 -0.45 -0.59 -0.04  Rvol: 0.50 0.81 1.14 -0.33 -0.33 -0.14 0.03 0.14 0.69 0.98 1.35 -0.28 -0.10 0.06 0.27 
Loss: 2.533028  SIA Ef: -1.134214 Binding: -0.20 0.46 -0.38 0.26 0.34 0.36 0.11 0.51 -0.06 -0.46 0.11  Rvol: 0.52 0.84 1.20 -0.33 -0.32 -0.11 0.09 0.14 0.70 1.01 1.36 -0.28 -0.08 0.09 0.33 
Loss: 3.392094  SIA Ef: 0.569748 Binding: -0.02 0.09 0.83 0.54 0.19 0.26 0.09 1.00 -0.65 -0.51 0.21  Rvol: 0.62 1.04 1.45 -0.33 -0.31 -0.09 0.14 0.14 0.79 1.20 1.69 -0.28 -0.08 0.13 0.40 
Loss: 2.529793  SIA Ef: -1.134944 Binding: -0.20 0.46 -0.38 0.26 0.34 0.36 0.10 0.51 -0.06 -0.46 0.11  Rvol: 0.52 0.84 1.20 -0.33 -0.32 -0.11 0.08 0.14 0.70 1.01 1.36 -0.28 -0.08 0.09 0.33 
Loss: 5.804215  SIA Ef: -1.274884 Binding: -0.03 0.31 -1.62 0.01 0.38 0.42 -0.40 0.22 0.81 -0.46 -0.00  Rvol: 0.49 0.97 1.16 -0.33 -0.30 -0.09 0.13 0.14 0.68 0.95 1.27 -0.28 -0.04 0.11 0.35 
Loss: 3.316884  SIA Ef: -1.442527 Binding: -0.16 0.45 -0.00 0.36 0.37 0.32 -0.00 0.48 -0.27 -0.54 0.03  Rvol: 0.51 0.83 1.17 -0.33 -0.32 -0.13 0.06 0.14 0.71 0.98 1.35 -0.28 -0.09 0.08 0.30 
Loss: 2.201546  SIA Ef: -0.951205 Binding: -0.17 0.49 -0.23 0.32 0.39 0.36 0.11 0.53 -0.13 -0.47 0.12  Rvol: 0.53 0.85 1.22 -0.33 -0.31 -0.10 0.10 0.14 0.72 1.03 1.39 -0.28 -0.07 0.11 0.35 
Loss: 1.921248  SIA Ef: -0.139560 Binding: -0.14 0.34 0.37 0.45 0.12 0.33 0.23 0.76 -0.46 -0.49 0.34  Rvol: 0.57 0.95 1.33 -0.33 -0.31 -0.10 0.12 0.14 0.76 1.11 1.55 -0.28 -0.07 0.12 0.38 
Loss: 1.908537  SIA Ef: -0.137933 Binding: -0.14 0.34 0.37 0.45 0.12 0.33 0.21 0.76 -0.46 -0.49 0.34  Rvol: 0.57 0.95 1.33 -0.33 -0.31 -0.10 0.12 0.14 0.76 1.11 1.55 -0.28 -0.07 0.12 0.38 
Loss: 1.773067  SIA Ef: 0.330397 Binding: -0.15 0.37 0.23 0.43 0.34 0.33 0.05 0.69 -0.41 -0.50 0.08  Rvol: 0.59 0.97 1.38 -0.33 -0.30 -0.07 0.17 0.14 0.77 1.14 1.59 -0.28 -0.06 0.15 0.42 
Loss: 2.471366  SIA Ef: 0.600433 Binding: -0.14 0.38 0.29 0.45 0.14 0.35 0.19 0.88 -0.39 -0.40 0.48  Rvol: 0.60 1.00 1.41 -0.33 -0.29 -0.06 0.19 0.14 0.78 1.15 1.62 -0.28 -0.05 0.16 0.45 
Loss: 1.774360  SIA Ef: 0.328751 Binding: -0.15 0.37 0.24 0.43 0.35 0.32 0.03 0.70 -0.40 -0.50 0.09  Rvol: 0.59 0.97 1.38 -0.33 -0.30 -0.07 0.17 0.14 0.77 1.14 1.59 -0.28 -0.06 0.15 0.42 
Loss: 2.831678  SIA Ef: 0.500787 Binding: -0.09 0.33 0.72 0.58 0.25 0.24 0.02 0.74 -0.63 -0.62 0.06  Rvol: 0.60 1.00 1.42 -0.33 -0.29 -0.07 0.17 0.14 0.78 1.18 1.66 -0.28 -0.07 0.15 0.42 
Loss: 1.515228  SIA Ef: 0.273589 Binding: -0.19 0.31 0.14 0.37 0.27 0.31 0.07 0.67 -0.37 -0.50 0.07  Rvol: 0.58 0.97 1.37 -0.33 -0.30 -0.07 0.17 0.14 0.77 1.14 1.57 -0.28 -0.06 0.15 0.42 
Loss: 1.222243  SIA Ef: 0.255836 Binding: -0.26 0.25 -0.18 0.23 0.16 0.32 0.00 0.61 -0.24 -0.49 0.04  Rvol: 0.59 0.96 1.37 -0.33 -0.31 -0.08 0.16 0.14 0.77 1.14 1.56 -0.28 -0.05 0.14 0.41 
Loss: 1.178288  SIA Ef: 0.237329 Binding: -0.29 0.22 -0.30 0.18 0.11 0.32 -0.01 0.59 -0.19 -0.49 0.01  Rvol: 0.59 0.96 1.37 -0.33 -0.31 -0.08 0.16 0.14 0.77 1.13 1.55 -0.28 -0.05 0.14 0.41 
Loss: 1.186410  SIA Ef: 0.237050 Binding: -0.29 0.22 -0.30 0.18 0.11 0.32 0.08 0.59 -0.19 -0.49 0.01  Rvol: 0.59 0.96 1.37 -0.33 -0.31 -0.08 0.16 0.14 0.76 1.14 1.55 -0.28 -0.05 0.14 0.41 
Loss: 1.239699  SIA Ef: 0.227324 Binding: -0.33 0.18 -0.48 0.11 0.05 0.30 0.06 0.58 -0.11 -0.48 -0.01  Rvol: 0.59 0.96 1.38 -0.33 -0.32 -0.09 0.16 0.14 0.76 1.15 1.55 -0.28 -0.05 0.13 0.41 
Loss: 1.324522  SIA Ef: -0.112256 Binding: -0.30 0.29 -0.65 0.11 0.15 0.35 0.07 0.49 0.05 -0.47 0.02  Rvol: 0.56 0.92 1.32 -0.33 -0.31 -0.08 0.15 0.14 0.74 1.11 1.48 -0.28 -0.05 0.13 0.40 
Loss: 1.166261  SIA Ef: 0.271636 Binding: -0.32 0.12 -0.20 0.17 0.02 0.27 -0.06 0.48 -0.30 -0.59 -0.17  Rvol: 0.59 0.97 1.38 -0.33 -0.31 -0.09 0.15 0.14 0.77 1.15 1.57 -0.28 -0.06 0.13 0.39 
Loss: 1.367456  SIA Ef: 0.469048 Binding: -0.34 0.05 -0.18 0.14 -0.04 0.27 -0.03 0.57 -0.31 -0.55 -0.12  Rvol: 0.60 0.99 1.41 -0.33 -0.31 -0.09 0.16 0.14 0.77 1.17 1.60 -0.28 -0.06 0.14 0.40 
Loss: 1.166452  SIA Ef: 0.274600 Binding: -0.31 0.12 -0.20 0.17 0.03 0.27 -0.03 0.48 -0.30 -0.59 -0.17  Rvol: 0.59 0.97 1.38 -0.33 -0.31 -0.09 0.15 0.14 0.77 1.15 1.57 -0.28 -0.06 0.13 0.40 
Loss: 1.324301  SIA Ef: 0.429950 Binding: -0.30 0.14 -0.18 0.18 0.05 0.26 -0.03 0.47 -0.33 -0.61 -0.20  Rvol: 0.60 0.98 1.40 -0.33 -0.31 -0.09 0.16 0.14 0.78 1.16 1.59 -0.28 -0.06 0.14 0.40 
Loss: 1.117132  SIA Ef: 0.175331 Binding: -0.32 0.11 -0.19 0.16 0.01 0.27 -0.02 0.49 -0.30 -0.59 -0.16  Rvol: 0.59 0.96 1.37 -0.33 -0.32 -0.09 0.14 0.14 0.77 1.14 1.56 -0.28 -0.06 0.13 0.38 
Loss: 1.165311  SIA Ef: 0.099491 Binding: -0.30 0.09 -0.07 0.19 0.02 0.26 -0.07 0.52 -0.38 -0.60 -0.17  Rvol: 0.59 0.96 1.37 -0.33 -0.32 -0.11 0.13 0.14 0.76 1.14 1.57 -0.28 -0.07 0.12 0.37 
Loss: 1.124241  SIA Ef: 0.178325 Binding: -0.31 0.12 -0.13 0.19 0.04 0.26 -0.07 0.50 -0.33 -0.59 -0.16  Rvol: 0.59 0.96 1.37 -0.33 -0.31 -0.09 0.14 0.14 0.76 1.14 1.56 -0.28 -0.06 0.13 0.38 
Loss: 1.209607  SIA Ef: 0.185321 Binding: -0.30 0.10 0.02 0.22 0.04 0.25 -0.03 0.52 -0.40 -0.60 -0.17  Rvol: 0.59 0.97 1.38 -0.33 -0.31 -0.09 0.14 0.14 0.77 1.15 1.57 -0.28 -0.06 0.13 0.38 
Loss: 1.098300  SIA Ef: 0.144852 Binding: -0.33 0.11 -0.24 0.14 0.00 0.27 -0.05 0.48 -0.28 -0.58 -0.16  Rvol: 0.59 0.96 1.37 -0.33 -0.32 -0.10 0.14 0.14 0.76 1.15 1.55 -0.28 -0.06 0.13 0.38 
Loss: 1.217978  SIA Ef: -0.262949 Binding: -0.35 0.17 -0.57 0.07 0.02 0.29 -0.06 0.36 -0.08 -0.57 -0.17  Rvol: 0.56 0.91 1.31 -0.33 -0.32 -0.10 0.13 0.14 0.74 1.12 1.48 -0.28 -0.06 0.12 0.36 
Loss: 1.095861  SIA Ef: 0.148870 Binding: -0.33 0.11 -0.24 0.14 0.01 0.27 -0.02 0.48 -0.28 -0.58 -0.16  Rvol: 0.59 0.96 1.37 -0.33 -0.32 -0.10 0.14 0.14 0.76 1.14 1.55 -0.28 -0.06 0.13 0.38 
Loss: 1.169397  SIA Ef: 0.235867 Binding: -0.31 0.13 -0.21 0.17 0.03 0.26 -0.05 0.46 -0.31 -0.61 -0.20  Rvol: 0.59 0.97 1.38 -0.33 -0.32 -0.09 0.14 0.14 0.77 1.14 1.57 -0.28 -0.06 0.13 0.39 
Loss: 1.123299  SIA Ef: 0.160366 Binding: -0.33 0.08 -0.22 0.14 -0.02 0.26 -0.09 0.45 -0.30 -0.61 -0.20  Rvol: 0.59 0.96 1.37 -0.33 -0.32 -0.10 0.14 0.14 0.76 1.15 1.56 -0.28 -0.06 0.12 0.38 
Loss: 1.218077  SIA Ef: 0.288420 Binding: -0.35 0.04 -0.21 0.12 -0.05 0.28 0.04 0.58 -0.29 -0.54 -0.07  Rvol: 0.60 0.97 1.39 -0.33 -0.32 -0.10 0.14 0.14 0.77 1.15 1.58 -0.28 -0.06 0.13 0.40 
Loss: 1.097427  SIA Ef: 0.103190 Binding: -0.33 0.10 -0.21 0.15 -0.00 0.27 -0.01 0.49 -0.30 -0.58 -0.17  Rvol: 0.59 0.96 1.37 -0.33 -0.32 -0.10 0.13 0.14 0.76 1.14 1.55 -0.28 -0.06 0.12 0.38 
Loss: 1.131508  SIA Ef: 0.172138 Binding: -0.30 0.12 -0.13 0.19 0.03 0.25 -0.10 0.50 -0.33 -0.59 -0.17  Rvol: 0.59 0.96 1.37 -0.33 -0.32 -0.10 0.14 0.14 0.76 1.14 1.57 -0.28 -0.07 0.12 0.38 
Loss: 1.113813  SIA Ef: 0.149142 Binding: -0.32 0.10 -0.14 0.17 0.01 0.25 -0.09 0.50 -0.33 -0.59 -0.16  Rvol: 0.59 0.96 1.37 -0.33 -0.32 -0.10 0.14 0.14 0.76 1.14 1.56 -0.28 -0.06 0.12 0.38 
Loss: 1.066270  SIA Ef: -0.061042 Binding: -0.34 0.14 -0.40 0.11 0.02 0.28 -0.05 0.42 -0.18 -0.57 -0.17  Rvol: 0.57 0.94 1.34 -0.33 -0.32 -0.10 0.13 0.14 0.75 1.12 1.51 -0.28 -0.06 0.12 0.37 
Loss: 1.112593  SIA Ef: -0.133693 Binding: -0.35 0.13 -0.48 0.08 -0.00 0.30 -0.02 0.44 -0.13 -0.55 -0.13  Rvol: 0.57 0.93 1.33 -0.33 -0.32 -0.10 0.13 0.14 0.75 1.12 1.50 -0.28 -0.06 0.12 0.37 
Loss: 1.066445  SIA Ef: -0.062401 Binding: -0.34 0.14 -0.40 0.11 0.02 0.28 -0.05 0.42 -0.18 -0.57 -0.17  Rvol: 0.57 0.94 1.34 -0.33 -0.32 -0.10 0.13 0.14 0.75 1.12 1.51 -0.28 -0.06 0.12 0.37 
Loss: 1.092423  SIA Ef: -0.096948 Binding: -0.33 0.17 -0.44 0.11 0.04 0.28 -0.06 0.40 -0.16 -0.58 -0.18  Rvol: 0.57 0.93 1.33 -0.33 -0.32 -0.10 0.13 0.14 0.75 1.12 1.51 -0.28 -0.06 0.12 0.37 
Loss: 1.058197  SIA Ef: -0.073386 Binding: -0.33 0.14 -0.37 0.12 0.02 0.28 -0.06 0.43 -0.20 -0.58 -0.17  Rvol: 0.57 0.94 1.34 -0.33 -0.32 -0.10 0.13 0.14 0.75 1.12 1.51 -0.28 -0.06 0.12 0.37 
Loss: 1.072221  SIA Ef: -0.096275 Binding: -0.33 0.17 -0.42 0.12 0.04 0.29 -0.05 0.40 -0.16 -0.57 -0.17  Rvol: 0.57 0.93 1.33 -0.33 -0.32 -0.10 0.13 0.14 0.75 1.12 1.51 -0.28 -0.06 0.12 0.37 
Loss: 1.052351  SIA Ef: -0.084806 Binding: -0.33 0.15 -0.36 0.13 0.03 0.28 -0.07 0.42 -0.20 -0.58 -0.16  Rvol: 0.57 0.93 1.34 -0.33 -0.32 -0.10 0.13 0.14 0.75 1.13 1.51 -0.28 -0.06 0.12 0.37 
Loss: 1.034011  SIA Ef: -0.081140 Binding: -0.31 0.16 -0.29 0.15 0.05 0.28 -0.04 0.44 -0.23 -0.58 -0.16  Rvol: 0.57 0.94 1.34 -0.33 -0.32 -0.10 0.13 0.14 0.75 1.11 1.52 -0.28 -0.06 0.12 0.37 
Loss: 1.047650  SIA Ef: -0.134620 Binding: -0.32 0.15 -0.28 0.15 0.04 0.28 -0.08 0.40 -0.25 -0.60 -0.19  Rvol: 0.57 0.93 1.33 -0.33 -0.32 -0.10 0.13 0.14 0.75 1.12 1.51 -0.28 -0.06 0.12 0.37 
Loss: 1.044972  SIA Ef: -0.097576 Binding: -0.31 0.15 -0.25 0.16 0.05 0.28 -0.11 0.45 -0.26 -0.58 -0.16  Rvol: 0.57 0.94 1.34 -0.33 -0.32 -0.10 0.13 0.14 0.75 1.11 1.52 -0.28 -0.06 0.12 0.37 
Loss: 1.038090  SIA Ef: -0.100837 Binding: -0.30 0.18 -0.26 0.17 0.08 0.29 -0.11 0.44 -0.24 -0.58 -0.15  Rvol: 0.57 0.93 1.33 -0.33 -0.32 -0.10 0.13 0.14 0.75 1.11 1.51 -0.28 -0.06 0.12 0.38 
Loss: 1.037977  SIA Ef: -0.120470 Binding: -0.32 0.16 -0.32 0.14 0.05 0.29 -0.01 0.45 -0.21 -0.56 -0.14  Rvol: 0.57 0.93 1.33 -0.33 -0.32 -0.10 0.13 0.14 0.75 1.11 1.51 -0.28 -0.06 0.12 0.37 
Loss: 1.038687  SIA Ef: -0.074074 Binding: -0.31 0.16 -0.28 0.15 0.05 0.28 -0.08 0.44 -0.24 -0.58 -0.15  Rvol: 0.58 0.94 1.34 -0.33 -0.32 -0.10 0.13 0.14 0.75 1.11 1.52 -0.28 -0.06 0.12 0.37 
Loss: 1.041241  SIA Ef: -0.005192 Binding: -0.31 0.15 -0.25 0.16 0.05 0.28 -0.10 0.45 -0.25 -0.58 -0.15  Rvol: 0.58 0.94 1.35 -0.33 -0.32 -0.10 0.14 0.14 0.76 1.12 1.53 -0.28 -0.06 0.12 0.38 
Loss: 1.042035  SIA Ef: -0.055002 Binding: -0.31 0.15 -0.26 0.16 0.05 0.28 -0.09 0.46 -0.25 -0.58 -0.15  Rvol: 0.58 0.94 1.34 -0.33 -0.32 -0.10 0.13 0.14 0.76 1.11 1.52 -0.28 -0.06 0.12 0.37 
Loss: 1.043594  SIA Ef: -0.091675 Binding: -0.31 0.17 -0.29 0.16 0.06 0.28 -0.07 0.44 -0.23 -0.58 -0.16  Rvol: 0.57 0.93 1.34 -0.33 -0.32 -0.10 0.13 0.14 0.75 1.11 1.51 -0.28 -0.06 0.12 0.37 
Loss: 1.033860  SIA Ef: -0.088363 Binding: -0.31 0.16 -0.29 0.16 0.06 0.28 -0.04 0.44 -0.23 -0.58 -0.16  Rvol: 0.57 0.93 1.34 -0.33 -0.32 -0.10 0.13 0.14 0.75 1.11 1.52 -0.28 -0.06 0.12 0.37 
Loss: 1.044269  SIA Ef: -0.105824 Binding: -0.31 0.17 -0.34 0.15 0.06 0.29 -0.06 0.43 -0.20 -0.57 -0.16  Rvol: 0.57 0.93 1.33 -0.33 -0.32 -0.10 0.13 0.14 0.75 1.12 1.51 -0.28 -0.06 0.12 0.37 
Loss: 1.038523  SIA Ef: -0.108729 Binding: -0.31 0.16 -0.30 0.15 0.05 0.28 -0.06 0.43 -0.23 -0.58 -0.16  Rvol: 0.57 0.93 1.33 -0.33 -0.32 -0.10 0.13 0.14 0.75 1.12 1.51 -0.28 -0.06 0.12 0.37 
Loss: 1.041139  SIA Ef: -0.080407 Binding: -0.30 0.17 -0.26 0.17 0.07 0.29 -0.11 0.45 -0.24 -0.57 -0.15  Rvol: 0.57 0.94 1.34 -0.33 -0.32 -0.10 0.13 0.14 0.75 1.11 1.52 -0.28 -0.06 0.12 0.37 
Loss: 1.035560  SIA Ef: -0.095575 Binding: -0.31 0.16 -0.31 0.15 0.06 0.29 -0.01 0.43 -0.22 -0.58 -0.16  Rvol: 0.57 0.93 1.34 -0.33 -0.32 -0.10 0.13 0.14 0.75 1.11 1.51 -0.28 -0.06 0.12 0.37 
Loss: 1.037598  SIA Ef: -0.092879 Binding: -0.31 0.17 -0.28 0.16 0.06 0.29 -0.08 0.44 -0.23 -0.58 -0.16  Rvol: 0.57 0.93 1.34 -0.33 -0.32 -0.10 0.13 0.14 0.75 1.11 1.52 -0.28 -0.06 0.12 0.37 
Loss: 1.041882  SIA Ef: -0.104194 Binding: -0.31 0.16 -0.28 0.16 0.06 0.29 -0.09 0.44 -0.24 -0.58 -0.15  Rvol: 0.57 0.93 1.33 -0.33 -0.32 -0.10 0.13 0.14 0.75 1.11 1.51 -0.28 -0.06 0.12 0.37 
Loss: 1.036252  SIA Ef: -0.072742 Binding: -0.31 0.16 -0.28 0.16 0.06 0.28 -0.08 0.44 -0.24 -0.58 -0.16  Rvol: 0.57 0.94 1.34 -0.33 -0.32 -0.10 0.13 0.14 0.75 1.11 1.52 -0.28 -0.06 0.12 0.37 
Loss: 1.036343  SIA Ef: -0.078208 Binding: -0.31 0.17 -0.29 0.16 0.06 0.28 -0.05 0.44 -0.23 -0.58 -0.16  Rvol: 0.57 0.94 1.34 -0.33 -0.32 -0.10 0.13 0.14 0.75 1.11 1.52 -0.28 -0.06 0.12 0.37 
Loss: 1.034336  SIA Ef: -0.099929 Binding: -0.31 0.16 -0.30 0.15 0.06 0.29 -0.02 0.44 -0.23 -0.57 -0.15  Rvol: 0.57 0.93 1.33 -0.33 -0.32 -0.10 0.13 0.14 0.75 1.11 1.51 -0.28 -0.06 0.12 0.37 
Loss: 1.035964  SIA Ef: -0.092378 Binding: -0.31 0.17 -0.31 0.15 0.06 0.29 -0.02 0.43 -0.22 -0.57 -0.16  Rvol: 0.57 0.93 1.34 -0.33 -0.32 -0.10 0.13 0.14 0.75 1.11 1.51 -0.28 -0.06 0.12 0.37 
Loss: 1.038188  SIA Ef: -0.085328 Binding: -0.31 0.16 -0.28 0.16 0.06 0.28 -0.08 0.44 -0.24 -0.58 -0.16  Rvol: 0.57 0.94 1.34 -0.33 -0.32 -0.10 0.13 0.14 0.75 1.11 1.52 -0.28 -0.06 0.12 0.37 
Loss: 1.034209  SIA Ef: -0.087263 Binding: -0.31 0.16 -0.28 0.16 0.06 0.28 -0.04 0.44 -0.23 -0.58 -0.16  Rvol: 0.57 0.93 1.34 -0.33 -0.32 -0.10 0.13 0.14 0.75 1.11 1.52 -0.28 -0.06 0.12 0.37 
Loss: 1.035339  SIA Ef: -0.076751 Binding: -0.31 0.16 -0.28 0.16 0.05 0.28 -0.06 0.44 -0.24 -0.58 -0.15  Rvol: 0.58 0.94 1.34 -0.33 -0.32 -0.10 0.13 0.14 0.75 1.11 1.52 -0.28 -0.06 0.12 0.37 
Loss: 1.034352  SIA Ef: -0.093668 Binding: -0.31 0.16 -0.29 0.15 0.06 0.28 -0.03 0.44 -0.23 -0.58 -0.16  Rvol: 0.57 0.93 1.34 -0.33 -0.32 -0.10 0.13 0.14 0.75 1.11 1.51 -0.28 -0.06 0.12 0.37 
Loss: 1.033802  SIA Ef: -0.086194 Binding: -0.31 0.16 -0.29 0.16 0.06 0.28 -0.04 0.44 -0.23 -0.58 -0.16  Rvol: 0.57 0.93 1.34 -0.33 -0.32 -0.10 0.13 0.14 0.75 1.11 1.52 -0.28 -0.06 0.12 0.37 
Loss: 1.035243  SIA Ef: -0.089290 Binding: -0.31 0.16 -0.29 0.16 0.06 0.28 -0.05 0.44 -0.23 -0.58 -0.16  Rvol: 0.57 0.93 1.34 -0.33 -0.32 -0.10 0.13 0.14 0.75 1.11 1.52 -0.28 -0.06 0.12 0.37 
Loss: 1.034974  SIA Ef: -0.085434 Binding: -0.31 0.16 -0.29 0.16 0.06 0.28 -0.05 0.44 -0.23 -0.58 -0.16  Rvol: 0.57 0.94 1.34 -0.33 -0.32 -0.10 0.13 0.14 0.75 1.11 1.52 -0.28 -0.06 0.12 0.37 
Loss: 1.033696  SIA Ef: -0.088103 Binding: -0.31 0.16 -0.30 0.15 0.06 0.28 -0.01 0.44 -0.23 -0.58 -0.16  Rvol: 0.57 0.93 1.34 -0.33 -0.32 -0.10 0.13 0.14 0.75 1.12 1.52 -0.28 -0.06 0.12 0.37 
Loss: 1.033672  SIA Ef: -0.086578 Binding: -0.31 0.16 -0.30 0.15 0.06 0.28 -0.01 0.44 -0.23 -0.58 -0.16  Rvol: 0.57 0.93 1.34 -0.33 -0.32 -0.10 0.13 0.14 0.75 1.12 1.52 -0.28 -0.06 0.12 0.37 
Loss: 1.034492  SIA Ef: -0.089488 Binding: -0.31 0.16 -0.30 0.15 0.06 0.28 -0.03 0.44 -0.23 -0.58 -0.16  Rvol: 0.57 0.93 1.34 -0.33 -0.32 -0.10 0.13 0.14 0.75 1.12 1.51 -0.28 -0.06 0.12 0.37 
Loss: 1.033477  SIA Ef: -0.086901 Binding: -0.31 0.16 -0.30 0.15 0.06 0.28 -0.01 0.44 -0.23 -0.58 -0.16  Rvol: 0.57 0.93 1.34 -0.33 -0.32 -0.10 0.13 0.14 0.75 1.12 1.52 -0.28 -0.06 0.12 0.37 
Loss: 1.032524  SIA Ef: -0.078087 Binding: -0.31 0.16 -0.29 0.15 0.06 0.28 -0.01 0.44 -0.23 -0.58 -0.16  Rvol: 0.57 0.94 1.34 -0.33 -0.32 -0.10 0.13 0.14 0.75 1.12 1.52 -0.28 -0.06 0.12 0.37 
Loss: 1.033070  SIA Ef: -0.079292 Binding: -0.31 0.16 -0.30 0.15 0.06 0.28 -0.01 0.44 -0.23 -0.58 -0.16  Rvol: 0.57 0.94 1.34 -0.33 -0.32 -0.10 0.13 0.14 0.75 1.12 1.52 -0.28 -0.06 0.12 0.37 
Loss: 1.032596  SIA Ef: -0.076617 Binding: -0.31 0.16 -0.29 0.15 0.06 0.28 -0.02 0.44 -0.23 -0.58 -0.16  Rvol: 0.57 0.94 1.34 -0.33 -0.32 -0.10 0.13 0.14 0.75 1.12 1.52 -0.28 -0.06 0.12 0.37 
Loss: 1.034930  SIA Ef: -0.084614 Binding: -0.31 0.16 -0.30 0.15 0.05 0.28 -0.04 0.44 -0.23 -0.58 -0.16  Rvol: 0.57 0.93 1.34 -0.33 -0.32 -0.10 0.13 0.14 0.75 1.12 1.52 -0.28 -0.06 0.12 0.37 
Loss: 1.032517  SIA Ef: -0.077312 Binding: -0.31 0.16 -0.29 0.15 0.06 0.28 -0.02 0.44 -0.23 -0.58 -0.16  Rvol: 0.57 0.94 1.34 -0.33 -0.32 -0.10 0.13 0.14 0.75 1.12 1.52 -0.28 -0.06 0.12 0.37 
Loss: 1.032114  SIA Ef: -0.073824 Binding: -0.31 0.16 -0.29 0.15 0.06 0.29 -0.02 0.44 -0.23 -0.58 -0.16  Rvol: 0.57 0.94 1.34 -0.33 -0.32 -0.10 0.13 0.14 0.75 1.12 1.52 -0.28 -0.06 0.12 0.37 
Loss: 1.032144  SIA Ef: -0.068269 Binding: -0.31 0.16 -0.29 0.16 0.06 0.28 -0.03 0.44 -0.23 -0.58 -0.15  Rvol: 0.58 0.94 1.34 -0.33 -0.32 -0.10 0.13 0.14 0.75 1.11 1.52 -0.28 -0.06 0.12 0.37 
Loss: 1.032012  SIA Ef: -0.073895 Binding: -0.31 0.16 -0.29 0.15 0.06 0.29 -0.01 0.44 -0.23 -0.58 -0.16  Rvol: 0.57 0.94 1.34 -0.33 -0.32 -0.10 0.13 0.14 0.75 1.12 1.52 -0.28 -0.06 0.12 0.37 
Loss: 1.031890  SIA Ef: -0.073470 Binding: -0.31 0.16 -0.29 0.15 0.06 0.29 -0.02 0.44 -0.23 -0.58 -0.15  Rvol: 0.57 0.94 1.34 -0.33 -0.32 -0.10 0.13 0.14 0.75 1.12 1.52 -0.28 -0.06 0.12 0.37 
Loss: 1.031881  SIA Ef: -0.072754 Binding: -0.31 0.16 -0.29 0.15 0.06 0.29 -0.01 0.44 -0.23 -0.58 -0.15  Rvol: 0.57 0.94 1.34 -0.33 -0.32 -0.10 0.13 0.14 0.75 1.12 1.52 -0.28 -0.06 0.12 0.37 
Loss: 1.032314  SIA Ef: -0.070998 Binding: -0.31 0.16 -0.29 0.15 0.06 0.29 -0.03 0.44 -0.23 -0.57 -0.15  Rvol: 0.57 0.94 1.34 -0.33 -0.32 -0.10 0.13 0.14 0.75 1.13 1.52 -0.28 -0.06 0.12 0.37 
Loss: 1.031948  SIA Ef: -0.071747 Binding: -0.31 0.16 -0.29 0.15 0.05 0.29 -0.01 0.44 -0.23 -0.58 -0.15  Rvol: 0.57 0.94 1.34 -0.33 -0.32 -0.10 0.13 0.14 0.75 1.12 1.52 -0.28 -0.06 0.12 0.37 
Loss: 1.032138  SIA Ef: -0.075189 Binding: -0.31 0.16 -0.29 0.15 0.06 0.29 -0.01 0.44 -0.23 -0.58 -0.15  Rvol: 0.57 0.94 1.34 -0.33 -0.32 -0.10 0.13 0.14 0.75 1.12 1.52 -0.28 -0.06 0.12 0.37 
Loss: 1.031895  SIA Ef: -0.073541 Binding: -0.31 0.16 -0.29 0.15 0.06 0.29 -0.01 0.44 -0.23 -0.57 -0.15  Rvol: 0.57 0.94 1.34 -0.33 -0.32 -0.10 0.13 0.14 0.75 1.12 1.52 -0.28 -0.06 0.12 0.37 
Loss: 1.032040  SIA Ef: -0.072115 Binding: -0.31 0.16 -0.29 0.15 0.06 0.28 -0.01 0.44 -0.23 -0.58 -0.16  Rvol: 0.57 0.94 1.34 -0.33 -0.32 -0.10 0.13 0.14 0.75 1.12 1.52 -0.28 -0.06 0.12 0.37 
Loss: 1.031910  SIA Ef: -0.072398 Binding: -0.31 0.16 -0.29 0.15 0.06 0.29 -0.02 0.44 -0.23 -0.58 -0.15  Rvol: 0.57 0.94 1.34 -0.33 -0.32 -0.10 0.13 0.14 0.75 1.12 1.52 -0.28 -0.06 0.12 0.37 
Loss: 1.032178  SIA Ef: -0.074168 Binding: -0.31 0.16 -0.29 0.15 0.06 0.28 -0.01 0.44 -0.23 -0.58 -0.16  Rvol: 0.57 0.94 1.34 -0.33 -0.32 -0.10 0.13 0.14 0.75 1.12 1.52 -0.28 -0.06 0.12 0.37 
Loss: 1.032031  SIA Ef: -0.074082 Binding: -0.31 0.16 -0.29 0.15 0.06 0.29 -0.02 0.44 -0.23 -0.58 -0.15  Rvol: 0.57 0.94 1.34 -0.33 -0.32 -0.10 0.13 0.14 0.75 1.12 1.52 -0.28 -0.06 0.12 0.37 
Loss: 1.031956  SIA Ef: -0.071761 Binding: -0.31 0.16 -0.29 0.15 0.06 0.29 -0.02 0.44 -0.23 -0.58 -0.15  Rvol: 0.57 0.94 1.34 -0.33 -0.32 -0.10 0.13 0.14 0.75 1.12 1.52 -0.28 -0.06 0.12 0.37 
Loss: 1.032013  SIA Ef: -0.071457 Binding: -0.31 0.16 -0.29 0.15 0.06 0.29 -0.02 0.44 -0.23 -0.58 -0.15  Rvol: 0.57 0.94 1.34 -0.33 -0.32 -0.10 0.13 0.14 0.75 1.12 1.52 -0.28 -0.06 0.12 0.37 
Loss: 1.031866  SIA Ef: -0.072768 Binding: -0.31 0.16 -0.29 0.15 0.06 0.29 -0.01 0.44 -0.23 -0.58 -0.15  Rvol: 0.57 0.94 1.34 -0.33 -0.32 -0.10 0.13 0.14 0.75 1.12 1.52 -0.28 -0.06 0.12 0.37 
Loss: 1.031857  SIA Ef: -0.072706 Binding: -0.31 0.16 -0.29 0.15 0.06 0.29 -0.01 0.44 -0.23 -0.58 -0.16  Rvol: 0.57 0.94 1.34 -0.33 -0.32 -0.10 0.13 0.14 0.75 1.12 1.52 -0.28 -0.06 0.12 0.37 
Loss: 1.032191  SIA Ef: -0.073490 Binding: -0.31 0.16 -0.29 0.15 0.06 0.29 -0.02 0.44 -0.23 -0.58 -0.16  Rvol: 0.57 0.94 1.34 -0.33 -0.32 -0.10 0.13 0.14 0.75 1.13 1.52 -0.28 -0.06 0.12 0.37 
Loss: 1.031886  SIA Ef: -0.072516 Binding: -0.31 0.16 -0.29 0.15 0.06 0.29 -0.01 0.44 -0.23 -0.58 -0.16  Rvol: 0.57 0.94 1.34 -0.33 -0.32 -0.10 0.13 0.14 0.75 1.12 1.52 -0.28 -0.06 0.12 0.37 
Loss: 1.031817  SIA Ef: -0.072946 Binding: -0.31 0.16 -0.29 0.15 0.06 0.29 -0.01 0.44 -0.23 -0.58 -0.16  Rvol: 0.57 0.94 1.34 -0.33 -0.32 -0.10 0.13 0.14 0.75 1.12 1.52 -0.28 -0.06 0.12 0.37 
Loss: 1.031814  SIA Ef: -0.073005 Binding: -0.31 0.16 -0.29 0.15 0.06 0.29 -0.01 0.44 -0.23 -0.58 -0.16  Rvol: 0.57 0.94 1.34 -0.33 -0.32 -0.10 0.13 0.14 0.75 1.12 1.52 -0.28 -0.06 0.12 0.37 
Loss: 1.031744  SIA Ef: -0.072207 Binding: -0.31 0.16 -0.29 0.15 0.06 0.29 -0.01 0.44 -0.23 -0.58 -0.15  Rvol: 0.57 0.94 1.34 -0.33 -0.32 -0.10 0.13 0.14 0.75 1.12 1.52 -0.28 -0.06 0.12 0.37 
Loss: 1.031727  SIA Ef: -0.071256 Binding: -0.31 0.16 -0.29 0.15 0.06 0.29 -0.02 0.44 -0.23 -0.58 -0.15  Rvol: 0.57 0.94 1.34 -0.33 -0.32 -0.10 0.13 0.14 0.75 1.12 1.52 -0.28 -0.06 0.12 0.37 
Loss: 1.031734  SIA Ef: -0.071341 Binding: -0.31 0.16 -0.29 0.15 0.06 0.29 -0.02 0.44 -0.23 -0.58 -0.15  Rvol: 0.57 0.94 1.34 -0.33 -0.32 -0.10 0.13 0.14 0.75 1.12 1.52 -0.28 -0.06 0.12 0.37 
Loss: 1.031727  SIA Ef: -0.070924 Binding: -0.31 0.16 -0.29 0.15 0.06 0.29 -0.02 0.44 -0.23 -0.58 -0.15  Rvol: 0.57 0.94 1.34 -0.33 -0.32 -0.10 0.13 0.14 0.75 1.12 1.52 -0.28 -0.06 0.12 0.37 
Loss: 1.031761  SIA Ef: -0.070746 Binding: -0.31 0.16 -0.29 0.15 0.06 0.29 -0.02 0.44 -0.23 -0.58 -0.15  Rvol: 0.57 0.94 1.34 -0.33 -0.32 -0.10 0.13 0.14 0.75 1.12 1.52 -0.28 -0.06 0.12 0.37 
Loss: 1.031714  SIA Ef: -0.070376 Binding: -0.31 0.16 -0.29 0.15 0.06 0.29 -0.02 0.44 -0.23 -0.58 -0.15  Rvol: 0.57 0.94 1.34 -0.33 -0.32 -0.10 0.13 0.14 0.75 1.12 1.52 -0.28 -0.06 0.12 0.37 
Loss: 1.031715  SIA Ef: -0.070231 Binding: -0.31 0.16 -0.29 0.15 0.05 0.29 -0.02 0.44 -0.23 -0.58 -0.15  Rvol: 0.57 0.94 1.34 -0.33 -0.32 -0.10 0.13 0.14 0.75 1.12 1.52 -0.28 -0.06 0.12 0.37 
Loss: 1.031721  SIA Ef: -0.070361 Binding: -0.31 0.16 -0.29 0.15 0.06 0.29 -0.02 0.44 -0.23 -0.58 -0.15  Rvol: 0.57 0.94 1.34 -0.33 -0.32 -0.10 0.13 0.14 0.75 1.12 1.52 -0.28 -0.06 0.12 0.37 
Loss: 1.031763  SIA Ef: -0.070332 Binding: -0.31 0.16 -0.29 0.15 0.06 0.29 -0.02 0.44 -0.23 -0.58 -0.15  Rvol: 0.57 0.94 1.34 -0.33 -0.32 -0.10 0.13 0.14 0.75 1.12 1.52 -0.28 -0.06 0.12 0.37 
Loss: 1.031745  SIA Ef: -0.070375 Binding: -0.31 0.16 -0.29 0.15 0.06 0.29 -0.02 0.44 -0.23 -0.58 -0.15  Rvol: 0.57 0.94 1.34 -0.33 -0.32 -0.10 0.13 0.14 0.75 1.12 1.52 -0.28 -0.06 0.12 0.37 
Loss: 1.031727  SIA Ef: -0.070061 Binding: -0.31 0.16 -0.29 0.15 0.06 0.29 -0.02 0.44 -0.23 -0.58 -0.15  Rvol: 0.57 0.94 1.34 -0.33 -0.32 -0.10 0.13 0.14 0.75 1.12 1.52 -0.28 -0.06 0.12 0.37 
Loss: 1.031561  SIA Ef: -0.070725 Binding: -0.31 0.16 -0.29 0.15 0.06 0.29 -0.02 0.44 -0.23 -0.58 -0.15  Rvol: 0.57 0.94 1.34 -0.33 -0.32 -0.10 0.13 0.14 0.75 1.12 1.52 -0.28 -0.06 0.12 0.37 
Loss: 1.031503  SIA Ef: -0.071085 Binding: -0.31 0.16 -0.29 0.15 0.05 0.29 -0.01 0.44 -0.23 -0.57 -0.15  Rvol: 0.57 0.94 1.34 -0.33 -0.32 -0.10 0.13 0.14 0.75 1.12 1.52 -0.28 -0.06 0.12 0.37 
Loss: 1.031507  SIA Ef: -0.070887 Binding: -0.31 0.16 -0.29 0.15 0.05 0.29 -0.01 0.44 -0.23 -0.58 -0.15  Rvol: 0.57 0.94 1.34 -0.33 -0.32 -0.10 0.13 0.14 0.75 1.12 1.52 -0.28 -0.06 0.12 0.37 
Loss: 1.031480  SIA Ef: -0.070645 Binding: -0.31 0.16 -0.29 0.15 0.06 0.29 -0.01 0.44 -0.23 -0.57 -0.15  Rvol: 0.57 0.94 1.34 -0.33 -0.32 -0.10 0.13 0.14 0.75 1.12 1.52 -0.28 -0.06 0.12 0.37 
Loss: 1.031496  SIA Ef: -0.071026 Binding: -0.31 0.16 -0.29 0.15 0.06 0.29 -0.02 0.44 -0.23 -0.57 -0.15  Rvol: 0.57 0.94 1.34 -0.33 -0.32 -0.10 0.13 0.14 0.75 1.12 1.52 -0.28 -0.06 0.12 0.37 
Loss: 1.031484  SIA Ef: -0.070593 Binding: -0.31 0.16 -0.29 0.15 0.05 0.29 -0.01 0.44 -0.23 -0.57 -0.15  Rvol: 0.57 0.94 1.34 -0.33 -0.32 -0.10 0.13 0.14 0.75 1.12 1.52 -0.28 -0.06 0.12 0.37 
Loss: 1.031466  SIA Ef: -0.070951 Binding: -0.31 0.16 -0.29 0.15 0.05 0.29 -0.01 0.44 -0.23 -0.57 -0.15  Rvol: 0.57 0.94 1.34 -0.33 -0.32 -0.10 0.13 0.14 0.75 1.12 1.52 -0.28 -0.06 0.12 0.37 
Loss: 1.031459  SIA Ef: -0.070785 Binding: -0.31 0.16 -0.29 0.15 0.05 0.29 -0.02 0.44 -0.23 -0.57 -0.15  Rvol: 0.57 0.94 1.34 -0.33 -0.32 -0.10 0.13 0.14 0.75 1.12 1.52 -0.28 -0.06 0.12 0.37 
Loss: 1.031473  SIA Ef: -0.071486 Binding: -0.31 0.16 -0.29 0.15 0.06 0.29 -0.02 0.44 -0.23 -0.57 -0.15  Rvol: 0.57 0.94 1.34 -0.33 -0.32 -0.10 0.13 0.14 0.75 1.12 1.52 -0.28 -0.06 0.12 0.37 
Loss: 1.031433  SIA Ef: -0.070909 Binding: -0.31 0.16 -0.29 0.15 0.06 0.29 -0.02 0.44 -0.23 -0.57 -0.15  Rvol: 0.57 0.94 1.34 -0.33 -0.32 -0.10 0.13 0.14 0.75 1.12 1.52 -0.28 -0.06 0.12 0.37 
Loss: 1.031420  SIA Ef: -0.070691 Binding: -0.31 0.16 -0.29 0.15 0.06 0.29 -0.02 0.44 -0.23 -0.57 -0.15  Rvol: 0.57 0.94 1.34 -0.33 -0.32 -0.10 0.13 0.14 0.75 1.12 1.52 -0.28 -0.06 0.12 0.37 
Loss: 1.031372  SIA Ef: -0.070825 Binding: -0.31 0.16 -0.29 0.15 0.06 0.29 -0.01 0.44 -0.23 -0.57 -0.15  Rvol: 0.57 0.94 1.34 -0.33 -0.32 -0.10 0.13 0.14 0.75 1.12 1.52 -0.28 -0.06 0.12 0.37 
Loss: 1.031303  SIA Ef: -0.070654 Binding: -0.31 0.16 -0.29 0.15 0.06 0.29 -0.01 0.44 -0.23 -0.57 -0.15  Rvol: 0.57 0.94 1.34 -0.33 -0.32 -0.10 0.13 0.14 0.75 1.12 1.52 -0.28 -0.06 0.12 0.37 
Loss: 1.031334  SIA Ef: -0.071441 Binding: -0.31 0.16 -0.29 0.15 0.06 0.29 -0.01 0.44 -0.23 -0.57 -0.15  Rvol: 0.57 0.94 1.34 -0.33 -0.32 -0.10 0.13 0.14 0.75 1.12 1.52 -0.28 -0.06 0.12 0.37 
Loss: 1.031298  SIA Ef: -0.070555 Binding: -0.31 0.16 -0.29 0.15 0.06 0.29 -0.01 0.44 -0.23 -0.57 -0.15  Rvol: 0.57 0.94 1.34 -0.33 -0.32 -0.10 0.13 0.14 0.75 1.12 1.52 -0.28 -0.06 0.12 0.37 
Loss: 1.031258  SIA Ef: -0.070750 Binding: -0.31 0.16 -0.29 0.15 0.06 0.29 -0.01 0.44 -0.23 -0.57 -0.15  Rvol: 0.57 0.94 1.34 -0.33 -0.32 -0.10 0.13 0.14 0.75 1.12 1.52 -0.28 -0.06 0.12 0.37 
Loss: 1.031232  SIA Ef: -0.071333 Binding: -0.31 0.16 -0.29 0.15 0.06 0.29 -0.01 0.44 -0.23 -0.57 -0.15  Rvol: 0.57 0.94 1.34 -0.33 -0.32 -0.10 0.13 0.14 0.75 1.12 1.52 -0.28 -0.06 0.12 0.37 
Loss: 1.031247  SIA Ef: -0.071347 Binding: -0.31 0.16 -0.29 0.15 0.06 0.29 -0.01 0.44 -0.23 -0.57 -0.15  Rvol: 0.57 0.94 1.34 -0.33 -0.32 -0.10 0.13 0.14 0.75 1.12 1.52 -0.28 -0.06 0.12 0.37 
Loss: 1.031247  SIA Ef: -0.070917 Binding: -0.31 0.16 -0.29 0.15 0.06 0.29 -0.01 0.44 -0.23 -0.57 -0.15  Rvol: 0.57 0.94 1.34 -0.33 -0.32 -0.10 0.13 0.14 0.75 1.12 1.52 -0.28 -0.06 0.12 0.37 
Loss: 1.031300  SIA Ef: -0.071525 Binding: -0.31 0.16 -0.29 0.15 0.06 0.29 -0.01 0.44 -0.23 -0.57 -0.15  Rvol: 0.57 0.94 1.34 -0.33 -0.32 -0.10 0.13 0.14 0.75 1.12 1.52 -0.28 -0.06 0.12 0.37 
Loss: 1.031193  SIA Ef: -0.070807 Binding: -0.31 0.16 -0.29 0.15 0.06 0.29 -0.01 0.44 -0.23 -0.57 -0.15  Rvol: 0.57 0.94 1.34 -0.33 -0.32 -0.10 0.13 0.14 0.75 1.12 1.52 -0.28 -0.06 0.12 0.37 
Loss: 1.031088  SIA Ef: -0.070342 Binding: -0.31 0.16 -0.29 0.15 0.06 0.29 -0.01 0.44 -0.23 -0.57 -0.15  Rvol: 0.57 0.94 1.34 -0.33 -0.32 -0.10 0.13 0.14 0.75 1.12 1.52 -0.28 -0.06 0.12 0.37 
Loss: 1.031101  SIA Ef: -0.070299 Binding: -0.31 0.16 -0.29 0.15 0.06 0.29 -0.02 0.44 -0.23 -0.57 -0.15  Rvol: 0.57 0.94 1.34 -0.33 -0.32 -0.10 0.13 0.14 0.75 1.12 1.52 -0.28 -0.06 0.12 0.37 
Loss: 1.031093  SIA Ef: -0.070059 Binding: -0.31 0.16 -0.29 0.15 0.06 0.29 -0.02 0.44 -0.23 -0.57 -0.15  Rvol: 0.57 0.94 1.34 -0.33 -0.32 -0.10 0.13 0.14 0.75 1.12 1.52 -0.28 -0.06 0.12 0.37 
Loss: 1.031059  SIA Ef: -0.070610 Binding: -0.31 0.16 -0.29 0.15 0.06 0.29 -0.01 0.44 -0.23 -0.57 -0.15  Rvol: 0.57 0.94 1.34 -0.33 -0.32 -0.10 0.13 0.14 0.75 1.12 1.52 -0.28 -0.06 0.12 0.37 
Loss: 1.030976  SIA Ef: -0.070122 Binding: -0.31 0.16 -0.29 0.15 0.06 0.29 -0.01 0.44 -0.23 -0.57 -0.15  Rvol: 0.57 0.94 1.34 -0.33 -0.32 -0.10 0.13 0.14 0.75 1.12 1.52 -0.28 -0.06 0.12 0.37 
Loss: 1.030875  SIA Ef: -0.069656 Binding: -0.31 0.16 -0.29 0.15 0.06 0.29 -0.01 0.44 -0.23 -0.57 -0.15  Rvol: 0.57 0.94 1.34 -0.33 -0.32 -0.10 0.13 0.14 0.75 1.12 1.52 -0.28 -0.06 0.12 0.37 
Loss: 1.030807  SIA Ef: -0.069173 Binding: -0.31 0.16 -0.29 0.15 0.06 0.29 -0.02 0.44 -0.23 -0.57 -0.15  Rvol: 0.57 0.94 1.34 -0.33 -0.32 -0.10 0.13 0.14 0.75 1.12 1.52 -0.28 -0.06 0.12 0.37 
Loss: 1.030780  SIA Ef: -0.068884 Binding: -0.31 0.16 -0.29 0.15 0.06 0.29 -0.01 0.44 -0.23 -0.57 -0.15  Rvol: 0.57 0.94 1.34 -0.33 -0.32 -0.10 0.13 0.14 0.75 1.12 1.52 -0.28 -0.06 0.12 0.37 
Loss: 1.030747  SIA Ef: -0.068654 Binding: -0.31 0.16 -0.29 0.15 0.06 0.29 -0.02 0.44 -0.23 -0.57 -0.15  Rvol: 0.57 0.94 1.34 -0.33 -0.32 -0.10 0.13 0.14 0.75 1.12 1.52 -0.28 -0.06 0.12 0.37 
Loss: 1.030766  SIA Ef: -0.068777 Binding: -0.31 0.16 -0.29 0.15 0.06 0.29 -0.02 0.44 -0.23 -0.57 -0.15  Rvol: 0.57 0.94 1.34 -0.33 -0.32 -0.10 0.13 0.14 0.75 1.12 1.52 -0.28 -0.06 0.12 0.37 
Loss: 1.030777  SIA Ef: -0.068241 Binding: -0.31 0.16 -0.29 0.15 0.06 0.29 -0.02 0.44 -0.23 -0.57 -0.15  Rvol: 0.57 0.94 1.34 -0.33 -0.32 -0.10 0.13 0.14 0.75 1.12 1.52 -0.28 -0.06 0.12 0.37 
Loss: 1.030749  SIA Ef: -0.068691 Binding: -0.31 0.16 -0.29 0.15 0.06 0.29 -0.02 0.44 -0.23 -0.57 -0.15  Rvol: 0.57 0.94 1.34 -0.33 -0.32 -0.10 0.13 0.14 0.75 1.12 1.52 -0.28 -0.06 0.12 0.37 
Loss: 1.030703  SIA Ef: -0.067794 Binding: -0.31 0.16 -0.29 0.15 0.05 0.29 -0.01 0.44 -0.23 -0.57 -0.15  Rvol: 0.57 0.94 1.34 -0.33 -0.32 -0.10 0.13 0.14 0.75 1.12 1.52 -0.28 -0.06 0.12 0.37 
Loss: 1.030712  SIA Ef: -0.068183 Binding: -0.31 0.16 -0.29 0.15 0.05 0.29 -0.01 0.44 -0.23 -0.57 -0.15  Rvol: 0.57 0.94 1.34 -0.33 -0.32 -0.10 0.13 0.14 0.75 1.12 1.52 -0.28 -0.06 0.12 0.37 
Loss: 1.030695  SIA Ef: -0.067944 Binding: -0.31 0.16 -0.29 0.15 0.06 0.29 -0.01 0.44 -0.23 -0.57 -0.15  Rvol: 0.57 0.94 1.34 -0.33 -0.32 -0.10 0.13 0.14 0.75 1.12 1.52 -0.28 -0.06 0.12 0.37 
Loss: 1.030713  SIA Ef: -0.068018 Binding: -0.31 0.16 -0.29 0.15 0.05 0.29 -0.01 0.44 -0.23 -0.57 -0.15  Rvol: 0.57 0.94 1.34 -0.33 -0.32 -0.10 0.13 0.14 0.75 1.12 1.52 -0.28 -0.06 0.12 0.37 
Loss: 1.030589  SIA Ef: -0.067073 Binding: -0.31 0.16 -0.29 0.15 0.06 0.29 -0.01 0.44 -0.23 -0.57 -0.15  Rvol: 0.57 0.94 1.34 -0.33 -0.32 -0.10 0.13 0.14 0.75 1.12 1.52 -0.28 -0.06 0.12 0.37 
Loss: 1.030543  SIA Ef: -0.066196 Binding: -0.31 0.16 -0.29 0.15 0.06 0.29 -0.01 0.44 -0.23 -0.57 -0.15  Rvol: 0.58 0.94 1.34 -0.33 -0.32 -0.10 0.13 0.14 0.75 1.12 1.52 -0.28 -0.06 0.12 0.37 
Loss: 1.030562  SIA Ef: -0.066125 Binding: -0.31 0.16 -0.29 0.15 0.06 0.29 -0.01 0.44 -0.23 -0.57 -0.15  Rvol: 0.58 0.94 1.34 -0.33 -0.32 -0.10 0.13 0.14 0.75 1.12 1.52 -0.28 -0.06 0.12 0.37 
Loss: 1.030552  SIA Ef: -0.066233 Binding: -0.31 0.16 -0.29 0.15 0.06 0.29 -0.01 0.44 -0.23 -0.57 -0.15  Rvol: 0.58 0.94 1.34 -0.33 -0.32 -0.10 0.13 0.14 0.75 1.12 1.52 -0.28 -0.06 0.12 0.37 
Loss: 1.030548  SIA Ef: -0.066170 Binding: -0.31 0.16 -0.29 0.15 0.06 0.29 -0.01 0.44 -0.23 -0.57 -0.15  Rvol: 0.58 0.94 1.34 -0.33 -0.32 -0.10 0.13 0.14 0.75 1.12 1.52 -0.28 -0.06 0.12 0.37 
Loss: 1.030552  SIA Ef: -0.065965 Binding: -0.31 0.16 -0.29 0.15 0.06 0.29 -0.01 0.44 -0.23 -0.57 -0.15  Rvol: 0.58 0.94 1.34 -0.33 -0.32 -0.10 0.13 0.14 0.75 1.12 1.52 -0.28 -0.06 0.12 0.37 
Loss: 1.030522  SIA Ef: -0.065798 Binding: -0.31 0.16 -0.29 0.15 0.06 0.29 -0.02 0.44 -0.23 -0.57 -0.15  Rvol: 0.58 0.94 1.34 -0.33 -0.32 -0.10 0.13 0.14 0.75 1.12 1.52 -0.28 -0.06 0.12 0.37 
Loss: 1.030485  SIA Ef: -0.065790 Binding: -0.31 0.16 -0.29 0.15 0.06 0.29 -0.02 0.44 -0.23 -0.57 -0.15  Rvol: 0.58 0.94 1.34 -0.33 -0.32 -0.10 0.13 0.14 0.75 1.12 1.52 -0.28 -0.06 0.12 0.37 
Loss: 1.030494  SIA Ef: -0.066364 Binding: -0.31 0.16 -0.29 0.15 0.06 0.29 -0.02 0.44 -0.23 -0.57 -0.15  Rvol: 0.58 0.94 1.34 -0.33 -0.32 -0.10 0.13 0.14 0.75 1.12 1.52 -0.28 -0.06 0.12 0.37 
Loss: 1.030459  SIA Ef: -0.066127 Binding: -0.31 0.16 -0.29 0.15 0.06 0.29 -0.01 0.44 -0.23 -0.57 -0.15  Rvol: 0.58 0.94 1.34 -0.33 -0.32 -0.10 0.13 0.14 0.75 1.12 1.52 -0.28 -0.06 0.12 0.37 
Loss: 1.030502  SIA Ef: -0.066096 Binding: -0.31 0.16 -0.29 0.15 0.06 0.29 -0.02 0.44 -0.23 -0.57 -0.15  Rvol: 0.58 0.94 1.34 -0.33 -0.32 -0.10 0.13 0.14 0.75 1.12 1.52 -0.28 -0.06 0.12 0.37 
Loss: 1.030412  SIA Ef: -0.065945 Binding: -0.31 0.16 -0.29 0.15 0.06 0.29 -0.01 0.44 -0.23 -0.57 -0.15  Rvol: 0.58 0.94 1.34 -0.33 -0.32 -0.10 0.13 0.14 0.75 1.12 1.52 -0.28 -0.06 0.12 0.37 
Loss: 1.030508  SIA Ef: -0.066771 Binding: -0.31 0.16 -0.29 0.15 0.06 0.29 -0.01 0.44 -0.23 -0.57 -0.15  Rvol: 0.57 0.94 1.34 -0.33 -0.32 -0.10 0.13 0.14 0.75 1.13 1.52 -0.28 -0.06 0.12 0.37 
Loss: 1.030426  SIA Ef: -0.065945 Binding: -0.31 0.16 -0.29 0.15 0.06 0.29 -0.01 0.44 -0.23 -0.57 -0.15  Rvol: 0.58 0.94 1.34 -0.33 -0.32 -0.10 0.13 0.14 0.75 1.12 1.52 -0.28 -0.06 0.12 0.37 
Loss: 1.030371  SIA Ef: -0.065751 Binding: -0.31 0.16 -0.29 0.15 0.06 0.29 -0.01 0.44 -0.23 -0.57 -0.15  Rvol: 0.58 0.94 1.34 -0.33 -0.32 -0.10 0.13 0.14 0.75 1.12 1.52 -0.28 -0.06 0.12 0.37 
Loss: 1.030380  SIA Ef: -0.065564 Binding: -0.31 0.16 -0.29 0.15 0.06 0.29 -0.01 0.44 -0.23 -0.57 -0.15  Rvol: 0.58 0.94 1.34 -0.33 -0.32 -0.10 0.13 0.14 0.75 1.12 1.52 -0.28 -0.06 0.12 0.37 
Loss: 1.030348  SIA Ef: -0.065316 Binding: -0.31 0.16 -0.29 0.15 0.06 0.29 -0.01 0.44 -0.23 -0.57 -0.15  Rvol: 0.58 0.94 1.34 -0.33 -0.32 -0.10 0.13 0.14 0.75 1.12 1.52 -0.28 -0.06 0.12 0.37 
Loss: 1.030420  SIA Ef: -0.065225 Binding: -0.31 0.16 -0.29 0.15 0.06 0.29 -0.01 0.44 -0.23 -0.57 -0.15  Rvol: 0.58 0.94 1.34 -0.33 -0.32 -0.10 0.13 0.14 0.75 1.12 1.52 -0.28 -0.06 0.12 0.37 
Loss: 1.030368  SIA Ef: -0.065843 Binding: -0.31 0.16 -0.29 0.15 0.06 0.29 -0.01 0.44 -0.23 -0.57 -0.15  Rvol: 0.58 0.94 1.34 -0.33 -0.32 -0.10 0.13 0.14 0.75 1.12 1.52 -0.28 -0.06 0.12 0.37 
Loss: 1.030327  SIA Ef: -0.065268 Binding: -0.31 0.16 -0.29 0.15 0.06 0.29 -0.01 0.44 -0.23 -0.57 -0.15  Rvol: 0.58 0.94 1.34 -0.33 -0.32 -0.10 0.13 0.14 0.75 1.12 1.52 -0.28 -0.06 0.12 0.37 
Loss: 1.030262  SIA Ef: -0.064771 Binding: -0.31 0.16 -0.29 0.15 0.06 0.29 -0.02 0.44 -0.23 -0.57 -0.15  Rvol: 0.58 0.94 1.34 -0.33 -0.32 -0.10 0.13 0.14 0.75 1.12 1.52 -0.28 -0.06 0.12 0.37 
Loss: 1.030326  SIA Ef: -0.063943 Binding: -0.31 0.16 -0.29 0.15 0.06 0.29 -0.02 0.44 -0.23 -0.57 -0.15  Rvol: 0.58 0.94 1.34 -0.33 -0.32 -0.10 0.13 0.14 0.75 1.12 1.52 -0.28 -0.06 0.12 0.37 
Loss: 1.030247  SIA Ef: -0.064863 Binding: -0.31 0.16 -0.29 0.15 0.06 0.29 -0.01 0.44 -0.23 -0.57 -0.15  Rvol: 0.58 0.94 1.34 -0.33 -0.32 -0.10 0.13 0.14 0.75 1.12 1.52 -0.28 -0.06 0.12 0.37 
Loss: 1.030224  SIA Ef: -0.065599 Binding: -0.31 0.16 -0.29 0.15 0.06 0.29 -0.01 0.44 -0.23 -0.57 -0.15  Rvol: 0.58 0.94 1.34 -0.33 -0.32 -0.10 0.13 0.14 0.75 1.12 1.52 -0.28 -0.06 0.12 0.37 
Loss: 1.030216  SIA Ef: -0.065598 Binding: -0.31 0.16 -0.29 0.15 0.06 0.29 -0.01 0.44 -0.23 -0.57 -0.15  Rvol: 0.58 0.94 1.34 -0.33 -0.32 -0.10 0.13 0.14 0.75 1.12 1.52 -0.28 -0.06 0.12 0.37 
Loss: 1.030160  SIA Ef: -0.065533 Binding: -0.31 0.16 -0.29 0.15 0.06 0.29 -0.01 0.44 -0.23 -0.57 -0.15  Rvol: 0.58 0.94 1.34 -0.33 -0.32 -0.10 0.13 0.14 0.75 1.12 1.52 -0.28 -0.06 0.12 0.37 
Loss: 1.030135  SIA Ef: -0.065695 Binding: -0.31 0.16 -0.29 0.15 0.06 0.29 -0.01 0.44 -0.23 -0.57 -0.15  Rvol: 0.58 0.94 1.34 -0.33 -0.32 -0.10 0.13 0.14 0.75 1.12 1.52 -0.28 -0.06 0.12 0.37 
Loss: 1.030133  SIA Ef: -0.065319 Binding: -0.31 0.16 -0.29 0.15 0.06 0.29 -0.01 0.44 -0.23 -0.57 -0.15  Rvol: 0.58 0.94 1.34 -0.33 -0.32 -0.10 0.13 0.14 0.75 1.12 1.52 -0.28 -0.06 0.12 0.37 
Loss: 1.030146  SIA Ef: -0.065261 Binding: -0.31 0.16 -0.29 0.15 0.06 0.29 -0.01 0.44 -0.23 -0.57 -0.15  Rvol: 0.58 0.94 1.34 -0.33 -0.32 -0.10 0.13 0.14 0.75 1.12 1.52 -0.28 -0.06 0.12 0.37 
Loss: 1.030123  SIA Ef: -0.065996 Binding: -0.31 0.16 -0.29 0.15 0.06 0.29 -0.01 0.44 -0.23 -0.57 -0.15  Rvol: 0.57 0.94 1.34 -0.33 -0.32 -0.10 0.13 0.14 0.75 1.12 1.52 -0.28 -0.06 0.12 0.37 
Loss: 1.030105  SIA Ef: -0.065891 Binding: -0.31 0.16 -0.29 0.15 0.06 0.29 -0.01 0.44 -0.23 -0.57 -0.15  Rvol: 0.57 0.94 1.34 -0.33 -0.32 -0.10 0.13 0.14 0.75 1.12 1.52 -0.28 -0.06 0.12 0.37 
Loss: 1.030228  SIA Ef: -0.066362 Binding: -0.31 0.16 -0.29 0.15 0.06 0.29 -0.02 0.44 -0.23 -0.57 -0.15  Rvol: 0.57 0.94 1.34 -0.33 -0.32 -0.10 0.13 0.14 0.75 1.13 1.52 -0.28 -0.06 0.12 0.37 
Loss: 1.030083  SIA Ef: -0.065792 Binding: -0.31 0.16 -0.29 0.15 0.06 0.29 -0.01 0.44 -0.23 -0.57 -0.15  Rvol: 0.57 0.94 1.34 -0.33 -0.32 -0.10 0.13 0.14 0.75 1.12 1.52 -0.28 -0.06 0.12 0.37 
Loss: 1.029991  SIA Ef: -0.064949 Binding: -0.31 0.16 -0.29 0.15 0.06 0.29 -0.01 0.44 -0.23 -0.57 -0.15  Rvol: 0.58 0.94 1.34 -0.33 -0.32 -0.10 0.13 0.14 0.75 1.12 1.52 -0.28 -0.06 0.12 0.37 
Loss: 1.029979  SIA Ef: -0.064112 Binding: -0.31 0.16 -0.29 0.15 0.06 0.29 -0.01 0.44 -0.23 -0.57 -0.15  Rvol: 0.58 0.94 1.34 -0.33 -0.32 -0.10 0.13 0.14 0.75 1.12 1.52 -0.28 -0.06 0.12 0.37 
Loss: 1.029989  SIA Ef: -0.064103 Binding: -0.31 0.16 -0.29 0.15 0.06 0.29 -0.01 0.44 -0.23 -0.57 -0.15  Rvol: 0.58 0.94 1.34 -0.33 -0.32 -0.10 0.13 0.14 0.75 1.12 1.52 -0.28 -0.06 0.12 0.37 
Loss: 1.030011  SIA Ef: -0.063793 Binding: -0.31 0.16 -0.29 0.15 0.06 0.29 -0.02 0.44 -0.23 -0.57 -0.15  Rvol: 0.58 0.94 1.34 -0.33 -0.32 -0.10 0.13 0.14 0.75 1.12 1.52 -0.28 -0.06 0.12 0.37 
Loss: 1.029974  SIA Ef: -0.063917 Binding: -0.31 0.16 -0.29 0.15 0.06 0.29 -0.01 0.44 -0.23 -0.57 -0.15  Rvol: 0.58 0.94 1.34 -0.33 -0.32 -0.10 0.13 0.14 0.75 1.12 1.52 -0.28 -0.06 0.12 0.37 
Loss: 1.029965  SIA Ef: -0.063590 Binding: -0.31 0.16 -0.29 0.15 0.06 0.29 -0.01 0.44 -0.23 -0.57 -0.15  Rvol: 0.58 0.94 1.34 -0.33 -0.32 -0.10 0.13 0.14 0.75 1.12 1.52 -0.28 -0.06 0.12 0.37 
Loss: 1.029969  SIA Ef: -0.063650 Binding: -0.31 0.16 -0.29 0.15 0.06 0.29 -0.01 0.44 -0.23 -0.57 -0.15  Rvol: 0.58 0.94 1.34 -0.33 -0.32 -0.10 0.13 0.14 0.75 1.12 1.52 -0.28 -0.06 0.12 0.37 
Loss: 1.029902  SIA Ef: -0.063005 Binding: -0.31 0.16 -0.29 0.15 0.06 0.29 -0.02 0.44 -0.23 -0.57 -0.15  Rvol: 0.58 0.94 1.34 -0.33 -0.32 -0.10 0.13 0.14 0.75 1.12 1.52 -0.28 -0.06 0.12 0.37 
Loss: 1.029955  SIA Ef: -0.062247 Binding: -0.31 0.16 -0.29 0.15 0.06 0.29 -0.02 0.44 -0.23 -0.57 -0.15  Rvol: 0.58 0.94 1.34 -0.33 -0.32 -0.10 0.13 0.14 0.75 1.12 1.52 -0.28 -0.06 0.12 0.37 
Loss: 1.029905  SIA Ef: -0.063356 Binding: -0.31 0.16 -0.29 0.15 0.06 0.29 -0.01 0.44 -0.23 -0.57 -0.15  Rvol: 0.58 0.94 1.34 -0.33 -0.32 -0.10 0.13 0.14 0.75 1.12 1.52 -0.28 -0.06 0.12 0.37 
Loss: 1.029923  SIA Ef: -0.062515 Binding: -0.31 0.16 -0.29 0.15 0.06 0.29 -0.01 0.44 -0.23 -0.57 -0.15  Rvol: 0.58 0.94 1.34 -0.33 -0.32 -0.10 0.13 0.14 0.75 1.12 1.52 -0.28 -0.06 0.12 0.37 
Loss: 1.029896  SIA Ef: -0.063024 Binding: -0.31 0.16 -0.29 0.15 0.06 0.29 -0.02 0.44 -0.23 -0.57 -0.15  Rvol: 0.58 0.94 1.34 -0.33 -0.32 -0.10 0.13 0.14 0.75 1.12 1.52 -0.28 -0.06 0.12 0.37 
Loss: 1.030007  SIA Ef: -0.062845 Binding: -0.31 0.16 -0.29 0.15 0.06 0.29 -0.02 0.44 -0.23 -0.57 -0.15  Rvol: 0.58 0.94 1.34 -0.33 -0.32 -0.10 0.13 0.14 0.75 1.12 1.52 -0.28 -0.06 0.12 0.37 
Loss: 1.029944  SIA Ef: -0.063205 Binding: -0.31 0.16 -0.29 0.15 0.06 0.29 -0.02 0.44 -0.23 -0.57 -0.15  Rvol: 0.58 0.94 1.34 -0.33 -0.32 -0.10 0.13 0.14 0.75 1.12 1.52 -0.28 -0.06 0.12 0.37 
Loss: 1.029889  SIA Ef: -0.063473 Binding: -0.31 0.16 -0.29 0.15 0.06 0.29 -0.01 0.44 -0.23 -0.57 -0.15  Rvol: 0.58 0.94 1.34 -0.33 -0.32 -0.10 0.13 0.14 0.75 1.12 1.52 -0.28 -0.06 0.12 0.37 
