Start Optimization 
Loss: 4.030937  SIA Ef: -1.688981 Binding: -0.15 -0.21 0.52 -0.47 -0.40 0.33 0.19 -0.01 -0.18 -0.35 -0.29  Rvol: 0.47 0.94 1.23 -0.33 -0.25 0.02 0.31 0.14 0.69 1.16 1.47 -0.28 -0.12 0.14 0.38 
Loss: 3.853895  SIA Ef: -1.628950 Binding: -0.15 -0.20 0.53 -0.46 -0.39 0.31 0.16 -0.04 -0.20 -0.38 -0.33  Rvol: 0.47 0.94 1.23 -0.33 -0.25 0.02 0.32 0.14 0.70 1.16 1.47 -0.28 -0.12 0.14 0.39 
Loss: 38.894497  SIA Ef: 2.980225 Binding: 0.28 0.80 4.86 1.62 0.09 0.42 0.01 0.42 -0.47 -0.59 -0.35  Rvol: 0.68 1.38 2.07 -0.33 0.04 0.43 0.81 0.14 0.89 1.58 2.24 -0.28 0.17 0.56 0.97 
Loss: 42.921041  SIA Ef: -0.934753 Binding: 1.06 0.67 -4.99 0.56 1.50 0.82 -0.04 -0.24 3.24 -0.12 1.10  Rvol: 0.46 1.03 1.25 -0.33 -0.04 0.34 0.62 0.14 0.74 1.23 1.46 -0.28 0.11 0.37 0.89 
Loss: 200.108526  SIA Ef: 10.413732 Binding: 1.56 -0.11 8.49 1.78 -1.20 1.17 -0.15 -1.26 -0.73 -1.05 -0.99  Rvol: 1.24 2.00 3.31 -0.33 -0.18 0.02 0.45 0.14 1.36 2.51 3.32 -0.28 -0.02 0.19 0.61 
Loss: 13.881432  SIA Ef: -1.628950 Binding: -0.15 -0.20 0.53 -0.46 -0.39 -0.39 -1.34 -0.87 -1.00 -1.89 -1.78  Rvol: 0.47 0.94 1.23 -0.33 -0.25 0.02 0.32 0.14 0.72 1.19 1.53 -0.28 -0.08 0.23 0.57 
Loss: 4.326712  SIA Ef: -1.628950 Binding: -0.15 -0.20 0.53 -0.46 -0.39 0.24 0.02 -0.06 -0.23 -0.50 -0.73  Rvol: 0.47 0.94 1.23 -0.33 -0.25 0.02 0.32 0.14 0.68 1.13 1.44 -0.28 -0.14 0.10 0.33 
Loss: 3.870065  SIA Ef: -1.628950 Binding: -0.15 -0.20 0.53 -0.46 -0.39 0.39 0.29 0.33 -0.14 -0.26 -0.09  Rvol: 0.47 0.94 1.23 -0.33 -0.25 0.02 0.32 0.14 0.70 1.17 1.46 -0.28 -0.11 0.16 0.42 
Loss: 4.817944  SIA Ef: -1.628950 Binding: 0.04 0.09 0.53 -0.99 -0.67 0.31 0.20 0.17 -0.20 -0.26 -0.12  Rvol: 0.47 0.96 1.29 -0.33 -0.25 0.07 0.42 0.14 0.70 1.18 1.53 -0.28 -0.12 0.16 0.45 
Loss: 10.275562  SIA Ef: -1.628950 Binding: -1.21 -1.52 0.53 -0.61 -1.57 0.31 0.18 -0.06 -0.20 -0.49 -0.56  Rvol: 0.47 0.81 1.18 -0.33 -0.25 -0.01 0.21 0.14 0.70 1.16 1.36 -0.28 -0.12 0.12 0.34 
Loss: 3.592174  SIA Ef: -1.628950 Binding: -0.14 -0.11 0.53 -0.36 -0.14 0.31 0.11 0.07 -0.20 -0.36 -0.35  Rvol: 0.47 0.92 1.22 -0.33 -0.25 0.03 0.31 0.14 0.70 1.15 1.43 -0.28 -0.12 0.14 0.39 
Loss: 317.823863  SIA Ef: -16.834838 Binding: -0.28 -0.01 -4.39 0.50 0.57 0.26 -0.33 -0.11 2.78 -0.15 0.69  Rvol: -0.18 -0.35 -0.64 -0.33 -0.35 -0.75 -0.74 0.14 0.26 -0.26 -0.65 -0.28 -0.35 -0.71 -0.53 
Loss: 49.649472  SIA Ef: 4.239239 Binding: -0.34 -0.85 4.82 0.07 -1.90 0.03 -0.28 0.30 -0.58 -0.71 -0.63  Rvol: 0.86 1.60 2.37 -0.33 -0.25 -0.04 0.55 0.14 1.04 1.73 2.61 -0.28 -0.10 0.15 0.82 
Loss: 3.538820  SIA Ef: -1.607813 Binding: -0.14 -0.11 0.54 -0.35 -0.13 0.31 0.10 0.06 -0.20 -0.37 -0.36  Rvol: 0.47 0.92 1.22 -0.33 -0.25 0.03 0.31 0.14 0.70 1.15 1.44 -0.28 -0.12 0.15 0.40 
Loss: 11.525432  SIA Ef: 0.981116 Binding: -0.13 0.29 2.98 0.39 -0.39 0.31 0.09 0.32 -0.41 -0.51 -0.21  Rvol: 0.58 1.10 1.57 -0.33 -0.11 0.22 0.60 0.14 0.84 1.37 1.85 -0.28 0.02 0.36 0.72 
Loss: 3.492735  SIA Ef: -1.496952 Binding: -0.05 -0.07 -0.02 -0.28 0.10 0.56 0.54 0.58 0.15 0.11 0.30  Rvol: 0.46 0.93 1.21 -0.33 -0.24 0.04 0.33 0.14 0.69 1.15 1.43 -0.28 -0.12 0.14 0.39 
Loss: 38.048589  SIA Ef: -0.560751 Binding: 0.59 0.35 -4.26 2.68 -0.20 0.72 0.24 0.02 2.90 -1.52 0.56  Rvol: 0.43 0.99 1.22 -0.33 -0.19 0.24 0.47 0.14 0.73 1.20 1.44 -0.28 -0.00 0.19 0.61 
Loss: 4.281051  SIA Ef: -1.502236 Binding: -0.05 -0.07 -0.02 -0.28 0.10 0.61 0.62 0.87 0.20 0.19 0.50  Rvol: 0.46 0.93 1.20 -0.33 -0.24 0.04 0.33 0.14 0.70 1.15 1.42 -0.28 -0.12 0.16 0.42 
Loss: 70.657945  SIA Ef: -7.948447 Binding: -0.25 0.02 -1.50 0.14 0.79 0.75 0.84 0.80 1.06 0.25 0.71  Rvol: 0.16 0.39 0.40 -0.33 -0.26 -0.23 -0.15 0.14 0.50 0.72 0.58 -0.28 -0.26 -0.18 -0.08 
Loss: 3.349650  SIA Ef: -1.496404 Binding: -0.05 -0.07 -0.02 -0.28 0.10 0.55 0.51 0.53 0.13 0.09 0.26  Rvol: 0.46 0.93 1.21 -0.33 -0.24 0.04 0.33 0.14 0.69 1.14 1.43 -0.28 -0.12 0.14 0.39 
Loss: 47.065254  SIA Ef: 3.761605 Binding: -0.34 -0.90 4.99 0.16 -1.92 0.31 0.25 0.88 -0.32 -0.23 -0.00  Rvol: 0.85 1.57 2.32 -0.33 -0.26 -0.05 0.48 0.14 1.03 1.71 2.55 -0.28 -0.10 0.12 0.75 
Loss: 3.673544  SIA Ef: -1.513098 Binding: -0.03 -0.15 -0.03 -0.13 0.29 0.55 0.50 0.75 0.14 0.07 0.24  Rvol: 0.46 0.93 1.18 -0.33 -0.24 0.04 0.31 0.14 0.69 1.14 1.41 -0.28 -0.12 0.13 0.37 
Loss: 76.571059  SIA Ef: -8.129013 Binding: -0.44 0.25 -1.88 0.99 0.17 0.75 1.02 0.71 1.30 -0.49 0.70  Rvol: 0.14 0.20 0.36 -0.33 -0.26 -0.18 -0.15 0.14 0.49 0.71 0.55 -0.28 -0.26 -0.19 -0.08 
Loss: 3.695202  SIA Ef: -1.446199 Binding: 0.23 0.45 -0.21 -0.09 0.57 0.56 0.50 0.45 0.18 0.10 0.28  Rvol: 0.46 0.93 1.22 -0.33 -0.24 0.06 0.33 0.14 0.69 1.15 1.43 -0.28 -0.12 0.14 0.41 
Loss: 39.006678  SIA Ef: -0.698657 Binding: 0.54 0.24 -4.35 2.65 -0.32 0.71 0.21 0.01 2.92 -1.57 0.51  Rvol: 0.42 0.99 1.20 -0.33 -0.20 0.24 0.46 0.14 0.72 1.19 1.42 -0.28 -0.00 0.17 0.60 
Loss: 3.271313  SIA Ef: -1.474416 Binding: -0.04 -0.02 0.00 -0.25 0.16 0.55 0.50 0.53 0.13 0.09 0.25  Rvol: 0.47 0.92 1.21 -0.33 -0.24 0.04 0.33 0.14 0.69 1.14 1.43 -0.28 -0.12 0.14 0.39 
Loss: 9.754410  SIA Ef: 1.135248 Binding: -0.09 0.41 2.46 0.33 -0.16 0.52 0.56 0.82 -0.13 -0.02 0.46  Rvol: 0.57 1.08 1.54 -0.33 -0.11 0.24 0.61 0.14 0.82 1.36 1.81 -0.28 0.01 0.36 0.69 
Loss: 4.484295  SIA Ef: -0.343027 Binding: -0.35 -0.35 1.39 -0.54 -0.86 0.44 0.54 0.60 -0.10 0.03 0.26  Rvol: 0.55 1.02 1.41 -0.33 -0.25 0.06 0.40 0.14 0.73 1.25 1.65 -0.28 -0.12 0.18 0.48 
Loss: 34.257024  SIA Ef: 3.353008 Binding: -0.21 -0.41 4.23 -0.03 -1.38 0.18 0.26 0.87 -0.30 -0.17 0.06  Rvol: 0.80 1.50 2.19 -0.33 -0.26 -0.02 0.66 0.14 0.92 1.62 2.44 -0.28 -0.11 0.16 0.88 
Loss: 6.010837  SIA Ef: -0.672777 Binding: 0.22 0.07 -1.84 0.13 0.66 0.61 0.37 0.24 0.94 0.04 0.28  Rvol: 0.47 0.97 1.25 -0.33 -0.22 0.10 0.42 0.14 0.71 1.18 1.46 -0.28 -0.09 0.17 0.50 
Loss: 31.330844  SIA Ef: -4.893807 Binding: 0.03 -0.26 -1.91 0.19 0.76 0.69 0.53 0.65 1.17 0.14 0.51  Rvol: 0.28 0.67 0.71 -0.33 -0.24 -0.09 0.08 0.14 0.58 0.89 0.93 -0.28 -0.19 -0.04 0.16 
Loss: 2.290074  SIA Ef: -0.832574 Binding: -0.10 0.05 0.57 -0.15 0.17 0.54 0.56 0.64 0.04 0.07 0.22  Rvol: 0.49 0.95 1.27 -0.33 -0.21 0.10 0.39 0.14 0.72 1.20 1.51 -0.28 -0.09 0.19 0.46 
Loss: 2.275050  SIA Ef: -0.825099 Binding: -0.10 0.05 0.57 -0.15 0.17 0.54 0.56 0.64 0.04 0.06 0.22  Rvol: 0.49 0.95 1.27 -0.33 -0.21 0.10 0.39 0.14 0.72 1.20 1.51 -0.28 -0.09 0.19 0.46 
Loss: 4.543808  SIA Ef: 0.615798 Binding: -0.16 0.11 1.61 -0.21 -0.33 0.44 0.52 0.66 -0.12 0.02 0.25  Rvol: 0.58 1.06 1.49 -0.33 -0.21 0.13 0.49 0.14 0.76 1.32 1.75 -0.28 -0.08 0.25 0.58 
Loss: 2.206355  SIA Ef: -0.848620 Binding: -0.10 0.05 0.56 -0.15 0.17 0.53 0.55 0.59 0.03 0.05 0.19  Rvol: 0.49 0.95 1.27 -0.33 -0.21 0.10 0.39 0.14 0.72 1.20 1.51 -0.28 -0.09 0.19 0.45 
Loss: 6.480609  SIA Ef: -2.181461 Binding: -0.08 -0.08 0.21 -0.01 0.46 0.60 0.58 0.78 0.16 0.08 0.27  Rvol: 0.42 0.87 1.08 -0.33 -0.19 0.06 0.29 0.14 0.68 1.10 1.31 -0.28 -0.09 0.14 0.35 
Loss: 2.563630  SIA Ef: -0.816871 Binding: -0.07 0.05 0.41 -0.14 0.23 0.59 0.65 0.74 0.12 0.17 0.36  Rvol: 0.48 0.97 1.27 -0.33 -0.21 0.10 0.39 0.14 0.72 1.20 1.50 -0.28 -0.09 0.19 0.45 
Loss: 1.594604  SIA Ef: -0.529771 Binding: 0.04 0.05 -0.37 -0.01 0.48 0.54 0.43 0.44 0.23 0.02 0.18  Rvol: 0.48 0.99 1.26 -0.33 -0.19 0.12 0.43 0.14 0.72 1.20 1.49 -0.28 -0.09 0.20 0.49 
Loss: 1.652251  SIA Ef: -0.495113 Binding: -0.03 -0.22 -0.28 -0.06 0.38 0.54 0.44 0.63 0.20 0.02 0.16  Rvol: 0.49 0.99 1.26 -0.33 -0.20 0.12 0.43 0.14 0.73 1.21 1.50 -0.28 -0.09 0.20 0.49 
Loss: 1.045369  SIA Ef: 0.029437 Binding: -0.09 -0.03 0.23 -0.20 0.12 0.50 0.46 0.43 0.05 0.00 0.10  Rvol: 0.52 1.03 1.36 -0.33 -0.20 0.14 0.47 0.14 0.74 1.25 1.60 -0.28 -0.08 0.23 0.53 
Loss: 1.059219  SIA Ef: 0.024107 Binding: -0.09 -0.04 0.24 -0.23 0.09 0.50 0.47 0.42 0.05 0.01 0.12  Rvol: 0.52 1.03 1.36 -0.33 -0.20 0.14 0.48 0.14 0.74 1.25 1.60 -0.28 -0.08 0.23 0.53 
Loss: 2.131434  SIA Ef: -0.931386 Binding: -0.05 -0.27 -0.34 -0.03 0.41 0.52 0.39 0.53 0.22 -0.05 0.09  Rvol: 0.46 0.96 1.20 -0.33 -0.18 0.11 0.41 0.14 0.71 1.18 1.44 -0.28 -0.09 0.19 0.46 
Loss: 1.047353  SIA Ef: 0.056565 Binding: -0.09 -0.03 0.25 -0.20 0.13 0.49 0.46 0.42 0.05 -0.00 0.10  Rvol: 0.52 1.03 1.36 -0.33 -0.20 0.14 0.47 0.14 0.74 1.26 1.60 -0.28 -0.08 0.23 0.53 
Loss: 5.601740  SIA Ef: 1.687037 Binding: -0.18 0.02 1.19 -0.27 -0.34 0.37 0.40 0.38 -0.16 -0.11 0.04  Rvol: 0.61 1.15 1.59 -0.33 -0.19 0.19 0.60 0.14 0.80 1.39 1.86 -0.28 -0.06 0.31 0.68 
Loss: 1.069047  SIA Ef: -0.404711 Binding: -0.05 -0.08 -0.16 -0.22 0.16 0.51 0.41 0.37 0.13 0.00 0.11  Rvol: 0.50 1.00 1.31 -0.33 -0.21 0.11 0.43 0.14 0.73 1.22 1.54 -0.28 -0.10 0.20 0.49 
Loss: 1.050200  SIA Ef: 0.033826 Binding: -0.09 -0.03 0.23 -0.20 0.13 0.50 0.47 0.43 0.05 0.00 0.11  Rvol: 0.52 1.03 1.36 -0.33 -0.20 0.14 0.47 0.14 0.74 1.25 1.60 -0.28 -0.08 0.23 0.53 
Loss: 1.409071  SIA Ef: -0.042878 Binding: -0.05 -0.05 -0.02 -0.16 0.22 0.56 0.55 0.58 0.17 0.12 0.27  Rvol: 0.51 1.02 1.34 -0.33 -0.20 0.14 0.47 0.14 0.74 1.24 1.58 -0.28 -0.08 0.22 0.52 
Loss: 1.005505  SIA Ef: -0.010624 Binding: -0.08 -0.04 0.22 -0.20 0.13 0.49 0.46 0.41 0.05 -0.00 0.09  Rvol: 0.52 1.03 1.35 -0.33 -0.20 0.14 0.47 0.14 0.74 1.25 1.59 -0.28 -0.08 0.23 0.52 
Loss: 1.322067  SIA Ef: -0.641915 Binding: -0.06 -0.08 -0.10 -0.11 0.30 0.51 0.41 0.39 0.14 -0.02 0.08  Rvol: 0.48 0.99 1.26 -0.33 -0.19 0.12 0.42 0.14 0.72 1.20 1.49 -0.28 -0.09 0.20 0.48 
Loss: 1.005145  SIA Ef: -0.041824 Binding: -0.06 0.02 0.22 -0.18 0.18 0.50 0.46 0.40 0.05 -0.00 0.09  Rvol: 0.52 1.02 1.35 -0.33 -0.20 0.14 0.47 0.14 0.74 1.25 1.59 -0.28 -0.08 0.23 0.52 
Loss: 1.553773  SIA Ef: -0.233561 Binding: -0.13 -0.03 0.67 -0.25 -0.04 0.49 0.50 0.48 -0.01 0.01 0.14  Rvol: 0.52 1.01 1.34 -0.33 -0.21 0.12 0.44 0.14 0.73 1.24 1.59 -0.28 -0.09 0.22 0.50 
Loss: 1.145940  SIA Ef: 0.140861 Binding: -0.09 -0.01 0.39 -0.23 0.06 0.48 0.46 0.40 0.01 -0.01 0.09  Rvol: 0.53 1.04 1.39 -0.33 -0.20 0.14 0.48 0.14 0.75 1.26 1.62 -0.28 -0.08 0.23 0.53 
Loss: 0.958609  SIA Ef: 0.300693 Binding: -0.01 0.07 0.07 -0.15 0.25 0.46 0.39 0.29 0.05 -0.06 -0.00  Rvol: 0.53 1.05 1.39 -0.33 -0.20 0.15 0.50 0.14 0.75 1.27 1.63 -0.28 -0.08 0.24 0.55 
Loss: 1.129032  SIA Ef: 0.323739 Binding: 0.03 0.08 -0.14 -0.11 0.34 0.50 0.41 0.34 0.12 -0.01 0.07  Rvol: 0.53 1.04 1.38 -0.33 -0.19 0.15 0.50 0.14 0.75 1.27 1.62 -0.28 -0.08 0.24 0.56 
Loss: 1.090969  SIA Ef: 0.411199 Binding: -0.03 0.07 0.19 -0.18 0.19 0.46 0.40 0.31 0.02 -0.05 0.01  Rvol: 0.54 1.05 1.41 -0.33 -0.20 0.15 0.51 0.14 0.76 1.28 1.65 -0.28 -0.08 0.25 0.56 
Loss: 0.805958  SIA Ef: 0.011277 Binding: 0.01 0.07 -0.07 -0.10 0.34 0.46 0.33 0.24 0.08 -0.09 -0.04  Rvol: 0.51 1.02 1.35 -0.33 -0.19 0.14 0.48 0.14 0.74 1.25 1.58 -0.28 -0.08 0.23 0.53 
Loss: 0.759193  SIA Ef: 0.033129 Binding: 0.00 0.06 -0.08 -0.10 0.34 0.44 0.30 0.19 0.06 -0.13 -0.09  Rvol: 0.51 1.02 1.35 -0.33 -0.19 0.14 0.48 0.14 0.74 1.25 1.58 -0.28 -0.08 0.23 0.54 
Loss: 1.091501  SIA Ef: -0.191950 Binding: 0.05 0.06 -0.42 -0.01 0.49 0.47 0.30 0.20 0.18 -0.11 -0.06  Rvol: 0.50 1.00 1.30 -0.33 -0.19 0.15 0.46 0.14 0.74 1.23 1.54 -0.28 -0.08 0.22 0.52 
Loss: 0.797611  SIA Ef: 0.144000 Binding: -0.00 0.06 0.03 -0.10 0.33 0.44 0.30 0.22 0.04 -0.13 -0.10  Rvol: 0.52 1.03 1.36 -0.33 -0.19 0.15 0.49 0.14 0.75 1.26 1.60 -0.28 -0.08 0.24 0.54 
Loss: 0.695420  SIA Ef: 0.003951 Binding: -0.03 0.04 0.13 -0.15 0.25 0.41 0.28 0.15 -0.01 -0.17 -0.16  Rvol: 0.51 1.03 1.35 -0.33 -0.20 0.14 0.47 0.14 0.74 1.25 1.59 -0.28 -0.08 0.23 0.53 
Loss: 0.902010  SIA Ef: 0.350599 Binding: -0.05 0.04 0.27 -0.20 0.14 0.39 0.27 0.13 -0.06 -0.19 -0.17  Rvol: 0.53 1.05 1.41 -0.33 -0.20 0.15 0.50 0.14 0.75 1.28 1.65 -0.28 -0.08 0.24 0.56 
Loss: 0.700212  SIA Ef: 0.001901 Binding: -0.03 0.04 0.13 -0.14 0.25 0.41 0.28 0.16 -0.01 -0.17 -0.16  Rvol: 0.51 1.03 1.35 -0.33 -0.20 0.14 0.47 0.14 0.74 1.25 1.59 -0.28 -0.08 0.23 0.53 
Loss: 0.724437  SIA Ef: -0.054087 Binding: -0.02 0.08 0.18 -0.15 0.25 0.42 0.30 0.16 -0.02 -0.16 -0.14  Rvol: 0.51 1.02 1.35 -0.33 -0.20 0.14 0.47 0.14 0.74 1.25 1.59 -0.28 -0.08 0.23 0.53 
Loss: 0.693471  SIA Ef: -0.002341 Binding: -0.03 0.04 0.12 -0.15 0.25 0.42 0.28 0.15 -0.01 -0.17 -0.16  Rvol: 0.51 1.03 1.35 -0.33 -0.20 0.14 0.47 0.14 0.74 1.25 1.59 -0.28 -0.08 0.23 0.53 
Loss: 0.695731  SIA Ef: 0.014397 Binding: -0.03 0.04 0.13 -0.15 0.24 0.41 0.28 0.16 -0.01 -0.17 -0.15  Rvol: 0.52 1.03 1.35 -0.33 -0.20 0.14 0.47 0.14 0.74 1.25 1.59 -0.28 -0.08 0.23 0.53 
Loss: 0.694425  SIA Ef: 0.014456 Binding: -0.02 0.05 0.10 -0.14 0.26 0.41 0.28 0.15 -0.01 -0.17 -0.16  Rvol: 0.51 1.03 1.35 -0.33 -0.20 0.14 0.47 0.14 0.74 1.25 1.59 -0.28 -0.08 0.23 0.53 
Loss: 0.737453  SIA Ef: -0.046190 Binding: -0.07 0.00 0.25 -0.19 0.15 0.42 0.31 0.19 -0.03 -0.15 -0.13  Rvol: 0.52 1.03 1.35 -0.33 -0.20 0.14 0.47 0.14 0.74 1.25 1.59 -0.28 -0.08 0.23 0.52 
Loss: 0.817760  SIA Ef: -0.390986 Binding: -0.00 0.02 -0.11 -0.10 0.35 0.42 0.23 0.13 0.05 -0.19 -0.17  Rvol: 0.49 1.00 1.30 -0.33 -0.19 0.12 0.44 0.14 0.73 1.22 1.53 -0.28 -0.09 0.21 0.50 
Loss: 0.761130  SIA Ef: 0.085049 Binding: -0.04 0.05 0.24 -0.15 0.23 0.41 0.29 0.16 -0.03 -0.18 -0.16  Rvol: 0.52 1.03 1.36 -0.33 -0.19 0.15 0.48 0.14 0.75 1.26 1.61 -0.28 -0.08 0.24 0.54 
Loss: 0.697105  SIA Ef: -0.024628 Binding: -0.03 0.04 0.12 -0.15 0.25 0.42 0.29 0.17 -0.00 -0.16 -0.14  Rvol: 0.51 1.02 1.35 -0.33 -0.20 0.14 0.47 0.14 0.74 1.25 1.59 -0.28 -0.08 0.23 0.53 
Loss: 0.708836  SIA Ef: 0.099308 Binding: -0.03 0.04 0.15 -0.17 0.21 0.41 0.27 0.14 -0.02 -0.18 -0.17  Rvol: 0.52 1.03 1.37 -0.33 -0.20 0.14 0.48 0.14 0.75 1.26 1.61 -0.28 -0.08 0.23 0.54 
Loss: 0.691526  SIA Ef: 0.013746 Binding: -0.03 0.03 0.09 -0.14 0.26 0.42 0.28 0.16 0.00 -0.17 -0.15  Rvol: 0.51 1.03 1.35 -0.33 -0.19 0.14 0.47 0.14 0.74 1.25 1.59 -0.28 -0.08 0.23 0.53 
Loss: 0.708107  SIA Ef: 0.012682 Binding: -0.01 0.05 -0.01 -0.13 0.30 0.43 0.28 0.17 0.03 -0.15 -0.12  Rvol: 0.51 1.02 1.35 -0.33 -0.19 0.14 0.48 0.14 0.74 1.25 1.59 -0.28 -0.08 0.23 0.53 
Loss: 0.683707  SIA Ef: -0.054221 Binding: -0.02 0.03 0.05 -0.14 0.27 0.42 0.27 0.14 0.01 -0.17 -0.16  Rvol: 0.51 1.02 1.34 -0.33 -0.19 0.14 0.47 0.14 0.74 1.25 1.58 -0.28 -0.08 0.23 0.53 
Loss: 0.710246  SIA Ef: -0.210340 Binding: -0.01 0.02 -0.09 -0.12 0.32 0.42 0.24 0.13 0.04 -0.18 -0.16  Rvol: 0.50 1.01 1.32 -0.33 -0.20 0.13 0.46 0.14 0.74 1.23 1.55 -0.28 -0.08 0.22 0.51 
Loss: 0.682243  SIA Ef: -0.057012 Binding: -0.02 0.03 0.06 -0.14 0.27 0.42 0.27 0.14 0.00 -0.17 -0.16  Rvol: 0.51 1.02 1.34 -0.33 -0.20 0.14 0.47 0.14 0.74 1.25 1.58 -0.28 -0.08 0.23 0.53 
Loss: 0.679499  SIA Ef: -0.099789 Binding: -0.04 0.00 0.10 -0.16 0.22 0.42 0.28 0.16 -0.00 -0.17 -0.15  Rvol: 0.51 1.02 1.34 -0.33 -0.20 0.13 0.46 0.14 0.74 1.24 1.58 -0.28 -0.08 0.22 0.52 
Loss: 0.682008  SIA Ef: -0.106156 Binding: -0.04 0.00 0.10 -0.16 0.23 0.42 0.28 0.16 -0.00 -0.17 -0.15  Rvol: 0.51 1.02 1.34 -0.33 -0.20 0.13 0.46 0.14 0.74 1.24 1.58 -0.28 -0.08 0.22 0.52 
Loss: 0.681885  SIA Ef: -0.070151 Binding: -0.05 -0.00 0.11 -0.17 0.21 0.42 0.29 0.18 -0.00 -0.16 -0.14  Rvol: 0.51 1.02 1.34 -0.33 -0.20 0.13 0.46 0.14 0.74 1.25 1.58 -0.28 -0.08 0.22 0.52 
Loss: 0.714684  SIA Ef: -0.044450 Binding: -0.06 0.01 0.22 -0.17 0.19 0.41 0.28 0.16 -0.03 -0.18 -0.16  Rvol: 0.51 1.03 1.35 -0.33 -0.19 0.14 0.47 0.14 0.74 1.25 1.59 -0.28 -0.08 0.23 0.53 
Loss: 0.673398  SIA Ef: -0.054001 Binding: -0.05 0.01 0.12 -0.18 0.20 0.41 0.28 0.15 -0.01 -0.17 -0.16  Rvol: 0.51 1.02 1.35 -0.33 -0.20 0.13 0.46 0.14 0.74 1.25 1.59 -0.28 -0.08 0.23 0.52 
Loss: 0.672731  SIA Ef: -0.055744 Binding: -0.04 0.00 0.12 -0.17 0.20 0.41 0.28 0.15 -0.01 -0.17 -0.15  Rvol: 0.51 1.02 1.35 -0.33 -0.20 0.13 0.46 0.14 0.74 1.25 1.59 -0.28 -0.08 0.22 0.52 
Loss: 0.673148  SIA Ef: -0.047439 Binding: -0.04 0.01 0.08 -0.17 0.22 0.42 0.29 0.16 0.00 -0.16 -0.14  Rvol: 0.51 1.02 1.35 -0.33 -0.20 0.14 0.47 0.14 0.74 1.25 1.59 -0.28 -0.08 0.22 0.53 
Loss: 0.673551  SIA Ef: -0.060617 Binding: -0.05 0.00 0.12 -0.17 0.20 0.42 0.28 0.15 -0.01 -0.17 -0.15  Rvol: 0.51 1.02 1.35 -0.33 -0.20 0.13 0.46 0.14 0.74 1.25 1.59 -0.28 -0.08 0.22 0.52 
Loss: 0.665160  SIA Ef: -0.127401 Binding: -0.04 0.00 0.05 -0.17 0.22 0.42 0.27 0.14 0.01 -0.17 -0.16  Rvol: 0.51 1.02 1.34 -0.33 -0.20 0.13 0.46 0.14 0.74 1.24 1.57 -0.28 -0.08 0.22 0.52 
Loss: 0.673788  SIA Ef: -0.169837 Binding: -0.04 0.01 0.05 -0.17 0.22 0.42 0.28 0.14 0.01 -0.17 -0.15  Rvol: 0.51 1.01 1.33 -0.33 -0.20 0.13 0.46 0.14 0.74 1.24 1.57 -0.28 -0.09 0.22 0.51 
Loss: 0.667014  SIA Ef: -0.144354 Binding: -0.04 0.00 0.05 -0.17 0.22 0.42 0.27 0.13 0.00 -0.18 -0.16  Rvol: 0.51 1.01 1.34 -0.33 -0.20 0.13 0.46 0.14 0.74 1.24 1.57 -0.28 -0.08 0.22 0.52 
Loss: 0.650138  SIA Ef: -0.107909 Binding: -0.04 -0.01 0.02 -0.17 0.22 0.41 0.25 0.13 0.01 -0.18 -0.17  Rvol: 0.51 1.02 1.34 -0.33 -0.20 0.13 0.46 0.14 0.74 1.24 1.58 -0.28 -0.09 0.22 0.52 
Loss: 0.642577  SIA Ef: -0.087637 Binding: -0.04 -0.01 -0.01 -0.17 0.22 0.41 0.24 0.11 0.01 -0.19 -0.18  Rvol: 0.51 1.02 1.34 -0.33 -0.20 0.13 0.47 0.14 0.74 1.24 1.58 -0.28 -0.09 0.22 0.52 
Loss: 0.646090  SIA Ef: -0.109385 Binding: -0.03 -0.01 -0.04 -0.17 0.22 0.41 0.24 0.11 0.02 -0.18 -0.17  Rvol: 0.51 1.02 1.34 -0.33 -0.20 0.13 0.46 0.14 0.74 1.24 1.57 -0.28 -0.09 0.22 0.52 
Loss: 0.641197  SIA Ef: -0.099117 Binding: -0.04 -0.02 0.00 -0.18 0.21 0.41 0.24 0.12 0.01 -0.18 -0.17  Rvol: 0.51 1.02 1.34 -0.33 -0.20 0.13 0.47 0.14 0.74 1.24 1.58 -0.28 -0.09 0.22 0.52 
Loss: 0.648608  SIA Ef: -0.157090 Binding: -0.04 -0.02 -0.04 -0.18 0.22 0.41 0.23 0.10 0.01 -0.19 -0.18  Rvol: 0.51 1.01 1.33 -0.33 -0.20 0.13 0.46 0.14 0.74 1.24 1.57 -0.28 -0.09 0.22 0.52 
Loss: 0.642134  SIA Ef: -0.106281 Binding: -0.04 -0.02 0.00 -0.18 0.21 0.41 0.24 0.11 0.01 -0.19 -0.18  Rvol: 0.51 1.02 1.34 -0.33 -0.20 0.13 0.46 0.14 0.74 1.24 1.58 -0.28 -0.09 0.22 0.52 
Loss: 0.643493  SIA Ef: -0.114011 Binding: -0.04 -0.02 -0.02 -0.18 0.21 0.41 0.24 0.12 0.01 -0.18 -0.17  Rvol: 0.51 1.02 1.34 -0.33 -0.20 0.13 0.46 0.14 0.74 1.24 1.57 -0.28 -0.09 0.22 0.52 
Loss: 0.650940  SIA Ef: -0.089348 Binding: -0.04 -0.02 0.02 -0.18 0.20 0.41 0.26 0.12 0.00 -0.18 -0.17  Rvol: 0.51 1.02 1.34 -0.33 -0.20 0.13 0.47 0.14 0.74 1.24 1.58 -0.28 -0.09 0.22 0.52 
Loss: 0.649026  SIA Ef: -0.079222 Binding: -0.04 -0.02 0.02 -0.18 0.20 0.41 0.26 0.12 0.00 -0.19 -0.18  Rvol: 0.51 1.02 1.34 -0.33 -0.20 0.13 0.47 0.14 0.74 1.24 1.58 -0.28 -0.09 0.22 0.52 
Loss: 0.645108  SIA Ef: -0.115733 Binding: -0.04 -0.02 0.01 -0.18 0.21 0.41 0.24 0.12 0.01 -0.19 -0.18  Rvol: 0.51 1.02 1.34 -0.33 -0.20 0.13 0.46 0.14 0.74 1.24 1.57 -0.28 -0.09 0.22 0.52 
Loss: 0.660904  SIA Ef: -0.139427 Binding: -0.03 -0.02 -0.07 -0.16 0.24 0.42 0.25 0.12 0.03 -0.18 -0.16  Rvol: 0.51 1.01 1.33 -0.33 -0.20 0.13 0.46 0.14 0.74 1.24 1.57 -0.28 -0.09 0.22 0.52 
Loss: 0.642593  SIA Ef: -0.104042 Binding: -0.04 -0.02 -0.00 -0.18 0.21 0.41 0.24 0.12 0.01 -0.18 -0.17  Rvol: 0.51 1.02 1.34 -0.33 -0.20 0.13 0.46 0.14 0.74 1.24 1.58 -0.28 -0.09 0.22 0.52 
Loss: 0.646413  SIA Ef: -0.036915 Binding: -0.05 -0.02 0.05 -0.19 0.18 0.41 0.26 0.12 -0.01 -0.19 -0.18  Rvol: 0.52 1.02 1.35 -0.33 -0.20 0.13 0.46 0.14 0.74 1.25 1.59 -0.28 -0.09 0.22 0.53 
Loss: 0.644088  SIA Ef: -0.120013 Binding: -0.04 -0.02 0.01 -0.18 0.21 0.41 0.25 0.12 0.01 -0.18 -0.17  Rvol: 0.51 1.02 1.34 -0.33 -0.20 0.13 0.46 0.14 0.74 1.24 1.57 -0.28 -0.09 0.22 0.52 
Loss: 0.641860  SIA Ef: -0.105433 Binding: -0.04 -0.02 -0.01 -0.18 0.21 0.41 0.24 0.12 0.01 -0.18 -0.17  Rvol: 0.51 1.02 1.34 -0.33 -0.20 0.13 0.46 0.14 0.74 1.24 1.58 -0.28 -0.09 0.22 0.52 
Loss: 0.641288  SIA Ef: -0.099189 Binding: -0.04 -0.02 0.00 -0.18 0.21 0.41 0.24 0.12 0.01 -0.18 -0.17  Rvol: 0.51 1.02 1.34 -0.33 -0.20 0.13 0.47 0.14 0.74 1.24 1.58 -0.28 -0.09 0.22 0.52 
Loss: 0.641306  SIA Ef: -0.080680 Binding: -0.04 -0.02 0.02 -0.18 0.20 0.41 0.24 0.12 0.00 -0.19 -0.18  Rvol: 0.51 1.02 1.34 -0.33 -0.20 0.13 0.47 0.14 0.74 1.24 1.58 -0.28 -0.09 0.22 0.52 
Loss: 0.641136  SIA Ef: -0.104141 Binding: -0.04 -0.02 0.00 -0.18 0.21 0.41 0.24 0.12 0.01 -0.19 -0.18  Rvol: 0.51 1.02 1.34 -0.33 -0.20 0.13 0.46 0.14 0.74 1.24 1.58 -0.28 -0.09 0.22 0.52 
Loss: 0.643974  SIA Ef: -0.112708 Binding: -0.04 -0.02 -0.02 -0.18 0.22 0.41 0.24 0.11 0.01 -0.18 -0.17  Rvol: 0.51 1.02 1.34 -0.33 -0.20 0.13 0.46 0.14 0.74 1.24 1.57 -0.28 -0.09 0.22 0.52 
Loss: 0.641809  SIA Ef: -0.106569 Binding: -0.04 -0.02 0.00 -0.18 0.21 0.41 0.24 0.12 0.01 -0.18 -0.17  Rvol: 0.51 1.02 1.34 -0.33 -0.20 0.13 0.46 0.14 0.74 1.24 1.58 -0.28 -0.09 0.22 0.52 
Loss: 0.640834  SIA Ef: -0.110379 Binding: -0.04 -0.02 0.00 -0.18 0.21 0.41 0.24 0.11 0.01 -0.19 -0.18  Rvol: 0.51 1.02 1.34 -0.33 -0.20 0.13 0.46 0.14 0.74 1.24 1.58 -0.28 -0.09 0.22 0.52 
Loss: 0.639348  SIA Ef: -0.103643 Binding: -0.04 -0.02 0.01 -0.18 0.20 0.41 0.24 0.11 0.01 -0.19 -0.18  Rvol: 0.51 1.02 1.34 -0.33 -0.20 0.13 0.46 0.14 0.74 1.24 1.58 -0.28 -0.09 0.22 0.52 
Loss: 0.640951  SIA Ef: -0.098408 Binding: -0.04 -0.02 0.02 -0.18 0.20 0.41 0.24 0.11 0.00 -0.19 -0.18  Rvol: 0.51 1.02 1.34 -0.33 -0.20 0.13 0.46 0.14 0.74 1.24 1.58 -0.28 -0.09 0.22 0.52 
Loss: 0.639343  SIA Ef: -0.103808 Binding: -0.04 -0.02 0.01 -0.18 0.20 0.41 0.24 0.11 0.01 -0.19 -0.18  Rvol: 0.51 1.02 1.34 -0.33 -0.20 0.13 0.46 0.14 0.74 1.24 1.58 -0.28 -0.09 0.22 0.52 
Loss: 0.639808  SIA Ef: -0.102237 Binding: -0.04 -0.02 0.00 -0.18 0.20 0.41 0.24 0.11 0.01 -0.19 -0.18  Rvol: 0.51 1.02 1.34 -0.33 -0.20 0.13 0.46 0.14 0.74 1.24 1.58 -0.28 -0.09 0.22 0.52 
Loss: 0.639431  SIA Ef: -0.105969 Binding: -0.04 -0.02 0.01 -0.18 0.20 0.41 0.24 0.11 0.01 -0.19 -0.18  Rvol: 0.51 1.02 1.34 -0.33 -0.20 0.13 0.46 0.14 0.74 1.24 1.58 -0.28 -0.09 0.22 0.52 
Loss: 0.642668  SIA Ef: -0.102013 Binding: -0.04 -0.02 0.01 -0.18 0.20 0.41 0.24 0.11 0.00 -0.19 -0.18  Rvol: 0.51 1.02 1.34 -0.33 -0.20 0.13 0.46 0.14 0.74 1.24 1.58 -0.28 -0.09 0.22 0.52 
Loss: 0.639338  SIA Ef: -0.103628 Binding: -0.04 -0.02 0.01 -0.18 0.20 0.41 0.24 0.11 0.00 -0.19 -0.18  Rvol: 0.51 1.02 1.34 -0.33 -0.20 0.13 0.46 0.14 0.74 1.24 1.58 -0.28 -0.09 0.22 0.52 
Loss: 0.639474  SIA Ef: -0.105171 Binding: -0.04 -0.02 0.01 -0.18 0.20 0.41 0.24 0.11 0.01 -0.19 -0.18  Rvol: 0.51 1.02 1.34 -0.33 -0.20 0.13 0.46 0.14 0.74 1.24 1.58 -0.28 -0.09 0.22 0.52 
Loss: 0.640242  SIA Ef: -0.108682 Binding: -0.04 -0.02 0.00 -0.18 0.21 0.41 0.24 0.11 0.01 -0.19 -0.18  Rvol: 0.51 1.02 1.34 -0.33 -0.20 0.13 0.46 0.14 0.74 1.24 1.58 -0.28 -0.09 0.22 0.52 
Loss: 0.639313  SIA Ef: -0.105781 Binding: -0.04 -0.02 0.01 -0.18 0.20 0.41 0.24 0.11 0.00 -0.19 -0.18  Rvol: 0.51 1.02 1.34 -0.33 -0.20 0.13 0.46 0.14 0.74 1.24 1.58 -0.28 -0.09 0.22 0.52 
Loss: 0.639344  SIA Ef: -0.107659 Binding: -0.04 -0.02 0.01 -0.18 0.20 0.41 0.24 0.11 0.00 -0.19 -0.18  Rvol: 0.51 1.02 1.34 -0.33 -0.20 0.13 0.46 0.14 0.74 1.24 1.58 -0.28 -0.09 0.22 0.52 
Loss: 0.639116  SIA Ef: -0.103545 Binding: -0.04 -0.02 0.01 -0.18 0.20 0.41 0.24 0.11 0.00 -0.19 -0.18  Rvol: 0.51 1.02 1.34 -0.33 -0.20 0.13 0.46 0.14 0.74 1.24 1.58 -0.28 -0.09 0.22 0.52 
Loss: 0.639735  SIA Ef: -0.104619 Binding: -0.04 -0.02 0.01 -0.18 0.21 0.41 0.24 0.11 0.01 -0.19 -0.18  Rvol: 0.51 1.02 1.34 -0.33 -0.20 0.13 0.46 0.14 0.74 1.24 1.58 -0.28 -0.09 0.22 0.52 
Loss: 0.648018  SIA Ef: -0.092060 Binding: -0.04 -0.02 0.02 -0.18 0.20 0.41 0.26 0.11 0.00 -0.19 -0.18  Rvol: 0.51 1.02 1.34 -0.33 -0.20 0.13 0.46 0.14 0.74 1.24 1.58 -0.28 -0.09 0.22 0.52 
Loss: 0.639318  SIA Ef: -0.102988 Binding: -0.04 -0.02 0.01 -0.18 0.20 0.41 0.24 0.11 0.01 -0.19 -0.18  Rvol: 0.51 1.02 1.34 -0.33 -0.20 0.13 0.46 0.14 0.74 1.24 1.58 -0.28 -0.09 0.22 0.52 
Loss: 0.639116  SIA Ef: -0.103743 Binding: -0.04 -0.02 0.01 -0.18 0.20 0.41 0.24 0.11 0.00 -0.19 -0.18  Rvol: 0.51 1.02 1.34 -0.33 -0.20 0.13 0.46 0.14 0.74 1.24 1.58 -0.28 -0.09 0.22 0.52 
Loss: 0.640087  SIA Ef: -0.109609 Binding: -0.04 -0.02 0.01 -0.18 0.21 0.41 0.24 0.11 0.01 -0.19 -0.18  Rvol: 0.51 1.02 1.34 -0.33 -0.20 0.13 0.46 0.14 0.74 1.24 1.58 -0.28 -0.09 0.22 0.52 
Loss: 0.639073  SIA Ef: -0.102621 Binding: -0.04 -0.02 0.01 -0.18 0.20 0.41 0.24 0.11 0.00 -0.19 -0.18  Rvol: 0.51 1.02 1.34 -0.33 -0.20 0.13 0.46 0.14 0.74 1.24 1.58 -0.28 -0.09 0.22 0.52 
Loss: 0.641114  SIA Ef: -0.096821 Binding: -0.04 -0.02 0.01 -0.18 0.20 0.41 0.24 0.11 0.00 -0.19 -0.18  Rvol: 0.51 1.02 1.34 -0.33 -0.20 0.13 0.46 0.14 0.74 1.24 1.58 -0.28 -0.09 0.22 0.52 
Loss: 0.639080  SIA Ef: -0.102708 Binding: -0.04 -0.02 0.01 -0.18 0.20 0.41 0.24 0.11 0.00 -0.19 -0.18  Rvol: 0.51 1.02 1.34 -0.33 -0.20 0.13 0.46 0.14 0.74 1.24 1.58 -0.28 -0.09 0.22 0.52 
Loss: 0.639593  SIA Ef: -0.103077 Binding: -0.04 -0.02 0.01 -0.18 0.21 0.41 0.24 0.11 0.01 -0.19 -0.18  Rvol: 0.51 1.02 1.34 -0.33 -0.20 0.13 0.46 0.14 0.74 1.24 1.58 -0.28 -0.09 0.22 0.52 
Loss: 0.639072  SIA Ef: -0.102525 Binding: -0.04 -0.02 0.01 -0.18 0.20 0.41 0.24 0.11 0.00 -0.19 -0.18  Rvol: 0.51 1.02 1.34 -0.33 -0.20 0.13 0.46 0.14 0.74 1.24 1.58 -0.28 -0.09 0.22 0.52 
Loss: 0.639251  SIA Ef: -0.101777 Binding: -0.04 -0.02 0.01 -0.18 0.20 0.41 0.24 0.11 0.00 -0.19 -0.18  Rvol: 0.51 1.02 1.34 -0.33 -0.20 0.13 0.46 0.14 0.74 1.24 1.58 -0.28 -0.09 0.22 0.52 
Loss: 0.639074  SIA Ef: -0.103102 Binding: -0.04 -0.02 0.01 -0.18 0.20 0.41 0.24 0.11 0.00 -0.19 -0.18  Rvol: 0.51 1.02 1.34 -0.33 -0.20 0.13 0.46 0.14 0.74 1.24 1.58 -0.28 -0.09 0.22 0.52 
Loss: 0.640021  SIA Ef: -0.108256 Binding: -0.04 -0.02 0.01 -0.18 0.21 0.41 0.24 0.11 0.01 -0.19 -0.18  Rvol: 0.51 1.02 1.34 -0.33 -0.20 0.13 0.46 0.14 0.74 1.24 1.58 -0.28 -0.09 0.22 0.52 
Loss: 0.639055  SIA Ef: -0.101554 Binding: -0.04 -0.02 0.01 -0.18 0.20 0.41 0.24 0.11 0.00 -0.19 -0.18  Rvol: 0.51 1.02 1.34 -0.33 -0.20 0.13 0.46 0.14 0.74 1.24 1.58 -0.28 -0.09 0.22 0.52 
Loss: 0.641100  SIA Ef: -0.095795 Binding: -0.04 -0.02 0.01 -0.18 0.20 0.41 0.24 0.11 0.00 -0.19 -0.18  Rvol: 0.51 1.02 1.34 -0.33 -0.20 0.13 0.46 0.14 0.74 1.24 1.58 -0.28 -0.09 0.22 0.52 
Loss: 0.639054  SIA Ef: -0.101052 Binding: -0.04 -0.02 0.01 -0.18 0.20 0.41 0.24 0.11 0.00 -0.19 -0.18  Rvol: 0.51 1.02 1.34 -0.33 -0.20 0.13 0.46 0.14 0.74 1.24 1.58 -0.28 -0.09 0.22 0.52 
Loss: 0.639590  SIA Ef: -0.101722 Binding: -0.04 -0.02 0.01 -0.18 0.21 0.41 0.24 0.11 0.01 -0.19 -0.18  Rvol: 0.51 1.02 1.34 -0.33 -0.20 0.13 0.46 0.14 0.74 1.24 1.58 -0.28 -0.09 0.22 0.52 
Loss: 0.639167  SIA Ef: -0.100774 Binding: -0.04 -0.02 0.01 -0.18 0.20 0.41 0.24 0.11 0.00 -0.19 -0.18  Rvol: 0.51 1.02 1.34 -0.33 -0.20 0.13 0.46 0.14 0.74 1.24 1.58 -0.28 -0.09 0.22 0.52 
Loss: 0.639021  SIA Ef: -0.100540 Binding: -0.04 -0.02 0.01 -0.18 0.20 0.41 0.24 0.11 0.00 -0.19 -0.18  Rvol: 0.51 1.02 1.34 -0.33 -0.20 0.13 0.46 0.14 0.74 1.24 1.58 -0.28 -0.09 0.22 0.52 
Loss: 0.641060  SIA Ef: -0.094782 Binding: -0.04 -0.02 0.01 -0.18 0.20 0.41 0.24 0.11 0.00 -0.19 -0.18  Rvol: 0.51 1.02 1.34 -0.33 -0.20 0.13 0.46 0.14 0.74 1.24 1.58 -0.28 -0.09 0.22 0.52 
Loss: 0.639485  SIA Ef: -0.103411 Binding: -0.04 -0.02 0.01 -0.18 0.21 0.41 0.24 0.11 0.00 -0.19 -0.18  Rvol: 0.51 1.02 1.34 -0.33 -0.20 0.13 0.46 0.14 0.74 1.24 1.58 -0.28 -0.09 0.22 0.52 
Loss: 0.639023  SIA Ef: -0.100639 Binding: -0.04 -0.02 0.01 -0.18 0.20 0.41 0.24 0.11 0.00 -0.19 -0.18  Rvol: 0.51 1.02 1.34 -0.33 -0.20 0.13 0.46 0.14 0.74 1.24 1.58 -0.28 -0.09 0.22 0.52 
Loss: 0.639290  SIA Ef: -0.100874 Binding: -0.04 -0.02 0.01 -0.18 0.21 0.41 0.24 0.11 0.00 -0.19 -0.18  Rvol: 0.51 1.02 1.34 -0.33 -0.20 0.13 0.46 0.14 0.74 1.24 1.58 -0.28 -0.09 0.22 0.52 
Loss: 0.639029  SIA Ef: -0.099966 Binding: -0.04 -0.02 0.01 -0.18 0.20 0.41 0.24 0.11 0.00 -0.19 -0.18  Rvol: 0.51 1.02 1.34 -0.33 -0.20 0.13 0.46 0.14 0.74 1.24 1.58 -0.28 -0.09 0.22 0.52 
Loss: 0.639141  SIA Ef: -0.100667 Binding: -0.04 -0.02 0.01 -0.18 0.20 0.41 0.24 0.11 0.00 -0.19 -0.18  Rvol: 0.51 1.02 1.34 -0.33 -0.20 0.13 0.46 0.14 0.74 1.24 1.58 -0.28 -0.09 0.22 0.52 
Loss: 0.639022  SIA Ef: -0.100487 Binding: -0.04 -0.02 0.01 -0.18 0.20 0.41 0.24 0.11 0.00 -0.19 -0.18  Rvol: 0.51 1.02 1.34 -0.33 -0.20 0.13 0.46 0.14 0.74 1.24 1.58 -0.28 -0.09 0.22 0.52 
Loss: 0.638407  SIA Ef: -0.097705 Binding: -0.04 -0.02 0.01 -0.18 0.20 0.41 0.24 0.11 0.00 -0.19 -0.18  Rvol: 0.51 1.02 1.34 -0.33 -0.20 0.13 0.46 0.14 0.74 1.24 1.58 -0.28 -0.09 0.22 0.52 
Loss: 0.641061  SIA Ef: -0.094878 Binding: -0.04 -0.02 0.01 -0.18 0.20 0.41 0.24 0.11 0.00 -0.19 -0.18  Rvol: 0.51 1.02 1.34 -0.33 -0.20 0.13 0.46 0.14 0.74 1.24 1.58 -0.28 -0.09 0.22 0.52 
Loss: 0.638408  SIA Ef: -0.097425 Binding: -0.04 -0.02 0.01 -0.18 0.20 0.41 0.24 0.11 0.00 -0.19 -0.18  Rvol: 0.51 1.02 1.34 -0.33 -0.20 0.13 0.46 0.14 0.74 1.24 1.58 -0.28 -0.09 0.22 0.52 
Loss: 0.641061  SIA Ef: -0.094881 Binding: -0.04 -0.02 0.01 -0.18 0.20 0.41 0.24 0.11 0.00 -0.19 -0.18  Rvol: 0.51 1.02 1.34 -0.33 -0.20 0.13 0.46 0.14 0.74 1.24 1.58 -0.28 -0.09 0.22 0.52 
Loss: 0.638409  SIA Ef: -0.097662 Binding: -0.04 -0.02 0.01 -0.18 0.20 0.41 0.24 0.11 0.00 -0.19 -0.18  Rvol: 0.51 1.02 1.34 -0.33 -0.20 0.13 0.46 0.14 0.74 1.24 1.58 -0.28 -0.09 0.22 0.52 
Loss: 0.641057  SIA Ef: -0.094882 Binding: -0.04 -0.02 0.01 -0.18 0.20 0.41 0.24 0.11 0.00 -0.19 -0.18  Rvol: 0.51 1.02 1.34 -0.33 -0.20 0.13 0.46 0.14 0.74 1.24 1.58 -0.28 -0.09 0.22 0.52 
Loss: 0.638408  SIA Ef: -0.097224 Binding: -0.04 -0.02 0.01 -0.18 0.20 0.41 0.24 0.11 0.00 -0.19 -0.18  Rvol: 0.51 1.02 1.34 -0.33 -0.20 0.13 0.46 0.14 0.74 1.24 1.58 -0.28 -0.09 0.22 0.52 
Loss: 0.641065  SIA Ef: -0.094888 Binding: -0.04 -0.02 0.01 -0.18 0.20 0.41 0.24 0.11 0.00 -0.19 -0.18  Rvol: 0.51 1.02 1.34 -0.33 -0.20 0.13 0.46 0.14 0.74 1.24 1.58 -0.28 -0.09 0.22 0.52 
Loss: 0.638409  SIA Ef: -0.097629 Binding: -0.04 -0.02 0.01 -0.18 0.20 0.41 0.24 0.11 0.00 -0.19 -0.18  Rvol: 0.51 1.02 1.34 -0.33 -0.20 0.13 0.46 0.14 0.74 1.24 1.58 -0.28 -0.09 0.22 0.52 
Loss: 0.641060  SIA Ef: -0.094889 Binding: -0.04 -0.02 0.01 -0.18 0.20 0.41 0.24 0.11 0.00 -0.19 -0.18  Rvol: 0.51 1.02 1.34 -0.33 -0.20 0.13 0.46 0.14 0.74 1.24 1.58 -0.28 -0.09 0.22 0.52 
Loss: 0.638336  SIA Ef: -0.096794 Binding: -0.04 -0.02 0.01 -0.18 0.20 0.41 0.24 0.11 0.00 -0.19 -0.18  Rvol: 0.51 1.02 1.34 -0.33 -0.20 0.13 0.46 0.14 0.74 1.24 1.58 -0.28 -0.09 0.22 0.52 
Loss: 0.640991  SIA Ef: -0.093979 Binding: -0.04 -0.02 0.01 -0.18 0.20 0.41 0.24 0.11 0.00 -0.19 -0.18  Rvol: 0.51 1.02 1.34 -0.33 -0.20 0.13 0.46 0.14 0.74 1.24 1.58 -0.28 -0.09 0.22 0.52 
Loss: 0.638311  SIA Ef: -0.097298 Binding: -0.04 -0.02 0.01 -0.18 0.20 0.41 0.24 0.11 0.00 -0.19 -0.18  Rvol: 0.51 1.02 1.34 -0.33 -0.20 0.13 0.46 0.14 0.74 1.24 1.58 -0.28 -0.09 0.22 0.52 
Loss: 0.640966  SIA Ef: -0.094457 Binding: -0.04 -0.02 0.01 -0.18 0.20 0.41 0.24 0.11 0.00 -0.19 -0.18  Rvol: 0.51 1.02 1.34 -0.33 -0.20 0.13 0.46 0.14 0.74 1.24 1.58 -0.28 -0.09 0.22 0.52 
Loss: 0.638062  SIA Ef: -0.096135 Binding: -0.04 -0.02 0.01 -0.18 0.20 0.41 0.24 0.11 0.00 -0.19 -0.18  Rvol: 0.51 1.02 1.34 -0.33 -0.20 0.13 0.46 0.14 0.74 1.24 1.58 -0.28 -0.09 0.22 0.52 
Loss: 0.641071  SIA Ef: -0.095007 Binding: -0.04 -0.02 0.01 -0.18 0.20 0.41 0.24 0.11 0.00 -0.19 -0.18  Rvol: 0.51 1.02 1.34 -0.33 -0.20 0.13 0.46 0.14 0.74 1.24 1.58 -0.28 -0.09 0.22 0.52 
Loss: 0.638063  SIA Ef: -0.096433 Binding: -0.04 -0.02 0.01 -0.18 0.20 0.41 0.24 0.11 0.00 -0.19 -0.18  Rvol: 0.51 1.02 1.34 -0.33 -0.20 0.13 0.46 0.14 0.74 1.24 1.58 -0.28 -0.09 0.22 0.52 
Loss: 0.641072  SIA Ef: -0.094977 Binding: -0.04 -0.02 0.01 -0.18 0.20 0.41 0.24 0.11 0.00 -0.19 -0.18  Rvol: 0.51 1.02 1.34 -0.33 -0.20 0.13 0.46 0.14 0.74 1.24 1.58 -0.28 -0.09 0.22 0.52 
Loss: 0.638063  SIA Ef: -0.096225 Binding: -0.04 -0.02 0.01 -0.18 0.20 0.41 0.24 0.11 0.00 -0.19 -0.18  Rvol: 0.51 1.02 1.34 -0.33 -0.20 0.13 0.46 0.14 0.74 1.24 1.58 -0.28 -0.09 0.22 0.52 
Loss: 0.637815  SIA Ef: -0.094971 Binding: -0.04 -0.02 0.01 -0.18 0.20 0.41 0.24 0.11 0.00 -0.19 -0.18  Rvol: 0.51 1.02 1.34 -0.33 -0.20 0.13 0.46 0.14 0.74 1.24 1.58 -0.28 -0.09 0.22 0.52 
Loss: 0.640830  SIA Ef: -0.093822 Binding: -0.04 -0.02 0.02 -0.18 0.20 0.41 0.24 0.11 0.00 -0.19 -0.18  Rvol: 0.51 1.02 1.34 -0.33 -0.20 0.13 0.46 0.14 0.74 1.24 1.58 -0.28 -0.09 0.22 0.52 
Loss: 0.641075  SIA Ef: -0.095186 Binding: -0.04 -0.02 0.01 -0.18 0.20 0.41 0.24 0.11 0.00 -0.19 -0.18  Rvol: 0.51 1.02 1.34 -0.33 -0.20 0.13 0.46 0.14 0.74 1.24 1.58 -0.28 -0.09 0.22 0.52 
Loss: 0.641054  SIA Ef: -0.094498 Binding: -0.04 -0.02 0.01 -0.18 0.20 0.41 0.24 0.11 0.00 -0.19 -0.18  Rvol: 0.51 1.02 1.34 -0.33 -0.20 0.13 0.46 0.14 0.74 1.24 1.58 -0.28 -0.09 0.22 0.52 
Loss: 0.641078  SIA Ef: -0.094876 Binding: -0.04 -0.02 0.01 -0.18 0.20 0.41 0.24 0.11 0.00 -0.19 -0.18  Rvol: 0.51 1.02 1.34 -0.33 -0.20 0.13 0.46 0.14 0.74 1.24 1.58 -0.28 -0.09 0.22 0.52 
Loss: 0.641058  SIA Ef: -0.095293 Binding: -0.04 -0.02 0.01 -0.18 0.20 0.41 0.24 0.11 0.00 -0.19 -0.18  Rvol: 0.51 1.02 1.34 -0.33 -0.20 0.13 0.46 0.14 0.74 1.24 1.58 -0.28 -0.09 0.22 0.52 
Loss: 0.641074  SIA Ef: -0.094951 Binding: -0.04 -0.02 0.01 -0.18 0.20 0.41 0.24 0.11 0.00 -0.19 -0.18  Rvol: 0.51 1.02 1.34 -0.33 -0.20 0.13 0.46 0.14 0.74 1.24 1.58 -0.28 -0.09 0.22 0.52 
Loss: 0.641066  SIA Ef: -0.095013 Binding: -0.04 -0.02 0.01 -0.18 0.20 0.41 0.24 0.11 0.00 -0.19 -0.18  Rvol: 0.51 1.02 1.34 -0.33 -0.20 0.13 0.46 0.14 0.74 1.24 1.58 -0.28 -0.09 0.22 0.52 
Loss: 0.641074  SIA Ef: -0.094920 Binding: -0.04 -0.02 0.01 -0.18 0.20 0.41 0.24 0.11 0.00 -0.19 -0.18  Rvol: 0.51 1.02 1.34 -0.33 -0.20 0.13 0.46 0.14 0.74 1.24 1.58 -0.28 -0.09 0.22 0.52 
Loss: 0.641082  SIA Ef: -0.094997 Binding: -0.04 -0.02 0.01 -0.18 0.20 0.41 0.24 0.11 0.00 -0.19 -0.18  Rvol: 0.51 1.02 1.34 -0.33 -0.20 0.13 0.46 0.14 0.74 1.24 1.58 -0.28 -0.09 0.22 0.52 
Loss: 0.641071  SIA Ef: -0.094885 Binding: -0.04 -0.02 0.01 -0.18 0.20 0.41 0.24 0.11 0.00 -0.19 -0.18  Rvol: 0.51 1.02 1.34 -0.33 -0.20 0.13 0.46 0.14 0.74 1.24 1.58 -0.28 -0.09 0.22 0.52 
Loss: 0.641060  SIA Ef: -0.095306 Binding: -0.04 -0.02 0.01 -0.18 0.20 0.41 0.24 0.11 0.00 -0.19 -0.18  Rvol: 0.51 1.02 1.34 -0.33 -0.20 0.13 0.46 0.14 0.74 1.24 1.58 -0.28 -0.09 0.22 0.52 
Loss: 0.641067  SIA Ef: -0.094964 Binding: -0.04 -0.02 0.01 -0.18 0.20 0.41 0.24 0.11 0.00 -0.19 -0.18  Rvol: 0.51 1.02 1.34 -0.33 -0.20 0.13 0.46 0.14 0.74 1.24 1.58 -0.28 -0.09 0.22 0.52 
Loss: 0.641072  SIA Ef: -0.095011 Binding: -0.04 -0.02 0.01 -0.18 0.20 0.41 0.24 0.11 0.00 -0.19 -0.18  Rvol: 0.51 1.02 1.34 -0.33 -0.20 0.13 0.46 0.14 0.74 1.24 1.58 -0.28 -0.09 0.22 0.52 
Loss: 0.637817  SIA Ef: -0.095096 Binding: -0.04 -0.02 0.01 -0.18 0.20 0.41 0.24 0.11 0.00 -0.19 -0.18  Rvol: 0.51 1.02 1.34 -0.33 -0.20 0.13 0.46 0.14 0.74 1.24 1.58 -0.28 -0.09 0.22 0.52 
Loss: 0.641067  SIA Ef: -0.094918 Binding: -0.04 -0.02 0.01 -0.18 0.20 0.41 0.24 0.11 0.00 -0.19 -0.18  Rvol: 0.51 1.02 1.34 -0.33 -0.20 0.13 0.46 0.14 0.74 1.24 1.58 -0.28 -0.09 0.22 0.52 
