Start Optimization 
Loss: 4.009488  SIA Ef: -0.320184 Binding: 0.17 0.11 -1.30 -0.05 0.35 0.14 -0.52 -0.27 0.08 -0.83 -0.91  Rvol: 0.55 1.02 1.41 -0.33 -0.32 -0.03 0.29 0.14 0.73 1.24 1.60 -0.28 -0.09 0.11 0.46 
Loss: 4.066418  SIA Ef: -0.259688 Binding: 0.17 0.12 -1.30 -0.03 0.36 0.13 -0.54 -0.21 0.08 -0.85 -0.93  Rvol: 0.55 1.02 1.42 -0.33 -0.32 -0.02 0.29 0.14 0.73 1.25 1.62 -0.28 -0.09 0.12 0.48 
Loss: 43.416437  SIA Ef: 4.533521 Binding: 0.67 1.64 3.05 1.76 1.64 0.02 -0.84 0.00 -0.66 -0.97 -0.88  Rvol: 0.73 1.38 2.03 -0.33 -0.06 0.33 0.78 0.14 0.97 1.54 2.32 -0.28 0.07 0.49 0.99 
Loss: 79.341880  SIA Ef: 0.001143 Binding: 1.53 0.96 -6.45 1.45 0.75 0.98 -0.52 -0.16 4.95 1.05 1.49  Rvol: 0.57 1.21 1.94 -0.33 -0.16 1.01 0.98 0.14 0.83 1.40 1.59 -0.28 0.27 1.22 1.33 
Loss: 206.900430  SIA Ef: 11.755633 Binding: 1.95 0.66 6.85 2.01 0.52 0.77 0.23 0.32 -0.96 -1.49 -1.77  Rvol: 1.28 2.08 3.07 -0.33 -0.27 -0.06 0.42 0.14 1.33 2.54 3.65 -0.28 -0.11 0.13 0.66 
Loss: 4.216871  SIA Ef: -0.320184 Binding: 0.17 0.11 -1.30 -0.05 0.35 -0.14 -0.44 1.13 0.08 -0.76 -0.09  Rvol: 0.55 1.02 1.41 -0.33 -0.32 -0.03 0.29 0.14 0.71 1.23 1.64 -0.28 0.08 0.17 0.54 
Loss: 7.089026  SIA Ef: -0.320184 Binding: 0.17 0.11 -1.30 -0.05 0.35 0.03 -0.61 -1.28 -0.26 -0.98 -1.38  Rvol: 0.55 1.02 1.41 -0.33 -0.32 -0.03 0.29 0.14 0.73 1.20 1.55 -0.28 -0.19 0.06 0.36 
Loss: 3.139538  SIA Ef: -0.320184 Binding: 0.17 0.11 -1.30 -0.05 0.35 0.24 -0.37 0.07 0.20 -0.66 -0.58  Rvol: 0.55 1.02 1.41 -0.33 -0.32 -0.03 0.29 0.14 0.73 1.25 1.58 -0.28 -0.10 0.14 0.49 
Loss: 3.507550  SIA Ef: -0.320184 Binding: 0.16 -0.13 -1.30 -0.66 -0.58 0.24 -0.23 0.10 0.20 -0.54 -0.35  Rvol: 0.55 1.05 1.47 -0.33 -0.32 0.05 0.45 0.14 0.73 1.28 1.69 -0.28 -0.10 0.20 0.62 
Loss: 3.820181  SIA Ef: -0.320184 Binding: -0.54 -0.05 -1.30 -0.24 -0.23 0.24 -0.41 -0.38 0.20 -0.72 -0.78  Rvol: 0.55 0.90 1.32 -0.33 -0.32 -0.08 0.18 0.14 0.73 1.16 1.46 -0.28 -0.10 0.09 0.36 
Loss: 3.478797  SIA Ef: -0.320184 Binding: 0.28 0.21 -1.30 0.05 0.58 0.24 -0.41 0.22 0.20 -0.65 -0.59  Rvol: 0.55 1.01 1.36 -0.33 -0.32 -0.02 0.30 0.14 0.73 1.24 1.57 -0.28 -0.10 0.14 0.50 
Loss: 261.253792  SIA Ef: -14.897449 Binding: -0.04 0.52 -4.63 0.61 -0.15 0.35 -0.76 -0.20 2.95 -1.45 1.02  Rvol: -0.10 -0.20 -0.45 -0.33 -0.37 -0.57 -0.65 0.14 0.29 0.22 -0.50 -0.28 -0.31 -0.55 -0.37 
Loss: 36.505131  SIA Ef: -1.080467 Binding: 0.86 0.58 -4.40 1.03 -0.49 0.69 -0.34 -0.15 2.63 -2.05 1.17  Rvol: 0.45 1.00 1.55 -0.33 -0.11 0.29 0.50 0.14 0.74 1.22 1.33 -0.28 0.10 0.30 0.81 
Loss: 3.131712  SIA Ef: -0.333470 Binding: 0.17 0.11 -1.30 -0.05 0.34 0.25 -0.36 0.07 0.20 -0.65 -0.57  Rvol: 0.55 1.01 1.41 -0.33 -0.32 -0.03 0.28 0.14 0.73 1.25 1.58 -0.28 -0.10 0.13 0.49 
Loss: 6.710681  SIA Ef: 1.614765 Binding: 0.06 0.87 0.58 0.68 0.98 0.16 -0.24 0.14 -0.36 -0.73 -0.64  Rvol: 0.60 1.06 1.53 -0.33 -0.20 0.13 0.46 0.14 0.82 1.37 1.78 -0.28 -0.05 0.30 0.68 
Loss: 2.656424  SIA Ef: -0.330079 Binding: 0.17 0.11 -1.30 -0.05 0.34 0.43 0.05 0.40 0.33 -0.25 -0.06  Rvol: 0.55 1.02 1.41 -0.33 -0.32 -0.03 0.28 0.14 0.73 1.24 1.57 -0.28 -0.12 0.12 0.45 
Loss: 51.438308  SIA Ef: 6.011013 Binding: 0.23 0.08 3.30 0.64 -0.13 -0.14 -0.41 0.42 -0.55 -0.56 -0.60  Rvol: 0.93 1.63 2.37 -0.33 -0.30 -0.08 0.44 0.14 1.05 1.77 2.62 -0.28 -0.14 0.17 0.66 
Loss: 3.676069  SIA Ef: -0.370811 Binding: 0.17 0.11 -1.31 -0.05 0.35 0.53 0.20 0.90 0.50 -0.09 0.28  Rvol: 0.54 1.01 1.41 -0.33 -0.32 -0.03 0.28 0.14 0.73 1.25 1.57 -0.28 -0.10 0.14 0.48 
Loss: 47.279399  SIA Ef: -6.306370 Binding: -0.19 0.85 -1.99 0.04 0.88 0.54 0.33 -0.02 0.99 -0.25 0.17  Rvol: 0.26 0.39 0.69 -0.33 -0.35 -0.26 -0.13 0.14 0.52 0.79 0.71 -0.28 -0.23 -0.14 -0.01 
Loss: 2.873774  SIA Ef: -0.332385 Binding: 0.18 0.11 -1.33 -0.05 0.35 0.46 0.09 0.48 0.38 -0.21 0.02  Rvol: 0.54 1.01 1.41 -0.33 -0.32 -0.03 0.29 0.14 0.73 1.24 1.56 -0.28 -0.12 0.12 0.46 
Loss: 43.109246  SIA Ef: -2.263794 Binding: 0.81 0.59 -4.67 0.83 -0.22 0.88 0.06 -0.05 2.91 -1.44 1.70  Rvol: 0.41 0.93 1.44 -0.33 -0.13 0.19 0.42 0.14 0.70 1.12 1.16 -0.28 0.06 0.21 0.69 
Loss: 3.212817  SIA Ef: -0.317518 Binding: 0.25 0.51 -1.29 0.15 0.69 0.43 0.01 0.31 0.33 -0.27 -0.11  Rvol: 0.55 1.00 1.38 -0.33 -0.32 -0.04 0.26 0.14 0.73 1.23 1.54 -0.28 -0.12 0.10 0.42 
Loss: 50.839697  SIA Ef: 5.575427 Binding: 0.30 0.17 3.89 0.84 -0.06 -0.03 -0.44 0.37 -0.58 -0.62 -0.64  Rvol: 0.93 1.63 2.28 -0.33 -0.30 -0.11 0.37 0.14 1.09 1.73 2.57 -0.28 -0.15 0.12 0.58 
Loss: 3.182740  SIA Ef: -0.306849 Binding: 0.39 0.24 -1.28 0.05 0.59 0.43 0.07 0.60 0.32 -0.23 -0.02  Rvol: 0.55 1.02 1.37 -0.33 -0.32 -0.01 0.32 0.14 0.73 1.25 1.60 -0.28 -0.12 0.13 0.48 
Loss: 50.818203  SIA Ef: 5.574198 Binding: 0.30 0.17 3.89 0.84 -0.06 -0.03 -0.44 0.38 -0.58 -0.62 -0.64  Rvol: 0.93 1.63 2.27 -0.33 -0.30 -0.11 0.36 0.14 1.09 1.72 2.57 -0.28 -0.15 0.12 0.58 
Loss: 2.563267  SIA Ef: -0.318500 Binding: 0.14 0.07 -1.29 -0.07 0.28 0.43 0.07 0.37 0.33 -0.26 -0.05  Rvol: 0.55 1.02 1.42 -0.33 -0.32 -0.03 0.28 0.14 0.73 1.25 1.57 -0.28 -0.12 0.12 0.45 
Loss: 50.983021  SIA Ef: 5.584530 Binding: 0.31 0.18 3.90 0.87 -0.04 -0.02 -0.47 0.34 -0.58 -0.63 -0.65  Rvol: 0.93 1.63 2.24 -0.33 -0.30 -0.11 0.35 0.14 1.09 1.73 2.56 -0.28 -0.15 0.12 0.56 
Loss: 4.558883  SIA Ef: -0.060266 Binding: 0.13 -0.07 -1.83 -0.16 0.20 0.53 0.22 0.29 0.64 -0.11 0.20  Rvol: 0.55 1.05 1.45 -0.33 -0.32 -0.00 0.33 0.14 0.74 1.26 1.57 -0.28 -0.10 0.12 0.48 
Loss: 39.370377  SIA Ef: -1.850829 Binding: 0.88 0.71 -4.48 0.94 -0.21 0.85 0.03 0.05 2.77 -1.48 1.66  Rvol: 0.42 0.97 1.50 -0.33 -0.12 0.22 0.45 0.14 0.71 1.17 1.25 -0.28 0.07 0.25 0.74 
Loss: 13.992124  SIA Ef: -3.206958 Binding: -0.08 0.41 -1.57 -0.06 0.52 0.50 0.26 0.15 0.59 -0.25 0.05  Rvol: 0.41 0.78 1.05 -0.33 -0.33 -0.14 0.08 0.14 0.62 1.02 1.15 -0.28 -0.17 -0.01 0.22 
Loss: 5.284658  SIA Ef: -0.846342 Binding: 0.21 -0.04 -1.88 -0.20 0.18 0.47 0.06 0.34 0.60 -0.23 0.07  Rvol: 0.52 1.00 1.39 -0.33 -0.36 -0.06 0.26 0.14 0.72 1.22 1.52 -0.28 -0.12 0.08 0.44 
Loss: 28.973222  SIA Ef: -1.205807 Binding: 0.44 0.57 -3.90 1.65 -0.10 0.67 0.17 0.09 2.46 -1.32 0.78  Rvol: 0.44 0.95 1.37 -0.33 -0.29 0.17 0.34 0.14 0.71 1.19 1.34 -0.28 -0.01 0.13 0.55 
Loss: 2.311333  SIA Ef: 1.055717 Binding: -0.03 -0.16 0.26 0.02 -0.19 0.24 0.02 0.59 -0.24 -0.34 -0.25  Rvol: 0.64 1.12 1.61 -0.33 -0.32 -0.04 0.29 0.14 0.78 1.38 1.83 -0.28 -0.17 0.13 0.46 
Loss: 2.303306  SIA Ef: 1.052395 Binding: -0.03 -0.16 0.26 0.02 -0.19 0.24 0.02 0.60 -0.24 -0.34 -0.25  Rvol: 0.64 1.12 1.61 -0.33 -0.32 -0.05 0.29 0.14 0.78 1.38 1.83 -0.28 -0.17 0.13 0.46 
Loss: 5.910225  SIA Ef: 2.129491 Binding: 0.03 -0.06 0.15 0.06 -0.10 0.24 0.02 0.63 -0.23 -0.33 -0.23  Rvol: 0.68 1.20 1.73 -0.33 -0.30 0.01 0.39 0.14 0.82 1.47 1.96 -0.28 -0.14 0.20 0.56 
Loss: 2.182693  SIA Ef: 1.025225 Binding: -0.02 -0.14 0.26 0.03 -0.16 0.22 -0.03 0.48 -0.26 -0.38 -0.34  Rvol: 0.64 1.12 1.60 -0.33 -0.32 -0.05 0.29 0.14 0.78 1.38 1.82 -0.28 -0.17 0.13 0.45 
Loss: 1.713876  SIA Ef: 0.256769 Binding: -0.06 -0.06 0.82 0.19 -0.07 0.20 -0.06 0.47 -0.32 -0.42 -0.37  Rvol: 0.61 1.04 1.50 -0.33 -0.31 -0.08 0.22 0.14 0.76 1.31 1.72 -0.28 -0.17 0.10 0.38 
Loss: 1.741875  SIA Ef: 0.266890 Binding: -0.09 -0.13 0.80 0.13 -0.17 0.20 -0.05 0.46 -0.33 -0.43 -0.39  Rvol: 0.61 1.04 1.51 -0.33 -0.31 -0.07 0.23 0.14 0.76 1.32 1.73 -0.28 -0.17 0.10 0.39 
Loss: 1.635481  SIA Ef: 0.392160 Binding: -0.09 -0.11 0.77 0.17 -0.11 0.24 0.02 0.48 -0.27 -0.34 -0.30  Rvol: 0.61 1.05 1.51 -0.33 -0.31 -0.06 0.24 0.14 0.77 1.31 1.72 -0.28 -0.17 0.10 0.38 
Loss: 1.618610  SIA Ef: 0.374845 Binding: -0.11 -0.16 0.75 0.16 -0.14 0.22 -0.03 0.44 -0.28 -0.37 -0.35  Rvol: 0.61 1.04 1.51 -0.33 -0.31 -0.07 0.23 0.14 0.77 1.31 1.71 -0.28 -0.17 0.10 0.38 
Loss: 1.701960  SIA Ef: -0.356557 Binding: -0.15 -0.34 0.73 0.05 -0.45 0.22 -0.04 0.43 -0.29 -0.37 -0.22  Rvol: 0.59 1.00 1.44 -0.33 -0.34 -0.13 0.15 0.14 0.74 1.26 1.65 -0.28 -0.20 0.04 0.30 
Loss: 1.590962  SIA Ef: 0.393830 Binding: -0.11 -0.16 0.74 0.16 -0.13 0.27 0.07 0.55 -0.23 -0.28 -0.22  Rvol: 0.61 1.04 1.51 -0.33 -0.31 -0.07 0.23 0.14 0.77 1.31 1.71 -0.28 -0.17 0.09 0.38 
Loss: 4.564924  SIA Ef: 0.511290 Binding: -0.06 -0.06 1.76 0.48 -0.02 0.20 -0.05 0.55 -0.32 -0.34 -0.29  Rvol: 0.63 1.09 1.55 -0.33 -0.30 -0.08 0.22 0.14 0.76 1.28 1.76 -0.28 -0.17 0.09 0.35 
Loss: 0.970191  SIA Ef: 0.126417 Binding: -0.11 -0.12 0.43 0.11 -0.06 0.30 0.09 0.51 -0.18 -0.27 -0.24  Rvol: 0.59 1.02 1.46 -0.33 -0.31 -0.06 0.22 0.14 0.76 1.29 1.66 -0.28 -0.17 0.09 0.37 
Loss: 3.350144  SIA Ef: -1.309455 Binding: -0.05 0.19 -1.01 -0.03 0.32 0.47 0.21 0.23 0.26 -0.19 -0.02  Rvol: 0.50 0.93 1.26 -0.33 -0.32 -0.07 0.19 0.14 0.69 1.16 1.39 -0.28 -0.16 0.06 0.32 
Loss: 1.147489  SIA Ef: 0.181248 Binding: -0.12 -0.15 0.52 0.11 -0.10 0.31 0.11 0.58 -0.19 -0.24 -0.19  Rvol: 0.59 1.02 1.47 -0.33 -0.31 -0.07 0.22 0.14 0.76 1.29 1.68 -0.28 -0.17 0.09 0.37 
Loss: 1.026551  SIA Ef: 0.066052 Binding: -0.12 -0.12 0.49 0.12 -0.06 0.31 0.10 0.54 -0.19 -0.26 -0.22  Rvol: 0.59 1.01 1.45 -0.33 -0.31 -0.07 0.21 0.14 0.75 1.28 1.66 -0.28 -0.17 0.09 0.37 
Loss: 1.486349  SIA Ef: 0.632594 Binding: -0.11 -0.21 0.41 0.07 -0.17 0.29 0.08 0.53 -0.20 -0.26 -0.22  Rvol: 0.62 1.06 1.54 -0.33 -0.31 -0.06 0.25 0.14 0.77 1.33 1.74 -0.28 -0.17 0.10 0.40 
Loss: 0.967355  SIA Ef: 0.124973 Binding: -0.10 -0.08 0.45 0.14 -0.01 0.30 0.09 0.51 -0.18 -0.26 -0.23  Rvol: 0.59 1.01 1.46 -0.33 -0.31 -0.07 0.22 0.14 0.76 1.28 1.66 -0.28 -0.17 0.09 0.37 
Loss: 1.890660  SIA Ef: 0.262889 Binding: -0.09 -0.08 0.98 0.27 -0.16 0.25 0.03 0.51 -0.26 -0.30 -0.15  Rvol: 0.60 1.04 1.49 -0.33 -0.31 -0.07 0.22 0.14 0.76 1.29 1.69 -0.28 -0.17 0.09 0.36 
Loss: 0.951782  SIA Ef: 0.150987 Binding: -0.11 -0.09 0.43 0.13 -0.02 0.32 0.11 0.52 -0.17 -0.24 -0.21  Rvol: 0.59 1.02 1.46 -0.33 -0.31 -0.06 0.22 0.14 0.76 1.29 1.66 -0.28 -0.17 0.09 0.37 
Loss: 0.954045  SIA Ef: -0.542823 Binding: -0.09 0.08 -0.34 0.03 0.16 0.41 0.18 0.36 0.00 -0.20 -0.14  Rvol: 0.54 0.97 1.35 -0.33 -0.31 -0.06 0.21 0.14 0.72 1.22 1.53 -0.28 -0.16 0.08 0.35 
Loss: 1.087732  SIA Ef: 0.342554 Binding: -0.10 -0.04 0.44 0.16 0.03 0.32 0.11 0.52 -0.17 -0.24 -0.21  Rvol: 0.60 1.03 1.47 -0.33 -0.30 -0.05 0.24 0.14 0.76 1.30 1.68 -0.28 -0.17 0.11 0.39 
Loss: 1.046446  SIA Ef: 0.136058 Binding: -0.11 -0.11 0.43 0.12 -0.04 0.35 0.18 0.62 -0.13 -0.16 -0.09  Rvol: 0.59 1.02 1.46 -0.33 -0.31 -0.07 0.22 0.14 0.76 1.28 1.66 -0.28 -0.18 0.09 0.36 
Loss: 0.943503  SIA Ef: 0.154590 Binding: -0.12 -0.12 0.43 0.12 -0.04 0.30 0.07 0.47 -0.18 -0.27 -0.26  Rvol: 0.59 1.02 1.46 -0.33 -0.31 -0.06 0.22 0.14 0.76 1.29 1.66 -0.28 -0.17 0.09 0.37 
Loss: 0.922230  SIA Ef: 0.104586 Binding: -0.11 -0.11 0.42 0.14 -0.03 0.30 0.05 0.48 -0.19 -0.28 -0.25  Rvol: 0.59 1.01 1.45 -0.33 -0.31 -0.07 0.21 0.14 0.75 1.28 1.65 -0.28 -0.17 0.09 0.36 
Loss: 1.006487  SIA Ef: 0.113481 Binding: -0.11 -0.12 0.49 0.14 -0.06 0.29 0.04 0.49 -0.20 -0.28 -0.25  Rvol: 0.59 1.01 1.46 -0.33 -0.31 -0.07 0.20 0.14 0.76 1.28 1.66 -0.28 -0.18 0.08 0.36 
Loss: 0.821457  SIA Ef: 0.070546 Binding: -0.10 -0.06 0.31 0.13 0.02 0.29 0.01 0.43 -0.19 -0.32 -0.31  Rvol: 0.58 1.01 1.44 -0.33 -0.31 -0.06 0.22 0.14 0.75 1.28 1.64 -0.28 -0.17 0.09 0.37 
Loss: 0.858572  SIA Ef: -0.161913 Binding: -0.10 -0.02 0.36 0.16 0.06 0.28 -0.01 0.39 -0.21 -0.34 -0.35  Rvol: 0.57 0.99 1.41 -0.33 -0.31 -0.07 0.20 0.14 0.74 1.25 1.61 -0.28 -0.17 0.09 0.35 
Loss: 0.813291  SIA Ef: 0.088629 Binding: -0.10 -0.06 0.29 0.13 0.02 0.29 0.01 0.41 -0.19 -0.33 -0.32  Rvol: 0.58 1.01 1.44 -0.33 -0.31 -0.06 0.22 0.14 0.75 1.28 1.65 -0.28 -0.17 0.09 0.37 
Loss: 0.709534  SIA Ef: 0.087926 Binding: -0.10 -0.07 0.12 0.08 -0.00 0.29 -0.01 0.35 -0.18 -0.34 -0.35  Rvol: 0.59 1.01 1.44 -0.33 -0.31 -0.06 0.23 0.14 0.75 1.28 1.64 -0.28 -0.17 0.09 0.37 
Loss: 0.690194  SIA Ef: 0.004464 Binding: -0.12 -0.10 0.04 0.04 -0.04 0.29 -0.01 0.35 -0.17 -0.35 -0.35  Rvol: 0.58 1.01 1.43 -0.33 -0.31 -0.07 0.22 0.14 0.75 1.27 1.63 -0.28 -0.17 0.09 0.37 
Loss: 0.683192  SIA Ef: -0.022761 Binding: -0.12 -0.11 0.05 0.03 -0.05 0.30 0.01 0.37 -0.16 -0.33 -0.33  Rvol: 0.58 1.01 1.43 -0.33 -0.32 -0.07 0.22 0.14 0.74 1.27 1.63 -0.28 -0.17 0.09 0.37 
Loss: 0.699080  SIA Ef: 0.098875 Binding: -0.12 -0.12 -0.10 0.00 -0.05 0.31 0.02 0.35 -0.14 -0.33 -0.32  Rvol: 0.59 1.02 1.45 -0.33 -0.32 -0.06 0.23 0.14 0.74 1.28 1.64 -0.28 -0.17 0.10 0.38 
Loss: 0.665123  SIA Ef: -0.183006 Binding: -0.12 -0.07 -0.14 0.01 -0.00 0.33 0.04 0.34 -0.12 -0.31 -0.31  Rvol: 0.57 1.00 1.41 -0.33 -0.32 -0.07 0.21 0.14 0.73 1.26 1.60 -0.28 -0.17 0.09 0.36 
Loss: 0.765419  SIA Ef: -0.309707 Binding: -0.11 -0.10 -0.26 -0.03 -0.03 0.32 0.02 0.30 -0.10 -0.33 -0.33  Rvol: 0.57 1.00 1.40 -0.33 -0.32 -0.07 0.20 0.14 0.73 1.25 1.59 -0.28 -0.17 0.08 0.36 
Loss: 0.662919  SIA Ef: -0.175001 Binding: -0.13 -0.09 -0.13 0.00 -0.02 0.33 0.04 0.33 -0.12 -0.31 -0.32  Rvol: 0.57 1.00 1.41 -0.33 -0.32 -0.07 0.21 0.14 0.73 1.26 1.60 -0.28 -0.17 0.09 0.36 
Loss: 0.680886  SIA Ef: -0.227176 Binding: -0.12 -0.08 -0.16 0.00 -0.02 0.33 0.04 0.36 -0.11 -0.30 -0.29  Rvol: 0.57 0.99 1.40 -0.33 -0.32 -0.07 0.20 0.14 0.73 1.25 1.59 -0.28 -0.17 0.08 0.36 
Loss: 0.655677  SIA Ef: -0.083937 Binding: -0.13 -0.11 -0.14 -0.01 -0.04 0.33 0.05 0.35 -0.11 -0.30 -0.30  Rvol: 0.58 1.01 1.42 -0.33 -0.32 -0.07 0.22 0.14 0.74 1.26 1.61 -0.28 -0.17 0.09 0.37 
Loss: 0.680606  SIA Ef: -0.234552 Binding: -0.13 -0.10 -0.18 -0.01 -0.03 0.33 0.05 0.32 -0.10 -0.31 -0.31  Rvol: 0.57 1.00 1.40 -0.33 -0.32 -0.07 0.21 0.14 0.73 1.25 1.59 -0.28 -0.17 0.08 0.36 
Loss: 0.660661  SIA Ef: -0.098764 Binding: -0.13 -0.11 -0.14 -0.01 -0.04 0.33 0.05 0.36 -0.11 -0.30 -0.29  Rvol: 0.58 1.01 1.42 -0.33 -0.32 -0.07 0.22 0.14 0.74 1.26 1.61 -0.28 -0.17 0.09 0.37 
Loss: 0.675115  SIA Ef: -0.139454 Binding: -0.14 -0.11 -0.18 -0.02 -0.04 0.34 0.08 0.37 -0.09 -0.28 -0.27  Rvol: 0.57 1.00 1.41 -0.33 -0.32 -0.06 0.22 0.14 0.73 1.26 1.60 -0.28 -0.16 0.09 0.37 
Loss: 0.635211  SIA Ef: -0.040970 Binding: -0.12 -0.08 -0.12 0.01 -0.01 0.34 0.07 0.36 -0.11 -0.29 -0.28  Rvol: 0.58 1.01 1.42 -0.33 -0.32 -0.06 0.22 0.14 0.74 1.27 1.61 -0.28 -0.17 0.09 0.37 
Loss: 0.634318  SIA Ef: -0.069771 Binding: -0.11 -0.06 -0.19 0.01 0.01 0.35 0.08 0.36 -0.09 -0.27 -0.26  Rvol: 0.57 1.01 1.42 -0.33 -0.32 -0.06 0.23 0.14 0.74 1.26 1.61 -0.28 -0.16 0.09 0.37 
Loss: 0.641898  SIA Ef: -0.039734 Binding: -0.11 -0.06 -0.21 0.00 0.02 0.35 0.08 0.35 -0.08 -0.27 -0.26  Rvol: 0.58 1.01 1.42 -0.33 -0.31 -0.06 0.23 0.14 0.74 1.26 1.61 -0.28 -0.16 0.09 0.38 
Loss: 0.654089  SIA Ef: -0.055749 Binding: -0.11 -0.05 -0.25 0.01 0.03 0.36 0.09 0.37 -0.07 -0.26 -0.24  Rvol: 0.57 1.01 1.42 -0.33 -0.32 -0.06 0.23 0.14 0.74 1.26 1.60 -0.28 -0.16 0.09 0.38 
Loss: 0.634698  SIA Ef: -0.042498 Binding: -0.11 -0.06 -0.19 0.01 0.02 0.34 0.07 0.35 -0.09 -0.28 -0.27  Rvol: 0.58 1.01 1.42 -0.33 -0.31 -0.06 0.23 0.14 0.74 1.26 1.61 -0.28 -0.16 0.09 0.38 
Loss: 0.630730  SIA Ef: -0.135561 Binding: -0.11 -0.04 -0.19 0.02 0.04 0.35 0.08 0.34 -0.08 -0.27 -0.27  Rvol: 0.57 1.00 1.41 -0.33 -0.31 -0.06 0.22 0.14 0.74 1.26 1.59 -0.28 -0.16 0.09 0.37 
Loss: 0.659166  SIA Ef: -0.187354 Binding: -0.11 -0.03 -0.24 0.01 0.05 0.36 0.09 0.34 -0.07 -0.27 -0.25  Rvol: 0.57 1.00 1.40 -0.33 -0.31 -0.06 0.22 0.14 0.73 1.25 1.58 -0.28 -0.16 0.09 0.37 
Loss: 0.620195  SIA Ef: 0.009756 Binding: -0.12 -0.06 -0.01 0.05 0.00 0.33 0.06 0.37 -0.13 -0.28 -0.28  Rvol: 0.58 1.01 1.43 -0.33 -0.31 -0.06 0.22 0.14 0.74 1.27 1.62 -0.28 -0.17 0.09 0.37 
Loss: 0.621404  SIA Ef: 0.045516 Binding: -0.11 -0.05 -0.03 0.05 0.01 0.33 0.07 0.37 -0.12 -0.28 -0.27  Rvol: 0.58 1.01 1.43 -0.33 -0.31 -0.06 0.22 0.14 0.75 1.27 1.63 -0.28 -0.17 0.09 0.37 
Loss: 0.622161  SIA Ef: 0.018375 Binding: -0.12 -0.07 -0.01 0.04 -0.01 0.32 0.06 0.37 -0.13 -0.28 -0.28  Rvol: 0.58 1.01 1.43 -0.33 -0.31 -0.06 0.22 0.14 0.75 1.27 1.62 -0.28 -0.17 0.09 0.37 
Loss: 0.631581  SIA Ef: 0.035626 Binding: -0.11 -0.08 -0.02 0.03 -0.02 0.32 0.06 0.37 -0.13 -0.29 -0.28  Rvol: 0.58 1.02 1.44 -0.33 -0.31 -0.06 0.22 0.14 0.75 1.27 1.63 -0.28 -0.17 0.09 0.37 
Loss: 0.614653  SIA Ef: -0.014277 Binding: -0.12 -0.05 -0.01 0.05 0.01 0.32 0.06 0.36 -0.13 -0.29 -0.28  Rvol: 0.58 1.01 1.43 -0.33 -0.31 -0.06 0.22 0.14 0.74 1.27 1.62 -0.28 -0.17 0.09 0.37 
Loss: 0.618132  SIA Ef: -0.105943 Binding: -0.12 -0.05 -0.00 0.05 0.01 0.32 0.04 0.34 -0.14 -0.30 -0.31  Rvol: 0.58 1.00 1.42 -0.33 -0.31 -0.07 0.21 0.14 0.74 1.26 1.61 -0.28 -0.17 0.09 0.36 
Loss: 0.615957  SIA Ef: 0.011717 Binding: -0.11 -0.05 -0.03 0.05 0.02 0.32 0.06 0.35 -0.13 -0.29 -0.29  Rvol: 0.58 1.01 1.43 -0.33 -0.31 -0.06 0.22 0.14 0.74 1.27 1.62 -0.28 -0.17 0.09 0.37 
Loss: 0.699899  SIA Ef: 0.124352 Binding: -0.11 -0.07 0.15 0.08 -0.00 0.31 0.04 0.39 -0.16 -0.29 -0.29  Rvol: 0.59 1.01 1.44 -0.33 -0.31 -0.06 0.23 0.14 0.75 1.28 1.64 -0.28 -0.17 0.09 0.37 
Loss: 0.607605  SIA Ef: -0.094672 Binding: -0.12 -0.03 -0.07 0.05 0.03 0.33 0.07 0.35 -0.11 -0.29 -0.29  Rvol: 0.57 1.00 1.41 -0.33 -0.31 -0.06 0.22 0.14 0.74 1.26 1.60 -0.28 -0.17 0.09 0.37 
Loss: 0.608987  SIA Ef: -0.132902 Binding: -0.12 -0.01 -0.06 0.05 0.05 0.33 0.07 0.34 -0.11 -0.28 -0.29  Rvol: 0.57 1.00 1.41 -0.33 -0.31 -0.06 0.22 0.14 0.74 1.25 1.60 -0.28 -0.17 0.09 0.36 
Loss: 0.606607  SIA Ef: -0.101707 Binding: -0.12 -0.03 -0.08 0.04 0.04 0.33 0.07 0.34 -0.11 -0.28 -0.28  Rvol: 0.57 1.00 1.41 -0.33 -0.31 -0.06 0.22 0.14 0.74 1.26 1.60 -0.28 -0.17 0.09 0.37 
Loss: 0.606753  SIA Ef: -0.120815 Binding: -0.11 -0.03 -0.10 0.04 0.04 0.33 0.07 0.34 -0.11 -0.28 -0.28  Rvol: 0.57 1.00 1.41 -0.33 -0.31 -0.06 0.22 0.14 0.74 1.26 1.60 -0.28 -0.17 0.09 0.37 
Loss: 0.605164  SIA Ef: -0.118221 Binding: -0.12 -0.03 -0.08 0.04 0.04 0.34 0.08 0.35 -0.11 -0.28 -0.27  Rvol: 0.57 1.00 1.41 -0.33 -0.31 -0.06 0.22 0.14 0.74 1.26 1.60 -0.28 -0.17 0.09 0.37 
Loss: 0.616281  SIA Ef: -0.176850 Binding: -0.12 -0.03 -0.09 0.04 0.04 0.33 0.07 0.33 -0.11 -0.29 -0.28  Rvol: 0.57 1.00 1.40 -0.33 -0.32 -0.06 0.21 0.14 0.74 1.25 1.59 -0.28 -0.17 0.09 0.36 
Loss: 0.607288  SIA Ef: -0.128666 Binding: -0.12 -0.03 -0.08 0.04 0.03 0.34 0.08 0.35 -0.11 -0.28 -0.27  Rvol: 0.57 1.00 1.41 -0.33 -0.31 -0.06 0.22 0.14 0.74 1.26 1.60 -0.28 -0.17 0.09 0.37 
Loss: 0.618971  SIA Ef: -0.152275 Binding: -0.11 -0.02 -0.16 0.03 0.05 0.35 0.09 0.35 -0.09 -0.27 -0.26  Rvol: 0.57 1.00 1.41 -0.33 -0.31 -0.06 0.22 0.14 0.74 1.25 1.59 -0.28 -0.17 0.09 0.37 
Loss: 0.603722  SIA Ef: -0.113958 Binding: -0.12 -0.03 -0.08 0.04 0.03 0.34 0.08 0.35 -0.11 -0.28 -0.27  Rvol: 0.57 1.00 1.41 -0.33 -0.31 -0.06 0.22 0.14 0.74 1.26 1.60 -0.28 -0.17 0.09 0.37 
Loss: 0.606920  SIA Ef: -0.118900 Binding: -0.12 -0.03 -0.08 0.04 0.03 0.34 0.08 0.35 -0.11 -0.28 -0.28  Rvol: 0.57 1.00 1.41 -0.33 -0.31 -0.06 0.22 0.14 0.74 1.26 1.60 -0.28 -0.17 0.09 0.36 
Loss: 0.601558  SIA Ef: -0.097526 Binding: -0.12 -0.03 -0.08 0.04 0.03 0.34 0.08 0.35 -0.11 -0.28 -0.27  Rvol: 0.57 1.00 1.41 -0.33 -0.31 -0.06 0.22 0.14 0.74 1.26 1.60 -0.28 -0.17 0.09 0.37 
Loss: 0.603003  SIA Ef: -0.055722 Binding: -0.12 -0.04 -0.05 0.05 0.02 0.33 0.07 0.35 -0.11 -0.28 -0.28  Rvol: 0.58 1.01 1.42 -0.33 -0.31 -0.06 0.22 0.14 0.74 1.26 1.61 -0.28 -0.17 0.09 0.37 
Loss: 0.602018  SIA Ef: -0.088590 Binding: -0.12 -0.04 -0.08 0.04 0.03 0.34 0.08 0.35 -0.11 -0.28 -0.27  Rvol: 0.57 1.00 1.41 -0.33 -0.31 -0.06 0.22 0.14 0.74 1.26 1.60 -0.28 -0.17 0.09 0.37 
Loss: 0.603935  SIA Ef: -0.104578 Binding: -0.12 -0.03 -0.12 0.04 0.04 0.34 0.08 0.34 -0.10 -0.27 -0.27  Rvol: 0.57 1.00 1.41 -0.33 -0.31 -0.06 0.22 0.14 0.74 1.26 1.60 -0.28 -0.17 0.09 0.37 
Loss: 0.601225  SIA Ef: -0.093415 Binding: -0.12 -0.03 -0.08 0.04 0.03 0.34 0.08 0.35 -0.11 -0.28 -0.27  Rvol: 0.57 1.00 1.41 -0.33 -0.31 -0.06 0.22 0.14 0.74 1.26 1.60 -0.28 -0.17 0.09 0.37 
Loss: 0.602189  SIA Ef: -0.111813 Binding: -0.12 -0.03 -0.08 0.04 0.03 0.34 0.08 0.34 -0.11 -0.28 -0.28  Rvol: 0.57 1.00 1.41 -0.33 -0.31 -0.06 0.22 0.14 0.74 1.26 1.60 -0.28 -0.17 0.09 0.37 
Loss: 0.601380  SIA Ef: -0.098820 Binding: -0.12 -0.03 -0.08 0.04 0.03 0.34 0.08 0.35 -0.10 -0.28 -0.27  Rvol: 0.57 1.00 1.41 -0.33 -0.31 -0.06 0.22 0.14 0.74 1.26 1.60 -0.28 -0.17 0.09 0.37 
Loss: 0.605137  SIA Ef: -0.096858 Binding: -0.12 -0.04 -0.07 0.04 0.03 0.34 0.08 0.35 -0.11 -0.28 -0.28  Rvol: 0.57 1.00 1.41 -0.33 -0.31 -0.06 0.22 0.14 0.74 1.26 1.60 -0.28 -0.17 0.09 0.37 
Loss: 0.600878  SIA Ef: -0.084947 Binding: -0.12 -0.03 -0.08 0.04 0.03 0.34 0.08 0.35 -0.11 -0.28 -0.27  Rvol: 0.57 1.00 1.41 -0.33 -0.31 -0.06 0.22 0.14 0.74 1.26 1.60 -0.28 -0.17 0.09 0.37 
Loss: 0.602906  SIA Ef: -0.073283 Binding: -0.12 -0.03 -0.07 0.04 0.03 0.34 0.08 0.35 -0.11 -0.28 -0.27  Rvol: 0.57 1.00 1.42 -0.33 -0.31 -0.06 0.22 0.14 0.74 1.26 1.60 -0.28 -0.17 0.09 0.37 
Loss: 0.603138  SIA Ef: -0.087827 Binding: -0.12 -0.03 -0.08 0.04 0.03 0.34 0.08 0.35 -0.11 -0.28 -0.28  Rvol: 0.57 1.00 1.41 -0.33 -0.31 -0.06 0.22 0.14 0.74 1.26 1.60 -0.28 -0.17 0.09 0.37 
Loss: 0.601935  SIA Ef: -0.095131 Binding: -0.12 -0.03 -0.09 0.04 0.03 0.34 0.08 0.35 -0.10 -0.28 -0.27  Rvol: 0.57 1.00 1.41 -0.33 -0.31 -0.06 0.22 0.14 0.74 1.26 1.60 -0.28 -0.17 0.09 0.37 
Loss: 0.603137  SIA Ef: -0.073536 Binding: -0.12 -0.03 -0.07 0.05 0.03 0.33 0.08 0.35 -0.11 -0.28 -0.28  Rvol: 0.57 1.00 1.42 -0.33 -0.31 -0.06 0.22 0.14 0.74 1.26 1.60 -0.28 -0.17 0.09 0.37 
Loss: 0.600905  SIA Ef: -0.086185 Binding: -0.12 -0.03 -0.09 0.04 0.03 0.34 0.08 0.35 -0.10 -0.28 -0.27  Rvol: 0.57 1.00 1.41 -0.33 -0.31 -0.06 0.22 0.14 0.74 1.26 1.60 -0.28 -0.17 0.09 0.37 
Loss: 0.600729  SIA Ef: -0.080601 Binding: -0.12 -0.03 -0.08 0.04 0.03 0.34 0.08 0.35 -0.11 -0.28 -0.27  Rvol: 0.57 1.00 1.41 -0.33 -0.31 -0.06 0.22 0.14 0.74 1.26 1.60 -0.28 -0.17 0.09 0.37 
Loss: 0.600899  SIA Ef: -0.085641 Binding: -0.12 -0.03 -0.08 0.04 0.03 0.34 0.08 0.34 -0.11 -0.28 -0.28  Rvol: 0.57 1.00 1.41 -0.33 -0.31 -0.06 0.22 0.14 0.74 1.26 1.60 -0.28 -0.17 0.09 0.37 
Loss: 0.600177  SIA Ef: -0.075823 Binding: -0.12 -0.03 -0.08 0.04 0.03 0.34 0.08 0.35 -0.11 -0.28 -0.27  Rvol: 0.57 1.00 1.41 -0.33 -0.31 -0.06 0.22 0.14 0.74 1.26 1.60 -0.28 -0.17 0.09 0.37 
Loss: 0.600486  SIA Ef: -0.070098 Binding: -0.12 -0.04 -0.08 0.04 0.03 0.34 0.08 0.35 -0.11 -0.28 -0.27  Rvol: 0.57 1.01 1.42 -0.33 -0.31 -0.06 0.22 0.14 0.74 1.26 1.60 -0.28 -0.17 0.09 0.37 
Loss: 0.600818  SIA Ef: -0.082407 Binding: -0.12 -0.03 -0.10 0.04 0.04 0.34 0.08 0.35 -0.10 -0.28 -0.27  Rvol: 0.57 1.00 1.41 -0.33 -0.31 -0.06 0.22 0.14 0.74 1.26 1.60 -0.28 -0.17 0.09 0.37 
Loss: 0.599790  SIA Ef: -0.073917 Binding: -0.12 -0.03 -0.08 0.04 0.03 0.34 0.08 0.35 -0.11 -0.28 -0.27  Rvol: 0.57 1.00 1.41 -0.33 -0.31 -0.06 0.22 0.14 0.74 1.26 1.60 -0.28 -0.17 0.09 0.37 
Loss: 0.602101  SIA Ef: -0.064196 Binding: -0.12 -0.03 -0.07 0.04 0.03 0.33 0.08 0.35 -0.11 -0.28 -0.28  Rvol: 0.58 1.01 1.42 -0.33 -0.31 -0.06 0.22 0.14 0.74 1.26 1.61 -0.28 -0.17 0.09 0.37 
Loss: 0.599760  SIA Ef: -0.073702 Binding: -0.12 -0.03 -0.08 0.04 0.03 0.34 0.08 0.35 -0.11 -0.28 -0.27  Rvol: 0.57 1.00 1.41 -0.33 -0.31 -0.06 0.22 0.14 0.74 1.26 1.60 -0.28 -0.17 0.09 0.37 
Loss: 0.599833  SIA Ef: -0.076185 Binding: -0.12 -0.03 -0.08 0.04 0.03 0.34 0.08 0.35 -0.11 -0.28 -0.27  Rvol: 0.57 1.00 1.41 -0.33 -0.31 -0.06 0.22 0.14 0.74 1.26 1.60 -0.28 -0.17 0.09 0.37 
Loss: 0.599823  SIA Ef: -0.072164 Binding: -0.12 -0.03 -0.08 0.04 0.03 0.34 0.08 0.35 -0.11 -0.28 -0.27  Rvol: 0.57 1.00 1.42 -0.33 -0.31 -0.06 0.22 0.14 0.74 1.26 1.60 -0.28 -0.17 0.09 0.37 
Loss: 0.600277  SIA Ef: -0.082495 Binding: -0.12 -0.03 -0.08 0.04 0.03 0.34 0.08 0.35 -0.11 -0.28 -0.27  Rvol: 0.57 1.00 1.41 -0.33 -0.31 -0.06 0.22 0.14 0.74 1.26 1.60 -0.28 -0.17 0.09 0.37 
Loss: 0.599775  SIA Ef: -0.072752 Binding: -0.12 -0.03 -0.08 0.04 0.03 0.34 0.08 0.35 -0.11 -0.28 -0.27  Rvol: 0.57 1.00 1.42 -0.33 -0.31 -0.06 0.22 0.14 0.74 1.26 1.60 -0.28 -0.17 0.09 0.37 
Loss: 0.599968  SIA Ef: -0.077489 Binding: -0.12 -0.03 -0.09 0.04 0.03 0.34 0.08 0.35 -0.10 -0.28 -0.27  Rvol: 0.57 1.00 1.41 -0.33 -0.31 -0.06 0.22 0.14 0.74 1.26 1.60 -0.28 -0.17 0.09 0.37 
Loss: 0.599699  SIA Ef: -0.075249 Binding: -0.12 -0.03 -0.08 0.04 0.03 0.34 0.08 0.35 -0.11 -0.28 -0.27  Rvol: 0.57 1.00 1.41 -0.33 -0.31 -0.06 0.22 0.14 0.74 1.26 1.60 -0.28 -0.17 0.09 0.37 
Loss: 0.599919  SIA Ef: -0.079999 Binding: -0.12 -0.03 -0.08 0.04 0.03 0.34 0.08 0.34 -0.11 -0.28 -0.27  Rvol: 0.57 1.00 1.41 -0.33 -0.31 -0.06 0.22 0.14 0.74 1.26 1.60 -0.28 -0.17 0.09 0.37 
Loss: 0.599751  SIA Ef: -0.072212 Binding: -0.12 -0.03 -0.08 0.04 0.03 0.34 0.08 0.35 -0.11 -0.28 -0.27  Rvol: 0.57 1.00 1.42 -0.33 -0.31 -0.06 0.22 0.14 0.74 1.26 1.60 -0.28 -0.17 0.09 0.37 
Loss: 0.600003  SIA Ef: -0.073904 Binding: -0.12 -0.04 -0.08 0.04 0.03 0.34 0.08 0.34 -0.11 -0.28 -0.27  Rvol: 0.57 1.00 1.42 -0.33 -0.31 -0.06 0.22 0.14 0.74 1.26 1.60 -0.28 -0.17 0.09 0.37 
Loss: 0.599360  SIA Ef: -0.068016 Binding: -0.12 -0.03 -0.07 0.04 0.03 0.33 0.08 0.35 -0.11 -0.28 -0.27  Rvol: 0.57 1.00 1.42 -0.33 -0.31 -0.06 0.22 0.14 0.74 1.26 1.60 -0.28 -0.17 0.09 0.37 
Loss: 0.601716  SIA Ef: -0.064271 Binding: -0.12 -0.03 -0.07 0.05 0.03 0.33 0.08 0.35 -0.11 -0.28 -0.28  Rvol: 0.58 1.01 1.42 -0.33 -0.31 -0.06 0.22 0.14 0.74 1.26 1.61 -0.28 -0.17 0.09 0.37 
Loss: 0.599392  SIA Ef: -0.072908 Binding: -0.12 -0.03 -0.07 0.04 0.03 0.34 0.08 0.35 -0.11 -0.28 -0.27  Rvol: 0.57 1.00 1.41 -0.33 -0.31 -0.06 0.22 0.14 0.74 1.26 1.60 -0.28 -0.17 0.09 0.37 
Loss: 0.601711  SIA Ef: -0.067326 Binding: -0.12 -0.03 -0.07 0.04 0.03 0.33 0.08 0.35 -0.11 -0.28 -0.28  Rvol: 0.57 1.00 1.42 -0.33 -0.31 -0.06 0.22 0.14 0.74 1.26 1.61 -0.28 -0.17 0.09 0.37 
Loss: 0.599411  SIA Ef: -0.067972 Binding: -0.12 -0.03 -0.07 0.04 0.03 0.33 0.08 0.35 -0.11 -0.28 -0.27  Rvol: 0.57 1.00 1.42 -0.33 -0.31 -0.06 0.22 0.14 0.74 1.26 1.60 -0.28 -0.17 0.09 0.37 
Loss: 0.601836  SIA Ef: -0.067542 Binding: -0.12 -0.03 -0.07 0.04 0.03 0.33 0.08 0.35 -0.11 -0.28 -0.28  Rvol: 0.57 1.00 1.42 -0.33 -0.31 -0.06 0.22 0.14 0.74 1.26 1.61 -0.28 -0.17 0.09 0.37 
Loss: 0.599223  SIA Ef: -0.070315 Binding: -0.12 -0.03 -0.08 0.04 0.03 0.34 0.08 0.35 -0.11 -0.28 -0.27  Rvol: 0.57 1.00 1.42 -0.33 -0.31 -0.06 0.22 0.14 0.74 1.26 1.60 -0.28 -0.17 0.09 0.37 
Loss: 0.599206  SIA Ef: -0.071532 Binding: -0.12 -0.03 -0.08 0.04 0.03 0.34 0.08 0.35 -0.11 -0.28 -0.27  Rvol: 0.57 1.00 1.42 -0.33 -0.31 -0.06 0.22 0.14 0.74 1.26 1.60 -0.28 -0.17 0.09 0.37 
Loss: 0.598980  SIA Ef: -0.073890 Binding: -0.12 -0.03 -0.08 0.04 0.03 0.34 0.08 0.34 -0.11 -0.28 -0.27  Rvol: 0.57 1.00 1.41 -0.33 -0.31 -0.06 0.22 0.14 0.74 1.26 1.60 -0.28 -0.17 0.09 0.37 
Loss: 0.598970  SIA Ef: -0.074212 Binding: -0.12 -0.03 -0.08 0.04 0.03 0.34 0.08 0.34 -0.11 -0.28 -0.27  Rvol: 0.57 1.00 1.41 -0.33 -0.31 -0.06 0.22 0.14 0.74 1.26 1.60 -0.28 -0.17 0.09 0.37 
Loss: 0.599076  SIA Ef: -0.075115 Binding: -0.12 -0.03 -0.08 0.04 0.03 0.34 0.08 0.34 -0.11 -0.28 -0.27  Rvol: 0.57 1.00 1.41 -0.33 -0.31 -0.06 0.22 0.14 0.74 1.26 1.60 -0.28 -0.17 0.09 0.37 
Loss: 0.599137  SIA Ef: -0.075180 Binding: -0.12 -0.03 -0.08 0.04 0.03 0.34 0.08 0.34 -0.11 -0.28 -0.27  Rvol: 0.57 1.00 1.41 -0.33 -0.31 -0.06 0.22 0.14 0.74 1.26 1.60 -0.28 -0.17 0.09 0.37 
Loss: 0.599230  SIA Ef: -0.072912 Binding: -0.12 -0.03 -0.08 0.04 0.03 0.34 0.08 0.34 -0.11 -0.28 -0.27  Rvol: 0.57 1.00 1.41 -0.33 -0.31 -0.06 0.22 0.14 0.74 1.26 1.60 -0.28 -0.17 0.09 0.37 
Loss: 0.599214  SIA Ef: -0.073851 Binding: -0.12 -0.03 -0.08 0.04 0.03 0.34 0.08 0.34 -0.11 -0.28 -0.27  Rvol: 0.57 1.00 1.41 -0.33 -0.31 -0.06 0.22 0.14 0.74 1.26 1.60 -0.28 -0.17 0.09 0.37 
Loss: 0.599039  SIA Ef: -0.078381 Binding: -0.12 -0.03 -0.08 0.04 0.03 0.34 0.08 0.34 -0.11 -0.28 -0.27  Rvol: 0.57 1.00 1.41 -0.33 -0.31 -0.06 0.22 0.14 0.74 1.26 1.60 -0.28 -0.17 0.09 0.37 
Loss: 0.598959  SIA Ef: -0.075595 Binding: -0.12 -0.03 -0.08 0.04 0.03 0.34 0.08 0.34 -0.11 -0.28 -0.27  Rvol: 0.57 1.00 1.41 -0.33 -0.31 -0.06 0.22 0.14 0.74 1.26 1.60 -0.28 -0.17 0.09 0.37 
Loss: 0.598933  SIA Ef: -0.075087 Binding: -0.12 -0.03 -0.08 0.04 0.03 0.34 0.08 0.34 -0.11 -0.28 -0.27  Rvol: 0.57 1.00 1.41 -0.33 -0.31 -0.06 0.22 0.14 0.74 1.26 1.60 -0.28 -0.17 0.09 0.37 
Loss: 0.598889  SIA Ef: -0.074671 Binding: -0.12 -0.03 -0.08 0.04 0.03 0.34 0.08 0.34 -0.11 -0.28 -0.27  Rvol: 0.57 1.00 1.41 -0.33 -0.31 -0.06 0.22 0.14 0.74 1.26 1.60 -0.28 -0.17 0.09 0.37 
Loss: 0.598855  SIA Ef: -0.074009 Binding: -0.12 -0.03 -0.08 0.04 0.03 0.34 0.08 0.34 -0.11 -0.28 -0.27  Rvol: 0.57 1.00 1.41 -0.33 -0.31 -0.06 0.22 0.14 0.74 1.26 1.60 -0.28 -0.17 0.09 0.37 
Loss: 0.598846  SIA Ef: -0.074520 Binding: -0.12 -0.03 -0.08 0.04 0.03 0.34 0.08 0.34 -0.11 -0.28 -0.27  Rvol: 0.57 1.00 1.41 -0.33 -0.31 -0.06 0.22 0.14 0.74 1.26 1.60 -0.28 -0.17 0.09 0.37 
Loss: 0.598791  SIA Ef: -0.073017 Binding: -0.12 -0.03 -0.08 0.04 0.03 0.34 0.08 0.34 -0.11 -0.28 -0.27  Rvol: 0.57 1.00 1.41 -0.33 -0.31 -0.06 0.22 0.14 0.74 1.26 1.60 -0.28 -0.17 0.09 0.37 
Loss: 0.598818  SIA Ef: -0.072629 Binding: -0.12 -0.03 -0.08 0.04 0.03 0.34 0.08 0.34 -0.11 -0.28 -0.27  Rvol: 0.57 1.00 1.41 -0.33 -0.31 -0.06 0.22 0.14 0.74 1.26 1.60 -0.28 -0.17 0.09 0.37 
Loss: 0.598811  SIA Ef: -0.074788 Binding: -0.12 -0.03 -0.08 0.04 0.03 0.34 0.08 0.34 -0.11 -0.28 -0.27  Rvol: 0.57 1.00 1.41 -0.33 -0.31 -0.06 0.22 0.14 0.74 1.26 1.60 -0.28 -0.17 0.09 0.37 
Loss: 0.598719  SIA Ef: -0.072516 Binding: -0.12 -0.03 -0.08 0.04 0.03 0.34 0.08 0.34 -0.11 -0.28 -0.27  Rvol: 0.57 1.00 1.41 -0.33 -0.31 -0.06 0.22 0.14 0.74 1.26 1.60 -0.28 -0.17 0.09 0.37 
Loss: 0.598832  SIA Ef: -0.070955 Binding: -0.12 -0.03 -0.07 0.04 0.03 0.34 0.08 0.35 -0.11 -0.28 -0.27  Rvol: 0.57 1.00 1.42 -0.33 -0.31 -0.06 0.22 0.14 0.74 1.26 1.60 -0.28 -0.17 0.09 0.37 
Loss: 0.598988  SIA Ef: -0.072680 Binding: -0.12 -0.03 -0.08 0.04 0.03 0.34 0.08 0.34 -0.11 -0.28 -0.27  Rvol: 0.57 1.00 1.41 -0.33 -0.31 -0.06 0.22 0.14 0.74 1.26 1.60 -0.28 -0.17 0.09 0.37 
Loss: 0.598674  SIA Ef: -0.071703 Binding: -0.12 -0.03 -0.08 0.04 0.03 0.34 0.08 0.34 -0.11 -0.28 -0.27  Rvol: 0.57 1.00 1.41 -0.33 -0.31 -0.06 0.22 0.14 0.74 1.26 1.60 -0.28 -0.17 0.09 0.37 
Loss: 0.598659  SIA Ef: -0.072404 Binding: -0.12 -0.03 -0.08 0.04 0.03 0.34 0.08 0.34 -0.11 -0.28 -0.27  Rvol: 0.57 1.00 1.41 -0.33 -0.31 -0.06 0.22 0.14 0.74 1.26 1.60 -0.28 -0.17 0.09 0.37 
Loss: 0.598763  SIA Ef: -0.071038 Binding: -0.12 -0.03 -0.08 0.04 0.03 0.34 0.08 0.35 -0.11 -0.28 -0.27  Rvol: 0.57 1.00 1.41 -0.33 -0.31 -0.06 0.22 0.14 0.74 1.26 1.60 -0.28 -0.17 0.09 0.37 
Loss: 0.598657  SIA Ef: -0.071833 Binding: -0.12 -0.03 -0.08 0.04 0.03 0.34 0.08 0.34 -0.11 -0.28 -0.27  Rvol: 0.57 1.00 1.41 -0.33 -0.31 -0.06 0.22 0.14 0.74 1.26 1.60 -0.28 -0.17 0.09 0.37 
Loss: 0.598940  SIA Ef: -0.071499 Binding: -0.12 -0.03 -0.07 0.04 0.03 0.34 0.08 0.35 -0.11 -0.28 -0.27  Rvol: 0.57 1.00 1.41 -0.33 -0.31 -0.06 0.22 0.14 0.74 1.26 1.60 -0.28 -0.17 0.09 0.37 
Loss: 0.598650  SIA Ef: -0.071692 Binding: -0.12 -0.03 -0.08 0.04 0.03 0.34 0.08 0.34 -0.11 -0.28 -0.27  Rvol: 0.57 1.00 1.41 -0.33 -0.31 -0.06 0.22 0.14 0.74 1.26 1.60 -0.28 -0.17 0.09 0.37 
Loss: 0.598667  SIA Ef: -0.072178 Binding: -0.12 -0.03 -0.08 0.04 0.03 0.34 0.08 0.35 -0.11 -0.28 -0.27  Rvol: 0.57 1.00 1.41 -0.33 -0.31 -0.06 0.22 0.14 0.74 1.26 1.60 -0.28 -0.17 0.09 0.37 
Loss: 0.598650  SIA Ef: -0.071139 Binding: -0.12 -0.03 -0.08 0.04 0.03 0.34 0.08 0.34 -0.11 -0.28 -0.27  Rvol: 0.57 1.00 1.41 -0.33 -0.31 -0.06 0.22 0.14 0.74 1.26 1.60 -0.28 -0.17 0.09 0.37 
Loss: 0.598711  SIA Ef: -0.071098 Binding: -0.12 -0.03 -0.08 0.04 0.03 0.34 0.08 0.34 -0.11 -0.28 -0.27  Rvol: 0.57 1.00 1.41 -0.33 -0.31 -0.06 0.22 0.14 0.74 1.26 1.60 -0.28 -0.17 0.09 0.37 
Loss: 0.598658  SIA Ef: -0.071706 Binding: -0.12 -0.03 -0.08 0.04 0.03 0.34 0.08 0.34 -0.11 -0.28 -0.27  Rvol: 0.57 1.00 1.41 -0.33 -0.31 -0.06 0.22 0.14 0.74 1.26 1.60 -0.28 -0.17 0.09 0.37 
Loss: 0.598657  SIA Ef: -0.071450 Binding: -0.12 -0.03 -0.08 0.04 0.03 0.34 0.08 0.34 -0.11 -0.28 -0.27  Rvol: 0.57 1.00 1.41 -0.33 -0.31 -0.06 0.22 0.14 0.74 1.26 1.60 -0.28 -0.17 0.09 0.37 
Loss: 0.598673  SIA Ef: -0.071548 Binding: -0.12 -0.03 -0.08 0.04 0.03 0.34 0.08 0.34 -0.11 -0.28 -0.27  Rvol: 0.57 1.00 1.41 -0.33 -0.31 -0.06 0.22 0.14 0.74 1.26 1.60 -0.28 -0.17 0.09 0.37 
Loss: 0.598624  SIA Ef: -0.070872 Binding: -0.12 -0.03 -0.08 0.04 0.03 0.34 0.08 0.34 -0.11 -0.28 -0.27  Rvol: 0.57 1.00 1.41 -0.33 -0.31 -0.06 0.22 0.14 0.74 1.26 1.60 -0.28 -0.17 0.09 0.37 
Loss: 0.598832  SIA Ef: -0.070174 Binding: -0.12 -0.03 -0.08 0.04 0.03 0.34 0.08 0.35 -0.11 -0.28 -0.27  Rvol: 0.57 1.00 1.42 -0.33 -0.31 -0.06 0.22 0.14 0.74 1.26 1.60 -0.28 -0.17 0.09 0.37 
Loss: 0.598626  SIA Ef: -0.070777 Binding: -0.12 -0.03 -0.08 0.04 0.03 0.34 0.08 0.34 -0.11 -0.28 -0.27  Rvol: 0.57 1.00 1.41 -0.33 -0.31 -0.06 0.22 0.14 0.74 1.26 1.60 -0.28 -0.17 0.09 0.37 
Loss: 0.598637  SIA Ef: -0.070890 Binding: -0.12 -0.03 -0.08 0.04 0.03 0.34 0.08 0.34 -0.11 -0.28 -0.27  Rvol: 0.57 1.00 1.41 -0.33 -0.31 -0.06 0.22 0.14 0.74 1.26 1.60 -0.28 -0.17 0.09 0.37 
Loss: 0.598616  SIA Ef: -0.070616 Binding: -0.12 -0.03 -0.08 0.04 0.03 0.34 0.08 0.35 -0.11 -0.28 -0.27  Rvol: 0.57 1.00 1.42 -0.33 -0.31 -0.06 0.22 0.14 0.74 1.26 1.60 -0.28 -0.17 0.09 0.37 
Loss: 0.598631  SIA Ef: -0.070073 Binding: -0.12 -0.03 -0.08 0.04 0.03 0.34 0.08 0.34 -0.11 -0.28 -0.27  Rvol: 0.57 1.00 1.42 -0.33 -0.31 -0.06 0.22 0.14 0.74 1.26 1.60 -0.28 -0.17 0.09 0.37 
Loss: 0.598620  SIA Ef: -0.070685 Binding: -0.12 -0.03 -0.08 0.04 0.03 0.34 0.08 0.35 -0.11 -0.28 -0.27  Rvol: 0.57 1.00 1.42 -0.33 -0.31 -0.06 0.22 0.14 0.74 1.26 1.60 -0.28 -0.17 0.09 0.37 
Loss: 0.598655  SIA Ef: -0.070381 Binding: -0.12 -0.03 -0.08 0.04 0.03 0.34 0.08 0.34 -0.11 -0.28 -0.27  Rvol: 0.57 1.00 1.42 -0.33 -0.31 -0.06 0.22 0.14 0.74 1.26 1.60 -0.28 -0.17 0.09 0.37 
