Start Optimization 
Loss: 2.782874  SIA Ef: 0.431731 Binding: 0.20 0.28 -0.58 0.58 0.89 0.37 0.04 0.03 0.47 -0.60 -0.02  Rvol: 0.50 1.09 1.27 -0.33 -0.13 0.19 0.46 0.14 0.77 1.38 1.48 -0.28 0.00 0.37 0.67 
Loss: 2.880650  SIA Ef: 0.491537 Binding: 0.21 0.29 -0.57 0.59 0.90 0.37 0.04 0.03 0.47 -0.60 -0.02  Rvol: 0.50 1.10 1.27 -0.33 -0.13 0.20 0.46 0.14 0.77 1.38 1.49 -0.28 0.00 0.37 0.68 
Loss: 72.766513  SIA Ef: 5.112867 Binding: 1.37 2.70 3.89 3.03 2.82 0.45 -0.46 0.78 -0.68 -0.76 0.09  Rvol: 0.70 1.45 2.17 -0.33 0.17 0.67 1.09 0.14 1.00 1.79 2.40 -0.28 0.30 0.83 1.34 
Loss: 65.897919  SIA Ef: 0.763532 Binding: -0.04 1.58 -5.37 2.46 1.96 0.83 0.91 0.80 4.41 0.46 0.51  Rvol: 0.54 1.10 1.85 -0.33 0.03 0.56 1.10 0.14 0.80 1.44 1.93 -0.28 0.18 0.69 1.24 
Loss: 242.097089  SIA Ef: 12.770396 Binding: 2.10 1.27 7.37 2.55 1.28 0.72 -0.86 -0.08 -1.03 -1.21 -0.87  Rvol: 1.27 2.07 2.94 -0.33 -0.12 0.17 0.70 0.14 1.38 2.59 3.51 -0.28 0.07 0.44 0.95 
Loss: 3.132324  SIA Ef: 0.431731 Binding: 0.20 0.28 -0.58 0.58 0.89 0.18 -0.25 0.31 0.40 -0.83 0.21  Rvol: 0.50 1.09 1.27 -0.33 -0.13 0.19 0.46 0.14 0.71 1.23 1.44 -0.28 0.06 0.35 0.73 
Loss: 9.848717  SIA Ef: 0.431731 Binding: 0.20 0.28 -0.58 0.58 0.89 0.01 -1.07 -1.59 -0.17 -1.21 -1.62  Rvol: 0.50 1.09 1.27 -0.33 -0.13 0.19 0.46 0.14 0.76 1.30 1.44 -0.28 -0.05 0.28 0.51 
Loss: 3.034299  SIA Ef: 0.431731 Binding: 0.20 0.28 -0.58 0.58 0.89 0.50 0.29 0.35 0.58 -0.34 0.27  Rvol: 0.50 1.09 1.27 -0.33 -0.13 0.19 0.46 0.14 0.77 1.38 1.47 -0.28 -0.01 0.36 0.64 
Loss: 6.039616  SIA Ef: 0.431731 Binding: -0.19 0.05 -0.58 -0.26 -0.16 0.37 0.77 1.91 0.47 -0.44 0.34  Rvol: 0.50 1.04 1.50 -0.33 -0.13 0.20 0.56 0.14 0.77 1.37 1.84 -0.28 0.00 0.37 0.78 
Loss: 4.651818  SIA Ef: 0.431731 Binding: 0.24 0.20 -0.58 0.57 0.69 0.37 -1.46 -0.24 0.47 -0.62 -0.20  Rvol: 0.50 1.06 1.22 -0.33 -0.13 0.19 0.44 0.14 0.77 1.10 1.44 -0.28 0.00 0.37 0.65 
Loss: 3.565570  SIA Ef: 0.431731 Binding: 0.23 0.42 -0.58 0.62 1.06 0.37 -0.54 0.14 0.47 -0.57 0.00  Rvol: 0.50 1.11 1.29 -0.33 -0.13 0.19 0.46 0.14 0.77 1.22 1.50 -0.28 0.00 0.37 0.68 
Loss: 266.545779  SIA Ef: -15.078312 Binding: -0.12 -0.44 -4.46 1.00 0.01 0.09 0.03 0.20 3.39 -0.12 1.19  Rvol: -0.10 -0.23 -0.56 -0.33 -0.33 -0.70 -0.53 0.14 0.31 -0.13 -0.61 -0.28 -0.27 -0.54 -0.25 
Loss: 85.577080  SIA Ef: -7.012678 Binding: 0.27 0.16 -4.04 1.99 0.31 0.49 -0.49 -0.30 3.50 -0.91 1.27  Rvol: 0.14 0.74 0.41 -0.33 -0.17 -0.19 -0.07 0.14 0.50 0.85 0.37 -0.28 -0.13 -0.05 0.16 
Loss: 6.549822  SIA Ef: 1.077452 Binding: 0.51 0.60 0.30 1.08 1.32 0.38 -0.82 0.08 0.09 -0.64 -0.09  Rvol: 0.51 1.14 1.33 -0.33 -0.06 0.31 0.58 0.14 0.83 1.18 1.58 -0.28 0.03 0.48 0.83 
Loss: 2.773553  SIA Ef: 0.424553 Binding: 0.20 0.27 -0.58 0.57 0.89 0.37 0.05 0.03 0.48 -0.60 -0.02  Rvol: 0.50 1.09 1.26 -0.33 -0.13 0.19 0.46 0.14 0.77 1.38 1.48 -0.28 0.00 0.37 0.67 
Loss: 24.167078  SIA Ef: 0.213426 Binding: 0.16 0.26 -3.16 1.94 0.12 0.53 0.25 0.02 2.62 -1.25 1.06  Rvol: 0.44 1.12 1.22 -0.33 -0.11 0.28 0.48 0.14 0.73 1.34 1.31 -0.28 0.04 0.38 0.74 
Loss: 2.755239  SIA Ef: 0.427030 Binding: 0.20 0.27 -0.58 0.57 0.89 0.44 0.13 0.15 0.51 -0.47 0.06  Rvol: 0.50 1.09 1.26 -0.33 -0.13 0.19 0.46 0.14 0.77 1.39 1.47 -0.28 -0.01 0.36 0.64 
Loss: 20.729209  SIA Ef: 3.519053 Binding: -0.01 0.30 2.08 0.99 0.46 0.24 -0.55 0.87 -0.55 -0.60 -0.03  Rvol: 0.69 1.26 1.77 -0.33 -0.15 0.18 0.57 0.14 0.93 1.48 2.12 -0.28 0.01 0.40 0.81 
Loss: 3.257820  SIA Ef: 0.350710 Binding: 0.21 0.27 -0.61 0.57 0.89 0.52 0.33 0.44 0.64 -0.30 0.40  Rvol: 0.50 1.09 1.26 -0.33 -0.13 0.19 0.45 0.14 0.76 1.37 1.47 -0.28 -0.00 0.36 0.66 
Loss: 9.517173  SIA Ef: -2.488995 Binding: 0.38 0.25 -0.75 0.58 0.99 0.46 -0.41 -0.09 0.68 -0.52 0.02  Rvol: 0.37 0.93 0.94 -0.33 -0.16 0.10 0.27 0.14 0.68 1.17 1.09 -0.28 -0.08 0.26 0.40 
Loss: 2.752423  SIA Ef: 0.426804 Binding: 0.20 0.27 -0.58 0.57 0.89 0.42 0.11 0.11 0.50 -0.50 0.01  Rvol: 0.50 1.09 1.26 -0.33 -0.13 0.19 0.46 0.14 0.77 1.39 1.47 -0.28 -0.01 0.36 0.64 
Loss: 32.276567  SIA Ef: -1.051836 Binding: 0.14 0.22 -3.73 2.03 0.23 0.59 0.33 -0.04 3.11 -0.95 1.31  Rvol: 0.38 1.06 1.08 -0.33 -0.13 0.19 0.40 0.14 0.69 1.23 1.11 -0.28 0.02 0.30 0.65 
Loss: 3.964340  SIA Ef: 0.496239 Binding: 0.36 0.52 -0.49 0.74 1.14 0.42 -0.51 0.07 0.46 -0.51 -0.02  Rvol: 0.50 1.10 1.27 -0.33 -0.13 0.20 0.47 0.14 0.77 1.29 1.47 -0.28 -0.01 0.37 0.66 
Loss: 5.301436  SIA Ef: 0.886687 Binding: 0.46 0.48 0.29 1.01 1.21 0.42 -0.71 0.15 0.13 -0.54 -0.07  Rvol: 0.51 1.13 1.31 -0.33 -0.06 0.30 0.57 0.14 0.83 1.27 1.55 -0.28 0.02 0.47 0.78 
Loss: 2.960778  SIA Ef: 0.468411 Binding: 0.21 0.33 -0.55 0.59 0.95 0.42 0.22 0.19 0.47 -0.49 0.04  Rvol: 0.50 1.10 1.28 -0.33 -0.13 0.19 0.46 0.14 0.77 1.40 1.49 -0.28 -0.01 0.36 0.65 
Loss: 18.395020  SIA Ef: 2.918601 Binding: 0.03 0.29 2.37 1.07 0.48 0.22 -0.63 0.84 -0.59 -0.68 -0.13  Rvol: 0.68 1.24 1.72 -0.33 -0.16 0.16 0.53 0.14 0.91 1.42 2.07 -0.28 -0.00 0.38 0.76 
Loss: 2.717813  SIA Ef: 0.384984 Binding: 0.21 0.26 -0.58 0.57 0.87 0.42 0.24 0.09 0.50 -0.50 0.01  Rvol: 0.50 1.09 1.26 -0.33 -0.13 0.19 0.45 0.14 0.76 1.40 1.46 -0.28 -0.01 0.36 0.63 
Loss: 8.870724  SIA Ef: -2.442840 Binding: 0.37 0.23 -0.62 0.59 0.95 0.44 -0.32 -0.13 0.58 -0.56 -0.05  Rvol: 0.38 0.93 0.95 -0.33 -0.16 0.10 0.27 0.14 0.69 1.18 1.11 -0.28 -0.07 0.27 0.41 
Loss: 2.926211  SIA Ef: 0.496007 Binding: 0.30 0.28 -0.30 0.72 0.97 0.43 -0.07 0.08 0.39 -0.52 -0.02  Rvol: 0.50 1.11 1.26 -0.33 -0.10 0.23 0.50 0.14 0.79 1.41 1.47 -0.28 0.00 0.40 0.68 
Loss: 4.902276  SIA Ef: 1.001754 Binding: 0.41 0.62 0.19 0.94 1.21 0.41 -0.20 0.21 0.11 -0.51 -0.06  Rvol: 0.52 1.12 1.33 -0.33 -0.10 0.25 0.52 0.14 0.82 1.41 1.58 -0.28 0.01 0.42 0.75 
Loss: 5.997908  SIA Ef: 1.673330 Binding: -0.12 0.47 0.89 0.76 0.63 0.31 -0.30 0.38 -0.30 -0.58 -0.16  Rvol: 0.58 1.05 1.46 -0.33 -0.15 0.19 0.49 0.14 0.85 1.36 1.76 -0.28 0.01 0.38 0.72 
Loss: 8.109721  SIA Ef: 0.267631 Binding: 0.17 0.16 -1.87 0.49 0.98 0.50 0.35 0.04 1.49 -0.37 0.50  Rvol: 0.47 1.11 1.22 -0.33 -0.13 0.20 0.46 0.14 0.74 1.34 1.36 -0.28 0.01 0.34 0.67 
Loss: 2.882969  SIA Ef: -0.379965 Binding: 0.25 0.23 -0.69 0.56 0.89 0.43 0.18 0.02 0.59 -0.51 0.01  Rvol: 0.46 1.04 1.17 -0.33 -0.14 0.17 0.40 0.14 0.74 1.34 1.36 -0.28 -0.02 0.33 0.57 
Loss: 2.716664  SIA Ef: 0.383838 Binding: 0.21 0.26 -0.58 0.57 0.87 0.42 0.25 0.09 0.50 -0.50 0.01  Rvol: 0.50 1.09 1.26 -0.33 -0.13 0.19 0.45 0.14 0.76 1.40 1.46 -0.28 -0.01 0.36 0.63 
Loss: 2.928372  SIA Ef: 0.459040 Binding: 0.26 0.34 -0.43 0.65 0.96 0.42 0.25 0.10 0.42 -0.51 -0.00  Rvol: 0.50 1.09 1.26 -0.33 -0.13 0.20 0.47 0.14 0.77 1.40 1.48 -0.28 -0.01 0.37 0.65 
Loss: 2.744775  SIA Ef: 0.383762 Binding: 0.21 0.26 -0.58 0.57 0.87 0.44 0.29 0.12 0.51 -0.47 0.04  Rvol: 0.50 1.09 1.26 -0.33 -0.13 0.19 0.45 0.14 0.76 1.40 1.46 -0.28 -0.02 0.36 0.64 
Loss: 2.890422  SIA Ef: 0.309543 Binding: 0.21 0.25 -0.62 0.57 0.88 0.46 0.33 0.24 0.58 -0.43 0.20  Rvol: 0.49 1.08 1.25 -0.33 -0.13 0.19 0.45 0.14 0.76 1.38 1.45 -0.28 -0.00 0.36 0.65 
Loss: 2.729632  SIA Ef: 0.382740 Binding: 0.20 0.26 -0.58 0.57 0.87 0.42 0.27 0.09 0.50 -0.51 -0.00  Rvol: 0.50 1.09 1.26 -0.33 -0.13 0.19 0.45 0.14 0.76 1.40 1.46 -0.28 -0.01 0.36 0.63 
Loss: 3.034499  SIA Ef: 0.340424 Binding: 0.28 0.36 -0.59 0.64 0.99 0.42 -0.08 0.05 0.51 -0.51 -0.02  Rvol: 0.50 1.09 1.25 -0.33 -0.13 0.19 0.45 0.14 0.76 1.38 1.45 -0.28 -0.01 0.36 0.63 
Loss: 2.713367  SIA Ef: 0.370812 Binding: 0.21 0.24 -0.60 0.56 0.86 0.43 0.28 0.08 0.51 -0.50 0.00  Rvol: 0.50 1.09 1.25 -0.33 -0.13 0.19 0.45 0.14 0.76 1.40 1.46 -0.28 -0.01 0.36 0.63 
Loss: 5.103493  SIA Ef: -0.024685 Binding: 0.22 0.18 -1.37 0.50 0.95 0.47 0.30 0.00 1.09 -0.44 0.28  Rvol: 0.47 1.07 1.19 -0.33 -0.13 0.18 0.44 0.14 0.74 1.35 1.35 -0.28 -0.01 0.34 0.62 
Loss: 2.673810  SIA Ef: 0.363348 Binding: 0.18 0.24 -0.64 0.53 0.83 0.42 0.29 0.08 0.52 -0.50 0.00  Rvol: 0.50 1.08 1.26 -0.33 -0.14 0.18 0.44 0.14 0.76 1.39 1.46 -0.28 -0.01 0.35 0.62 
Loss: 2.602339  SIA Ef: 0.878165 Binding: 0.11 0.28 0.12 0.62 0.71 0.37 0.16 0.19 0.02 -0.55 -0.15  Rvol: 0.54 1.10 1.34 -0.33 -0.15 0.18 0.45 0.14 0.80 1.44 1.59 -0.28 -0.01 0.36 0.66 
Loss: 2.590057  SIA Ef: 0.873565 Binding: 0.09 0.26 0.08 0.60 0.69 0.36 0.29 0.17 0.03 -0.57 -0.18  Rvol: 0.54 1.10 1.34 -0.33 -0.15 0.18 0.46 0.14 0.80 1.43 1.58 -0.28 -0.01 0.36 0.66 
Loss: 3.076083  SIA Ef: 1.194881 Binding: -0.01 0.16 0.06 0.51 0.54 0.34 0.44 0.17 0.01 -0.58 -0.22  Rvol: 0.55 1.12 1.38 -0.33 -0.15 0.17 0.47 0.14 0.80 1.48 1.63 -0.28 -0.01 0.36 0.68 
Loss: 2.005008  SIA Ef: 0.518586 Binding: 0.11 0.24 0.05 0.59 0.68 0.36 0.25 0.13 0.05 -0.58 -0.20  Rvol: 0.52 1.08 1.30 -0.33 -0.15 0.16 0.43 0.14 0.78 1.41 1.54 -0.28 -0.02 0.35 0.64 
Loss: 1.710526  SIA Ef: 0.179983 Binding: 0.14 0.23 0.04 0.59 0.69 0.36 0.14 0.08 0.06 -0.59 -0.22  Rvol: 0.51 1.06 1.26 -0.33 -0.16 0.15 0.41 0.14 0.77 1.38 1.50 -0.28 -0.03 0.33 0.61 
Loss: 1.575151  SIA Ef: 0.001352 Binding: 0.12 0.17 -0.01 0.55 0.64 0.36 0.27 0.07 0.08 -0.59 -0.21  Rvol: 0.50 1.05 1.24 -0.33 -0.16 0.15 0.40 0.14 0.77 1.38 1.47 -0.28 -0.03 0.32 0.60 
Loss: 1.555331  SIA Ef: -0.216195 Binding: 0.11 0.14 -0.05 0.52 0.62 0.36 0.22 0.02 0.09 -0.62 -0.25  Rvol: 0.49 1.04 1.22 -0.33 -0.16 0.14 0.38 0.14 0.76 1.37 1.44 -0.28 -0.04 0.31 0.58 
Loss: 1.495763  SIA Ef: -0.200230 Binding: 0.10 0.13 -0.07 0.50 0.60 0.36 0.23 0.03 0.10 -0.61 -0.25  Rvol: 0.49 1.04 1.22 -0.33 -0.16 0.13 0.38 0.14 0.76 1.37 1.45 -0.28 -0.04 0.31 0.58 
Loss: 1.511288  SIA Ef: -0.229269 Binding: 0.09 0.14 0.16 0.54 0.57 0.34 0.16 0.05 -0.03 -0.62 -0.28  Rvol: 0.49 1.03 1.22 -0.33 -0.17 0.13 0.37 0.14 0.76 1.36 1.46 -0.28 -0.04 0.31 0.57 
Loss: 1.483173  SIA Ef: -0.098527 Binding: 0.09 0.13 -0.03 0.51 0.59 0.35 0.24 0.01 0.06 -0.62 -0.28  Rvol: 0.50 1.05 1.23 -0.33 -0.16 0.14 0.39 0.14 0.76 1.38 1.46 -0.28 -0.04 0.31 0.59 
Loss: 1.551322  SIA Ef: 0.197529 Binding: 0.03 0.12 0.20 0.52 0.52 0.33 0.32 0.08 -0.07 -0.63 -0.29  Rvol: 0.51 1.05 1.27 -0.33 -0.17 0.14 0.39 0.14 0.78 1.39 1.52 -0.28 -0.03 0.32 0.60 
Loss: 1.496694  SIA Ef: -0.098234 Binding: 0.09 0.13 -0.04 0.50 0.59 0.34 0.23 -0.01 0.06 -0.64 -0.30  Rvol: 0.50 1.05 1.23 -0.33 -0.16 0.14 0.39 0.14 0.76 1.38 1.46 -0.28 -0.04 0.31 0.59 
Loss: 1.432264  SIA Ef: -0.128623 Binding: 0.07 0.11 -0.14 0.46 0.56 0.35 0.29 0.01 0.11 -0.61 -0.27  Rvol: 0.50 1.04 1.23 -0.33 -0.17 0.13 0.38 0.14 0.76 1.37 1.46 -0.28 -0.04 0.30 0.57 
Loss: 1.426035  SIA Ef: -0.129684 Binding: 0.07 0.11 -0.14 0.46 0.56 0.35 0.29 0.01 0.12 -0.61 -0.26  Rvol: 0.50 1.04 1.23 -0.33 -0.17 0.13 0.38 0.14 0.76 1.37 1.45 -0.28 -0.04 0.30 0.57 
Loss: 1.453077  SIA Ef: -0.191750 Binding: 0.07 0.09 -0.22 0.44 0.55 0.36 0.31 -0.01 0.16 -0.60 -0.26  Rvol: 0.49 1.04 1.22 -0.33 -0.17 0.12 0.37 0.14 0.75 1.36 1.44 -0.28 -0.04 0.30 0.57 
Loss: 1.449175  SIA Ef: -0.207122 Binding: 0.06 0.09 -0.21 0.44 0.55 0.36 0.32 0.01 0.15 -0.60 -0.24  Rvol: 0.49 1.04 1.22 -0.33 -0.17 0.12 0.37 0.14 0.75 1.36 1.44 -0.28 -0.04 0.30 0.57 
Loss: 1.503866  SIA Ef: -0.189081 Binding: 0.07 0.10 -0.31 0.43 0.57 0.36 0.28 -0.02 0.20 -0.60 -0.25  Rvol: 0.49 1.04 1.22 -0.33 -0.17 0.12 0.37 0.14 0.75 1.36 1.44 -0.28 -0.04 0.30 0.57 
Loss: 1.410106  SIA Ef: -0.144850 Binding: 0.06 0.12 -0.03 0.48 0.55 0.35 0.28 0.02 0.05 -0.61 -0.29  Rvol: 0.50 1.04 1.23 -0.33 -0.17 0.12 0.37 0.14 0.76 1.37 1.46 -0.28 -0.04 0.30 0.57 
Loss: 1.415690  SIA Ef: -0.108879 Binding: 0.07 0.13 -0.03 0.49 0.56 0.35 0.28 0.03 0.05 -0.61 -0.28  Rvol: 0.50 1.04 1.23 -0.33 -0.17 0.12 0.38 0.14 0.76 1.37 1.46 -0.28 -0.04 0.30 0.57 
Loss: 1.393034  SIA Ef: 0.024005 Binding: 0.03 0.13 0.10 0.49 0.52 0.34 0.31 0.06 -0.02 -0.61 -0.29  Rvol: 0.51 1.05 1.25 -0.33 -0.17 0.12 0.38 0.14 0.77 1.38 1.49 -0.28 -0.04 0.30 0.58 
Loss: 1.390267  SIA Ef: 0.022098 Binding: 0.03 0.13 0.11 0.49 0.52 0.34 0.31 0.07 -0.02 -0.60 -0.28  Rvol: 0.51 1.05 1.25 -0.33 -0.17 0.12 0.38 0.14 0.77 1.38 1.49 -0.28 -0.04 0.30 0.58 
Loss: 1.453550  SIA Ef: 0.085940 Binding: 0.02 0.15 0.21 0.52 0.52 0.33 0.27 0.08 -0.08 -0.61 -0.29  Rvol: 0.51 1.04 1.27 -0.33 -0.18 0.12 0.37 0.14 0.77 1.39 1.51 -0.28 -0.04 0.30 0.58 
Loss: 1.370759  SIA Ef: -0.026979 Binding: 0.03 0.13 0.08 0.49 0.52 0.35 0.32 0.08 -0.00 -0.60 -0.26  Rvol: 0.51 1.04 1.25 -0.33 -0.18 0.12 0.37 0.14 0.76 1.37 1.49 -0.28 -0.04 0.30 0.58 
Loss: 1.381294  SIA Ef: -0.044910 Binding: 0.04 0.13 0.13 0.51 0.53 0.35 0.28 0.10 -0.02 -0.60 -0.25  Rvol: 0.50 1.04 1.25 -0.33 -0.17 0.12 0.37 0.14 0.77 1.37 1.48 -0.28 -0.04 0.30 0.58 
Loss: 1.374913  SIA Ef: -0.019566 Binding: 0.03 0.13 0.08 0.49 0.52 0.35 0.32 0.08 -0.01 -0.60 -0.26  Rvol: 0.51 1.04 1.25 -0.33 -0.18 0.12 0.37 0.14 0.76 1.38 1.49 -0.28 -0.04 0.30 0.58 
Loss: 1.317747  SIA Ef: -0.059189 Binding: 0.02 0.11 0.02 0.46 0.50 0.35 0.34 0.08 0.02 -0.59 -0.25  Rvol: 0.50 1.04 1.24 -0.33 -0.18 0.12 0.37 0.14 0.76 1.37 1.48 -0.28 -0.04 0.30 0.57 
Loss: 1.275883  SIA Ef: -0.137163 Binding: 0.01 0.08 -0.05 0.43 0.48 0.36 0.37 0.08 0.06 -0.57 -0.23  Rvol: 0.50 1.04 1.24 -0.33 -0.18 0.11 0.36 0.14 0.76 1.37 1.47 -0.28 -0.04 0.29 0.56 
Loss: 1.277738  SIA Ef: -0.144868 Binding: 0.01 0.08 -0.05 0.43 0.47 0.36 0.38 0.09 0.06 -0.57 -0.23  Rvol: 0.50 1.04 1.24 -0.33 -0.18 0.11 0.36 0.14 0.76 1.37 1.47 -0.28 -0.05 0.29 0.56 
Loss: 1.291014  SIA Ef: -0.127378 Binding: 0.01 0.07 -0.10 0.42 0.48 0.37 0.39 0.08 0.09 -0.57 -0.22  Rvol: 0.50 1.04 1.24 -0.33 -0.18 0.11 0.37 0.14 0.76 1.37 1.46 -0.28 -0.04 0.29 0.56 
Loss: 1.255791  SIA Ef: -0.195140 Binding: 0.00 0.06 -0.06 0.42 0.46 0.37 0.39 0.10 0.06 -0.56 -0.22  Rvol: 0.50 1.04 1.23 -0.33 -0.18 0.11 0.36 0.14 0.75 1.37 1.46 -0.28 -0.05 0.29 0.55 
Loss: 1.247870  SIA Ef: -0.210827 Binding: -0.00 0.04 -0.19 0.38 0.45 0.38 0.39 0.10 0.14 -0.55 -0.19  Rvol: 0.50 1.03 1.23 -0.33 -0.18 0.11 0.36 0.14 0.75 1.37 1.45 -0.28 -0.05 0.28 0.55 
Loss: 1.247225  SIA Ef: -0.249322 Binding: -0.01 0.04 -0.17 0.38 0.44 0.37 0.38 0.09 0.13 -0.56 -0.20  Rvol: 0.50 1.03 1.22 -0.33 -0.18 0.10 0.35 0.14 0.75 1.37 1.45 -0.28 -0.05 0.28 0.55 
Loss: 1.246922  SIA Ef: -0.254653 Binding: 0.00 0.03 -0.16 0.39 0.45 0.38 0.38 0.11 0.13 -0.55 -0.18  Rvol: 0.49 1.03 1.22 -0.33 -0.18 0.11 0.35 0.14 0.75 1.37 1.45 -0.28 -0.05 0.29 0.55 
Loss: 1.295067  SIA Ef: -0.282530 Binding: 0.01 0.04 -0.17 0.39 0.46 0.39 0.41 0.11 0.14 -0.54 -0.17  Rvol: 0.49 1.03 1.22 -0.33 -0.18 0.11 0.35 0.14 0.75 1.36 1.44 -0.28 -0.05 0.29 0.55 
Loss: 1.407134  SIA Ef: -0.408414 Binding: 0.02 0.02 -0.29 0.37 0.47 0.39 0.36 0.07 0.20 -0.55 -0.16  Rvol: 0.49 1.03 1.20 -0.33 -0.18 0.10 0.35 0.14 0.74 1.35 1.42 -0.28 -0.04 0.28 0.53 
Loss: 1.260462  SIA Ef: -0.251671 Binding: 0.00 0.03 -0.16 0.39 0.44 0.38 0.40 0.11 0.13 -0.55 -0.18  Rvol: 0.49 1.03 1.22 -0.33 -0.18 0.11 0.35 0.14 0.75 1.37 1.45 -0.28 -0.05 0.29 0.55 
Loss: 1.201243  SIA Ef: -0.086040 Binding: -0.03 0.03 -0.05 0.39 0.41 0.37 0.44 0.13 0.06 -0.55 -0.20  Rvol: 0.50 1.04 1.24 -0.33 -0.18 0.11 0.36 0.14 0.76 1.37 1.48 -0.28 -0.05 0.29 0.56 
Loss: 1.182905  SIA Ef: -0.014151 Binding: -0.05 0.03 0.03 0.40 0.39 0.37 0.44 0.17 0.02 -0.55 -0.18  Rvol: 0.51 1.04 1.26 -0.33 -0.18 0.11 0.36 0.14 0.76 1.39 1.49 -0.28 -0.04 0.29 0.56 
Loss: 1.214861  SIA Ef: -0.008593 Binding: -0.05 0.04 0.03 0.40 0.40 0.37 0.47 0.17 0.02 -0.55 -0.18  Rvol: 0.51 1.04 1.26 -0.33 -0.18 0.11 0.36 0.14 0.76 1.39 1.49 -0.28 -0.04 0.29 0.56 
Loss: 1.264300  SIA Ef: 0.077470 Binding: -0.05 0.06 0.10 0.42 0.40 0.36 0.47 0.19 -0.02 -0.55 -0.19  Rvol: 0.51 1.04 1.27 -0.33 -0.18 0.11 0.36 0.14 0.76 1.39 1.51 -0.28 -0.04 0.29 0.57 
Loss: 1.198532  SIA Ef: 0.021926 Binding: -0.04 0.04 0.03 0.41 0.40 0.36 0.43 0.16 0.02 -0.55 -0.19  Rvol: 0.51 1.04 1.26 -0.33 -0.18 0.11 0.37 0.14 0.76 1.40 1.50 -0.28 -0.04 0.29 0.57 
Loss: 1.168666  SIA Ef: -0.046439 Binding: -0.06 0.01 -0.00 0.38 0.37 0.36 0.46 0.16 0.03 -0.56 -0.19  Rvol: 0.51 1.04 1.25 -0.33 -0.19 0.10 0.36 0.14 0.76 1.39 1.49 -0.28 -0.05 0.29 0.56 
Loss: 1.169888  SIA Ef: -0.056308 Binding: -0.07 -0.00 -0.07 0.36 0.36 0.37 0.48 0.16 0.07 -0.55 -0.17  Rvol: 0.51 1.04 1.25 -0.33 -0.19 0.10 0.36 0.14 0.76 1.38 1.48 -0.28 -0.04 0.29 0.56 
Loss: 1.179057  SIA Ef: -0.044366 Binding: -0.07 0.00 0.04 0.38 0.35 0.37 0.49 0.18 0.01 -0.54 -0.18  Rvol: 0.51 1.03 1.26 -0.33 -0.19 0.10 0.36 0.14 0.76 1.39 1.49 -0.28 -0.05 0.29 0.56 
Loss: 1.162872  SIA Ef: -0.084763 Binding: -0.06 0.01 0.01 0.38 0.36 0.36 0.45 0.16 0.02 -0.56 -0.20  Rvol: 0.51 1.03 1.25 -0.33 -0.19 0.10 0.36 0.14 0.76 1.39 1.48 -0.28 -0.05 0.29 0.56 
Loss: 1.167799  SIA Ef: -0.060472 Binding: -0.07 -0.01 0.03 0.38 0.35 0.36 0.47 0.15 0.01 -0.56 -0.20  Rvol: 0.51 1.03 1.25 -0.33 -0.19 0.10 0.36 0.14 0.76 1.39 1.49 -0.28 -0.05 0.29 0.56 
Loss: 1.163169  SIA Ef: -0.087987 Binding: -0.06 0.01 0.02 0.38 0.36 0.37 0.45 0.17 0.02 -0.56 -0.19  Rvol: 0.51 1.04 1.25 -0.33 -0.19 0.10 0.36 0.14 0.76 1.39 1.48 -0.28 -0.05 0.29 0.56 
Loss: 1.215542  SIA Ef: -0.264337 Binding: -0.04 0.00 -0.09 0.37 0.39 0.37 0.44 0.14 0.09 -0.55 -0.17  Rvol: 0.50 1.03 1.23 -0.33 -0.19 0.10 0.35 0.14 0.75 1.37 1.45 -0.28 -0.05 0.28 0.55 
Loss: 1.164068  SIA Ef: -0.066151 Binding: -0.07 0.01 0.04 0.38 0.36 0.36 0.45 0.17 0.00 -0.56 -0.20  Rvol: 0.51 1.03 1.25 -0.33 -0.19 0.10 0.36 0.14 0.76 1.39 1.49 -0.28 -0.05 0.29 0.56 
Loss: 1.180312  SIA Ef: 0.032103 Binding: -0.09 0.00 0.07 0.38 0.34 0.35 0.46 0.15 -0.02 -0.58 -0.22  Rvol: 0.51 1.03 1.26 -0.33 -0.19 0.10 0.36 0.14 0.76 1.40 1.50 -0.28 -0.04 0.29 0.56 
Loss: 1.158327  SIA Ef: -0.072635 Binding: -0.07 0.00 0.04 0.38 0.35 0.36 0.45 0.16 0.01 -0.56 -0.20  Rvol: 0.51 1.03 1.25 -0.33 -0.19 0.10 0.36 0.14 0.76 1.39 1.49 -0.28 -0.05 0.29 0.56 
Loss: 1.152763  SIA Ef: -0.097606 Binding: -0.07 0.00 0.02 0.38 0.35 0.36 0.45 0.15 0.02 -0.56 -0.20  Rvol: 0.51 1.03 1.25 -0.33 -0.19 0.10 0.35 0.14 0.76 1.39 1.48 -0.28 -0.05 0.28 0.55 
Loss: 1.158486  SIA Ef: -0.068815 Binding: -0.06 0.01 0.04 0.39 0.36 0.36 0.44 0.15 0.01 -0.56 -0.20  Rvol: 0.51 1.03 1.25 -0.33 -0.19 0.10 0.36 0.14 0.76 1.39 1.49 -0.28 -0.05 0.29 0.56 
Loss: 1.154208  SIA Ef: -0.088599 Binding: -0.07 0.00 0.04 0.38 0.35 0.36 0.46 0.16 0.01 -0.56 -0.20  Rvol: 0.51 1.03 1.25 -0.33 -0.19 0.10 0.35 0.14 0.76 1.39 1.48 -0.28 -0.05 0.28 0.55 
Loss: 1.162437  SIA Ef: -0.199129 Binding: -0.06 -0.00 -0.02 0.37 0.36 0.36 0.44 0.14 0.04 -0.56 -0.20  Rvol: 0.50 1.03 1.24 -0.33 -0.19 0.10 0.35 0.14 0.75 1.38 1.47 -0.28 -0.05 0.28 0.55 
Loss: 1.151731  SIA Ef: -0.095536 Binding: -0.07 0.00 0.02 0.38 0.36 0.36 0.45 0.15 0.02 -0.56 -0.20  Rvol: 0.51 1.03 1.25 -0.33 -0.19 0.10 0.36 0.14 0.76 1.39 1.48 -0.28 -0.05 0.28 0.55 
Loss: 1.149099  SIA Ef: -0.050305 Binding: -0.08 -0.00 0.04 0.37 0.34 0.35 0.45 0.15 -0.00 -0.57 -0.21  Rvol: 0.51 1.03 1.25 -0.33 -0.19 0.10 0.36 0.14 0.76 1.39 1.49 -0.28 -0.05 0.28 0.56 
Loss: 1.159487  SIA Ef: -0.041587 Binding: -0.08 0.01 0.07 0.38 0.34 0.35 0.45 0.15 -0.02 -0.57 -0.22  Rvol: 0.51 1.03 1.26 -0.33 -0.19 0.10 0.36 0.14 0.76 1.39 1.49 -0.28 -0.05 0.29 0.56 
Loss: 1.143986  SIA Ef: -0.027403 Binding: -0.08 -0.00 -0.01 0.36 0.34 0.36 0.46 0.15 0.02 -0.56 -0.20  Rvol: 0.51 1.04 1.26 -0.33 -0.19 0.10 0.36 0.14 0.76 1.39 1.49 -0.28 -0.05 0.29 0.56 
Loss: 1.146430  SIA Ef: -0.037315 Binding: -0.08 -0.01 -0.03 0.36 0.34 0.36 0.46 0.15 0.03 -0.56 -0.20  Rvol: 0.51 1.04 1.25 -0.33 -0.19 0.10 0.36 0.14 0.76 1.39 1.49 -0.28 -0.05 0.29 0.56 
Loss: 1.146903  SIA Ef: -0.032218 Binding: -0.08 -0.00 -0.03 0.36 0.34 0.36 0.47 0.15 0.03 -0.56 -0.21  Rvol: 0.51 1.04 1.26 -0.33 -0.19 0.10 0.36 0.14 0.76 1.39 1.49 -0.28 -0.05 0.28 0.56 
Loss: 1.144701  SIA Ef: -0.037067 Binding: -0.08 -0.00 -0.02 0.36 0.34 0.36 0.46 0.15 0.03 -0.56 -0.20  Rvol: 0.51 1.04 1.25 -0.33 -0.19 0.10 0.36 0.14 0.76 1.39 1.49 -0.28 -0.05 0.29 0.56 
Loss: 1.139143  SIA Ef: -0.020533 Binding: -0.09 -0.01 -0.02 0.35 0.33 0.36 0.47 0.16 0.03 -0.55 -0.19  Rvol: 0.51 1.04 1.26 -0.33 -0.19 0.10 0.36 0.14 0.76 1.39 1.49 -0.28 -0.05 0.28 0.56 
Loss: 1.136470  SIA Ef: -0.098738 Binding: -0.09 -0.02 -0.08 0.34 0.33 0.37 0.47 0.15 0.07 -0.55 -0.19  Rvol: 0.51 1.04 1.25 -0.33 -0.19 0.10 0.35 0.14 0.75 1.38 1.48 -0.28 -0.05 0.28 0.55 
Loss: 1.131157  SIA Ef: -0.097384 Binding: -0.08 -0.02 -0.08 0.34 0.34 0.37 0.46 0.15 0.07 -0.55 -0.19  Rvol: 0.51 1.04 1.25 -0.33 -0.19 0.10 0.35 0.14 0.75 1.38 1.48 -0.28 -0.05 0.28 0.55 
Loss: 1.128772  SIA Ef: -0.055516 Binding: -0.08 -0.02 -0.09 0.34 0.34 0.37 0.46 0.15 0.07 -0.55 -0.19  Rvol: 0.51 1.04 1.25 -0.33 -0.19 0.10 0.36 0.14 0.76 1.38 1.48 -0.28 -0.05 0.28 0.55 
Loss: 1.128827  SIA Ef: -0.050174 Binding: -0.09 -0.02 -0.08 0.34 0.33 0.37 0.47 0.15 0.06 -0.55 -0.19  Rvol: 0.51 1.04 1.25 -0.33 -0.19 0.10 0.36 0.14 0.76 1.38 1.48 -0.28 -0.05 0.28 0.55 
Loss: 1.117745  SIA Ef: -0.039030 Binding: -0.08 -0.02 -0.09 0.34 0.34 0.37 0.46 0.15 0.07 -0.55 -0.19  Rvol: 0.51 1.04 1.25 -0.33 -0.19 0.10 0.36 0.14 0.76 1.39 1.48 -0.28 -0.05 0.28 0.55 
Loss: 1.117957  SIA Ef: -0.039106 Binding: -0.08 -0.02 -0.12 0.34 0.34 0.37 0.45 0.14 0.08 -0.55 -0.19  Rvol: 0.51 1.04 1.25 -0.33 -0.19 0.10 0.36 0.14 0.76 1.38 1.48 -0.28 -0.05 0.28 0.55 
Loss: 1.124794  SIA Ef: -0.054219 Binding: -0.08 -0.02 -0.11 0.34 0.34 0.37 0.46 0.15 0.08 -0.54 -0.18  Rvol: 0.51 1.04 1.25 -0.33 -0.19 0.10 0.36 0.14 0.76 1.38 1.48 -0.28 -0.05 0.28 0.55 
Loss: 1.104013  SIA Ef: -0.035530 Binding: -0.09 -0.01 -0.03 0.35 0.33 0.36 0.44 0.16 0.04 -0.55 -0.20  Rvol: 0.51 1.04 1.25 -0.33 -0.19 0.10 0.36 0.14 0.76 1.39 1.49 -0.28 -0.05 0.28 0.55 
Loss: 1.101866  SIA Ef: -0.019953 Binding: -0.09 -0.01 -0.04 0.35 0.32 0.36 0.44 0.15 0.03 -0.56 -0.20  Rvol: 0.51 1.04 1.26 -0.33 -0.19 0.10 0.35 0.14 0.76 1.39 1.49 -0.28 -0.05 0.28 0.55 
Loss: 1.102357  SIA Ef: -0.028359 Binding: -0.09 -0.01 -0.05 0.34 0.33 0.36 0.44 0.15 0.04 -0.55 -0.20  Rvol: 0.51 1.04 1.26 -0.33 -0.19 0.10 0.35 0.14 0.76 1.39 1.49 -0.28 -0.05 0.28 0.55 
Loss: 1.106676  SIA Ef: 0.001345 Binding: -0.09 -0.01 0.01 0.36 0.32 0.36 0.44 0.15 0.01 -0.56 -0.21  Rvol: 0.51 1.03 1.26 -0.33 -0.19 0.10 0.35 0.14 0.76 1.39 1.50 -0.28 -0.05 0.28 0.55 
Loss: 1.110425  SIA Ef: 0.018269 Binding: -0.09 -0.01 -0.01 0.35 0.33 0.36 0.44 0.16 0.02 -0.56 -0.21  Rvol: 0.51 1.04 1.26 -0.33 -0.19 0.10 0.36 0.14 0.76 1.40 1.50 -0.28 -0.05 0.28 0.56 
Loss: 1.096910  SIA Ef: 0.000982 Binding: -0.10 -0.02 -0.02 0.34 0.31 0.36 0.46 0.17 0.02 -0.55 -0.20  Rvol: 0.51 1.03 1.26 -0.33 -0.19 0.10 0.35 0.14 0.76 1.39 1.50 -0.28 -0.05 0.28 0.55 
Loss: 1.088477  SIA Ef: -0.029957 Binding: -0.10 -0.02 -0.04 0.34 0.31 0.36 0.44 0.15 0.03 -0.56 -0.20  Rvol: 0.51 1.04 1.26 -0.33 -0.19 0.09 0.35 0.14 0.76 1.39 1.49 -0.28 -0.05 0.28 0.55 
Loss: 1.086037  SIA Ef: -0.092550 Binding: -0.10 -0.02 -0.05 0.33 0.31 0.36 0.43 0.15 0.04 -0.56 -0.21  Rvol: 0.51 1.03 1.25 -0.33 -0.19 0.09 0.35 0.14 0.75 1.38 1.48 -0.28 -0.05 0.28 0.55 
Loss: 1.086858  SIA Ef: -0.086739 Binding: -0.10 -0.03 -0.05 0.33 0.31 0.36 0.44 0.14 0.03 -0.57 -0.21  Rvol: 0.51 1.03 1.25 -0.33 -0.19 0.09 0.35 0.14 0.75 1.38 1.48 -0.28 -0.05 0.28 0.55 
Loss: 1.089620  SIA Ef: -0.161743 Binding: -0.09 -0.03 -0.07 0.33 0.31 0.36 0.43 0.14 0.05 -0.56 -0.20  Rvol: 0.50 1.03 1.24 -0.33 -0.19 0.09 0.34 0.14 0.75 1.38 1.47 -0.28 -0.05 0.27 0.54 
Loss: 1.088914  SIA Ef: -0.092565 Binding: -0.10 -0.02 -0.04 0.34 0.31 0.36 0.44 0.15 0.03 -0.56 -0.21  Rvol: 0.51 1.03 1.25 -0.33 -0.19 0.09 0.35 0.14 0.75 1.38 1.48 -0.28 -0.05 0.28 0.55 
Loss: 1.103446  SIA Ef: -0.125069 Binding: -0.10 -0.03 -0.13 0.32 0.32 0.36 0.44 0.13 0.08 -0.56 -0.20  Rvol: 0.51 1.03 1.24 -0.33 -0.19 0.09 0.35 0.14 0.75 1.37 1.47 -0.28 -0.05 0.28 0.54 
Loss: 1.083752  SIA Ef: -0.081435 Binding: -0.10 -0.02 -0.05 0.33 0.31 0.36 0.43 0.14 0.03 -0.57 -0.21  Rvol: 0.51 1.03 1.25 -0.33 -0.19 0.09 0.35 0.14 0.75 1.39 1.48 -0.28 -0.05 0.28 0.55 
Loss: 1.081132  SIA Ef: -0.078960 Binding: -0.10 -0.02 -0.01 0.34 0.31 0.35 0.42 0.14 0.01 -0.57 -0.22  Rvol: 0.51 1.03 1.25 -0.33 -0.19 0.09 0.35 0.14 0.76 1.39 1.49 -0.28 -0.05 0.28 0.55 
Loss: 1.083324  SIA Ef: -0.068404 Binding: -0.10 -0.02 0.01 0.35 0.31 0.35 0.42 0.14 0.00 -0.57 -0.22  Rvol: 0.51 1.03 1.25 -0.33 -0.19 0.09 0.35 0.14 0.76 1.39 1.49 -0.28 -0.05 0.28 0.55 
Loss: 1.127463  SIA Ef: -0.031285 Binding: -0.10 -0.01 0.05 0.36 0.31 0.35 0.45 0.15 -0.02 -0.57 -0.22  Rvol: 0.51 1.03 1.26 -0.33 -0.19 0.09 0.35 0.14 0.76 1.38 1.50 -0.28 -0.05 0.28 0.55 
Loss: 1.085687  SIA Ef: -0.096315 Binding: -0.09 -0.01 -0.02 0.35 0.32 0.35 0.41 0.14 0.02 -0.57 -0.22  Rvol: 0.51 1.03 1.25 -0.33 -0.19 0.09 0.35 0.14 0.76 1.39 1.48 -0.28 -0.05 0.28 0.55 
Loss: 1.085528  SIA Ef: -0.097383 Binding: -0.10 -0.02 -0.02 0.34 0.31 0.35 0.42 0.13 0.01 -0.57 -0.23  Rvol: 0.51 1.03 1.25 -0.33 -0.19 0.09 0.35 0.14 0.75 1.39 1.48 -0.28 -0.05 0.28 0.54 
Loss: 1.081206  SIA Ef: -0.078664 Binding: -0.10 -0.02 -0.01 0.34 0.31 0.35 0.43 0.15 0.01 -0.57 -0.22  Rvol: 0.51 1.03 1.25 -0.33 -0.19 0.09 0.35 0.14 0.76 1.39 1.49 -0.28 -0.05 0.28 0.55 
Loss: 1.083192  SIA Ef: -0.063068 Binding: -0.10 -0.02 -0.00 0.35 0.31 0.35 0.42 0.14 0.01 -0.57 -0.22  Rvol: 0.51 1.03 1.25 -0.33 -0.19 0.09 0.35 0.14 0.76 1.39 1.49 -0.28 -0.05 0.28 0.55 
Loss: 1.080032  SIA Ef: -0.107448 Binding: -0.10 -0.02 -0.05 0.34 0.31 0.36 0.42 0.14 0.03 -0.57 -0.22  Rvol: 0.51 1.03 1.25 -0.33 -0.19 0.09 0.35 0.14 0.75 1.38 1.48 -0.28 -0.05 0.28 0.54 
Loss: 1.081711  SIA Ef: -0.121533 Binding: -0.10 -0.02 -0.05 0.34 0.31 0.36 0.42 0.14 0.03 -0.57 -0.22  Rvol: 0.51 1.03 1.25 -0.33 -0.19 0.09 0.34 0.14 0.75 1.38 1.48 -0.28 -0.05 0.28 0.54 
Loss: 1.081725  SIA Ef: -0.107873 Binding: -0.09 -0.02 -0.04 0.34 0.31 0.36 0.43 0.15 0.03 -0.56 -0.21  Rvol: 0.51 1.03 1.25 -0.33 -0.19 0.09 0.35 0.14 0.75 1.38 1.48 -0.28 -0.05 0.28 0.54 
Loss: 1.081354  SIA Ef: -0.110403 Binding: -0.10 -0.02 -0.05 0.33 0.31 0.36 0.42 0.14 0.03 -0.57 -0.22  Rvol: 0.51 1.03 1.25 -0.33 -0.19 0.09 0.35 0.14 0.75 1.38 1.48 -0.28 -0.05 0.28 0.54 
Loss: 1.073666  SIA Ef: -0.098796 Binding: -0.10 -0.02 -0.04 0.33 0.31 0.36 0.42 0.14 0.03 -0.56 -0.21  Rvol: 0.51 1.03 1.25 -0.33 -0.19 0.09 0.35 0.14 0.75 1.39 1.48 -0.28 -0.05 0.28 0.54 
Loss: 1.070511  SIA Ef: -0.100421 Binding: -0.10 -0.03 -0.05 0.33 0.30 0.36 0.43 0.14 0.03 -0.56 -0.21  Rvol: 0.51 1.03 1.25 -0.33 -0.19 0.09 0.35 0.14 0.75 1.38 1.48 -0.28 -0.05 0.28 0.54 
Loss: 1.070281  SIA Ef: -0.097767 Binding: -0.10 -0.03 -0.07 0.32 0.30 0.36 0.43 0.14 0.04 -0.56 -0.21  Rvol: 0.51 1.03 1.25 -0.33 -0.19 0.09 0.35 0.14 0.75 1.38 1.48 -0.28 -0.05 0.28 0.54 
Loss: 1.072488  SIA Ef: -0.106301 Binding: -0.10 -0.03 -0.08 0.32 0.30 0.36 0.43 0.14 0.05 -0.56 -0.21  Rvol: 0.51 1.03 1.25 -0.33 -0.19 0.09 0.35 0.14 0.75 1.38 1.48 -0.28 -0.05 0.28 0.54 
Loss: 1.063614  SIA Ef: -0.087590 Binding: -0.11 -0.03 -0.06 0.33 0.30 0.36 0.43 0.15 0.03 -0.56 -0.21  Rvol: 0.51 1.03 1.25 -0.33 -0.19 0.09 0.35 0.14 0.75 1.38 1.48 -0.28 -0.05 0.27 0.54 
Loss: 1.058925  SIA Ef: -0.053957 Binding: -0.11 -0.03 -0.04 0.33 0.29 0.36 0.43 0.15 0.02 -0.56 -0.21  Rvol: 0.51 1.03 1.26 -0.33 -0.20 0.09 0.35 0.14 0.76 1.39 1.49 -0.28 -0.05 0.28 0.54 
Loss: 1.054610  SIA Ef: -0.069006 Binding: -0.11 -0.03 -0.02 0.33 0.29 0.36 0.43 0.15 0.02 -0.56 -0.21  Rvol: 0.51 1.03 1.25 -0.33 -0.20 0.09 0.34 0.14 0.75 1.39 1.49 -0.28 -0.05 0.27 0.54 
Loss: 1.053891  SIA Ef: -0.064127 Binding: -0.11 -0.03 -0.01 0.33 0.28 0.36 0.43 0.16 0.01 -0.56 -0.20  Rvol: 0.51 1.03 1.26 -0.33 -0.20 0.09 0.34 0.14 0.76 1.39 1.49 -0.28 -0.05 0.27 0.54 
Loss: 1.053108  SIA Ef: -0.063315 Binding: -0.11 -0.03 -0.01 0.33 0.29 0.36 0.43 0.16 0.01 -0.56 -0.21  Rvol: 0.51 1.03 1.26 -0.33 -0.20 0.09 0.34 0.14 0.76 1.39 1.49 -0.28 -0.05 0.27 0.54 
Loss: 1.063007  SIA Ef: -0.032581 Binding: -0.12 -0.02 0.03 0.34 0.28 0.35 0.43 0.17 -0.01 -0.56 -0.21  Rvol: 0.51 1.03 1.26 -0.33 -0.20 0.09 0.34 0.14 0.76 1.39 1.50 -0.28 -0.05 0.28 0.54 
Loss: 1.053249  SIA Ef: -0.064519 Binding: -0.11 -0.03 -0.01 0.33 0.28 0.36 0.43 0.16 0.01 -0.56 -0.21  Rvol: 0.51 1.03 1.26 -0.33 -0.20 0.09 0.34 0.14 0.76 1.39 1.49 -0.28 -0.05 0.27 0.54 
Loss: 1.049095  SIA Ef: -0.085163 Binding: -0.11 -0.03 -0.04 0.32 0.29 0.36 0.43 0.16 0.02 -0.56 -0.20  Rvol: 0.51 1.03 1.25 -0.33 -0.20 0.09 0.34 0.14 0.75 1.38 1.48 -0.28 -0.05 0.27 0.54 
Loss: 1.044021  SIA Ef: -0.079106 Binding: -0.12 -0.03 -0.03 0.32 0.28 0.36 0.42 0.16 0.02 -0.56 -0.21  Rvol: 0.51 1.03 1.25 -0.33 -0.20 0.09 0.34 0.14 0.75 1.39 1.49 -0.28 -0.05 0.27 0.54 
Loss: 1.040381  SIA Ef: -0.059185 Binding: -0.12 -0.03 -0.02 0.32 0.27 0.35 0.42 0.16 0.01 -0.56 -0.21  Rvol: 0.51 1.03 1.26 -0.33 -0.20 0.08 0.34 0.14 0.75 1.39 1.49 -0.28 -0.05 0.27 0.54 
Loss: 1.038211  SIA Ef: -0.050623 Binding: -0.12 -0.03 -0.01 0.32 0.27 0.35 0.42 0.16 0.00 -0.56 -0.21  Rvol: 0.51 1.03 1.26 -0.33 -0.20 0.08 0.34 0.14 0.76 1.39 1.49 -0.28 -0.05 0.27 0.54 
Loss: 1.033698  SIA Ef: -0.056802 Binding: -0.12 -0.03 -0.02 0.32 0.28 0.35 0.42 0.16 0.01 -0.56 -0.21  Rvol: 0.51 1.03 1.26 -0.33 -0.20 0.08 0.34 0.14 0.75 1.39 1.49 -0.28 -0.05 0.27 0.54 
Loss: 1.026165  SIA Ef: -0.066024 Binding: -0.12 -0.03 -0.03 0.32 0.27 0.36 0.41 0.16 0.01 -0.56 -0.21  Rvol: 0.51 1.03 1.26 -0.33 -0.20 0.08 0.34 0.14 0.75 1.38 1.49 -0.28 -0.05 0.27 0.54 
Loss: 1.020472  SIA Ef: -0.074035 Binding: -0.12 -0.04 -0.04 0.31 0.27 0.36 0.41 0.16 0.02 -0.56 -0.20  Rvol: 0.51 1.03 1.26 -0.33 -0.20 0.08 0.34 0.14 0.75 1.38 1.49 -0.28 -0.05 0.27 0.54 
Loss: 1.015034  SIA Ef: -0.084081 Binding: -0.12 -0.04 -0.05 0.31 0.27 0.36 0.41 0.16 0.02 -0.56 -0.20  Rvol: 0.51 1.03 1.25 -0.33 -0.20 0.08 0.34 0.14 0.75 1.38 1.49 -0.28 -0.05 0.27 0.54 
Loss: 1.009794  SIA Ef: -0.087437 Binding: -0.13 -0.04 -0.05 0.31 0.27 0.36 0.40 0.16 0.02 -0.56 -0.20  Rvol: 0.51 1.03 1.25 -0.33 -0.20 0.08 0.34 0.14 0.75 1.38 1.49 -0.28 -0.05 0.27 0.54 
Loss: 1.004426  SIA Ef: -0.077006 Binding: -0.13 -0.04 -0.05 0.30 0.26 0.36 0.41 0.16 0.02 -0.56 -0.20  Rvol: 0.51 1.03 1.26 -0.33 -0.20 0.08 0.34 0.14 0.75 1.38 1.49 -0.28 -0.05 0.27 0.53 
Loss: 1.000096  SIA Ef: -0.061460 Binding: -0.13 -0.04 -0.04 0.31 0.26 0.35 0.40 0.17 0.01 -0.56 -0.20  Rvol: 0.51 1.03 1.26 -0.33 -0.20 0.08 0.34 0.14 0.75 1.38 1.49 -0.28 -0.05 0.27 0.54 
Loss: 0.997743  SIA Ef: -0.035485 Binding: -0.13 -0.04 -0.05 0.30 0.26 0.36 0.40 0.17 0.02 -0.56 -0.20  Rvol: 0.51 1.03 1.26 -0.33 -0.20 0.08 0.34 0.14 0.75 1.38 1.49 -0.28 -0.05 0.27 0.54 
Loss: 0.999786  SIA Ef: -0.062097 Binding: -0.13 -0.04 -0.08 0.30 0.26 0.36 0.40 0.16 0.04 -0.55 -0.19  Rvol: 0.51 1.03 1.26 -0.33 -0.20 0.08 0.34 0.14 0.75 1.38 1.49 -0.28 -0.05 0.27 0.54 
Loss: 0.996243  SIA Ef: -0.033607 Binding: -0.14 -0.04 -0.04 0.31 0.26 0.36 0.40 0.17 0.01 -0.56 -0.19  Rvol: 0.51 1.03 1.26 -0.33 -0.20 0.08 0.34 0.14 0.75 1.38 1.49 -0.28 -0.05 0.27 0.54 
Loss: 0.999234  SIA Ef: -0.034336 Binding: -0.14 -0.04 -0.04 0.30 0.25 0.36 0.41 0.17 0.01 -0.55 -0.20  Rvol: 0.51 1.03 1.26 -0.33 -0.20 0.08 0.34 0.14 0.75 1.38 1.49 -0.28 -0.05 0.27 0.54 
Loss: 0.996799  SIA Ef: -0.032161 Binding: -0.13 -0.04 -0.04 0.31 0.26 0.36 0.40 0.17 0.01 -0.56 -0.19  Rvol: 0.51 1.03 1.26 -0.33 -0.20 0.08 0.34 0.14 0.75 1.38 1.49 -0.28 -0.05 0.27 0.54 
Loss: 0.997533  SIA Ef: -0.014124 Binding: -0.14 -0.04 -0.01 0.31 0.25 0.35 0.40 0.18 0.00 -0.56 -0.19  Rvol: 0.52 1.03 1.26 -0.33 -0.20 0.08 0.34 0.14 0.76 1.38 1.50 -0.28 -0.05 0.27 0.54 
Loss: 0.995587  SIA Ef: -0.047983 Binding: -0.13 -0.04 -0.05 0.31 0.26 0.36 0.40 0.17 0.02 -0.56 -0.19  Rvol: 0.51 1.03 1.26 -0.33 -0.20 0.08 0.34 0.14 0.75 1.38 1.49 -0.28 -0.05 0.27 0.54 
Loss: 0.994181  SIA Ef: -0.048450 Binding: -0.13 -0.04 -0.04 0.31 0.25 0.35 0.40 0.17 0.01 -0.56 -0.20  Rvol: 0.51 1.03 1.26 -0.33 -0.20 0.08 0.34 0.14 0.75 1.38 1.49 -0.28 -0.05 0.27 0.54 
Loss: 0.994318  SIA Ef: -0.039380 Binding: -0.14 -0.04 -0.03 0.30 0.25 0.35 0.40 0.17 0.01 -0.56 -0.20  Rvol: 0.51 1.03 1.26 -0.33 -0.20 0.08 0.34 0.14 0.75 1.38 1.49 -0.28 -0.05 0.27 0.54 
Loss: 1.003323  SIA Ef: -0.028746 Binding: -0.13 -0.04 -0.02 0.31 0.26 0.35 0.40 0.17 0.00 -0.56 -0.20  Rvol: 0.51 1.03 1.26 -0.33 -0.20 0.08 0.34 0.14 0.75 1.38 1.49 -0.28 -0.05 0.27 0.54 
Loss: 0.993515  SIA Ef: -0.046318 Binding: -0.14 -0.04 -0.04 0.30 0.25 0.36 0.40 0.17 0.02 -0.56 -0.19  Rvol: 0.51 1.03 1.26 -0.33 -0.20 0.08 0.34 0.14 0.75 1.38 1.49 -0.28 -0.05 0.27 0.54 
Loss: 0.992063  SIA Ef: -0.061670 Binding: -0.13 -0.04 -0.06 0.30 0.25 0.36 0.40 0.17 0.02 -0.56 -0.19  Rvol: 0.51 1.03 1.26 -0.33 -0.20 0.08 0.34 0.14 0.75 1.38 1.49 -0.28 -0.05 0.27 0.54 
Loss: 0.992620  SIA Ef: -0.077031 Binding: -0.13 -0.04 -0.06 0.30 0.25 0.36 0.40 0.17 0.02 -0.56 -0.19  Rvol: 0.51 1.03 1.26 -0.33 -0.20 0.08 0.34 0.14 0.75 1.38 1.49 -0.28 -0.05 0.27 0.53 
Loss: 0.992594  SIA Ef: -0.066986 Binding: -0.13 -0.04 -0.07 0.30 0.26 0.36 0.40 0.17 0.03 -0.56 -0.19  Rvol: 0.51 1.03 1.26 -0.33 -0.20 0.08 0.34 0.14 0.75 1.38 1.49 -0.28 -0.05 0.27 0.53 
Loss: 0.993819  SIA Ef: -0.069586 Binding: -0.14 -0.05 -0.07 0.30 0.25 0.36 0.41 0.17 0.03 -0.55 -0.19  Rvol: 0.51 1.03 1.26 -0.33 -0.20 0.08 0.34 0.14 0.75 1.38 1.49 -0.28 -0.05 0.27 0.53 
Loss: 0.990781  SIA Ef: -0.056858 Binding: -0.14 -0.04 -0.05 0.30 0.25 0.36 0.40 0.17 0.02 -0.56 -0.19  Rvol: 0.51 1.03 1.26 -0.33 -0.20 0.08 0.34 0.14 0.75 1.38 1.49 -0.28 -0.05 0.27 0.54 
Loss: 0.990213  SIA Ef: -0.047617 Binding: -0.14 -0.04 -0.05 0.30 0.25 0.36 0.40 0.17 0.02 -0.56 -0.20  Rvol: 0.51 1.03 1.26 -0.33 -0.20 0.08 0.34 0.14 0.75 1.38 1.49 -0.28 -0.05 0.27 0.54 
Loss: 0.989885  SIA Ef: -0.052235 Binding: -0.14 -0.05 -0.05 0.30 0.25 0.36 0.40 0.17 0.02 -0.56 -0.20  Rvol: 0.51 1.03 1.26 -0.33 -0.20 0.08 0.34 0.14 0.75 1.38 1.49 -0.28 -0.05 0.27 0.54 
Loss: 0.990501  SIA Ef: -0.038221 Binding: -0.14 -0.04 -0.03 0.31 0.25 0.36 0.40 0.17 0.01 -0.56 -0.20  Rvol: 0.51 1.03 1.26 -0.33 -0.20 0.08 0.34 0.14 0.75 1.38 1.49 -0.28 -0.05 0.27 0.54 
Loss: 0.989295  SIA Ef: -0.053120 Binding: -0.14 -0.05 -0.05 0.30 0.25 0.36 0.40 0.17 0.02 -0.56 -0.20  Rvol: 0.51 1.03 1.26 -0.33 -0.20 0.08 0.34 0.14 0.75 1.38 1.49 -0.28 -0.05 0.27 0.54 
Loss: 0.988617  SIA Ef: -0.055425 Binding: -0.14 -0.05 -0.05 0.30 0.25 0.36 0.40 0.17 0.02 -0.55 -0.19  Rvol: 0.51 1.03 1.26 -0.33 -0.20 0.08 0.34 0.14 0.75 1.38 1.49 -0.28 -0.05 0.27 0.53 
Loss: 0.988625  SIA Ef: -0.068743 Binding: -0.14 -0.05 -0.04 0.30 0.25 0.36 0.40 0.17 0.02 -0.56 -0.19  Rvol: 0.51 1.02 1.26 -0.33 -0.20 0.08 0.34 0.14 0.75 1.38 1.49 -0.28 -0.05 0.27 0.53 
Loss: 0.987718  SIA Ef: -0.060082 Binding: -0.14 -0.05 -0.05 0.30 0.25 0.36 0.40 0.17 0.02 -0.55 -0.19  Rvol: 0.51 1.03 1.26 -0.33 -0.20 0.08 0.34 0.14 0.75 1.38 1.49 -0.28 -0.05 0.27 0.53 
Loss: 0.986149  SIA Ef: -0.060679 Binding: -0.14 -0.05 -0.04 0.30 0.25 0.36 0.40 0.17 0.01 -0.56 -0.19  Rvol: 0.51 1.03 1.26 -0.33 -0.20 0.08 0.34 0.14 0.75 1.38 1.49 -0.28 -0.05 0.27 0.53 
Loss: 0.987499  SIA Ef: -0.054514 Binding: -0.14 -0.05 -0.04 0.30 0.25 0.36 0.40 0.17 0.01 -0.56 -0.20  Rvol: 0.51 1.03 1.26 -0.33 -0.20 0.08 0.34 0.14 0.75 1.38 1.49 -0.28 -0.05 0.27 0.53 
Loss: 0.984127  SIA Ef: -0.068923 Binding: -0.14 -0.05 -0.05 0.30 0.25 0.36 0.39 0.17 0.02 -0.56 -0.19  Rvol: 0.51 1.03 1.26 -0.33 -0.20 0.08 0.34 0.14 0.75 1.38 1.49 -0.28 -0.05 0.27 0.53 
Loss: 0.982928  SIA Ef: -0.084797 Binding: -0.14 -0.05 -0.06 0.30 0.25 0.36 0.39 0.17 0.02 -0.56 -0.19  Rvol: 0.51 1.03 1.25 -0.33 -0.20 0.08 0.33 0.14 0.75 1.38 1.49 -0.28 -0.05 0.27 0.53 
Loss: 0.982429  SIA Ef: -0.078928 Binding: -0.14 -0.05 -0.07 0.29 0.25 0.36 0.39 0.17 0.03 -0.56 -0.19  Rvol: 0.51 1.03 1.26 -0.33 -0.20 0.08 0.33 0.14 0.75 1.38 1.49 -0.28 -0.05 0.27 0.53 
Loss: 0.984084  SIA Ef: -0.086860 Binding: -0.14 -0.05 -0.08 0.29 0.25 0.36 0.39 0.17 0.03 -0.55 -0.19  Rvol: 0.51 1.03 1.25 -0.33 -0.20 0.08 0.33 0.14 0.75 1.38 1.49 -0.28 -0.05 0.27 0.53 
Loss: 0.979866  SIA Ef: -0.073413 Binding: -0.14 -0.05 -0.06 0.30 0.25 0.36 0.39 0.17 0.02 -0.55 -0.19  Rvol: 0.51 1.03 1.26 -0.33 -0.20 0.08 0.33 0.14 0.75 1.38 1.49 -0.28 -0.05 0.27 0.53 
Loss: 0.978880  SIA Ef: -0.064592 Binding: -0.14 -0.04 -0.05 0.30 0.25 0.36 0.39 0.18 0.02 -0.55 -0.19  Rvol: 0.51 1.03 1.26 -0.33 -0.20 0.08 0.34 0.14 0.75 1.38 1.49 -0.28 -0.05 0.27 0.53 
Loss: 0.978923  SIA Ef: -0.067000 Binding: -0.14 -0.05 -0.06 0.30 0.25 0.36 0.39 0.18 0.02 -0.55 -0.19  Rvol: 0.51 1.03 1.26 -0.33 -0.20 0.08 0.34 0.14 0.75 1.38 1.49 -0.28 -0.05 0.27 0.53 
Loss: 0.978021  SIA Ef: -0.057486 Binding: -0.14 -0.04 -0.05 0.30 0.25 0.36 0.38 0.18 0.02 -0.56 -0.19  Rvol: 0.51 1.03 1.26 -0.33 -0.20 0.08 0.34 0.14 0.75 1.38 1.49 -0.28 -0.05 0.27 0.53 
Loss: 0.977084  SIA Ef: -0.064522 Binding: -0.14 -0.04 -0.04 0.30 0.25 0.36 0.38 0.18 0.01 -0.56 -0.19  Rvol: 0.51 1.02 1.26 -0.33 -0.20 0.08 0.33 0.14 0.75 1.38 1.49 -0.28 -0.05 0.27 0.53 
Loss: 0.977800  SIA Ef: -0.067361 Binding: -0.14 -0.04 -0.05 0.30 0.25 0.36 0.38 0.18 0.02 -0.56 -0.19  Rvol: 0.51 1.02 1.26 -0.33 -0.20 0.08 0.33 0.14 0.75 1.38 1.49 -0.28 -0.05 0.27 0.53 
Loss: 0.975685  SIA Ef: -0.054864 Binding: -0.14 -0.04 -0.03 0.30 0.25 0.35 0.38 0.18 0.01 -0.56 -0.19  Rvol: 0.51 1.02 1.26 -0.33 -0.20 0.08 0.33 0.14 0.75 1.38 1.49 -0.28 -0.05 0.27 0.53 
Loss: 0.977624  SIA Ef: -0.047321 Binding: -0.14 -0.04 -0.02 0.30 0.25 0.35 0.38 0.18 0.00 -0.56 -0.20  Rvol: 0.51 1.03 1.26 -0.33 -0.20 0.08 0.33 0.14 0.75 1.38 1.49 -0.28 -0.05 0.27 0.53 
Loss: 0.977349  SIA Ef: -0.044315 Binding: -0.14 -0.04 -0.02 0.30 0.25 0.35 0.38 0.19 0.00 -0.56 -0.19  Rvol: 0.51 1.03 1.26 -0.33 -0.20 0.08 0.34 0.14 0.75 1.38 1.49 -0.28 -0.05 0.27 0.54 
Loss: 0.972057  SIA Ef: -0.066761 Binding: -0.14 -0.04 -0.03 0.30 0.25 0.36 0.38 0.18 0.01 -0.56 -0.19  Rvol: 0.51 1.02 1.26 -0.33 -0.20 0.08 0.33 0.14 0.75 1.38 1.49 -0.28 -0.05 0.27 0.53 
Loss: 0.967669  SIA Ef: -0.074139 Binding: -0.14 -0.04 -0.04 0.30 0.25 0.36 0.38 0.18 0.01 -0.56 -0.18  Rvol: 0.51 1.02 1.26 -0.33 -0.20 0.08 0.33 0.14 0.75 1.38 1.49 -0.28 -0.05 0.27 0.54 
Loss: 0.964166  SIA Ef: -0.086209 Binding: -0.14 -0.04 -0.05 0.30 0.25 0.36 0.37 0.18 0.02 -0.56 -0.18  Rvol: 0.51 1.02 1.26 -0.33 -0.20 0.08 0.33 0.14 0.75 1.37 1.49 -0.28 -0.05 0.27 0.54 
Loss: 0.961510  SIA Ef: -0.092162 Binding: -0.14 -0.04 -0.05 0.30 0.25 0.36 0.37 0.18 0.02 -0.56 -0.17  Rvol: 0.51 1.02 1.25 -0.33 -0.20 0.08 0.33 0.14 0.75 1.37 1.49 -0.28 -0.05 0.27 0.54 
Loss: 0.963058  SIA Ef: -0.087978 Binding: -0.14 -0.04 -0.05 0.30 0.25 0.36 0.37 0.18 0.02 -0.56 -0.18  Rvol: 0.51 1.02 1.26 -0.33 -0.20 0.08 0.33 0.14 0.75 1.37 1.49 -0.28 -0.05 0.27 0.54 
Loss: 0.960959  SIA Ef: -0.086383 Binding: -0.14 -0.04 -0.05 0.30 0.25 0.36 0.37 0.18 0.02 -0.56 -0.17  Rvol: 0.51 1.02 1.26 -0.33 -0.20 0.08 0.33 0.14 0.75 1.37 1.49 -0.28 -0.05 0.27 0.54 
Loss: 0.959224  SIA Ef: -0.081528 Binding: -0.14 -0.05 -0.05 0.30 0.24 0.36 0.37 0.18 0.01 -0.56 -0.18  Rvol: 0.51 1.02 1.26 -0.33 -0.20 0.08 0.33 0.14 0.75 1.37 1.49 -0.28 -0.05 0.27 0.54 
Loss: 0.958176  SIA Ef: -0.090763 Binding: -0.14 -0.04 -0.05 0.30 0.25 0.36 0.37 0.18 0.01 -0.56 -0.18  Rvol: 0.51 1.02 1.26 -0.33 -0.20 0.08 0.33 0.14 0.75 1.37 1.49 -0.28 -0.05 0.27 0.54 
Loss: 0.961005  SIA Ef: -0.106327 Binding: -0.14 -0.04 -0.06 0.30 0.25 0.36 0.36 0.17 0.02 -0.56 -0.18  Rvol: 0.51 1.02 1.25 -0.33 -0.20 0.08 0.33 0.14 0.75 1.37 1.48 -0.28 -0.05 0.26 0.54 
Loss: 0.959175  SIA Ef: -0.088270 Binding: -0.14 -0.04 -0.05 0.30 0.25 0.36 0.37 0.18 0.01 -0.56 -0.18  Rvol: 0.51 1.02 1.26 -0.33 -0.20 0.08 0.33 0.14 0.75 1.37 1.49 -0.28 -0.05 0.27 0.54 
Loss: 0.959921  SIA Ef: -0.084189 Binding: -0.14 -0.04 -0.03 0.30 0.24 0.35 0.37 0.18 0.00 -0.56 -0.18  Rvol: 0.51 1.02 1.26 -0.33 -0.20 0.08 0.33 0.14 0.75 1.37 1.49 -0.28 -0.05 0.26 0.54 
Loss: 0.958810  SIA Ef: -0.085334 Binding: -0.14 -0.04 -0.04 0.30 0.25 0.36 0.36 0.18 0.01 -0.56 -0.18  Rvol: 0.51 1.02 1.26 -0.33 -0.20 0.08 0.33 0.14 0.75 1.37 1.49 -0.28 -0.05 0.27 0.54 
Loss: 0.960918  SIA Ef: -0.084606 Binding: -0.14 -0.04 -0.05 0.30 0.25 0.36 0.37 0.18 0.02 -0.56 -0.18  Rvol: 0.51 1.02 1.26 -0.33 -0.20 0.08 0.33 0.14 0.75 1.37 1.49 -0.28 -0.05 0.27 0.54 
Loss: 0.957422  SIA Ef: -0.092393 Binding: -0.14 -0.04 -0.05 0.30 0.25 0.36 0.37 0.18 0.02 -0.56 -0.18  Rvol: 0.51 1.02 1.26 -0.33 -0.20 0.08 0.33 0.14 0.75 1.37 1.49 -0.28 -0.05 0.26 0.54 
Loss: 0.957880  SIA Ef: -0.092272 Binding: -0.14 -0.05 -0.05 0.29 0.24 0.36 0.37 0.18 0.02 -0.56 -0.18  Rvol: 0.51 1.02 1.26 -0.33 -0.20 0.08 0.33 0.14 0.75 1.37 1.49 -0.28 -0.05 0.26 0.54 
Loss: 0.958765  SIA Ef: -0.093470 Binding: -0.14 -0.04 -0.05 0.30 0.25 0.36 0.37 0.18 0.02 -0.56 -0.18  Rvol: 0.51 1.02 1.25 -0.33 -0.20 0.08 0.33 0.14 0.75 1.37 1.49 -0.28 -0.05 0.26 0.54 
Loss: 0.957163  SIA Ef: -0.081867 Binding: -0.14 -0.04 -0.05 0.30 0.25 0.36 0.37 0.18 0.02 -0.56 -0.18  Rvol: 0.51 1.02 1.26 -0.33 -0.20 0.08 0.33 0.14 0.75 1.37 1.49 -0.28 -0.05 0.26 0.54 
Loss: 0.957060  SIA Ef: -0.087806 Binding: -0.14 -0.04 -0.06 0.30 0.25 0.36 0.37 0.18 0.02 -0.56 -0.18  Rvol: 0.51 1.02 1.26 -0.33 -0.20 0.08 0.33 0.14 0.75 1.37 1.49 -0.28 -0.05 0.26 0.54 
Loss: 0.957554  SIA Ef: -0.086434 Binding: -0.14 -0.04 -0.05 0.30 0.25 0.36 0.37 0.18 0.02 -0.56 -0.18  Rvol: 0.51 1.02 1.26 -0.33 -0.20 0.08 0.33 0.14 0.75 1.37 1.49 -0.28 -0.05 0.26 0.54 
Loss: 0.958402  SIA Ef: -0.097733 Binding: -0.14 -0.05 -0.06 0.29 0.25 0.36 0.37 0.18 0.02 -0.56 -0.18  Rvol: 0.51 1.02 1.25 -0.33 -0.20 0.08 0.33 0.14 0.75 1.37 1.49 -0.28 -0.05 0.26 0.54 
Loss: 0.956963  SIA Ef: -0.088197 Binding: -0.14 -0.04 -0.06 0.29 0.25 0.36 0.37 0.18 0.02 -0.56 -0.18  Rvol: 0.51 1.02 1.26 -0.33 -0.20 0.08 0.33 0.14 0.75 1.37 1.49 -0.28 -0.05 0.26 0.54 
Loss: 0.957931  SIA Ef: -0.084887 Binding: -0.14 -0.05 -0.06 0.29 0.25 0.36 0.37 0.18 0.02 -0.56 -0.18  Rvol: 0.51 1.02 1.26 -0.33 -0.20 0.08 0.33 0.14 0.75 1.37 1.49 -0.28 -0.05 0.26 0.54 
Loss: 0.957287  SIA Ef: -0.087049 Binding: -0.14 -0.05 -0.06 0.29 0.25 0.36 0.37 0.18 0.02 -0.56 -0.18  Rvol: 0.51 1.02 1.26 -0.33 -0.20 0.08 0.33 0.14 0.75 1.37 1.49 -0.28 -0.05 0.27 0.54 
Loss: 0.957416  SIA Ef: -0.084957 Binding: -0.14 -0.05 -0.06 0.29 0.25 0.36 0.37 0.18 0.02 -0.56 -0.18  Rvol: 0.51 1.02 1.26 -0.33 -0.20 0.08 0.33 0.14 0.75 1.37 1.49 -0.28 -0.05 0.27 0.54 
Loss: 0.957121  SIA Ef: -0.089665 Binding: -0.14 -0.05 -0.06 0.29 0.25 0.36 0.37 0.18 0.02 -0.56 -0.18  Rvol: 0.51 1.02 1.26 -0.33 -0.20 0.08 0.33 0.14 0.75 1.37 1.49 -0.28 -0.05 0.26 0.54 
Loss: 0.957629  SIA Ef: -0.083724 Binding: -0.14 -0.04 -0.06 0.30 0.25 0.36 0.36 0.18 0.02 -0.56 -0.18  Rvol: 0.51 1.02 1.26 -0.33 -0.20 0.08 0.33 0.14 0.75 1.37 1.49 -0.28 -0.05 0.27 0.54 
Loss: 0.956983  SIA Ef: -0.085557 Binding: -0.14 -0.05 -0.06 0.29 0.25 0.36 0.37 0.18 0.02 -0.56 -0.18  Rvol: 0.51 1.02 1.26 -0.33 -0.20 0.08 0.33 0.14 0.75 1.37 1.49 -0.28 -0.05 0.27 0.54 
Loss: 0.958046  SIA Ef: -0.089549 Binding: -0.14 -0.05 -0.06 0.29 0.25 0.36 0.36 0.18 0.02 -0.56 -0.18  Rvol: 0.51 1.02 1.26 -0.33 -0.20 0.08 0.33 0.14 0.75 1.37 1.49 -0.28 -0.05 0.26 0.54 
Loss: 0.957658  SIA Ef: -0.093092 Binding: -0.14 -0.05 -0.06 0.29 0.25 0.36 0.37 0.18 0.02 -0.56 -0.18  Rvol: 0.51 1.02 1.25 -0.33 -0.20 0.08 0.33 0.14 0.75 1.37 1.49 -0.28 -0.05 0.26 0.54 
Loss: 0.956978  SIA Ef: -0.089507 Binding: -0.14 -0.05 -0.06 0.29 0.25 0.36 0.37 0.18 0.02 -0.56 -0.18  Rvol: 0.51 1.02 1.26 -0.33 -0.20 0.08 0.33 0.14 0.75 1.37 1.49 -0.28 -0.05 0.26 0.54 
Loss: 0.957128  SIA Ef: -0.085889 Binding: -0.14 -0.05 -0.06 0.29 0.25 0.36 0.37 0.18 0.02 -0.56 -0.18  Rvol: 0.51 1.02 1.26 -0.33 -0.20 0.08 0.33 0.14 0.75 1.37 1.49 -0.28 -0.05 0.27 0.54 
Loss: 0.956780  SIA Ef: -0.087268 Binding: -0.14 -0.04 -0.06 0.29 0.25 0.36 0.37 0.18 0.02 -0.56 -0.18  Rvol: 0.51 1.02 1.26 -0.33 -0.20 0.08 0.33 0.14 0.75 1.37 1.49 -0.28 -0.05 0.26 0.54 
Loss: 0.956431  SIA Ef: -0.087104 Binding: -0.14 -0.05 -0.06 0.29 0.25 0.36 0.37 0.18 0.02 -0.56 -0.18  Rvol: 0.51 1.02 1.26 -0.33 -0.20 0.08 0.33 0.14 0.75 1.37 1.49 -0.28 -0.05 0.26 0.54 
Loss: 0.956456  SIA Ef: -0.085731 Binding: -0.14 -0.04 -0.06 0.29 0.25 0.36 0.37 0.18 0.02 -0.56 -0.18  Rvol: 0.51 1.02 1.26 -0.33 -0.20 0.08 0.33 0.14 0.75 1.37 1.49 -0.28 -0.05 0.27 0.54 
Loss: 0.956536  SIA Ef: -0.086264 Binding: -0.14 -0.04 -0.06 0.29 0.25 0.36 0.37 0.18 0.02 -0.56 -0.18  Rvol: 0.51 1.02 1.26 -0.33 -0.20 0.08 0.33 0.14 0.75 1.37 1.49 -0.28 -0.05 0.27 0.54 
Loss: 0.956273  SIA Ef: -0.088573 Binding: -0.14 -0.05 -0.06 0.29 0.25 0.36 0.37 0.18 0.02 -0.56 -0.18  Rvol: 0.51 1.02 1.26 -0.33 -0.20 0.08 0.33 0.14 0.75 1.37 1.49 -0.28 -0.05 0.26 0.54 
Loss: 0.956455  SIA Ef: -0.088059 Binding: -0.14 -0.05 -0.06 0.29 0.25 0.36 0.37 0.18 0.02 -0.56 -0.18  Rvol: 0.51 1.02 1.26 -0.33 -0.20 0.08 0.33 0.14 0.75 1.37 1.49 -0.28 -0.05 0.26 0.54 
Loss: 0.956203  SIA Ef: -0.087920 Binding: -0.14 -0.05 -0.06 0.29 0.25 0.36 0.37 0.18 0.02 -0.56 -0.18  Rvol: 0.51 1.02 1.26 -0.33 -0.20 0.08 0.33 0.14 0.75 1.37 1.49 -0.28 -0.05 0.26 0.54 
Loss: 0.956227  SIA Ef: -0.087643 Binding: -0.14 -0.05 -0.06 0.29 0.25 0.36 0.37 0.18 0.02 -0.56 -0.18  Rvol: 0.51 1.02 1.26 -0.33 -0.20 0.08 0.33 0.14 0.75 1.37 1.49 -0.28 -0.05 0.26 0.54 
Loss: 0.956299  SIA Ef: -0.088545 Binding: -0.14 -0.05 -0.06 0.29 0.25 0.36 0.37 0.18 0.02 -0.56 -0.18  Rvol: 0.51 1.02 1.26 -0.33 -0.20 0.08 0.33 0.14 0.75 1.37 1.49 -0.28 -0.05 0.26 0.54 
Loss: 0.956193  SIA Ef: -0.087439 Binding: -0.14 -0.05 -0.06 0.29 0.25 0.36 0.37 0.18 0.02 -0.56 -0.18  Rvol: 0.51 1.02 1.26 -0.33 -0.20 0.08 0.33 0.14 0.75 1.37 1.49 -0.28 -0.05 0.26 0.54 
Loss: 0.956178  SIA Ef: -0.088052 Binding: -0.14 -0.05 -0.06 0.29 0.25 0.36 0.37 0.18 0.02 -0.56 -0.18  Rvol: 0.51 1.02 1.26 -0.33 -0.20 0.08 0.33 0.14 0.75 1.37 1.49 -0.28 -0.05 0.26 0.54 
Loss: 0.956764  SIA Ef: -0.089161 Binding: -0.14 -0.05 -0.06 0.29 0.25 0.36 0.37 0.18 0.02 -0.56 -0.18  Rvol: 0.51 1.02 1.26 -0.33 -0.20 0.08 0.33 0.14 0.75 1.37 1.49 -0.28 -0.05 0.26 0.54 
Loss: 0.956284  SIA Ef: -0.087608 Binding: -0.14 -0.05 -0.06 0.29 0.25 0.36 0.37 0.18 0.02 -0.56 -0.18  Rvol: 0.51 1.02 1.26 -0.33 -0.20 0.08 0.33 0.14 0.75 1.37 1.49 -0.28 -0.05 0.26 0.54 
Loss: 0.956194  SIA Ef: -0.087458 Binding: -0.14 -0.05 -0.06 0.29 0.25 0.36 0.37 0.18 0.02 -0.56 -0.18  Rvol: 0.51 1.02 1.26 -0.33 -0.20 0.08 0.33 0.14 0.75 1.37 1.49 -0.28 -0.05 0.26 0.54 
Loss: 0.956181  SIA Ef: -0.088306 Binding: -0.14 -0.05 -0.06 0.29 0.25 0.36 0.37 0.18 0.02 -0.56 -0.18  Rvol: 0.51 1.02 1.26 -0.33 -0.20 0.08 0.33 0.14 0.75 1.37 1.49 -0.28 -0.05 0.26 0.54 
Loss: 0.956101  SIA Ef: -0.087600 Binding: -0.14 -0.05 -0.06 0.29 0.25 0.36 0.37 0.18 0.02 -0.56 -0.18  Rvol: 0.51 1.02 1.26 -0.33 -0.20 0.08 0.33 0.14 0.75 1.37 1.49 -0.28 -0.05 0.26 0.54 
Loss: 0.956125  SIA Ef: -0.087580 Binding: -0.14 -0.05 -0.06 0.29 0.25 0.36 0.37 0.18 0.02 -0.56 -0.18  Rvol: 0.51 1.02 1.26 -0.33 -0.20 0.08 0.33 0.14 0.75 1.37 1.49 -0.28 -0.05 0.26 0.54 
Loss: 0.956164  SIA Ef: -0.086804 Binding: -0.14 -0.05 -0.06 0.29 0.25 0.36 0.37 0.18 0.02 -0.56 -0.18  Rvol: 0.51 1.02 1.26 -0.33 -0.20 0.08 0.33 0.14 0.75 1.37 1.49 -0.28 -0.05 0.26 0.54 
Loss: 0.956105  SIA Ef: -0.087534 Binding: -0.14 -0.05 -0.06 0.29 0.25 0.36 0.37 0.18 0.02 -0.56 -0.18  Rvol: 0.51 1.02 1.26 -0.33 -0.20 0.08 0.33 0.14 0.75 1.37 1.49 -0.28 -0.05 0.26 0.54 
Loss: 0.956109  SIA Ef: -0.088149 Binding: -0.14 -0.05 -0.06 0.29 0.25 0.36 0.37 0.18 0.02 -0.56 -0.18  Rvol: 0.51 1.02 1.26 -0.33 -0.20 0.08 0.33 0.14 0.75 1.37 1.49 -0.28 -0.05 0.26 0.54 
Loss: 0.956121  SIA Ef: -0.087505 Binding: -0.14 -0.05 -0.06 0.29 0.25 0.36 0.37 0.18 0.02 -0.56 -0.18  Rvol: 0.51 1.02 1.26 -0.33 -0.20 0.08 0.33 0.14 0.75 1.37 1.49 -0.28 -0.05 0.26 0.54 
Loss: 0.956144  SIA Ef: -0.087885 Binding: -0.14 -0.05 -0.06 0.29 0.25 0.36 0.37 0.18 0.02 -0.56 -0.18  Rvol: 0.51 1.02 1.26 -0.33 -0.20 0.08 0.33 0.14 0.75 1.37 1.49 -0.28 -0.05 0.26 0.54 
Loss: 0.956138  SIA Ef: -0.087416 Binding: -0.14 -0.05 -0.06 0.29 0.25 0.36 0.37 0.18 0.02 -0.56 -0.18  Rvol: 0.51 1.02 1.26 -0.33 -0.20 0.08 0.33 0.14 0.75 1.37 1.49 -0.28 -0.05 0.26 0.54 
