Start Optimization 
15.360923 -0.318849 0.013508 -0.117986 -0.469162 0.448476 0.782374 0.359467 0.468204 0.756157 
16.360923 -0.318849 0.013508 -0.117986 -0.469162 0.448476 0.782374 0.359467 0.468204 0.756157 
15.360923 0.681151 0.013508 -0.117986 -0.469162 0.448476 0.782374 0.359467 0.468204 0.756157 
15.360923 -0.318849 1.013508 -0.117986 -0.469162 0.448476 0.782374 0.359467 0.468204 0.756157 
15.360923 -0.318849 0.013508 0.882014 -0.469162 0.448476 0.782374 0.359467 0.468204 0.756157 
15.360923 -0.318849 0.013508 -0.117986 0.530838 0.448476 0.782374 0.359467 0.468204 0.756157 
15.360923 -0.318849 0.013508 -0.117986 -0.469162 1.448476 0.782374 0.359467 0.468204 0.756157 
15.360923 -0.318849 0.013508 -0.117986 -0.469162 0.448476 1.782374 0.359467 0.468204 0.756157 
15.360923 -0.318849 0.013508 -0.117986 -0.469162 0.448476 0.782374 1.359467 0.468204 0.756157 
15.360923 -0.318849 0.013508 -0.117986 -0.469162 0.448476 0.782374 0.359467 1.468204 0.756157 
15.360923 -0.318849 0.013508 -0.117986 -0.469162 0.448476 0.782374 0.359467 0.468204 1.756157 
15.360757 -0.529595 -0.192378 -1.072687 -0.509381 0.447796 0.780421 0.350744 0.461681 1.757785 
15.360854 -0.407113 -0.072721 0.366233 -0.486007 0.448191 0.781556 0.355814 0.465472 1.756839 
15.110923 -0.318652 0.013508 -0.117986 -0.469162 0.448476 0.782374 0.359467 0.468204 1.756157 
15.111260 0.179960 -0.011876 -0.091243 -0.474121 0.448392 0.782133 0.358392 0.467400 1.756358 
15.110923 -0.318652 0.061439 -0.117986 -0.714524 0.448476 0.782374 0.359467 0.468204 1.756157 
15.110870 -0.311493 0.501937 -0.089485 -0.366346 0.448387 0.782117 0.358321 0.467347 1.756371 
15.110923 -0.318688 0.013474 -0.118146 -0.469169 0.198476 0.782374 0.359467 0.468204 1.756157 
15.110535 -0.404210 -0.260661 -0.526930 -0.482524 0.454285 0.780980 0.353243 0.463550 1.757318 
15.110923 -0.318837 0.013328 -0.116973 -0.469197 0.448475 0.532376 0.359467 0.468204 1.756157 
15.110581 -0.428847 -0.246146 0.295538 -0.487827 0.452648 0.533886 0.354503 0.464492 1.757083 
15.110923 -0.319216 0.012957 -0.120319 -0.469270 0.448478 0.532363 0.109490 0.468204 1.756157 
15.110601 -0.385630 -0.212181 -0.561615 -0.479450 0.453423 0.530333 0.112898 0.464290 1.757134 
15.110932 -0.306772 0.012324 -0.119652 -0.469393 0.448476 0.532357 0.109463 0.218516 1.756157 
15.111248 0.174987 -0.054509 -0.097508 -0.474462 0.449495 0.532032 0.107843 0.493903 1.756388 
15.110923 -0.319202 0.013919 -0.120263 -0.469082 0.448477 0.532363 0.109488 0.468202 2.006155 
15.110637 -0.338192 0.495356 -0.099119 -0.341064 0.453043 0.531639 0.105532 0.469571 1.753663 
14.986318 -0.323408 -0.020961 -0.104247 -0.348939 0.573071 0.657041 0.109291 0.468056 1.756194 
15.014581 -0.456974 -0.278175 0.297665 -0.396626 0.548587 0.629911 0.101756 0.466461 1.756635 
15.042567 -0.390050 -0.063211 -0.173958 -0.414558 0.516831 0.600546 -0.003047 0.578292 1.642977 
14.998272 -0.433516 -0.270670 -0.591254 -0.376839 0.565697 0.642576 0.087368 0.491517 1.730679 
15.057671 -0.413215 0.173361 -0.157666 -0.368678 0.503625 0.585003 -0.035453 0.608722 1.611253 
15.047420 -0.271793 -0.056147 -0.201517 -0.418028 0.512071 0.595582 -0.016522 0.597768 1.629299 
15.072290 -0.226633 -0.159623 0.011744 -0.444478 0.489585 0.571244 -0.042559 0.624506 1.607757 
15.155104 -0.272238 -0.064905 -0.205504 -0.382494 0.548628 0.632122 -0.015654 0.596929 1.630120 
15.011087 -0.283928 -0.188523 -0.395089 -0.398296 0.525794 0.602935 0.026659 0.557177 1.672836 
15.048759 -0.273840 -0.054293 -0.199863 -0.316189 0.460986 0.544493 -0.019270 0.600319 1.626516 
15.053042 -0.297681 0.185224 -0.234872 -0.420641 0.530455 0.608357 -0.042693 0.622724 1.604602 
15.047785 -0.271207 -0.057718 -0.197942 -0.418425 0.600069 0.506897 -0.016875 0.598125 1.628992 
15.065690 -0.224645 -0.194200 -0.006995 -0.450251 0.485636 0.580642 -0.036602 0.619172 1.614334 
15.051565 -0.282799 0.065033 -0.207464 -0.421415 0.520240 0.601606 -0.031818 0.612493 1.615109 
15.038317 -0.271331 -0.059089 -0.201665 -0.409286 0.521111 0.604604 -0.070498 0.579588 1.647491 
15.029235 -0.281400 -0.101364 -0.309327 -0.411821 0.522684 0.602332 0.008055 0.579283 1.649101 
15.034825 -0.274495 -0.060203 -0.198834 -0.405852 0.524613 0.608201 -0.016645 0.648809 1.654729 
15.044350 -0.249565 -0.123488 -0.099455 -0.426517 0.511746 0.601233 -0.026675 0.662248 1.644280 
15.012817 -0.275286 -0.065935 -0.196019 -0.384605 0.546663 0.630258 -0.016730 0.648830 1.610498 
15.043611 -0.279595 0.056697 -0.174505 -0.416061 0.528618 0.611599 -0.035254 0.672073 1.639076 
15.048457 -0.291415 -0.071819 -0.218758 -0.421950 0.510802 0.594231 -0.044122 0.675854 1.626968 
15.007698 -0.268808 -0.102568 -0.290810 -0.401009 0.544184 0.624637 0.024779 0.623819 1.694546 
15.021262 -0.271652 -0.081385 -0.244822 -0.403430 0.534398 0.616419 0.004067 0.636314 1.674638 
15.008127 -0.274541 -0.056085 -0.197480 -0.414751 0.515537 0.599113 -0.017189 0.649319 1.654237 
15.012142 -0.274674 0.004815 -0.192502 -0.416621 0.523053 0.605945 -0.019320 0.656020 1.653590 
15.008043 -0.274698 -0.055682 -0.198364 -0.414093 0.493263 0.620998 -0.017116 0.649243 1.654298 
15.007776 -0.274757 -0.054258 -0.198709 -0.362609 0.469227 0.595017 -0.016877 0.650038 1.654577 
15.006545 -0.304685 -0.055546 -0.194508 -0.412605 0.494837 0.622447 -0.013421 0.644149 1.658020 
15.008967 -0.258579 -0.088281 -0.148775 -0.423692 0.488913 0.619923 -0.015843 0.651693 1.656287 
15.001836 -0.248809 -0.107556 -0.163413 -0.425798 0.492504 0.623620 -0.005997 0.646569 1.665788 
14.996930 -0.226353 -0.099171 -0.162753 -0.433145 0.500055 0.632096 0.003457 0.646971 1.676039 
15.004692 -0.249690 -0.107359 -0.164280 -0.428677 0.489655 0.620768 0.006029 0.652264 1.660057 
15.008417 -0.246736 -0.122097 -0.176085 -0.441327 0.484530 0.616210 -0.004266 0.666545 1.651090 
15.014565 -0.241656 -0.124262 -0.179317 -0.450538 0.477865 0.609762 -0.002861 0.642945 1.638126 
15.009276 -0.241842 -0.125733 -0.178617 -0.448885 0.484769 0.616803 -0.002897 0.642897 1.627473 
15.011918 -0.232847 -0.134085 -0.183730 -0.429112 0.466850 0.598311 0.000452 0.646597 1.631789 
15.001231 -0.243613 -0.122212 -0.178397 -0.454854 0.473466 0.605350 -0.002892 0.642869 1.638122 
15.000726 -0.265312 -0.136743 -0.180918 -0.468178 0.473221 0.605959 0.006294 0.641750 1.643058 
14.997825 -0.260046 -0.139148 -0.185432 -0.493963 0.474958 0.609092 0.018878 0.647232 1.649994 
15.004077 -0.270723 -0.138496 -0.164230 -0.507171 0.468337 0.604058 0.014893 0.654959 1.642625 
14.997862 -0.260455 -0.138284 -0.186321 -0.493485 0.463846 0.619986 0.018772 0.647229 1.649878 
14.999445 -0.275543 -0.123034 -0.208080 -0.497663 0.463471 0.617804 0.018344 0.649581 1.646373 
14.997663 -0.258574 -0.144952 -0.190997 -0.497231 0.463419 0.619813 0.006406 0.649873 1.649615 
14.988550 -0.267429 -0.139240 -0.182868 -0.493946 0.468923 0.628300 0.023034 0.628236 1.668704 
14.991507 -0.264610 -0.140646 -0.184620 -0.497831 0.465269 0.624740 0.023843 0.616592 1.661991 
14.980877 -0.268303 -0.154914 -0.189193 -0.484371 0.460386 0.622927 0.043140 0.633235 1.671627 
14.976956 -0.268632 -0.139388 -0.181784 -0.494855 0.472411 0.631895 0.022986 0.628155 1.659695 
14.992363 -0.270204 -0.146537 -0.183372 -0.492860 0.488442 0.649760 0.030485 0.627659 1.652879 
14.977931 -0.260069 -0.132214 -0.177617 -0.492165 0.466698 0.636798 0.028099 0.630225 1.657108 
14.968421 -0.257874 -0.131473 -0.189808 -0.498190 0.491696 0.627244 0.016270 0.623097 1.673319 
14.968022 -0.265386 -0.128924 -0.179973 -0.505684 0.494901 0.624560 0.015238 0.623542 1.676387 
14.968081 -0.270805 -0.126212 -0.175453 -0.494737 0.497273 0.622213 0.008901 0.619568 1.676155 
14.968451 -0.269157 -0.124023 -0.183805 -0.505782 0.494928 0.624051 0.017891 0.623540 1.675601 
14.968627 -0.278417 -0.115554 -0.191730 -0.509235 0.493365 0.625617 0.015883 0.625270 1.675505 
14.966243 -0.279985 -0.116564 -0.191606 -0.508675 0.491536 0.629257 0.018012 0.621494 1.679525 
14.964103 -0.284226 -0.115929 -0.193126 -0.505667 0.494756 0.621386 0.029680 0.622452 1.680165 
14.968306 -0.281149 -0.117502 -0.191374 -0.507099 0.495724 0.633768 0.019200 0.624974 1.680293 
14.975336 -0.281679 -0.116444 -0.191965 -0.510340 0.500949 0.635845 0.022130 0.614608 1.674392 
14.962554 -0.281463 -0.117336 -0.190694 -0.507463 0.497273 0.635726 0.019348 0.625003 1.675712 
14.963135 -0.275969 -0.105430 -0.185253 -0.505640 0.494891 0.639065 0.023822 0.626452 1.675863 
14.961031 -0.272885 -0.103596 -0.187782 -0.506066 0.499522 0.638052 0.022205 0.625168 1.679091 
14.964121 -0.271302 -0.106355 -0.194878 -0.496751 0.490620 0.641989 0.025609 0.626240 1.671522 
14.963102 -0.273223 -0.106834 -0.187476 -0.511112 0.493705 0.640244 0.026965 0.628439 1.675987 
14.963048 -0.284027 -0.103953 -0.173590 -0.510034 0.493556 0.641055 0.024866 0.630258 1.675241 
14.964094 -0.289934 -0.102927 -0.168487 -0.505547 0.486644 0.647293 0.028370 0.635323 1.669216 
14.959701 -0.294769 -0.096360 -0.159219 -0.507966 0.491626 0.651138 0.027956 0.639567 1.672180 
14.964199 -0.293740 -0.098947 -0.173580 -0.506284 0.485552 0.648376 0.027304 0.636086 1.668856 
14.965519 -0.287305 -0.105620 -0.170243 -0.495726 0.480068 0.652156 0.032248 0.637325 1.662699 
14.966602 -0.285211 -0.105945 -0.169485 -0.497246 0.478466 0.656159 0.026466 0.636715 1.662397 
14.972589 -0.289516 -0.104409 -0.169078 -0.498255 0.483965 0.654135 0.037160 0.628007 1.655630 
14.975409 -0.288285 -0.103663 -0.169140 -0.498407 0.486774 0.651723 0.035392 0.632526 1.651925 
14.969912 -0.289636 -0.102010 -0.166388 -0.500219 0.474555 0.644396 0.037380 0.624855 1.650460 
14.977460 -0.287623 -0.100997 -0.168012 -0.497415 0.481991 0.653531 0.038373 0.628415 1.659416 
14.976924 -0.298619 -0.115748 -0.170631 -0.497589 0.483136 0.651784 0.037707 0.629343 1.657288 
14.976516 -0.295839 -0.120044 -0.173789 -0.507707 0.480362 0.654903 0.045593 0.634337 1.656342 
14.977614 -0.294812 -0.117579 -0.175899 -0.497121 0.483806 0.649341 0.036868 0.626689 1.658040 
14.972262 -0.307724 -0.122590 -0.169835 -0.492207 0.489244 0.651861 0.042584 0.630390 1.656336 
14.973077 -0.309484 -0.126500 -0.168623 -0.493173 0.488094 0.655503 0.037808 0.629676 1.655045 
14.971971 -0.305954 -0.124255 -0.167199 -0.492146 0.489151 0.650520 0.043014 0.629827 1.656232 
14.971120 -0.311957 -0.120555 -0.172191 -0.492962 0.485367 0.648641 0.042591 0.630100 1.653873 
14.970451 -0.314520 -0.119290 -0.172117 -0.497714 0.488822 0.646553 0.040840 0.629296 1.657007 
14.968489 -0.314047 -0.119732 -0.172451 -0.497118 0.487932 0.646085 0.039566 0.631601 1.658613 
14.974348 -0.318174 -0.116822 -0.174754 -0.496175 0.487649 0.647402 0.042389 0.631038 1.660097 
14.968845 -0.314686 -0.119109 -0.172011 -0.497671 0.487474 0.647860 0.041688 0.626996 1.658759 
14.966414 -0.314444 -0.115257 -0.174321 -0.498005 0.491122 0.648780 0.040322 0.629616 1.653413 
14.970668 -0.314500 -0.118608 -0.172306 -0.495264 0.489589 0.645393 0.038847 0.627660 1.657361 
14.970494 -0.312695 -0.122869 -0.178361 -0.498858 0.489325 0.645214 0.041433 0.627808 1.657016 
14.969362 -0.316884 -0.121250 -0.171836 -0.496459 0.490243 0.646830 0.041701 0.629503 1.656681 
14.970521 -0.319165 -0.123365 -0.171069 -0.498193 0.488112 0.650426 0.036544 0.629079 1.655206 
14.972210 -0.318416 -0.122955 -0.169399 -0.500635 0.488085 0.649360 0.037072 0.629411 1.654024 
14.969641 -0.320520 -0.123359 -0.163796 -0.500122 0.485293 0.646335 0.037395 0.629144 1.652993 
14.972663 -0.316957 -0.123536 -0.167139 -0.500477 0.489856 0.651034 0.037056 0.629858 1.655171 
14.971455 -0.317488 -0.124087 -0.169647 -0.500975 0.488341 0.648938 0.036815 0.628767 1.653574 
14.974449 -0.319778 -0.123553 -0.170936 -0.501913 0.486865 0.648385 0.038143 0.629946 1.654429 
14.971725 -0.319150 -0.122662 -0.169428 -0.501550 0.488960 0.648891 0.036551 0.629142 1.654912 
14.970729 -0.319677 -0.120399 -0.170210 -0.502788 0.489414 0.649691 0.036815 0.629826 1.652602 
14.972169 -0.319754 -0.122676 -0.169244 -0.501322 0.489443 0.649213 0.037145 0.627627 1.654486 
14.973742 -0.319268 -0.121099 -0.169452 -0.500137 0.489898 0.647479 0.034980 0.627061 1.653861 
14.972394 -0.320075 -0.122963 -0.169078 -0.501863 0.488647 0.650182 0.035906 0.627268 1.654345 
14.971769 -0.318131 -0.120741 -0.169444 -0.502029 0.487774 0.649273 0.037915 0.626036 1.655991 
14.971814 -0.320304 -0.122401 -0.167979 -0.500778 0.488471 0.648772 0.037375 0.627787 1.654044 
14.970102 -0.322273 -0.122818 -0.167029 -0.501982 0.488351 0.646547 0.036987 0.626978 1.654437 
14.970470 -0.322880 -0.122136 -0.163484 -0.502408 0.489124 0.646780 0.037325 0.627609 1.655051 
14.969290 -0.323185 -0.122596 -0.167581 -0.500721 0.487985 0.646816 0.036859 0.626926 1.654828 
14.970615 -0.322341 -0.123294 -0.167002 -0.501795 0.488081 0.646320 0.037076 0.626941 1.654976 
14.970607 -0.323132 -0.122352 -0.167692 -0.502544 0.487582 0.646226 0.037600 0.627382 1.653652 
14.970213 -0.323128 -0.122837 -0.167658 -0.502783 0.487430 0.646647 0.038142 0.627478 1.653698 
14.970147 -0.322523 -0.122938 -0.167723 -0.502093 0.486971 0.645462 0.037429 0.626877 1.652450 
14.970761 -0.323484 -0.122803 -0.167776 -0.502354 0.488209 0.646190 0.037591 0.627611 1.653316 
14.970558 -0.323026 -0.121913 -0.168340 -0.502616 0.488384 0.645811 0.038620 0.626257 1.653899 
14.970364 -0.322823 -0.122236 -0.167784 -0.502410 0.487684 0.645751 0.037856 0.628032 1.653837 
14.969964 -0.322828 -0.122465 -0.168837 -0.503416 0.487715 0.645787 0.036734 0.628360 1.654172 
14.970012 -0.323308 -0.122276 -0.167300 -0.502711 0.487717 0.645274 0.037796 0.627901 1.653972 
14.969999 -0.323866 -0.121541 -0.165664 -0.502634 0.487695 0.645368 0.038027 0.628301 1.653738 
14.969676 -0.324628 -0.120865 -0.164257 -0.503148 0.487697 0.645343 0.037696 0.628863 1.653693 
14.969608 -0.325002 -0.119988 -0.163484 -0.503097 0.488346 0.644975 0.038806 0.628148 1.653726 
14.969202 -0.324790 -0.120275 -0.162525 -0.502567 0.487635 0.644307 0.038744 0.627956 1.652573 
14.970142 -0.324584 -0.120229 -0.163212 -0.503650 0.488446 0.644782 0.038893 0.628162 1.653690 
14.970277 -0.325897 -0.120271 -0.163036 -0.502389 0.487779 0.644875 0.039016 0.628397 1.654887 
14.970267 -0.326252 -0.120348 -0.163292 -0.502755 0.487376 0.644976 0.039572 0.628618 1.654587 
14.969293 -0.325948 -0.121220 -0.162675 -0.502850 0.487563 0.645954 0.040175 0.628675 1.655101 
14.970035 -0.325963 -0.120257 -0.163388 -0.502610 0.487514 0.644500 0.039828 0.629281 1.654752 
14.970609 -0.327134 -0.121083 -0.163329 -0.502398 0.488612 0.644998 0.039535 0.629086 1.653878 
14.970982 -0.326837 -0.120747 -0.163196 -0.502046 0.488568 0.645546 0.039691 0.629385 1.653641 
14.970563 -0.328558 -0.120023 -0.163780 -0.502703 0.488811 0.645080 0.039293 0.629592 1.653947 
14.970886 -0.329326 -0.119701 -0.165236 -0.502128 0.489014 0.644921 0.039888 0.629214 1.654004 
14.970463 -0.328693 -0.119671 -0.163263 -0.502589 0.488987 0.644797 0.039791 0.629232 1.653767 
14.970070 -0.329433 -0.119607 -0.162498 -0.502345 0.488170 0.644373 0.039136 0.629791 1.652831 
14.971025 -0.329774 -0.119393 -0.161699 -0.503622 0.488378 0.643998 0.039083 0.630325 1.652804 
14.971174 -0.330138 -0.119672 -0.161383 -0.503302 0.488149 0.644115 0.039276 0.630449 1.653437 
14.969926 -0.330593 -0.119620 -0.160750 -0.503920 0.488622 0.645018 0.039456 0.630887 1.653407 
14.970159 -0.330861 -0.119706 -0.160639 -0.504043 0.488507 0.645488 0.039170 0.630213 1.653259 
14.970090 -0.330818 -0.119051 -0.160016 -0.503494 0.489370 0.645207 0.037914 0.630157 1.653794 
14.969960 -0.330559 -0.119217 -0.160565 -0.504306 0.487905 0.645505 0.039107 0.630085 1.653613 
14.970325 -0.332507 -0.119270 -0.160881 -0.503880 0.488652 0.645074 0.039576 0.630426 1.652626 
14.970167 -0.334121 -0.119364 -0.161026 -0.503994 0.488810 0.644181 0.039854 0.630333 1.652142 
14.970786 -0.335092 -0.118598 -0.160946 -0.503418 0.488885 0.644558 0.040372 0.630943 1.651262 
14.970820 -0.334892 -0.118791 -0.160363 -0.503269 0.489021 0.644469 0.040788 0.630482 1.650946 
14.971295 -0.335405 -0.120254 -0.160534 -0.503472 0.489112 0.645056 0.040300 0.630444 1.650225 
14.971841 -0.335406 -0.120165 -0.160319 -0.504139 0.489393 0.644970 0.040419 0.630577 1.650419 
14.971902 -0.335801 -0.120251 -0.161294 -0.504017 0.490388 0.645455 0.041170 0.629723 1.650825 
14.972000 -0.335728 -0.120420 -0.159960 -0.503774 0.489243 0.645072 0.040501 0.630680 1.651087 
14.972088 -0.336016 -0.120076 -0.159407 -0.503327 0.490332 0.644827 0.039173 0.630388 1.651031 
14.971456 -0.336201 -0.120044 -0.159081 -0.503649 0.490544 0.645294 0.039248 0.630590 1.651040 
14.972264 -0.336967 -0.119721 -0.158890 -0.503807 0.489509 0.644877 0.038502 0.629354 1.650790 
14.972201 -0.337940 -0.120257 -0.158179 -0.503851 0.489726 0.643730 0.037980 0.629649 1.650202 
14.972857 -0.338081 -0.120455 -0.157017 -0.503638 0.489746 0.643976 0.036803 0.629766 1.649519 
14.972489 -0.338448 -0.119869 -0.158288 -0.503553 0.489906 0.643967 0.038346 0.629814 1.649866 
14.972408 -0.339569 -0.120010 -0.158949 -0.503540 0.490883 0.643752 0.038788 0.628886 1.650060 
14.972385 -0.340362 -0.119651 -0.160044 -0.503824 0.490680 0.643776 0.037931 0.629779 1.650509 
14.972893 -0.339516 -0.119770 -0.158721 -0.504172 0.491148 0.643606 0.038956 0.629020 1.650325 
14.971807 -0.339781 -0.118687 -0.158527 -0.502983 0.490861 0.642856 0.039320 0.628658 1.650236 
14.972559 -0.339866 -0.120289 -0.158635 -0.503213 0.490652 0.643873 0.038971 0.629010 1.650725 
14.972664 -0.340451 -0.120881 -0.158844 -0.503697 0.489881 0.643755 0.040288 0.629030 1.650024 
14.973185 -0.339658 -0.120330 -0.158974 -0.502879 0.490461 0.643405 0.038912 0.628834 1.650722 
14.972408 -0.339463 -0.120833 -0.158803 -0.502628 0.491894 0.643677 0.039574 0.630017 1.650679 
14.973231 -0.340527 -0.120289 -0.157807 -0.502768 0.491389 0.644719 0.038579 0.628455 1.650157 
14.973367 -0.339921 -0.119753 -0.158448 -0.502603 0.491521 0.646020 0.039254 0.627910 1.650647 
14.972739 -0.340540 -0.120520 -0.157531 -0.502994 0.491270 0.644795 0.038432 0.628278 1.650834 
14.973616 -0.340394 -0.121113 -0.157663 -0.502806 0.492309 0.644102 0.038172 0.627544 1.649305 
14.973343 -0.341168 -0.120169 -0.158173 -0.502812 0.491536 0.644792 0.038107 0.628815 1.650151 
14.973533 -0.341571 -0.120043 -0.158239 -0.502807 0.491516 0.644954 0.037511 0.629382 1.649975 
14.973413 -0.342223 -0.119484 -0.158295 -0.502590 0.491751 0.644664 0.037424 0.629440 1.649974 
14.973619 -0.341677 -0.119934 -0.158242 -0.502965 0.491206 0.644971 0.037425 0.629117 1.649876 
14.973566 -0.342146 -0.120516 -0.158448 -0.503050 0.491457 0.645130 0.037868 0.629703 1.649800 
14.973348 -0.342168 -0.120645 -0.158572 -0.502717 0.491305 0.645181 0.037791 0.629638 1.649692 
14.974179 -0.342203 -0.120710 -0.158724 -0.502796 0.491274 0.644807 0.037747 0.629809 1.650282 
14.973397 -0.342039 -0.120528 -0.158585 -0.503213 0.491347 0.644795 0.037827 0.629849 1.649723 
14.973575 -0.342021 -0.120299 -0.159100 -0.503315 0.491790 0.645594 0.037608 0.629739 1.649827 
14.973761 -0.342117 -0.120614 -0.158490 -0.503000 0.491660 0.644995 0.037828 0.629576 1.649470 
14.973539 -0.342369 -0.121071 -0.158146 -0.503222 0.491921 0.644884 0.037303 0.629360 1.649717 
14.973606 -0.342494 -0.121248 -0.157330 -0.503243 0.491932 0.644874 0.036973 0.629687 1.649572 
14.973398 -0.342621 -0.121559 -0.156823 -0.503338 0.492205 0.644591 0.037320 0.629244 1.649816 
14.973664 -0.342162 -0.121520 -0.157316 -0.503355 0.491821 0.645028 0.037008 0.629656 1.649572 
14.973545 -0.342878 -0.120954 -0.157522 -0.503385 0.492348 0.645069 0.036334 0.629888 1.649564 
14.974091 -0.343166 -0.121055 -0.157700 -0.503131 0.492287 0.644760 0.035955 0.630066 1.650003 
14.974110 -0.343457 -0.121289 -0.157805 -0.503257 0.492247 0.644848 0.036131 0.630219 1.649912 
14.974251 -0.343529 -0.120793 -0.157648 -0.503455 0.491766 0.644790 0.035632 0.629613 1.649805 
14.974263 -0.343629 -0.120858 -0.157607 -0.503129 0.491769 0.645093 0.035621 0.629457 1.649806 
14.973706 -0.343728 -0.120885 -0.157865 -0.503136 0.491594 0.644482 0.035141 0.629796 1.649556 
14.973908 -0.343691 -0.120968 -0.157918 -0.503080 0.491789 0.644351 0.035118 0.629676 1.649219 
14.973876 -0.344100 -0.120205 -0.157876 -0.503014 0.491753 0.644577 0.034943 0.630256 1.649404 
14.973752 -0.344352 -0.120142 -0.157747 -0.502979 0.491931 0.644369 0.035082 0.630076 1.649511 
14.973674 -0.344580 -0.120334 -0.157782 -0.503307 0.492374 0.644499 0.034405 0.629957 1.649761 
14.973749 -0.344813 -0.120639 -0.157104 -0.503379 0.492408 0.644367 0.033864 0.630101 1.649832 
14.973827 -0.345021 -0.120942 -0.156384 -0.503440 0.492424 0.644243 0.033368 0.630267 1.649872 
14.973769 -0.345277 -0.121157 -0.156343 -0.503744 0.492828 0.644328 0.032661 0.630167 1.650125 
14.973594 -0.345852 -0.121172 -0.156020 -0.503744 0.493174 0.643912 0.032537 0.629863 1.650420 
14.973687 -0.346289 -0.120975 -0.155734 -0.503854 0.493502 0.643974 0.031885 0.630149 1.650469 
14.973784 -0.346603 -0.121112 -0.155243 -0.503979 0.493669 0.643952 0.031185 0.630359 1.650554 
14.973764 -0.347170 -0.120637 -0.154877 -0.503725 0.493818 0.643581 0.031389 0.630441 1.650554 
14.973946 -0.347237 -0.120660 -0.155079 -0.503574 0.493652 0.643457 0.031305 0.630535 1.650833 
14.973310 -0.347464 -0.120393 -0.155263 -0.503625 0.493456 0.643655 0.031028 0.630787 1.651247 
14.973239 -0.347745 -0.120303 -0.155831 -0.503398 0.493689 0.643408 0.030470 0.630848 1.651007 
14.973409 -0.347780 -0.119963 -0.156006 -0.504150 0.493541 0.643002 0.030341 0.630903 1.651070 
14.973217 -0.347435 -0.120076 -0.155734 -0.503271 0.493741 0.643313 0.030314 0.630711 1.651104 
14.973142 -0.347557 -0.120475 -0.155924 -0.503406 0.494280 0.643204 0.030621 0.631461 1.651291 
14.973116 -0.347681 -0.120562 -0.155978 -0.503487 0.494497 0.643207 0.030650 0.631139 1.651522 
14.973503 -0.347909 -0.120209 -0.156132 -0.503212 0.494460 0.643746 0.030382 0.631779 1.651542 
14.973184 -0.347637 -0.120672 -0.155634 -0.503465 0.494282 0.643159 0.030311 0.631517 1.651340 
14.972953 -0.347994 -0.121159 -0.155504 -0.503221 0.494085 0.642821 0.029863 0.631732 1.651582 
14.972504 -0.348432 -0.121071 -0.155031 -0.503283 0.494461 0.642793 0.029626 0.631850 1.651247 
14.972168 -0.348252 -0.121570 -0.155104 -0.503560 0.494572 0.643134 0.029069 0.631936 1.651072 
14.972577 -0.348447 -0.122037 -0.154830 -0.503440 0.494912 0.642847 0.028753 0.631968 1.650695 
14.972518 -0.348372 -0.122204 -0.154632 -0.503162 0.494927 0.643076 0.028929 0.631931 1.650719 
14.972538 -0.348698 -0.121929 -0.154650 -0.504150 0.494779 0.642549 0.028412 0.632230 1.650916 
14.972409 -0.348348 -0.121503 -0.154592 -0.503958 0.494950 0.642231 0.027763 0.632107 1.651077 
14.972269 -0.348229 -0.121586 -0.154482 -0.504041 0.494753 0.642033 0.027838 0.631849 1.650909 
14.972611 -0.348869 -0.121260 -0.154705 -0.503905 0.494574 0.642588 0.027309 0.631839 1.650931 
14.972493 -0.349214 -0.121033 -0.155196 -0.503874 0.494471 0.642480 0.027001 0.632390 1.650607 
14.972349 -0.349748 -0.121071 -0.155666 -0.504035 0.494889 0.642407 0.026833 0.632062 1.650898 
14.972391 -0.349262 -0.120804 -0.155043 -0.503996 0.494710 0.642601 0.027075 0.632356 1.650369 
14.973021 -0.349043 -0.120559 -0.155365 -0.504420 0.494692 0.642852 0.026801 0.632472 1.650258 
14.972612 -0.349389 -0.120565 -0.155024 -0.503909 0.494685 0.642350 0.027280 0.632325 1.650413 
14.972282 -0.349696 -0.120661 -0.154662 -0.503855 0.494556 0.642947 0.026643 0.632806 1.650560 
14.972567 -0.349852 -0.120934 -0.154623 -0.503229 0.494851 0.643076 0.026340 0.632837 1.650132 
14.972505 -0.349746 -0.120764 -0.154812 -0.502997 0.494880 0.643333 0.026484 0.632851 1.650262 
14.972306 -0.350187 -0.120949 -0.154461 -0.503229 0.494380 0.643041 0.025803 0.632805 1.649647 
14.972064 -0.349974 -0.120842 -0.154251 -0.503159 0.494652 0.642625 0.025169 0.633180 1.649646 
14.971962 -0.350360 -0.121258 -0.154058 -0.503330 0.494679 0.642598 0.025055 0.633853 1.649349 
14.971979 -0.350638 -0.121644 -0.153381 -0.503448 0.494697 0.642684 0.024588 0.634005 1.649270 
14.972096 -0.350163 -0.121158 -0.153824 -0.503214 0.494476 0.642534 0.025215 0.633992 1.649232 
14.972079 -0.351105 -0.120963 -0.154313 -0.503280 0.494826 0.642159 0.024976 0.633950 1.649386 
14.972616 -0.351026 -0.120775 -0.154686 -0.503705 0.494816 0.642403 0.024559 0.634167 1.649237 
14.972712 -0.351005 -0.120995 -0.154816 -0.503575 0.494569 0.642303 0.024460 0.634228 1.649486 
14.972304 -0.351196 -0.121116 -0.155249 -0.503869 0.495051 0.642047 0.024404 0.634134 1.648837 
14.972516 -0.351003 -0.120728 -0.154619 -0.504089 0.494672 0.642231 0.024631 0.634147 1.649371 
14.972001 -0.351292 -0.120390 -0.154823 -0.504079 0.494586 0.642645 0.024497 0.634545 1.649677 
14.972494 -0.350791 -0.120674 -0.154578 -0.504057 0.494957 0.642052 0.024521 0.634331 1.649536 
14.972838 -0.351078 -0.120963 -0.154660 -0.504266 0.495397 0.642232 0.025024 0.634449 1.649891 
14.972847 -0.350910 -0.120749 -0.154952 -0.504193 0.495386 0.642203 0.025223 0.634285 1.649968 
14.972969 -0.351450 -0.121003 -0.154261 -0.504370 0.495642 0.642210 0.024431 0.634063 1.650145 
14.973277 -0.351877 -0.121009 -0.153661 -0.504416 0.495663 0.641927 0.024143 0.634432 1.650020 
14.973274 -0.351713 -0.121489 -0.153075 -0.504675 0.495785 0.642233 0.023730 0.634507 1.650009 
14.973453 -0.351876 -0.120997 -0.153943 -0.504636 0.495703 0.641962 0.023925 0.634523 1.649876 
14.973044 -0.352310 -0.121394 -0.154171 -0.504660 0.495989 0.641485 0.023785 0.634482 1.649636 
14.972882 -0.352371 -0.121138 -0.154075 -0.504782 0.496214 0.641639 0.023861 0.634479 1.649440 
14.972535 -0.352812 -0.120975 -0.154263 -0.504744 0.496075 0.641907 0.023544 0.634927 1.649867 
14.972433 -0.352779 -0.120916 -0.154209 -0.505123 0.495926 0.641732 0.023621 0.634899 1.650002 
14.972873 -0.353317 -0.120653 -0.154377 -0.504793 0.496348 0.641478 0.023110 0.634791 1.649889 
14.972520 -0.352577 -0.120937 -0.154281 -0.504713 0.496349 0.641748 0.023551 0.635165 1.650018 
14.972809 -0.352985 -0.121218 -0.154437 -0.504913 0.496458 0.641763 0.024053 0.635690 1.649874 
14.972494 -0.352540 -0.120834 -0.154137 -0.504631 0.496138 0.641581 0.023462 0.635403 1.649771 
14.972038 -0.352308 -0.120813 -0.154765 -0.504632 0.496032 0.641425 0.023185 0.635554 1.649369 
14.972497 -0.352526 -0.121300 -0.153616 -0.504917 0.496317 0.641754 0.022927 0.635569 1.649694 
14.972175 -0.352749 -0.121604 -0.152845 -0.504728 0.496446 0.641598 0.022803 0.635648 1.649815 
14.972749 -0.352387 -0.121202 -0.153453 -0.505036 0.496256 0.641975 0.022746 0.635708 1.649733 
14.972661 -0.352410 -0.121077 -0.153413 -0.505096 0.496367 0.642053 0.022783 0.635705 1.649630 
14.972615 -0.352286 -0.121401 -0.153615 -0.505172 0.496278 0.641971 0.022458 0.635790 1.649543 
14.972559 -0.352223 -0.121235 -0.153601 -0.505050 0.496041 0.641791 0.022416 0.636005 1.649314 
14.972579 -0.352132 -0.121488 -0.153571 -0.505161 0.496235 0.642037 0.022584 0.635773 1.649492 
14.972864 -0.352261 -0.121424 -0.153551 -0.505250 0.496430 0.641725 0.022382 0.635612 1.649335 
14.972928 -0.352297 -0.121466 -0.153585 -0.505075 0.496507 0.641812 0.022368 0.635650 1.649261 
14.973048 -0.352529 -0.121616 -0.153639 -0.505274 0.496539 0.641785 0.022507 0.635933 1.649194 
14.973055 -0.352645 -0.121643 -0.153615 -0.505294 0.496401 0.641864 0.022489 0.635824 1.649112 
14.973098 -0.352913 -0.121664 -0.153835 -0.505392 0.496479 0.641853 0.022188 0.635920 1.649102 
14.973151 -0.353129 -0.121790 -0.154075 -0.505531 0.496552 0.641880 0.021926 0.636037 1.649018 
14.973178 -0.353227 -0.122009 -0.154076 -0.505633 0.496331 0.642069 0.021960 0.635902 1.648762 
14.973261 -0.353070 -0.121755 -0.153958 -0.505581 0.496528 0.641982 0.021829 0.636110 1.649043 
14.973115 -0.353253 -0.121925 -0.153630 -0.505532 0.496593 0.641904 0.021659 0.636181 1.649063 
14.972943 -0.353328 -0.121687 -0.153541 -0.505666 0.496815 0.642061 0.021685 0.636192 1.648850 
14.972980 -0.353367 -0.121752 -0.153535 -0.505715 0.496928 0.642149 0.021728 0.636082 1.648976 
14.973074 -0.353669 -0.121596 -0.153315 -0.505660 0.496804 0.642068 0.021507 0.636301 1.648902 
14.973163 -0.353768 -0.121762 -0.153113 -0.505783 0.496941 0.642050 0.021531 0.636642 1.648877 
14.973255 -0.353792 -0.121834 -0.153069 -0.505427 0.497116 0.642221 0.021395 0.636704 1.648763 
14.973138 -0.353828 -0.121832 -0.153110 -0.505392 0.497041 0.642348 0.021427 0.636804 1.648859 
14.973068 -0.353920 -0.121869 -0.152879 -0.505479 0.497082 0.642387 0.021041 0.636887 1.648919 
14.973049 -0.353977 -0.121824 -0.152412 -0.505415 0.497038 0.642426 0.020993 0.636916 1.648981 
14.973039 -0.353879 -0.121765 -0.152894 -0.505422 0.497195 0.642280 0.021037 0.636944 1.649042 
14.972918 -0.354210 -0.121889 -0.153070 -0.505445 0.497321 0.642148 0.020869 0.636999 1.648991 
14.973085 -0.354353 -0.121823 -0.153291 -0.505592 0.497409 0.642217 0.020598 0.637172 1.648996 
14.972858 -0.354240 -0.121750 -0.153357 -0.505623 0.497419 0.642137 0.020458 0.637383 1.648691 
14.972925 -0.354221 -0.121808 -0.153376 -0.505539 0.497264 0.642025 0.020407 0.637446 1.648721 
14.972770 -0.354168 -0.122081 -0.153503 -0.505712 0.497601 0.642126 0.020253 0.637420 1.648789 
14.972635 -0.354225 -0.121958 -0.153680 -0.505626 0.497546 0.642141 0.019957 0.637152 1.648817 
14.972649 -0.354202 -0.122074 -0.153548 -0.505701 0.497516 0.642241 0.020292 0.637515 1.648892 
14.972697 -0.354207 -0.122036 -0.153512 -0.506113 0.497488 0.641910 0.020266 0.637379 1.648878 
14.972671 -0.354249 -0.122034 -0.153315 -0.506120 0.497487 0.641932 0.020142 0.637411 1.648912 
14.972678 -0.354551 -0.122111 -0.153155 -0.506165 0.497643 0.641852 0.019916 0.637586 1.648877 
14.972695 -0.354541 -0.121972 -0.153030 -0.506157 0.497889 0.641709 0.019708 0.637797 1.649062 
14.972782 -0.354672 -0.122051 -0.152825 -0.506299 0.497977 0.641761 0.019388 0.637970 1.649011 
14.972680 -0.354845 -0.122192 -0.152538 -0.506325 0.498121 0.641652 0.019164 0.638079 1.648988 
14.972559 -0.355125 -0.121998 -0.152538 -0.506456 0.497981 0.641729 0.018998 0.638230 1.649111 
14.972790 -0.355367 -0.122071 -0.152456 -0.506497 0.498030 0.641803 0.018957 0.638132 1.649417 
14.972730 -0.355387 -0.122004 -0.152431 -0.506576 0.498182 0.641914 0.019014 0.638067 1.649381 
14.972999 -0.355565 -0.121803 -0.152248 -0.506451 0.497997 0.641755 0.018926 0.638226 1.649257 
14.973006 -0.355555 -0.121855 -0.152188 -0.506491 0.497983 0.641796 0.019077 0.638388 1.649291 
14.972958 -0.355651 -0.121819 -0.152296 -0.506122 0.498067 0.642025 0.018766 0.638347 1.649262 
14.972993 -0.355764 -0.121863 -0.152449 -0.506138 0.498152 0.641955 0.018793 0.638403 1.649201 
14.973011 -0.355966 -0.121839 -0.152580 -0.506247 0.498253 0.641977 0.018423 0.638545 1.649214 
14.972839 -0.356302 -0.121835 -0.152603 -0.506200 0.498368 0.641855 0.018183 0.638609 1.649271 
14.972817 -0.356595 -0.122009 -0.152646 -0.506297 0.498222 0.642004 0.018024 0.638553 1.649074 
14.972827 -0.356864 -0.121862 -0.152898 -0.506321 0.498251 0.642043 0.017768 0.638634 1.649147 
14.972960 -0.356663 -0.122085 -0.152604 -0.506291 0.498275 0.642026 0.018036 0.638472 1.649205 
14.973021 -0.356644 -0.122297 -0.152475 -0.506262 0.498529 0.641929 0.017788 0.638541 1.649026 
14.972985 -0.356745 -0.122451 -0.152331 -0.506397 0.498570 0.642007 0.017855 0.638922 1.649112 
14.973059 -0.356731 -0.122501 -0.152340 -0.506338 0.498414 0.641877 0.017808 0.638983 1.649137 
14.973120 -0.356875 -0.122247 -0.152132 -0.506657 0.498576 0.641812 0.017878 0.638898 1.648990 
14.973097 -0.356870 -0.122343 -0.152272 -0.506768 0.498620 0.641708 0.017947 0.638875 1.648993 
14.972954 -0.356784 -0.122338 -0.151945 -0.506868 0.498535 0.641799 0.017595 0.638811 1.649149 
14.972821 -0.356907 -0.122349 -0.151888 -0.506773 0.498559 0.641700 0.017635 0.638776 1.649182 
14.972874 -0.357039 -0.122564 -0.151600 -0.506797 0.498693 0.641683 0.017447 0.638846 1.649007 
14.972915 -0.356870 -0.122440 -0.151485 -0.506737 0.498978 0.641499 0.017368 0.639010 1.649174 
14.972896 -0.356925 -0.122635 -0.151478 -0.506787 0.498671 0.641677 0.017594 0.638783 1.649015 
14.973046 -0.357360 -0.122544 -0.151672 -0.506846 0.498741 0.641761 0.017289 0.638817 1.649259 
14.972943 -0.357623 -0.122393 -0.151800 -0.506931 0.498726 0.641792 0.017005 0.638990 1.649244 
14.972929 -0.357966 -0.122287 -0.151837 -0.507049 0.498702 0.641863 0.016761 0.639111 1.649363 
14.972815 -0.358202 -0.122387 -0.151808 -0.507129 0.498606 0.641947 0.016551 0.639183 1.649068 
14.972873 -0.358313 -0.122263 -0.151944 -0.507055 0.498675 0.641875 0.016224 0.638939 1.648989 
14.972838 -0.358417 -0.122466 -0.152206 -0.507295 0.498819 0.641683 0.016214 0.638974 1.649001 
14.972796 -0.358324 -0.122219 -0.151940 -0.507107 0.498831 0.642009 0.016271 0.638878 1.648967 
14.972771 -0.358310 -0.122452 -0.152087 -0.506805 0.498703 0.642081 0.016031 0.639055 1.649111 
14.972682 -0.358441 -0.122445 -0.152071 -0.506676 0.498733 0.641992 0.016123 0.639040 1.649110 
14.973058 -0.358455 -0.122329 -0.152227 -0.506713 0.498780 0.642187 0.016069 0.639259 1.648933 
14.972746 -0.358341 -0.122428 -0.152222 -0.506820 0.498561 0.642155 0.016113 0.638973 1.649117 
14.972602 -0.358337 -0.122293 -0.151912 -0.506850 0.498777 0.642001 0.015715 0.639252 1.649102 
14.972653 -0.358521 -0.122369 -0.151594 -0.506898 0.498867 0.642010 0.015433 0.639270 1.649168 
14.972597 -0.358516 -0.122439 -0.151312 -0.506869 0.499000 0.641939 0.015113 0.639324 1.649019 
14.972666 -0.358526 -0.122297 -0.151152 -0.506853 0.499191 0.641849 0.014898 0.639383 1.649324 
14.972575 -0.358565 -0.122406 -0.150894 -0.506973 0.499173 0.641923 0.014979 0.639724 1.649406 
14.972656 -0.358575 -0.122402 -0.151266 -0.506963 0.499286 0.641748 0.014878 0.639420 1.649328 
14.972559 -0.358859 -0.122363 -0.151320 -0.507132 0.499233 0.641725 0.014550 0.639353 1.649329 
14.972612 -0.358725 -0.122612 -0.151350 -0.507289 0.499203 0.641870 0.014279 0.639219 1.649459 
14.972701 -0.358716 -0.122654 -0.151361 -0.507236 0.499048 0.641742 0.014235 0.639284 1.649477 
14.972999 -0.358874 -0.122606 -0.151465 -0.507242 0.499175 0.641890 0.014071 0.639444 1.649334 
14.973198 -0.358907 -0.122485 -0.151323 -0.507579 0.499191 0.641746 0.014051 0.639328 1.649216 
14.973262 -0.359047 -0.122595 -0.151246 -0.507518 0.499213 0.641745 0.014112 0.639234 1.649252 
14.973246 -0.359311 -0.122603 -0.151337 -0.507529 0.499379 0.641636 0.013775 0.639261 1.649180 
14.973284 -0.359637 -0.122542 -0.151541 -0.507621 0.499470 0.641593 0.013532 0.639291 1.649266 
14.973197 -0.359826 -0.122699 -0.151645 -0.507677 0.499417 0.641614 0.013388 0.639283 1.648902 
14.973151 -0.359862 -0.122787 -0.151564 -0.507771 0.499442 0.641613 0.013419 0.639456 1.648941 
14.973124 -0.360006 -0.122699 -0.151268 -0.507721 0.499481 0.641678 0.013110 0.639591 1.648954 
14.973153 -0.360110 -0.122729 -0.151075 -0.507690 0.499718 0.641604 0.012809 0.639777 1.648953 
14.973244 -0.360406 -0.122787 -0.150806 -0.507664 0.499791 0.641692 0.012615 0.639887 1.649016 
14.973273 -0.360476 -0.122615 -0.150617 -0.507869 0.499829 0.641692 0.012325 0.640082 1.648978 
14.973263 -0.360603 -0.122541 -0.150497 -0.507706 0.499900 0.641703 0.011948 0.640035 1.648816 
14.973285 -0.360803 -0.122644 -0.150361 -0.507751 0.500083 0.641657 0.011659 0.640216 1.648695 
14.973356 -0.361124 -0.122677 -0.150139 -0.507789 0.500093 0.641761 0.011421 0.640304 1.648640 
14.973365 -0.361375 -0.122602 -0.150167 -0.507779 0.500266 0.641703 0.011109 0.640416 1.648801 
14.973487 -0.361604 -0.122535 -0.150089 -0.507811 0.500488 0.641587 0.010815 0.640446 1.648899 
14.973415 -0.361895 -0.122484 -0.150197 -0.507890 0.500566 0.641544 0.010486 0.640555 1.648897 
14.973410 -0.362215 -0.122447 -0.150186 -0.507950 0.500661 0.641529 0.010154 0.640660 1.648910 
14.973533 -0.362472 -0.122396 -0.150069 -0.507978 0.500856 0.641453 0.009858 0.640705 1.648993 
14.973514 -0.362806 -0.122374 -0.150043 -0.508036 0.500914 0.641476 0.009536 0.640824 1.648986 
14.973668 -0.363061 -0.122342 -0.149851 -0.508047 0.501093 0.641436 0.009270 0.640864 1.649066 
14.973687 -0.363200 -0.122404 -0.149808 -0.508081 0.501360 0.641297 0.008969 0.641030 1.649018 
14.973761 -0.363377 -0.122313 -0.149767 -0.508129 0.501493 0.641160 0.008629 0.640927 1.648855 
14.973832 -0.363403 -0.122158 -0.149674 -0.508507 0.501531 0.641082 0.008527 0.641120 1.648900 
14.974096 -0.363408 -0.122026 -0.149844 -0.508410 0.501663 0.641260 0.008352 0.641299 1.648870 
14.973868 -0.363315 -0.122287 -0.149698 -0.508570 0.501479 0.641130 0.008404 0.641059 1.648973 
14.973949 -0.363346 -0.122303 -0.149655 -0.508425 0.501244 0.640834 0.008228 0.641218 1.649066 
14.973826 -0.363243 -0.122193 -0.149576 -0.508367 0.501255 0.640885 0.008140 0.641227 1.649107 
14.973890 -0.363583 -0.122424 -0.149617 -0.508491 0.501419 0.640703 0.007958 0.641217 1.649260 
14.973885 -0.363776 -0.122638 -0.149376 -0.508546 0.501502 0.640677 0.007684 0.641313 1.649217 
14.973987 -0.363829 -0.122809 -0.149136 -0.508581 0.501733 0.640501 0.007460 0.641317 1.649268 
14.973798 -0.364017 -0.122982 -0.149183 -0.508691 0.501751 0.640442 0.007155 0.641451 1.649174 
14.973742 -0.364348 -0.123066 -0.149072 -0.508786 0.501675 0.640487 0.006858 0.641460 1.649211 
14.973622 -0.364505 -0.123305 -0.148999 -0.508828 0.501699 0.640564 0.006784 0.641755 1.649402 
14.973534 -0.364636 -0.123524 -0.149045 -0.508469 0.501738 0.640609 0.006685 0.641622 1.649350 
14.973489 -0.364506 -0.123366 -0.148914 -0.508875 0.501635 0.640473 0.006876 0.641668 1.649414 
14.973801 -0.364616 -0.123021 -0.149056 -0.508851 0.501865 0.640607 0.006733 0.642025 1.649326 
14.973917 -0.364715 -0.123129 -0.149138 -0.508919 0.501870 0.640578 0.006832 0.642004 1.649279 
14.973847 -0.364473 -0.123081 -0.149132 -0.509068 0.502028 0.640938 0.006628 0.641917 1.649352 
14.973838 -0.364574 -0.123072 -0.148933 -0.508841 0.501797 0.640680 0.006748 0.642085 1.649168 
14.974042 -0.364441 -0.123069 -0.149181 -0.508861 0.501614 0.640536 0.006529 0.642121 1.649440 
14.974127 -0.364399 -0.123126 -0.149065 -0.508855 0.501751 0.640431 0.006474 0.642095 1.649458 
14.974194 -0.364466 -0.123239 -0.149195 -0.508457 0.501842 0.640572 0.006377 0.642044 1.649418 
14.974095 -0.364423 -0.123289 -0.149299 -0.508489 0.501888 0.640489 0.006296 0.642088 1.649290 
14.974100 -0.364722 -0.123230 -0.149330 -0.508530 0.502020 0.640451 0.005963 0.642202 1.649313 
14.974105 -0.365003 -0.123173 -0.149377 -0.508561 0.502181 0.640408 0.005646 0.642355 1.649351 
14.974029 -0.365107 -0.123178 -0.149546 -0.508577 0.502421 0.640299 0.005411 0.642614 1.649317 
14.974114 -0.365271 -0.122949 -0.149608 -0.508601 0.502465 0.640207 0.005144 0.642420 1.649149 
14.974038 -0.365280 -0.122973 -0.149703 -0.508605 0.502485 0.640133 0.005143 0.642302 1.649306 
14.974022 -0.365456 -0.123202 -0.149410 -0.508640 0.502366 0.640278 0.004900 0.642508 1.649057 
14.974094 -0.365710 -0.123331 -0.149226 -0.508532 0.502373 0.640451 0.004693 0.642691 1.649060 
14.974044 -0.365713 -0.123602 -0.149215 -0.508291 0.502380 0.640533 0.004507 0.642719 1.648809 
14.974188 -0.365646 -0.123737 -0.148895 -0.508367 0.502582 0.640349 0.004400 0.642726 1.648826 
14.974022 -0.365781 -0.123572 -0.149178 -0.508184 0.502295 0.640367 0.004561 0.642773 1.648797 
14.973959 -0.365789 -0.123518 -0.149493 -0.508293 0.502070 0.640711 0.004476 0.642828 1.648800 
14.973920 -0.365610 -0.123491 -0.149134 -0.508229 0.502377 0.640562 0.004419 0.642742 1.648855 
14.973627 -0.365810 -0.123427 -0.149184 -0.508270 0.502618 0.640615 0.004565 0.642818 1.648728 
14.973677 -0.365780 -0.123358 -0.149072 -0.508297 0.502557 0.640688 0.004651 0.642824 1.648580 
14.973543 -0.365950 -0.123462 -0.149097 -0.508119 0.502531 0.640752 0.004679 0.642463 1.648849 
14.973671 -0.365888 -0.123307 -0.149219 -0.508282 0.502643 0.640567 0.004437 0.642719 1.648646 
14.973875 -0.365845 -0.123153 -0.149356 -0.507980 0.502818 0.640680 0.004548 0.642786 1.648688 
14.973654 -0.365759 -0.123362 -0.149329 -0.508301 0.502678 0.640525 0.004498 0.642608 1.648557 
14.973445 -0.365765 -0.123038 -0.149236 -0.508151 0.502444 0.640379 0.004486 0.642764 1.648702 
14.973661 -0.365956 -0.123345 -0.149054 -0.508337 0.502698 0.640545 0.004310 0.642774 1.648643 
14.973646 -0.366040 -0.123388 -0.148910 -0.508403 0.502730 0.640548 0.004168 0.642842 1.648634 
14.973632 -0.366076 -0.123442 -0.148745 -0.508465 0.502811 0.640503 0.004049 0.642869 1.648610 
14.973619 -0.366187 -0.123482 -0.148695 -0.508557 0.502783 0.640556 0.003887 0.642922 1.648568 
14.973684 -0.366294 -0.123440 -0.148600 -0.508506 0.502845 0.640615 0.003787 0.643031 1.648603 
14.973576 -0.366335 -0.123348 -0.148499 -0.508510 0.502752 0.640548 0.003698 0.643107 1.648637 
14.973632 -0.366390 -0.123280 -0.148466 -0.508691 0.502775 0.640549 0.003740 0.643102 1.648750 
14.973673 -0.366418 -0.123298 -0.148491 -0.508700 0.502764 0.640473 0.003764 0.643163 1.648716 
14.973681 -0.366589 -0.123375 -0.148410 -0.508646 0.502703 0.640451 0.003809 0.643070 1.648738 
14.973605 -0.366635 -0.123363 -0.148429 -0.508654 0.502763 0.640464 0.003849 0.643090 1.648713 
14.973553 -0.366654 -0.123511 -0.148438 -0.508663 0.502781 0.640460 0.003790 0.643201 1.648849 
14.973554 -0.366643 -0.123566 -0.148300 -0.508710 0.502728 0.640556 0.003850 0.643326 1.648785 
14.973548 -0.366624 -0.123537 -0.148371 -0.508678 0.502846 0.640406 0.003773 0.643175 1.648830 
14.973550 -0.366684 -0.123486 -0.148498 -0.508647 0.502906 0.640313 0.003656 0.643088 1.648885 
14.973545 -0.366710 -0.123520 -0.148509 -0.508710 0.502887 0.640343 0.003595 0.643078 1.648823 
14.973554 -0.366843 -0.123522 -0.148486 -0.508742 0.502937 0.640317 0.003418 0.643155 1.648815 
14.973559 -0.366975 -0.123526 -0.148465 -0.508777 0.502983 0.640287 0.003241 0.643230 1.648808 
14.973565 -0.367108 -0.123529 -0.148443 -0.508809 0.503032 0.640258 0.003064 0.643307 1.648802 
14.973556 -0.367237 -0.123546 -0.148431 -0.508865 0.503064 0.640223 0.002884 0.643372 1.648785 
14.973590 -0.367367 -0.123523 -0.148391 -0.508851 0.503139 0.640204 0.002729 0.643466 1.648801 
14.973636 -0.367500 -0.123560 -0.148393 -0.508888 0.503219 0.640208 0.002566 0.643527 1.648783 
14.973623 -0.367628 -0.123538 -0.148379 -0.508904 0.503261 0.640144 0.002389 0.643595 1.648803 
14.973638 -0.367759 -0.123574 -0.148396 -0.508958 0.503319 0.640117 0.002213 0.643640 1.648788 
14.973559 -0.367843 -0.123497 -0.148370 -0.508951 0.503304 0.639996 0.002075 0.643694 1.648843 
14.973547 -0.367825 -0.123549 -0.148188 -0.508995 0.503402 0.639927 0.002019 0.643726 1.648790 
14.973490 -0.367801 -0.123618 -0.148189 -0.508830 0.503387 0.639928 0.001933 0.643760 1.648668 
14.973476 -0.367867 -0.123646 -0.148141 -0.508802 0.503363 0.639949 0.001943 0.643692 1.648692 
14.973403 -0.367816 -0.123593 -0.148069 -0.508834 0.503415 0.640087 0.001804 0.643677 1.648726 
14.973553 -0.367748 -0.123618 -0.148007 -0.508830 0.503302 0.640061 0.001693 0.643660 1.648766 
14.973431 -0.367830 -0.123517 -0.148064 -0.508837 0.503419 0.640079 0.001797 0.643624 1.648653 
14.973251 -0.367902 -0.123567 -0.148104 -0.508847 0.503529 0.640117 0.001901 0.643715 1.648675 
14.973395 -0.367840 -0.123588 -0.148037 -0.508872 0.503337 0.640120 0.001815 0.643731 1.648687 
14.973416 -0.367918 -0.123603 -0.147895 -0.508881 0.503427 0.640099 0.001684 0.643812 1.648681 
14.973387 -0.367864 -0.123646 -0.148087 -0.508937 0.503338 0.640116 0.001768 0.643699 1.648656 
14.973246 -0.367738 -0.123640 -0.148069 -0.508971 0.503255 0.640043 0.001812 0.643610 1.648651 
14.973420 -0.367820 -0.123698 -0.148043 -0.508954 0.503376 0.640151 0.001815 0.643684 1.648614 
14.973341 -0.367918 -0.123551 -0.148242 -0.508882 0.503240 0.640141 0.001721 0.643697 1.648734 
14.973368 -0.367898 -0.123628 -0.148056 -0.508946 0.503343 0.640048 0.001726 0.643723 1.648671 
14.973357 -0.367894 -0.123643 -0.148057 -0.508911 0.503339 0.640047 0.001710 0.643730 1.648646 
14.973349 -0.367920 -0.123589 -0.148119 -0.508923 0.503303 0.640058 0.001707 0.643722 1.648703 
14.973363 -0.367926 -0.123640 -0.148037 -0.508934 0.503333 0.640057 0.001731 0.643695 1.648681 
14.973367 -0.367967 -0.123643 -0.148003 -0.508964 0.503363 0.640047 0.001665 0.643721 1.648688 
14.973372 -0.368009 -0.123645 -0.147970 -0.508994 0.503393 0.640037 0.001598 0.643748 1.648696 
14.973383 -0.368075 -0.123661 -0.147934 -0.509014 0.503412 0.640012 0.001550 0.643762 1.648704 
14.973391 -0.368138 -0.123677 -0.147896 -0.509036 0.503431 0.639988 0.001499 0.643775 1.648714 
14.973413 -0.368056 -0.123667 -0.147926 -0.509012 0.503388 0.640005 0.001531 0.643753 1.648715 
14.973325 -0.368113 -0.123651 -0.147949 -0.509018 0.503461 0.640026 0.001588 0.643780 1.648684 
14.973310 -0.368105 -0.123682 -0.147950 -0.509018 0.503458 0.640028 0.001592 0.643800 1.648713 
14.973335 -0.368178 -0.123659 -0.147911 -0.509040 0.503480 0.640002 0.001537 0.643788 1.648686 
14.973345 -0.368243 -0.123668 -0.147872 -0.509062 0.503499 0.639978 0.001486 0.643797 1.648689 
14.973313 -0.368286 -0.123651 -0.147827 -0.509093 0.503526 0.639971 0.001433 0.643785 1.648679 
14.973330 -0.368341 -0.123671 -0.147826 -0.509126 0.503559 0.640007 0.001385 0.643775 1.648659 
14.973341 -0.368395 -0.123648 -0.147772 -0.509137 0.503556 0.640040 0.001365 0.643816 1.648645 
14.973359 -0.368437 -0.123630 -0.147745 -0.509118 0.503624 0.640040 0.001327 0.643808 1.648665 
14.973377 -0.368481 -0.123618 -0.147720 -0.509175 0.503672 0.640019 0.001298 0.643820 1.648659 
14.973376 -0.368521 -0.123630 -0.147697 -0.509174 0.503712 0.639997 0.001241 0.643842 1.648614 
14.973371 -0.368585 -0.123607 -0.147709 -0.509186 0.503731 0.639981 0.001176 0.643858 1.648609 
14.973369 -0.368655 -0.123597 -0.147700 -0.509199 0.503759 0.639964 0.001118 0.643866 1.648595 
14.973370 -0.368702 -0.123615 -0.147664 -0.509203 0.503801 0.639943 0.001071 0.643875 1.648553 
14.973396 -0.368716 -0.123603 -0.147645 -0.509221 0.503814 0.639934 0.000982 0.643887 1.648548 
14.973383 -0.368746 -0.123618 -0.147632 -0.509241 0.503848 0.639932 0.000911 0.643928 1.648562 
14.973384 -0.368776 -0.123596 -0.147624 -0.509261 0.503886 0.639931 0.000835 0.643949 1.648541 
14.973398 -0.368815 -0.123587 -0.147604 -0.509293 0.503919 0.639918 0.000763 0.643965 1.648536 
14.973396 -0.368869 -0.123580 -0.147597 -0.509289 0.503930 0.639911 0.000680 0.643973 1.648530 
14.973395 -0.368916 -0.123578 -0.147583 -0.509288 0.503947 0.639905 0.000597 0.643983 1.648518 
14.973411 -0.368967 -0.123552 -0.147584 -0.509330 0.503966 0.639888 0.000537 0.643996 1.648536 
14.973411 -0.368981 -0.123526 -0.147574 -0.509353 0.504014 0.639893 0.000470 0.644021 1.648505 
14.973419 -0.369004 -0.123565 -0.147533 -0.509382 0.504046 0.639875 0.000414 0.644050 1.648518 
14.973381 -0.369060 -0.123587 -0.147537 -0.509392 0.504086 0.639866 0.000382 0.644094 1.648526 
14.973393 -0.369112 -0.123605 -0.147506 -0.509414 0.504120 0.639834 0.000330 0.644112 1.648509 
14.973398 -0.369159 -0.123624 -0.147477 -0.509428 0.504147 0.639815 0.000261 0.644130 1.648504 
14.973403 -0.369204 -0.123616 -0.147462 -0.509456 0.504198 0.639789 0.000219 0.644154 1.648467 
14.973374 -0.369242 -0.123614 -0.147463 -0.509461 0.504235 0.639801 0.000148 0.644189 1.648467 
14.973372 -0.369285 -0.123603 -0.147462 -0.509510 0.504265 0.639794 0.000097 0.644218 1.648501 
14.973361 -0.369365 -0.123585 -0.147482 -0.509506 0.504267 0.639775 0.000047 0.644223 1.648502 
14.973367 -0.369396 -0.123578 -0.147455 -0.509484 0.504345 0.639783 0.000024 0.644224 1.648536 
14.973369 -0.369441 -0.123568 -0.147406 -0.509495 0.504349 0.639816 0.000005 0.644286 1.648533 
14.973371 -0.369485 -0.123608 -0.147411 -0.509536 0.504383 0.639868 -0.000023 0.644276 1.648520 
14.973305 -0.369502 -0.123594 -0.147357 -0.509568 0.504397 0.639861 -0.000045 0.644256 1.648522 
14.973288 -0.369532 -0.123605 -0.147339 -0.509590 0.504440 0.639852 -0.000107 0.644303 1.648529 
14.973268 -0.369574 -0.123616 -0.147321 -0.509598 0.504479 0.639844 -0.000169 0.644345 1.648527 
14.973259 -0.369617 -0.123626 -0.147299 -0.509626 0.504519 0.639829 -0.000224 0.644387 1.648539 
14.973241 -0.369672 -0.123633 -0.147275 -0.509640 0.504556 0.639817 -0.000280 0.644421 1.648541 
14.973265 -0.369703 -0.123634 -0.147254 -0.509706 0.504575 0.639788 -0.000291 0.644440 1.648586 
14.973269 -0.369712 -0.123620 -0.147233 -0.509731 0.504611 0.639795 -0.000370 0.644472 1.648589 
14.973235 -0.369738 -0.123610 -0.147242 -0.509761 0.504668 0.639797 -0.000396 0.644530 1.648593 
14.973208 -0.369755 -0.123644 -0.147230 -0.509761 0.504670 0.639813 -0.000449 0.644564 1.648651 
14.973203 -0.369761 -0.123690 -0.147184 -0.509775 0.504712 0.639801 -0.000491 0.644607 1.648649 
14.973213 -0.369757 -0.123633 -0.147215 -0.509741 0.504701 0.639823 -0.000440 0.644549 1.648670 
14.973179 -0.369795 -0.123581 -0.147255 -0.509771 0.504638 0.639831 -0.000462 0.644534 1.648671 
14.973212 -0.369761 -0.123634 -0.147202 -0.509762 0.504654 0.639837 -0.000435 0.644587 1.648645 
14.973183 -0.369781 -0.123671 -0.147204 -0.509789 0.504700 0.639796 -0.000516 0.644593 1.648657 
14.973219 -0.369845 -0.123684 -0.147219 -0.509761 0.504711 0.639776 -0.000554 0.644632 1.648656 
14.973204 -0.369834 -0.123652 -0.147197 -0.509735 0.504706 0.639710 -0.000579 0.644677 1.648678 
14.973227 -0.369839 -0.123651 -0.147194 -0.509766 0.504705 0.639697 -0.000566 0.644678 1.648703 
14.973208 -0.369872 -0.123678 -0.147201 -0.509740 0.504737 0.639709 -0.000649 0.644721 1.648682 
14.973196 -0.369891 -0.123694 -0.147194 -0.509749 0.504766 0.639695 -0.000723 0.644771 1.648694 
14.973189 -0.369880 -0.123711 -0.147211 -0.509756 0.504785 0.639683 -0.000795 0.644827 1.648714 
14.973191 -0.369899 -0.123690 -0.147162 -0.509770 0.504817 0.639679 -0.000866 0.644847 1.648708 
14.973150 -0.369935 -0.123675 -0.147151 -0.509790 0.504874 0.639672 -0.000877 0.644900 1.648705 
14.973118 -0.369969 -0.123699 -0.147104 -0.509780 0.504876 0.639680 -0.000920 0.644921 1.648754 
14.973134 -0.369952 -0.123653 -0.147168 -0.509806 0.504846 0.639675 -0.000889 0.644895 1.648704 
14.973148 -0.369938 -0.123673 -0.147164 -0.509842 0.504824 0.639644 -0.000883 0.644922 1.648628 
14.973131 -0.369928 -0.123691 -0.147167 -0.509868 0.504838 0.639657 -0.000891 0.644897 1.648626 
14.973157 -0.369943 -0.123651 -0.147205 -0.509828 0.504861 0.639580 -0.000897 0.644881 1.648614 
14.973171 -0.369945 -0.123672 -0.147161 -0.509873 0.504824 0.639631 -0.000873 0.644925 1.648653 
14.973201 -0.369968 -0.123670 -0.147206 -0.509844 0.504849 0.639699 -0.000890 0.644928 1.648602 
14.973202 -0.369941 -0.123675 -0.147230 -0.509845 0.504847 0.639697 -0.000911 0.644950 1.648615 
14.973203 -0.369915 -0.123597 -0.147195 -0.509862 0.504865 0.639719 -0.000864 0.644925 1.648590 
14.973187 -0.369968 -0.123677 -0.147232 -0.509843 0.504848 0.639699 -0.000851 0.644933 1.648604 
14.973191 -0.370015 -0.123681 -0.147172 -0.509848 0.504865 0.639696 -0.000960 0.644959 1.648591 
14.973182 -0.370061 -0.123693 -0.147137 -0.509852 0.504880 0.639693 -0.001032 0.644990 1.648580 
14.973198 -0.370107 -0.123712 -0.147096 -0.509846 0.504874 0.639696 -0.001105 0.644990 1.648564 
14.973202 -0.370146 -0.123701 -0.147048 -0.509853 0.504890 0.639705 -0.001175 0.645006 1.648543 
14.973182 -0.370123 -0.123691 -0.147115 -0.509861 0.504845 0.639700 -0.001113 0.644984 1.648563 
14.973183 -0.370150 -0.123784 -0.147133 -0.509828 0.504858 0.639680 -0.001084 0.644995 1.648576 
14.973194 -0.370101 -0.123723 -0.147079 -0.509852 0.504854 0.639729 -0.001095 0.645010 1.648571 
14.973219 -0.370051 -0.123720 -0.147141 -0.509840 0.504863 0.639681 -0.001162 0.645005 1.648584 
14.973226 -0.370042 -0.123729 -0.147141 -0.509858 0.504852 0.639666 -0.001157 0.645017 1.648546 
14.973278 -0.370063 -0.123701 -0.147168 -0.509817 0.504870 0.639716 -0.001159 0.644947 1.648579 
14.973194 -0.370043 -0.123721 -0.147146 -0.509808 0.504863 0.639693 -0.001168 0.645002 1.648561 
14.973197 -0.370097 -0.123758 -0.147180 -0.509809 0.504879 0.639646 -0.001160 0.644986 1.648624 
14.973213 -0.370107 -0.123740 -0.147178 -0.509783 0.504866 0.639632 -0.001152 0.645011 1.648627 
14.973174 -0.370090 -0.123693 -0.147160 -0.509801 0.504927 0.639623 -0.001185 0.644963 1.648649 
14.973176 -0.370104 -0.123687 -0.147180 -0.509810 0.504954 0.639639 -0.001189 0.644990 1.648642 
14.973162 -0.370102 -0.123690 -0.147161 -0.509793 0.504942 0.639704 -0.001192 0.645004 1.648709 
14.973169 -0.370124 -0.123699 -0.147140 -0.509790 0.504938 0.639706 -0.001228 0.645004 1.648701 
14.973168 -0.370162 -0.123718 -0.147104 -0.509808 0.504969 0.639703 -0.001298 0.645031 1.648703 
14.973155 -0.370195 -0.123740 -0.147065 -0.509829 0.504997 0.639692 -0.001362 0.645069 1.648705 
14.973155 -0.370182 -0.123699 -0.147120 -0.509822 0.504941 0.639703 -0.001312 0.645026 1.648698 
14.973220 -0.370207 -0.123691 -0.147131 -0.509800 0.504951 0.639725 -0.001332 0.644971 1.648676 
14.973144 -0.370211 -0.123696 -0.147096 -0.509826 0.504946 0.639710 -0.001285 0.645019 1.648686 
14.973146 -0.370223 -0.123713 -0.147088 -0.509845 0.504960 0.639696 -0.001384 0.645054 1.648696 
14.973135 -0.370266 -0.123726 -0.147057 -0.509868 0.504979 0.639696 -0.001456 0.645084 1.648702 
14.973122 -0.370306 -0.123735 -0.147032 -0.509892 0.504992 0.639701 -0.001531 0.645114 1.648714 
14.973158 -0.370270 -0.123720 -0.147058 -0.509899 0.504977 0.639689 -0.001446 0.645085 1.648730 
14.973115 -0.370304 -0.123736 -0.147031 -0.509882 0.504993 0.639703 -0.001534 0.645113 1.648705 
14.973124 -0.370287 -0.123743 -0.147079 -0.509852 0.504986 0.639680 -0.001454 0.645074 1.648723 
14.973100 -0.370331 -0.123758 -0.147059 -0.509861 0.505002 0.639683 -0.001530 0.645101 1.648731 
14.973070 -0.370346 -0.123751 -0.147099 -0.509874 0.504976 0.639698 -0.001577 0.645117 1.648792 
14.973098 -0.370381 -0.123724 -0.147084 -0.509828 0.504956 0.639665 -0.001587 0.645174 1.648800 
14.973109 -0.370391 -0.123750 -0.147103 -0.509835 0.504948 0.639683 -0.001578 0.645196 1.648785 
14.973096 -0.370405 -0.123775 -0.147039 -0.509831 0.504915 0.639633 -0.001633 0.645168 1.648806 
14.973069 -0.370369 -0.123728 -0.147080 -0.509842 0.504957 0.639643 -0.001573 0.645198 1.648799 
14.973099 -0.370392 -0.123673 -0.147129 -0.509835 0.505022 0.639673 -0.001584 0.645192 1.648784 
14.973083 -0.370388 -0.123701 -0.147073 -0.509838 0.504935 0.639682 -0.001595 0.645176 1.648773 
14.973074 -0.370356 -0.123701 -0.147031 -0.509813 0.504960 0.639745 -0.001591 0.645211 1.648800 
14.973076 -0.370423 -0.123700 -0.147060 -0.509849 0.504940 0.639688 -0.001570 0.645169 1.648789 
14.973043 -0.370386 -0.123695 -0.147110 -0.509772 0.504914 0.639692 -0.001552 0.645158 1.648768 
14.973112 -0.370374 -0.123685 -0.147072 -0.509834 0.504922 0.639676 -0.001582 0.645164 1.648800 
14.973074 -0.370364 -0.123677 -0.147099 -0.509894 0.504908 0.639705 -0.001551 0.645212 1.648751 
