Start Optimization 
15.792768 -0.079642 -0.009452 -0.204713 0.763643 -0.375839 0.401606 0.533698 0.784958 0.153028 
16.792768 -0.079642 -0.009452 -0.204713 0.763643 -0.375839 0.401606 0.533698 0.784958 0.153028 
15.792768 0.920358 -0.009452 -0.204713 0.763643 -0.375839 0.401606 0.533698 0.784958 0.153028 
15.792768 -0.079642 0.990548 -0.204713 0.763643 -0.375839 0.401606 0.533698 0.784958 0.153028 
15.792768 -0.079642 -0.009452 0.795287 0.763643 -0.375839 0.401606 0.533698 0.784958 0.153028 
15.792768 -0.079642 -0.009452 -0.204713 1.763643 -0.375839 0.401606 0.533698 0.784958 0.153028 
15.792768 -0.079642 -0.009452 -0.204713 0.763643 0.624161 0.401606 0.533698 0.784958 0.153028 
15.792768 -0.079642 -0.009452 -0.204713 0.763643 -0.375839 1.401606 0.533698 0.784958 0.153028 
15.792768 -0.079642 -0.009452 -0.204713 0.763643 -0.375839 1.401606 1.533698 0.784958 0.153028 
15.792768 -0.079642 -0.009452 -0.204713 0.763643 -0.375839 1.401606 0.533698 1.784958 0.153028 
15.792768 -0.079642 -0.009452 -0.204713 0.763643 -0.375839 1.401606 0.533698 0.784958 1.153028 
15.792456 -0.320814 -0.216585 -1.148141 0.755222 -0.465814 1.402579 0.507178 0.783424 1.154435 
15.792638 -0.179907 -0.095566 0.275909 0.760142 -0.413245 1.402011 0.522672 0.784320 1.153613 
15.542768 -0.079318 -0.009452 -0.204713 0.763643 -0.375839 1.401606 0.533698 0.784958 1.153028 
15.543380 0.418872 -0.038797 -0.177019 0.762450 -0.388586 1.401744 0.529941 0.784741 1.153227 
15.542768 -0.079318 0.000703 -0.204713 0.513849 -0.375839 1.401606 0.533698 0.784958 1.153028 
15.542746 -0.072700 0.489273 -0.179201 0.784357 -0.387582 1.401733 0.530237 0.784758 1.153212 
15.542768 -0.079318 -0.009452 -0.204713 0.763643 -0.373135 1.651591 0.533698 0.784958 1.153028 
15.542759 -0.076554 -0.020001 -0.194056 0.763397 0.123897 1.396182 0.532252 0.784874 1.153105 
15.542768 -0.079318 -0.009452 -0.204713 0.763643 -0.375839 1.401606 0.548135 0.535375 1.153028 
15.542765 -0.078497 -0.012586 -0.201547 0.763570 -0.375093 1.401593 1.047282 0.564193 1.153051 
15.542768 -0.079405 -0.009526 -0.205051 0.763640 -0.375871 1.401606 0.548125 0.535375 1.403028 
15.542464 -0.184999 -0.266046 -0.620139 0.755561 -0.396289 1.401594 0.532092 0.532095 1.402811 
15.432360 -0.142641 -0.072661 -0.149689 0.871491 -0.434369 1.291906 0.541224 0.645486 1.403056 
15.641156 -0.163836 -0.220091 0.191622 0.658421 -0.359460 1.499874 0.534903 0.433730 1.403879 
15.519620 0.160325 -0.060571 -0.199929 0.785313 -0.393379 1.378327 0.543922 0.558318 1.403157 
15.556579 -0.079951 0.004141 -0.207090 0.750372 -0.496898 1.416728 0.549199 0.521602 1.403013 
15.510703 -0.071990 0.228611 -0.216849 0.806525 -0.349835 1.369214 0.539085 0.565707 1.403322 
15.544335 -0.080967 -0.012027 -0.198205 0.761968 -0.375810 1.403175 0.423687 0.526605 1.403031 
15.589031 -0.119120 -0.072985 0.021058 0.716075 -0.346712 1.447566 0.439938 0.481146 1.403589 
15.546606 -0.112529 -0.070678 -0.303426 0.758052 -0.368620 1.405385 0.418419 0.523082 1.403026 
15.490204 -0.080895 -0.011264 -0.198206 0.743947 -0.375614 1.421211 0.424728 0.508598 1.403031 
15.527740 -0.090067 0.092777 -0.252034 0.784165 -0.358908 1.385959 0.415265 0.542089 1.403182 
15.544061 -0.078265 -0.014681 -0.198141 0.813159 -0.375739 1.428387 0.425110 0.501434 1.403032 
15.531402 0.036310 -0.038799 -0.218748 0.769312 -0.379147 1.387320 0.419304 0.541752 1.403127 
15.541857 -0.082386 -0.013443 -0.196962 0.764388 -0.377599 1.356700 0.426074 0.485134 1.403032 
15.488368 -0.111459 -0.044589 -0.178539 0.816524 -0.403260 1.355461 0.418972 0.590537 1.403067 
15.544362 -0.081010 -0.012079 -0.198163 0.761940 -0.375812 1.403202 0.423696 0.526578 1.465531 
15.566407 -0.102666 -0.096398 -0.131796 0.735950 -0.335341 1.425277 0.426060 0.508462 1.402544 
15.552728 -0.082538 -0.013127 -0.199306 0.753409 -0.435920 1.412278 0.423837 0.518754 1.402973 
15.530485 -0.088731 -0.020652 -0.192920 0.775442 -0.382787 1.391396 0.422520 0.542474 1.403033 
15.544665 -0.083634 -0.016944 -0.205946 0.761496 -0.375231 1.403500 0.411403 0.525488 1.403031 
15.545000 -0.089638 -0.028736 -0.227319 0.760813 -0.373961 1.403836 0.429895 0.526106 1.403024 
15.542579 -0.089308 -0.016288 -0.235076 0.763800 -0.375492 1.401440 0.429199 0.528466 1.403044 
15.548826 -0.103178 -0.048632 -0.240273 0.756255 -0.362282 1.407733 0.424142 0.523037 1.402892 
15.547150 -0.079292 -0.064439 -0.251351 0.756205 -0.359592 1.405461 0.420715 0.525573 1.402859 
15.548071 -0.078999 -0.064131 -0.251699 0.755296 -0.361388 1.417282 0.420131 0.535516 1.402858 
15.552342 -0.082862 -0.076230 -0.259139 0.750412 -0.384638 1.407572 0.418201 0.517477 1.402788 
15.545005 -0.081169 -0.065185 -0.250524 0.746228 -0.360721 1.397613 0.420191 0.534064 1.402860 
15.532213 -0.088875 -0.077079 -0.247705 0.766605 -0.365674 1.390848 0.418485 0.544820 1.402849 
15.545739 -0.088852 -0.077196 -0.247589 0.771117 -0.365732 1.386335 0.418410 0.549339 1.402790 
15.547360 -0.090254 -0.095753 -0.249764 0.768110 -0.352979 1.388478 0.437698 0.550074 1.394186 
15.547340 -0.090547 -0.096393 -0.251164 0.768110 -0.352923 1.388459 0.443321 0.550420 1.408675 
15.549714 -0.090157 -0.112213 -0.243675 0.764908 -0.339477 1.390850 0.423249 0.548767 1.416550 
15.547055 -0.096812 -0.095034 -0.264288 0.768541 -0.348618 1.388231 0.439919 0.551018 1.408630 
15.539808 -0.077273 -0.089214 -0.280892 0.775845 -0.346350 1.380895 0.445578 0.559836 1.405372 
15.547260 -0.123318 -0.083029 -0.257996 0.770340 -0.345804 1.389294 0.448363 0.551020 1.406051 
15.549446 -0.099821 -0.101721 -0.269232 0.765941 -0.360406 1.389118 0.439877 0.547373 1.407973 
15.546617 -0.096949 -0.095283 -0.264053 0.768965 -0.347628 1.382345 0.440023 0.546029 1.408705 
15.547315 -0.097927 -0.101559 -0.261092 0.768000 -0.338721 1.383357 0.430100 0.546011 1.412550 
15.544051 -0.090578 -0.101452 -0.264795 0.771234 -0.328368 1.380133 0.425849 0.550223 1.413928 
15.542847 -0.099560 -0.097524 -0.260984 0.773232 -0.317446 1.379376 0.423897 0.551998 1.415043 
15.542583 -0.102005 -0.105955 -0.265423 0.773500 -0.311256 1.377739 0.414063 0.552117 1.418130 
15.541811 -0.100064 -0.097968 -0.259766 0.768313 -0.318330 1.375536 0.424202 0.556140 1.416069 
15.541475 -0.095621 -0.100088 -0.251770 0.770378 -0.315764 1.375986 0.427597 0.555920 1.427611 
15.548880 -0.099846 -0.097705 -0.259784 0.770008 -0.318225 1.373474 0.424211 0.558097 1.416040 
15.546106 -0.096535 -0.092837 -0.261673 0.757700 -0.312252 1.378652 0.423315 0.551325 1.416209 
15.546523 -0.096523 -0.097460 -0.261418 0.756934 -0.309340 1.379195 0.427958 0.551455 1.413296 
15.545300 -0.092085 -0.092254 -0.251982 0.757403 -0.310866 1.377503 0.416639 0.552041 1.407207 
15.545788 -0.092025 -0.092494 -0.251986 0.756907 -0.311158 1.383425 0.415766 0.556994 1.407431 
15.541616 -0.090168 -0.084154 -0.256024 0.757308 -0.305632 1.379854 0.416063 0.564044 1.400783 
15.541623 -0.100312 -0.078437 -0.252969 0.751901 -0.306515 1.379694 0.414522 0.565889 1.392820 
15.542125 -0.088267 -0.085800 -0.260248 0.755782 -0.310096 1.379741 0.414933 0.563570 1.397201 
15.538618 -0.076764 -0.082063 -0.252747 0.756593 -0.303672 1.377733 0.417243 0.568609 1.403831 
15.540869 -0.091439 -0.087731 -0.257005 0.754354 -0.303758 1.376825 0.412402 0.566667 1.402630 
15.540677 -0.091529 -0.090215 -0.262117 0.760825 -0.295082 1.379692 0.403840 0.563517 1.400835 
15.533711 -0.092091 -0.090552 -0.261989 0.759030 -0.295366 1.381818 0.403842 0.561456 1.400877 
15.541162 -0.102080 -0.088114 -0.259902 0.754829 -0.292052 1.376838 0.398429 0.567618 1.395948 
15.542855 -0.089015 -0.088108 -0.262830 0.755513 -0.292391 1.381295 0.403589 0.561003 1.401623 
15.536227 -0.082352 -0.092817 -0.259962 0.761210 -0.291973 1.374146 0.400489 0.571581 1.404282 
15.536261 -0.077598 -0.096702 -0.268076 0.758027 -0.299676 1.372483 0.396464 0.572748 1.397154 
15.536547 -0.081855 -0.097277 -0.258654 0.760428 -0.288972 1.374552 0.404304 0.571787 1.400448 
15.534294 -0.084835 -0.089871 -0.270451 0.761800 -0.292229 1.371698 0.401418 0.575645 1.413861 
15.537183 -0.082504 -0.094001 -0.259507 0.760675 -0.292888 1.380389 0.399594 0.575661 1.405257 
15.539181 -0.081207 -0.098106 -0.251460 0.760755 -0.298567 1.379842 0.390783 0.570448 1.409672 
15.535755 -0.080311 -0.088010 -0.257118 0.762854 -0.292527 1.378563 0.398351 0.575195 1.403641 
15.536373 -0.078321 -0.085027 -0.260491 0.764534 -0.294328 1.388621 0.401361 0.581440 1.395628 
15.534983 -0.079117 -0.081932 -0.265635 0.765262 -0.293770 1.387381 0.402455 0.583920 1.399193 
15.536537 -0.076096 -0.085498 -0.260807 0.766199 -0.295190 1.389418 0.402623 0.579853 1.396931 
15.537838 -0.077586 -0.087373 -0.255464 0.764088 -0.296539 1.390637 0.398156 0.579780 1.393307 
15.536333 -0.078391 -0.085663 -0.261728 0.766167 -0.292094 1.389301 0.399305 0.580583 1.395144 
15.535683 -0.076956 -0.088098 -0.259614 0.766249 -0.288119 1.387405 0.403406 0.580307 1.391699 
15.535361 -0.079908 -0.086680 -0.261204 0.768846 -0.293460 1.388515 0.399458 0.581518 1.394762 
15.536915 -0.079142 -0.088857 -0.256319 0.768243 -0.295740 1.390670 0.396042 0.579804 1.392616 
15.538861 -0.079687 -0.086488 -0.261260 0.769748 -0.293309 1.387446 0.399480 0.582487 1.394757 
15.533913 -0.081141 -0.084253 -0.263685 0.770510 -0.295911 1.388924 0.395864 0.584948 1.398191 
15.535701 -0.081357 -0.085927 -0.259369 0.769449 -0.292011 1.390273 0.400325 0.581716 1.396423 
15.536630 -0.084052 -0.084371 -0.263544 0.769277 -0.295581 1.388443 0.400448 0.576883 1.392691 
15.535805 -0.079914 -0.087260 -0.262486 0.768772 -0.293951 1.391217 0.400414 0.583055 1.393259 
15.536313 -0.082135 -0.092637 -0.262865 0.766635 -0.293661 1.388022 0.399484 0.581155 1.398170 
15.532806 -0.076900 -0.089160 -0.259761 0.769720 -0.290313 1.384759 0.400569 0.584571 1.393382 
15.534083 -0.078404 -0.087920 -0.260483 0.769283 -0.291886 1.386637 0.400013 0.583044 1.394072 
15.535575 -0.079522 -0.087256 -0.260009 0.768746 -0.294063 1.388870 0.398362 0.581386 1.394384 
15.535721 -0.079933 -0.087593 -0.259358 0.768886 -0.294697 1.388440 0.397806 0.580345 1.393340 
15.535575 -0.079663 -0.086799 -0.259230 0.769175 -0.294740 1.388491 0.397705 0.580458 1.393022 
15.535533 -0.079868 -0.087825 -0.259384 0.768933 -0.295606 1.388255 0.396328 0.580807 1.394017 
15.535533 -0.078739 -0.088274 -0.259370 0.769768 -0.296398 1.388487 0.396291 0.580146 1.394738 
15.535526 -0.079779 -0.087707 -0.259172 0.768503 -0.296226 1.388001 0.396788 0.581007 1.394053 
15.535494 -0.080693 -0.087877 -0.258303 0.769002 -0.295562 1.388563 0.395232 0.581317 1.394650 
15.535582 -0.080430 -0.087596 -0.258162 0.768552 -0.295237 1.388210 0.395033 0.580878 1.394987 
15.535689 -0.080324 -0.088251 -0.258923 0.768236 -0.295794 1.389125 0.394023 0.581812 1.393975 
15.535083 -0.079686 -0.089036 -0.258700 0.768401 -0.295354 1.388152 0.393539 0.582660 1.393471 
15.534809 -0.080388 -0.088285 -0.258936 0.768013 -0.295818 1.389384 0.394043 0.581573 1.393985 
15.534904 -0.081210 -0.087990 -0.260226 0.767862 -0.296451 1.389456 0.393070 0.581526 1.394047 
15.535433 -0.082099 -0.089105 -0.260697 0.767196 -0.296708 1.389843 0.392670 0.580890 1.393816 
15.535519 -0.082095 -0.089189 -0.261701 0.766722 -0.296345 1.390569 0.392718 0.581792 1.394861 
15.535439 -0.082571 -0.088778 -0.260683 0.766858 -0.296249 1.389770 0.392860 0.581138 1.393372 
15.535602 -0.081961 -0.088418 -0.261030 0.767471 -0.297592 1.390570 0.391530 0.580480 1.393240 
15.535078 -0.081947 -0.089026 -0.261611 0.767736 -0.297900 1.389459 0.390446 0.580878 1.392924 
15.533453 -0.082552 -0.088970 -0.261842 0.767821 -0.298155 1.389673 0.390484 0.580138 1.393218 
15.535055 -0.082304 -0.088993 -0.260983 0.767559 -0.298181 1.389484 0.390140 0.581223 1.393249 
15.535094 -0.082056 -0.088814 -0.261160 0.766596 -0.299611 1.388985 0.390746 0.581499 1.393091 
15.535057 -0.082005 -0.088767 -0.260923 0.766991 -0.297892 1.389238 0.389795 0.580821 1.393499 
15.535973 -0.082787 -0.088365 -0.260827 0.767478 -0.298229 1.388396 0.389189 0.580538 1.394328 
15.535975 -0.082752 -0.088491 -0.260231 0.767641 -0.298316 1.388105 0.389279 0.580081 1.393833 
15.536107 -0.082351 -0.089210 -0.259116 0.767340 -0.298486 1.388241 0.388016 0.580446 1.393736 
15.536120 -0.083223 -0.088645 -0.258730 0.766672 -0.297961 1.387996 0.387403 0.581025 1.392690 
15.535600 -0.082352 -0.087567 -0.258040 0.767298 -0.297906 1.387545 0.387197 0.581731 1.392772 
15.535891 -0.083280 -0.089128 -0.258754 0.766629 -0.297660 1.387347 0.387589 0.581324 1.392852 
15.536723 -0.083596 -0.088854 -0.257323 0.765902 -0.297567 1.388587 0.387688 0.580946 1.393009 
15.535376 -0.083649 -0.088606 -0.258567 0.766635 -0.298197 1.388104 0.387289 0.580838 1.392961 
15.535040 -0.083524 -0.089060 -0.259160 0.766724 -0.298501 1.387837 0.385903 0.580299 1.392098 
15.535401 -0.083933 -0.088908 -0.259998 0.766569 -0.298697 1.387994 0.384821 0.581132 1.393013 
15.535418 -0.083683 -0.088722 -0.260047 0.765877 -0.299190 1.387658 0.384924 0.581064 1.393062 
15.535514 -0.084165 -0.089201 -0.260051 0.766356 -0.300540 1.387745 0.385032 0.581962 1.392379 
15.535123 -0.083781 -0.089416 -0.260215 0.766028 -0.300373 1.388267 0.385098 0.582339 1.392217 
15.534704 -0.084337 -0.088898 -0.261831 0.765976 -0.300428 1.388234 0.384779 0.582297 1.391634 
15.535216 -0.084233 -0.089217 -0.259830 0.765608 -0.300069 1.388230 0.384876 0.582591 1.391805 
15.535567 -0.084041 -0.090143 -0.258885 0.765214 -0.300364 1.388586 0.383679 0.582540 1.392121 
15.535676 -0.084420 -0.090699 -0.258910 0.764580 -0.300614 1.388939 0.382035 0.582549 1.391874 
15.535061 -0.083316 -0.091528 -0.259578 0.764506 -0.300903 1.389855 0.381896 0.582719 1.392203 
15.535132 -0.083051 -0.090842 -0.259387 0.764699 -0.301151 1.390308 0.381683 0.582633 1.392083 
15.534535 -0.082409 -0.090684 -0.258789 0.765005 -0.301080 1.389453 0.380665 0.583524 1.392114 
15.536028 -0.081564 -0.090880 -0.259086 0.765010 -0.300720 1.389283 0.380441 0.583918 1.391495 
15.534798 -0.082626 -0.090474 -0.258964 0.764910 -0.301068 1.389605 0.380634 0.584055 1.392783 
15.535062 -0.082940 -0.090553 -0.257923 0.764378 -0.301375 1.390249 0.379840 0.584817 1.393526 
15.535069 -0.082706 -0.090343 -0.258012 0.763687 -0.301858 1.389906 0.379947 0.584744 1.393562 
15.534854 -0.083333 -0.089860 -0.259209 0.763413 -0.301962 1.389891 0.378700 0.584941 1.393387 
15.535135 -0.083797 -0.089939 -0.259937 0.764141 -0.303238 1.389504 0.377921 0.584930 1.393648 
15.535275 -0.083595 -0.089921 -0.259911 0.764123 -0.302946 1.389358 0.377586 0.584299 1.394171 
15.534882 -0.083925 -0.089098 -0.260974 0.763521 -0.302413 1.389409 0.376575 0.584569 1.394195 
15.534966 -0.083032 -0.090326 -0.260250 0.764086 -0.303096 1.389806 0.377540 0.584380 1.394342 
15.535020 -0.082376 -0.089776 -0.260257 0.763030 -0.304054 1.389029 0.378042 0.584355 1.394777 
15.534728 -0.083064 -0.090861 -0.260234 0.764014 -0.302864 1.389166 0.377416 0.584718 1.394454 
15.535265 -0.084008 -0.091832 -0.260773 0.763071 -0.302933 1.389473 0.377782 0.584190 1.394490 
15.535509 -0.082688 -0.090920 -0.260411 0.763999 -0.302685 1.389110 0.377301 0.585007 1.394270 
15.535306 -0.082322 -0.091290 -0.259863 0.763611 -0.303050 1.388944 0.376330 0.584381 1.393022 
15.535643 -0.082843 -0.090963 -0.259883 0.763739 -0.302834 1.389434 0.376911 0.585387 1.394642 
15.535559 -0.082336 -0.091472 -0.260458 0.765568 -0.302361 1.388422 0.377325 0.584997 1.394853 
15.535345 -0.082422 -0.090884 -0.260091 0.763682 -0.301982 1.389239 0.377664 0.585020 1.394171 
15.535433 -0.082864 -0.090891 -0.260581 0.764098 -0.302429 1.389266 0.377053 0.585068 1.394184 
15.535248 -0.082797 -0.090422 -0.261109 0.763675 -0.302455 1.388957 0.376753 0.585248 1.394321 
15.535364 -0.083015 -0.090619 -0.261253 0.763377 -0.302464 1.389033 0.376842 0.585125 1.394312 
15.535196 -0.082841 -0.090526 -0.261463 0.764402 -0.302266 1.388703 0.376397 0.585337 1.394545 
15.535232 -0.082930 -0.090371 -0.261214 0.763748 -0.302494 1.389031 0.377037 0.585585 1.394351 
15.535016 -0.082710 -0.090531 -0.261016 0.763650 -0.302686 1.388861 0.376348 0.585345 1.393525 
15.534890 -0.082216 -0.090445 -0.261303 0.763728 -0.302931 1.389530 0.376168 0.585116 1.393446 
15.535154 -0.082766 -0.090127 -0.260896 0.763686 -0.302665 1.388854 0.376302 0.585160 1.393508 
15.535114 -0.083198 -0.090740 -0.261062 0.763826 -0.302792 1.388778 0.376126 0.585337 1.392775 
15.534823 -0.082935 -0.090790 -0.260795 0.763639 -0.302095 1.388629 0.375973 0.585309 1.392377 
15.534828 -0.083028 -0.090888 -0.260266 0.763422 -0.302095 1.388758 0.375290 0.585646 1.392486 
15.534043 -0.083394 -0.090877 -0.259947 0.763389 -0.302219 1.388787 0.375117 0.585451 1.392612 
15.534048 -0.083387 -0.090835 -0.259774 0.763114 -0.302363 1.388907 0.375369 0.585533 1.392453 
15.534018 -0.083243 -0.091058 -0.259448 0.763304 -0.302241 1.388502 0.374383 0.585596 1.392623 
15.533974 -0.083432 -0.090736 -0.260235 0.763091 -0.302257 1.388662 0.374976 0.585511 1.392596 
15.533761 -0.083662 -0.090392 -0.260332 0.763287 -0.301951 1.388943 0.374895 0.586225 1.392578 
15.533864 -0.083924 -0.090442 -0.260236 0.763216 -0.301811 1.388668 0.375042 0.586297 1.392720 
15.533900 -0.084016 -0.090581 -0.260462 0.762933 -0.301543 1.389509 0.374650 0.585973 1.392719 
15.533787 -0.083996 -0.090986 -0.260601 0.762917 -0.301616 1.389524 0.374699 0.586157 1.392736 
15.534196 -0.084624 -0.090569 -0.260580 0.763162 -0.302111 1.389581 0.374435 0.585991 1.392484 
15.534262 -0.084565 -0.090500 -0.260556 0.763126 -0.302312 1.389684 0.374436 0.586066 1.392894 
15.533830 -0.084861 -0.090040 -0.261152 0.763106 -0.302226 1.389703 0.374419 0.585880 1.393156 
15.533956 -0.084667 -0.090537 -0.260291 0.763062 -0.302380 1.389637 0.374213 0.586037 1.392927 
15.534237 -0.084485 -0.090601 -0.259940 0.762821 -0.302318 1.389489 0.373497 0.586376 1.392865 
15.534241 -0.084500 -0.090501 -0.259466 0.762171 -0.302551 1.389711 0.373627 0.586670 1.392567 
15.534174 -0.084589 -0.090407 -0.259376 0.762403 -0.302391 1.389900 0.373655 0.586974 1.392567 
15.534365 -0.084484 -0.090741 -0.258606 0.762569 -0.302383 1.389967 0.373272 0.586831 1.392611 
15.534065 -0.084327 -0.090353 -0.259477 0.762476 -0.302531 1.390172 0.373510 0.586902 1.392426 
15.533736 -0.084437 -0.090003 -0.259765 0.762108 -0.302488 1.389968 0.372939 0.587250 1.392466 
15.534290 -0.084165 -0.089785 -0.260016 0.761928 -0.302669 1.390120 0.372913 0.587620 1.392952 
15.533711 -0.084554 -0.090346 -0.259907 0.761966 -0.302387 1.390186 0.372881 0.587281 1.392530 
15.533463 -0.084284 -0.090798 -0.259996 0.762104 -0.302776 1.389809 0.372990 0.587804 1.392439 
15.533862 -0.084858 -0.090340 -0.259969 0.762082 -0.302668 1.390222 0.372776 0.587290 1.392407 
15.534233 -0.084767 -0.090327 -0.260277 0.761955 -0.302271 1.390092 0.372674 0.587484 1.391718 
15.533326 -0.085207 -0.089986 -0.260399 0.761701 -0.302813 1.390389 0.372925 0.587419 1.392358 
15.533882 -0.084849 -0.090416 -0.259726 0.762051 -0.302650 1.390204 0.372366 0.587338 1.392439 
15.533871 -0.084850 -0.090477 -0.259825 0.762280 -0.302536 1.390089 0.372019 0.587274 1.392586 
15.533859 -0.084617 -0.090537 -0.259715 0.762367 -0.302655 1.390354 0.371782 0.587198 1.392468 
15.533883 -0.084727 -0.090553 -0.259453 0.762555 -0.302498 1.390493 0.371698 0.587462 1.392492 
15.534019 -0.084760 -0.090726 -0.259146 0.762459 -0.302505 1.390409 0.371423 0.587424 1.392533 
15.533730 -0.084801 -0.090595 -0.259400 0.762590 -0.302457 1.390458 0.371709 0.587373 1.392373 
15.533626 -0.084781 -0.090331 -0.259564 0.762418 -0.302526 1.390581 0.371487 0.587653 1.392491 
15.533570 -0.084990 -0.090262 -0.259712 0.762685 -0.302744 1.390790 0.371479 0.587674 1.392535 
15.533701 -0.084849 -0.090218 -0.259560 0.762380 -0.302419 1.390672 0.371466 0.587530 1.392488 
15.533772 -0.084766 -0.090326 -0.259764 0.762474 -0.302420 1.390552 0.371399 0.587820 1.392136 
15.533795 -0.084726 -0.090160 -0.259682 0.762549 -0.302487 1.390444 0.371396 0.587808 1.392099 
15.533585 -0.084446 -0.090043 -0.259750 0.762688 -0.302250 1.390539 0.371443 0.587890 1.392166 
15.533794 -0.084635 -0.090160 -0.259602 0.762495 -0.302577 1.390592 0.371437 0.587803 1.391997 
15.533753 -0.084826 -0.090028 -0.259571 0.762323 -0.302537 1.390558 0.371744 0.588037 1.391969 
15.533742 -0.084674 -0.090166 -0.259438 0.762362 -0.302610 1.390578 0.371024 0.587935 1.391995 
15.533671 -0.084692 -0.090157 -0.259334 0.762185 -0.302678 1.390540 0.370605 0.588030 1.391985 
15.533664 -0.084764 -0.090137 -0.259180 0.762078 -0.302680 1.390565 0.370176 0.588140 1.391955 
15.533646 -0.084816 -0.090117 -0.259040 0.761951 -0.302705 1.390587 0.369743 0.588236 1.391919 
15.533640 -0.084877 -0.090096 -0.258892 0.761837 -0.302719 1.390620 0.369311 0.588335 1.391881 
15.533472 -0.084802 -0.090108 -0.258895 0.761581 -0.302879 1.390480 0.369010 0.588385 1.391910 
15.533499 -0.084640 -0.090086 -0.258849 0.761466 -0.303049 1.390713 0.368772 0.588250 1.391716 
15.533753 -0.084447 -0.090150 -0.258756 0.761414 -0.303157 1.390728 0.368683 0.588472 1.391944 
15.533564 -0.084567 -0.090118 -0.258777 0.761364 -0.302913 1.390628 0.368791 0.588187 1.391659 
15.533197 -0.084806 -0.090169 -0.258780 0.761681 -0.303260 1.390790 0.368691 0.588310 1.391687 
15.533606 -0.084782 -0.090135 -0.258825 0.761398 -0.303166 1.390666 0.368812 0.588220 1.391671 
15.533566 -0.084913 -0.089826 -0.258953 0.761191 -0.303162 1.390825 0.368877 0.588405 1.391639 
15.533599 -0.084875 -0.089870 -0.259048 0.761240 -0.303163 1.390767 0.368861 0.588530 1.391483 
15.533718 -0.084900 -0.089581 -0.259199 0.761415 -0.303248 1.390594 0.368702 0.588380 1.391522 
15.533649 -0.084992 -0.089929 -0.259081 0.761246 -0.303045 1.390825 0.368717 0.588544 1.391506 
15.533616 -0.084956 -0.090093 -0.259478 0.761162 -0.303111 1.390908 0.368777 0.588415 1.391622 
15.533735 -0.084973 -0.089904 -0.259084 0.761375 -0.303007 1.390974 0.368809 0.588509 1.391472 
15.533852 -0.085361 -0.090022 -0.259025 0.761181 -0.303162 1.390694 0.368810 0.588614 1.391503 
15.533701 -0.085464 -0.090037 -0.259013 0.761273 -0.303250 1.390744 0.368739 0.588659 1.391488 
15.533742 -0.085428 -0.090043 -0.259007 0.761284 -0.303295 1.390764 0.368715 0.588725 1.391554 
15.533773 -0.085464 -0.090042 -0.258952 0.761201 -0.303266 1.390770 0.368535 0.588843 1.391566 
15.533797 -0.085508 -0.090080 -0.258977 0.761097 -0.303260 1.390790 0.368357 0.588946 1.391607 
15.533818 -0.085532 -0.090115 -0.258973 0.760995 -0.303262 1.390794 0.368194 0.589088 1.391608 
15.533878 -0.085622 -0.090105 -0.258948 0.760929 -0.303239 1.390843 0.368019 0.589136 1.391692 
15.533948 -0.085663 -0.090148 -0.259002 0.760868 -0.303300 1.390906 0.367897 0.589230 1.391806 
15.533884 -0.085777 -0.090172 -0.259027 0.760793 -0.303255 1.390926 0.367715 0.589246 1.391803 
15.534000 -0.085850 -0.090205 -0.259054 0.760637 -0.303169 1.390861 0.367664 0.589236 1.391800 
15.533951 -0.085874 -0.090197 -0.259078 0.760676 -0.303029 1.390781 0.367657 0.589346 1.391927 
15.533937 -0.085870 -0.090290 -0.259021 0.760666 -0.303004 1.390817 0.367678 0.589340 1.391943 
15.533986 -0.085817 -0.090374 -0.258997 0.760740 -0.303024 1.390704 0.367522 0.589279 1.391960 
15.533940 -0.085815 -0.090357 -0.258957 0.760684 -0.303075 1.390656 0.367532 0.589260 1.392009 
15.533920 -0.085707 -0.090325 -0.258934 0.760563 -0.303012 1.390721 0.367390 0.589235 1.392058 
15.533936 -0.085797 -0.090331 -0.258821 0.760477 -0.303027 1.390721 0.367225 0.589289 1.392077 
15.533953 -0.085911 -0.090337 -0.258733 0.760398 -0.303033 1.390739 0.367057 0.589281 1.392140 
15.533933 -0.085955 -0.090388 -0.258672 0.760281 -0.303064 1.390710 0.366898 0.589380 1.392117 
15.533978 -0.085896 -0.090369 -0.258800 0.760385 -0.303082 1.390774 0.367051 0.589301 1.392205 
15.533929 -0.085908 -0.090291 -0.258764 0.760391 -0.302941 1.390791 0.367033 0.589089 1.392224 
15.534038 -0.085914 -0.090347 -0.258739 0.760337 -0.303001 1.390697 0.367088 0.589271 1.392139 
15.534058 -0.085860 -0.090248 -0.258596 0.760481 -0.303061 1.390791 0.367075 0.589307 1.392229 
15.533925 -0.085923 -0.090333 -0.258744 0.760418 -0.302969 1.390692 0.367063 0.589333 1.392207 
15.533877 -0.085960 -0.090341 -0.258687 0.760359 -0.303165 1.390623 0.367141 0.589210 1.392209 
15.533976 -0.085903 -0.090268 -0.258781 0.760423 -0.303060 1.390682 0.367006 0.589274 1.392128 
15.533944 -0.085996 -0.090118 -0.258830 0.760331 -0.303054 1.390771 0.367073 0.589337 1.392111 
15.533954 -0.086082 -0.090152 -0.258824 0.760390 -0.303056 1.390800 0.367080 0.589326 1.392069 
15.534032 -0.086027 -0.090118 -0.259021 0.760355 -0.302973 1.390715 0.367036 0.589349 1.392163 
15.533923 -0.086031 -0.090119 -0.258837 0.760320 -0.303101 1.390718 0.367107 0.589308 1.392144 
15.533972 -0.085993 -0.090099 -0.258815 0.760352 -0.303059 1.390776 0.367085 0.589339 1.392134 
15.533928 -0.085998 -0.090106 -0.258804 0.760312 -0.303057 1.390787 0.366988 0.589364 1.392097 
15.533902 -0.085983 -0.090092 -0.258784 0.760302 -0.303058 1.390808 0.366910 0.589396 1.392066 
15.533945 -0.085987 -0.090051 -0.258737 0.760324 -0.303069 1.390825 0.366873 0.589416 1.392105 
15.533924 -0.085991 -0.090034 -0.258729 0.760317 -0.303036 1.390860 0.366841 0.589343 1.392128 
15.533928 -0.085997 -0.090017 -0.258713 0.760317 -0.303011 1.390831 0.366844 0.589339 1.392110 
15.533970 -0.086001 -0.090058 -0.258701 0.760251 -0.303039 1.390881 0.366805 0.589347 1.392116 
15.533938 -0.086019 -0.090090 -0.258670 0.760238 -0.302993 1.390892 0.366794 0.589394 1.392161 
15.533960 -0.086041 -0.090091 -0.258722 0.760235 -0.302960 1.390880 0.366734 0.589421 1.392188 
15.533928 -0.086082 -0.090094 -0.258697 0.760207 -0.302988 1.390857 0.366682 0.589439 1.392226 
15.533915 -0.086085 -0.090093 -0.258672 0.760176 -0.302968 1.390875 0.366621 0.589489 1.392262 
15.533901 -0.086088 -0.090091 -0.258646 0.760146 -0.302947 1.390894 0.366562 0.589539 1.392299 
15.533863 -0.086074 -0.090088 -0.258629 0.760156 -0.302900 1.390918 0.366542 0.589595 1.392339 
15.533878 -0.086011 -0.090064 -0.258635 0.760092 -0.302905 1.390901 0.366526 0.589600 1.392365 
15.533877 -0.086034 -0.090037 -0.258645 0.760073 -0.302903 1.390916 0.366547 0.589608 1.392368 
15.533873 -0.086044 -0.090011 -0.258644 0.760052 -0.302909 1.390961 0.366497 0.589636 1.392310 
15.533938 -0.086057 -0.089974 -0.258605 0.760077 -0.302923 1.390985 0.366482 0.589647 1.392341 
15.533950 -0.086059 -0.089980 -0.258600 0.760076 -0.302927 1.390960 0.366495 0.589683 1.392327 
15.533949 -0.086083 -0.089959 -0.258563 0.760051 -0.302854 1.390962 0.366473 0.589619 1.392324 
15.533941 -0.086076 -0.089972 -0.258529 0.760037 -0.302867 1.390980 0.366493 0.589617 1.392321 
15.533989 -0.086117 -0.090004 -0.258593 0.760016 -0.302833 1.391001 0.366455 0.589628 1.392349 
15.533973 -0.086141 -0.090006 -0.258583 0.760004 -0.302854 1.390984 0.366435 0.589629 1.392365 
15.533955 -0.086189 -0.089944 -0.258594 0.759995 -0.302856 1.391006 0.366395 0.589631 1.392400 
15.533951 -0.086199 -0.089904 -0.258592 0.759984 -0.302860 1.391014 0.366313 0.589627 1.392435 
15.533976 -0.086245 -0.089859 -0.258612 0.759961 -0.302901 1.391014 0.366286 0.589583 1.392428 
15.533970 -0.086262 -0.089870 -0.258606 0.759985 -0.302901 1.391029 0.366268 0.589587 1.392399 
15.533942 -0.086315 -0.089869 -0.258594 0.760041 -0.302882 1.391045 0.366231 0.589592 1.392434 
15.533872 -0.086324 -0.089866 -0.258627 0.760007 -0.302864 1.391058 0.366197 0.589606 1.392403 
15.533884 -0.086348 -0.089838 -0.258614 0.759995 -0.302866 1.391054 0.366169 0.589689 1.392379 
15.533859 -0.086350 -0.089833 -0.258554 0.759965 -0.302886 1.391121 0.366164 0.589692 1.392377 
15.533869 -0.086360 -0.089827 -0.258537 0.759953 -0.302847 1.391115 0.366163 0.589678 1.392366 
15.533885 -0.086333 -0.089814 -0.258598 0.759978 -0.302859 1.391193 0.366147 0.589708 1.392370 
15.533844 -0.086334 -0.089796 -0.258547 0.759985 -0.302886 1.391116 0.366173 0.589688 1.392366 
15.533837 -0.086340 -0.089855 -0.258533 0.759964 -0.302906 1.391117 0.366081 0.589709 1.392347 
15.533807 -0.086343 -0.089881 -0.258515 0.759962 -0.302929 1.391118 0.366006 0.589734 1.392310 
15.533782 -0.086330 -0.089867 -0.258503 0.759945 -0.302925 1.391108 0.365936 0.589752 1.392367 
15.533807 -0.086324 -0.089833 -0.258518 0.759886 -0.302969 1.391098 0.365898 0.589727 1.392346 
15.533800 -0.086247 -0.089857 -0.258506 0.759845 -0.302966 1.391085 0.365888 0.589761 1.392330 
15.533830 -0.086254 -0.089846 -0.258488 0.759852 -0.302973 1.391079 0.365888 0.589792 1.392331 
15.533798 -0.086216 -0.089885 -0.258486 0.759859 -0.302989 1.391094 0.365823 0.589708 1.392335 
15.533801 -0.086211 -0.089892 -0.258548 0.759880 -0.302971 1.391032 0.365786 0.589712 1.392322 
15.533805 -0.086204 -0.089879 -0.258513 0.759870 -0.302994 1.391128 0.365816 0.589721 1.392337 
15.533812 -0.086224 -0.089867 -0.258470 0.759836 -0.302912 1.391117 0.365791 0.589694 1.392305 
15.533794 -0.086208 -0.089832 -0.258461 0.759856 -0.302914 1.391112 0.365793 0.589691 1.392292 
15.533720 -0.086225 -0.089828 -0.258449 0.759809 -0.302932 1.391112 0.365755 0.589690 1.392282 
15.533673 -0.086208 -0.089804 -0.258444 0.759749 -0.302932 1.391100 0.365737 0.589653 1.392320 
15.533739 -0.086226 -0.089818 -0.258460 0.759788 -0.302953 1.391111 0.365760 0.589673 1.392255 
15.533664 -0.086234 -0.089876 -0.258427 0.759819 -0.302934 1.391121 0.365754 0.589688 1.392221 
15.533713 -0.086258 -0.089821 -0.258461 0.759826 -0.302931 1.391120 0.365759 0.589663 1.392289 
15.533734 -0.086265 -0.089804 -0.258408 0.759810 -0.302963 1.391101 0.365698 0.589730 1.392282 
15.533716 -0.086306 -0.089772 -0.258420 0.759780 -0.302947 1.391088 0.365734 0.589794 1.392272 
15.533734 -0.086267 -0.089810 -0.258428 0.759816 -0.302953 1.391061 0.365683 0.589727 1.392275 
15.533725 -0.086251 -0.089793 -0.258462 0.759818 -0.302978 1.391146 0.365640 0.589763 1.392277 
15.533719 -0.086219 -0.089724 -0.258435 0.759866 -0.302989 1.391144 0.365620 0.589777 1.392256 
15.533737 -0.086255 -0.089786 -0.258455 0.759808 -0.302939 1.391158 0.365626 0.589757 1.392263 
15.533766 -0.086271 -0.089823 -0.258449 0.759808 -0.303007 1.391163 0.365583 0.589804 1.392299 
15.533770 -0.086317 -0.089810 -0.258459 0.759777 -0.303011 1.391169 0.365579 0.589886 1.392303 
15.533739 -0.086319 -0.089800 -0.258443 0.759717 -0.303031 1.391170 0.365521 0.589886 1.392340 
15.533691 -0.086337 -0.089833 -0.258414 0.759688 -0.303057 1.391183 0.365467 0.589904 1.392316 
15.533661 -0.086385 -0.089837 -0.258401 0.759661 -0.303086 1.391203 0.365402 0.589904 1.392336 
15.533625 -0.086349 -0.089873 -0.258377 0.759636 -0.303073 1.391208 0.365364 0.589951 1.392368 
15.533634 -0.086321 -0.089880 -0.258371 0.759565 -0.303114 1.391209 0.365330 0.589966 1.392338 
15.533576 -0.086343 -0.089847 -0.258389 0.759521 -0.303102 1.391207 0.365354 0.590008 1.392321 
15.533573 -0.086343 -0.089851 -0.258415 0.759528 -0.303094 1.391173 0.365332 0.590010 1.392314 
15.533580 -0.086368 -0.089858 -0.258347 0.759506 -0.303094 1.391109 0.365332 0.590016 1.392318 
15.533568 -0.086361 -0.089860 -0.258352 0.759519 -0.303134 1.391097 0.365344 0.590023 1.392330 
15.533579 -0.086344 -0.089792 -0.258313 0.759540 -0.303096 1.391113 0.365291 0.590039 1.392294 
15.533554 -0.086325 -0.089783 -0.258309 0.759532 -0.303093 1.391106 0.365290 0.590003 1.392299 
15.533581 -0.086361 -0.089834 -0.258281 0.759516 -0.303077 1.391119 0.365232 0.590067 1.392252 
15.533610 -0.086375 -0.089845 -0.258260 0.759469 -0.303051 1.391117 0.365167 0.590100 1.392257 
15.533636 -0.086402 -0.089849 -0.258244 0.759423 -0.303034 1.391120 0.365097 0.590127 1.392274 
15.533677 -0.086369 -0.089866 -0.258229 0.759385 -0.302973 1.391096 0.365117 0.590145 1.392257 
15.533616 -0.086397 -0.089861 -0.258236 0.759443 -0.303011 1.391122 0.365095 0.590141 1.392301 
15.533597 -0.086337 -0.089864 -0.258246 0.759439 -0.303069 1.391136 0.365065 0.590179 1.392309 
15.533645 -0.086386 -0.089878 -0.258228 0.759465 -0.303017 1.391123 0.365083 0.590120 1.392310 
15.533645 -0.086439 -0.089853 -0.258256 0.759474 -0.303025 1.391130 0.365115 0.590213 1.392291 
15.533645 -0.086433 -0.089857 -0.258298 0.759480 -0.303008 1.391136 0.365101 0.590208 1.392283 
15.533627 -0.086447 -0.089843 -0.258263 0.759489 -0.303035 1.391038 0.365094 0.590220 1.392284 
15.533631 -0.086435 -0.089803 -0.258253 0.759505 -0.303023 1.391043 0.365083 0.590221 1.392278 
15.533560 -0.086476 -0.089849 -0.258246 0.759484 -0.303031 1.391058 0.365078 0.590233 1.392225 
15.533547 -0.086500 -0.089835 -0.258256 0.759493 -0.303052 1.391068 0.365068 0.590217 1.392248 
15.533515 -0.086500 -0.089795 -0.258281 0.759432 -0.303035 1.391059 0.365105 0.590245 1.392272 
15.533529 -0.086514 -0.089798 -0.258272 0.759410 -0.303026 1.391061 0.365070 0.590257 1.392281 
15.533537 -0.086564 -0.089827 -0.258241 0.759382 -0.303013 1.391041 0.365038 0.590301 1.392318 
15.533581 -0.086604 -0.089819 -0.258237 0.759324 -0.303052 1.391024 0.365021 0.590301 1.392287 
15.533574 -0.086568 -0.089828 -0.258237 0.759299 -0.303114 1.391028 0.364980 0.590350 1.392296 
15.533567 -0.086557 -0.089845 -0.258207 0.759231 -0.303131 1.391008 0.364932 0.590322 1.392311 
15.533587 -0.086578 -0.089865 -0.258255 0.759190 -0.303140 1.391001 0.364871 0.590354 1.392305 
15.533618 -0.086597 -0.089887 -0.258264 0.759134 -0.303155 1.391052 0.364837 0.590384 1.392311 
15.533643 -0.086614 -0.089863 -0.258270 0.759098 -0.303169 1.391031 0.364767 0.590426 1.392305 
15.533653 -0.086640 -0.089881 -0.258299 0.759046 -0.303203 1.390999 0.364729 0.590467 1.392304 
15.533666 -0.086666 -0.089898 -0.258320 0.758983 -0.303213 1.390970 0.364671 0.590479 1.392304 
15.533680 -0.086691 -0.089912 -0.258337 0.758919 -0.303231 1.390941 0.364616 0.590499 1.392305 
15.533678 -0.086698 -0.089915 -0.258350 0.758909 -0.303293 1.390925 0.364631 0.590572 1.392307 
15.533645 -0.086713 -0.089917 -0.258342 0.758907 -0.303290 1.390938 0.364625 0.590579 1.392277 
15.533721 -0.086734 -0.089932 -0.258405 0.758908 -0.303268 1.390973 0.364625 0.590598 1.392300 
15.533707 -0.086758 -0.089919 -0.258414 0.758918 -0.303287 1.390983 0.364616 0.590583 1.392325 
15.533698 -0.086733 -0.089977 -0.258391 0.758937 -0.303229 1.390956 0.364595 0.590639 1.392346 
15.533717 -0.086745 -0.089999 -0.258376 0.758959 -0.303247 1.390953 0.364585 0.590629 1.392331 
15.533713 -0.086703 -0.090018 -0.258431 0.758988 -0.303268 1.390927 0.364541 0.590618 1.392303 
15.533726 -0.086759 -0.089967 -0.258375 0.758976 -0.303234 1.390932 0.364576 0.590640 1.392321 
15.533721 -0.086791 -0.090048 -0.258389 0.758949 -0.303244 1.390895 0.364622 0.590608 1.392323 
15.533724 -0.086753 -0.089999 -0.258369 0.758925 -0.303250 1.390943 0.364552 0.590627 1.392333 
15.533780 -0.086746 -0.090035 -0.258311 0.758930 -0.303279 1.390963 0.364526 0.590641 1.392323 
15.533775 -0.086793 -0.090032 -0.258308 0.758954 -0.303332 1.390985 0.364493 0.590615 1.392369 
15.533789 -0.086791 -0.090040 -0.258287 0.758968 -0.303279 1.391005 0.364467 0.590542 1.392369 
15.533790 -0.086813 -0.090041 -0.258334 0.758953 -0.303319 1.391010 0.364489 0.590628 1.392361 
15.533734 -0.086845 -0.090057 -0.258305 0.758953 -0.303329 1.391034 0.364465 0.590642 1.392303 
15.533746 -0.086841 -0.090032 -0.258310 0.758940 -0.303350 1.391047 0.364476 0.590623 1.392281 
15.533753 -0.086906 -0.090117 -0.258304 0.758939 -0.303351 1.391000 0.364478 0.590637 1.392288 
15.533733 -0.086864 -0.090045 -0.258280 0.758936 -0.303317 1.391047 0.364488 0.590648 1.392319 
15.533716 -0.086796 -0.090021 -0.258301 0.758956 -0.303324 1.391088 0.364425 0.590673 1.392324 
15.533704 -0.086781 -0.090050 -0.258308 0.758935 -0.303334 1.391104 0.364437 0.590662 1.392335 
15.533730 -0.086814 -0.090008 -0.258288 0.758973 -0.303334 1.391105 0.364355 0.590733 1.392324 
15.533741 -0.086820 -0.090007 -0.258264 0.758997 -0.303281 1.391136 0.364299 0.590692 1.392318 
15.533742 -0.086815 -0.090009 -0.258251 0.759082 -0.303285 1.391177 0.364317 0.590716 1.392312 
15.533722 -0.086843 -0.089995 -0.258280 0.759007 -0.303296 1.391139 0.364292 0.590676 1.392341 
15.533701 -0.086850 -0.089972 -0.258307 0.758939 -0.303264 1.391106 0.364253 0.590677 1.392337 
15.533668 -0.086847 -0.089972 -0.258277 0.758940 -0.303277 1.391097 0.364247 0.590672 1.392321 
15.533740 -0.086823 -0.089963 -0.258271 0.758924 -0.303295 1.391070 0.364229 0.590653 1.392389 
15.533746 -0.086804 -0.089964 -0.258296 0.758935 -0.303314 1.391063 0.364213 0.590640 1.392366 
15.533770 -0.086850 -0.089923 -0.258254 0.758882 -0.303328 1.391116 0.364239 0.590632 1.392359 
15.533756 -0.086850 -0.089954 -0.258267 0.758939 -0.303289 1.391039 0.364235 0.590651 1.392374 
15.533749 -0.086863 -0.090045 -0.258271 0.758897 -0.303313 1.391071 0.364211 0.590642 1.392388 
15.533754 -0.086872 -0.090039 -0.258267 0.758904 -0.303325 1.391077 0.364184 0.590679 1.392388 
15.533737 -0.086847 -0.090058 -0.258277 0.758879 -0.303288 1.391061 0.364264 0.590568 1.392391 
15.533755 -0.086866 -0.090045 -0.258258 0.758911 -0.303287 1.391087 0.364183 0.590623 1.392385 
15.533743 -0.086867 -0.090041 -0.258289 0.758877 -0.303370 1.391050 0.364232 0.590713 1.392397 
