Start Optimization 
1.259885 -0.585499 0.031768 -0.047727 -0.189163 0.094519 -0.819269 -0.417825 0.316355 0.140988 
2.259885 -0.585499 0.031768 -0.047727 -0.189163 0.094519 -0.819269 -0.417825 0.316355 0.140988 
2.259885 0.414501 0.031768 -0.047727 -0.189163 0.094519 -0.819269 -0.417825 0.316355 0.140988 
2.259885 -0.585499 1.031768 -0.047727 -0.189163 0.094519 -0.819269 -0.417825 0.316355 0.140988 
2.259885 -0.585499 0.031768 0.952273 -0.189163 0.094519 -0.819269 -0.417825 0.316355 0.140988 
2.259885 -0.585499 0.031768 -0.047727 0.810837 0.094519 -0.819269 -0.417825 0.316355 0.140988 
2.259885 -0.585499 0.031768 -0.047727 -0.189163 1.094519 -0.819269 -0.417825 0.316355 0.140988 
2.259885 -0.585499 0.031768 -0.047727 -0.189163 0.094519 0.180731 -0.417825 0.316355 0.140988 
2.259885 -0.585499 0.031768 -0.047727 -0.189163 0.094519 0.180731 0.582175 0.316355 0.140988 
2.259885 -0.585499 0.031768 -0.047727 -0.189163 0.094519 0.180731 -0.417825 1.316355 0.140988 
2.259885 -0.585499 0.031768 -0.047727 -0.189163 0.094519 0.180731 -0.417825 0.316355 1.140988 
2.259904 -0.756406 -0.351407 -0.955217 -0.204014 0.094048 0.181220 -0.432188 0.315557 0.140150 
2.259887 -0.601631 0.524108 -0.133386 -0.190565 0.094475 0.180777 -0.419181 0.316280 0.140909 
2.509885 -0.585471 0.031768 -0.047727 -0.189163 0.094519 0.180731 -0.417825 0.316355 0.140988 
2.509839 -0.086983 0.028793 -0.086459 -0.189797 0.094499 0.180752 -0.418438 0.316321 0.140952 
2.509885 -0.585471 0.031768 -0.043636 -0.439130 0.094519 0.180731 -0.417825 0.316355 0.140988 
2.509966 -0.555077 0.004572 0.450331 -0.173575 0.094335 0.180922 -0.423429 0.316044 0.140661 
2.509885 -0.585489 0.031729 -0.047820 -0.189165 -0.155481 0.180731 -0.417825 0.316355 0.140988 
2.510076 -0.634877 -0.289293 -0.427437 -0.178971 0.100979 0.181151 -0.430185 0.315669 0.140266 
2.509935 -0.595269 0.267326 -0.130758 -0.186187 0.096169 0.180842 -0.421091 0.316174 0.140797 
2.509885 -0.585481 0.031691 -0.047778 -0.189164 0.094519 0.305731 -0.417825 0.316355 0.140988 
2.509942 -0.601343 -0.187470 -0.166710 -0.186259 0.096451 0.180362 -0.421480 0.316152 0.140775 
2.509885 -0.585297 0.031537 -0.043486 -0.189094 0.094517 0.180733 -0.542753 0.316355 0.140988 
2.509942 -0.574200 -0.075082 0.177680 -0.180342 0.096411 0.180565 -0.409701 0.316140 0.140762 
2.509885 -0.585483 0.031912 -0.047777 -0.189164 0.094519 0.180731 -0.417827 0.191355 0.140988 
2.510300 -0.635056 0.228102 -0.189299 -0.155178 0.108407 0.179425 -0.421242 0.325726 0.139391 
2.509885 -0.585484 0.031919 -0.047780 -0.189164 0.094519 0.180731 -0.417827 0.316355 0.015988 
2.510300 -0.635070 0.228257 -0.189355 -0.155178 0.108407 0.179425 -0.421244 0.325726 0.016091 
2.537059 -0.596275 0.044911 -0.013783 -0.161432 0.121677 0.126408 -0.362322 0.370701 0.070334 
2.525827 -0.579978 -0.070715 0.202868 -0.164175 0.112236 0.148811 -0.377069 0.349158 0.047502 
2.536440 -0.714550 0.006471 -0.025983 -0.162263 0.121064 0.127634 -0.364095 0.369409 0.069040 
2.552160 -0.515588 -0.149295 -0.132448 -0.146058 0.137682 0.095991 -0.335573 0.401245 0.100299 
2.558987 -0.488414 -0.075247 -0.222350 -0.127169 0.149603 0.082137 -0.324675 0.418138 0.113699 
2.548484 -0.515133 -0.152404 -0.127456 -0.085800 0.134005 0.103343 -0.342719 0.393887 0.092941 
2.549557 -0.482017 -0.205341 -0.028214 -0.166435 0.138104 0.101075 -0.336872 0.397813 0.094755 
2.545972 -0.488603 -0.207477 -0.028640 -0.166477 0.198429 0.108245 -0.344069 0.390640 0.087582 
2.546491 -0.599246 -0.262452 -0.017377 -0.173652 0.185260 0.107116 -0.342590 0.392772 0.088389 
2.484985 -0.488094 -0.208518 -0.029967 -0.166887 0.198036 0.101463 -0.337327 0.397419 0.094361 
2.468588 -0.459613 -0.268780 -0.080967 -0.190138 0.177298 0.143890 -0.381411 0.355184 0.051764 
2.485012 -0.487903 -0.207949 -0.029971 -0.166760 0.198101 0.119444 -0.355318 0.451601 0.076382 
2.500519 -0.435185 -0.175292 0.029201 -0.183886 0.226806 0.059857 -0.293095 0.437393 0.134078 
2.484853 -0.488157 -0.208510 -0.031538 -0.164791 0.197905 0.127226 -0.286614 0.397156 0.068598 
2.478719 -0.483300 -0.216353 -0.008253 -0.046597 0.192807 0.111143 -0.351710 0.385825 0.084468 
2.484515 -0.488871 -0.206424 -0.029027 -0.167366 0.197557 0.058265 -0.338242 0.396476 0.049285 
2.466882 -0.517564 -0.125657 0.016570 -0.196468 0.180272 0.097190 -0.371260 0.361739 0.018777 
2.451099 -0.533817 -0.100952 -0.020695 -0.195779 0.181943 0.089112 -0.374062 0.352971 0.054000 
2.486656 -0.557536 -0.040289 -0.099944 -0.194534 0.181212 0.091950 -0.360662 0.379605 -0.000210 
2.445745 -0.588155 -0.120706 -0.010179 -0.210065 0.177155 0.085125 -0.372850 0.351653 0.067344 
2.448029 -0.580573 -0.119355 -0.011109 -0.238803 0.180196 0.081127 -0.367618 0.356087 0.070958 
2.425191 -0.570197 -0.100770 0.012355 -0.238343 0.185712 0.071188 -0.370482 0.343561 0.116636 
2.446169 -0.583804 -0.120555 -0.011432 -0.238875 0.210313 0.084799 -0.371324 0.352385 0.067331 
2.426647 -0.570990 -0.142486 -0.033178 -0.253837 0.169266 0.099952 -0.394146 0.325571 0.071495 
2.421758 -0.580198 -0.120136 -0.012160 -0.238494 0.180099 0.076336 -0.360233 0.366295 0.060823 
2.453776 -0.574756 -0.138175 -0.021633 -0.233493 0.184311 0.025428 -0.373012 0.342393 0.067754 
2.448058 -0.580529 -0.119031 -0.010482 -0.239546 0.180238 0.078336 -0.391985 0.375240 0.073628 
2.451563 -0.569677 -0.153301 -0.031075 -0.228405 0.187784 0.088091 -0.372453 0.399332 0.104280 
2.466379 -0.580970 -0.111648 -0.014083 -0.251940 0.168492 0.083025 -0.376123 0.372861 0.075190 
2.459343 -0.603062 -0.076071 -0.057769 -0.257205 0.173951 0.076533 -0.384648 0.377540 0.074609 
2.472170 -0.574396 -0.124153 0.009112 -0.259497 0.165848 0.086630 -0.375626 0.373936 0.063924 
2.464322 -0.593609 -0.115300 -0.010175 -0.255490 0.167246 0.081692 -0.375564 0.371702 0.081019 
2.460462 -0.568748 -0.099562 -0.002412 -0.252231 0.168019 0.080507 -0.374183 0.365307 0.096224 
2.470924 -0.582503 -0.109040 -0.010625 -0.247629 0.172065 0.072059 -0.371680 0.378367 0.074338 
2.469129 -0.574582 -0.124205 -0.022907 -0.257457 0.163240 0.064065 -0.380080 0.356783 0.076196 
2.468520 -0.574436 -0.129509 -0.023191 -0.247279 0.171881 0.088214 -0.366248 0.384628 0.090396 
2.464677 -0.584559 -0.103349 -0.025837 -0.255355 0.169648 0.082136 -0.378521 0.374141 0.075593 
2.464302 -0.580463 -0.111474 -0.014027 -0.251146 0.162021 0.081665 -0.377044 0.376211 0.075171 
2.467986 -0.583941 -0.110560 -0.015612 -0.239072 0.157896 0.084467 -0.376447 0.369571 0.075401 
2.469014 -0.580403 -0.111512 -0.013312 -0.251454 0.162010 0.082077 -0.382639 0.377807 0.077221 
2.472286 -0.577491 -0.115434 -0.004914 -0.257812 0.159377 0.085580 -0.383531 0.377520 0.068359 
2.468407 -0.581806 -0.108900 -0.011398 -0.249965 0.163397 0.086953 -0.381376 0.382128 0.077374 
2.471280 -0.576116 -0.122178 -0.018033 -0.251094 0.162700 0.084199 -0.378327 0.382740 0.083267 
2.466346 -0.582165 -0.114801 -0.014407 -0.248979 0.164381 0.081550 -0.386038 0.379433 0.073676 
2.461677 -0.573651 -0.109822 -0.006609 -0.249641 0.164661 0.080430 -0.387209 0.375108 0.084685 
2.471585 -0.580656 -0.110361 -0.011214 -0.249745 0.163651 0.076569 -0.380436 0.380553 0.076681 
2.469429 -0.577521 -0.110222 -0.014834 -0.250762 0.162368 0.082356 -0.382892 0.378150 0.075830 
2.469260 -0.579423 -0.106508 -0.019710 -0.254840 0.162332 0.081569 -0.384264 0.378703 0.076437 
2.472088 -0.579246 -0.108437 -0.017078 -0.246215 0.159711 0.083632 -0.383141 0.374499 0.075948 
2.467590 -0.575921 -0.109097 -0.013937 -0.250644 0.162972 0.081881 -0.384327 0.377377 0.077827 
2.467563 -0.576145 -0.108320 -0.012946 -0.251101 0.162728 0.081860 -0.384794 0.376830 0.076647 
2.468060 -0.573706 -0.109353 -0.012459 -0.253627 0.162124 0.082771 -0.385213 0.376791 0.076723 
2.469427 -0.572152 -0.108673 -0.011331 -0.254455 0.162696 0.080226 -0.384740 0.378022 0.076856 
2.467478 -0.573623 -0.109391 -0.012472 -0.253369 0.160572 0.082420 -0.385525 0.377664 0.076631 
2.466830 -0.573189 -0.111075 -0.013056 -0.253902 0.163463 0.082886 -0.387650 0.377199 0.075251 
2.468131 -0.573354 -0.110989 -0.012978 -0.253453 0.163212 0.083145 -0.388883 0.377220 0.075729 
2.466224 -0.571235 -0.111320 -0.013997 -0.254039 0.162342 0.084255 -0.388205 0.374662 0.074771 
2.465423 -0.570185 -0.110327 -0.013482 -0.254364 0.162701 0.087515 -0.388490 0.375805 0.074643 
2.465442 -0.569868 -0.111308 -0.012203 -0.253397 0.162691 0.087694 -0.388140 0.375651 0.074567 
2.464983 -0.571138 -0.109018 -0.015540 -0.256968 0.162455 0.087531 -0.389469 0.375587 0.075239 
2.465596 -0.569642 -0.106835 -0.017696 -0.257875 0.162894 0.086522 -0.389876 0.376258 0.074474 
2.465034 -0.570517 -0.105813 -0.019473 -0.260701 0.162564 0.086648 -0.390961 0.375824 0.075185 
2.464559 -0.569331 -0.103800 -0.020289 -0.261549 0.163041 0.089063 -0.391427 0.377161 0.074835 
2.465352 -0.569944 -0.104377 -0.021002 -0.261721 0.162647 0.089613 -0.390869 0.377373 0.073774 
2.463902 -0.567418 -0.103202 -0.021783 -0.261250 0.162197 0.088809 -0.392154 0.374480 0.074866 
2.464373 -0.569010 -0.104614 -0.021376 -0.261225 0.163332 0.089182 -0.391000 0.377690 0.075915 
2.462005 -0.568935 -0.104223 -0.020152 -0.262849 0.164272 0.087838 -0.390684 0.377521 0.073105 
2.461441 -0.568767 -0.104296 -0.020147 -0.262679 0.162703 0.087519 -0.391010 0.378391 0.073016 
2.462788 -0.566575 -0.105432 -0.018884 -0.264994 0.162312 0.087355 -0.390802 0.378595 0.073375 
2.462665 -0.566667 -0.104646 -0.018728 -0.265174 0.161806 0.087316 -0.389184 0.378356 0.073803 
2.463585 -0.565680 -0.104483 -0.017761 -0.267312 0.162717 0.085302 -0.391770 0.379582 0.073379 
2.462396 -0.565713 -0.105443 -0.015460 -0.269568 0.162357 0.086371 -0.392584 0.379082 0.073973 
2.463802 -0.565871 -0.104687 -0.016650 -0.266631 0.163243 0.085524 -0.391328 0.380792 0.073300 
2.463663 -0.562401 -0.104268 -0.017335 -0.267052 0.162373 0.084555 -0.392034 0.378206 0.072126 
2.463327 -0.565052 -0.103584 -0.018300 -0.267693 0.162990 0.086515 -0.391949 0.380310 0.073338 
2.462888 -0.563786 -0.105052 -0.020134 -0.268805 0.163599 0.085646 -0.391666 0.381273 0.075478 
2.464314 -0.564117 -0.106038 -0.021610 -0.271078 0.162972 0.085872 -0.391093 0.381905 0.073575 
2.464056 -0.563999 -0.106062 -0.021622 -0.270765 0.161303 0.085701 -0.391496 0.382711 0.073686 
2.467272 -0.563898 -0.105493 -0.021918 -0.271573 0.162498 0.086609 -0.392133 0.381331 0.075484 
2.467279 -0.563994 -0.106172 -0.022180 -0.271199 0.163031 0.086661 -0.393746 0.381549 0.075031 
2.466489 -0.564537 -0.103557 -0.023746 -0.273641 0.162700 0.085207 -0.392957 0.381424 0.075905 
2.466932 -0.565376 -0.105826 -0.022487 -0.271342 0.162401 0.087435 -0.391917 0.381341 0.076022 
2.467353 -0.560742 -0.106465 -0.022717 -0.271301 0.161938 0.087406 -0.391732 0.379910 0.074774 
2.467970 -0.560750 -0.106016 -0.023713 -0.270094 0.162184 0.086905 -0.391271 0.380315 0.074469 
2.467860 -0.559161 -0.107508 -0.020368 -0.272788 0.162538 0.087821 -0.391563 0.381672 0.074920 
2.468496 -0.559501 -0.109563 -0.019243 -0.273177 0.161861 0.085364 -0.391453 0.380074 0.075103 
2.468617 -0.559675 -0.107516 -0.020487 -0.273468 0.162084 0.088173 -0.391393 0.381671 0.073456 
2.468347 -0.559219 -0.105529 -0.018062 -0.272915 0.161751 0.089372 -0.392389 0.380503 0.072487 
2.468773 -0.559434 -0.106257 -0.020667 -0.274517 0.161992 0.087220 -0.391314 0.381734 0.073755 
2.467292 -0.558491 -0.106545 -0.022352 -0.277120 0.162275 0.087783 -0.392627 0.382093 0.073277 
2.467381 -0.559581 -0.106139 -0.022712 -0.279306 0.161518 0.089491 -0.391069 0.382363 0.075007 
2.467642 -0.559723 -0.106100 -0.022723 -0.279582 0.163201 0.089638 -0.390654 0.381583 0.074883 
2.468583 -0.558309 -0.105102 -0.024618 -0.280602 0.163928 0.089309 -0.390030 0.383857 0.074143 
2.469009 -0.559430 -0.106245 -0.023022 -0.279637 0.163101 0.089962 -0.391687 0.381196 0.075526 
2.469085 -0.559320 -0.107740 -0.022883 -0.282157 0.162465 0.087725 -0.391690 0.380095 0.075410 
2.469000 -0.561929 -0.107580 -0.022403 -0.282911 0.163449 0.086988 -0.393529 0.381736 0.075599 
2.469134 -0.561124 -0.107615 -0.020863 -0.283416 0.163658 0.087408 -0.393672 0.382257 0.075515 
2.468342 -0.560703 -0.105464 -0.019893 -0.285384 0.163215 0.087851 -0.395162 0.380994 0.074618 
2.466608 -0.559269 -0.105231 -0.019561 -0.285801 0.164120 0.087014 -0.395934 0.381133 0.077397 
2.467582 -0.560476 -0.106540 -0.020487 -0.285721 0.163406 0.088814 -0.395791 0.381102 0.074185 
2.467787 -0.560237 -0.108010 -0.017961 -0.288011 0.163346 0.089656 -0.396385 0.381156 0.073631 
2.467554 -0.561391 -0.106312 -0.020952 -0.286575 0.163041 0.089583 -0.395122 0.381148 0.075081 
2.466681 -0.563444 -0.105812 -0.022939 -0.286456 0.163347 0.088138 -0.396968 0.380545 0.074746 
2.467904 -0.561384 -0.106172 -0.021157 -0.286949 0.164756 0.089693 -0.394654 0.380619 0.074884 
2.468589 -0.559799 -0.105191 -0.022763 -0.288368 0.164728 0.089230 -0.394421 0.383063 0.074191 
2.469942 -0.559516 -0.105233 -0.023069 -0.288251 0.164672 0.089704 -0.395446 0.382754 0.074838 
2.467893 -0.559654 -0.103296 -0.022373 -0.286586 0.165524 0.091617 -0.394550 0.384277 0.074079 
2.468063 -0.558609 -0.105622 -0.023516 -0.287795 0.164625 0.089417 -0.394567 0.382315 0.073547 
2.469180 -0.559298 -0.103706 -0.023151 -0.289198 0.163475 0.089699 -0.391877 0.381665 0.075375 
2.468932 -0.559880 -0.106316 -0.023140 -0.287535 0.165057 0.089085 -0.393659 0.383835 0.074719 
2.469022 -0.560152 -0.105258 -0.022832 -0.288272 0.164503 0.089441 -0.394234 0.383028 0.073490 
2.468424 -0.559099 -0.105972 -0.021604 -0.289263 0.165129 0.089517 -0.394785 0.383461 0.074087 
2.467860 -0.558868 -0.106616 -0.021007 -0.290272 0.165862 0.089338 -0.395713 0.383931 0.074111 
2.467974 -0.557954 -0.106653 -0.020202 -0.291196 0.165645 0.089777 -0.394818 0.383688 0.074715 
2.468166 -0.558722 -0.106384 -0.020870 -0.290177 0.166593 0.089023 -0.395532 0.383685 0.073935 
2.468333 -0.558204 -0.106227 -0.019904 -0.289407 0.165927 0.088027 -0.396040 0.384160 0.073712 
2.468240 -0.558357 -0.105950 -0.021178 -0.290282 0.166678 0.089199 -0.395499 0.384360 0.073772 
2.467719 -0.558565 -0.105596 -0.020528 -0.289398 0.167315 0.090485 -0.395771 0.384538 0.073836 
2.468555 -0.558831 -0.106142 -0.021014 -0.290236 0.166820 0.089084 -0.395209 0.384885 0.074186 
2.468118 -0.557537 -0.107279 -0.021878 -0.289561 0.167079 0.089279 -0.395178 0.384631 0.073685 
2.468837 -0.558159 -0.105960 -0.021318 -0.290239 0.166687 0.089398 -0.396036 0.384213 0.074206 
2.469785 -0.558619 -0.106376 -0.021294 -0.290667 0.166654 0.090008 -0.396198 0.384405 0.072824 
2.469572 -0.559214 -0.105849 -0.022703 -0.291152 0.167347 0.089825 -0.396753 0.384713 0.072773 
2.469695 -0.558851 -0.105682 -0.022765 -0.291832 0.167479 0.090169 -0.396378 0.384750 0.072962 
2.469570 -0.558763 -0.105827 -0.022561 -0.292025 0.167611 0.090063 -0.396634 0.384894 0.072954 
2.469616 -0.558353 -0.105688 -0.022295 -0.292324 0.167679 0.089721 -0.397063 0.385425 0.072823 
2.469353 -0.558271 -0.105513 -0.021919 -0.292256 0.168129 0.090215 -0.397435 0.385764 0.072812 
2.469033 -0.558320 -0.105715 -0.022010 -0.292501 0.167507 0.090508 -0.397739 0.386154 0.072961 
2.469333 -0.558032 -0.105779 -0.022123 -0.292096 0.168236 0.090255 -0.397354 0.385911 0.072772 
2.469254 -0.557752 -0.106110 -0.021831 -0.292480 0.168764 0.090024 -0.397775 0.386037 0.072735 
2.469444 -0.557175 -0.105693 -0.021723 -0.292680 0.169037 0.090078 -0.397823 0.386554 0.072632 
2.469390 -0.557311 -0.105506 -0.021919 -0.292292 0.169258 0.089730 -0.398411 0.386909 0.072377 
2.469817 -0.557302 -0.105766 -0.021475 -0.292089 0.169098 0.089865 -0.398577 0.387036 0.071763 
2.469150 -0.557115 -0.105413 -0.021977 -0.292320 0.169189 0.089754 -0.398468 0.386681 0.072114 
2.468912 -0.557592 -0.105508 -0.021746 -0.292390 0.169402 0.089462 -0.397934 0.387346 0.072069 
2.468804 -0.557414 -0.105502 -0.021494 -0.292162 0.169267 0.089287 -0.397923 0.387342 0.072244 
2.468762 -0.557767 -0.105355 -0.022121 -0.292527 0.170110 0.089544 -0.398212 0.387712 0.072060 
2.468973 -0.557755 -0.105337 -0.022648 -0.292930 0.170227 0.088937 -0.398306 0.387963 0.071942 
2.469151 -0.557688 -0.105220 -0.022590 -0.292846 0.170504 0.088844 -0.398079 0.387765 0.071891 
2.469222 -0.557278 -0.104942 -0.022521 -0.293352 0.170677 0.089278 -0.397829 0.388153 0.071991 
2.469249 -0.557713 -0.104346 -0.022130 -0.293732 0.170684 0.089185 -0.398116 0.388018 0.072025 
2.469293 -0.557318 -0.104636 -0.022689 -0.293114 0.170522 0.089327 -0.397761 0.388289 0.071927 
2.469005 -0.557405 -0.105413 -0.022662 -0.293731 0.171293 0.089575 -0.397696 0.388104 0.072123 
2.469316 -0.557289 -0.105707 -0.022302 -0.293706 0.171574 0.089684 -0.398015 0.388428 0.071550 
2.468808 -0.556849 -0.105556 -0.022435 -0.293841 0.171655 0.089726 -0.398214 0.388087 0.071022 
2.469069 -0.556776 -0.105556 -0.022600 -0.293871 0.171631 0.089910 -0.398443 0.387882 0.071109 
2.468681 -0.556372 -0.105661 -0.022124 -0.293699 0.172096 0.089486 -0.398564 0.388361 0.071386 
2.468853 -0.556010 -0.106199 -0.021635 -0.294102 0.172065 0.089367 -0.398352 0.388422 0.071190 
2.468787 -0.556390 -0.105625 -0.022368 -0.293914 0.172153 0.089176 -0.398627 0.388477 0.071329 
2.468732 -0.556868 -0.105163 -0.021975 -0.294282 0.172424 0.089138 -0.399003 0.388428 0.071318 
2.468569 -0.556876 -0.105239 -0.022021 -0.294432 0.172179 0.089288 -0.399189 0.388673 0.071381 
2.468518 -0.557321 -0.105601 -0.022109 -0.293919 0.172489 0.088788 -0.399452 0.388304 0.071183 
2.468415 -0.557413 -0.105767 -0.022258 -0.294055 0.172800 0.088985 -0.399346 0.388327 0.071239 
2.468458 -0.557508 -0.105389 -0.022589 -0.293739 0.173186 0.089032 -0.399495 0.388908 0.070956 
2.468026 -0.557629 -0.105004 -0.023032 -0.293750 0.173351 0.088686 -0.399469 0.388902 0.071466 
2.468206 -0.557288 -0.105317 -0.022653 -0.293811 0.173223 0.089054 -0.399591 0.388737 0.070689 
2.468742 -0.557514 -0.105752 -0.022380 -0.294083 0.173534 0.088849 -0.399610 0.389307 0.070454 
2.469342 -0.557380 -0.105861 -0.022633 -0.294230 0.173756 0.089085 -0.400204 0.389168 0.070427 
2.469443 -0.557606 -0.105799 -0.022875 -0.294382 0.173578 0.089068 -0.400071 0.389090 0.070237 
2.469266 -0.557357 -0.106130 -0.022024 -0.294000 0.174176 0.089368 -0.400341 0.389495 0.070165 
2.469345 -0.556812 -0.106683 -0.022313 -0.293669 0.174159 0.089267 -0.400106 0.389780 0.070097 
2.469433 -0.557339 -0.106046 -0.021974 -0.293857 0.174420 0.089226 -0.400146 0.389252 0.070105 
2.469648 -0.556872 -0.105629 -0.021751 -0.294284 0.174508 0.089506 -0.399815 0.389533 0.070197 
2.469491 -0.556967 -0.105765 -0.021923 -0.294440 0.174790 0.089641 -0.399700 0.389506 0.070340 
2.469271 -0.556971 -0.105744 -0.021742 -0.294715 0.175339 0.089110 -0.400013 0.389760 0.070568 
2.469271 -0.556868 -0.106269 -0.021252 -0.295148 0.175224 0.089039 -0.399975 0.389330 0.070754 
2.469522 -0.557191 -0.105815 -0.021679 -0.294642 0.175300 0.089090 -0.399916 0.389931 0.070838 
2.469251 -0.557239 -0.105357 -0.021846 -0.294187 0.175745 0.089331 -0.400133 0.390169 0.071110 
2.469269 -0.557674 -0.105142 -0.022123 -0.294282 0.176129 0.089298 -0.400075 0.390659 0.070619 
2.469678 -0.557605 -0.104910 -0.022807 -0.294514 0.176225 0.089188 -0.400453 0.390551 0.070795 
2.469116 -0.557898 -0.104863 -0.022111 -0.294415 0.175980 0.089207 -0.399979 0.390516 0.070712 
2.468942 -0.557374 -0.105265 -0.022451 -0.293994 0.176143 0.088928 -0.399606 0.391096 0.070671 
2.469109 -0.557356 -0.105186 -0.022400 -0.293852 0.176382 0.088790 -0.399409 0.390847 0.070610 
2.468883 -0.557476 -0.105407 -0.022048 -0.293650 0.177015 0.089078 -0.399463 0.391241 0.070431 
2.469036 -0.557424 -0.105489 -0.022395 -0.293597 0.177735 0.089214 -0.399815 0.391610 0.070408 
2.469311 -0.557114 -0.105059 -0.022028 -0.293396 0.177813 0.089114 -0.400057 0.392138 0.070146 
2.469225 -0.557454 -0.105275 -0.022068 -0.292814 0.177777 0.088754 -0.400558 0.392137 0.069898 
2.469565 -0.557334 -0.105130 -0.021967 -0.293318 0.177765 0.089102 -0.399955 0.392305 0.070412 
2.469466 -0.557073 -0.104964 -0.022229 -0.292983 0.177927 0.089803 -0.399911 0.392395 0.069780 
2.469428 -0.557276 -0.105155 -0.022076 -0.293620 0.177792 0.089003 -0.399945 0.392247 0.069831 
2.469568 -0.557003 -0.105541 -0.021762 -0.293891 0.178336 0.088878 -0.400078 0.392665 0.069643 
2.469327 -0.557341 -0.105117 -0.021681 -0.294155 0.178897 0.088728 -0.400106 0.393089 0.069552 
2.469561 -0.557416 -0.104712 -0.021717 -0.294264 0.179620 0.088351 -0.399992 0.393167 0.069376 
2.469344 -0.557372 -0.104496 -0.022020 -0.294503 0.179894 0.088030 -0.400007 0.393895 0.069342 
2.469422 -0.557630 -0.104158 -0.021983 -0.295006 0.180274 0.088061 -0.400467 0.394273 0.069228 
2.469065 -0.557784 -0.103946 -0.021562 -0.295076 0.180631 0.087797 -0.400128 0.394731 0.068996 
2.468715 -0.558128 -0.104301 -0.021927 -0.295269 0.181241 0.087844 -0.399955 0.394723 0.069107 
2.468831 -0.557820 -0.104591 -0.021938 -0.295477 0.181860 0.087532 -0.399933 0.395188 0.068963 
2.468888 -0.557400 -0.104862 -0.021845 -0.295555 0.182527 0.087313 -0.400023 0.395615 0.069003 
2.468995 -0.557249 -0.105429 -0.021818 -0.295947 0.182716 0.087130 -0.399975 0.396102 0.068634 
2.469122 -0.556949 -0.105300 -0.022311 -0.295820 0.183008 0.086578 -0.399614 0.396322 0.068588 
2.469595 -0.557004 -0.105365 -0.022003 -0.295825 0.183536 0.086446 -0.399427 0.395863 0.068292 
2.469577 -0.557175 -0.105466 -0.022050 -0.295553 0.183545 0.086275 -0.399700 0.395881 0.068158 
2.470045 -0.557127 -0.105366 -0.022541 -0.295931 0.183673 0.086395 -0.400242 0.395829 0.068260 
2.470177 -0.557163 -0.105326 -0.022622 -0.295726 0.183743 0.086719 -0.400148 0.396016 0.068131 
2.470482 -0.557603 -0.105441 -0.022351 -0.295917 0.183630 0.086192 -0.400095 0.396179 0.068814 
2.470637 -0.557448 -0.105191 -0.022139 -0.295911 0.183468 0.086096 -0.400194 0.396315 0.068679 
2.470328 -0.557799 -0.104760 -0.022068 -0.296219 0.183978 0.085946 -0.400293 0.396677 0.068518 
2.470312 -0.557488 -0.104784 -0.021895 -0.296254 0.184567 0.085600 -0.400551 0.397207 0.068617 
2.470310 -0.557220 -0.104794 -0.021750 -0.296331 0.185142 0.085207 -0.400788 0.397766 0.068659 
2.470265 -0.557286 -0.104630 -0.021718 -0.296609 0.185629 0.084742 -0.400908 0.398342 0.068454 
2.470192 -0.557287 -0.104306 -0.021664 -0.296735 0.186215 0.084290 -0.401087 0.398837 0.068426 
2.470301 -0.556966 -0.104692 -0.021538 -0.296931 0.186553 0.083937 -0.401244 0.399433 0.068296 
2.470154 -0.557244 -0.104748 -0.021086 -0.297366 0.186870 0.083987 -0.401634 0.399836 0.068096 
2.470544 -0.556996 -0.104320 -0.020853 -0.297400 0.186520 0.083602 -0.401720 0.400147 0.067739 
2.470372 -0.557190 -0.104731 -0.020928 -0.297494 0.187100 0.084007 -0.401426 0.399624 0.068026 
2.469866 -0.556945 -0.104575 -0.021263 -0.297880 0.186804 0.084200 -0.401274 0.400226 0.068450 
2.469608 -0.556936 -0.104639 -0.021033 -0.297894 0.186710 0.083928 -0.401151 0.400111 0.068506 
2.469709 -0.557057 -0.104605 -0.021196 -0.297359 0.187002 0.084499 -0.400844 0.400723 0.068169 
2.469485 -0.556806 -0.104548 -0.021274 -0.297379 0.187068 0.084572 -0.400939 0.400594 0.067885 
2.469731 -0.557249 -0.104801 -0.021950 -0.297425 0.187361 0.084446 -0.401031 0.401093 0.068126 
2.469769 -0.557078 -0.104884 -0.022348 -0.297208 0.187828 0.084624 -0.401476 0.401481 0.068462 
2.469913 -0.557132 -0.105557 -0.022731 -0.297415 0.187594 0.084944 -0.401546 0.401739 0.068223 
2.469571 -0.557319 -0.104920 -0.022386 -0.297214 0.187900 0.084881 -0.401468 0.401256 0.068591 
2.469868 -0.557408 -0.104278 -0.022854 -0.297279 0.187863 0.084490 -0.401580 0.401821 0.068217 
2.469761 -0.557196 -0.104906 -0.022086 -0.297453 0.188046 0.084654 -0.401603 0.401613 0.068346 
2.470141 -0.557013 -0.105077 -0.022187 -0.297631 0.188711 0.084588 -0.401150 0.401387 0.068305 
2.469951 -0.556864 -0.105004 -0.022232 -0.297886 0.188661 0.084642 -0.400951 0.401557 0.068489 
2.469480 -0.556952 -0.105468 -0.022180 -0.297820 0.188937 0.084002 -0.400963 0.401678 0.068526 
2.469430 -0.557024 -0.105472 -0.022068 -0.297552 0.188993 0.084146 -0.400720 0.401909 0.068428 
2.469880 -0.557276 -0.105716 -0.021667 -0.297576 0.189009 0.083994 -0.400697 0.402167 0.069042 
2.469361 -0.556709 -0.105652 -0.021829 -0.297478 0.188976 0.084284 -0.400785 0.401791 0.068469 
2.469415 -0.557268 -0.105163 -0.022236 -0.297759 0.189536 0.083858 -0.400821 0.402372 0.068075 
2.469421 -0.557637 -0.105074 -0.021987 -0.298139 0.189418 0.083478 -0.400409 0.402327 0.067553 
2.469560 -0.557575 -0.105376 -0.022152 -0.298233 0.189282 0.083534 -0.400445 0.402529 0.067394 
2.469281 -0.558205 -0.105598 -0.022459 -0.298446 0.189691 0.083883 -0.400485 0.402518 0.067397 
2.469748 -0.557443 -0.105451 -0.022299 -0.298228 0.189525 0.083491 -0.400177 0.402369 0.067418 
2.469539 -0.557648 -0.105075 -0.022691 -0.297949 0.189258 0.083003 -0.400453 0.402975 0.067325 
2.469371 -0.557427 -0.105303 -0.022196 -0.298488 0.189232 0.083588 -0.400245 0.402699 0.067579 
2.469887 -0.557715 -0.105419 -0.021820 -0.298629 0.189375 0.083415 -0.400280 0.403069 0.068071 
2.470131 -0.557793 -0.105137 -0.021933 -0.298687 0.189254 0.083660 -0.400249 0.403056 0.068039 
2.469966 -0.557350 -0.105376 -0.021388 -0.298860 0.189898 0.083488 -0.400537 0.403414 0.067741 
2.469900 -0.557397 -0.105556 -0.020994 -0.298340 0.189893 0.083804 -0.400051 0.403792 0.067645 
2.470123 -0.557144 -0.105605 -0.021240 -0.299468 0.189863 0.083139 -0.400997 0.403138 0.067919 
2.469966 -0.557373 -0.105219 -0.021613 -0.298785 0.190002 0.083207 -0.400607 0.403661 0.067714 
2.469840 -0.557664 -0.105270 -0.021794 -0.298893 0.190274 0.083280 -0.400682 0.403740 0.067712 
2.469717 -0.557815 -0.104967 -0.021626 -0.298909 0.190423 0.083103 -0.400593 0.403606 0.067729 
2.469741 -0.557695 -0.105216 -0.021735 -0.298851 0.190188 0.083330 -0.400839 0.403798 0.067765 
2.469866 -0.557497 -0.105209 -0.021935 -0.298720 0.190537 0.083347 -0.400758 0.403677 0.067983 
2.469762 -0.557417 -0.105170 -0.021964 -0.298844 0.190510 0.083377 -0.400658 0.403755 0.068065 
2.469657 -0.557401 -0.105142 -0.022227 -0.298683 0.190632 0.083305 -0.400846 0.403659 0.067708 
2.469533 -0.557383 -0.105291 -0.022165 -0.298609 0.190666 0.083208 -0.400815 0.403675 0.067732 
2.469580 -0.557533 -0.105331 -0.022295 -0.298526 0.190853 0.083063 -0.400790 0.404037 0.067766 
2.469623 -0.557530 -0.105434 -0.022392 -0.298777 0.190904 0.082777 -0.401021 0.403998 0.067887 
2.469603 -0.557623 -0.105430 -0.022520 -0.298713 0.190784 0.082733 -0.400964 0.403935 0.067967 
2.469587 -0.557520 -0.105579 -0.022276 -0.298900 0.191277 0.082871 -0.401115 0.404153 0.067801 
2.469662 -0.557261 -0.105590 -0.022116 -0.298896 0.191497 0.082747 -0.401194 0.404393 0.067689 
2.469655 -0.557185 -0.105730 -0.022033 -0.298950 0.191867 0.082719 -0.401276 0.404624 0.067616 
2.469719 -0.557024 -0.105829 -0.022037 -0.299016 0.192082 0.082427 -0.401421 0.404827 0.067628 
2.469671 -0.557048 -0.106008 -0.021996 -0.299086 0.192472 0.082463 -0.401487 0.405019 0.067579 
2.469684 -0.556993 -0.106176 -0.022033 -0.299180 0.192775 0.082248 -0.401626 0.405216 0.067605 
2.469578 -0.557151 -0.106344 -0.022006 -0.299231 0.193107 0.082470 -0.401617 0.405306 0.067556 
2.469388 -0.557186 -0.106273 -0.021888 -0.299177 0.193070 0.082528 -0.401970 0.405516 0.067632 
2.469334 -0.557229 -0.106119 -0.021833 -0.299155 0.193185 0.082456 -0.401941 0.405441 0.067686 
2.469257 -0.557401 -0.106075 -0.021631 -0.299345 0.193228 0.082260 -0.401908 0.405574 0.067430 
2.469376 -0.557365 -0.105806 -0.021808 -0.299481 0.193446 0.082326 -0.402056 0.405661 0.067290 
2.469699 -0.557523 -0.105783 -0.021702 -0.299350 0.193600 0.082306 -0.402268 0.405600 0.067207 
2.469800 -0.557569 -0.105744 -0.021651 -0.299424 0.193580 0.082340 -0.402201 0.405711 0.067345 
2.469807 -0.557414 -0.105540 -0.021672 -0.299639 0.193897 0.082372 -0.402330 0.405782 0.067288 
2.469796 -0.557438 -0.105346 -0.021854 -0.299478 0.194104 0.082321 -0.402275 0.406069 0.067186 
2.469756 -0.557652 -0.105196 -0.022163 -0.299600 0.194276 0.082236 -0.402391 0.406154 0.067197 
2.469736 -0.557691 -0.104868 -0.022147 -0.299558 0.194333 0.082509 -0.402338 0.406224 0.066993 
2.469696 -0.557627 -0.105120 -0.022116 -0.299562 0.194174 0.082206 -0.402556 0.406227 0.067245 
2.469903 -0.557415 -0.104926 -0.022224 -0.299588 0.194119 0.081914 -0.402480 0.406233 0.067166 
2.469688 -0.557685 -0.105181 -0.022050 -0.299664 0.194133 0.082152 -0.402556 0.406330 0.067095 
2.469810 -0.557518 -0.105396 -0.022240 -0.299670 0.194172 0.082314 -0.402695 0.406578 0.067027 
2.469969 -0.557603 -0.105404 -0.022172 -0.299592 0.194236 0.082298 -0.402794 0.406540 0.066994 
2.469873 -0.557592 -0.105497 -0.022034 -0.299540 0.194571 0.082154 -0.402823 0.406795 0.066978 
2.470022 -0.557772 -0.105516 -0.021963 -0.299533 0.194561 0.082139 -0.402674 0.407132 0.067183 
2.469971 -0.557828 -0.105553 -0.022041 -0.299350 0.194505 0.082092 -0.402628 0.407154 0.067111 
2.469988 -0.557826 -0.105676 -0.021839 -0.299629 0.194864 0.082026 -0.402806 0.407376 0.067134 
2.470062 -0.557987 -0.105842 -0.021734 -0.299771 0.195050 0.081955 -0.402894 0.407692 0.067162 
2.469895 -0.557981 -0.106006 -0.021698 -0.299672 0.195331 0.081797 -0.403028 0.407805 0.066967 
2.469945 -0.557813 -0.106194 -0.021336 -0.299631 0.195417 0.081814 -0.402988 0.407975 0.066932 
2.469819 -0.558065 -0.105952 -0.021656 -0.299649 0.195369 0.081991 -0.403034 0.407828 0.066920 
2.469914 -0.558067 -0.105638 -0.021793 -0.299725 0.195558 0.081907 -0.403043 0.408024 0.066762 
2.469825 -0.558100 -0.105483 -0.021904 -0.299658 0.195705 0.081867 -0.403335 0.408163 0.067007 
2.469899 -0.558190 -0.105544 -0.022110 -0.299700 0.196076 0.081907 -0.403171 0.408098 0.067088 
2.469988 -0.558308 -0.105485 -0.021998 -0.299636 0.196115 0.081846 -0.403209 0.407993 0.067083 
2.469608 -0.558366 -0.105406 -0.022060 -0.299911 0.196117 0.081711 -0.403051 0.408147 0.067099 
2.469613 -0.558301 -0.105406 -0.022028 -0.300077 0.196163 0.081748 -0.403161 0.408047 0.067073 
2.469679 -0.558513 -0.105419 -0.022253 -0.300195 0.196184 0.081712 -0.403385 0.408164 0.066831 
2.469523 -0.558263 -0.105337 -0.022142 -0.299996 0.196140 0.081732 -0.403168 0.407901 0.067014 
2.469676 -0.558111 -0.105284 -0.021795 -0.300139 0.196426 0.081745 -0.403148 0.408284 0.067069 
2.469881 -0.558065 -0.105009 -0.021733 -0.300339 0.196427 0.081856 -0.403060 0.408418 0.067261 
2.469593 -0.558194 -0.105257 -0.021742 -0.300110 0.196449 0.081945 -0.403153 0.408291 0.067036 
2.469615 -0.558016 -0.105495 -0.021532 -0.300184 0.196671 0.081676 -0.403230 0.408441 0.067190 
2.469715 -0.557944 -0.105628 -0.021340 -0.300306 0.196708 0.081673 -0.402956 0.408447 0.066912 
2.469519 -0.557891 -0.105544 -0.021615 -0.300241 0.196587 0.081731 -0.403214 0.408551 0.067186 
2.469584 -0.557971 -0.105387 -0.021245 -0.300128 0.196398 0.081586 -0.403438 0.408519 0.067108 
2.469484 -0.558128 -0.105431 -0.021536 -0.300293 0.196691 0.081577 -0.403196 0.408482 0.067167 
2.469612 -0.558225 -0.105450 -0.021706 -0.300335 0.196904 0.081562 -0.403412 0.408730 0.067000 
2.469486 -0.558077 -0.105298 -0.021817 -0.300285 0.197289 0.081490 -0.403487 0.408783 0.066959 
2.469471 -0.558068 -0.105388 -0.021891 -0.300610 0.197445 0.081530 -0.403744 0.408617 0.066963 
2.469370 -0.558098 -0.105524 -0.021929 -0.300507 0.197434 0.081476 -0.403783 0.408548 0.066871 
2.469488 -0.558220 -0.105463 -0.022041 -0.300622 0.197734 0.081466 -0.403776 0.408889 0.067118 
2.469462 -0.558231 -0.105340 -0.021951 -0.300620 0.197851 0.081327 -0.404085 0.409178 0.067063 
2.469627 -0.558149 -0.105255 -0.022181 -0.300670 0.197850 0.080962 -0.404150 0.409242 0.067047 
2.469418 -0.558300 -0.105233 -0.022074 -0.300556 0.197785 0.081391 -0.404172 0.409140 0.067134 
2.469474 -0.558241 -0.105397 -0.021773 -0.300725 0.198127 0.081365 -0.404047 0.409410 0.066820 
2.469286 -0.558028 -0.105371 -0.021579 -0.300708 0.198442 0.081270 -0.404012 0.409443 0.066913 
2.469606 -0.558050 -0.105445 -0.021403 -0.300522 0.198644 0.081298 -0.404140 0.409364 0.066930 
2.469631 -0.557880 -0.105513 -0.021483 -0.300485 0.198625 0.081398 -0.404179 0.409439 0.066924 
2.469557 -0.558079 -0.105661 -0.021138 -0.300699 0.198684 0.081228 -0.404164 0.409646 0.066954 
2.469608 -0.558033 -0.105486 -0.021448 -0.300689 0.198703 0.081312 -0.404254 0.409258 0.066928 
2.469731 -0.557911 -0.105401 -0.021569 -0.300776 0.198887 0.081022 -0.404174 0.409340 0.066709 
2.469623 -0.557958 -0.105210 -0.021607 -0.300813 0.199219 0.081123 -0.404226 0.409462 0.066492 
2.469550 -0.557912 -0.104978 -0.021640 -0.300768 0.199289 0.080918 -0.404555 0.409595 0.066526 
2.469536 -0.558020 -0.105021 -0.021893 -0.300775 0.199608 0.080852 -0.404478 0.409708 0.066714 
2.469707 -0.557923 -0.104716 -0.021840 -0.300991 0.199700 0.080942 -0.404367 0.409799 0.066856 
2.469424 -0.557889 -0.105022 -0.021809 -0.300740 0.199692 0.080814 -0.404428 0.409622 0.066770 
2.469280 -0.557835 -0.104984 -0.021882 -0.300747 0.200074 0.080692 -0.404412 0.409623 0.066553 
2.469201 -0.557714 -0.104909 -0.021985 -0.300722 0.200282 0.080330 -0.404568 0.409648 0.066585 
2.468944 -0.557811 -0.104765 -0.021943 -0.300633 0.200457 0.080511 -0.404814 0.409711 0.066653 
2.469106 -0.557791 -0.104814 -0.021870 -0.300535 0.200553 0.080543 -0.404884 0.409685 0.066660 
2.469105 -0.557441 -0.104932 -0.022053 -0.300490 0.200566 0.080707 -0.404951 0.409867 0.066619 
2.469129 -0.557427 -0.104822 -0.022183 -0.300393 0.200543 0.080742 -0.404933 0.409731 0.066607 
2.469098 -0.557459 -0.104928 -0.021875 -0.300250 0.200646 0.080606 -0.404784 0.410186 0.066577 
2.469111 -0.557454 -0.105178 -0.021643 -0.300345 0.200921 0.080535 -0.404801 0.410365 0.066566 
2.468758 -0.557509 -0.105209 -0.021552 -0.300492 0.200995 0.080514 -0.404795 0.410637 0.066576 
2.468747 -0.557371 -0.105129 -0.021259 -0.300546 0.200930 0.080452 -0.404956 0.410688 0.066280 
2.468693 -0.557580 -0.105359 -0.021593 -0.300393 0.200935 0.080476 -0.404859 0.410607 0.066496 
2.468955 -0.557742 -0.105173 -0.021730 -0.300605 0.201050 0.080506 -0.404906 0.410907 0.066467 
2.468950 -0.557683 -0.105139 -0.021770 -0.300587 0.201061 0.080319 -0.405008 0.410921 0.066554 
2.469056 -0.557823 -0.105317 -0.021667 -0.300610 0.201015 0.080382 -0.405063 0.411211 0.066822 
2.469124 -0.557805 -0.105493 -0.021755 -0.300809 0.200948 0.080169 -0.404769 0.411340 0.066767 
2.469125 -0.557629 -0.105547 -0.021853 -0.300782 0.200954 0.080253 -0.404802 0.411424 0.066746 
2.469115 -0.557782 -0.105626 -0.021941 -0.300757 0.201342 0.080213 -0.404740 0.411633 0.066764 
2.469091 -0.557874 -0.105802 -0.022056 -0.301090 0.201551 0.080258 -0.404890 0.411594 0.066831 
2.469007 -0.558101 -0.105764 -0.022265 -0.301103 0.201711 0.080246 -0.404816 0.411910 0.066894 
2.469399 -0.558166 -0.105895 -0.022324 -0.301004 0.201930 0.080210 -0.404791 0.411904 0.066911 
2.469463 -0.558089 -0.105742 -0.022268 -0.301106 0.201987 0.080244 -0.404735 0.411936 0.066976 
2.469473 -0.558049 -0.105764 -0.021992 -0.301210 0.202151 0.080159 -0.404835 0.412182 0.066765 
2.469389 -0.557951 -0.105861 -0.021695 -0.301273 0.202433 0.080090 -0.404779 0.412363 0.066762 
2.469478 -0.557734 -0.105901 -0.021638 -0.301405 0.202498 0.080142 -0.404918 0.412692 0.066600 
2.469573 -0.557896 -0.105909 -0.021450 -0.301662 0.202435 0.079896 -0.404784 0.412780 0.066493 
2.469567 -0.557840 -0.105872 -0.021489 -0.301650 0.202445 0.079713 -0.404894 0.412785 0.066582 
2.469533 -0.558013 -0.105841 -0.021398 -0.301855 0.202658 0.079804 -0.405199 0.412692 0.066606 
2.469487 -0.557953 -0.105826 -0.021505 -0.301914 0.202759 0.079756 -0.405147 0.412608 0.066477 
2.469468 -0.557985 -0.105547 -0.021351 -0.301721 0.202954 0.079660 -0.405197 0.412661 0.066265 
2.469509 -0.558100 -0.105887 -0.021360 -0.301543 0.203065 0.079529 -0.405318 0.412664 0.066086 
2.469659 -0.557997 -0.105899 -0.021268 -0.301538 0.203063 0.079534 -0.405331 0.412531 0.066078 
2.469142 -0.558004 -0.105924 -0.021200 -0.301579 0.202898 0.079487 -0.405432 0.412616 0.065940 
2.469439 -0.558043 -0.105952 -0.021264 -0.301542 0.203204 0.079517 -0.405227 0.412684 0.066186 
2.469520 -0.558280 -0.105771 -0.021627 -0.301598 0.203293 0.079457 -0.405337 0.412906 0.066043 
2.469320 -0.558426 -0.105663 -0.021833 -0.301679 0.203442 0.079353 -0.405427 0.413145 0.065908 
2.469601 -0.558498 -0.105540 -0.022031 -0.301732 0.203727 0.079281 -0.405452 0.413239 0.065867 
2.469656 -0.558362 -0.105581 -0.022005 -0.301778 0.203687 0.079315 -0.405555 0.413332 0.065759 
2.469689 -0.558503 -0.105583 -0.022127 -0.301720 0.203506 0.079221 -0.405794 0.413222 0.065461 
2.469714 -0.558473 -0.105588 -0.021871 -0.301888 0.203638 0.079232 -0.405540 0.413396 0.065762 
2.469733 -0.558620 -0.105569 -0.021778 -0.301774 0.203655 0.079431 -0.405820 0.413584 0.065964 
2.469722 -0.558695 -0.105592 -0.021746 -0.301842 0.203714 0.079604 -0.405775 0.413541 0.065862 
2.469786 -0.558738 -0.105609 -0.021764 -0.301675 0.203586 0.079674 -0.405527 0.413876 0.065766 
2.469795 -0.558774 -0.105830 -0.021844 -0.301703 0.203600 0.079658 -0.405530 0.413891 0.065808 
2.469788 -0.558702 -0.105487 -0.021925 -0.302002 0.203390 0.079799 -0.405510 0.413998 0.065907 
2.469605 -0.558763 -0.105592 -0.021789 -0.301717 0.203668 0.079616 -0.405556 0.413977 0.065715 
2.469590 -0.558649 -0.105666 -0.021452 -0.301768 0.203891 0.079563 -0.405563 0.414196 0.065662 
2.469573 -0.558670 -0.105730 -0.021154 -0.301783 0.204012 0.079456 -0.405698 0.414418 0.065437 
2.469585 -0.558814 -0.105663 -0.021020 -0.301784 0.204355 0.079369 -0.405516 0.414527 0.065596 
2.469292 -0.558815 -0.105758 -0.020712 -0.301733 0.204267 0.079394 -0.405381 0.414508 0.065734 
2.469574 -0.558846 -0.105652 -0.021023 -0.301690 0.204381 0.079494 -0.405656 0.414594 0.065692 
2.469633 -0.558554 -0.105637 -0.021129 -0.301640 0.204709 0.079543 -0.405643 0.414712 0.065586 
2.469745 -0.558495 -0.105541 -0.021143 -0.302004 0.204723 0.079594 -0.405684 0.414968 0.065688 
2.470037 -0.558420 -0.105286 -0.020950 -0.301873 0.204640 0.079686 -0.405580 0.414988 0.065651 
2.469751 -0.558438 -0.105541 -0.021186 -0.301917 0.204654 0.079437 -0.405686 0.415076 0.065766 
2.469802 -0.558321 -0.105461 -0.021093 -0.302015 0.204797 0.079244 -0.405951 0.414850 0.065903 
2.469886 -0.558420 -0.105730 -0.021151 -0.301918 0.204655 0.079456 -0.405669 0.415062 0.065822 
2.469758 -0.558634 -0.105505 -0.021421 -0.301971 0.204883 0.079335 -0.405760 0.415308 0.065632 
2.469750 -0.558676 -0.105397 -0.021811 -0.302021 0.205016 0.079379 -0.405627 0.415297 0.065815 
2.469695 -0.558692 -0.105499 -0.021297 -0.301960 0.205002 0.079306 -0.405656 0.415348 0.065729 
2.469492 -0.558706 -0.105549 -0.021240 -0.302037 0.205174 0.079234 -0.405754 0.415677 0.065549 
2.469687 -0.558812 -0.105328 -0.021118 -0.301967 0.205319 0.079181 -0.405756 0.415931 0.065370 
2.469704 -0.558807 -0.105252 -0.021048 -0.302075 0.205558 0.078933 -0.406048 0.415834 0.065416 
2.469721 -0.558744 -0.105262 -0.021057 -0.302162 0.205568 0.078815 -0.405908 0.415780 0.065309 
2.469652 -0.559119 -0.105256 -0.021002 -0.302326 0.205456 0.078635 -0.405951 0.415901 0.065260 
2.469521 -0.559267 -0.105336 -0.021028 -0.302013 0.205627 0.078504 -0.405972 0.415851 0.065049 
2.469745 -0.559328 -0.105682 -0.021003 -0.302041 0.205811 0.078455 -0.406001 0.416013 0.065038 
2.469731 -0.559473 -0.105693 -0.020931 -0.302222 0.206010 0.078739 -0.406016 0.415863 0.064847 
2.469734 -0.559425 -0.105744 -0.020732 -0.302193 0.205920 0.078736 -0.406061 0.415833 0.064790 
2.469719 -0.559581 -0.105695 -0.021131 -0.302287 0.206357 0.078675 -0.406001 0.416102 0.064825 
2.469706 -0.559671 -0.105757 -0.021165 -0.302340 0.206711 0.078586 -0.406033 0.416383 0.064730 
2.469692 -0.559761 -0.105822 -0.021191 -0.302395 0.207066 0.078500 -0.406067 0.416662 0.064629 
2.469678 -0.559858 -0.105900 -0.021161 -0.302465 0.207425 0.078447 -0.406114 0.416916 0.064492 
2.469510 -0.559870 -0.106078 -0.021054 -0.302586 0.207696 0.078446 -0.406208 0.417124 0.064328 
2.469488 -0.559997 -0.106091 -0.020779 -0.302590 0.208028 0.078426 -0.406070 0.417241 0.064381 
2.469614 -0.560047 -0.106062 -0.020693 -0.302625 0.208246 0.078431 -0.406196 0.417484 0.064085 
2.469552 -0.560044 -0.106113 -0.020784 -0.302637 0.208505 0.078266 -0.406236 0.417838 0.064041 
2.469500 -0.560098 -0.106201 -0.020865 -0.302699 0.208824 0.078164 -0.406296 0.418136 0.063941 
2.469453 -0.560155 -0.106287 -0.020942 -0.302763 0.209146 0.078066 -0.406359 0.418431 0.063834 
2.469502 -0.560228 -0.106324 -0.020929 -0.302829 0.209443 0.078039 -0.406467 0.418694 0.063599 
2.469456 -0.560329 -0.106406 -0.020893 -0.302891 0.209819 0.077969 -0.406469 0.418945 0.063529 
2.469524 -0.560452 -0.106424 -0.020727 -0.302950 0.210154 0.077994 -0.406505 0.419129 0.063331 
2.469475 -0.560514 -0.106527 -0.020841 -0.303032 0.210467 0.077913 -0.406591 0.419400 0.063202 
2.469364 -0.560608 -0.106638 -0.020847 -0.303090 0.210836 0.077813 -0.406548 0.419628 0.063238 
2.469383 -0.560704 -0.106715 -0.020874 -0.303185 0.211158 0.077801 -0.406655 0.419853 0.063019 
2.469372 -0.560850 -0.106790 -0.020753 -0.303265 0.211548 0.077803 -0.406647 0.420019 0.062915 
2.469247 -0.560910 -0.106939 -0.020941 -0.303357 0.211847 0.077701 -0.406696 0.420243 0.062894 
2.469492 -0.561015 -0.106766 -0.021044 -0.303268 0.212054 0.077570 -0.406657 0.420480 0.062864 
2.469446 -0.561091 -0.106846 -0.021100 -0.303200 0.212006 0.077781 -0.406404 0.420765 0.062707 
2.469517 -0.560980 -0.106765 -0.021043 -0.303408 0.212029 0.077455 -0.406527 0.420450 0.062785 
2.469548 -0.561177 -0.106695 -0.020975 -0.303704 0.211886 0.077488 -0.406648 0.420649 0.062944 
2.469676 -0.561038 -0.106776 -0.020976 -0.303758 0.211923 0.077568 -0.406637 0.420676 0.063019 
2.469580 -0.560854 -0.106500 -0.020968 -0.303916 0.212163 0.077621 -0.406703 0.420836 0.062955 
2.469609 -0.560737 -0.106433 -0.020870 -0.304043 0.212423 0.077505 -0.406851 0.421116 0.062842 
2.469655 -0.560653 -0.106341 -0.020825 -0.304208 0.212727 0.077436 -0.406994 0.421359 0.062721 
2.469599 -0.560594 -0.106267 -0.020613 -0.304281 0.213040 0.077317 -0.406942 0.421581 0.062828 
2.469586 -0.560396 -0.106161 -0.020647 -0.304374 0.213194 0.077150 -0.407082 0.421906 0.062786 
2.469735 -0.560269 -0.105958 -0.020397 -0.304428 0.213308 0.077126 -0.407192 0.422103 0.062616 
2.469447 -0.560142 -0.106161 -0.020319 -0.304635 0.213429 0.077156 -0.407339 0.422171 0.062532 
2.469768 -0.560227 -0.105930 -0.020369 -0.304461 0.213328 0.077024 -0.407315 0.421959 0.062701 
2.470046 -0.560179 -0.106252 -0.020437 -0.304470 0.213410 0.077135 -0.407171 0.422249 0.062721 
2.470070 -0.560178 -0.106260 -0.020433 -0.304612 0.213358 0.077015 -0.407046 0.422218 0.062652 
2.470044 -0.560546 -0.106270 -0.020437 -0.304511 0.213407 0.076984 -0.407335 0.422474 0.062757 
2.470016 -0.560611 -0.106333 -0.020528 -0.304265 0.213665 0.076753 -0.407330 0.422506 0.062556 
2.470009 -0.560747 -0.106164 -0.020764 -0.304336 0.213963 0.076728 -0.407342 0.422702 0.062597 
2.469930 -0.560824 -0.106057 -0.020889 -0.304247 0.214129 0.076539 -0.407345 0.423044 0.062705 
2.470014 -0.560862 -0.106007 -0.021216 -0.304267 0.214089 0.076532 -0.407574 0.423171 0.062483 
2.470017 -0.560778 -0.105955 -0.020740 -0.304265 0.214173 0.076548 -0.407389 0.423114 0.062614 
2.470066 -0.561048 -0.105888 -0.020581 -0.304281 0.214523 0.076599 -0.407330 0.423176 0.062598 
2.470051 -0.561101 -0.106044 -0.020397 -0.303976 0.214559 0.076379 -0.407338 0.423219 0.062418 
2.470198 -0.561158 -0.105940 -0.020432 -0.303878 0.214502 0.076349 -0.407283 0.423164 0.062473 
2.470067 -0.561033 -0.106003 -0.020333 -0.304067 0.214745 0.076126 -0.407607 0.423056 0.062566 
2.469913 -0.561076 -0.105862 -0.020316 -0.303999 0.214715 0.076163 -0.407659 0.422998 0.062540 
2.469997 -0.561088 -0.105897 -0.020311 -0.304315 0.214718 0.075848 -0.407386 0.423035 0.062395 
2.469990 -0.560951 -0.105863 -0.020386 -0.304254 0.214847 0.075865 -0.407305 0.422975 0.062340 
2.469947 -0.560796 -0.105805 -0.020154 -0.304330 0.215111 0.075815 -0.407256 0.423243 0.062399 
2.470023 -0.560731 -0.105889 -0.019855 -0.304495 0.215321 0.075922 -0.407264 0.423109 0.062223 
2.470028 -0.560788 -0.105731 -0.020217 -0.304348 0.215116 0.075817 -0.407377 0.423333 0.062257 
2.469937 -0.560898 -0.105765 -0.020486 -0.304350 0.215352 0.075675 -0.407449 0.423586 0.062250 
2.469843 -0.560721 -0.105777 -0.020708 -0.304350 0.215382 0.075460 -0.407568 0.423882 0.062231 
2.470042 -0.560863 -0.105554 -0.020839 -0.304237 0.215564 0.075304 -0.407530 0.424065 0.062310 
2.469965 -0.560907 -0.105561 -0.020750 -0.304069 0.215564 0.075224 -0.407555 0.424059 0.062217 
2.469643 -0.560966 -0.105264 -0.020822 -0.304126 0.215637 0.075344 -0.407672 0.424092 0.062220 
2.469930 -0.560948 -0.105524 -0.020756 -0.304157 0.215507 0.075162 -0.407391 0.424089 0.062105 
2.469968 -0.560936 -0.105706 -0.020826 -0.303908 0.215563 0.075510 -0.407457 0.424357 0.062148 
2.469971 -0.560812 -0.105685 -0.020905 -0.303851 0.215678 0.075539 -0.407383 0.424260 0.062075 
2.469998 -0.561047 -0.105952 -0.020855 -0.304045 0.215822 0.075412 -0.407623 0.424484 0.061988 
2.470016 -0.561247 -0.106127 -0.021203 -0.303998 0.215736 0.075336 -0.407760 0.424417 0.061897 
2.469887 -0.561088 -0.106038 -0.020873 -0.304027 0.215887 0.075367 -0.407522 0.424468 0.062133 
2.469915 -0.560928 -0.106112 -0.020612 -0.304125 0.216118 0.075287 -0.407551 0.424729 0.062123 
2.470040 -0.561129 -0.106136 -0.020326 -0.304196 0.216369 0.075445 -0.407497 0.424681 0.062084 
2.470038 -0.561054 -0.106305 -0.020251 -0.304228 0.216275 0.075480 -0.407483 0.424596 0.062049 
2.469673 -0.561105 -0.106021 -0.020300 -0.304345 0.216476 0.075593 -0.407655 0.424750 0.062019 
2.469589 -0.561164 -0.106006 -0.020228 -0.304253 0.216446 0.075492 -0.407587 0.424762 0.061880 
2.469700 -0.561126 -0.105958 -0.020399 -0.304693 0.216443 0.075562 -0.407376 0.424868 0.061923 
2.469697 -0.561209 -0.105925 -0.020315 -0.304789 0.216358 0.075445 -0.407464 0.424840 0.062000 
2.469708 -0.560939 -0.105829 -0.020434 -0.304778 0.216709 0.075357 -0.407384 0.424619 0.061861 
2.469723 -0.561030 -0.105959 -0.020539 -0.304811 0.216772 0.075303 -0.407476 0.424643 0.061783 
2.469739 -0.561027 -0.105887 -0.020608 -0.304886 0.217068 0.075191 -0.407572 0.424980 0.061781 
2.469548 -0.561192 -0.105933 -0.020768 -0.304906 0.217337 0.075103 -0.407454 0.425049 0.062000 
2.469626 -0.561309 -0.105707 -0.020957 -0.305001 0.217544 0.075117 -0.407620 0.425218 0.061847 
2.469609 -0.561282 -0.105967 -0.020616 -0.304945 0.217449 0.075186 -0.407425 0.425014 0.061976 
2.469571 -0.561104 -0.106219 -0.020472 -0.305123 0.217652 0.075119 -0.407471 0.425214 0.061928 
2.469931 -0.561100 -0.106340 -0.020462 -0.305053 0.217757 0.074908 -0.407346 0.425331 0.061995 
2.469865 -0.561157 -0.106312 -0.020424 -0.305059 0.217722 0.074813 -0.407217 0.425370 0.061849 
2.469826 -0.561115 -0.106386 -0.020281 -0.304727 0.217919 0.074794 -0.407550 0.425383 0.061950 
2.469825 -0.561146 -0.106327 -0.020214 -0.304832 0.217903 0.074642 -0.407630 0.425302 0.062006 
2.469818 -0.561335 -0.106480 -0.020162 -0.304791 0.217738 0.074849 -0.407635 0.425704 0.062079 
2.469816 -0.561018 -0.106230 -0.020193 -0.304715 0.217942 0.074816 -0.407482 0.425459 0.062031 
2.469820 -0.561032 -0.106656 -0.020150 -0.304941 0.218215 0.074813 -0.407508 0.425454 0.061914 
2.469777 -0.561224 -0.106393 -0.020360 -0.304689 0.218013 0.074746 -0.407455 0.425374 0.062083 
2.470172 -0.561369 -0.106422 -0.020339 -0.304538 0.218067 0.074641 -0.407318 0.425357 0.062144 
2.469736 -0.561163 -0.106506 -0.020269 -0.304641 0.217906 0.074737 -0.407373 0.425291 0.062160 
2.469783 -0.561145 -0.106342 -0.020690 -0.304703 0.218096 0.074538 -0.407556 0.425620 0.062078 
2.469749 -0.561357 -0.106125 -0.020921 -0.304756 0.218323 0.074587 -0.407690 0.425725 0.062001 
2.469610 -0.561299 -0.106170 -0.021269 -0.304688 0.218340 0.074370 -0.407706 0.425875 0.062136 
2.469847 -0.561307 -0.106149 -0.020956 -0.304740 0.218354 0.074675 -0.407810 0.425684 0.062145 
2.470155 -0.561466 -0.106102 -0.020901 -0.304666 0.218387 0.074433 -0.407569 0.425799 0.061933 
2.470104 -0.561463 -0.106147 -0.020798 -0.304529 0.218497 0.074379 -0.407663 0.425832 0.061910 
2.470110 -0.561375 -0.106349 -0.020716 -0.304806 0.218796 0.074382 -0.407598 0.425941 0.061891 
2.470113 -0.561259 -0.106294 -0.020771 -0.304772 0.218889 0.074358 -0.407550 0.425786 0.061831 
2.470083 -0.561201 -0.106049 -0.020546 -0.304793 0.218876 0.074410 -0.407483 0.426148 0.062049 
2.470078 -0.561244 -0.105991 -0.020487 -0.304895 0.218870 0.074254 -0.407554 0.426067 0.062117 
2.470149 -0.561000 -0.106010 -0.020417 -0.304911 0.218900 0.074396 -0.407724 0.426333 0.061786 
2.470095 -0.561063 -0.106035 -0.020099 -0.304964 0.219218 0.074475 -0.407733 0.426452 0.061715 
2.470000 -0.560907 -0.106152 -0.020205 -0.304944 0.219388 0.074227 -0.407754 0.426744 0.061780 
2.470029 -0.560658 -0.106392 -0.019940 -0.304905 0.219248 0.074134 -0.407636 0.426733 0.061841 
2.470221 -0.560950 -0.106146 -0.020203 -0.304896 0.219426 0.074170 -0.407719 0.426771 0.061776 
2.470319 -0.560865 -0.106156 -0.020308 -0.304906 0.219594 0.074346 -0.408013 0.426773 0.062030 
2.470362 -0.560837 -0.106190 -0.020361 -0.305109 0.219612 0.074390 -0.407917 0.426785 0.062042 
2.470332 -0.560962 -0.105953 -0.020590 -0.305219 0.219794 0.074376 -0.407993 0.427019 0.061958 
2.470352 -0.560927 -0.105800 -0.020752 -0.305375 0.219998 0.074333 -0.408076 0.427354 0.061954 
2.470376 -0.561112 -0.105626 -0.020631 -0.305524 0.220277 0.074528 -0.408133 0.427439 0.061854 
2.470345 -0.561146 -0.105493 -0.020666 -0.305236 0.220399 0.074527 -0.408460 0.427523 0.061929 
2.470343 -0.561006 -0.105385 -0.020685 -0.305203 0.220500 0.074509 -0.408394 0.427418 0.061902 
2.470343 -0.561242 -0.105684 -0.020906 -0.305345 0.220624 0.074439 -0.408599 0.427507 0.061715 
2.470347 -0.561205 -0.105743 -0.020969 -0.305240 0.220630 0.074595 -0.408521 0.427583 0.061655 
2.470246 -0.561465 -0.105651 -0.021054 -0.305347 0.220812 0.074398 -0.408412 0.427598 0.061991 
2.470569 -0.561291 -0.105669 -0.020917 -0.305296 0.220631 0.074393 -0.408563 0.427509 0.061712 
2.470388 -0.561244 -0.105432 -0.021095 -0.305548 0.220458 0.074572 -0.408765 0.427611 0.061603 
2.470274 -0.561321 -0.105610 -0.020888 -0.305275 0.220583 0.074337 -0.408528 0.427555 0.061578 
2.470366 -0.561084 -0.105826 -0.020635 -0.305384 0.220801 0.074340 -0.408646 0.427776 0.061671 
2.470372 -0.561038 -0.106028 -0.020272 -0.305367 0.220995 0.074318 -0.408728 0.427882 0.061587 
2.470358 -0.560776 -0.106226 -0.020353 -0.305286 0.220891 0.074051 -0.408754 0.428051 0.061663 
2.470361 -0.561050 -0.105941 -0.020294 -0.305234 0.221039 0.074328 -0.408896 0.427929 0.061621 
2.470431 -0.560954 -0.105746 -0.020278 -0.305481 0.221089 0.074397 -0.408988 0.428247 0.061532 
2.470348 -0.561096 -0.105714 -0.020317 -0.305494 0.221362 0.074340 -0.408822 0.428444 0.061786 
2.470346 -0.561069 -0.105747 -0.020437 -0.305526 0.221515 0.074291 -0.408853 0.428384 0.061675 
2.470346 -0.560760 -0.105495 -0.020328 -0.305438 0.221665 0.074278 -0.408697 0.428275 0.061707 
2.470546 -0.561041 -0.105793 -0.020457 -0.305547 0.221550 0.074338 -0.408882 0.428349 0.061776 
2.470596 -0.561237 -0.105640 -0.020408 -0.305372 0.221507 0.074079 -0.408717 0.428488 0.061483 
2.470601 -0.561199 -0.105701 -0.020467 -0.305267 0.221516 0.074234 -0.408640 0.428567 0.061422 
2.470577 -0.561320 -0.105691 -0.020552 -0.305394 0.221856 0.074224 -0.408774 0.428817 0.061364 
2.470557 -0.561221 -0.105509 -0.020553 -0.305446 0.222265 0.074203 -0.408787 0.428970 0.061330 
2.470537 -0.561302 -0.105316 -0.020891 -0.305574 0.222446 0.074189 -0.408822 0.429141 0.061349 
2.470547 -0.561105 -0.105568 -0.020599 -0.305359 0.222234 0.074083 -0.408862 0.429066 0.061378 
2.470552 -0.561007 -0.105827 -0.020451 -0.305571 0.222396 0.073961 -0.408721 0.429227 0.061291 
2.470494 -0.561082 -0.106043 -0.020267 -0.305441 0.222734 0.073886 -0.408821 0.429266 0.061272 
2.470587 -0.560929 -0.106027 -0.020123 -0.305560 0.222733 0.073947 -0.409086 0.429382 0.060982 
2.470387 -0.560958 -0.105980 -0.020095 -0.305538 0.222689 0.073903 -0.409055 0.429420 0.060887 
2.470394 -0.561023 -0.105894 -0.019841 -0.305562 0.222641 0.073982 -0.409029 0.429739 0.061111 
2.470513 -0.561037 -0.105928 -0.020080 -0.305453 0.222674 0.073802 -0.408980 0.429466 0.060791 
2.470509 -0.560774 -0.106017 -0.020104 -0.305286 0.222802 0.073964 -0.408722 0.429552 0.060663 
2.470511 -0.560931 -0.105785 -0.020007 -0.305475 0.222754 0.073714 -0.408959 0.429392 0.060831 
2.470508 -0.561071 -0.106258 -0.020031 -0.305627 0.222634 0.073511 -0.408933 0.429450 0.060711 
2.470499 -0.560971 -0.105915 -0.020221 -0.305424 0.222705 0.073703 -0.409050 0.429595 0.060834 
2.470484 -0.561136 -0.105815 -0.020432 -0.305649 0.222986 0.073736 -0.409013 0.429727 0.060751 
2.470445 -0.561255 -0.105745 -0.020736 -0.305599 0.223213 0.073657 -0.409204 0.429891 0.060707 
2.470498 -0.561177 -0.105578 -0.021022 -0.305826 0.222994 0.073653 -0.409110 0.429994 0.060670 
2.470492 -0.561184 -0.105730 -0.020645 -0.305660 0.223209 0.073693 -0.409333 0.429972 0.060581 
2.470481 -0.561269 -0.105719 -0.020450 -0.305707 0.223294 0.073702 -0.409307 0.430350 0.060782 
2.470466 -0.561240 -0.106020 -0.020401 -0.305901 0.223424 0.073421 -0.409294 0.430423 0.060709 
2.470456 -0.560999 -0.106120 -0.020436 -0.305766 0.223635 0.073572 -0.409092 0.430585 0.060580 
2.470648 -0.561001 -0.106207 -0.020483 -0.305781 0.223654 0.073638 -0.409128 0.430569 0.060660 
2.470548 -0.560804 -0.105879 -0.020319 -0.305839 0.223902 0.073408 -0.409111 0.430517 0.060686 
2.470421 -0.560718 -0.105929 -0.020350 -0.305920 0.223921 0.073497 -0.409193 0.430486 0.060787 
2.470510 -0.560990 -0.105909 -0.020108 -0.305968 0.224205 0.073495 -0.409155 0.430644 0.060535 
2.470481 -0.560928 -0.106012 -0.019902 -0.305812 0.224331 0.073351 -0.409365 0.430917 0.060503 
2.470504 -0.561026 -0.105845 -0.020297 -0.305992 0.224260 0.073460 -0.409219 0.430736 0.060508 
2.470538 -0.560998 -0.105727 -0.020407 -0.306311 0.224284 0.073434 -0.409137 0.431036 0.060405 
2.470441 -0.561187 -0.105715 -0.020601 -0.306363 0.224542 0.073317 -0.408957 0.431191 0.060531 
2.470432 -0.561189 -0.105680 -0.020840 -0.306511 0.224768 0.073241 -0.409033 0.431187 0.060222 
2.470434 -0.561280 -0.105341 -0.020910 -0.306445 0.224848 0.073486 -0.409079 0.431380 0.060233 
2.470271 -0.561250 -0.105581 -0.020791 -0.306533 0.224696 0.073145 -0.409056 0.431157 0.060188 
2.470640 -0.561423 -0.105711 -0.020865 -0.306736 0.224739 0.073126 -0.409258 0.431181 0.060375 
2.470522 -0.561311 -0.105694 -0.020840 -0.306422 0.224688 0.073202 -0.408957 0.431230 0.060109 
2.470210 -0.561280 -0.105959 -0.020977 -0.306587 0.224645 0.073442 -0.409102 0.431321 0.060197 
2.470449 -0.561206 -0.105630 -0.020951 -0.306576 0.224689 0.073303 -0.408931 0.431049 0.060247 
2.470436 -0.560938 -0.105715 -0.020965 -0.306440 0.224762 0.072965 -0.409105 0.431441 0.060308 
2.470418 -0.560862 -0.105828 -0.020680 -0.306604 0.225013 0.072883 -0.409015 0.431621 0.060270 
2.470351 -0.560848 -0.106001 -0.020481 -0.306514 0.225378 0.072757 -0.409078 0.431666 0.060289 
2.470429 -0.560611 -0.106065 -0.020192 -0.306609 0.225395 0.072769 -0.409266 0.431741 0.060095 
2.470348 -0.560899 -0.105868 -0.020471 -0.306467 0.225430 0.072854 -0.409144 0.431809 0.060303 
2.470297 -0.560916 -0.105814 -0.020450 -0.306620 0.225708 0.072810 -0.408887 0.432018 0.060443 
2.470244 -0.560802 -0.105792 -0.020619 -0.306459 0.225918 0.072604 -0.408928 0.432232 0.060627 
2.470374 -0.561013 -0.105872 -0.020574 -0.306289 0.225904 0.072441 -0.408760 0.432466 0.060453 
2.470300 -0.561039 -0.105940 -0.020707 -0.306368 0.225957 0.072470 -0.408809 0.432503 0.060321 
2.470098 -0.561097 -0.106211 -0.020641 -0.306356 0.225839 0.072594 -0.408814 0.432720 0.060520 
2.470265 -0.561167 -0.106273 -0.020675 -0.306441 0.225862 0.072592 -0.408899 0.432732 0.060601 
2.470075 -0.561374 -0.106141 -0.020581 -0.306603 0.225820 0.072308 -0.409046 0.432764 0.060643 
2.470038 -0.561457 -0.106205 -0.020505 -0.306523 0.225974 0.072332 -0.409089 0.432669 0.060642 
2.469917 -0.561639 -0.106101 -0.020621 -0.306598 0.226232 0.072241 -0.409012 0.432926 0.060762 
2.469877 -0.561728 -0.106055 -0.020427 -0.306510 0.226229 0.072190 -0.408902 0.433096 0.061133 
2.469849 -0.561616 -0.106066 -0.020256 -0.306646 0.226475 0.072074 -0.408994 0.433397 0.061068 
2.469796 -0.561522 -0.106127 -0.020133 -0.306807 0.226741 0.071884 -0.409021 0.433668 0.061037 
2.469722 -0.561489 -0.106187 -0.019986 -0.306918 0.226969 0.071666 -0.408963 0.433938 0.061174 
2.469732 -0.561488 -0.105925 -0.020048 -0.307017 0.227005 0.071770 -0.409064 0.434297 0.061100 
2.469710 -0.561496 -0.105878 -0.019885 -0.306885 0.227169 0.071797 -0.409397 0.434509 0.061008 
2.469716 -0.561641 -0.105835 -0.019603 -0.307129 0.227244 0.072002 -0.409298 0.434545 0.060875 
2.469575 -0.561449 -0.105960 -0.019923 -0.306966 0.227152 0.071903 -0.409474 0.434509 0.061090 
2.469752 -0.561285 -0.105586 -0.019860 -0.306974 0.227370 0.071788 -0.409470 0.434325 0.061146 
2.469892 -0.561545 -0.105951 -0.019928 -0.306954 0.227195 0.071822 -0.409467 0.434518 0.061084 
2.469992 -0.561336 -0.106049 -0.019991 -0.306779 0.227381 0.072055 -0.409284 0.434650 0.061072 
2.470054 -0.561197 -0.106060 -0.019878 -0.306794 0.227235 0.072046 -0.409296 0.434689 0.061091 
2.469974 -0.561421 -0.106021 -0.020308 -0.306884 0.227610 0.071947 -0.409360 0.434831 0.060949 
2.469939 -0.561669 -0.105881 -0.020529 -0.306821 0.227773 0.071939 -0.409382 0.435053 0.061113 
2.470008 -0.561735 -0.105765 -0.020784 -0.306766 0.227719 0.072147 -0.409550 0.434945 0.060865 
2.469925 -0.561674 -0.105913 -0.020422 -0.306724 0.227858 0.071931 -0.409548 0.435092 0.061077 
2.469870 -0.561709 -0.106158 -0.020463 -0.306772 0.228186 0.071683 -0.409537 0.435058 0.061070 
2.469917 -0.561527 -0.106173 -0.020454 -0.306904 0.228219 0.071474 -0.409647 0.435416 0.061047 
2.470013 -0.561354 -0.106336 -0.020379 -0.306747 0.228423 0.071451 -0.409594 0.435681 0.061210 
2.470084 -0.561276 -0.106411 -0.020565 -0.306770 0.228622 0.071343 -0.409832 0.435871 0.061004 
2.470034 -0.561475 -0.106347 -0.020625 -0.306792 0.228751 0.071112 -0.410032 0.436115 0.061141 
2.470044 -0.561604 -0.106326 -0.020447 -0.307035 0.228993 0.071208 -0.410019 0.436324 0.061003 
2.469976 -0.561697 -0.106233 -0.020359 -0.306879 0.229055 0.071017 -0.409849 0.436510 0.060719 
2.470074 -0.561633 -0.106072 -0.020332 -0.306882 0.229152 0.070962 -0.409847 0.436432 0.060743 
2.469768 -0.561483 -0.105936 -0.020310 -0.307003 0.229412 0.070976 -0.409921 0.436554 0.060724 
2.469834 -0.561496 -0.105914 -0.020140 -0.307228 0.229680 0.070844 -0.410065 0.436745 0.060634 
2.469922 -0.561580 -0.105882 -0.020114 -0.307252 0.230087 0.070909 -0.410109 0.436968 0.060626 
2.469993 -0.561598 -0.105803 -0.020289 -0.307558 0.230258 0.070818 -0.409958 0.437173 0.060608 
2.470095 -0.561595 -0.105557 -0.020255 -0.307678 0.230313 0.070922 -0.410104 0.437505 0.060527 
2.470070 -0.561825 -0.105453 -0.020308 -0.307880 0.230605 0.070893 -0.410223 0.437497 0.060353 
2.470063 -0.561895 -0.105386 -0.020077 -0.308040 0.230838 0.070823 -0.410101 0.437713 0.060523 
2.470169 -0.561707 -0.105447 -0.019950 -0.308204 0.231132 0.070878 -0.409996 0.437870 0.060381 
2.470229 -0.561611 -0.105466 -0.019980 -0.308253 0.231425 0.070656 -0.410083 0.438145 0.060442 
2.470156 -0.561494 -0.105379 -0.020046 -0.308290 0.231777 0.070585 -0.410058 0.438412 0.060512 
2.470270 -0.561439 -0.105324 -0.019888 -0.308328 0.232005 0.070493 -0.410251 0.438721 0.060507 
2.470297 -0.561316 -0.105257 -0.019926 -0.308639 0.232058 0.070226 -0.410214 0.438930 0.060489 
2.470631 -0.561463 -0.105240 -0.020109 -0.308635 0.232122 0.070282 -0.410072 0.439134 0.060536 
2.470724 -0.561385 -0.105161 -0.020123 -0.308692 0.232166 0.070313 -0.410131 0.439013 0.060655 
2.470547 -0.561510 -0.105557 -0.020183 -0.308825 0.232188 0.070406 -0.410192 0.439325 0.060664 
2.470547 -0.561578 -0.105814 -0.020161 -0.308853 0.232472 0.070236 -0.410148 0.439560 0.060666 
2.470518 -0.561560 -0.105954 -0.020098 -0.308993 0.232705 0.070317 -0.410065 0.439900 0.060560 
2.470309 -0.561634 -0.105894 -0.020273 -0.308930 0.232870 0.070241 -0.410106 0.440204 0.060715 
2.470313 -0.561681 -0.105936 -0.020540 -0.308968 0.233038 0.070207 -0.410330 0.440209 0.060429 
2.470342 -0.561489 -0.106002 -0.020606 -0.308870 0.232999 0.070203 -0.410324 0.440253 0.060428 
2.470297 -0.561844 -0.106097 -0.020530 -0.309044 0.233150 0.070057 -0.410423 0.440576 0.060469 
2.470144 -0.561957 -0.106287 -0.020719 -0.309193 0.233325 0.069967 -0.410201 0.440714 0.060506 
2.470284 -0.562058 -0.106300 -0.020789 -0.309097 0.233337 0.070073 -0.410149 0.440741 0.060532 
2.469893 -0.561964 -0.106417 -0.020508 -0.309057 0.233557 0.070008 -0.410394 0.440766 0.060503 
2.469987 -0.561822 -0.106342 -0.020454 -0.309231 0.233866 0.069952 -0.410570 0.440804 0.060702 
2.469961 -0.561784 -0.106149 -0.020289 -0.309141 0.234089 0.069698 -0.410542 0.440970 0.060558 
2.469783 -0.561713 -0.106010 -0.020151 -0.309256 0.234232 0.069666 -0.410737 0.441267 0.060512 
2.469649 -0.561742 -0.105968 -0.020077 -0.309208 0.234368 0.069337 -0.410992 0.441356 0.060613 
2.469725 -0.561673 -0.106130 -0.019780 -0.309369 0.234535 0.069228 -0.411076 0.441447 0.060434 
2.469643 -0.561801 -0.105931 -0.020183 -0.309247 0.234439 0.069352 -0.411083 0.441269 0.060468 
2.469462 -0.561998 -0.105671 -0.020000 -0.309365 0.234582 0.069395 -0.411019 0.441135 0.060549 
2.469344 -0.561828 -0.105667 -0.020009 -0.309409 0.234557 0.069346 -0.410982 0.441037 0.060523 
2.469420 -0.561915 -0.105518 -0.020108 -0.309155 0.234899 0.069479 -0.411121 0.441314 0.060539 
2.469429 -0.561974 -0.105406 -0.020356 -0.309367 0.235012 0.069303 -0.411008 0.441558 0.060545 
2.469582 -0.561889 -0.105284 -0.020344 -0.309423 0.234998 0.069298 -0.411078 0.441514 0.060605 
2.469309 -0.562065 -0.105183 -0.020340 -0.309198 0.234880 0.069245 -0.411138 0.441768 0.060310 
2.469347 -0.561956 -0.105435 -0.020371 -0.309478 0.234968 0.069424 -0.411129 0.441630 0.060598 
2.469261 -0.562105 -0.105579 -0.020561 -0.309386 0.235261 0.069406 -0.411311 0.441613 0.060753 
2.469242 -0.562133 -0.105510 -0.020705 -0.309319 0.235169 0.069495 -0.411242 0.441561 0.060821 
2.469328 -0.562055 -0.105717 -0.020350 -0.309528 0.235539 0.069458 -0.411325 0.441754 0.060536 
2.469294 -0.561956 -0.105808 -0.020065 -0.309493 0.235636 0.069326 -0.411292 0.442020 0.060732 
2.469060 -0.561647 -0.105841 -0.020025 -0.309593 0.235778 0.069147 -0.411350 0.441942 0.060612 
2.468971 -0.561748 -0.105715 -0.019930 -0.309658 0.235841 0.069166 -0.411315 0.441871 0.060653 
2.469061 -0.561940 -0.105933 -0.019728 -0.309872 0.235828 0.068974 -0.411429 0.441912 0.060569 
2.469050 -0.561980 -0.105825 -0.019829 -0.309929 0.235846 0.068884 -0.411415 0.442061 0.060523 
2.469002 -0.562031 -0.105672 -0.019680 -0.309692 0.235857 0.068892 -0.411678 0.442205 0.060322 
2.468851 -0.562102 -0.105767 -0.019687 -0.309641 0.235814 0.068917 -0.411575 0.442247 0.060251 
2.468907 -0.562083 -0.105718 -0.019668 -0.309761 0.236072 0.068988 -0.411441 0.442593 0.060160 
2.468806 -0.562205 -0.105720 -0.019818 -0.309731 0.236311 0.068815 -0.411500 0.442857 0.060334 
2.468629 -0.562177 -0.105690 -0.019863 -0.309947 0.236207 0.068933 -0.411666 0.443145 0.060480 
2.468600 -0.562221 -0.105562 -0.019891 -0.309942 0.236303 0.068667 -0.411540 0.443488 0.060554 
2.468558 -0.562393 -0.105522 -0.020182 -0.310052 0.236560 0.068644 -0.411624 0.443628 0.060427 
2.468547 -0.562479 -0.105739 -0.020032 -0.310049 0.236860 0.068627 -0.411694 0.443840 0.060574 
2.468262 -0.562695 -0.106003 -0.020016 -0.309948 0.236899 0.068538 -0.411658 0.443976 0.060609 
2.468076 -0.562810 -0.105768 -0.019874 -0.309969 0.237149 0.068655 -0.411581 0.443919 0.060781 
2.467959 -0.562648 -0.105785 -0.019859 -0.310011 0.237218 0.068572 -0.411608 0.443878 0.060723 
2.467946 -0.562436 -0.105875 -0.019960 -0.309828 0.237478 0.068661 -0.411624 0.444093 0.060863 
2.467951 -0.562472 -0.105831 -0.019828 -0.309742 0.237635 0.068474 -0.411995 0.444196 0.060914 
2.468001 -0.562456 -0.105987 -0.019870 -0.309962 0.237836 0.068275 -0.412027 0.444198 0.061198 
2.468019 -0.562427 -0.106080 -0.019641 -0.310108 0.238090 0.068273 -0.412041 0.444467 0.061064 
2.467912 -0.562457 -0.106054 -0.019760 -0.310208 0.238422 0.068178 -0.412171 0.444695 0.060951 
2.467807 -0.562492 -0.106034 -0.019884 -0.310310 0.238757 0.068094 -0.412307 0.444914 0.060833 
2.467717 -0.562486 -0.105996 -0.019903 -0.310404 0.239066 0.067949 -0.412377 0.445214 0.060741 
2.467668 -0.562515 -0.106002 -0.019938 -0.310486 0.239407 0.067883 -0.412481 0.445512 0.060660 
2.467681 -0.562622 -0.106085 -0.020066 -0.310539 0.239751 0.067996 -0.412666 0.445689 0.060595 
2.467819 -0.562691 -0.106042 -0.020047 -0.310420 0.240037 0.067811 -0.412546 0.445946 0.060555 
2.467798 -0.562688 -0.105959 -0.020045 -0.310497 0.240128 0.067786 -0.412584 0.446400 0.060647 
2.467747 -0.562636 -0.105975 -0.019796 -0.310520 0.240337 0.067791 -0.412596 0.446652 0.060397 
2.467601 -0.562621 -0.105844 -0.019821 -0.310516 0.240571 0.067650 -0.412634 0.446912 0.060163 
2.467586 -0.562571 -0.105960 -0.019833 -0.310803 0.240783 0.067626 -0.412378 0.447064 0.060088 
2.467678 -0.562820 -0.105936 -0.019651 -0.311046 0.240864 0.067425 -0.412498 0.447156 0.060021 
2.467805 -0.562631 -0.106196 -0.019673 -0.311072 0.240891 0.067209 -0.412642 0.447347 0.059907 
2.467938 -0.562514 -0.106060 -0.019678 -0.311137 0.240929 0.067239 -0.412680 0.447310 0.059892 
2.467833 -0.562440 -0.106033 -0.019457 -0.311190 0.241292 0.067155 -0.412715 0.447420 0.060024 
2.467951 -0.562560 -0.105977 -0.019372 -0.311248 0.241464 0.067241 -0.412635 0.447744 0.059806 
2.467955 -0.562628 -0.105837 -0.019573 -0.311399 0.241480 0.067153 -0.412635 0.448077 0.059983 
2.467940 -0.562575 -0.105644 -0.019466 -0.311477 0.241361 0.066929 -0.412428 0.448348 0.059990 
2.467833 -0.562515 -0.105650 -0.019403 -0.311581 0.241275 0.067037 -0.412517 0.448399 0.059968 
2.467995 -0.562740 -0.105583 -0.019743 -0.311614 0.241622 0.066850 -0.412458 0.448532 0.059994 
2.468271 -0.562873 -0.105694 -0.019757 -0.311719 0.241702 0.066935 -0.412400 0.448716 0.060259 
2.468342 -0.563007 -0.105519 -0.019777 -0.311470 0.241736 0.066888 -0.412680 0.448912 0.060309 
2.468389 -0.562865 -0.105655 -0.019823 -0.311437 0.241735 0.066817 -0.412729 0.448991 0.060264 
2.468311 -0.562698 -0.105603 -0.020038 -0.311252 0.241875 0.067011 -0.412553 0.449160 0.060325 
2.468506 -0.562734 -0.105524 -0.019828 -0.311498 0.241770 0.066836 -0.412775 0.448928 0.060275 
2.468208 -0.562797 -0.105724 -0.019831 -0.311473 0.241935 0.066577 -0.412825 0.448982 0.060561 
2.468204 -0.562802 -0.105708 -0.019986 -0.311483 0.241772 0.066550 -0.412838 0.448946 0.060641 
2.468271 -0.562863 -0.105860 -0.019770 -0.311497 0.242289 0.066426 -0.412849 0.449163 0.060399 
2.468484 -0.562867 -0.106070 -0.019508 -0.311402 0.242428 0.066434 -0.412804 0.449312 0.060564 
2.468458 -0.562830 -0.105976 -0.019444 -0.311459 0.242355 0.066342 -0.412718 0.449455 0.060563 
2.468299 -0.562791 -0.106049 -0.019381 -0.311691 0.242415 0.066532 -0.412953 0.449683 0.060526 
2.468301 -0.562829 -0.105955 -0.019361 -0.311539 0.242397 0.066508 -0.413098 0.449745 0.060523 
2.468099 -0.562692 -0.105984 -0.019178 -0.311407 0.242578 0.066335 -0.413136 0.449774 0.060273 
2.468337 -0.562918 -0.105974 -0.019252 -0.311633 0.242328 0.066415 -0.413183 0.449658 0.060495 
2.468236 -0.563114 -0.105719 -0.019347 -0.311569 0.242663 0.066583 -0.413005 0.449819 0.060600 
2.468479 -0.562903 -0.105462 -0.019374 -0.311690 0.242870 0.066579 -0.413104 0.449798 0.060617 
2.468566 -0.562934 -0.105434 -0.019323 -0.311670 0.242825 0.066701 -0.413054 0.449813 0.060452 
2.468561 -0.563099 -0.105434 -0.019638 -0.311691 0.243030 0.066483 -0.413115 0.450094 0.060616 
2.468508 -0.563255 -0.105211 -0.019757 -0.311634 0.243188 0.066571 -0.413094 0.450355 0.060823 
2.468654 -0.563091 -0.105543 -0.019498 -0.311636 0.243112 0.066474 -0.413090 0.450163 0.060680 
2.468494 -0.563048 -0.105564 -0.019423 -0.311536 0.243437 0.066292 -0.413061 0.450226 0.060452 
2.468552 -0.563166 -0.105742 -0.019557 -0.311421 0.243692 0.066456 -0.413234 0.450034 0.060454 
2.468617 -0.563157 -0.105701 -0.019620 -0.311282 0.243685 0.066393 -0.413096 0.449951 0.060480 
2.468668 -0.563452 -0.105748 -0.019386 -0.311543 0.243823 0.066203 -0.413358 0.450041 0.060411 
2.468672 -0.563467 -0.105923 -0.019421 -0.311852 0.244039 0.066219 -0.413109 0.450073 0.060412 
2.468757 -0.563385 -0.106161 -0.019432 -0.311888 0.244224 0.066070 -0.413254 0.450359 0.060325 
2.468676 -0.563491 -0.106137 -0.019307 -0.311887 0.244547 0.066117 -0.413293 0.450655 0.060414 
2.468553 -0.563647 -0.106045 -0.019562 -0.312010 0.244724 0.066042 -0.413391 0.450871 0.060279 
2.468693 -0.563786 -0.106010 -0.019521 -0.312015 0.244805 0.066216 -0.413347 0.451069 0.059934 
2.468448 -0.564051 -0.106266 -0.019536 -0.311933 0.244736 0.066183 -0.413288 0.451222 0.059882 
2.468566 -0.563710 -0.105996 -0.019448 -0.311985 0.244885 0.066162 -0.413337 0.450990 0.059809 
2.468544 -0.563761 -0.105911 -0.019534 -0.312158 0.245203 0.066112 -0.413487 0.451222 0.059705 
2.468666 -0.563816 -0.105908 -0.019404 -0.312258 0.245478 0.066209 -0.413554 0.451466 0.059493 
2.468649 -0.563958 -0.105960 -0.019358 -0.312357 0.245750 0.066238 -0.413633 0.451757 0.059301 
2.468827 -0.564003 -0.105835 -0.019477 -0.312557 0.245978 0.066265 -0.413785 0.452000 0.059326 
2.468978 -0.564059 -0.105775 -0.019504 -0.312431 0.246301 0.066152 -0.413645 0.452183 0.059178 
2.468947 -0.563953 -0.105898 -0.019689 -0.312316 0.246545 0.066459 -0.413717 0.452212 0.059115 
2.468907 -0.563861 -0.105924 -0.019712 -0.312438 0.246538 0.066487 -0.413546 0.452269 0.059126 
2.468864 -0.563742 -0.105756 -0.019618 -0.312414 0.246564 0.066491 -0.413611 0.452659 0.058961 
2.468828 -0.563872 -0.105539 -0.019485 -0.312559 0.246789 0.066586 -0.413568 0.452870 0.058790 
2.468950 -0.563818 -0.105595 -0.019479 -0.312734 0.246901 0.066486 -0.413639 0.453096 0.058461 
2.468984 -0.563717 -0.105688 -0.019258 -0.312833 0.247167 0.066384 -0.413714 0.453367 0.058469 
2.469131 -0.563749 -0.105805 -0.019093 -0.312905 0.247310 0.066383 -0.413727 0.453750 0.058423 
2.468937 -0.563682 -0.105787 -0.019124 -0.313015 0.247576 0.066149 -0.413823 0.453960 0.058362 
2.469008 -0.563419 -0.105650 -0.018989 -0.313127 0.247849 0.066028 -0.413899 0.454067 0.058272 
2.468777 -0.563417 -0.105826 -0.018745 -0.312993 0.247895 0.065983 -0.413797 0.454061 0.058023 
2.468982 -0.563360 -0.105717 -0.019081 -0.313077 0.247952 0.066193 -0.413945 0.454068 0.058250 
2.468835 -0.563344 -0.105766 -0.019003 -0.313383 0.247835 0.066323 -0.414227 0.454119 0.058291 
2.468947 -0.563283 -0.105762 -0.019116 -0.313201 0.247942 0.066220 -0.413767 0.454079 0.058280 
2.469108 -0.563592 -0.105868 -0.019131 -0.313241 0.248239 0.066122 -0.413969 0.453903 0.058284 
2.469182 -0.563498 -0.106010 -0.019200 -0.313239 0.248167 0.066026 -0.414024 0.453888 0.058232 
2.469075 -0.563598 -0.105940 -0.019178 -0.313134 0.248440 0.066041 -0.414020 0.454038 0.058673 
2.469118 -0.563781 -0.105821 -0.019479 -0.313176 0.248632 0.066011 -0.414043 0.454276 0.058634 
2.468941 -0.563770 -0.105627 -0.019768 -0.313183 0.248795 0.065893 -0.414110 0.454082 0.058690 
2.469289 -0.563742 -0.105731 -0.019523 -0.313211 0.248586 0.066083 -0.414062 0.454228 0.058723 
2.469174 -0.563997 -0.105960 -0.019436 -0.313124 0.248870 0.066056 -0.413997 0.454590 0.058558 
2.469118 -0.563964 -0.106164 -0.019226 -0.312971 0.249048 0.066035 -0.414001 0.454607 0.058862 
2.469124 -0.564079 -0.106212 -0.019305 -0.312845 0.248964 0.066059 -0.413900 0.454549 0.058890 
2.468958 -0.564158 -0.106300 -0.019254 -0.313191 0.248924 0.066157 -0.414218 0.454737 0.058979 
2.469001 -0.564253 -0.106231 -0.019183 -0.313100 0.248889 0.066062 -0.414359 0.454726 0.058961 
2.469027 -0.564364 -0.106174 -0.019083 -0.313287 0.248847 0.065747 -0.414154 0.454885 0.059054 
2.468931 -0.564382 -0.106014 -0.019011 -0.313246 0.248832 0.065847 -0.414102 0.454941 0.059089 
2.468894 -0.564205 -0.106042 -0.019084 -0.313082 0.248749 0.065753 -0.414175 0.455330 0.059060 
2.468861 -0.564263 -0.106109 -0.018810 -0.313079 0.248876 0.065738 -0.414189 0.455598 0.058803 
2.468707 -0.564353 -0.105981 -0.018994 -0.313060 0.249211 0.065599 -0.414275 0.455729 0.058816 
2.468746 -0.564443 -0.105819 -0.019143 -0.313065 0.249541 0.065537 -0.414376 0.455957 0.058889 
2.468466 -0.564454 -0.105703 -0.019256 -0.313047 0.249798 0.065323 -0.414481 0.456060 0.058871 
2.468505 -0.564573 -0.105631 -0.019218 -0.313048 0.250117 0.065293 -0.414551 0.456376 0.058778 
2.468556 -0.564569 -0.105519 -0.019268 -0.313005 0.250339 0.065219 -0.414669 0.456763 0.058791 
2.468405 -0.564587 -0.105613 -0.019092 -0.312935 0.250444 0.065143 -0.414684 0.457044 0.058518 
2.468331 -0.564869 -0.105706 -0.019218 -0.312702 0.250522 0.065111 -0.414553 0.457245 0.058421 
2.468269 -0.564831 -0.105841 -0.019167 -0.312707 0.250599 0.065163 -0.414510 0.457272 0.058571 
2.468143 -0.564770 -0.105893 -0.019359 -0.313018 0.250618 0.065332 -0.414407 0.457439 0.058447 
2.468196 -0.564685 -0.105853 -0.019351 -0.313014 0.250670 0.065243 -0.414215 0.457431 0.058431 
2.468192 -0.564455 -0.105880 -0.019395 -0.312795 0.250918 0.065451 -0.414274 0.457378 0.058277 
2.468284 -0.564438 -0.106037 -0.019472 -0.312832 0.250952 0.065341 -0.414334 0.457348 0.058236 
2.468210 -0.564394 -0.106105 -0.019185 -0.312897 0.251250 0.065237 -0.414363 0.457543 0.058197 
2.467977 -0.564205 -0.106170 -0.019035 -0.312865 0.251408 0.065027 -0.414420 0.457763 0.058204 
2.468215 -0.564162 -0.106303 -0.018761 -0.312868 0.251434 0.065143 -0.414379 0.458025 0.058156 
2.467889 -0.564214 -0.106267 -0.018938 -0.312861 0.251329 0.065037 -0.414363 0.457666 0.058086 
2.467948 -0.564340 -0.106063 -0.019043 -0.312991 0.251822 0.064976 -0.414449 0.457695 0.058315 
2.468070 -0.564271 -0.106277 -0.019305 -0.313029 0.252012 0.064763 -0.414550 0.457666 0.058419 
2.468043 -0.564417 -0.106302 -0.019374 -0.312912 0.252038 0.064739 -0.414491 0.457761 0.058348 
2.468146 -0.564418 -0.106055 -0.019414 -0.312988 0.252096 0.064557 -0.414668 0.457799 0.058048 
2.468079 -0.564395 -0.106085 -0.019510 -0.313144 0.252101 0.064649 -0.414633 0.457882 0.057988 
2.467979 -0.564560 -0.106171 -0.019489 -0.313134 0.252082 0.064773 -0.415051 0.457923 0.058024 
2.467982 -0.564670 -0.106177 -0.019448 -0.313253 0.251986 0.064650 -0.415029 0.457965 0.058095 
2.467884 -0.564724 -0.105856 -0.019599 -0.313240 0.252193 0.064553 -0.415106 0.458110 0.058240 
2.467955 -0.564586 -0.106237 -0.019318 -0.313241 0.252054 0.064600 -0.415041 0.458119 0.058085 
2.468292 -0.564676 -0.106281 -0.019164 -0.313310 0.252248 0.064697 -0.415051 0.458316 0.058053 
2.468198 -0.564722 -0.106424 -0.018929 -0.313384 0.252538 0.064549 -0.415068 0.458356 0.057858 
2.468312 -0.564574 -0.106537 -0.018835 -0.313315 0.252509 0.064412 -0.415175 0.458711 0.057716 
2.468338 -0.564543 -0.106575 -0.018973 -0.313328 0.252630 0.064316 -0.415217 0.458720 0.057823 
2.468218 -0.564566 -0.106279 -0.018910 -0.313329 0.252872 0.064311 -0.415228 0.458931 0.057994 
2.468283 -0.564283 -0.106201 -0.018743 -0.313575 0.252953 0.064307 -0.415380 0.458839 0.058140 
2.468150 -0.564543 -0.106313 -0.019006 -0.313483 0.252876 0.064406 -0.415191 0.459013 0.057938 
2.468036 -0.564609 -0.106532 -0.018971 -0.313417 0.253049 0.064515 -0.415041 0.459195 0.058203 
2.467989 -0.564706 -0.106571 -0.018967 -0.313423 0.253026 0.064571 -0.415246 0.459206 0.058228 
2.468028 -0.565000 -0.106437 -0.019090 -0.313609 0.253146 0.064366 -0.415223 0.459367 0.058229 
2.468052 -0.565095 -0.106287 -0.019308 -0.313555 0.253488 0.064417 -0.415282 0.459466 0.058079 
2.467683 -0.565098 -0.106199 -0.019450 -0.313557 0.253508 0.064158 -0.415304 0.459544 0.058066 
2.468111 -0.565021 -0.106342 -0.019263 -0.313519 0.253471 0.064349 -0.415335 0.459644 0.058009 
2.468273 -0.565020 -0.106166 -0.019496 -0.313480 0.253303 0.064395 -0.415362 0.459899 0.058178 
2.468045 -0.565057 -0.106202 -0.019121 -0.313508 0.253453 0.064431 -0.415302 0.459713 0.057978 
2.468105 -0.565283 -0.106298 -0.018960 -0.313644 0.253555 0.064364 -0.415267 0.459898 0.057697 
2.468165 -0.565130 -0.106204 -0.018785 -0.313923 0.253791 0.064288 -0.415405 0.459964 0.057795 
2.468298 -0.565265 -0.106119 -0.018580 -0.313675 0.253928 0.064040 -0.415478 0.459936 0.057873 
2.468241 -0.565298 -0.106229 -0.018562 -0.313642 0.254014 0.064096 -0.415404 0.460027 0.058006 
2.468143 -0.565371 -0.106324 -0.018453 -0.313621 0.254063 0.064241 -0.415816 0.460094 0.057943 
2.468159 -0.565326 -0.106264 -0.018543 -0.313543 0.254228 0.064306 -0.415804 0.460105 0.057854 
2.468181 -0.565099 -0.106256 -0.018358 -0.313510 0.254481 0.064315 -0.415726 0.460240 0.057603 
2.468352 -0.565327 -0.106290 -0.018495 -0.313539 0.254204 0.064439 -0.415793 0.460083 0.057877 
2.468230 -0.565454 -0.106031 -0.018738 -0.313610 0.254317 0.064259 -0.415873 0.460428 0.057877 
2.468165 -0.565721 -0.105826 -0.018822 -0.313779 0.254599 0.064293 -0.415864 0.460363 0.057856 
2.468245 -0.565761 -0.105987 -0.018902 -0.313833 0.254649 0.064196 -0.415883 0.460359 0.057794 
2.468283 -0.565581 -0.105869 -0.019186 -0.313781 0.254816 0.064097 -0.416066 0.460438 0.057967 
2.468305 -0.565847 -0.105955 -0.018821 -0.313675 0.254688 0.064081 -0.415902 0.460337 0.057821 
2.468242 -0.566054 -0.105930 -0.019027 -0.313462 0.254609 0.064140 -0.415835 0.460536 0.057600 
2.468248 -0.565876 -0.106066 -0.018799 -0.313643 0.254776 0.064135 -0.415826 0.460429 0.057951 
2.468283 -0.565740 -0.106013 -0.018556 -0.313746 0.254981 0.064020 -0.415770 0.460686 0.057803 
2.468244 -0.565896 -0.106032 -0.018362 -0.313949 0.254909 0.063900 -0.415988 0.460908 0.057934 
2.468332 -0.565907 -0.105928 -0.018375 -0.314095 0.254829 0.063664 -0.415655 0.460976 0.058078 
2.468447 -0.565924 -0.106009 -0.018356 -0.313960 0.254905 0.064019 -0.415992 0.460953 0.057961 
2.468239 -0.565838 -0.106128 -0.018020 -0.314054 0.255214 0.063847 -0.416006 0.460941 0.057925 
2.468201 -0.566054 -0.105935 -0.018423 -0.314003 0.255024 0.063932 -0.415967 0.460903 0.057888 
2.468127 -0.566174 -0.105933 -0.018464 -0.313867 0.255002 0.063913 -0.415925 0.461289 0.057673 
2.468140 -0.566019 -0.105788 -0.018694 -0.313828 0.255207 0.063798 -0.416103 0.461461 0.057822 
2.468100 -0.566028 -0.105633 -0.018584 -0.313703 0.255184 0.063826 -0.416096 0.461454 0.057890 
2.467945 -0.565850 -0.105677 -0.018732 -0.314079 0.255152 0.064055 -0.416060 0.461615 0.057805 
2.468006 -0.565794 -0.105561 -0.018704 -0.314131 0.255111 0.063981 -0.416121 0.461580 0.057652 
2.467841 -0.566123 -0.105649 -0.018969 -0.314161 0.255156 0.063990 -0.416235 0.461842 0.057754 
2.467947 -0.565830 -0.105640 -0.018904 -0.313989 0.255062 0.064100 -0.415998 0.461544 0.057773 
2.467946 -0.565764 -0.105737 -0.018558 -0.314104 0.255546 0.064040 -0.415955 0.461734 0.057681 
2.467689 -0.565541 -0.105946 -0.018415 -0.314021 0.255551 0.063893 -0.416108 0.461793 0.057625 
2.467623 -0.565543 -0.105906 -0.018427 -0.314083 0.255527 0.063734 -0.415961 0.461799 0.057670 
2.467961 -0.565418 -0.106030 -0.018227 -0.314099 0.255577 0.063856 -0.416058 0.462091 0.057711 
2.467715 -0.565440 -0.105882 -0.018504 -0.314042 0.255648 0.063848 -0.416199 0.461761 0.057750 
2.467659 -0.565502 -0.105922 -0.018296 -0.314299 0.255906 0.063871 -0.416247 0.461542 0.057803 
2.467633 -0.565579 -0.105879 -0.018526 -0.314091 0.255643 0.063847 -0.416291 0.461890 0.057824 
2.467615 -0.565666 -0.105743 -0.018628 -0.314035 0.255934 0.063697 -0.416372 0.462050 0.057582 
2.467512 -0.565677 -0.105428 -0.018386 -0.313809 0.255990 0.063741 -0.416369 0.462096 0.057691 
2.467536 -0.565562 -0.105663 -0.018653 -0.314154 0.255919 0.063809 -0.416345 0.462115 0.057523 
2.467402 -0.565636 -0.105776 -0.018914 -0.314084 0.256228 0.063837 -0.416310 0.462289 0.057552 
2.467373 -0.565737 -0.105675 -0.019121 -0.314185 0.256315 0.063633 -0.416589 0.462420 0.057409 
2.467257 -0.565684 -0.105686 -0.018957 -0.313998 0.256205 0.063868 -0.416330 0.462159 0.057541 
2.467469 -0.565602 -0.105611 -0.018685 -0.313965 0.256412 0.063835 -0.416283 0.462585 0.057680 
2.467433 -0.565704 -0.105663 -0.018456 -0.314217 0.256713 0.063855 -0.416300 0.462456 0.057694 
2.467521 -0.565722 -0.105684 -0.018457 -0.314164 0.256737 0.064025 -0.416431 0.462444 0.057655 
2.467670 -0.565926 -0.105444 -0.018596 -0.314328 0.256744 0.063930 -0.416097 0.462437 0.057764 
2.467367 -0.565864 -0.105715 -0.018392 -0.314225 0.256629 0.063893 -0.416273 0.462551 0.057628 
2.467432 -0.565726 -0.105851 -0.018200 -0.314166 0.256866 0.063816 -0.416131 0.462693 0.057396 
2.467387 -0.565639 -0.106047 -0.018045 -0.314283 0.256967 0.063815 -0.416199 0.462923 0.057687 
2.467353 -0.565622 -0.105768 -0.018226 -0.314288 0.256849 0.063925 -0.416109 0.462758 0.057335 
2.467380 -0.565687 -0.105629 -0.018263 -0.314404 0.256921 0.063676 -0.416404 0.462905 0.057181 
2.467523 -0.565594 -0.105494 -0.017917 -0.314487 0.256706 0.063602 -0.416466 0.462826 0.057134 
2.467298 -0.565709 -0.105480 -0.018189 -0.314279 0.256989 0.063700 -0.416407 0.462942 0.057234 
2.467108 -0.565760 -0.105711 -0.018452 -0.314429 0.257180 0.063594 -0.416505 0.462865 0.057007 
2.467231 -0.565965 -0.105600 -0.018666 -0.314553 0.257448 0.063572 -0.416382 0.463001 0.056966 
2.467166 -0.565865 -0.105642 -0.018949 -0.314341 0.257395 0.063465 -0.416430 0.463261 0.056854 
2.467188 -0.566125 -0.105655 -0.018604 -0.314549 0.257372 0.063649 -0.416387 0.463090 0.056893 
2.467360 -0.566095 -0.105699 -0.018638 -0.314462 0.257530 0.063940 -0.416671 0.463055 0.056820 
2.467355 -0.566168 -0.105589 -0.018752 -0.314441 0.257421 0.063965 -0.416694 0.462932 0.056795 
2.467220 -0.566141 -0.105833 -0.018650 -0.314635 0.257632 0.063951 -0.416865 0.463218 0.057127 
2.467173 -0.566088 -0.105980 -0.018409 -0.314743 0.257926 0.063863 -0.416914 0.463359 0.056969 
2.467475 -0.566152 -0.105908 -0.018353 -0.314862 0.258073 0.063866 -0.416802 0.463648 0.057025 
2.467311 -0.565948 -0.105870 -0.018383 -0.315044 0.258117 0.064160 -0.416630 0.463760 0.056961 
2.467394 -0.565926 -0.106019 -0.018458 -0.315168 0.258049 0.064137 -0.416627 0.463724 0.056909 
2.467315 -0.566018 -0.106150 -0.018324 -0.314889 0.258383 0.064222 -0.416426 0.463775 0.057066 
2.467357 -0.566035 -0.106134 -0.018161 -0.314967 0.258356 0.064279 -0.416408 0.463651 0.057136 
2.467328 -0.565800 -0.106278 -0.018213 -0.314737 0.258356 0.064147 -0.416537 0.464120 0.057035 
2.467269 -0.566186 -0.106191 -0.018276 -0.314883 0.258293 0.064299 -0.416431 0.463850 0.056991 
2.467230 -0.566143 -0.106094 -0.018473 -0.314990 0.258727 0.064105 -0.416503 0.463911 0.056913 
2.467155 -0.566263 -0.106097 -0.018746 -0.315056 0.258811 0.064144 -0.416621 0.464092 0.057204 
2.467254 -0.566248 -0.106100 -0.018779 -0.314994 0.258863 0.064294 -0.416746 0.464053 0.057158 
2.467205 -0.566345 -0.105961 -0.018982 -0.314955 0.258981 0.064033 -0.416418 0.464230 0.056997 
2.467059 -0.566158 -0.106081 -0.018763 -0.315142 0.258826 0.064291 -0.416540 0.464134 0.057169 
2.466797 -0.566242 -0.106238 -0.018815 -0.314966 0.258879 0.064053 -0.416795 0.463932 0.057115 
2.467233 -0.566223 -0.106254 -0.018858 -0.315143 0.258766 0.064113 -0.416594 0.464050 0.057168 
2.467138 -0.566413 -0.106110 -0.018530 -0.315315 0.258912 0.064109 -0.416811 0.464287 0.057080 
2.467159 -0.566412 -0.106049 -0.018305 -0.315491 0.259240 0.064061 -0.416830 0.464186 0.057261 
2.467163 -0.566297 -0.105722 -0.018347 -0.315702 0.259138 0.063943 -0.417037 0.464119 0.057246 
2.467184 -0.566240 -0.106086 -0.018281 -0.315428 0.259276 0.063990 -0.416878 0.464307 0.057279 
2.467133 -0.566296 -0.106155 -0.017927 -0.315430 0.259334 0.064005 -0.416988 0.464575 0.057403 
2.467191 -0.566325 -0.105969 -0.018308 -0.315330 0.259294 0.063870 -0.416798 0.464363 0.057342 
2.467216 -0.566345 -0.105921 -0.018380 -0.315362 0.259639 0.063820 -0.416752 0.464512 0.057054 
2.467410 -0.566380 -0.106116 -0.018488 -0.315553 0.259772 0.063538 -0.416662 0.464601 0.057068 
2.467089 -0.566412 -0.106246 -0.018548 -0.315472 0.259916 0.063303 -0.416803 0.464497 0.057035 
2.467074 -0.566365 -0.106243 -0.018412 -0.315476 0.259855 0.063218 -0.416691 0.464438 0.056926 
2.467365 -0.566465 -0.106263 -0.018518 -0.315244 0.260124 0.063213 -0.416985 0.464377 0.056949 
2.467353 -0.566390 -0.106223 -0.018472 -0.315283 0.260265 0.063242 -0.416916 0.464282 0.057067 
2.467340 -0.566296 -0.106234 -0.018682 -0.315186 0.260617 0.063163 -0.416825 0.464462 0.056995 
2.467356 -0.566199 -0.105949 -0.018760 -0.315378 0.260766 0.062971 -0.417023 0.464523 0.056941 
2.467311 -0.566354 -0.106004 -0.018517 -0.315410 0.261026 0.062946 -0.417091 0.464793 0.056996 
2.467268 -0.566601 -0.106031 -0.018376 -0.315475 0.261358 0.062924 -0.417111 0.464992 0.056999 
2.467338 -0.566540 -0.106212 -0.018242 -0.315494 0.261495 0.062717 -0.417181 0.465254 0.057207 
2.467306 -0.566356 -0.106417 -0.018125 -0.315627 0.261659 0.062906 -0.417369 0.465329 0.057044 
2.467124 -0.566366 -0.106465 -0.018135 -0.315562 0.261677 0.062826 -0.417454 0.465251 0.057058 
2.467247 -0.566331 -0.106226 -0.017929 -0.315394 0.261784 0.062965 -0.417416 0.465604 0.057133 
2.467296 -0.566407 -0.106017 -0.017760 -0.315641 0.261734 0.062864 -0.417692 0.465566 0.057217 
2.467345 -0.566319 -0.106231 -0.017822 -0.315307 0.261825 0.062870 -0.417412 0.465515 0.057023 
2.467027 -0.566252 -0.106194 -0.017780 -0.315589 0.261722 0.062827 -0.417157 0.465749 0.057026 
2.467259 -0.566382 -0.106232 -0.018009 -0.315368 0.261704 0.062904 -0.417499 0.465728 0.057001 
2.467260 -0.566668 -0.106478 -0.017872 -0.315313 0.261517 0.063024 -0.417537 0.465860 0.057077 
2.467245 -0.566540 -0.106220 -0.018041 -0.315416 0.261872 0.062899 -0.417467 0.465738 0.056960 
2.467280 -0.566597 -0.106211 -0.018352 -0.315456 0.262121 0.062804 -0.417554 0.465975 0.056998 
2.467177 -0.566738 -0.105986 -0.018592 -0.315448 0.262220 0.063015 -0.417616 0.466024 0.056800 
2.467255 -0.566502 -0.106315 -0.018288 -0.315534 0.262198 0.062890 -0.417633 0.466014 0.056909 
2.467072 -0.566483 -0.106320 -0.018237 -0.315743 0.262241 0.062686 -0.417418 0.466257 0.056812 
2.467117 -0.566574 -0.106141 -0.018112 -0.316019 0.262233 0.062563 -0.417705 0.466268 0.056893 
2.466933 -0.566580 -0.106157 -0.018091 -0.315920 0.262270 0.062497 -0.417794 0.466237 0.056920 
2.466880 -0.566630 -0.106390 -0.018328 -0.316137 0.262224 0.062368 -0.417822 0.466011 0.056847 
2.466872 -0.566680 -0.106240 -0.018096 -0.315958 0.262190 0.062605 -0.417798 0.466319 0.057032 
2.467063 -0.566766 -0.106354 -0.017977 -0.315857 0.262484 0.062334 -0.417877 0.466448 0.056835 
2.467059 -0.566730 -0.106406 -0.017926 -0.315969 0.262889 0.062315 -0.417810 0.466487 0.057056 
2.467107 -0.566527 -0.106517 -0.017986 -0.315981 0.262993 0.062150 -0.417963 0.466822 0.057130 
2.467091 -0.566532 -0.106680 -0.017678 -0.316070 0.263219 0.062021 -0.417989 0.467017 0.057080 
2.467050 -0.566528 -0.106487 -0.018046 -0.316024 0.263079 0.062286 -0.418035 0.466865 0.056998 
2.467040 -0.566755 -0.106283 -0.018329 -0.315973 0.263243 0.062202 -0.418026 0.467032 0.057006 
2.467229 -0.566841 -0.106284 -0.018504 -0.315805 0.263431 0.062327 -0.418304 0.466998 0.057093 
2.467042 -0.566707 -0.106258 -0.018285 -0.315801 0.263263 0.062289 -0.417921 0.467110 0.057006 
2.466968 -0.566703 -0.106542 -0.018587 -0.315770 0.263359 0.062245 -0.417738 0.467085 0.056886 
2.467153 -0.566609 -0.106174 -0.018286 -0.315793 0.263328 0.062204 -0.417891 0.467039 0.056891 
2.467470 -0.566666 -0.106176 -0.018339 -0.316013 0.263264 0.062372 -0.417737 0.467204 0.056901 
2.467425 -0.566584 -0.106134 -0.018352 -0.316089 0.263390 0.062418 -0.417675 0.467151 0.057038 
2.467285 -0.566511 -0.105800 -0.018557 -0.316145 0.263341 0.062410 -0.417739 0.467364 0.056971 
2.467437 -0.566518 -0.106212 -0.018295 -0.316115 0.263481 0.062331 -0.417733 0.467311 0.057050 
2.467395 -0.566777 -0.106165 -0.018095 -0.316180 0.263785 0.062274 -0.417688 0.467423 0.056934 
2.467509 -0.566910 -0.106123 -0.018046 -0.316105 0.263844 0.061929 -0.417588 0.467544 0.057161 
2.467547 -0.566868 -0.106220 -0.017737 -0.316193 0.264091 0.061831 -0.417673 0.467750 0.057112 
2.467472 -0.566901 -0.106473 -0.017974 -0.316197 0.264299 0.061722 -0.417505 0.467845 0.056975 
2.467651 -0.567000 -0.106488 -0.018149 -0.316042 0.264541 0.061816 -0.417768 0.467859 0.057043 
2.467648 -0.566950 -0.106452 -0.018111 -0.315872 0.264558 0.061902 -0.417666 0.467944 0.057041 
2.467534 -0.567016 -0.106262 -0.018364 -0.316115 0.264665 0.061738 -0.417872 0.468146 0.056963 
2.467662 -0.566821 -0.105973 -0.018461 -0.316136 0.264763 0.061577 -0.417860 0.468118 0.056731 
2.467375 -0.566988 -0.106262 -0.018337 -0.316005 0.264697 0.061654 -0.417950 0.468065 0.056957 
2.467190 -0.567042 -0.106139 -0.018474 -0.316053 0.264585 0.061639 -0.418110 0.468420 0.056938 
2.467186 -0.566854 -0.106179 -0.018526 -0.316088 0.264595 0.061637 -0.418125 0.468439 0.057071 
2.467005 -0.566945 -0.105962 -0.018539 -0.316245 0.264856 0.061762 -0.417997 0.468383 0.057221 
2.467117 -0.566802 -0.106242 -0.018615 -0.316118 0.264594 0.061780 -0.418133 0.468390 0.056943 
2.467156 -0.566965 -0.106249 -0.018880 -0.315994 0.264554 0.061477 -0.417894 0.468395 0.057127 
2.467108 -0.566814 -0.106258 -0.018442 -0.316170 0.264613 0.061551 -0.418004 0.468507 0.057000 
2.467212 -0.566872 -0.106444 -0.018508 -0.316112 0.264987 0.061515 -0.418136 0.468654 0.056958 
2.467216 -0.566923 -0.106480 -0.018545 -0.316281 0.264969 0.061428 -0.418238 0.468568 0.056960 
2.467232 -0.566766 -0.106497 -0.018134 -0.316127 0.265145 0.061510 -0.418256 0.468859 0.056911 
2.467198 -0.566928 -0.106483 -0.018683 -0.316063 0.264973 0.061431 -0.418020 0.468638 0.056985 
2.467176 -0.566917 -0.106520 -0.018491 -0.316109 0.264963 0.061565 -0.418140 0.468657 0.057006 
2.467222 -0.566763 -0.106366 -0.018601 -0.316137 0.265027 0.061534 -0.418136 0.468615 0.056788 
2.467147 -0.566843 -0.106445 -0.018507 -0.316051 0.264996 0.061479 -0.418189 0.468612 0.056970 
2.467296 -0.566747 -0.106383 -0.018565 -0.316020 0.264964 0.061442 -0.418258 0.468628 0.057080 
2.467094 -0.566858 -0.106403 -0.018545 -0.316069 0.264981 0.061484 -0.418225 0.468694 0.056978 
2.467058 -0.566874 -0.106268 -0.018534 -0.316121 0.265123 0.061492 -0.418163 0.468635 0.057076 
2.467087 -0.566955 -0.106226 -0.018547 -0.316079 0.265114 0.061522 -0.418200 0.468604 0.057054 
2.467093 -0.566909 -0.106190 -0.018443 -0.316098 0.265124 0.061308 -0.418133 0.468689 0.057006 
2.467119 -0.566924 -0.106237 -0.018458 -0.316084 0.265217 0.061300 -0.418167 0.468726 0.056995 
2.467086 -0.566845 -0.106245 -0.018300 -0.316104 0.265316 0.061261 -0.418185 0.468846 0.056966 
2.467041 -0.566775 -0.106272 -0.018190 -0.316107 0.265429 0.061176 -0.418154 0.468982 0.056943 
2.467054 -0.566800 -0.106212 -0.018020 -0.316081 0.265511 0.061203 -0.418249 0.469054 0.056880 
2.467038 -0.566790 -0.106259 -0.017983 -0.316266 0.265531 0.061105 -0.418350 0.469024 0.056877 
2.467056 -0.566827 -0.106287 -0.017947 -0.316250 0.265507 0.061090 -0.418361 0.469045 0.056975 
2.467164 -0.566621 -0.106183 -0.018014 -0.316255 0.265543 0.061072 -0.418411 0.469066 0.056916 
2.466993 -0.566758 -0.106274 -0.017969 -0.316203 0.265544 0.061069 -0.418388 0.468957 0.056886 
2.467166 -0.566759 -0.106342 -0.017877 -0.316287 0.265572 0.061122 -0.418239 0.468933 0.056843 
2.467058 -0.566785 -0.106319 -0.017980 -0.316239 0.265461 0.061085 -0.418378 0.469058 0.056823 
2.466938 -0.566702 -0.106324 -0.017982 -0.316322 0.265567 0.061259 -0.418382 0.469112 0.056904 
2.467002 -0.566755 -0.106212 -0.017928 -0.316286 0.265456 0.061104 -0.418318 0.469014 0.056882 
2.467098 -0.566890 -0.106160 -0.017995 -0.316234 0.265528 0.060930 -0.418306 0.469008 0.056834 
2.467129 -0.566935 -0.106128 -0.018023 -0.316262 0.265515 0.060989 -0.418357 0.468955 0.056823 
2.467172 -0.566867 -0.106155 -0.017907 -0.316119 0.265380 0.060880 -0.418337 0.468934 0.056873 
2.467087 -0.566921 -0.106144 -0.018025 -0.316233 0.265577 0.060912 -0.418324 0.469076 0.056820 
2.467078 -0.566953 -0.106124 -0.018035 -0.316228 0.265628 0.060900 -0.418349 0.469145 0.056801 
2.467065 -0.566958 -0.106138 -0.018113 -0.316243 0.265638 0.060863 -0.418318 0.469169 0.056814 
2.467100 -0.566960 -0.106167 -0.018101 -0.316262 0.265699 0.060848 -0.418264 0.469175 0.056792 
2.467059 -0.566950 -0.106127 -0.018087 -0.316310 0.265699 0.060837 -0.418213 0.469207 0.056776 
2.467069 -0.566955 -0.106121 -0.018084 -0.316289 0.265709 0.060764 -0.418173 0.469255 0.056771 
2.467008 -0.566935 -0.106123 -0.018090 -0.316277 0.265768 0.060732 -0.418177 0.469221 0.056758 
2.466987 -0.566965 -0.106137 -0.018067 -0.316300 0.265797 0.060724 -0.418171 0.469230 0.056838 
2.466991 -0.566964 -0.106130 -0.018090 -0.316254 0.265762 0.060748 -0.418155 0.469220 0.056751 
2.467021 -0.566892 -0.106079 -0.018110 -0.316239 0.265803 0.060766 -0.418148 0.469233 0.056789 
2.466994 -0.566911 -0.106154 -0.018083 -0.316271 0.265764 0.060742 -0.418178 0.469245 0.056758 
2.466998 -0.566929 -0.106116 -0.018132 -0.316322 0.265826 0.060702 -0.418169 0.469236 0.056720 
2.466997 -0.566889 -0.106131 -0.018143 -0.316344 0.265811 0.060665 -0.418114 0.469182 0.056727 
2.467017 -0.566929 -0.106123 -0.018097 -0.316325 0.265848 0.060710 -0.418158 0.469229 0.056706 
2.467015 -0.566915 -0.106091 -0.018025 -0.316326 0.265890 0.060690 -0.418168 0.469230 0.056670 
2.467033 -0.566921 -0.106101 -0.018028 -0.316299 0.265895 0.060658 -0.418165 0.469243 0.056673 
2.467075 -0.566925 -0.106146 -0.018037 -0.316281 0.265949 0.060669 -0.418199 0.469203 0.056666 
2.467157 -0.566942 -0.106159 -0.018027 -0.316307 0.265958 0.060676 -0.418174 0.469237 0.056654 
2.467137 -0.566994 -0.106180 -0.018026 -0.316271 0.265986 0.060692 -0.418120 0.469234 0.056620 
2.467128 -0.567018 -0.106203 -0.018014 -0.316291 0.265972 0.060675 -0.418133 0.469229 0.056614 
2.467115 -0.567038 -0.106212 -0.017995 -0.316310 0.266019 0.060669 -0.418119 0.469240 0.056692 
2.467099 -0.567014 -0.106238 -0.018000 -0.316318 0.266030 0.060670 -0.418118 0.469265 0.056681 
2.467112 -0.567004 -0.106288 -0.017939 -0.316277 0.266003 0.060691 -0.418118 0.469268 0.056708 
2.467103 -0.566994 -0.106247 -0.017998 -0.316329 0.266028 0.060654 -0.418089 0.469238 0.056682 
2.467103 -0.567056 -0.106244 -0.018033 -0.316329 0.266087 0.060628 -0.418149 0.469296 0.056674 
2.467106 -0.567099 -0.106249 -0.018065 -0.316344 0.266146 0.060590 -0.418180 0.469326 0.056665 
2.467082 -0.567098 -0.106237 -0.018039 -0.316394 0.266183 0.060647 -0.418202 0.469335 0.056634 
2.467090 -0.567102 -0.106259 -0.018068 -0.316397 0.266184 0.060670 -0.418211 0.469317 0.056644 
2.467062 -0.567129 -0.106261 -0.018118 -0.316427 0.266159 0.060686 -0.418201 0.469380 0.056656 
2.467030 -0.567147 -0.106267 -0.018121 -0.316404 0.266168 0.060692 -0.418184 0.469369 0.056645 
2.467010 -0.567095 -0.106251 -0.018138 -0.316426 0.266159 0.060668 -0.418269 0.469370 0.056681 
2.467069 -0.567109 -0.106234 -0.018139 -0.316414 0.266179 0.060697 -0.418188 0.469384 0.056659 
2.467093 -0.567131 -0.106311 -0.018108 -0.316398 0.266192 0.060710 -0.418239 0.469429 0.056661 
2.467110 -0.567109 -0.106372 -0.018128 -0.316443 0.266241 0.060690 -0.418237 0.469438 0.056649 
2.467143 -0.567160 -0.106378 -0.018122 -0.316468 0.266287 0.060701 -0.418263 0.469439 0.056702 
2.467192 -0.567194 -0.106383 -0.018152 -0.316477 0.266296 0.060708 -0.418317 0.469444 0.056654 
2.467234 -0.567184 -0.106435 -0.018143 -0.316500 0.266303 0.060765 -0.418344 0.469460 0.056678 
2.467248 -0.567186 -0.106452 -0.018168 -0.316481 0.266287 0.060752 -0.418339 0.469447 0.056696 
2.467248 -0.567197 -0.106427 -0.018101 -0.316514 0.266341 0.060725 -0.418361 0.469525 0.056669 
2.467227 -0.567234 -0.106439 -0.018069 -0.316512 0.266407 0.060716 -0.418373 0.469567 0.056645 
2.467202 -0.567275 -0.106451 -0.018037 -0.316495 0.266468 0.060715 -0.418387 0.469610 0.056622 
2.467198 -0.567302 -0.106454 -0.017998 -0.316504 0.266526 0.060689 -0.418402 0.469666 0.056604 
2.467176 -0.567340 -0.106466 -0.017968 -0.316503 0.266593 0.060681 -0.418413 0.469706 0.056579 
2.467203 -0.567338 -0.106451 -0.017931 -0.316533 0.266616 0.060630 -0.418427 0.469765 0.056576 
2.467222 -0.567362 -0.106460 -0.017915 -0.316464 0.266612 0.060606 -0.418446 0.469816 0.056597 
2.467243 -0.567373 -0.106466 -0.017901 -0.316465 0.266608 0.060618 -0.418407 0.469821 0.056591 
2.467221 -0.567337 -0.106465 -0.017843 -0.316473 0.266607 0.060671 -0.418418 0.469852 0.056622 
2.467228 -0.567384 -0.106467 -0.017927 -0.316478 0.266592 0.060627 -0.418402 0.469852 0.056593 
2.467260 -0.567357 -0.106457 -0.017895 -0.316452 0.266586 0.060638 -0.418434 0.469839 0.056506 
