Start Optimization 
13.360808 -0.500404 -0.215356 -0.164363 0.370209 -0.143814 0.837683 -0.371240 0.747051 0.696156 
14.360808 -0.500404 -0.215356 -0.164363 0.370209 -0.143814 0.837683 -0.371240 0.747051 0.696156 
14.360808 0.499596 -0.215356 -0.164363 0.370209 -0.143814 0.837683 -0.371240 0.747051 0.696156 
14.360808 -0.500404 0.784644 -0.164363 0.370209 -0.143814 0.837683 -0.371240 0.747051 0.696156 
14.360808 -0.500404 -0.215356 0.835637 0.370209 -0.143814 0.837683 -0.371240 0.747051 0.696156 
14.360808 -0.500404 -0.215356 -0.164363 1.370209 -0.143814 0.837683 -0.371240 0.747051 0.696156 
14.360808 -0.500404 -0.215356 -0.164363 1.370209 0.856186 0.837683 -0.371240 0.747051 0.696156 
14.360808 -0.500404 -0.215356 -0.164363 1.370209 -0.143814 1.837683 -0.371240 0.747051 0.696156 
14.360808 -0.500404 -0.215356 -0.164363 1.370209 -0.143814 0.837683 0.628760 0.747051 0.696156 
14.360808 -0.500404 -0.215356 -0.164363 1.370209 -0.143814 0.837683 -0.371240 1.747051 0.696156 
14.360808 -0.500404 -0.215356 -0.164363 1.370209 -0.143814 0.837683 -0.371240 0.747051 1.696156 
14.360916 -0.737528 -0.423688 -1.095159 1.372021 -0.326883 0.835474 -0.392749 0.745206 0.695887 
14.360842 -0.576199 -0.281948 0.321793 1.370788 -0.202331 0.836977 -0.378115 0.746461 0.696070 
14.610808 -0.500291 -0.215356 -0.164363 1.370209 -0.143814 0.837683 -0.371240 0.747051 0.696156 
14.610639 -0.002014 -0.237595 -0.135396 1.370402 -0.163356 0.837447 -0.373536 0.746854 0.696127 
14.514513 -0.490294 0.006485 -0.185262 1.394282 -0.167887 0.813610 -0.395313 0.722978 0.672083 
14.983946 -0.525012 -0.001952 -0.025529 1.277343 -0.089606 0.930465 -0.282574 0.839911 0.789352 
14.689514 -0.567404 -0.245463 -0.371353 1.351611 -0.224948 0.856063 -0.363480 0.765631 0.715603 
14.586671 -0.498839 -0.214071 -0.173741 1.250450 -0.122301 0.831649 -0.377274 0.741017 0.690122 
14.603822 -0.509172 -0.215240 -0.201586 1.421877 0.097599 0.835582 -0.376251 0.745005 0.694348 
14.636322 -0.500330 -0.215401 -0.164037 1.370209 -0.143853 0.715815 -0.364861 0.753430 0.702535 
14.590095 -0.583229 -0.262323 0.059532 1.371793 -0.162156 0.702477 -0.387101 0.740887 0.690769 
14.663015 -0.481282 -0.216250 -0.162931 1.370217 -0.144600 0.715806 -0.485103 0.760105 0.709210 
14.638205 -0.260827 -0.241319 -0.115265 1.371103 -0.153593 0.717561 -0.320302 0.753373 0.702919 
14.663715 -0.500194 -0.212677 -0.164294 1.370505 -0.144149 0.715519 -0.365157 0.631692 0.709383 
14.567475 -0.487408 0.010665 -0.164517 1.396272 -0.169723 0.691400 -0.384850 0.613722 0.685254 
14.694062 -0.500218 -0.212703 -0.164417 1.370498 -0.144197 0.715526 -0.365156 0.631699 0.588122 
14.769694 -0.574027 -0.248938 -0.340870 1.366043 -0.275471 0.730118 -0.337101 0.648200 0.607054 
14.600707 -0.494192 -0.266017 -0.199744 1.394527 -0.153603 0.692307 -0.387396 0.608462 0.564805 
14.712283 -0.516325 -0.202131 -0.194139 1.420101 0.097376 0.718604 -0.357897 0.635417 0.592531 
14.671493 -0.591883 -0.250230 0.063171 1.366454 -0.156893 0.708458 -0.373301 0.624353 0.582159 
14.703674 -0.381612 -0.222792 -0.137593 1.369570 -0.147384 0.718454 -0.340349 0.633586 0.590443 
14.651542 -0.489044 -0.098441 -0.161687 1.382662 -0.156179 0.704810 -0.372225 0.624058 0.577428 
14.679200 -0.494045 -0.083734 -0.200103 1.380149 -0.189982 0.710621 -0.360001 0.630732 0.584326 
14.648429 -0.493533 -0.101859 -0.143784 1.377624 -0.180386 0.704073 -0.373377 0.623245 0.576642 
14.645925 -0.512903 -0.097887 -0.087533 1.383090 -0.162849 0.702681 -0.371410 0.622246 0.575891 
14.596215 -0.517089 -0.119459 -0.076335 1.398706 -0.168521 0.689691 -0.379656 0.609683 0.563391 
14.636934 -0.516317 -0.097517 -0.089252 1.363839 -0.159248 0.701713 -0.349355 0.619998 0.573643 
14.632578 -0.513177 -0.095736 -0.078002 1.319075 -0.151733 0.698097 -0.390240 0.618813 0.572511 
14.643583 -0.512116 -0.097887 -0.088219 1.363807 -0.159371 0.671681 -0.346897 0.621649 0.575304 
14.643161 -0.457367 -0.101454 -0.062551 1.364685 -0.161409 0.681008 -0.334857 0.621304 0.575139 
14.652235 -0.512372 -0.100169 -0.088356 1.363565 -0.159135 0.671885 -0.346787 0.591733 0.574170 
14.666295 -0.518304 -0.138046 -0.086001 1.359858 -0.155225 0.675000 -0.344533 0.632989 0.535853 
14.645039 -0.513956 -0.118379 -0.087723 1.361727 -0.156410 0.673423 -0.345956 0.622828 0.598380 
14.651949 -0.556744 -0.082853 -0.064331 1.367751 -0.189858 0.668447 -0.338711 0.624068 0.579734 
14.642963 -0.524808 -0.090241 -0.088437 1.372582 -0.133446 0.669366 -0.345475 0.621708 0.574996 
14.655798 -0.510652 -0.092701 -0.092238 1.359863 -0.158382 0.674890 -0.344925 0.624744 0.578378 
14.631048 -0.516293 -0.101196 -0.110808 1.366378 -0.174305 0.666757 -0.349968 0.618979 0.572082 
14.639026 -0.515126 -0.096429 -0.081391 1.342605 -0.157573 0.668546 -0.367700 0.620567 0.574094 
14.639035 -0.503056 -0.097970 -0.077781 1.365790 -0.163514 0.672230 -0.343998 0.620626 0.574059 
14.643888 -0.507647 -0.101310 -0.090664 1.363158 -0.155929 0.672111 -0.347599 0.622124 0.572126 
14.648373 -0.519162 -0.105484 -0.083277 1.363936 -0.163040 0.671782 -0.345295 0.624062 0.567087 
14.646124 -0.520130 -0.105341 -0.083708 1.359205 -0.161908 0.671524 -0.339774 0.623497 0.566540 
14.642213 -0.526787 -0.104053 -0.078883 1.365422 -0.151441 0.669508 -0.339028 0.622831 0.564028 
14.645461 -0.519912 -0.100513 -0.085461 1.359704 -0.163540 0.670939 -0.340118 0.623131 0.561003 
14.637979 -0.523209 -0.107134 -0.092093 1.361814 -0.172318 0.668376 -0.340180 0.621970 0.561166 
14.633999 -0.525630 -0.108080 -0.088813 1.351790 -0.173707 0.666236 -0.350281 0.621225 0.560065 
14.636198 -0.523099 -0.106404 -0.092183 1.361752 -0.172346 0.668425 -0.340147 0.629531 0.561545 
14.641861 -0.526655 -0.109218 -0.097552 1.358326 -0.184002 0.668740 -0.337511 0.632178 0.562563 
14.637736 -0.519786 -0.111474 -0.089165 1.359413 -0.193408 0.669014 -0.333897 0.631981 0.561263 
14.632182 -0.518815 -0.115666 -0.082294 1.362312 -0.204003 0.667726 -0.329358 0.632486 0.559169 
14.639260 -0.518880 -0.111506 -0.088799 1.359589 -0.193101 0.661466 -0.333279 0.632364 0.561631 
14.631427 -0.519449 -0.115463 -0.082831 1.362071 -0.203743 0.672715 -0.329959 0.632214 0.559020 
14.636676 -0.524823 -0.107900 -0.086261 1.361035 -0.194823 0.668460 -0.333215 0.631365 0.564010 
14.630585 -0.522949 -0.113043 -0.080705 1.363244 -0.204901 0.672391 -0.329419 0.631789 0.560894 
14.636824 -0.528024 -0.114411 -0.087632 1.359277 -0.214369 0.676124 -0.328033 0.634107 0.562621 
14.632855 -0.520294 -0.108519 -0.092118 1.357138 -0.219754 0.677574 -0.328307 0.632348 0.571280 
14.631049 -0.520949 -0.106802 -0.092479 1.352536 -0.218428 0.677367 -0.323048 0.631798 0.569459 
14.637230 -0.517218 -0.098297 -0.091229 1.358166 -0.224725 0.679063 -0.331011 0.633041 0.562650 
14.635130 -0.518980 -0.107984 -0.093429 1.362005 -0.218677 0.678752 -0.323291 0.632774 0.572026 
14.643244 -0.515439 -0.109082 -0.085086 1.356948 -0.219516 0.683368 -0.321783 0.634886 0.578401 
14.633294 -0.518983 -0.107080 -0.093622 1.362022 -0.217992 0.678780 -0.323469 0.640267 0.572415 
14.629971 -0.522536 -0.108482 -0.104636 1.365150 -0.224803 0.684012 -0.323464 0.640787 0.576074 
14.636036 -0.516977 -0.108648 -0.093967 1.362279 -0.223889 0.665244 -0.320683 0.641884 0.573664 
14.631255 -0.513908 -0.109897 -0.089936 1.364757 -0.225308 0.665455 -0.319645 0.641293 0.572515 
14.635504 -0.519447 -0.106764 -0.092495 1.363116 -0.224304 0.664852 -0.320420 0.641535 0.575057 
14.635117 -0.518325 -0.103194 -0.092785 1.364324 -0.219032 0.661976 -0.322125 0.640584 0.577395 
14.634879 -0.520831 -0.109646 -0.092295 1.363127 -0.222704 0.664385 -0.319841 0.641540 0.576281 
14.638486 -0.522920 -0.105973 -0.090425 1.364914 -0.224803 0.664601 -0.320683 0.642709 0.569563 
14.636513 -0.523973 -0.105864 -0.093073 1.366114 -0.225223 0.664094 -0.320977 0.642227 0.568542 
14.641207 -0.524279 -0.103961 -0.090013 1.364283 -0.230347 0.667579 -0.319891 0.643854 0.571935 
14.644035 -0.523473 -0.097708 -0.088555 1.365156 -0.228457 0.666479 -0.321497 0.643938 0.573678 
14.640978 -0.523364 -0.104984 -0.088992 1.366820 -0.231207 0.667797 -0.322068 0.643940 0.572491 
14.637015 -0.521524 -0.104203 -0.084551 1.367012 -0.233589 0.668555 -0.318673 0.643536 0.570587 
14.639690 -0.523621 -0.104672 -0.088826 1.365881 -0.231101 0.667581 -0.323127 0.647308 0.572524 
14.638781 -0.525048 -0.105076 -0.087144 1.361420 -0.233109 0.666601 -0.327592 0.644203 0.571677 
14.640367 -0.523139 -0.105104 -0.088910 1.365945 -0.232553 0.664190 -0.322423 0.647712 0.572854 
14.641000 -0.527660 -0.109784 -0.086460 1.366142 -0.231968 0.664529 -0.320735 0.648663 0.575688 
14.641879 -0.521056 -0.106778 -0.089675 1.365051 -0.233320 0.665201 -0.322479 0.648563 0.571401 
14.639903 -0.522164 -0.105309 -0.089066 1.365355 -0.232378 0.664317 -0.322321 0.647491 0.574313 
14.638163 -0.522587 -0.105430 -0.091995 1.366090 -0.234049 0.664582 -0.322394 0.647301 0.574181 
14.639094 -0.521894 -0.106157 -0.089250 1.365451 -0.231192 0.663685 -0.322410 0.647217 0.573652 
14.641460 -0.520717 -0.102360 -0.089294 1.365964 -0.232223 0.664033 -0.323365 0.648023 0.574690 
14.639514 -0.521613 -0.105112 -0.088768 1.366277 -0.232313 0.664623 -0.320927 0.648066 0.574209 
14.637824 -0.520942 -0.104598 -0.086620 1.365141 -0.234286 0.664844 -0.320746 0.647225 0.573160 
14.640025 -0.522079 -0.105712 -0.088367 1.365409 -0.232757 0.664959 -0.321183 0.647961 0.575503 
14.640423 -0.523599 -0.107239 -0.087722 1.367242 -0.232961 0.665470 -0.319219 0.649547 0.575608 
14.641469 -0.523148 -0.106133 -0.087603 1.367791 -0.232984 0.665595 -0.319221 0.650209 0.576331 
14.641466 -0.523158 -0.105529 -0.088824 1.368319 -0.233962 0.665948 -0.319228 0.650544 0.577030 
14.642010 -0.523445 -0.104554 -0.089519 1.367575 -0.233881 0.666038 -0.318115 0.650944 0.577217 
14.642913 -0.523244 -0.104381 -0.089749 1.368276 -0.234123 0.666260 -0.317515 0.649583 0.577473 
14.641933 -0.523586 -0.104468 -0.089595 1.367615 -0.233450 0.666871 -0.318284 0.650894 0.577182 
14.642033 -0.523128 -0.103415 -0.089293 1.367787 -0.234882 0.666427 -0.318061 0.651901 0.577714 
14.641635 -0.523636 -0.103021 -0.089112 1.367995 -0.234662 0.666158 -0.318064 0.651673 0.578079 
14.642845 -0.522397 -0.103904 -0.090401 1.367878 -0.234473 0.666290 -0.318295 0.652765 0.578112 
14.641501 -0.522657 -0.103637 -0.089274 1.367753 -0.234792 0.666551 -0.317555 0.651861 0.578057 
14.641102 -0.522898 -0.104494 -0.089917 1.367514 -0.235799 0.667124 -0.316718 0.652126 0.577529 
14.641438 -0.522659 -0.105258 -0.089227 1.367260 -0.235933 0.667595 -0.315470 0.652751 0.576951 
14.641744 -0.522679 -0.105993 -0.088935 1.365916 -0.236578 0.668102 -0.315421 0.652580 0.577715 
14.641479 -0.521849 -0.106368 -0.089148 1.364950 -0.237177 0.668601 -0.314645 0.652607 0.576862 
14.641187 -0.521363 -0.107696 -0.088592 1.365535 -0.238012 0.669127 -0.314897 0.652769 0.576746 
14.641977 -0.521672 -0.106261 -0.089272 1.365289 -0.237377 0.668772 -0.314343 0.652008 0.576976 
14.641562 -0.522648 -0.105947 -0.089719 1.364199 -0.236857 0.668505 -0.313280 0.652825 0.577143 
14.641343 -0.523098 -0.106868 -0.089812 1.363915 -0.237368 0.668956 -0.311895 0.653271 0.577359 
14.640934 -0.522845 -0.107094 -0.090282 1.363482 -0.237658 0.669264 -0.310432 0.653608 0.576528 
14.641369 -0.523833 -0.106870 -0.089955 1.363023 -0.238717 0.669740 -0.309870 0.654061 0.575886 
14.642438 -0.523683 -0.107296 -0.090913 1.362803 -0.238916 0.669980 -0.309689 0.655232 0.575902 
14.642534 -0.523543 -0.107363 -0.090817 1.362769 -0.239305 0.669121 -0.309554 0.655263 0.575946 
14.642432 -0.523757 -0.107220 -0.090398 1.362168 -0.239335 0.670707 -0.308289 0.655879 0.576131 
14.642595 -0.524197 -0.107634 -0.090008 1.361359 -0.239555 0.671330 -0.306867 0.656242 0.575965 
14.642192 -0.524539 -0.107559 -0.090198 1.360711 -0.240452 0.672082 -0.305682 0.656694 0.576269 
14.642084 -0.525108 -0.107421 -0.089893 1.361316 -0.240572 0.672468 -0.304269 0.657604 0.576146 
14.641200 -0.525023 -0.108060 -0.089250 1.360746 -0.240816 0.672701 -0.304556 0.658837 0.575740 
14.641325 -0.524705 -0.108565 -0.089062 1.361183 -0.241269 0.673005 -0.304564 0.658596 0.575738 
14.641406 -0.524919 -0.107290 -0.089001 1.359695 -0.241025 0.673244 -0.303432 0.659359 0.575382 
14.641812 -0.525825 -0.107174 -0.088369 1.358932 -0.241155 0.673612 -0.302971 0.659923 0.576455 
14.641188 -0.525086 -0.107572 -0.088789 1.358491 -0.240384 0.673651 -0.301788 0.660144 0.577009 
14.640022 -0.525397 -0.107162 -0.087783 1.358388 -0.240344 0.673602 -0.301352 0.659161 0.576919 
14.641285 -0.524950 -0.107634 -0.088662 1.358418 -0.240800 0.672832 -0.301567 0.660214 0.577067 
14.641254 -0.525721 -0.107961 -0.089876 1.357817 -0.240432 0.673991 -0.300933 0.660669 0.576304 
14.640906 -0.525524 -0.107207 -0.090908 1.357657 -0.240832 0.674527 -0.300398 0.661785 0.576430 
14.641358 -0.525926 -0.107909 -0.089608 1.358462 -0.240128 0.673911 -0.300566 0.661037 0.576100 
14.642098 -0.525448 -0.108388 -0.089866 1.356682 -0.239545 0.674170 -0.300573 0.660998 0.575596 
14.642537 -0.524962 -0.109348 -0.089651 1.356967 -0.240460 0.675112 -0.299831 0.660757 0.575532 
14.643018 -0.524986 -0.108894 -0.089932 1.357074 -0.240372 0.675088 -0.299493 0.660226 0.575675 
14.643249 -0.525625 -0.110291 -0.090877 1.357113 -0.240102 0.675261 -0.299074 0.660074 0.576127 
14.643074 -0.525496 -0.108763 -0.089468 1.356714 -0.240463 0.675255 -0.299263 0.660345 0.576150 
14.642161 -0.525707 -0.108679 -0.089165 1.356262 -0.240598 0.675582 -0.298287 0.659583 0.575162 
14.642186 -0.525969 -0.108548 -0.089206 1.356411 -0.240353 0.676337 -0.298710 0.659477 0.575006 
14.643040 -0.526702 -0.108485 -0.089152 1.356189 -0.241523 0.676182 -0.298899 0.659602 0.573983 
14.643202 -0.526766 -0.108825 -0.088611 1.356297 -0.241331 0.675912 -0.299193 0.659048 0.573956 
14.643157 -0.526101 -0.107880 -0.089475 1.355740 -0.242200 0.677137 -0.298074 0.660425 0.573785 
14.643162 -0.526342 -0.108080 -0.090567 1.355343 -0.242685 0.677942 -0.297069 0.661111 0.573748 
14.643437 -0.525710 -0.107666 -0.090673 1.354833 -0.243413 0.678986 -0.296169 0.661743 0.573483 
14.643702 -0.525060 -0.107240 -0.090771 1.354326 -0.244129 0.680030 -0.295273 0.662377 0.573229 
14.644027 -0.524818 -0.107100 -0.091202 1.353794 -0.244942 0.681039 -0.294289 0.663017 0.572906 
14.644848 -0.524566 -0.106519 -0.090378 1.353514 -0.245993 0.681199 -0.294441 0.663113 0.572001 
14.645086 -0.524567 -0.105844 -0.090633 1.352385 -0.244976 0.680935 -0.294426 0.663799 0.571381 
14.644693 -0.524392 -0.106516 -0.090654 1.352906 -0.246296 0.681235 -0.294851 0.662742 0.572235 
14.643991 -0.524637 -0.105364 -0.090609 1.354221 -0.246953 0.681364 -0.294289 0.663514 0.572236 
14.645320 -0.524616 -0.106065 -0.090642 1.353648 -0.245855 0.681201 -0.294164 0.662553 0.572158 
14.644816 -0.524467 -0.107226 -0.089856 1.353621 -0.245704 0.682796 -0.295009 0.663167 0.571751 
14.644124 -0.523936 -0.108177 -0.088995 1.353217 -0.245847 0.682897 -0.294121 0.662740 0.571258 
14.644171 -0.524445 -0.108070 -0.088499 1.352898 -0.245869 0.682978 -0.293961 0.662828 0.571800 
14.644892 -0.523009 -0.109142 -0.088849 1.353345 -0.246140 0.682932 -0.294403 0.663660 0.571877 
14.644285 -0.524346 -0.108473 -0.089504 1.353037 -0.246189 0.683136 -0.293742 0.662927 0.571088 
14.644230 -0.525533 -0.109367 -0.089396 1.353237 -0.246436 0.682913 -0.294573 0.662724 0.570245 
14.643971 -0.524360 -0.108432 -0.089482 1.353617 -0.246807 0.683275 -0.293719 0.662766 0.571388 
14.643377 -0.524383 -0.107907 -0.089833 1.352662 -0.246303 0.684079 -0.293575 0.663977 0.570465 
14.643828 -0.524468 -0.107544 -0.090369 1.352614 -0.246146 0.685535 -0.292843 0.663451 0.569993 
14.644410 -0.523819 -0.108284 -0.090722 1.352466 -0.246548 0.686355 -0.292688 0.664667 0.570144 
14.643643 -0.523949 -0.109078 -0.091640 1.352648 -0.245599 0.686739 -0.292423 0.664882 0.570877 
14.643486 -0.523768 -0.109131 -0.091872 1.352053 -0.245877 0.686901 -0.292875 0.664519 0.571090 
14.643870 -0.523588 -0.109024 -0.092545 1.352068 -0.246373 0.686900 -0.291502 0.665831 0.570560 
14.644087 -0.524136 -0.109854 -0.092779 1.351974 -0.246871 0.687791 -0.291900 0.666620 0.569616 
14.644301 -0.524968 -0.109688 -0.092028 1.351223 -0.247065 0.688388 -0.291374 0.667174 0.570586 
14.644198 -0.523887 -0.109685 -0.091392 1.350793 -0.247088 0.689466 -0.290870 0.667965 0.570633 
14.644774 -0.523453 -0.108814 -0.091679 1.350769 -0.247006 0.690364 -0.291217 0.669096 0.571123 
14.645859 -0.523086 -0.109295 -0.091536 1.349674 -0.246098 0.690344 -0.290905 0.669372 0.570899 
14.646238 -0.523123 -0.109244 -0.091717 1.349892 -0.246146 0.690876 -0.290572 0.668798 0.570895 
14.646773 -0.522387 -0.109924 -0.091376 1.349890 -0.246954 0.691658 -0.289813 0.669221 0.571519 
14.646335 -0.522361 -0.109264 -0.091237 1.349141 -0.246811 0.692832 -0.288890 0.669414 0.570954 
14.646148 -0.522675 -0.109388 -0.090551 1.348879 -0.246505 0.694414 -0.289037 0.669614 0.570269 
14.645954 -0.522763 -0.109212 -0.090371 1.349755 -0.245451 0.694451 -0.287812 0.670167 0.570402 
14.646367 -0.522786 -0.108833 -0.089856 1.349940 -0.245751 0.694206 -0.287729 0.670233 0.569979 
14.645488 -0.522000 -0.108308 -0.090190 1.348830 -0.245186 0.694953 -0.287297 0.669576 0.571011 
14.645211 -0.520973 -0.108296 -0.091286 1.348750 -0.245290 0.695311 -0.286902 0.669786 0.569945 
14.645198 -0.521591 -0.108040 -0.092364 1.347904 -0.245709 0.695788 -0.285982 0.670227 0.569736 
14.645280 -0.520308 -0.108726 -0.092839 1.347854 -0.246107 0.696714 -0.285397 0.670515 0.569892 
14.645266 -0.519097 -0.109290 -0.093395 1.347744 -0.246231 0.697913 -0.284969 0.670751 0.569765 
14.645056 -0.519340 -0.109017 -0.094390 1.347053 -0.245967 0.699077 -0.284597 0.670986 0.569023 
14.644354 -0.519317 -0.110028 -0.094165 1.346592 -0.246256 0.698871 -0.283580 0.670259 0.568435 
14.643124 -0.519398 -0.109642 -0.094351 1.347404 -0.247345 0.699344 -0.283441 0.670223 0.568590 
14.642717 -0.519302 -0.109713 -0.094012 1.347046 -0.247340 0.699241 -0.283592 0.670925 0.568514 
14.642203 -0.518387 -0.110045 -0.094897 1.346437 -0.247792 0.698780 -0.282741 0.671471 0.568619 
14.642847 -0.518000 -0.109513 -0.094093 1.346311 -0.248674 0.699049 -0.281973 0.671786 0.567745 
14.643048 -0.518429 -0.110180 -0.094155 1.347412 -0.248360 0.699066 -0.281170 0.672763 0.567264 
14.643032 -0.518079 -0.109881 -0.094379 1.346316 -0.249141 0.698918 -0.282511 0.671831 0.567333 
14.642988 -0.518078 -0.109775 -0.093312 1.345510 -0.249353 0.700044 -0.281189 0.671981 0.568349 
14.642494 -0.517015 -0.109408 -0.092387 1.345168 -0.249295 0.700719 -0.280536 0.671851 0.567692 
14.642872 -0.518520 -0.109477 -0.093741 1.345142 -0.249171 0.700410 -0.281083 0.672056 0.567956 
14.642736 -0.519609 -0.108664 -0.093501 1.344479 -0.249639 0.699639 -0.280294 0.672160 0.567890 
14.642390 -0.518563 -0.109121 -0.093869 1.345614 -0.249653 0.700674 -0.281184 0.672159 0.568130 
14.643872 -0.518179 -0.108543 -0.094181 1.344830 -0.248981 0.700937 -0.281245 0.673064 0.568380 
14.643847 -0.517778 -0.108668 -0.094813 1.344730 -0.249209 0.700765 -0.280736 0.672936 0.568475 
14.644786 -0.518238 -0.108338 -0.094989 1.345238 -0.249229 0.701557 -0.280339 0.671696 0.568427 
14.643650 -0.517953 -0.109144 -0.095046 1.344330 -0.248658 0.701049 -0.280761 0.672765 0.568302 
14.642876 -0.518255 -0.108854 -0.095448 1.344030 -0.248708 0.701633 -0.280695 0.673462 0.569700 
14.643610 -0.517772 -0.108936 -0.095102 1.343806 -0.248948 0.701001 -0.281306 0.672312 0.568408 
14.643940 -0.518251 -0.109822 -0.095422 1.344125 -0.249738 0.701539 -0.280962 0.673661 0.567436 
14.643767 -0.518229 -0.109518 -0.095943 1.344351 -0.249502 0.701321 -0.281186 0.673961 0.566921 
14.643878 -0.517898 -0.109860 -0.095378 1.344270 -0.249703 0.701813 -0.281055 0.673672 0.567415 
14.643665 -0.517702 -0.109603 -0.094953 1.343858 -0.249786 0.702060 -0.280539 0.673746 0.567077 
14.643706 -0.517249 -0.109949 -0.094382 1.343559 -0.249889 0.702209 -0.280153 0.673902 0.567001 
14.643977 -0.517360 -0.109742 -0.094327 1.343624 -0.250046 0.702901 -0.279752 0.673537 0.566858 
14.643299 -0.517502 -0.109958 -0.094143 1.343915 -0.250405 0.702958 -0.279612 0.673176 0.566696 
14.643895 -0.517206 -0.109768 -0.094648 1.343553 -0.250156 0.702877 -0.279516 0.673545 0.567032 
14.643616 -0.517379 -0.109514 -0.094539 1.343349 -0.250206 0.703469 -0.279445 0.673964 0.567473 
14.643598 -0.517112 -0.109244 -0.094572 1.342724 -0.250581 0.703694 -0.279753 0.673602 0.567487 
14.643487 -0.517185 -0.109447 -0.094669 1.342536 -0.250260 0.703811 -0.279756 0.673475 0.567443 
14.643382 -0.516902 -0.108953 -0.094419 1.342554 -0.249868 0.703823 -0.279405 0.673106 0.567820 
14.643285 -0.516594 -0.108907 -0.094515 1.342737 -0.249778 0.704002 -0.279542 0.673193 0.567670 
14.643279 -0.516617 -0.108589 -0.094696 1.342358 -0.249837 0.704416 -0.278985 0.673411 0.567293 
14.643559 -0.516489 -0.108716 -0.094849 1.342209 -0.250000 0.705189 -0.278651 0.673381 0.567539 
14.643771 -0.516612 -0.108563 -0.095284 1.342161 -0.250118 0.705937 -0.278448 0.673265 0.567766 
14.643826 -0.516144 -0.108940 -0.094979 1.341771 -0.250233 0.706263 -0.278085 0.673537 0.567905 
14.643855 -0.515687 -0.109271 -0.094696 1.341345 -0.250343 0.706590 -0.277694 0.673837 0.568007 
14.644061 -0.515350 -0.109598 -0.094616 1.341090 -0.250502 0.707212 -0.277370 0.673934 0.568312 
14.643941 -0.515208 -0.109403 -0.094596 1.340593 -0.250537 0.707425 -0.276819 0.674296 0.567922 
14.644147 -0.515412 -0.109076 -0.094946 1.340495 -0.250626 0.708030 -0.276382 0.674239 0.567672 
14.643946 -0.514884 -0.108855 -0.095235 1.340559 -0.250513 0.708580 -0.276361 0.674522 0.567353 
14.643927 -0.514692 -0.108390 -0.095136 1.340274 -0.250324 0.708915 -0.275696 0.674410 0.567422 
14.643695 -0.514938 -0.108738 -0.095472 1.339744 -0.249867 0.709220 -0.275650 0.674355 0.567294 
14.644018 -0.514895 -0.108622 -0.095585 1.339618 -0.249701 0.709133 -0.275752 0.674545 0.567390 
14.643576 -0.514857 -0.108517 -0.095556 1.339188 -0.250518 0.709506 -0.275751 0.674216 0.567114 
14.643426 -0.514834 -0.108521 -0.095875 1.339214 -0.250636 0.709364 -0.275604 0.674302 0.567337 
14.643316 -0.515319 -0.108340 -0.095258 1.339241 -0.250590 0.709962 -0.275748 0.674776 0.567266 
14.643749 -0.514716 -0.108831 -0.095486 1.339176 -0.250632 0.709684 -0.275648 0.674270 0.567277 
14.644025 -0.514560 -0.109261 -0.095433 1.339218 -0.250848 0.709997 -0.275091 0.674342 0.566826 
14.644266 -0.514392 -0.109483 -0.095504 1.339435 -0.250928 0.710727 -0.274982 0.673904 0.566979 
14.644074 -0.513762 -0.109915 -0.095067 1.339171 -0.250930 0.710895 -0.274788 0.673992 0.566993 
14.644338 -0.514518 -0.109358 -0.095340 1.339277 -0.250886 0.710659 -0.274683 0.673738 0.567141 
14.644641 -0.515005 -0.109992 -0.095218 1.339205 -0.251282 0.710550 -0.274758 0.673568 0.567132 
14.644338 -0.514417 -0.109234 -0.095144 1.339569 -0.251157 0.710545 -0.274670 0.673699 0.567168 
14.645152 -0.514290 -0.109126 -0.095429 1.339136 -0.250943 0.710769 -0.274626 0.674104 0.567207 
14.645297 -0.514143 -0.109261 -0.095495 1.339287 -0.250706 0.710517 -0.274605 0.673931 0.567191 
14.645176 -0.514605 -0.109267 -0.095199 1.339612 -0.250549 0.711009 -0.274361 0.674590 0.567394 
14.645082 -0.514542 -0.109362 -0.095484 1.339634 -0.250695 0.710925 -0.274191 0.674688 0.567655 
14.645135 -0.514558 -0.109161 -0.095906 1.339691 -0.250832 0.711224 -0.273525 0.674660 0.567234 
14.645255 -0.514549 -0.108736 -0.096401 1.339671 -0.250878 0.711755 -0.273169 0.674540 0.567531 
14.645162 -0.514854 -0.108935 -0.096071 1.339753 -0.250813 0.710996 -0.273629 0.674719 0.567194 
14.644986 -0.514057 -0.109457 -0.095617 1.339342 -0.250899 0.711208 -0.273060 0.675011 0.567024 
14.645312 -0.514254 -0.110174 -0.095512 1.339258 -0.251320 0.711402 -0.272870 0.674877 0.566933 
14.644947 -0.514072 -0.109630 -0.095872 1.339187 -0.250696 0.711341 -0.273237 0.675136 0.566911 
14.644876 -0.513526 -0.109534 -0.095670 1.339888 -0.251248 0.711409 -0.273301 0.675255 0.566753 
14.644500 -0.513712 -0.109508 -0.095591 1.339820 -0.251408 0.711564 -0.273336 0.675265 0.566744 
14.644044 -0.513457 -0.109857 -0.095595 1.340028 -0.251033 0.711460 -0.273013 0.674766 0.566643 
14.644517 -0.513872 -0.109573 -0.095462 1.340056 -0.251204 0.711688 -0.273212 0.675503 0.566824 
14.644697 -0.513623 -0.109275 -0.095063 1.339624 -0.251194 0.711971 -0.273433 0.675083 0.566213 
14.644554 -0.513606 -0.109429 -0.095703 1.339818 -0.251409 0.711903 -0.273283 0.675125 0.567004 
14.644477 -0.513102 -0.109398 -0.095598 1.339327 -0.251533 0.712120 -0.272945 0.675511 0.567343 
14.644556 -0.513088 -0.109005 -0.096083 1.339222 -0.251772 0.712498 -0.272374 0.675606 0.567240 
14.644646 -0.512995 -0.108603 -0.096529 1.339057 -0.252044 0.712977 -0.271895 0.675698 0.567334 
14.644565 -0.512491 -0.108709 -0.096228 1.338613 -0.252099 0.713134 -0.271907 0.675987 0.567866 
14.644123 -0.512044 -0.108988 -0.096234 1.338603 -0.251794 0.713159 -0.271374 0.675668 0.567835 
14.644136 -0.512277 -0.109103 -0.095977 1.338995 -0.251402 0.713455 -0.271032 0.676191 0.568018 
14.644259 -0.512320 -0.109159 -0.095736 1.339101 -0.251687 0.713399 -0.270832 0.676050 0.568086 
14.644352 -0.512414 -0.109883 -0.096174 1.338721 -0.251535 0.713785 -0.271031 0.676241 0.567825 
14.644382 -0.512683 -0.109872 -0.096208 1.338477 -0.251390 0.713642 -0.270903 0.676143 0.568017 
14.644591 -0.512660 -0.109618 -0.095693 1.338103 -0.251106 0.714013 -0.270870 0.675945 0.567590 
14.644762 -0.512486 -0.109888 -0.096300 1.338545 -0.251230 0.713530 -0.270862 0.676115 0.568059 
14.644166 -0.512432 -0.109935 -0.096126 1.338032 -0.251459 0.713266 -0.270450 0.676640 0.567823 
14.643745 -0.512045 -0.110117 -0.096038 1.337643 -0.251338 0.713510 -0.270182 0.676575 0.568356 
14.643801 -0.512069 -0.109904 -0.096300 1.337623 -0.251465 0.713725 -0.269943 0.676580 0.568329 
14.643659 -0.512190 -0.109659 -0.096817 1.337625 -0.251516 0.713968 -0.269270 0.676461 0.568077 
14.643829 -0.512345 -0.109209 -0.097195 1.337341 -0.251876 0.714342 -0.268975 0.676786 0.568189 
14.643841 -0.512479 -0.109271 -0.097059 1.337550 -0.251676 0.714477 -0.268826 0.677044 0.568274 
14.643418 -0.512446 -0.109388 -0.097276 1.337660 -0.251364 0.714658 -0.268104 0.676839 0.568183 
14.643195 -0.512013 -0.109545 -0.097054 1.337383 -0.251273 0.714981 -0.268064 0.676876 0.568853 
14.642919 -0.511711 -0.109738 -0.096781 1.336969 -0.251200 0.714734 -0.267691 0.677414 0.568946 
14.642772 -0.511626 -0.109631 -0.096830 1.336677 -0.251209 0.715254 -0.267308 0.677729 0.569502 
14.642530 -0.511170 -0.109526 -0.097113 1.336080 -0.251522 0.715264 -0.267166 0.677407 0.569634 
14.642019 -0.510887 -0.109777 -0.097139 1.336012 -0.251199 0.715481 -0.266670 0.677116 0.569885 
14.641840 -0.510868 -0.109534 -0.097503 1.335621 -0.251382 0.715625 -0.265999 0.677376 0.569817 
14.641594 -0.510593 -0.109595 -0.097369 1.335048 -0.251469 0.715433 -0.265630 0.677899 0.569930 
14.641515 -0.510515 -0.109360 -0.097553 1.334625 -0.251660 0.715912 -0.265306 0.678167 0.570410 
14.641131 -0.510514 -0.109439 -0.097650 1.334547 -0.251410 0.716065 -0.264506 0.678408 0.570412 
14.640721 -0.510140 -0.109435 -0.097960 1.334057 -0.251543 0.716011 -0.264112 0.678045 0.570385 
14.640392 -0.509766 -0.109772 -0.097539 1.333698 -0.251361 0.715887 -0.264041 0.678321 0.570780 
14.640336 -0.509239 -0.110118 -0.097593 1.333863 -0.251679 0.716337 -0.264037 0.678615 0.570417 
14.640546 -0.509265 -0.110236 -0.097126 1.334027 -0.252260 0.716260 -0.263557 0.678381 0.570561 
14.640232 -0.509237 -0.109949 -0.096986 1.334172 -0.252358 0.716260 -0.263627 0.678414 0.570535 
14.640521 -0.508511 -0.109598 -0.097067 1.334369 -0.252160 0.716127 -0.263341 0.678579 0.570627 
14.640221 -0.508243 -0.109843 -0.097540 1.334574 -0.252494 0.715906 -0.263160 0.679030 0.570890 
14.639987 -0.507698 -0.109889 -0.097597 1.334342 -0.252657 0.716102 -0.262750 0.679554 0.570703 
14.639648 -0.507157 -0.110121 -0.097736 1.334583 -0.252568 0.716606 -0.262481 0.679521 0.570983 
14.639865 -0.507737 -0.110042 -0.097545 1.334523 -0.252455 0.715923 -0.262577 0.679520 0.570460 
14.640053 -0.507089 -0.109900 -0.097630 1.334025 -0.253145 0.715865 -0.263157 0.679673 0.570646 
14.640013 -0.507691 -0.110029 -0.097302 1.334387 -0.252530 0.716073 -0.262876 0.679810 0.570876 
14.640232 -0.507900 -0.109477 -0.098115 1.334515 -0.252970 0.716453 -0.262482 0.679730 0.570458 
14.640067 -0.508039 -0.109033 -0.098496 1.334059 -0.252999 0.716341 -0.261965 0.679610 0.570706 
14.640155 -0.507672 -0.108847 -0.098971 1.333921 -0.253553 0.716327 -0.262096 0.679374 0.570316 
14.640173 -0.508054 -0.109092 -0.098262 1.334141 -0.253289 0.716301 -0.261726 0.679492 0.570778 
14.640520 -0.508219 -0.108791 -0.098233 1.334257 -0.253719 0.716512 -0.261355 0.680036 0.570975 
14.640353 -0.508042 -0.108894 -0.098408 1.334547 -0.253719 0.717215 -0.261078 0.679702 0.571269 
14.640046 -0.508036 -0.108608 -0.098262 1.334713 -0.253797 0.717197 -0.261157 0.679709 0.571240 
14.640358 -0.508180 -0.109083 -0.098602 1.334904 -0.253586 0.717099 -0.260382 0.679645 0.570806 
14.640144 -0.507769 -0.109400 -0.098327 1.334450 -0.253675 0.717311 -0.259880 0.679838 0.570690 
14.639921 -0.507437 -0.109914 -0.098489 1.334449 -0.253934 0.717075 -0.259433 0.679986 0.571089 
14.640103 -0.507107 -0.109738 -0.098431 1.334540 -0.253750 0.716973 -0.259362 0.679963 0.571155 
14.640328 -0.506972 -0.109841 -0.098094 1.334136 -0.253754 0.717316 -0.258733 0.679707 0.571021 
14.640544 -0.506649 -0.110329 -0.097749 1.334501 -0.253868 0.717627 -0.258884 0.679950 0.570674 
14.640278 -0.507155 -0.109931 -0.097871 1.334200 -0.253460 0.717325 -0.258681 0.679831 0.571211 
14.640142 -0.506802 -0.109586 -0.098693 1.333692 -0.253481 0.717541 -0.258482 0.679963 0.570902 
14.639489 -0.506647 -0.109033 -0.098539 1.333677 -0.253692 0.717498 -0.258157 0.679875 0.570785 
14.639293 -0.506533 -0.109194 -0.098590 1.333684 -0.253494 0.717549 -0.258269 0.679554 0.570757 
14.639477 -0.506619 -0.109058 -0.098514 1.333095 -0.253594 0.716817 -0.258108 0.679891 0.570415 
14.639445 -0.506499 -0.109002 -0.098390 1.333413 -0.253775 0.717596 -0.258400 0.679941 0.570990 
14.639640 -0.506722 -0.108633 -0.099092 1.333471 -0.253844 0.717580 -0.257776 0.679484 0.571084 
14.639375 -0.506472 -0.109302 -0.098626 1.333716 -0.253824 0.717371 -0.257976 0.679974 0.570980 
14.639253 -0.505970 -0.109426 -0.098760 1.333812 -0.253914 0.717728 -0.257774 0.680370 0.570422 
14.638922 -0.506018 -0.109493 -0.098597 1.333819 -0.253336 0.717912 -0.257334 0.680861 0.570505 
14.639131 -0.505711 -0.109356 -0.098456 1.333941 -0.253189 0.717802 -0.257266 0.680797 0.570577 
14.638977 -0.506083 -0.109843 -0.098025 1.333748 -0.253663 0.718170 -0.256870 0.680633 0.570282 
14.638796 -0.506049 -0.109582 -0.098360 1.334060 -0.253360 0.717750 -0.257557 0.680984 0.570417 
14.638805 -0.505792 -0.109286 -0.099355 1.333708 -0.253477 0.718157 -0.256921 0.680954 0.570499 
14.639292 -0.505723 -0.109703 -0.099953 1.333566 -0.253309 0.718424 -0.256852 0.681189 0.570478 
14.639304 -0.505781 -0.109733 -0.100017 1.333442 -0.253222 0.718080 -0.256714 0.681156 0.570216 
14.639044 -0.505290 -0.109525 -0.100005 1.332806 -0.253458 0.718511 -0.256937 0.681399 0.570584 
14.638593 -0.504997 -0.109790 -0.100217 1.332794 -0.253089 0.718699 -0.257054 0.680800 0.570508 
14.639115 -0.505307 -0.109311 -0.099964 1.332798 -0.253362 0.718731 -0.257047 0.681421 0.570244 
14.638934 -0.505502 -0.108947 -0.100444 1.332547 -0.253530 0.718685 -0.256563 0.681327 0.570935 
14.639131 -0.505290 -0.109648 -0.099814 1.332695 -0.253603 0.718679 -0.256644 0.681237 0.570513 
14.638871 -0.504834 -0.109908 -0.099806 1.332946 -0.254117 0.718788 -0.256401 0.681542 0.570167 
14.638440 -0.505348 -0.110374 -0.099617 1.332695 -0.254158 0.719030 -0.256444 0.681875 0.570042 
14.638924 -0.504950 -0.109939 -0.099945 1.332888 -0.254442 0.718756 -0.256626 0.681352 0.570098 
14.639183 -0.504207 -0.110215 -0.099235 1.332825 -0.254209 0.718828 -0.256296 0.681616 0.570116 
14.638760 -0.504821 -0.109727 -0.099958 1.332941 -0.254231 0.718930 -0.256033 0.681548 0.570203 
14.638654 -0.504738 -0.109698 -0.100089 1.332897 -0.254342 0.718710 -0.256029 0.681802 0.570478 
14.638879 -0.504812 -0.109832 -0.100110 1.332892 -0.254179 0.718952 -0.255999 0.681601 0.570166 
14.638805 -0.504842 -0.109801 -0.100104 1.332772 -0.254140 0.718613 -0.255826 0.681551 0.569906 
14.638937 -0.504956 -0.109762 -0.100042 1.332857 -0.254203 0.718581 -0.255783 0.681648 0.569890 
14.638671 -0.504848 -0.109942 -0.100229 1.333129 -0.254093 0.718579 -0.255628 0.681434 0.569932 
14.638750 -0.504759 -0.109755 -0.100145 1.332849 -0.254169 0.718648 -0.255895 0.681663 0.569763 
14.638709 -0.504825 -0.109405 -0.100282 1.332764 -0.253961 0.718777 -0.255738 0.681667 0.569757 
14.638834 -0.504663 -0.109326 -0.100284 1.332809 -0.253973 0.718725 -0.255729 0.681590 0.569779 
14.638831 -0.504433 -0.109349 -0.100142 1.332672 -0.254089 0.718888 -0.255411 0.681634 0.569726 
14.638831 -0.504214 -0.109356 -0.100033 1.332525 -0.254252 0.719055 -0.255097 0.681648 0.569665 
14.638928 -0.503963 -0.109259 -0.100044 1.332423 -0.254509 0.719150 -0.254872 0.681519 0.569612 
14.638987 -0.503656 -0.109252 -0.099874 1.332318 -0.254541 0.719265 -0.254582 0.681550 0.569572 
14.638899 -0.503602 -0.109171 -0.099871 1.332135 -0.254693 0.719495 -0.254256 0.681575 0.569505 
14.638929 -0.503416 -0.108954 -0.099884 1.332000 -0.254747 0.719668 -0.253937 0.681541 0.569466 
14.638839 -0.503176 -0.108901 -0.099890 1.331988 -0.254948 0.719839 -0.253831 0.681684 0.569205 
14.638685 -0.502972 -0.108930 -0.099881 1.331617 -0.254990 0.719860 -0.253770 0.681560 0.569090 
14.638473 -0.502844 -0.109065 -0.100002 1.331812 -0.254989 0.719861 -0.253485 0.681401 0.569073 
14.638658 -0.502749 -0.109291 -0.100297 1.331740 -0.254923 0.720063 -0.253435 0.681469 0.569096 
14.638704 -0.502799 -0.109312 -0.100228 1.331773 -0.254868 0.720180 -0.253463 0.681337 0.568979 
14.638512 -0.502553 -0.109304 -0.100276 1.331789 -0.255032 0.720382 -0.253447 0.681417 0.569340 
14.638505 -0.502382 -0.109416 -0.100343 1.331784 -0.255207 0.720550 -0.253083 0.681411 0.569319 
14.638510 -0.502073 -0.109330 -0.100505 1.331825 -0.255205 0.720696 -0.252795 0.681367 0.569283 
14.638342 -0.501949 -0.109397 -0.100533 1.331804 -0.255076 0.720916 -0.252481 0.681522 0.569241 
14.638176 -0.501868 -0.109388 -0.100751 1.331786 -0.255144 0.721154 -0.252180 0.681549 0.569178 
14.638106 -0.501560 -0.109542 -0.100775 1.331826 -0.255134 0.721307 -0.251893 0.681618 0.569127 
14.638007 -0.501319 -0.109626 -0.100930 1.331853 -0.255223 0.721499 -0.251595 0.681627 0.569063 
14.637956 -0.501114 -0.109712 -0.101017 1.331826 -0.255201 0.721670 -0.251215 0.681591 0.569119 
14.637870 -0.500904 -0.109780 -0.101176 1.331825 -0.255266 0.721863 -0.250876 0.681565 0.569104 
14.637694 -0.500604 -0.109837 -0.101220 1.331864 -0.255033 0.722049 -0.250786 0.681571 0.569221 
14.637838 -0.500611 -0.109839 -0.101193 1.332191 -0.255016 0.722170 -0.250544 0.681747 0.569294 
14.637981 -0.500606 -0.109899 -0.101287 1.332102 -0.254987 0.722258 -0.250606 0.681824 0.569309 
14.638045 -0.500408 -0.109815 -0.101103 1.331878 -0.255040 0.722414 -0.250377 0.681965 0.569241 
14.638003 -0.500283 -0.109819 -0.101267 1.331772 -0.255031 0.722139 -0.250210 0.682233 0.569330 
14.638093 -0.500195 -0.109929 -0.101320 1.331697 -0.254813 0.722120 -0.249940 0.682225 0.569045 
14.637997 -0.500182 -0.110279 -0.101239 1.331561 -0.254893 0.722223 -0.249728 0.682352 0.569106 
14.638186 -0.500041 -0.110012 -0.101276 1.331749 -0.254883 0.722045 -0.249983 0.682167 0.569044 
14.638163 -0.500175 -0.109644 -0.101490 1.331551 -0.254723 0.722226 -0.249681 0.682167 0.569155 
14.638048 -0.500071 -0.109425 -0.101686 1.331553 -0.254762 0.722397 -0.249641 0.682378 0.568929 
14.638093 -0.500072 -0.109206 -0.101555 1.331449 -0.254430 0.722412 -0.249602 0.682595 0.568955 
14.638163 -0.500154 -0.109411 -0.101661 1.331697 -0.254816 0.722404 -0.249551 0.682459 0.568932 
14.638258 -0.500358 -0.109286 -0.101686 1.331416 -0.255008 0.722268 -0.249503 0.682440 0.568745 
14.638032 -0.500126 -0.109337 -0.101537 1.331747 -0.254853 0.722343 -0.249452 0.682408 0.568906 
14.637849 -0.500227 -0.109306 -0.101857 1.331909 -0.254701 0.722283 -0.249290 0.682298 0.568924 
14.638085 -0.500141 -0.109378 -0.101491 1.331760 -0.254772 0.722446 -0.249415 0.682296 0.568759 
14.638015 -0.500204 -0.109193 -0.101419 1.331783 -0.254919 0.722797 -0.249497 0.682195 0.568927 
14.638004 -0.500194 -0.109508 -0.101471 1.331678 -0.254782 0.722523 -0.249300 0.682377 0.568787 
14.638084 -0.499844 -0.109590 -0.101476 1.331598 -0.254895 0.722628 -0.249038 0.682409 0.568836 
14.637999 -0.499558 -0.109801 -0.101385 1.331600 -0.255041 0.722773 -0.248913 0.682590 0.568759 
14.638110 -0.499463 -0.110022 -0.101202 1.331513 -0.255045 0.722746 -0.248719 0.682448 0.569021 
14.638005 -0.499609 -0.109860 -0.101445 1.331572 -0.255227 0.722732 -0.248917 0.682495 0.568701 
14.638051 -0.499594 -0.109647 -0.101488 1.331283 -0.255307 0.722782 -0.248704 0.682649 0.568536 
14.637894 -0.499526 -0.109597 -0.101831 1.331340 -0.255280 0.722877 -0.248431 0.682646 0.568501 
14.638071 -0.499307 -0.109533 -0.101864 1.331388 -0.255199 0.722873 -0.248353 0.682519 0.568151 
14.638084 -0.499249 -0.109321 -0.101831 1.331407 -0.255336 0.723263 -0.248387 0.682393 0.568175 
14.638202 -0.499333 -0.109309 -0.101810 1.331550 -0.255389 0.723272 -0.248300 0.682476 0.568178 
14.638332 -0.499218 -0.109461 -0.102102 1.331263 -0.255297 0.723423 -0.248518 0.682527 0.568183 
14.638371 -0.499083 -0.109362 -0.102150 1.331292 -0.255374 0.723324 -0.248558 0.682556 0.568277 
14.638184 -0.499111 -0.109306 -0.102204 1.331150 -0.255398 0.723516 -0.248382 0.682685 0.567873 
14.638274 -0.498965 -0.109311 -0.102190 1.330927 -0.255417 0.723578 -0.248009 0.682563 0.567907 
14.638377 -0.499029 -0.109072 -0.102324 1.330715 -0.255342 0.723569 -0.247759 0.682378 0.567867 
14.638277 -0.499017 -0.109383 -0.102248 1.330917 -0.255598 0.723534 -0.248026 0.682459 0.567860 
14.638204 -0.498636 -0.109539 -0.102118 1.330985 -0.255437 0.723737 -0.247817 0.682594 0.567910 
14.638299 -0.498406 -0.109668 -0.101800 1.330829 -0.255538 0.723818 -0.247763 0.682697 0.567847 
14.638065 -0.498429 -0.109766 -0.101844 1.330736 -0.255654 0.723943 -0.247598 0.682877 0.568119 
14.638031 -0.498384 -0.109993 -0.101916 1.330696 -0.255531 0.723610 -0.247443 0.683024 0.568045 
14.638192 -0.498416 -0.109836 -0.101979 1.330667 -0.255635 0.724023 -0.247661 0.682945 0.568123 
14.638415 -0.498531 -0.109811 -0.101952 1.330941 -0.255752 0.724080 -0.247431 0.683115 0.568107 
14.638442 -0.498388 -0.109700 -0.102008 1.330960 -0.255837 0.723989 -0.247461 0.683156 0.568176 
14.638598 -0.498278 -0.109872 -0.101955 1.331077 -0.255771 0.723995 -0.247428 0.682974 0.568518 
14.638388 -0.498397 -0.109781 -0.101965 1.331078 -0.255859 0.723979 -0.247622 0.683244 0.568183 
14.638366 -0.498123 -0.109627 -0.102176 1.330975 -0.255859 0.724216 -0.247218 0.683160 0.568043 
14.638395 -0.498036 -0.109373 -0.102133 1.330894 -0.255585 0.724336 -0.247097 0.683378 0.568113 
14.638443 -0.497933 -0.109218 -0.102267 1.330692 -0.255786 0.724480 -0.246818 0.683416 0.568060 
14.638573 -0.497701 -0.109267 -0.102327 1.330720 -0.255743 0.724615 -0.246577 0.683245 0.568291 
14.638499 -0.497786 -0.109107 -0.102706 1.330825 -0.255675 0.724652 -0.246436 0.683148 0.568389 
14.638636 -0.497716 -0.109146 -0.102286 1.330756 -0.255775 0.724738 -0.246680 0.683143 0.568268 
14.638785 -0.497420 -0.109338 -0.102255 1.330650 -0.255672 0.724504 -0.246404 0.683241 0.568063 
14.638552 -0.497332 -0.109233 -0.101968 1.330715 -0.255749 0.724424 -0.246162 0.683154 0.568080 
14.638459 -0.497275 -0.109224 -0.101992 1.330552 -0.255687 0.724399 -0.246230 0.683049 0.568086 
14.638526 -0.497039 -0.109430 -0.101907 1.330620 -0.255851 0.724616 -0.246124 0.683368 0.568154 
14.638736 -0.497096 -0.109319 -0.101742 1.330395 -0.255730 0.724558 -0.246011 0.683518 0.568373 
14.638493 -0.497133 -0.109496 -0.101869 1.330592 -0.255735 0.724751 -0.246047 0.683357 0.568078 
14.638645 -0.497127 -0.109708 -0.101880 1.330502 -0.256120 0.724559 -0.246017 0.683174 0.568162 
14.638545 -0.497022 -0.109542 -0.101791 1.330703 -0.255759 0.724572 -0.246227 0.683330 0.568212 
14.638489 -0.496860 -0.109336 -0.102221 1.330615 -0.255860 0.724633 -0.245825 0.683428 0.568089 
14.638405 -0.496752 -0.109230 -0.102421 1.330517 -0.255958 0.724585 -0.245638 0.683641 0.567831 
14.638514 -0.496545 -0.108985 -0.102558 1.330510 -0.256061 0.724819 -0.245497 0.683549 0.567728 
14.638292 -0.496583 -0.108901 -0.102850 1.330502 -0.256177 0.724930 -0.245325 0.683660 0.567895 
14.638397 -0.496503 -0.108935 -0.102411 1.330551 -0.256093 0.724775 -0.245384 0.683502 0.567738 
14.638431 -0.496202 -0.108987 -0.102534 1.330652 -0.255938 0.724640 -0.245140 0.683510 0.567607 
14.638325 -0.495879 -0.108906 -0.102534 1.330791 -0.256085 0.724586 -0.245356 0.683662 0.567560 
14.638523 -0.496280 -0.108980 -0.102512 1.330827 -0.255993 0.724648 -0.245085 0.683599 0.567596 
14.638512 -0.496384 -0.108695 -0.102663 1.330916 -0.255963 0.724393 -0.245080 0.683436 0.567445 
14.638488 -0.496291 -0.109113 -0.102560 1.330866 -0.256124 0.724651 -0.245088 0.683481 0.567521 
14.638703 -0.496156 -0.109173 -0.102499 1.330666 -0.256356 0.724534 -0.244876 0.683570 0.567603 
14.638691 -0.496045 -0.109291 -0.102389 1.330588 -0.256337 0.724757 -0.244634 0.683737 0.567364 
14.638814 -0.495798 -0.109430 -0.102310 1.330690 -0.256287 0.724966 -0.244424 0.683651 0.567533 
14.638697 -0.495796 -0.109761 -0.102238 1.330694 -0.256197 0.724781 -0.244301 0.683875 0.567583 
14.638926 -0.495779 -0.109473 -0.102165 1.330694 -0.256229 0.724911 -0.244510 0.683596 0.567450 
14.639030 -0.495769 -0.109539 -0.102660 1.330607 -0.256250 0.725102 -0.244498 0.683804 0.567496 
14.639090 -0.495708 -0.109451 -0.103004 1.330540 -0.256328 0.725224 -0.244254 0.683915 0.567412 
14.639127 -0.495751 -0.109447 -0.103207 1.330397 -0.256522 0.725526 -0.244175 0.684105 0.567465 
14.639067 -0.495715 -0.109646 -0.103488 1.330370 -0.256477 0.725470 -0.243965 0.684357 0.567492 
14.639328 -0.495625 -0.109571 -0.103737 1.330275 -0.256517 0.725607 -0.243830 0.684411 0.567282 
14.639243 -0.495467 -0.109459 -0.103807 1.330357 -0.256594 0.725789 -0.243494 0.684322 0.567431 
14.639413 -0.495297 -0.109664 -0.103841 1.330365 -0.256596 0.726093 -0.243390 0.684374 0.567609 
14.639369 -0.495197 -0.109789 -0.103692 1.330293 -0.256634 0.726380 -0.243148 0.684534 0.567486 
14.639472 -0.495061 -0.109908 -0.103590 1.330148 -0.256823 0.726546 -0.242871 0.684676 0.567549 
14.639437 -0.494994 -0.110178 -0.103631 1.330166 -0.257043 0.726801 -0.242693 0.684624 0.567450 
14.639587 -0.495075 -0.110182 -0.103549 1.330419 -0.257117 0.726984 -0.242495 0.684869 0.567461 
14.639607 -0.495115 -0.110276 -0.103529 1.330163 -0.256991 0.727252 -0.242231 0.684864 0.567524 
14.639541 -0.494805 -0.110314 -0.103521 1.330010 -0.257014 0.727524 -0.242127 0.685031 0.567541 
14.639584 -0.494451 -0.110450 -0.103428 1.329942 -0.256916 0.727638 -0.241899 0.685072 0.567486 
14.639696 -0.494295 -0.110322 -0.103194 1.329845 -0.257016 0.727943 -0.241933 0.684944 0.567455 
14.639550 -0.494286 -0.110321 -0.103104 1.329915 -0.257022 0.727939 -0.241886 0.684892 0.567597 
14.639729 -0.494179 -0.110591 -0.103178 1.329630 -0.257005 0.728081 -0.241962 0.685233 0.567409 
14.639645 -0.494060 -0.110413 -0.103347 1.329497 -0.257095 0.728129 -0.241672 0.685326 0.567219 
14.639773 -0.493855 -0.110335 -0.103680 1.329435 -0.257155 0.728238 -0.241487 0.685334 0.567316 
14.639693 -0.493714 -0.110253 -0.103960 1.329483 -0.256995 0.728489 -0.241380 0.685349 0.567159 
14.639781 -0.493589 -0.109951 -0.103995 1.329361 -0.256771 0.728462 -0.241294 0.685556 0.567245 
14.639710 -0.493555 -0.109963 -0.104033 1.329195 -0.256714 0.728413 -0.241352 0.685433 0.567249 
14.639649 -0.493187 -0.109891 -0.104219 1.329228 -0.256891 0.728345 -0.241406 0.685470 0.567116 
14.639717 -0.493072 -0.109898 -0.104470 1.329089 -0.256948 0.728442 -0.241082 0.685391 0.566997 
14.639604 -0.493205 -0.109735 -0.104727 1.328947 -0.257155 0.728630 -0.241157 0.685484 0.567044 
14.639739 -0.492994 -0.109836 -0.104336 1.329058 -0.256998 0.728590 -0.241088 0.685317 0.567013 
14.639426 -0.492849 -0.109910 -0.104299 1.329119 -0.256983 0.728614 -0.240870 0.685335 0.567257 
14.639403 -0.492897 -0.109762 -0.104321 1.329216 -0.256996 0.728548 -0.240832 0.685198 0.567265 
14.639568 -0.492542 -0.110103 -0.104411 1.329142 -0.256840 0.728794 -0.240857 0.685274 0.567388 
14.639460 -0.492273 -0.110232 -0.104318 1.329057 -0.256702 0.728944 -0.240707 0.685338 0.567156 
14.639537 -0.491963 -0.110399 -0.104187 1.328858 -0.256779 0.728922 -0.240505 0.685398 0.567158 
14.639385 -0.491773 -0.110463 -0.104312 1.328707 -0.256776 0.729266 -0.240466 0.685519 0.567111 
14.639257 -0.491465 -0.110483 -0.104377 1.328674 -0.256668 0.729529 -0.240310 0.685467 0.566996 
14.639208 -0.491144 -0.110562 -0.104454 1.328494 -0.256730 0.729773 -0.240161 0.685509 0.567035 
14.639152 -0.490811 -0.110634 -0.104527 1.328333 -0.256770 0.730017 -0.240000 0.685530 0.567055 
14.639047 -0.490479 -0.110656 -0.104582 1.328296 -0.256675 0.730256 -0.239821 0.685461 0.566958 
14.638963 -0.490131 -0.110699 -0.104643 1.328208 -0.256634 0.730499 -0.239641 0.685423 0.566909 
14.638890 -0.489787 -0.110757 -0.104711 1.328084 -0.256630 0.730746 -0.239468 0.685413 0.566891 
14.638795 -0.489620 -0.110687 -0.104690 1.328266 -0.256387 0.730804 -0.239337 0.685214 0.566682 
14.638713 -0.489638 -0.110800 -0.104705 1.328188 -0.256423 0.730778 -0.239408 0.685053 0.566656 
14.638797 -0.489608 -0.110906 -0.104687 1.328517 -0.256592 0.731033 -0.239235 0.685301 0.566560 
14.638849 -0.489758 -0.110724 -0.104687 1.328201 -0.256320 0.730872 -0.239196 0.685168 0.566705 
14.638756 -0.489643 -0.110735 -0.104633 1.328016 -0.256040 0.731135 -0.239177 0.685337 0.566747 
14.638901 -0.489395 -0.110821 -0.104439 1.327859 -0.255994 0.731022 -0.238912 0.685371 0.566747 
14.638626 -0.489648 -0.110808 -0.104718 1.328061 -0.255997 0.731035 -0.239093 0.685399 0.566823 
14.638744 -0.489618 -0.110817 -0.105077 1.327931 -0.255918 0.731013 -0.239058 0.685506 0.566581 
14.638503 -0.489674 -0.110582 -0.105106 1.327764 -0.256053 0.731047 -0.238869 0.685586 0.566402 
14.638506 -0.489562 -0.110408 -0.105460 1.327681 -0.256010 0.731203 -0.238698 0.685557 0.566489 
14.638477 -0.489603 -0.110261 -0.105767 1.327577 -0.255804 0.731268 -0.238540 0.685692 0.566350 
14.638295 -0.489530 -0.110467 -0.105917 1.327320 -0.255845 0.731332 -0.238574 0.685451 0.566282 
14.638368 -0.489613 -0.110529 -0.106030 1.327062 -0.256061 0.731360 -0.238626 0.685690 0.566471 
14.638396 -0.489678 -0.110643 -0.106028 1.327137 -0.256116 0.731493 -0.238511 0.685705 0.566429 
14.638282 -0.489344 -0.110676 -0.106148 1.327259 -0.256274 0.731610 -0.238577 0.685865 0.566306 
14.638341 -0.489286 -0.110653 -0.106408 1.327354 -0.256574 0.731477 -0.238438 0.685744 0.566195 
14.638261 -0.489458 -0.110610 -0.106208 1.327316 -0.256310 0.731699 -0.238730 0.685827 0.566279 
14.638530 -0.489137 -0.110587 -0.106031 1.327062 -0.256317 0.731810 -0.238520 0.685814 0.566148 
14.638413 -0.488838 -0.110590 -0.105989 1.326966 -0.256345 0.732019 -0.238255 0.685838 0.566244 
14.638560 -0.488512 -0.110787 -0.106099 1.326953 -0.256224 0.732167 -0.238155 0.685846 0.566358 
14.638504 -0.488196 -0.110933 -0.106035 1.326813 -0.256229 0.732301 -0.237932 0.685964 0.566264 
14.638452 -0.487907 -0.110929 -0.106074 1.326748 -0.256263 0.732660 -0.237815 0.685954 0.566315 
14.638654 -0.487679 -0.111011 -0.106078 1.326618 -0.256268 0.732920 -0.237867 0.685980 0.566089 
14.638672 -0.487482 -0.111181 -0.105804 1.326664 -0.256496 0.732946 -0.237924 0.685855 0.566240 
14.638706 -0.487726 -0.111025 -0.106121 1.326510 -0.256372 0.732929 -0.237890 0.686119 0.566189 
14.638839 -0.487576 -0.110823 -0.106135 1.326630 -0.256291 0.733025 -0.237656 0.686387 0.566215 
14.638762 -0.487286 -0.110632 -0.106283 1.326374 -0.256178 0.732937 -0.237684 0.686409 0.566265 
14.638817 -0.487304 -0.110652 -0.106397 1.326124 -0.256050 0.733095 -0.237349 0.686361 0.566313 
14.638650 -0.487242 -0.110762 -0.106477 1.326030 -0.255785 0.733325 -0.237324 0.686593 0.566362 
14.638581 -0.487106 -0.110828 -0.106851 1.326053 -0.255918 0.733375 -0.237129 0.686647 0.566269 
14.638380 -0.487116 -0.110626 -0.106862 1.325883 -0.256067 0.733542 -0.236958 0.686741 0.566070 
14.638479 -0.487073 -0.110467 -0.107196 1.325872 -0.256034 0.733811 -0.236928 0.686677 0.566179 
14.638443 -0.487230 -0.110589 -0.106944 1.325858 -0.255977 0.733470 -0.236993 0.686795 0.565942 
14.638376 -0.486834 -0.110818 -0.106876 1.325761 -0.256114 0.733487 -0.236659 0.686850 0.566089 
14.638206 -0.486534 -0.111020 -0.106921 1.325758 -0.256107 0.733524 -0.236572 0.687110 0.566097 
14.638019 -0.486546 -0.111012 -0.106996 1.325755 -0.256099 0.733322 -0.236243 0.687144 0.566315 
14.637934 -0.486342 -0.111025 -0.106951 1.325891 -0.255899 0.733341 -0.236063 0.686908 0.566114 
14.637852 -0.486281 -0.111024 -0.107006 1.325742 -0.255884 0.733270 -0.236163 0.686816 0.566125 
14.637853 -0.486247 -0.111381 -0.107028 1.325593 -0.256023 0.733357 -0.235938 0.686735 0.566072 
14.637978 -0.485920 -0.111348 -0.107036 1.325589 -0.256275 0.733198 -0.235793 0.686760 0.566012 
14.638094 -0.485694 -0.111339 -0.106824 1.325346 -0.256153 0.733242 -0.235601 0.686852 0.566099 
14.638232 -0.485712 -0.111393 -0.107016 1.325229 -0.255995 0.733055 -0.235484 0.687032 0.565855 
14.638248 -0.485727 -0.111508 -0.106885 1.325279 -0.255967 0.732907 -0.235541 0.687031 0.565866 
14.638463 -0.485562 -0.111494 -0.107272 1.325312 -0.255868 0.733106 -0.235489 0.686954 0.566089 
14.638343 -0.485456 -0.111565 -0.107299 1.325357 -0.255846 0.733154 -0.235543 0.687097 0.566087 
14.638346 -0.485256 -0.111454 -0.107523 1.325207 -0.255921 0.733313 -0.235272 0.687150 0.566009 
14.638362 -0.485030 -0.111374 -0.107736 1.325057 -0.255993 0.733440 -0.234985 0.687208 0.565931 
14.638388 -0.484819 -0.111280 -0.107950 1.324902 -0.256068 0.733570 -0.234695 0.687250 0.565853 
14.638295 -0.484501 -0.111333 -0.108126 1.324834 -0.256095 0.733672 -0.234507 0.687448 0.565791 
14.638277 -0.484182 -0.111372 -0.108342 1.324752 -0.256117 0.733771 -0.234282 0.687589 0.565757 
14.638319 -0.483948 -0.111304 -0.108569 1.324610 -0.256177 0.733892 -0.233996 0.687634 0.565700 
14.638335 -0.483635 -0.111335 -0.108797 1.324523 -0.256197 0.733988 -0.233759 0.687748 0.565678 
14.638410 -0.483402 -0.111274 -0.109034 1.324386 -0.256248 0.734100 -0.233471 0.687769 0.565641 
14.638373 -0.483049 -0.111420 -0.109218 1.324381 -0.256219 0.734152 -0.233340 0.687959 0.565658 
14.638418 -0.482721 -0.111489 -0.109454 1.324318 -0.256215 0.734228 -0.233122 0.688065 0.565672 
14.638511 -0.482602 -0.111332 -0.109656 1.324143 -0.256301 0.734350 -0.232822 0.688012 0.565602 
14.638405 -0.482475 -0.111385 -0.109732 1.324020 -0.256274 0.734266 -0.232670 0.688296 0.565326 
14.638325 -0.482234 -0.111343 -0.109463 1.323843 -0.256249 0.734435 -0.232559 0.688412 0.565441 
14.638482 -0.482065 -0.111373 -0.109427 1.323784 -0.256295 0.734719 -0.232778 0.688438 0.565222 
14.638403 -0.482011 -0.111372 -0.109484 1.323631 -0.256287 0.734647 -0.232884 0.688354 0.565239 
14.638557 -0.482144 -0.111381 -0.109495 1.323623 -0.256530 0.734786 -0.232846 0.688743 0.565419 
14.638523 -0.481972 -0.111199 -0.109420 1.323852 -0.256315 0.734626 -0.232834 0.688484 0.565226 
14.638300 -0.481966 -0.111246 -0.109487 1.323768 -0.256055 0.735022 -0.232736 0.688586 0.565268 
14.638121 -0.481686 -0.111318 -0.109353 1.323805 -0.256303 0.735162 -0.232589 0.688584 0.565231 
14.638156 -0.481354 -0.111423 -0.109144 1.323706 -0.256354 0.735277 -0.232382 0.688640 0.565217 
14.638089 -0.481193 -0.111383 -0.108840 1.323553 -0.256479 0.735426 -0.232191 0.688676 0.565093 
14.637958 -0.480978 -0.111598 -0.108538 1.323611 -0.256462 0.735442 -0.232260 0.688847 0.565097 
14.637970 -0.480715 -0.111681 -0.108272 1.323634 -0.256542 0.735644 -0.232213 0.688764 0.565283 
14.637929 -0.480364 -0.111841 -0.108084 1.323627 -0.256629 0.735779 -0.232072 0.688842 0.565266 
14.638002 -0.479981 -0.112059 -0.108114 1.323638 -0.256628 0.735817 -0.231907 0.688933 0.565283 
14.637941 -0.479691 -0.112261 -0.108110 1.323742 -0.256911 0.735835 -0.231796 0.688924 0.565206 
14.638155 -0.479516 -0.112390 -0.107886 1.323569 -0.256990 0.735721 -0.231609 0.688942 0.565104 
14.638351 -0.479367 -0.112456 -0.107904 1.323551 -0.256995 0.735977 -0.231834 0.688961 0.564867 
14.638389 -0.479407 -0.112460 -0.107937 1.323473 -0.257113 0.736012 -0.231866 0.689114 0.564965 
14.638558 -0.479523 -0.112479 -0.107850 1.323795 -0.257106 0.736137 -0.231658 0.689270 0.564922 
14.638355 -0.479515 -0.112635 -0.107954 1.323409 -0.257090 0.736093 -0.231820 0.689064 0.564963 
14.638241 -0.479237 -0.112839 -0.107936 1.323269 -0.257073 0.736297 -0.231626 0.689135 0.564918 
14.638278 -0.478947 -0.113176 -0.107903 1.323228 -0.257079 0.736420 -0.231555 0.689091 0.565037 
14.638174 -0.478854 -0.113204 -0.107641 1.323129 -0.257270 0.736697 -0.231471 0.688950 0.565050 
14.638078 -0.478865 -0.113277 -0.107504 1.323164 -0.257233 0.736649 -0.231572 0.689052 0.565024 
14.638230 -0.478668 -0.113387 -0.107894 1.322997 -0.257337 0.736761 -0.231229 0.688936 0.564913 
14.638380 -0.478520 -0.113453 -0.108009 1.322759 -0.257120 0.736923 -0.231017 0.688948 0.564943 
14.638230 -0.478373 -0.113520 -0.108333 1.322825 -0.257070 0.737186 -0.230961 0.688934 0.565016 
14.638063 -0.478325 -0.113571 -0.108402 1.322789 -0.257077 0.737045 -0.230600 0.688916 0.565238 
14.638118 -0.478040 -0.113448 -0.108522 1.322617 -0.257265 0.737037 -0.230652 0.689117 0.565367 
14.638317 -0.478007 -0.113448 -0.108497 1.322872 -0.257330 0.737187 -0.230426 0.689351 0.565368 
14.638294 -0.477851 -0.113354 -0.108457 1.322950 -0.257258 0.737139 -0.230402 0.689288 0.565290 
14.638439 -0.477582 -0.113500 -0.108720 1.322872 -0.257314 0.737246 -0.230233 0.689212 0.565312 
14.638438 -0.477437 -0.113453 -0.109001 1.322707 -0.257358 0.737399 -0.229985 0.689263 0.565172 
14.638375 -0.477164 -0.113679 -0.109154 1.322586 -0.257319 0.737498 -0.229839 0.689433 0.565074 
14.638373 -0.476886 -0.113781 -0.109353 1.322439 -0.257319 0.737701 -0.229631 0.689496 0.565055 
14.638385 -0.476616 -0.113897 -0.109533 1.322268 -0.257337 0.737820 -0.229364 0.689563 0.565033 
14.638382 -0.476342 -0.113977 -0.109740 1.322135 -0.257332 0.738071 -0.229189 0.689611 0.565024 
14.638399 -0.476073 -0.114076 -0.109926 1.321966 -0.257351 0.738213 -0.228926 0.689665 0.565011 
14.638398 -0.475817 -0.114111 -0.110136 1.321859 -0.257340 0.738528 -0.228800 0.689681 0.565022 
14.638428 -0.475572 -0.114227 -0.110441 1.321755 -0.257257 0.738612 -0.228637 0.689816 0.564980 
14.638296 -0.475344 -0.114383 -0.110571 1.321740 -0.257530 0.738742 -0.228498 0.689818 0.564850 
14.638504 -0.475160 -0.114491 -0.110531 1.321517 -0.257598 0.738902 -0.228468 0.689849 0.564592 
14.638476 -0.475199 -0.114735 -0.110558 1.321519 -0.257460 0.739082 -0.228223 0.689675 0.564405 
14.638292 -0.475106 -0.114794 -0.110657 1.321181 -0.257422 0.739019 -0.228348 0.689459 0.564376 
14.638264 -0.474959 -0.114695 -0.110607 1.321262 -0.257348 0.738967 -0.228330 0.689398 0.564297 
14.638173 -0.474709 -0.114710 -0.110569 1.321104 -0.257358 0.739170 -0.228106 0.689544 0.564128 
14.638191 -0.474346 -0.114876 -0.110512 1.321009 -0.257375 0.739346 -0.227934 0.689594 0.564077 
14.638203 -0.473980 -0.115094 -0.110415 1.320940 -0.257368 0.739503 -0.227810 0.689651 0.564077 
14.638177 -0.473633 -0.115253 -0.110332 1.320835 -0.257366 0.739686 -0.227643 0.689744 0.564017 
14.638279 -0.473211 -0.115343 -0.110310 1.320851 -0.257369 0.739764 -0.227499 0.689639 0.563959 
14.638239 -0.472937 -0.115630 -0.110291 1.320613 -0.257389 0.739899 -0.227464 0.689627 0.564009 
14.638144 -0.472626 -0.115644 -0.110242 1.320469 -0.257374 0.740071 -0.227260 0.689720 0.563838 
14.638167 -0.472323 -0.115604 -0.110373 1.320328 -0.257380 0.740032 -0.227213 0.689419 0.563723 
14.638071 -0.472141 -0.115718 -0.110422 1.320486 -0.257248 0.740155 -0.227500 0.689453 0.563524 
14.638096 -0.472123 -0.115789 -0.110523 1.320477 -0.257187 0.739996 -0.227455 0.689554 0.563481 
14.638008 -0.472039 -0.115939 -0.110200 1.320484 -0.257295 0.739775 -0.227424 0.689488 0.563306 
14.638257 -0.472146 -0.115765 -0.110441 1.320379 -0.257088 0.740010 -0.227507 0.689568 0.563422 
14.637948 -0.471946 -0.115772 -0.110486 1.320504 -0.256843 0.739981 -0.227335 0.689518 0.563702 
14.638093 -0.472017 -0.115682 -0.110499 1.320436 -0.257255 0.739928 -0.227559 0.689646 0.563559 
14.638209 -0.471746 -0.115797 -0.110733 1.320467 -0.257395 0.740089 -0.227403 0.689756 0.563567 
14.638159 -0.471536 -0.115894 -0.111034 1.320323 -0.257511 0.740253 -0.227287 0.689876 0.563520 
14.638176 -0.471305 -0.115808 -0.111309 1.320375 -0.257606 0.740383 -0.227090 0.690001 0.563383 
14.638236 -0.471059 -0.115921 -0.111645 1.320357 -0.257742 0.740509 -0.226990 0.690064 0.563391 
14.638276 -0.470731 -0.115867 -0.111556 1.320189 -0.257801 0.740741 -0.226913 0.690228 0.563401 
14.638224 -0.470735 -0.115990 -0.111598 1.320250 -0.257861 0.740941 -0.226783 0.690621 0.563419 
14.638110 -0.470534 -0.116210 -0.111491 1.320233 -0.258028 0.740851 -0.226571 0.690640 0.563211 
14.638198 -0.470615 -0.116126 -0.111506 1.320048 -0.258184 0.740795 -0.226216 0.690655 0.563381 
14.638279 -0.470679 -0.116097 -0.111495 1.320018 -0.258359 0.740811 -0.226307 0.690679 0.563295 
14.638467 -0.470601 -0.116259 -0.111556 1.319882 -0.257972 0.740827 -0.226096 0.690745 0.563158 
14.638464 -0.470661 -0.116297 -0.111525 1.319920 -0.257982 0.741006 -0.226037 0.690618 0.563133 
14.638331 -0.470332 -0.116286 -0.111687 1.319729 -0.258035 0.740989 -0.225896 0.690904 0.563054 
14.638288 -0.470008 -0.116320 -0.111782 1.319674 -0.258113 0.741142 -0.225665 0.691074 0.562979 
14.638256 -0.469683 -0.116324 -0.111876 1.319652 -0.258188 0.741290 -0.225422 0.691243 0.562889 
14.638154 -0.469392 -0.116412 -0.111986 1.319496 -0.258264 0.741454 -0.225231 0.691405 0.562833 
14.637993 -0.469159 -0.116531 -0.112107 1.319256 -0.258328 0.741617 -0.225091 0.691547 0.562787 
14.637883 -0.468870 -0.116592 -0.112223 1.319111 -0.258400 0.741780 -0.224891 0.691710 0.562710 
14.637770 -0.468583 -0.116650 -0.112340 1.318970 -0.258473 0.741950 -0.224689 0.691869 0.562633 
14.637658 -0.468295 -0.116708 -0.112457 1.318828 -0.258547 0.742118 -0.224487 0.692028 0.562555 
14.637555 -0.468004 -0.116781 -0.112575 1.318667 -0.258613 0.742265 -0.224297 0.692203 0.562485 
14.637617 -0.467884 -0.116981 -0.112629 1.318383 -0.258554 0.742080 -0.224381 0.692423 0.562542 
14.637499 -0.467659 -0.116750 -0.112730 1.318438 -0.258627 0.741871 -0.224347 0.692660 0.562520 
14.637510 -0.467689 -0.116830 -0.112935 1.318506 -0.258666 0.741826 -0.224334 0.692616 0.562520 
14.637657 -0.467353 -0.116850 -0.112665 1.318531 -0.258774 0.741956 -0.224386 0.692646 0.562777 
14.637605 -0.467511 -0.117005 -0.112600 1.318718 -0.258808 0.742058 -0.224323 0.692997 0.562873 
14.637541 -0.467433 -0.117089 -0.112572 1.318804 -0.258765 0.742067 -0.224454 0.692993 0.562750 
14.637468 -0.467400 -0.117281 -0.112370 1.318830 -0.258941 0.741835 -0.224223 0.692901 0.562665 
14.637548 -0.467441 -0.117257 -0.112368 1.318789 -0.259120 0.741865 -0.224296 0.692939 0.562568 
14.637824 -0.467197 -0.117374 -0.112327 1.318823 -0.259039 0.741919 -0.224123 0.693077 0.562401 
14.637817 -0.466852 -0.117602 -0.112271 1.318726 -0.259135 0.742052 -0.224037 0.693216 0.562371 
14.637926 -0.466503 -0.117840 -0.112156 1.318697 -0.259205 0.742082 -0.224002 0.693379 0.562361 
14.637765 -0.466650 -0.117975 -0.112162 1.318675 -0.259157 0.742202 -0.223835 0.693693 0.562191 
14.637696 -0.466554 -0.117827 -0.112205 1.318745 -0.259203 0.742124 -0.223805 0.693780 0.562171 
14.637631 -0.466419 -0.117755 -0.112165 1.318938 -0.259319 0.742433 -0.223610 0.693651 0.562081 
14.637647 -0.466386 -0.117947 -0.112577 1.319045 -0.259418 0.742378 -0.223545 0.693603 0.562068 
14.637573 -0.466338 -0.117983 -0.112571 1.319080 -0.259352 0.742358 -0.223665 0.693548 0.561904 
14.637625 -0.466215 -0.117864 -0.112738 1.318730 -0.259437 0.742374 -0.223312 0.693545 0.561931 
14.637692 -0.466098 -0.117744 -0.112960 1.318676 -0.259306 0.742655 -0.223479 0.693702 0.562002 
14.637759 -0.466151 -0.117714 -0.112960 1.318633 -0.259489 0.742682 -0.223560 0.693734 0.561913 
14.637437 -0.466005 -0.117766 -0.113082 1.318509 -0.259698 0.742783 -0.223597 0.693771 0.562066 
14.637405 -0.465752 -0.117725 -0.113374 1.318482 -0.259852 0.742897 -0.223447 0.693933 0.562040 
14.637374 -0.465693 -0.117915 -0.113600 1.318328 -0.259926 0.743179 -0.223287 0.694035 0.561991 
14.637242 -0.465696 -0.117827 -0.113958 1.318246 -0.260027 0.743379 -0.223130 0.694083 0.561955 
14.637409 -0.465361 -0.117985 -0.114057 1.318134 -0.260152 0.743506 -0.223132 0.693981 0.562051 
14.637478 -0.465180 -0.118187 -0.114216 1.317900 -0.260179 0.743405 -0.223170 0.694237 0.562100 
14.637478 -0.464872 -0.118207 -0.114075 1.317767 -0.260256 0.743637 -0.223060 0.694418 0.562071 
14.637325 -0.464840 -0.118285 -0.113990 1.317414 -0.260299 0.743813 -0.223172 0.694343 0.562229 
14.637250 -0.464763 -0.118305 -0.114014 1.317390 -0.260238 0.743793 -0.223246 0.694280 0.562047 
14.637315 -0.464583 -0.118526 -0.114033 1.317536 -0.260430 0.744035 -0.223207 0.694515 0.562250 
14.637266 -0.464446 -0.118704 -0.113969 1.317442 -0.260657 0.743925 -0.222889 0.694464 0.562179 
14.637349 -0.464516 -0.118674 -0.113951 1.317406 -0.260825 0.743942 -0.222976 0.694488 0.562084 
14.637652 -0.464342 -0.118731 -0.113987 1.317237 -0.260747 0.744157 -0.222852 0.694573 0.561994 
14.637727 -0.463952 -0.118532 -0.114035 1.317155 -0.260878 0.744155 -0.222873 0.694678 0.562057 
14.637612 -0.463851 -0.118403 -0.114181 1.317028 -0.260944 0.744313 -0.222732 0.694999 0.561966 
14.637602 -0.463624 -0.118338 -0.114116 1.316893 -0.260986 0.744400 -0.222665 0.695375 0.561895 
14.637544 -0.463471 -0.118127 -0.114158 1.316929 -0.261112 0.744739 -0.222497 0.695350 0.561829 
14.637536 -0.463287 -0.118036 -0.114478 1.316828 -0.261256 0.744936 -0.222384 0.695454 0.561810 
14.637590 -0.462969 -0.117883 -0.114682 1.316757 -0.261423 0.745108 -0.222314 0.695501 0.561830 
14.637699 -0.462795 -0.117843 -0.114903 1.316637 -0.261490 0.745402 -0.222150 0.695588 0.561755 
14.637583 -0.462604 -0.117704 -0.115108 1.316568 -0.261658 0.745599 -0.222036 0.695789 0.561718 
14.637626 -0.462337 -0.117518 -0.115038 1.316569 -0.261762 0.745905 -0.221903 0.695818 0.561659 
14.637763 -0.462030 -0.117462 -0.115205 1.316390 -0.261835 0.745992 -0.221849 0.696032 0.561649 
14.637855 -0.462059 -0.117548 -0.115339 1.316243 -0.261774 0.746275 -0.221652 0.696221 0.561494 
14.638025 -0.462072 -0.117506 -0.115433 1.316150 -0.262139 0.746398 -0.221770 0.696279 0.561336 
14.638023 -0.462072 -0.117366 -0.115436 1.315913 -0.262241 0.746227 -0.221449 0.696166 0.561247 
14.638108 -0.462150 -0.117482 -0.115415 1.316195 -0.262196 0.746407 -0.221689 0.696346 0.561507 
14.638160 -0.462031 -0.117474 -0.115546 1.316538 -0.262079 0.746321 -0.221758 0.696402 0.561166 
14.638196 -0.462106 -0.117288 -0.115583 1.316494 -0.261985 0.746338 -0.221830 0.696415 0.561163 
14.638124 -0.461989 -0.117620 -0.115565 1.316641 -0.262004 0.746571 -0.222077 0.696493 0.561324 
14.638169 -0.461974 -0.117632 -0.115719 1.316661 -0.261996 0.746611 -0.222049 0.696325 0.561375 
14.638116 -0.461648 -0.117777 -0.115830 1.316604 -0.262162 0.746732 -0.221879 0.696461 0.561324 
14.638080 -0.461320 -0.117803 -0.115991 1.316503 -0.262286 0.746889 -0.221735 0.696631 0.561263 
14.638079 -0.461012 -0.117761 -0.116236 1.316392 -0.262369 0.747072 -0.221606 0.696733 0.561222 
14.637988 -0.460741 -0.117868 -0.116182 1.316318 -0.262521 0.747141 -0.221487 0.697025 0.561125 
14.638127 -0.460387 -0.118032 -0.116189 1.316215 -0.262610 0.747262 -0.221353 0.697122 0.561050 
14.638056 -0.460298 -0.118246 -0.116483 1.316076 -0.262703 0.747146 -0.221319 0.697347 0.561038 
14.637854 -0.460122 -0.118311 -0.116568 1.316108 -0.262912 0.747378 -0.221122 0.697440 0.560938 
14.637760 -0.459866 -0.118277 -0.116632 1.316041 -0.262977 0.747626 -0.221143 0.697733 0.560895 
14.637803 -0.459684 -0.118139 -0.116739 1.316176 -0.263033 0.747595 -0.220945 0.697963 0.560653 
14.637686 -0.459321 -0.118031 -0.116776 1.316247 -0.263275 0.747489 -0.220970 0.697996 0.560715 
14.637489 -0.459086 -0.118058 -0.116786 1.316298 -0.263013 0.747470 -0.220738 0.698075 0.560823 
14.637574 -0.459138 -0.118044 -0.116787 1.316355 -0.263075 0.747496 -0.220656 0.698154 0.560992 
14.637535 -0.458974 -0.117891 -0.116801 1.316144 -0.263284 0.747544 -0.220411 0.698340 0.560960 
14.637498 -0.458736 -0.117878 -0.116814 1.316143 -0.263522 0.747632 -0.220228 0.698621 0.560899 
14.637374 -0.458442 -0.117850 -0.116828 1.316074 -0.263671 0.747693 -0.220043 0.698849 0.560762 
14.637407 -0.458265 -0.117895 -0.116837 1.316191 -0.263941 0.747798 -0.219916 0.699149 0.560760 
14.637427 -0.458014 -0.117771 -0.117047 1.316140 -0.264122 0.747954 -0.219726 0.699288 0.560738 
14.637328 -0.457840 -0.117596 -0.117236 1.316116 -0.264323 0.748077 -0.219555 0.699501 0.560717 
14.637393 -0.457465 -0.117653 -0.117387 1.316163 -0.264345 0.748225 -0.219364 0.699585 0.560705 
14.637499 -0.457185 -0.117670 -0.117376 1.315958 -0.264547 0.748302 -0.219242 0.699640 0.560500 
14.637527 -0.456856 -0.117728 -0.117421 1.315978 -0.264722 0.748419 -0.219070 0.699847 0.560416 
14.637511 -0.456585 -0.117668 -0.117517 1.315922 -0.264948 0.748538 -0.218894 0.700053 0.560318 
14.637525 -0.456261 -0.117740 -0.117565 1.315992 -0.265103 0.748657 -0.218723 0.700277 0.560264 
14.637504 -0.455984 -0.117693 -0.117663 1.315966 -0.265320 0.748778 -0.218544 0.700498 0.560181 
14.637504 -0.455671 -0.117775 -0.117716 1.316083 -0.265453 0.748896 -0.218375 0.700736 0.560157 
14.637399 -0.455320 -0.117756 -0.117765 1.315995 -0.265508 0.748965 -0.218156 0.700893 0.560043 
14.637362 -0.455041 -0.117699 -0.117865 1.315960 -0.265714 0.749082 -0.217972 0.701111 0.559958 
14.637316 -0.454724 -0.117737 -0.117937 1.316042 -0.265837 0.749194 -0.217782 0.701352 0.559926 
14.637291 -0.454450 -0.117705 -0.118038 1.316060 -0.266046 0.749320 -0.217605 0.701590 0.559867 
14.637118 -0.454108 -0.117677 -0.118076 1.315962 -0.266001 0.749354 -0.217379 0.701713 0.559766 
14.637060 -0.453863 -0.117559 -0.118188 1.315852 -0.266215 0.749459 -0.217199 0.701901 0.559657 
14.637069 -0.454146 -0.117797 -0.118218 1.315922 -0.266014 0.749244 -0.217410 0.701793 0.559769 
14.637060 -0.454047 -0.118013 -0.118143 1.316261 -0.265834 0.749263 -0.217391 0.701871 0.559918 
14.636904 -0.454223 -0.117821 -0.118227 1.316004 -0.266093 0.749314 -0.217379 0.701742 0.559704 
14.637056 -0.453832 -0.117757 -0.118332 1.315883 -0.266154 0.749317 -0.217230 0.702048 0.559728 
14.636864 -0.453634 -0.117747 -0.118444 1.315938 -0.266366 0.749461 -0.217033 0.702224 0.559620 
14.636970 -0.453427 -0.117821 -0.118530 1.315922 -0.266528 0.749369 -0.216666 0.702184 0.559619 
14.636902 -0.453222 -0.117989 -0.118538 1.315696 -0.266646 0.749591 -0.216645 0.702200 0.559838 
14.637022 -0.453310 -0.118104 -0.118600 1.315577 -0.266514 0.749841 -0.216419 0.702390 0.559704 
14.637094 -0.452973 -0.118187 -0.118772 1.315514 -0.266556 0.750015 -0.216360 0.702500 0.559526 
14.637112 -0.452706 -0.118301 -0.118709 1.315388 -0.266674 0.750092 -0.216224 0.702773 0.559379 
14.637118 -0.452414 -0.118297 -0.118866 1.315288 -0.266712 0.750250 -0.216032 0.703004 0.559339 
14.636950 -0.452664 -0.118319 -0.118681 1.315337 -0.266558 0.750066 -0.216164 0.702697 0.559313 
14.636858 -0.452795 -0.118545 -0.118624 1.315464 -0.266807 0.750197 -0.216185 0.702543 0.559115 
14.636955 -0.452718 -0.118214 -0.118720 1.315167 -0.266646 0.750053 -0.216177 0.702656 0.559240 
14.636978 -0.452704 -0.118670 -0.118840 1.315292 -0.266474 0.749822 -0.216274 0.702776 0.559335 
14.637059 -0.452628 -0.118350 -0.118665 1.315332 -0.266588 0.749992 -0.216009 0.702579 0.559338 
14.637125 -0.452545 -0.118442 -0.118389 1.315425 -0.266348 0.750163 -0.216329 0.702632 0.559301 
14.637022 -0.452778 -0.118298 -0.118702 1.315379 -0.266461 0.750076 -0.216086 0.702763 0.559176 
14.636905 -0.452500 -0.118195 -0.118659 1.315630 -0.266626 0.749792 -0.216237 0.702728 0.559165 
14.636974 -0.452748 -0.118326 -0.118534 1.315322 -0.266646 0.750004 -0.216144 0.702818 0.559371 
14.636678 -0.452714 -0.118407 -0.118624 1.315554 -0.266374 0.750082 -0.215971 0.702690 0.559494 
14.637043 -0.452603 -0.118358 -0.118760 1.315444 -0.266619 0.750162 -0.216140 0.702798 0.559378 
14.637011 -0.452534 -0.118388 -0.118740 1.315404 -0.266619 0.750174 -0.216096 0.702842 0.559330 
14.637099 -0.452475 -0.118449 -0.118594 1.315449 -0.266514 0.750222 -0.216179 0.702809 0.559325 
14.637034 -0.452502 -0.118331 -0.118754 1.315372 -0.266557 0.750141 -0.216091 0.702881 0.559380 
14.637048 -0.452522 -0.118507 -0.118834 1.315350 -0.266515 0.750019 -0.216146 0.702920 0.559391 
14.637023 -0.452545 -0.118368 -0.118755 1.315320 -0.266526 0.750207 -0.216059 0.702873 0.559429 
14.636887 -0.452542 -0.118389 -0.118724 1.315469 -0.266450 0.750171 -0.215979 0.702875 0.559492 
14.637026 -0.452482 -0.118348 -0.118790 1.315305 -0.266531 0.750241 -0.216032 0.702921 0.559430 
14.637003 -0.452418 -0.118343 -0.118794 1.315266 -0.266528 0.750258 -0.215997 0.702961 0.559402 
14.637044 -0.452469 -0.118353 -0.118799 1.315305 -0.266529 0.750233 -0.216004 0.702889 0.559430 
14.637032 -0.452489 -0.118332 -0.118853 1.315342 -0.266510 0.750274 -0.216075 0.702893 0.559441 
14.637041 -0.452504 -0.118344 -0.118795 1.315314 -0.266512 0.750245 -0.216015 0.702936 0.559402 
14.637090 -0.452521 -0.118354 -0.118772 1.315342 -0.266557 0.750237 -0.215992 0.702972 0.559449 
14.637058 -0.452483 -0.118360 -0.118769 1.315324 -0.266492 0.750260 -0.216028 0.702936 0.559399 
14.637021 -0.452492 -0.118357 -0.118736 1.315268 -0.266521 0.750213 -0.215976 0.702956 0.559377 
14.637043 -0.452501 -0.118381 -0.118816 1.315310 -0.266506 0.750225 -0.216022 0.702950 0.559403 
14.637062 -0.452516 -0.118331 -0.118854 1.315361 -0.266503 0.750277 -0.216053 0.702917 0.559428 
14.637013 -0.452499 -0.118348 -0.118791 1.315345 -0.266498 0.750241 -0.215996 0.702940 0.559414 
14.637062 -0.452516 -0.118331 -0.118854 1.315361 -0.266503 0.750277 -0.216053 0.702917 0.559428 
14.637032 -0.452505 -0.118365 -0.118796 1.315326 -0.266541 0.750267 -0.216011 0.702930 0.559380 
14.637052 -0.452517 -0.118352 -0.118855 1.315372 -0.266532 0.750299 -0.216050 0.702910 0.559406 
14.637042 -0.452525 -0.118328 -0.118804 1.315306 -0.266532 0.750263 -0.216007 0.702928 0.559369 
14.637011 -0.452466 -0.118438 -0.118780 1.315364 -0.266558 0.750274 -0.216020 0.702932 0.559404 
