Start Optimization 
11.724246 -0.067037 -0.136524 -0.233990 0.065150 -0.197838 0.174811 0.631294 -0.041701 0.509571 
12.724246 -0.067037 -0.136524 -0.233990 0.065150 -0.197838 0.174811 0.631294 -0.041701 0.509571 
11.724246 0.932963 -0.136524 -0.233990 0.065150 -0.197838 0.174811 0.631294 -0.041701 0.509571 
11.724246 -0.067037 0.863476 -0.233990 0.065150 -0.197838 0.174811 0.631294 -0.041701 0.509571 
11.724246 -0.067037 -0.136524 0.766010 0.065150 -0.197838 0.174811 0.631294 -0.041701 0.509571 
11.724246 -0.067037 -0.136524 -0.233990 1.065150 -0.197838 0.174811 0.631294 -0.041701 0.509571 
11.724246 -0.067037 -0.136524 -0.233990 0.065150 0.802162 0.174811 0.631294 -0.041701 0.509571 
11.724246 -0.067037 -0.136524 -0.233990 0.065150 -0.197838 1.174811 0.631294 -0.041701 0.509571 
11.724246 -0.067037 -0.136524 -0.233990 0.065150 -0.197838 0.174811 1.631294 -0.041701 0.509571 
11.724246 -0.067037 -0.136524 -0.233990 0.065150 -0.197838 0.174811 1.631294 0.958299 0.509571 
11.724246 -0.067037 -0.136524 -0.233990 0.065150 -0.197838 0.174811 1.631294 -0.041701 1.509571 
11.724139 -0.304957 -0.305107 -1.188910 0.059695 -0.217247 0.173374 1.631493 -0.093582 1.510659 
11.724203 -0.162530 -0.204188 0.251605 0.062960 -0.205628 0.174234 1.631374 -0.062524 1.510008 
11.474246 -0.066925 -0.136524 -0.233990 0.065150 -0.197838 0.174811 1.631294 -0.041701 1.509571 
11.474467 0.431955 -0.158303 -0.209649 0.064445 -0.200345 0.174625 1.631320 -0.048403 1.509712 
11.474246 -0.066925 -0.128438 -0.233990 -0.184719 -0.197838 0.174811 1.631294 -0.041701 1.509571 
11.474246 -0.061162 0.362824 -0.215866 0.081325 -0.199705 0.174673 1.631313 -0.046691 1.509676 
11.474246 -0.066925 -0.136524 -0.233990 0.065150 -0.431989 0.174811 1.631294 0.045897 1.509571 
11.474246 -0.065065 -0.139998 -0.228140 0.065043 -0.021825 0.174766 1.631300 0.426241 1.509605 
11.474246 -0.067005 -0.136581 -0.234311 0.065148 -0.197845 -0.075189 1.631294 -0.041718 1.509571 
11.474183 -0.169727 -0.323783 -0.685177 0.059219 -0.184020 0.175787 1.631442 -0.065530 1.510378 
11.474246 -0.066943 -0.136537 -0.233899 0.065150 -0.197839 0.174811 1.881294 -0.041705 1.509571 
11.474172 -0.199132 -0.330371 0.206377 0.058990 -0.189184 0.174613 1.629107 -0.071767 1.510277 
11.474220 -0.109781 -0.216636 -0.466585 0.062614 -0.191680 0.175281 1.630375 -0.051660 1.509922 
11.474246 -0.066972 -0.136557 -0.233781 0.065149 -0.197842 0.174811 1.631294 -0.041711 1.634571 
11.474191 -0.164051 -0.285779 -0.059905 0.060411 -0.190152 0.174878 1.629605 -0.063873 1.634397 
11.474298 0.054480 -0.164952 -0.226951 0.064247 -0.196493 0.174811 1.631000 -0.046038 1.634633 
11.474246 -0.067126 -0.129513 -0.234267 0.065377 -0.219601 0.174814 1.631293 -0.099874 1.634568 
11.474241 -0.064375 -0.005700 -0.224743 0.069430 -0.208583 0.174887 1.630475 -0.092220 1.634687 
11.474243 -0.059778 -0.001115 -0.286897 0.069578 -0.208234 0.174964 1.630498 -0.091288 1.634794 
11.474174 -0.164723 -0.003273 -0.156832 0.069680 -0.185819 0.175258 1.627385 -0.112456 1.634905 
11.474241 -0.064371 -0.005697 -0.224766 0.069430 -0.214847 0.174887 1.568333 -0.089876 1.634687 
11.474227 -0.083675 0.002612 -0.207529 0.069740 -0.322786 0.174971 1.643795 -0.051387 1.634741 
11.474241 -0.064078 -0.005751 -0.224648 0.069428 -0.208579 0.237386 1.630474 -0.092226 1.634687 
11.474255 0.019443 -0.008004 -0.136819 0.069542 -0.188619 0.173743 1.628883 -0.113691 1.634973 
11.474241 -0.064366 -0.007734 -0.224886 0.131896 -0.208585 0.174887 1.630475 -0.092220 1.634687 
11.474198 -0.121973 0.006385 -0.333821 0.133458 -0.197377 0.174904 1.629884 -0.102779 1.635139 
11.411741 -0.064339 -0.007734 -0.224883 0.131896 -0.208642 0.174887 1.630481 -0.092199 1.634687 
11.411835 -0.078236 -0.001361 -0.197091 0.132349 -0.321440 0.174869 1.643529 -0.050664 1.634676 
11.411742 -0.063582 -0.004668 -0.227804 0.118175 -0.190003 0.161086 1.644308 -0.044035 1.660195 
11.411707 -0.076358 -0.042664 -0.191505 0.176409 -0.171732 0.220180 1.584450 -0.007056 1.683280 
11.411684 0.017790 -0.003513 -0.139425 0.103784 -0.170580 0.145076 1.657630 -0.057196 1.659983 
11.411639 -0.095293 -0.000123 -0.280611 0.123531 -0.186688 0.165667 1.639920 -0.042846 1.663389 
11.411749 -0.063462 -0.003204 -0.227040 0.118348 -0.200963 0.161209 1.644897 -0.054392 1.687509 
11.411783 -0.073630 -0.002046 -0.217643 0.119069 -0.242861 0.161748 1.650061 -0.017224 1.648030 
11.411734 -0.074612 0.022049 -0.217898 0.121116 -0.185211 0.163190 1.641741 -0.044665 1.660246 
11.411709 -0.107270 -0.031824 -0.203539 0.104292 -0.182010 0.148101 1.656337 -0.054105 1.660152 
11.411713 -0.102292 -0.022365 -0.210591 0.089529 -0.186083 0.133049 1.671529 -0.063501 1.654457 
11.411607 -0.068759 -0.064141 -0.169786 0.096708 -0.174577 0.139935 1.663829 -0.055126 1.658433 
11.411709 -0.107456 -0.032216 -0.203949 0.117081 -0.179433 0.160898 1.681660 -0.055068 1.660169 
11.411619 -0.134848 -0.048291 -0.257647 0.118362 -0.178552 0.162159 1.679096 -0.053246 1.660540 
11.411708 -0.107879 -0.032118 -0.203746 0.139244 -0.179242 0.138874 1.681578 -0.055109 1.660182 
11.411603 -0.139334 0.017482 -0.193686 0.119891 -0.163613 0.166291 1.676617 -0.056502 1.659913 
11.411724 -0.114193 -0.030882 -0.199889 0.117382 -0.205640 0.161316 1.684525 -0.041643 1.654055 
11.396094 -0.107456 -0.032244 -0.203922 0.117204 -0.179614 0.161022 1.681538 -0.055493 1.659941 
11.397209 -0.108517 -0.033772 -0.202866 0.124009 -0.188825 0.167959 1.674617 -0.079535 1.647075 
11.396092 -0.113611 -0.035497 -0.200161 0.115304 -0.183002 0.159229 1.683490 -0.061197 1.671205 
11.396108 -0.090447 -0.019843 -0.214793 0.123111 -0.189046 0.166743 1.676701 -0.057123 1.675194 
11.395970 -0.086199 -0.051735 -0.194709 0.112933 -0.174408 0.158937 1.684326 -0.055729 1.658411 
11.396033 -0.113267 -0.019821 -0.199676 0.117573 -0.173823 0.162520 1.680243 -0.055969 1.659509 
11.396092 -0.108849 -0.034694 -0.202456 0.120897 -0.178592 0.164787 1.677730 -0.053137 1.661365 
11.396045 -0.114028 -0.035232 -0.217671 0.116666 -0.178024 0.161043 1.681344 -0.055495 1.659557 
11.395947 -0.115141 -0.043415 -0.230066 0.114404 -0.174240 0.160176 1.682257 -0.055837 1.658477 
11.395908 -0.121476 -0.044178 -0.235384 0.113880 -0.185170 0.160330 1.683689 -0.049413 1.655003 
11.395949 -0.113018 -0.041954 -0.231408 0.110263 -0.175423 0.165678 1.681695 -0.056040 1.660323 
11.395938 -0.108885 -0.038710 -0.237583 0.122202 -0.176403 0.157062 1.680063 -0.057237 1.665141 
11.395958 -0.115199 -0.043528 -0.230157 0.117669 -0.173691 0.163443 1.688511 -0.056325 1.658349 
11.396492 -0.116613 -0.044844 -0.230750 0.117009 -0.177630 0.163361 1.678365 -0.068051 1.651663 
11.395944 -0.112800 -0.040521 -0.231422 0.115359 -0.171990 0.161199 1.681179 -0.053143 1.653009 
11.395840 -0.125954 -0.039280 -0.231812 0.111275 -0.165089 0.160388 1.682613 -0.058896 1.660479 
11.388139 -0.115123 -0.043411 -0.230035 0.114449 -0.174338 0.160219 1.682214 -0.056061 1.658356 
11.388212 -0.109422 -0.044076 -0.229558 0.106297 -0.175038 0.152866 1.689927 -0.060518 1.655098 
11.390975 -0.109114 -0.049732 -0.227439 0.106168 -0.173946 0.150179 1.687818 -0.059321 1.656684 
11.387044 -0.103261 -0.060762 -0.223722 0.105330 -0.170453 0.156021 1.689474 -0.059272 1.653654 
11.387302 -0.098771 -0.062045 -0.226572 0.108265 -0.170252 0.153479 1.688758 -0.060872 1.657238 
11.387323 -0.099210 -0.061235 -0.226040 0.107821 -0.166909 0.153554 1.688538 -0.062304 1.658045 
11.388405 -0.102571 -0.065725 -0.228281 0.106137 -0.164982 0.150071 1.689249 -0.062852 1.660018 
11.389951 -0.103388 -0.068181 -0.223784 0.105839 -0.164335 0.145794 1.689340 -0.064022 1.663416 
11.387783 -0.101956 -0.065129 -0.228277 0.105533 -0.164066 0.149881 1.690481 -0.059789 1.661430 
11.389951 -0.100798 -0.065494 -0.230923 0.105963 -0.160754 0.147408 1.688465 -0.057588 1.656775 
11.393200 -0.099162 -0.065850 -0.233330 0.100905 -0.160966 0.149853 1.685705 -0.057593 1.658403 
11.390443 -0.099251 -0.065795 -0.233297 0.099936 -0.161180 0.148866 1.683329 -0.057409 1.658471 
11.391110 -0.102166 -0.067346 -0.235283 0.103483 -0.159715 0.152141 1.679778 -0.055305 1.660274 
11.390122 -0.100702 -0.070098 -0.234356 0.103274 -0.158843 0.153607 1.680196 -0.055295 1.659513 
11.390108 -0.103607 -0.066088 -0.242300 0.102084 -0.158188 0.152249 1.680955 -0.056463 1.659954 
11.391212 -0.099643 -0.067652 -0.236229 0.105091 -0.159730 0.151001 1.679352 -0.056127 1.662050 
11.395667 -0.104518 -0.067281 -0.235482 0.101493 -0.157945 0.148418 1.676465 -0.054262 1.661571 
11.395212 -0.106372 -0.066006 -0.242417 0.099775 -0.156216 0.148144 1.677261 -0.055240 1.661309 
11.395904 -0.104888 -0.069137 -0.236533 0.101526 -0.160747 0.147518 1.676848 -0.052996 1.661253 
11.397947 -0.102288 -0.062498 -0.234876 0.102110 -0.159121 0.150255 1.672748 -0.052115 1.659558 
11.395025 -0.103913 -0.066681 -0.235454 0.100885 -0.157059 0.148251 1.677716 -0.051220 1.663026 
11.395426 -0.106205 -0.064953 -0.233176 0.099360 -0.158920 0.150235 1.677102 -0.053187 1.668812 
11.393899 -0.106413 -0.065269 -0.234975 0.102847 -0.157419 0.148047 1.678490 -0.050698 1.662235 
11.396609 -0.102369 -0.067221 -0.232523 0.102739 -0.153336 0.143646 1.676086 -0.052401 1.665195 
11.394858 -0.105137 -0.068199 -0.233975 0.100508 -0.155371 0.150048 1.677079 -0.052297 1.661819 
11.394354 -0.102149 -0.066864 -0.236939 0.099228 -0.158563 0.151035 1.678001 -0.044921 1.664674 
11.395002 -0.104492 -0.065434 -0.238602 0.099763 -0.155919 0.148436 1.677808 -0.052073 1.663384 
11.395695 -0.103468 -0.064534 -0.239731 0.099841 -0.154173 0.146236 1.677309 -0.051871 1.665244 
11.393552 -0.104496 -0.065465 -0.238603 0.099257 -0.156101 0.148072 1.676694 -0.051853 1.663381 
11.393367 -0.103890 -0.065219 -0.240228 0.098168 -0.156563 0.149666 1.677040 -0.049118 1.664168 
11.394173 -0.105174 -0.065181 -0.238164 0.097973 -0.156176 0.147329 1.676811 -0.051385 1.662876 
11.392846 -0.103479 -0.063646 -0.237929 0.096625 -0.156484 0.146952 1.678643 -0.052989 1.662401 
11.392301 -0.103966 -0.064894 -0.238194 0.096430 -0.156485 0.146410 1.679648 -0.053012 1.662956 
11.392918 -0.104030 -0.065381 -0.240071 0.095933 -0.158849 0.145143 1.679028 -0.054795 1.662625 
11.392200 -0.103399 -0.065333 -0.238757 0.096810 -0.156012 0.145922 1.679799 -0.052526 1.661503 
11.391583 -0.103970 -0.066031 -0.238405 0.095309 -0.153038 0.146877 1.679704 -0.053857 1.661114 
11.389964 -0.106213 -0.064759 -0.238356 0.095589 -0.150903 0.146823 1.680627 -0.054314 1.660581 
11.391654 -0.103937 -0.066361 -0.237085 0.095993 -0.152995 0.145986 1.679441 -0.054621 1.660919 
11.391416 -0.102295 -0.068023 -0.235375 0.094170 -0.151293 0.146674 1.679466 -0.054434 1.661221 
11.391308 -0.104449 -0.066811 -0.236521 0.095955 -0.153869 0.147085 1.679690 -0.054722 1.659989 
11.392357 -0.104494 -0.067053 -0.238923 0.095120 -0.153237 0.145323 1.678364 -0.057431 1.660392 
11.392212 -0.103936 -0.067329 -0.239562 0.095606 -0.153189 0.144448 1.678596 -0.056902 1.659104 
11.393065 -0.104750 -0.066936 -0.238757 0.094797 -0.153206 0.145159 1.678771 -0.057325 1.660201 
11.393684 -0.104284 -0.067099 -0.239059 0.095913 -0.152774 0.145899 1.679597 -0.057945 1.660421 
11.393107 -0.105223 -0.067648 -0.238892 0.094967 -0.153153 0.145034 1.678802 -0.057049 1.660481 
11.393898 -0.105545 -0.067400 -0.238826 0.095465 -0.152617 0.145526 1.677422 -0.056616 1.660095 
11.393493 -0.104744 -0.067854 -0.238890 0.094971 -0.153804 0.145019 1.678602 -0.056904 1.660699 
11.393028 -0.106090 -0.066784 -0.238925 0.095411 -0.153802 0.144220 1.679013 -0.057293 1.661441 
11.393242 -0.104828 -0.067594 -0.239016 0.094795 -0.152586 0.144612 1.678695 -0.056968 1.660944 
11.393196 -0.104139 -0.068544 -0.238374 0.093702 -0.151737 0.144810 1.678692 -0.057153 1.661131 
11.393158 -0.104043 -0.068358 -0.239670 0.092811 -0.151573 0.145614 1.678931 -0.056467 1.661437 
11.393333 -0.104190 -0.068521 -0.240130 0.092599 -0.151640 0.145441 1.678663 -0.057172 1.661314 
11.393107 -0.103812 -0.068112 -0.239469 0.092176 -0.150909 0.144926 1.679174 -0.056225 1.662928 
11.392971 -0.103050 -0.068234 -0.239680 0.091718 -0.150051 0.143762 1.679569 -0.055575 1.663454 
11.393425 -0.102777 -0.068039 -0.239516 0.091334 -0.148857 0.143373 1.678922 -0.054911 1.664396 
11.393996 -0.102118 -0.068046 -0.239579 0.091530 -0.147624 0.143322 1.679290 -0.054821 1.665554 
11.392780 -0.101491 -0.068186 -0.239777 0.091716 -0.147165 0.143253 1.678402 -0.054679 1.666463 
11.392870 -0.100527 -0.066876 -0.239405 0.090922 -0.146647 0.143014 1.678220 -0.054744 1.666625 
11.393672 -0.099372 -0.066946 -0.239267 0.090558 -0.147501 0.142752 1.677758 -0.054321 1.667326 
11.393578 -0.099193 -0.067496 -0.238852 0.090045 -0.147322 0.143075 1.677810 -0.054464 1.667195 
11.393539 -0.098909 -0.066539 -0.238508 0.089174 -0.146176 0.142564 1.677719 -0.054169 1.667716 
11.392852 -0.098722 -0.066490 -0.238482 0.088814 -0.145130 0.142077 1.677151 -0.053640 1.668830 
11.392190 -0.097681 -0.066326 -0.238779 0.088531 -0.144870 0.141190 1.678261 -0.053719 1.668752 
11.392083 -0.097054 -0.065963 -0.238764 0.088767 -0.144362 0.141936 1.678371 -0.052272 1.668202 
11.392122 -0.097646 -0.066323 -0.237983 0.089004 -0.144889 0.140895 1.678290 -0.053680 1.668724 
11.392659 -0.097186 -0.066308 -0.239872 0.088021 -0.144015 0.140949 1.677497 -0.054273 1.668291 
11.392644 -0.096967 -0.065651 -0.240919 0.087036 -0.143705 0.141628 1.677562 -0.054823 1.668928 
11.392004 -0.097203 -0.065168 -0.241553 0.085673 -0.144153 0.141348 1.676965 -0.054633 1.668499 
11.392454 -0.096667 -0.065245 -0.241488 0.085508 -0.144625 0.141225 1.676766 -0.054419 1.668821 
11.393502 -0.096979 -0.065589 -0.242365 0.084754 -0.144058 0.141049 1.677401 -0.054102 1.669374 
11.392360 -0.096493 -0.065811 -0.241078 0.085010 -0.144465 0.141556 1.676820 -0.054567 1.668680 
11.391757 -0.095722 -0.066934 -0.241858 0.084906 -0.144525 0.142317 1.676531 -0.054981 1.669050 
11.392051 -0.095704 -0.066929 -0.242085 0.084959 -0.144995 0.142584 1.676908 -0.055196 1.668473 
11.392003 -0.094894 -0.066600 -0.241137 0.083982 -0.143767 0.142745 1.676244 -0.055806 1.669301 
11.391743 -0.094616 -0.067276 -0.240794 0.082680 -0.143562 0.142133 1.675455 -0.055669 1.668718 
11.391025 -0.094526 -0.067456 -0.240353 0.082030 -0.144106 0.141437 1.676422 -0.056317 1.669428 
11.392011 -0.095174 -0.067459 -0.240723 0.082680 -0.143810 0.142160 1.675031 -0.056165 1.668928 
11.391546 -0.094804 -0.067317 -0.240126 0.081743 -0.143644 0.143352 1.675145 -0.054837 1.669089 
11.391305 -0.094387 -0.067144 -0.240312 0.083083 -0.143904 0.142193 1.675126 -0.055786 1.668485 
11.392698 -0.094336 -0.068448 -0.240393 0.082672 -0.142504 0.141920 1.675749 -0.055611 1.668905 
11.391285 -0.095087 -0.067352 -0.240748 0.082707 -0.143065 0.142340 1.675661 -0.055914 1.668370 
11.391024 -0.095126 -0.066459 -0.241970 0.081799 -0.142572 0.142175 1.675156 -0.056201 1.668516 
11.391627 -0.094980 -0.066370 -0.242393 0.081088 -0.143241 0.142731 1.675733 -0.056729 1.667346 
11.391966 -0.095202 -0.065762 -0.241880 0.080968 -0.143072 0.142439 1.675820 -0.056680 1.667212 
11.391803 -0.096288 -0.065800 -0.242606 0.080682 -0.143558 0.141726 1.675934 -0.055662 1.666764 
11.392466 -0.094683 -0.065986 -0.242081 0.080911 -0.142762 0.142111 1.675909 -0.056322 1.667174 
11.393013 -0.094523 -0.066135 -0.242193 0.080157 -0.141431 0.142410 1.675869 -0.057322 1.667335 
11.392857 -0.093264 -0.065584 -0.242164 0.079949 -0.140984 0.142251 1.674974 -0.057918 1.666646 
11.393407 -0.092580 -0.064496 -0.242877 0.080452 -0.140525 0.142865 1.675434 -0.058254 1.667078 
11.392702 -0.093204 -0.065631 -0.242277 0.080105 -0.141101 0.141598 1.675377 -0.058447 1.666710 
11.392467 -0.092430 -0.065432 -0.241701 0.078541 -0.141187 0.142363 1.675385 -0.057716 1.667341 
11.393508 -0.092346 -0.065488 -0.241709 0.078137 -0.142023 0.142167 1.674403 -0.058204 1.668125 
11.393689 -0.092030 -0.065797 -0.241061 0.078519 -0.142105 0.142447 1.674593 -0.058401 1.668131 
11.393499 -0.092004 -0.065381 -0.241967 0.076426 -0.141334 0.141975 1.674081 -0.058032 1.667906 
11.393632 -0.091398 -0.064698 -0.242570 0.074998 -0.140628 0.142110 1.674015 -0.057905 1.668058 
11.393312 -0.091153 -0.064936 -0.242760 0.073994 -0.140444 0.140767 1.674376 -0.058660 1.667942 
11.392698 -0.091102 -0.065079 -0.242361 0.073782 -0.139411 0.140169 1.673509 -0.058246 1.668872 
11.391993 -0.090553 -0.066300 -0.243339 0.073456 -0.139450 0.140666 1.673106 -0.058379 1.669054 
11.391677 -0.090998 -0.066131 -0.243181 0.073292 -0.139359 0.141063 1.673011 -0.059006 1.669137 
11.390928 -0.091073 -0.065883 -0.242802 0.071849 -0.139362 0.140776 1.672202 -0.058717 1.668763 
11.391166 -0.092031 -0.066487 -0.242743 0.070569 -0.138853 0.140737 1.672575 -0.058310 1.669282 
11.391580 -0.092485 -0.066753 -0.242981 0.069813 -0.137602 0.140436 1.671779 -0.058591 1.668674 
11.391802 -0.091719 -0.067320 -0.241789 0.068935 -0.136943 0.140767 1.671891 -0.058921 1.668690 
11.391879 -0.091569 -0.067551 -0.241289 0.067380 -0.136146 0.140617 1.671553 -0.059225 1.669138 
11.392148 -0.092467 -0.067473 -0.242230 0.067158 -0.135320 0.140126 1.670710 -0.059302 1.668543 
11.391281 -0.092788 -0.067450 -0.242422 0.066921 -0.133988 0.140090 1.671232 -0.058942 1.667713 
11.391183 -0.093747 -0.068563 -0.241867 0.066892 -0.133892 0.139400 1.670537 -0.059100 1.667125 
11.391175 -0.092866 -0.067411 -0.242196 0.067237 -0.133669 0.140395 1.670761 -0.058486 1.668111 
11.392058 -0.093002 -0.067147 -0.242861 0.066137 -0.133916 0.141270 1.670928 -0.058558 1.666920 
11.391702 -0.092726 -0.067735 -0.243383 0.066059 -0.133985 0.141536 1.670763 -0.058644 1.667050 
11.392162 -0.093095 -0.066309 -0.243730 0.065168 -0.133143 0.140811 1.670583 -0.058744 1.667581 
11.391851 -0.093487 -0.066129 -0.243557 0.065164 -0.133151 0.141266 1.670596 -0.059389 1.667719 
11.391903 -0.092522 -0.066326 -0.242565 0.064145 -0.132582 0.141746 1.671069 -0.059432 1.667920 
11.392914 -0.092163 -0.066858 -0.242443 0.064314 -0.131461 0.142195 1.671819 -0.059893 1.668240 
11.392797 -0.090806 -0.066426 -0.241948 0.064260 -0.130910 0.142360 1.671215 -0.060484 1.667546 
11.392634 -0.090458 -0.065929 -0.242222 0.064525 -0.131063 0.142661 1.671699 -0.060293 1.667713 
11.392662 -0.090449 -0.066768 -0.240977 0.062894 -0.130604 0.142770 1.671774 -0.060160 1.667799 
11.392281 -0.091115 -0.066433 -0.242038 0.064335 -0.130358 0.142364 1.671470 -0.060397 1.667097 
11.392036 -0.091834 -0.066115 -0.241742 0.064374 -0.130318 0.143341 1.671373 -0.061817 1.667349 
11.392142 -0.091761 -0.066155 -0.241976 0.064070 -0.130642 0.143024 1.671841 -0.062268 1.666949 
11.392518 -0.091864 -0.065517 -0.242860 0.063358 -0.129515 0.142621 1.671507 -0.062765 1.667366 
11.393644 -0.092496 -0.064467 -0.242293 0.063334 -0.129288 0.142686 1.671606 -0.062492 1.666603 
11.392348 -0.091877 -0.065297 -0.242387 0.063603 -0.129421 0.142006 1.671732 -0.062948 1.667714 
11.392580 -0.091532 -0.066174 -0.243603 0.063440 -0.128327 0.142495 1.671355 -0.063870 1.667566 
11.391535 -0.091610 -0.065723 -0.244240 0.062665 -0.128231 0.142059 1.670380 -0.064468 1.667545 
11.392679 -0.092060 -0.066192 -0.244097 0.063976 -0.128581 0.142263 1.671250 -0.063860 1.667634 
11.392519 -0.091438 -0.066590 -0.243103 0.062061 -0.127737 0.142910 1.672114 -0.063766 1.668174 
11.392205 -0.090273 -0.065843 -0.243198 0.061747 -0.127300 0.143667 1.673014 -0.063794 1.668518 
11.393163 -0.089441 -0.066049 -0.242703 0.061019 -0.127782 0.143730 1.672456 -0.064245 1.669315 
11.393311 -0.088538 -0.066586 -0.242632 0.060348 -0.127144 0.142902 1.672490 -0.063232 1.668976 
11.393241 -0.088620 -0.066487 -0.242482 0.060584 -0.126718 0.143179 1.671994 -0.062831 1.669411 
11.392770 -0.088347 -0.067245 -0.241177 0.060080 -0.126299 0.143890 1.672025 -0.063274 1.669081 
11.393712 -0.088830 -0.065956 -0.242291 0.060393 -0.126325 0.143162 1.671913 -0.062961 1.669018 
11.394490 -0.089386 -0.065682 -0.243082 0.059655 -0.126067 0.142924 1.672530 -0.062629 1.670039 
11.395615 -0.088847 -0.066078 -0.243584 0.060786 -0.125470 0.142887 1.672848 -0.062952 1.670120 
11.394672 -0.089380 -0.065891 -0.243536 0.059431 -0.126193 0.143545 1.672315 -0.062414 1.669682 
11.395305 -0.089256 -0.065085 -0.243103 0.059635 -0.127199 0.143580 1.672662 -0.061237 1.669699 
11.394377 -0.088781 -0.065380 -0.243734 0.059342 -0.126024 0.143838 1.672569 -0.062520 1.669784 
11.394351 -0.088752 -0.064779 -0.244721 0.058841 -0.126126 0.142951 1.671404 -0.062757 1.669921 
11.393595 -0.089659 -0.065148 -0.244383 0.059736 -0.125344 0.143644 1.673262 -0.061873 1.669148 
11.394531 -0.088814 -0.065584 -0.243347 0.058670 -0.125765 0.144136 1.672711 -0.062715 1.670052 
11.395092 -0.088627 -0.065890 -0.243196 0.058463 -0.125343 0.144378 1.672916 -0.063012 1.670331 
11.395120 -0.089097 -0.065682 -0.243119 0.058469 -0.125548 0.144872 1.672965 -0.063554 1.670649 
11.395168 -0.088605 -0.065893 -0.243254 0.058330 -0.125519 0.144240 1.673153 -0.063221 1.670083 
11.394912 -0.088396 -0.066490 -0.243284 0.057959 -0.125750 0.144295 1.673404 -0.063184 1.670563 
11.394910 -0.088152 -0.066549 -0.243058 0.058016 -0.125922 0.144350 1.673159 -0.063336 1.670489 
11.394831 -0.088566 -0.066615 -0.242948 0.057380 -0.125172 0.144471 1.673655 -0.063124 1.670413 
11.395315 -0.088540 -0.066307 -0.242641 0.056989 -0.125393 0.144538 1.673887 -0.062651 1.670626 
11.395405 -0.088536 -0.066394 -0.242892 0.056865 -0.125459 0.144821 1.673748 -0.062551 1.670452 
11.395547 -0.088568 -0.066266 -0.243211 0.056222 -0.125240 0.144528 1.673330 -0.062754 1.670678 
11.395723 -0.088393 -0.066174 -0.243638 0.055565 -0.124769 0.144645 1.673306 -0.062858 1.670832 
11.396133 -0.088699 -0.066498 -0.243881 0.054973 -0.124436 0.144539 1.673086 -0.062883 1.670911 
11.395774 -0.088841 -0.066249 -0.244161 0.054196 -0.124351 0.144530 1.672896 -0.062751 1.670891 
11.395937 -0.088365 -0.066313 -0.243854 0.053710 -0.124263 0.144710 1.672428 -0.063067 1.670813 
11.396058 -0.087887 -0.066567 -0.244153 0.053245 -0.124492 0.144725 1.672190 -0.063237 1.671262 
11.396390 -0.087746 -0.066381 -0.244338 0.052879 -0.124691 0.144484 1.672386 -0.063708 1.670749 
11.396383 -0.087513 -0.066468 -0.244382 0.052902 -0.124593 0.144235 1.672343 -0.063435 1.670588 
11.396721 -0.087325 -0.066099 -0.244488 0.052681 -0.124189 0.144384 1.671700 -0.063479 1.670670 
11.396789 -0.087191 -0.065966 -0.243955 0.052243 -0.123879 0.144046 1.671950 -0.063546 1.671071 
11.396373 -0.087069 -0.066258 -0.243941 0.052100 -0.123327 0.143837 1.671835 -0.064090 1.671119 
11.396407 -0.086790 -0.066522 -0.243643 0.051468 -0.122908 0.144163 1.672019 -0.064080 1.671126 
11.396378 -0.086773 -0.066790 -0.243094 0.050832 -0.122827 0.143959 1.671693 -0.064193 1.671216 
11.395930 -0.086126 -0.066376 -0.242840 0.050649 -0.122788 0.144115 1.671796 -0.064334 1.671312 
11.396595 -0.086583 -0.066928 -0.242880 0.051089 -0.122846 0.144009 1.671668 -0.064338 1.671206 
11.396367 -0.086923 -0.066764 -0.243445 0.050252 -0.122336 0.143797 1.671979 -0.064103 1.671552 
11.396322 -0.087004 -0.066671 -0.243870 0.049781 -0.121870 0.144116 1.671545 -0.064033 1.671400 
11.396193 -0.087440 -0.066350 -0.243620 0.049623 -0.121262 0.144092 1.671727 -0.063915 1.671028 
11.396342 -0.087345 -0.066289 -0.243733 0.049468 -0.121370 0.143941 1.671831 -0.064101 1.670733 
11.396088 -0.087037 -0.066636 -0.243991 0.049287 -0.121105 0.143630 1.671803 -0.063516 1.670476 
11.395808 -0.087102 -0.066862 -0.244068 0.049360 -0.121027 0.143630 1.671845 -0.063804 1.670428 
11.396027 -0.087296 -0.066640 -0.244305 0.048516 -0.121094 0.144005 1.671935 -0.063355 1.670557 
11.395934 -0.087510 -0.066274 -0.244740 0.048067 -0.120853 0.143671 1.671571 -0.063392 1.670821 
11.396009 -0.087493 -0.066469 -0.244432 0.047841 -0.120822 0.143575 1.671398 -0.063477 1.670855 
11.396478 -0.087271 -0.066788 -0.244343 0.047459 -0.120238 0.143814 1.671401 -0.063616 1.670965 
11.396824 -0.087629 -0.067226 -0.244236 0.047125 -0.120161 0.144029 1.670922 -0.063526 1.670646 
11.396586 -0.087171 -0.067105 -0.243859 0.046596 -0.120026 0.144391 1.670650 -0.063613 1.670503 
11.396678 -0.087125 -0.067392 -0.243386 0.045864 -0.119869 0.144320 1.670857 -0.063602 1.670671 
11.396829 -0.086929 -0.067270 -0.243255 0.045674 -0.119374 0.143938 1.670249 -0.063833 1.670773 
11.396984 -0.086467 -0.067651 -0.243526 0.045492 -0.119807 0.144025 1.669937 -0.063947 1.671172 
11.396992 -0.086415 -0.067696 -0.243659 0.045390 -0.119870 0.143893 1.670049 -0.064249 1.670889 
11.396387 -0.086614 -0.068169 -0.243697 0.045471 -0.119544 0.144070 1.669964 -0.064617 1.671082 
11.397094 -0.086625 -0.067482 -0.243633 0.045318 -0.119964 0.144047 1.670032 -0.064514 1.671058 
11.397522 -0.086374 -0.067575 -0.242982 0.045558 -0.119979 0.144281 1.669979 -0.064893 1.670930 
11.397282 -0.086521 -0.067489 -0.243844 0.045303 -0.119678 0.144256 1.670179 -0.064517 1.671087 
11.397197 -0.086654 -0.067134 -0.244296 0.044582 -0.119570 0.144351 1.670001 -0.064356 1.671074 
11.397498 -0.086990 -0.067358 -0.244353 0.044142 -0.119444 0.143894 1.670353 -0.064299 1.671463 
11.397304 -0.086722 -0.067180 -0.244241 0.044060 -0.119425 0.143847 1.670570 -0.064356 1.671621 
11.397279 -0.086762 -0.066684 -0.244941 0.044127 -0.119340 0.143523 1.670547 -0.064413 1.671929 
11.397189 -0.086835 -0.067235 -0.244393 0.044108 -0.119677 0.144007 1.670848 -0.064225 1.671611 
11.397525 -0.086632 -0.067085 -0.243980 0.043233 -0.119248 0.144160 1.670573 -0.064401 1.671552 
11.398057 -0.086715 -0.067352 -0.243625 0.042947 -0.119100 0.143935 1.670995 -0.064577 1.671873 
11.398046 -0.086522 -0.067601 -0.243759 0.042871 -0.119261 0.144001 1.670833 -0.064681 1.672092 
11.397488 -0.086849 -0.067872 -0.243719 0.042628 -0.118742 0.144184 1.670823 -0.064977 1.672195 
11.397507 -0.086953 -0.067773 -0.243583 0.042708 -0.118705 0.144352 1.670710 -0.064754 1.672512 
11.397345 -0.086634 -0.068073 -0.243566 0.042317 -0.118321 0.144208 1.670658 -0.064123 1.672399 
11.397198 -0.086810 -0.068046 -0.243442 0.042145 -0.118561 0.143949 1.670544 -0.064085 1.672431 
11.397231 -0.086467 -0.067918 -0.243089 0.041834 -0.118207 0.144678 1.670411 -0.064463 1.672265 
11.397446 -0.086575 -0.067895 -0.243657 0.042304 -0.118093 0.143986 1.670409 -0.064242 1.672487 
11.397497 -0.086766 -0.067512 -0.244307 0.041812 -0.117948 0.143994 1.670521 -0.064259 1.672751 
11.397943 -0.087302 -0.067780 -0.244565 0.041682 -0.117829 0.144114 1.670057 -0.064200 1.672498 
11.398209 -0.087345 -0.067916 -0.244388 0.041546 -0.117756 0.143998 1.670269 -0.064288 1.672660 
11.398283 -0.087448 -0.067721 -0.244760 0.041316 -0.117272 0.143594 1.670308 -0.064535 1.673159 
11.398433 -0.087231 -0.067329 -0.244466 0.040689 -0.117181 0.143923 1.670092 -0.064823 1.673086 
11.398696 -0.086727 -0.067599 -0.244763 0.040547 -0.117645 0.143953 1.669796 -0.064885 1.673464 
11.398736 -0.086826 -0.067480 -0.244625 0.040639 -0.117622 0.144111 1.669690 -0.064647 1.673768 
11.399270 -0.086566 -0.067010 -0.244818 0.040457 -0.117775 0.143692 1.669932 -0.064599 1.673229 
11.398616 -0.086566 -0.067752 -0.244755 0.040354 -0.117452 0.143889 1.669776 -0.064568 1.673406 
11.398746 -0.086391 -0.067844 -0.244984 0.040027 -0.117110 0.144554 1.670197 -0.064558 1.673445 
11.398491 -0.086663 -0.067873 -0.244907 0.039197 -0.117365 0.144578 1.670345 -0.064435 1.673573 
11.398459 -0.086490 -0.068031 -0.244500 0.038435 -0.117031 0.144696 1.670228 -0.064508 1.673655 
11.398355 -0.086361 -0.068121 -0.244247 0.037636 -0.116689 0.144885 1.669978 -0.064541 1.673671 
11.398546 -0.086277 -0.068275 -0.243752 0.037138 -0.116578 0.145093 1.670361 -0.064889 1.673936 
11.398644 -0.086644 -0.068340 -0.244336 0.037597 -0.116600 0.144826 1.669900 -0.064524 1.673661 
11.398426 -0.086461 -0.068548 -0.244376 0.037410 -0.116218 0.144174 1.669983 -0.064188 1.673979 
11.398145 -0.086539 -0.068876 -0.244347 0.037530 -0.116218 0.144301 1.669934 -0.064270 1.674050 
11.398613 -0.086258 -0.068753 -0.243933 0.037270 -0.116454 0.144128 1.669926 -0.063608 1.673506 
11.398557 -0.086213 -0.068681 -0.244533 0.037349 -0.116456 0.144189 1.669839 -0.064216 1.674166 
11.398485 -0.086437 -0.068199 -0.245091 0.036809 -0.116337 0.144217 1.669809 -0.064307 1.674363 
11.398736 -0.086015 -0.068174 -0.245405 0.036971 -0.115662 0.144574 1.669853 -0.064290 1.674316 
11.398696 -0.085916 -0.068292 -0.245544 0.036884 -0.115686 0.144414 1.669958 -0.064529 1.674012 
11.398862 -0.085970 -0.067840 -0.245198 0.037016 -0.115411 0.144238 1.669258 -0.064778 1.674430 
11.398922 -0.086034 -0.067780 -0.245305 0.037276 -0.115449 0.144132 1.669509 -0.064953 1.674635 
11.399215 -0.085853 -0.067394 -0.245226 0.036460 -0.115372 0.144073 1.669039 -0.064369 1.674180 
11.398909 -0.085953 -0.067406 -0.245431 0.035850 -0.115109 0.144231 1.668466 -0.064253 1.674159 
11.399114 -0.085442 -0.067752 -0.245556 0.035600 -0.115405 0.144256 1.667903 -0.064130 1.674338 
11.399295 -0.085335 -0.067887 -0.245110 0.034972 -0.115260 0.144465 1.668166 -0.064434 1.674603 
11.398797 -0.084743 -0.067494 -0.244866 0.034682 -0.115338 0.144640 1.668238 -0.064504 1.674704 
11.399052 -0.084802 -0.067340 -0.244709 0.034265 -0.115527 0.145309 1.668051 -0.064856 1.674561 
11.399104 -0.084626 -0.067564 -0.244200 0.033572 -0.115195 0.145370 1.667951 -0.064857 1.674647 
11.399223 -0.084527 -0.067533 -0.244255 0.032789 -0.115037 0.145366 1.668019 -0.065055 1.675140 
11.399728 -0.083949 -0.067732 -0.243995 0.032489 -0.115284 0.145309 1.668001 -0.065121 1.675454 
11.399316 -0.084333 -0.067541 -0.244384 0.032937 -0.114691 0.145529 1.668011 -0.065137 1.675159 
11.398947 -0.084551 -0.067660 -0.244154 0.033013 -0.114543 0.145439 1.667634 -0.065785 1.675484 
11.398963 -0.084658 -0.067582 -0.244024 0.033125 -0.114533 0.145623 1.667570 -0.065544 1.675793 
11.398471 -0.084693 -0.068141 -0.244347 0.032652 -0.114425 0.145871 1.667957 -0.065738 1.675504 
11.398545 -0.084781 -0.068074 -0.244141 0.032734 -0.114379 0.145872 1.668342 -0.065882 1.675526 
11.398283 -0.084932 -0.067733 -0.244456 0.032070 -0.113944 0.145857 1.667698 -0.065611 1.675334 
11.398346 -0.085123 -0.067292 -0.244954 0.031904 -0.114247 0.146329 1.667601 -0.065955 1.675356 
11.398588 -0.085219 -0.067947 -0.244477 0.032045 -0.113881 0.145881 1.667615 -0.065630 1.675273 
11.398464 -0.085448 -0.067955 -0.245084 0.031930 -0.113603 0.145357 1.667679 -0.065477 1.675627 
11.398278 -0.085651 -0.067903 -0.245147 0.032238 -0.113572 0.145376 1.667666 -0.065402 1.675395 
11.398481 -0.085256 -0.068046 -0.244965 0.031144 -0.113291 0.145418 1.667271 -0.065387 1.675605 
11.398593 -0.085300 -0.067889 -0.244641 0.030403 -0.112830 0.145437 1.667449 -0.065507 1.675642 
11.398568 -0.085183 -0.068152 -0.244489 0.029569 -0.112510 0.145618 1.667489 -0.065557 1.675749 
11.398524 -0.085172 -0.068183 -0.244277 0.028758 -0.112044 0.145720 1.667365 -0.065541 1.675670 
11.398467 -0.085285 -0.068363 -0.244275 0.028072 -0.111633 0.145718 1.667798 -0.065653 1.675926 
11.398320 -0.085133 -0.068801 -0.244527 0.027371 -0.111408 0.145730 1.667570 -0.065527 1.676136 
11.398245 -0.085397 -0.068545 -0.244685 0.026851 -0.110806 0.145363 1.667501 -0.065408 1.676176 
11.398361 -0.085892 -0.068592 -0.244788 0.026336 -0.110202 0.145183 1.667417 -0.065331 1.676089 
11.398446 -0.085898 -0.067990 -0.245152 0.025773 -0.110187 0.145288 1.667322 -0.065584 1.676312 
11.398383 -0.085652 -0.068090 -0.245139 0.025579 -0.110059 0.144688 1.667264 -0.066216 1.676065 
11.398231 -0.085888 -0.068091 -0.244974 0.025442 -0.110355 0.144550 1.667213 -0.066196 1.676126 
11.398475 -0.085667 -0.067979 -0.245096 0.025038 -0.110536 0.144227 1.667576 -0.065713 1.675735 
11.398804 -0.085598 -0.067989 -0.244924 0.025041 -0.110532 0.144089 1.667488 -0.065676 1.675995 
11.398441 -0.085473 -0.067721 -0.244695 0.024643 -0.110027 0.143755 1.667480 -0.065460 1.676327 
11.398348 -0.085675 -0.067807 -0.245280 0.024715 -0.109941 0.143251 1.667708 -0.065384 1.676808 
11.398377 -0.085324 -0.067905 -0.244852 0.024538 -0.110084 0.143763 1.667130 -0.065329 1.676334 
11.398423 -0.085480 -0.067322 -0.244770 0.024704 -0.109889 0.143431 1.666598 -0.065146 1.676039 
11.398522 -0.085627 -0.068084 -0.244860 0.024355 -0.109866 0.143798 1.667093 -0.065324 1.676235 
11.398519 -0.085511 -0.068186 -0.244499 0.023535 -0.109560 0.143909 1.667010 -0.065383 1.676333 
11.398603 -0.085432 -0.068040 -0.244375 0.022669 -0.109389 0.144127 1.666902 -0.065581 1.676498 
11.398548 -0.085222 -0.068267 -0.243725 0.022115 -0.109119 0.144291 1.666813 -0.065547 1.676372 
11.398584 -0.085314 -0.068132 -0.244405 0.022641 -0.109379 0.143824 1.666890 -0.065913 1.676389 
11.398754 -0.085825 -0.068224 -0.244928 0.022234 -0.109079 0.143637 1.666918 -0.065919 1.676689 
11.398598 -0.086036 -0.068254 -0.244791 0.022131 -0.109415 0.143508 1.666867 -0.065898 1.676769 
11.398525 -0.085248 -0.068481 -0.245354 0.022070 -0.109321 0.143707 1.666698 -0.065773 1.677090 
11.398824 -0.085139 -0.068476 -0.245378 0.021951 -0.109483 0.143559 1.666830 -0.065573 1.676962 
11.399159 -0.085289 -0.068654 -0.245136 0.022281 -0.109451 0.143820 1.666311 -0.066043 1.677509 
11.399185 -0.085353 -0.068902 -0.245217 0.022250 -0.109590 0.144075 1.666524 -0.066198 1.677404 
11.399250 -0.085396 -0.068419 -0.245445 0.022132 -0.109635 0.144038 1.665659 -0.066131 1.677013 
11.399190 -0.085208 -0.068320 -0.245129 0.022108 -0.109532 0.143922 1.666445 -0.066237 1.677638 
11.399286 -0.085401 -0.068788 -0.245326 0.023027 -0.109506 0.143473 1.666458 -0.065927 1.677904 
11.399194 -0.085159 -0.069037 -0.244582 0.021725 -0.109089 0.143876 1.666150 -0.065955 1.677580 
11.399281 -0.085168 -0.069273 -0.244458 0.021920 -0.108968 0.143701 1.666166 -0.065852 1.677835 
11.399185 -0.085100 -0.069082 -0.244597 0.021711 -0.109084 0.143726 1.666142 -0.066121 1.677524 
11.399252 -0.085214 -0.068984 -0.244670 0.021607 -0.109132 0.144004 1.665783 -0.065948 1.677346 
11.399320 -0.085144 -0.068665 -0.244633 0.021358 -0.109190 0.144158 1.665777 -0.066117 1.677436 
11.398936 -0.085092 -0.068606 -0.244725 0.021296 -0.109094 0.144321 1.665668 -0.066231 1.677548 
11.398850 -0.084826 -0.068507 -0.244462 0.021438 -0.109244 0.144457 1.665623 -0.066259 1.677416 
11.399010 -0.085005 -0.068583 -0.244782 0.021353 -0.108916 0.144386 1.665699 -0.066249 1.677497 
11.398950 -0.085345 -0.068408 -0.244638 0.021338 -0.108742 0.144417 1.665749 -0.066392 1.677380 
11.398901 -0.085300 -0.068281 -0.244631 0.021313 -0.108686 0.144278 1.665717 -0.066272 1.677363 
11.398871 -0.085339 -0.068171 -0.244860 0.020941 -0.108635 0.144380 1.665841 -0.066283 1.677303 
11.398984 -0.085424 -0.067997 -0.244982 0.020798 -0.108497 0.144414 1.665642 -0.066398 1.677586 
11.398876 -0.085313 -0.068287 -0.244727 0.020818 -0.108542 0.144387 1.665793 -0.066248 1.677309 
11.398806 -0.085444 -0.068438 -0.244882 0.020765 -0.108462 0.144435 1.665514 -0.066141 1.677046 
11.398808 -0.085504 -0.068412 -0.244863 0.020798 -0.108461 0.144571 1.665541 -0.065966 1.677110 
11.398590 -0.085499 -0.068645 -0.244912 0.020627 -0.108204 0.144350 1.665735 -0.066119 1.677099 
11.398422 -0.085341 -0.068601 -0.244713 0.020360 -0.108094 0.144517 1.665781 -0.066160 1.676930 
11.398642 -0.085378 -0.068664 -0.244580 0.020073 -0.107988 0.144463 1.665947 -0.066085 1.676736 
11.398441 -0.085544 -0.068711 -0.244450 0.019829 -0.108266 0.144373 1.665910 -0.066062 1.676804 
11.398403 -0.085448 -0.068619 -0.244466 0.019808 -0.108240 0.144236 1.665871 -0.065925 1.676806 
11.398402 -0.085115 -0.068854 -0.244590 0.019630 -0.108316 0.144330 1.665874 -0.065855 1.676877 
11.398361 -0.085406 -0.068711 -0.244375 0.019935 -0.108307 0.144203 1.665932 -0.065876 1.676699 
11.398379 -0.085503 -0.068464 -0.244421 0.019574 -0.107949 0.144256 1.665695 -0.066014 1.676980 
11.398279 -0.085573 -0.068177 -0.244660 0.019340 -0.107843 0.144319 1.665778 -0.066094 1.676958 
11.398265 -0.085766 -0.068330 -0.244862 0.019305 -0.107655 0.144115 1.665891 -0.066060 1.677170 
11.398239 -0.085854 -0.068375 -0.244913 0.019304 -0.107622 0.144216 1.665795 -0.065913 1.677102 
11.398299 -0.085782 -0.068185 -0.244733 0.019316 -0.107657 0.144313 1.666107 -0.065851 1.677434 
11.398452 -0.085811 -0.068205 -0.244675 0.019196 -0.107632 0.144277 1.666174 -0.065809 1.677340 
11.398714 -0.085892 -0.067964 -0.244770 0.019006 -0.107641 0.144259 1.665975 -0.065853 1.677476 
11.398632 -0.085917 -0.067791 -0.244640 0.018725 -0.107327 0.144261 1.665995 -0.065909 1.677422 
11.398561 -0.085973 -0.067531 -0.244848 0.018533 -0.107308 0.144285 1.666221 -0.065932 1.677250 
11.398532 -0.085986 -0.067826 -0.244581 0.018596 -0.107469 0.144221 1.665977 -0.065896 1.677459 
11.398547 -0.085685 -0.068019 -0.244671 0.018333 -0.107418 0.144350 1.665942 -0.065885 1.677571 
11.398577 -0.085789 -0.068085 -0.244667 0.018325 -0.107420 0.144493 1.665974 -0.066033 1.677579 
11.398619 -0.085751 -0.068202 -0.244382 0.018077 -0.107230 0.144479 1.665820 -0.066049 1.677714 
11.398910 -0.085741 -0.068240 -0.244359 0.017879 -0.107321 0.144466 1.665587 -0.066048 1.677939 
11.398688 -0.085689 -0.068100 -0.244327 0.017897 -0.107250 0.144621 1.665457 -0.066066 1.678284 
11.398683 -0.085782 -0.068187 -0.244421 0.017894 -0.107168 0.144527 1.665533 -0.066036 1.678394 
11.398776 -0.085713 -0.068315 -0.244155 0.017826 -0.107199 0.144666 1.665736 -0.065829 1.678564 
11.398700 -0.085690 -0.068155 -0.244375 0.017909 -0.107209 0.144423 1.665626 -0.066186 1.678456 
11.398574 -0.085707 -0.068480 -0.244350 0.017733 -0.107058 0.144463 1.665252 -0.066128 1.678427 
11.398571 -0.085739 -0.068313 -0.244378 0.017317 -0.106876 0.144476 1.665271 -0.066167 1.678411 
11.398757 -0.085637 -0.068205 -0.244411 0.017195 -0.106480 0.144542 1.665223 -0.066216 1.678410 
11.398756 -0.085858 -0.068022 -0.244256 0.016893 -0.106324 0.144453 1.665138 -0.066258 1.678425 
11.398774 -0.085965 -0.068011 -0.244372 0.016539 -0.106263 0.144660 1.665171 -0.066456 1.678451 
11.398736 -0.085869 -0.067866 -0.244497 0.016125 -0.106176 0.144600 1.665131 -0.066377 1.678476 
11.398430 -0.085858 -0.067834 -0.244450 0.015976 -0.105931 0.144644 1.665302 -0.066415 1.678314 
11.398641 -0.085900 -0.067978 -0.244449 0.015798 -0.105927 0.144502 1.665412 -0.066414 1.677986 
11.398664 -0.085935 -0.068044 -0.244380 0.015763 -0.105913 0.144626 1.665422 -0.066237 1.678004 
11.398739 -0.085754 -0.068080 -0.244119 0.015602 -0.105928 0.144583 1.665656 -0.066332 1.678202 
11.398729 -0.085652 -0.068039 -0.244017 0.015581 -0.105992 0.144666 1.665541 -0.066376 1.678099 
11.398835 -0.085695 -0.067673 -0.244022 0.015497 -0.106022 0.144795 1.665781 -0.066314 1.678027 
11.398950 -0.085623 -0.067657 -0.244034 0.015547 -0.105834 0.144831 1.665746 -0.066332 1.678031 
11.398931 -0.085643 -0.067687 -0.243958 0.015121 -0.105624 0.144873 1.665723 -0.066348 1.678086 
11.398912 -0.085657 -0.067720 -0.243887 0.014694 -0.105415 0.144918 1.665704 -0.066364 1.678140 
11.398891 -0.085677 -0.067751 -0.243812 0.014267 -0.105207 0.144959 1.665682 -0.066380 1.678195 
11.398871 -0.085697 -0.067782 -0.243736 0.013840 -0.105000 0.145001 1.665660 -0.066395 1.678249 
11.398871 -0.085666 -0.067825 -0.243695 0.013427 -0.104763 0.145068 1.665650 -0.066411 1.678300 
11.398754 -0.085890 -0.067804 -0.243508 0.013069 -0.104767 0.144991 1.665597 -0.066417 1.678351 
11.398815 -0.085812 -0.067710 -0.243339 0.012906 -0.104421 0.144846 1.665512 -0.066289 1.678363 
11.398925 -0.086006 -0.067802 -0.243219 0.012843 -0.104212 0.145076 1.665544 -0.066542 1.678375 
11.399090 -0.086029 -0.067877 -0.243229 0.012791 -0.104264 0.144999 1.665559 -0.066534 1.678255 
11.399146 -0.086007 -0.067706 -0.243309 0.012734 -0.104302 0.145140 1.665318 -0.066550 1.678687 
11.399102 -0.085944 -0.067546 -0.243461 0.012665 -0.104265 0.144925 1.665290 -0.066910 1.678669 
11.399091 -0.085844 -0.067504 -0.243363 0.012647 -0.104328 0.145008 1.665171 -0.066952 1.678564 
11.399032 -0.086136 -0.067472 -0.243745 0.012617 -0.104148 0.145009 1.665057 -0.066822 1.678508 
11.399085 -0.086157 -0.067288 -0.243749 0.012585 -0.104170 0.145072 1.665178 -0.066790 1.678471 
11.398980 -0.086075 -0.067457 -0.243944 0.012257 -0.104108 0.145064 1.664988 -0.066925 1.678715 
11.398961 -0.086200 -0.067315 -0.244054 0.012027 -0.104087 0.145005 1.664789 -0.067075 1.678981 
11.399099 -0.085972 -0.067279 -0.244336 0.012034 -0.103896 0.145113 1.664716 -0.067180 1.679130 
11.399119 -0.086073 -0.067348 -0.244352 0.012069 -0.103941 0.145252 1.664758 -0.067321 1.679130 
11.398965 -0.085893 -0.067257 -0.244598 0.012048 -0.104263 0.145057 1.664704 -0.067129 1.679197 
11.399296 -0.085993 -0.067334 -0.244361 0.011966 -0.103960 0.145051 1.664691 -0.067172 1.679070 
11.399223 -0.086028 -0.067385 -0.244368 0.011591 -0.103713 0.144966 1.664734 -0.067269 1.678971 
11.399236 -0.086102 -0.067488 -0.244301 0.011237 -0.103523 0.145095 1.664689 -0.067102 1.679068 
11.399189 -0.086229 -0.067672 -0.244290 0.010978 -0.103243 0.145066 1.664497 -0.067048 1.679069 
11.399223 -0.086379 -0.067577 -0.244285 0.010624 -0.102987 0.145137 1.664492 -0.066955 1.679036 
11.399260 -0.086412 -0.067578 -0.244099 0.010304 -0.102867 0.145054 1.664448 -0.067063 1.679290 
11.399204 -0.086429 -0.067677 -0.244079 0.009862 -0.102753 0.145045 1.664435 -0.067036 1.679411 
11.399164 -0.086497 -0.067765 -0.244035 0.009455 -0.102561 0.144993 1.664358 -0.067048 1.679516 
11.399134 -0.086571 -0.067803 -0.244026 0.009019 -0.102377 0.145013 1.664341 -0.066992 1.679575 
11.399102 -0.086656 -0.067873 -0.243985 0.008615 -0.102167 0.144969 1.664263 -0.066995 1.679663 
11.399081 -0.086743 -0.067889 -0.243984 0.008186 -0.101969 0.145002 1.664250 -0.066926 1.679700 
11.399053 -0.086836 -0.067953 -0.243942 0.007789 -0.101747 0.144957 1.664167 -0.066931 1.679781 
11.399040 -0.086940 -0.067953 -0.243941 0.007372 -0.101531 0.144993 1.664147 -0.066859 1.679802 
11.399014 -0.087041 -0.068016 -0.243894 0.006987 -0.101298 0.144937 1.664052 -0.066873 1.679881 
11.399012 -0.087162 -0.067992 -0.243898 0.006588 -0.101063 0.144983 1.664032 -0.066792 1.679878 
11.398990 -0.087271 -0.068059 -0.243840 0.006226 -0.100817 0.144907 1.663915 -0.066826 1.679959 
11.399000 -0.087418 -0.068015 -0.243841 0.005859 -0.100552 0.144947 1.663877 -0.066751 1.679933 
11.399138 -0.087504 -0.068101 -0.243816 0.005449 -0.100493 0.144931 1.663784 -0.066664 1.680061 
11.399206 -0.087384 -0.068207 -0.243788 0.005118 -0.100214 0.144990 1.663820 -0.066671 1.680182 
11.399129 -0.087375 -0.068340 -0.243810 0.004697 -0.100038 0.144999 1.663808 -0.066637 1.680250 
11.399151 -0.087410 -0.068441 -0.243751 0.004339 -0.099773 0.144947 1.663716 -0.066677 1.680363 
11.399032 -0.087457 -0.068572 -0.243781 0.003916 -0.099638 0.144923 1.663671 -0.066639 1.680411 
11.399142 -0.087496 -0.068561 -0.243776 0.003560 -0.099349 0.145010 1.663676 -0.066561 1.680435 
11.399218 -0.087583 -0.068616 -0.243689 0.003253 -0.099057 0.144940 1.663547 -0.066613 1.680540 
11.399111 -0.087670 -0.068660 -0.243784 0.002838 -0.098972 0.145008 1.663567 -0.066467 1.680488 
11.398963 -0.087814 -0.068780 -0.243786 0.002464 -0.098877 0.144896 1.663434 -0.066468 1.680530 
11.399096 -0.087967 -0.068679 -0.243795 0.002156 -0.098622 0.144989 1.663412 -0.066341 1.680479 
11.399185 -0.088169 -0.068643 -0.243741 0.001848 -0.098358 0.144949 1.663275 -0.066316 1.680495 
11.398973 -0.088279 -0.068818 -0.243725 0.001562 -0.098345 0.144769 1.663115 -0.066385 1.680572 
11.399006 -0.088505 -0.068954 -0.243707 0.001441 -0.098359 0.145065 1.663221 -0.066616 1.680596 
11.398995 -0.088407 -0.068900 -0.243649 0.001394 -0.098406 0.145156 1.663076 -0.066670 1.680513 
11.398980 -0.088422 -0.068945 -0.243315 0.001130 -0.098346 0.145178 1.663214 -0.066515 1.680426 
11.398917 -0.088435 -0.068925 -0.243608 0.001461 -0.098370 0.145267 1.662997 -0.066557 1.680629 
11.399005 -0.088382 -0.068674 -0.243867 0.001073 -0.098345 0.145187 1.663087 -0.066752 1.680669 
11.399146 -0.088357 -0.068785 -0.244169 0.000802 -0.098196 0.145231 1.662982 -0.066738 1.680596 
11.399300 -0.088166 -0.068849 -0.244065 0.000763 -0.097997 0.145168 1.662953 -0.066978 1.680840 
11.399043 -0.088133 -0.068759 -0.244120 0.000780 -0.097661 0.145187 1.663023 -0.067137 1.680711 
11.399133 -0.088284 -0.068668 -0.244070 0.000798 -0.097585 0.145143 1.662927 -0.067144 1.680687 
11.399062 -0.088095 -0.068638 -0.244241 0.000494 -0.097642 0.145123 1.663001 -0.067423 1.680908 
11.399322 -0.087948 -0.068402 -0.244331 0.000483 -0.097537 0.145323 1.663176 -0.067467 1.680947 
11.399058 -0.088026 -0.068582 -0.244376 0.000628 -0.097664 0.145042 1.662912 -0.067427 1.680933 
11.399043 -0.087936 -0.068552 -0.244075 0.000212 -0.097518 0.144919 1.663027 -0.067220 1.680912 
11.398921 -0.087962 -0.068571 -0.243982 0.000014 -0.097347 0.145102 1.662921 -0.067069 1.681191 
11.398904 -0.087819 -0.068603 -0.243735 -0.000301 -0.097281 0.145216 1.662749 -0.067139 1.681122 
11.398902 -0.087792 -0.068715 -0.243525 -0.000681 -0.097103 0.145214 1.662769 -0.067148 1.681190 
11.398828 -0.087522 -0.068606 -0.243495 -0.000813 -0.097013 0.145184 1.662437 -0.067088 1.681271 
11.398667 -0.087501 -0.068380 -0.243161 -0.000776 -0.097135 0.145193 1.662521 -0.067177 1.681406 
11.398680 -0.087530 -0.068553 -0.243535 -0.000799 -0.096873 0.145202 1.662475 -0.067137 1.681175 
11.398571 -0.087651 -0.068395 -0.243654 -0.001090 -0.097025 0.145328 1.662448 -0.066982 1.681019 
11.398400 -0.087370 -0.068580 -0.243660 -0.001110 -0.097108 0.145501 1.662605 -0.066813 1.680947 
11.398452 -0.087735 -0.068509 -0.243599 -0.001064 -0.097072 0.145234 1.662359 -0.066942 1.680985 
11.398721 -0.087754 -0.068263 -0.243491 -0.001072 -0.096825 0.145485 1.662361 -0.066758 1.680822 
11.398673 -0.087831 -0.068307 -0.243517 -0.001046 -0.096798 0.145652 1.662302 -0.066773 1.680947 
11.398715 -0.087878 -0.068211 -0.243613 -0.001303 -0.096767 0.145799 1.662169 -0.067055 1.680774 
11.398676 -0.088001 -0.067996 -0.243839 -0.001566 -0.096581 0.145758 1.662200 -0.066979 1.680886 
11.398645 -0.088003 -0.067722 -0.244108 -0.001363 -0.096703 0.145823 1.662057 -0.066975 1.680791 
11.398596 -0.087898 -0.067882 -0.243717 -0.001600 -0.096590 0.145750 1.662111 -0.066988 1.680960 
11.398521 -0.088104 -0.067724 -0.243488 -0.001701 -0.096665 0.145833 1.662384 -0.067113 1.680983 
11.398623 -0.088130 -0.067728 -0.243485 -0.001794 -0.096833 0.145852 1.662341 -0.067027 1.681026 
11.398842 -0.088078 -0.067771 -0.243327 -0.002038 -0.096631 0.145843 1.662283 -0.067173 1.681215 
11.398794 -0.087855 -0.067876 -0.243254 -0.002375 -0.096518 0.146031 1.662363 -0.067127 1.681224 
11.398687 -0.087917 -0.068034 -0.243081 -0.002731 -0.096389 0.145991 1.662212 -0.067137 1.681239 
11.398721 -0.087811 -0.068072 -0.242943 -0.003118 -0.096221 0.146090 1.662141 -0.067202 1.681331 
11.398713 -0.087849 -0.068058 -0.242962 -0.003366 -0.096551 0.146189 1.662033 -0.066991 1.681307 
11.398738 -0.087924 -0.068048 -0.242895 -0.003298 -0.096462 0.146318 1.661990 -0.066860 1.681331 
11.398540 -0.087879 -0.068247 -0.243047 -0.003348 -0.096621 0.146269 1.662062 -0.067040 1.681694 
11.398696 -0.087871 -0.067970 -0.243034 -0.003423 -0.096479 0.146077 1.662105 -0.066867 1.681374 
11.398733 -0.087733 -0.068129 -0.242789 -0.003512 -0.096497 0.145848 1.662264 -0.066659 1.681436 
11.398682 -0.088002 -0.067926 -0.242957 -0.003463 -0.096514 0.146120 1.662266 -0.066927 1.681364 
11.398845 -0.088169 -0.068149 -0.243242 -0.003615 -0.096402 0.146150 1.662348 -0.066908 1.681267 
11.398688 -0.088081 -0.068176 -0.243278 -0.003624 -0.096367 0.146230 1.662427 -0.066861 1.681173 
11.398503 -0.088287 -0.067985 -0.243449 -0.003867 -0.096236 0.146173 1.662314 -0.066923 1.681171 
11.398667 -0.088154 -0.067729 -0.243674 -0.003983 -0.096223 0.146345 1.662458 -0.066949 1.681285 
11.398474 -0.088364 -0.067932 -0.243569 -0.003708 -0.096329 0.146165 1.662317 -0.066907 1.681131 
11.398499 -0.088289 -0.068075 -0.243353 -0.004230 -0.096095 0.145987 1.662439 -0.066797 1.681225 
11.398493 -0.088460 -0.068137 -0.243154 -0.004500 -0.096100 0.146121 1.662601 -0.067009 1.681162 
11.398491 -0.088452 -0.068163 -0.243119 -0.004434 -0.095711 0.146002 1.662743 -0.067218 1.681209 
11.398579 -0.088444 -0.068068 -0.243071 -0.004437 -0.095668 0.145973 1.662725 -0.067182 1.681019 
11.398511 -0.088631 -0.068176 -0.242980 -0.004488 -0.095473 0.146234 1.662702 -0.066974 1.681320 
11.398523 -0.088568 -0.068351 -0.242920 -0.004863 -0.095294 0.146275 1.662547 -0.067020 1.681332 
11.398350 -0.088480 -0.068152 -0.242599 -0.005044 -0.095252 0.146222 1.662540 -0.067020 1.681478 
11.398193 -0.088393 -0.068180 -0.242636 -0.005044 -0.095220 0.146301 1.662619 -0.066972 1.681382 
11.398389 -0.088731 -0.068300 -0.242607 -0.005360 -0.095128 0.146133 1.662691 -0.066940 1.681495 
11.398192 -0.089069 -0.068356 -0.242609 -0.005457 -0.095020 0.146116 1.662489 -0.067054 1.681411 
11.398200 -0.089311 -0.068659 -0.242419 -0.005635 -0.094889 0.146127 1.662472 -0.067091 1.681372 
11.398234 -0.089107 -0.068290 -0.242608 -0.005508 -0.095056 0.146271 1.662565 -0.067188 1.681400 
11.398235 -0.089201 -0.068057 -0.242896 -0.005742 -0.094902 0.146335 1.662528 -0.067206 1.681488 
11.398067 -0.089416 -0.067736 -0.242816 -0.005804 -0.094920 0.146263 1.662715 -0.067184 1.681590 
11.398151 -0.089210 -0.068143 -0.242948 -0.005750 -0.095003 0.146381 1.662523 -0.067208 1.681661 
11.398279 -0.089260 -0.067985 -0.242919 -0.005948 -0.095192 0.146433 1.662377 -0.067000 1.681327 
11.398227 -0.089145 -0.067973 -0.242870 -0.006079 -0.095227 0.146335 1.662349 -0.067112 1.681325 
11.398257 -0.089236 -0.068011 -0.243203 -0.006133 -0.095347 0.146172 1.662452 -0.067318 1.681185 
11.398381 -0.089211 -0.067931 -0.242832 -0.006051 -0.095270 0.146264 1.662256 -0.067166 1.681420 
11.398105 -0.089030 -0.067789 -0.242927 -0.006185 -0.095099 0.146547 1.662079 -0.067279 1.681344 
11.398293 -0.088790 -0.067707 -0.242974 -0.006456 -0.095008 0.146649 1.662221 -0.067216 1.681486 
11.398301 -0.088997 -0.067903 -0.242868 -0.006774 -0.094814 0.146702 1.662185 -0.067265 1.681494 
11.398229 -0.088960 -0.067944 -0.242947 -0.007003 -0.094584 0.146506 1.662009 -0.067062 1.681583 
11.398222 -0.088914 -0.068050 -0.242809 -0.007402 -0.094393 0.146552 1.661938 -0.067070 1.681637 
11.398245 -0.088801 -0.068115 -0.242702 -0.007806 -0.094205 0.146598 1.661893 -0.067050 1.681718 
11.398321 -0.089135 -0.068181 -0.242750 -0.007926 -0.094035 0.146691 1.661677 -0.067170 1.681748 
11.398197 -0.089194 -0.068323 -0.242962 -0.008137 -0.094069 0.146538 1.661806 -0.067356 1.681563 
11.398261 -0.089208 -0.068204 -0.242903 -0.008136 -0.093972 0.146486 1.661831 -0.067352 1.681405 
11.398034 -0.089429 -0.067957 -0.242811 -0.008254 -0.094004 0.146447 1.661987 -0.067335 1.681571 
11.398017 -0.089387 -0.067980 -0.242790 -0.008172 -0.093867 0.146384 1.662039 -0.067463 1.681661 
11.397877 -0.089552 -0.068194 -0.242755 -0.008244 -0.093783 0.146600 1.662133 -0.067145 1.681472 
11.398020 -0.089626 -0.068269 -0.242706 -0.008259 -0.093822 0.146497 1.662222 -0.067095 1.681524 
11.397721 -0.089629 -0.068357 -0.242469 -0.008357 -0.093790 0.146451 1.661902 -0.067225 1.681401 
11.397918 -0.089558 -0.068208 -0.242655 -0.008253 -0.093852 0.146737 1.662214 -0.067272 1.681438 
11.398014 -0.089669 -0.068220 -0.242827 -0.008577 -0.093619 0.146884 1.662228 -0.067325 1.681497 
11.398086 -0.089931 -0.068240 -0.243070 -0.008763 -0.093418 0.147029 1.662236 -0.067417 1.681504 
11.398090 -0.089725 -0.068252 -0.243109 -0.009133 -0.093266 0.147089 1.662395 -0.067358 1.681551 
11.398220 -0.089630 -0.068174 -0.242992 -0.009323 -0.093046 0.147296 1.662344 -0.067206 1.681750 
11.398175 -0.089618 -0.068293 -0.242799 -0.009686 -0.092903 0.147264 1.662178 -0.067257 1.681774 
11.398444 -0.089644 -0.068362 -0.242597 -0.009953 -0.092973 0.147292 1.662295 -0.067403 1.681863 
11.398400 -0.089726 -0.068138 -0.242622 -0.010238 -0.093206 0.147329 1.662171 -0.067244 1.681837 
11.398321 -0.089725 -0.068245 -0.242671 -0.010242 -0.093295 0.147377 1.662161 -0.067251 1.682008 
11.398485 -0.089530 -0.068436 -0.242742 -0.010474 -0.093265 0.147476 1.661924 -0.067194 1.681922 
11.398473 -0.089396 -0.068286 -0.242740 -0.010754 -0.093102 0.147372 1.661783 -0.067358 1.682111 
11.398385 -0.089331 -0.068261 -0.242608 -0.011143 -0.092903 0.147402 1.661717 -0.067388 1.682216 
11.398594 -0.089198 -0.068142 -0.242582 -0.011470 -0.092874 0.147451 1.661770 -0.067519 1.682395 
11.398782 -0.089405 -0.068101 -0.242587 -0.011694 -0.092713 0.147446 1.661564 -0.067600 1.682580 
11.398779 -0.089486 -0.068200 -0.242818 -0.011992 -0.092679 0.147222 1.661681 -0.067711 1.682530 
11.398737 -0.089517 -0.068151 -0.242818 -0.012200 -0.092697 0.147372 1.661555 -0.068094 1.682468 
11.398848 -0.089453 -0.068126 -0.242710 -0.012547 -0.092662 0.147192 1.661417 -0.068205 1.682625 
11.398920 -0.089380 -0.068002 -0.242818 -0.012899 -0.092481 0.147180 1.661317 -0.068268 1.682798 
11.399109 -0.089361 -0.068093 -0.242802 -0.013312 -0.092385 0.147257 1.661248 -0.068275 1.682860 
11.399206 -0.089378 -0.068189 -0.242803 -0.013714 -0.092342 0.147334 1.661213 -0.068316 1.683077 
11.399359 -0.089346 -0.068223 -0.242762 -0.014116 -0.092254 0.147439 1.661098 -0.068394 1.683182 
11.399476 -0.089316 -0.068230 -0.242774 -0.014524 -0.092149 0.147507 1.661005 -0.068464 1.683351 
11.399593 -0.089287 -0.068247 -0.242747 -0.014929 -0.092071 0.147557 1.660900 -0.068553 1.683526 
11.399674 -0.089256 -0.068204 -0.242918 -0.015289 -0.091885 0.147651 1.660872 -0.068545 1.683688 
11.399805 -0.089391 -0.068099 -0.242850 -0.015708 -0.091917 0.147677 1.660889 -0.068449 1.683663 
11.400019 -0.089386 -0.068239 -0.242775 -0.016032 -0.091695 0.147679 1.660940 -0.068528 1.683727 
11.400315 -0.089342 -0.068378 -0.242839 -0.016364 -0.091647 0.147687 1.660867 -0.068573 1.683803 
11.400210 -0.089381 -0.068576 -0.242770 -0.016675 -0.091429 0.147673 1.660688 -0.068499 1.683781 
11.400132 -0.089055 -0.068647 -0.242691 -0.016972 -0.091419 0.147716 1.660836 -0.068483 1.683736 
11.400198 -0.088991 -0.068621 -0.242599 -0.016922 -0.091385 0.147729 1.660800 -0.068316 1.683831 
11.400179 -0.089281 -0.068720 -0.242666 -0.017247 -0.091230 0.147851 1.660776 -0.068692 1.683789 
11.400161 -0.089374 -0.068678 -0.242671 -0.017460 -0.091122 0.147499 1.660742 -0.068838 1.683945 
11.400137 -0.089490 -0.068709 -0.243002 -0.017576 -0.090911 0.147491 1.660921 -0.068697 1.684008 
11.400245 -0.089425 -0.068489 -0.243102 -0.017648 -0.090628 0.147445 1.660788 -0.068760 1.683773 
11.400276 -0.089535 -0.068414 -0.243040 -0.017738 -0.090710 0.147422 1.660844 -0.068664 1.683676 
11.400380 -0.089719 -0.068677 -0.243108 -0.017924 -0.090493 0.147264 1.660895 -0.068748 1.683618 
11.400313 -0.089856 -0.068675 -0.243351 -0.018250 -0.090482 0.147254 1.660703 -0.068786 1.683721 
11.399993 -0.090039 -0.068612 -0.243279 -0.018329 -0.090211 0.147235 1.660793 -0.068847 1.683745 
11.400147 -0.090152 -0.068468 -0.243368 -0.018476 -0.090099 0.147240 1.661036 -0.069080 1.683906 
11.400111 -0.089986 -0.068502 -0.243324 -0.018622 -0.090093 0.147262 1.661108 -0.069064 1.683888 
11.400234 -0.089948 -0.068510 -0.243156 -0.018758 -0.089860 0.147279 1.661029 -0.068810 1.684112 
11.400167 -0.089781 -0.068564 -0.243169 -0.019019 -0.089661 0.147060 1.661098 -0.068617 1.684184 
11.400159 -0.089720 -0.068715 -0.243156 -0.019285 -0.089423 0.147301 1.661146 -0.068467 1.684145 
11.400158 -0.089633 -0.068812 -0.242885 -0.019613 -0.089272 0.147302 1.661029 -0.068529 1.684167 
11.400136 -0.089661 -0.068638 -0.242679 -0.019957 -0.089291 0.147355 1.661056 -0.068336 1.684098 
11.400028 -0.089703 -0.068919 -0.242526 -0.020143 -0.089376 0.147394 1.661162 -0.068274 1.684351 
11.400060 -0.089630 -0.068575 -0.242794 -0.020024 -0.089330 0.147410 1.660928 -0.068358 1.684198 
11.400028 -0.089348 -0.068424 -0.242732 -0.020153 -0.089041 0.147505 1.660787 -0.068391 1.684203 
11.400369 -0.089211 -0.068500 -0.242850 -0.020368 -0.089101 0.147483 1.660620 -0.068354 1.684143 
11.400448 -0.089275 -0.068427 -0.242897 -0.020435 -0.089045 0.147484 1.660738 -0.068471 1.684224 
11.400415 -0.089532 -0.068429 -0.242969 -0.020602 -0.088771 0.147402 1.660510 -0.068467 1.684159 
11.400227 -0.089443 -0.068477 -0.243096 -0.020830 -0.088806 0.147373 1.660578 -0.068682 1.683890 
11.400259 -0.089502 -0.068516 -0.243084 -0.020814 -0.088803 0.147595 1.660563 -0.068715 1.683836 
11.400305 -0.089539 -0.068332 -0.242878 -0.020929 -0.088867 0.147554 1.660305 -0.068985 1.683827 
11.400319 -0.089521 -0.068036 -0.243040 -0.021196 -0.088708 0.147629 1.660172 -0.068948 1.683775 
11.400357 -0.089416 -0.068092 -0.243257 -0.021173 -0.088464 0.147620 1.659961 -0.069206 1.683837 
11.400268 -0.089414 -0.068166 -0.243265 -0.021287 -0.088522 0.147668 1.659926 -0.069195 1.683999 
11.400284 -0.089387 -0.068282 -0.243083 -0.021663 -0.088311 0.147688 1.659917 -0.069208 1.684065 
11.400299 -0.089377 -0.068398 -0.242914 -0.022051 -0.088112 0.147706 1.659899 -0.069225 1.684135 
11.400286 -0.089402 -0.068525 -0.242795 -0.022464 -0.087973 0.147733 1.659854 -0.069244 1.684255 
11.400324 -0.089351 -0.068637 -0.242631 -0.022810 -0.087708 0.147743 1.659827 -0.069294 1.684297 
11.400209 -0.089420 -0.068763 -0.242768 -0.023081 -0.087776 0.147799 1.659669 -0.069366 1.684569 
11.400143 -0.089460 -0.068484 -0.242776 -0.023384 -0.087827 0.147906 1.659675 -0.069145 1.684567 
11.400190 -0.089663 -0.068411 -0.242516 -0.023573 -0.088046 0.147830 1.659557 -0.069278 1.684541 
11.400012 -0.089714 -0.068379 -0.242425 -0.023516 -0.087992 0.147899 1.659598 -0.069321 1.684582 
11.400309 -0.089835 -0.068563 -0.242545 -0.023625 -0.088072 0.148217 1.659585 -0.069257 1.684414 
11.400269 -0.089747 -0.068338 -0.242575 -0.023589 -0.088008 0.147811 1.659701 -0.069371 1.684615 
11.399977 -0.089687 -0.068541 -0.242647 -0.023790 -0.088123 0.147701 1.659743 -0.069308 1.684310 
11.399968 -0.089852 -0.068545 -0.242694 -0.023766 -0.088018 0.147626 1.659660 -0.069242 1.684274 
11.399977 -0.089927 -0.068700 -0.242576 -0.023894 -0.088086 0.147557 1.659814 -0.068928 1.684490 
11.400009 -0.089793 -0.068585 -0.242603 -0.023879 -0.087844 0.147622 1.659658 -0.069278 1.684254 
11.399977 -0.089720 -0.068487 -0.242652 -0.024288 -0.087676 0.147667 1.659512 -0.069287 1.684281 
11.399991 -0.089636 -0.068318 -0.242616 -0.024670 -0.087483 0.147693 1.659439 -0.069234 1.684185 
11.399971 -0.089570 -0.068364 -0.242656 -0.025061 -0.087300 0.147696 1.659268 -0.069337 1.684249 
11.399965 -0.089495 -0.068363 -0.242667 -0.025467 -0.087099 0.147699 1.659119 -0.069407 1.684265 
11.399959 -0.089420 -0.068361 -0.242678 -0.025873 -0.086898 0.147702 1.658970 -0.069477 1.684279 
11.399959 -0.089340 -0.068319 -0.242677 -0.026284 -0.086694 0.147710 1.658836 -0.069518 1.684266 
11.399932 -0.089304 -0.068520 -0.242741 -0.026569 -0.086559 0.147685 1.658651 -0.069710 1.684410 
11.399873 -0.089101 -0.068514 -0.242965 -0.026760 -0.086263 0.147774 1.658638 -0.069609 1.684449 
11.399578 -0.089118 -0.068411 -0.242872 -0.026987 -0.086041 0.147914 1.658606 -0.069665 1.684531 
11.399588 -0.089154 -0.068516 -0.242771 -0.027245 -0.086033 0.147879 1.658699 -0.069372 1.684764 
11.399618 -0.089207 -0.068612 -0.242766 -0.027264 -0.086058 0.148068 1.658664 -0.069332 1.684679 
11.399752 -0.089327 -0.068391 -0.242909 -0.027419 -0.085906 0.147959 1.658930 -0.069543 1.684872 
11.399873 -0.089253 -0.068189 -0.242892 -0.027617 -0.085674 0.148037 1.658748 -0.069569 1.685082 
11.399773 -0.089315 -0.068064 -0.243080 -0.027989 -0.085520 0.147959 1.658679 -0.069573 1.685086 
11.399745 -0.089004 -0.067995 -0.243069 -0.028254 -0.085626 0.148069 1.658810 -0.069715 1.685158 
11.399797 -0.088900 -0.068055 -0.242925 -0.028452 -0.085260 0.148012 1.658927 -0.069803 1.685114 
11.399747 -0.088798 -0.068100 -0.242929 -0.028655 -0.084896 0.148035 1.659025 -0.069913 1.685281 
11.399737 -0.088694 -0.067870 -0.242855 -0.028813 -0.084591 0.148089 1.659216 -0.069813 1.685242 
11.399756 -0.088750 -0.067864 -0.242621 -0.029114 -0.084417 0.148026 1.659219 -0.070033 1.685327 
11.399963 -0.088654 -0.067934 -0.242591 -0.029414 -0.084180 0.147912 1.659236 -0.070164 1.685387 
11.399999 -0.088554 -0.067924 -0.242523 -0.029757 -0.083997 0.147903 1.659286 -0.070362 1.685561 
11.400107 -0.088381 -0.067868 -0.242534 -0.030062 -0.083725 0.147891 1.659396 -0.070429 1.685658 
11.400014 -0.088313 -0.067819 -0.242440 -0.030373 -0.083631 0.147952 1.659444 -0.070656 1.685885 
11.400027 -0.088227 -0.067731 -0.242475 -0.030423 -0.083391 0.147961 1.659357 -0.071021 1.685740 
11.400097 -0.088295 -0.067922 -0.242420 -0.030660 -0.083283 0.148291 1.659301 -0.070979 1.685650 
11.400019 -0.088131 -0.068077 -0.242232 -0.030932 -0.083088 0.148268 1.659136 -0.070903 1.685665 
11.400033 -0.088274 -0.068254 -0.242256 -0.031177 -0.082995 0.148271 1.659453 -0.071019 1.685604 
11.400293 -0.088230 -0.068330 -0.242026 -0.031111 -0.082873 0.148450 1.659588 -0.071129 1.685773 
11.399987 -0.088386 -0.068290 -0.242327 -0.031116 -0.082849 0.148264 1.659412 -0.070996 1.685711 
11.400072 -0.088639 -0.068120 -0.242484 -0.031416 -0.082796 0.148259 1.659278 -0.070960 1.685748 
11.400105 -0.088575 -0.068272 -0.242864 -0.031588 -0.082838 0.148314 1.659177 -0.071021 1.685879 
11.399890 -0.088641 -0.068061 -0.243025 -0.031759 -0.082666 0.148512 1.659252 -0.070907 1.685854 
11.399704 -0.088970 -0.068134 -0.242992 -0.031892 -0.082757 0.148553 1.659066 -0.071070 1.685864 
11.399729 -0.088936 -0.068096 -0.243028 -0.031860 -0.082645 0.148546 1.659010 -0.071224 1.685743 
11.399849 -0.089199 -0.068241 -0.243138 -0.031974 -0.082645 0.148459 1.658986 -0.070825 1.685670 
11.399799 -0.089102 -0.068303 -0.243042 -0.032094 -0.082552 0.148407 1.658903 -0.070789 1.685690 
11.399735 -0.089121 -0.068187 -0.243081 -0.032305 -0.082432 0.148046 1.658905 -0.070827 1.685859 
11.399952 -0.089163 -0.068198 -0.242944 -0.032520 -0.082219 0.148205 1.658806 -0.070849 1.686068 
11.399954 -0.089091 -0.068014 -0.242948 -0.032489 -0.082217 0.148219 1.658398 -0.070707 1.686176 
11.400020 -0.089123 -0.068116 -0.242917 -0.032662 -0.082347 0.148211 1.658810 -0.070862 1.685972 
11.399990 -0.089033 -0.068299 -0.242804 -0.033029 -0.082155 0.148269 1.658742 -0.070851 1.686027 
11.400020 -0.089003 -0.068462 -0.242717 -0.033413 -0.081948 0.148328 1.658681 -0.070833 1.686095 
11.400085 -0.088990 -0.068596 -0.242638 -0.033820 -0.081763 0.148386 1.658623 -0.070816 1.686150 
11.400350 -0.089080 -0.068380 -0.242674 -0.034045 -0.081969 0.148388 1.658651 -0.070825 1.686015 
11.400247 -0.089129 -0.068240 -0.242619 -0.034062 -0.081882 0.148455 1.658716 -0.070756 1.685962 
11.400319 -0.089124 -0.068282 -0.242173 -0.034101 -0.081878 0.148310 1.658663 -0.070767 1.685881 
11.400242 -0.089128 -0.068270 -0.242586 -0.034079 -0.081982 0.148457 1.658790 -0.070588 1.686080 
11.400434 -0.088762 -0.068172 -0.242668 -0.034059 -0.081705 0.148424 1.658839 -0.070646 1.685913 
11.400380 -0.088738 -0.068074 -0.242674 -0.034110 -0.081699 0.148286 1.658881 -0.070735 1.686038 
11.400309 -0.088541 -0.068056 -0.242618 -0.034303 -0.081793 0.148611 1.658889 -0.070907 1.686136 
11.400088 -0.088417 -0.068140 -0.242752 -0.034609 -0.081846 0.148518 1.658832 -0.070822 1.685953 
11.400106 -0.088490 -0.068291 -0.242879 -0.034956 -0.081690 0.148589 1.659036 -0.070873 1.685951 
11.400129 -0.088518 -0.068325 -0.243031 -0.035345 -0.081503 0.148686 1.658950 -0.070821 1.686035 
11.400136 -0.088539 -0.068377 -0.243199 -0.035751 -0.081334 0.148785 1.658930 -0.070792 1.686088 
11.400128 -0.088573 -0.068489 -0.243362 -0.036135 -0.081198 0.148872 1.659081 -0.070827 1.686080 
11.400031 -0.088502 -0.068496 -0.243545 -0.036532 -0.081124 0.148916 1.658946 -0.070742 1.686060 
11.400086 -0.088437 -0.068459 -0.243575 -0.036807 -0.081038 0.149226 1.658896 -0.070841 1.686252 
11.400065 -0.088461 -0.068285 -0.243671 -0.037032 -0.080902 0.149035 1.658934 -0.070955 1.686531 
11.400136 -0.088453 -0.068406 -0.243325 -0.037303 -0.080776 0.148980 1.658858 -0.070948 1.686502 
11.399930 -0.088372 -0.068675 -0.243227 -0.037331 -0.080486 0.149009 1.658796 -0.070925 1.686635 
11.400179 -0.088435 -0.068430 -0.243376 -0.037280 -0.080716 0.148952 1.658765 -0.071129 1.686412 
11.400397 -0.088393 -0.068622 -0.243398 -0.037390 -0.081044 0.148869 1.658798 -0.070950 1.686640 
11.400298 -0.088573 -0.068659 -0.243380 -0.037413 -0.081129 0.148889 1.658738 -0.071007 1.686667 
11.400635 -0.088538 -0.068352 -0.243329 -0.037584 -0.081131 0.148896 1.658813 -0.070928 1.686449 
11.400380 -0.088412 -0.068704 -0.243429 -0.037452 -0.081048 0.148876 1.658996 -0.071017 1.686580 
11.400189 -0.088148 -0.068573 -0.243284 -0.037525 -0.081301 0.148849 1.658996 -0.071168 1.686549 
11.400458 -0.088415 -0.068681 -0.243351 -0.037395 -0.081040 0.149018 1.659039 -0.071113 1.686692 
11.400443 -0.088514 -0.068668 -0.243220 -0.037209 -0.081066 0.148554 1.659114 -0.071063 1.686582 
11.400390 -0.088403 -0.068791 -0.243355 -0.037357 -0.081110 0.148972 1.658980 -0.070947 1.686441 
11.400569 -0.088358 -0.068807 -0.243642 -0.037395 -0.081109 0.148820 1.658827 -0.071322 1.686469 
11.400379 -0.088390 -0.068784 -0.243323 -0.037615 -0.080937 0.148886 1.658957 -0.071005 1.686610 
11.400375 -0.088368 -0.068859 -0.243222 -0.037781 -0.080825 0.148901 1.658921 -0.070986 1.686645 
11.400427 -0.088381 -0.068826 -0.243329 -0.037638 -0.081011 0.148868 1.658965 -0.070964 1.686661 
11.400372 -0.088369 -0.068857 -0.243222 -0.037780 -0.080822 0.148902 1.658921 -0.070988 1.686643 
11.400320 -0.088353 -0.068850 -0.243341 -0.037565 -0.080915 0.148879 1.658954 -0.071009 1.686658 
11.400380 -0.088373 -0.068848 -0.243220 -0.037786 -0.080825 0.148903 1.658922 -0.070987 1.686637 
11.400357 -0.088370 -0.068774 -0.243391 -0.037656 -0.080945 0.148969 1.658941 -0.070983 1.686612 
11.400358 -0.088353 -0.068839 -0.243289 -0.037827 -0.080832 0.148987 1.658906 -0.070966 1.686639 
11.400310 -0.088391 -0.068734 -0.243362 -0.037651 -0.080939 0.148974 1.658998 -0.070908 1.686641 
11.400343 -0.088426 -0.068758 -0.243567 -0.037669 -0.080939 0.148850 1.659041 -0.071007 1.686590 
11.400305 -0.088309 -0.068740 -0.243373 -0.037680 -0.081007 0.148946 1.658955 -0.071024 1.686602 
11.400358 -0.088350 -0.068840 -0.243287 -0.037827 -0.080835 0.148988 1.658902 -0.070969 1.686637 
11.400348 -0.088371 -0.068813 -0.243388 -0.037628 -0.080975 0.148983 1.658960 -0.070956 1.686538 
11.400378 -0.088334 -0.068766 -0.243395 -0.037649 -0.080928 0.148964 1.658952 -0.070971 1.686607 
11.400347 -0.088370 -0.068741 -0.243411 -0.037622 -0.080962 0.148940 1.658873 -0.070946 1.686608 
11.400366 -0.088363 -0.068770 -0.243363 -0.037637 -0.080953 0.148999 1.658930 -0.070987 1.686622 
11.400374 -0.088390 -0.068746 -0.243437 -0.037604 -0.080969 0.148976 1.658984 -0.071016 1.686628 
11.400353 -0.088371 -0.068803 -0.243353 -0.037730 -0.080902 0.148973 1.658927 -0.070981 1.686623 
