Start Optimization 
10.363123 -0.377572 -0.248423 -0.158684 -0.407876 -0.052482 -0.660177 0.952578 -0.619111 0.596102 
11.363123 -0.377572 -0.248423 -0.158684 -0.407876 -0.052482 -0.660177 0.952578 -0.619111 0.596102 
11.363123 0.622428 -0.248423 -0.158684 -0.407876 -0.052482 -0.660177 0.952578 -0.619111 0.596102 
11.363123 -0.377572 0.751577 -0.158684 -0.407876 -0.052482 -0.660177 0.952578 -0.619111 0.596102 
11.363123 -0.377572 -0.248423 0.841316 -0.407876 -0.052482 -0.660177 0.952578 -0.619111 0.596102 
11.363123 -0.377572 -0.248423 -0.158684 0.592124 -0.052482 -0.660177 0.952578 -0.619111 0.596102 
11.363123 -0.377572 -0.248423 -0.158684 -0.407876 0.947518 -0.660177 0.952578 -0.619111 0.596102 
11.363123 -0.377572 -0.248423 -0.158684 -0.407876 -0.052482 0.339823 0.952578 -0.619111 0.596102 
11.363123 -0.377572 -0.248423 -0.158684 -0.407876 -0.052482 -0.660177 1.952578 -0.619111 0.596102 
11.363123 -0.377572 -0.248423 -0.158684 -0.407876 -0.052482 -0.660177 0.952578 0.380889 0.596102 
11.363123 -0.377572 -0.248423 -0.158684 -0.407876 -0.052482 -0.660177 0.952578 -0.619111 1.596102 
11.363696 -0.577486 -0.454507 -1.116186 -0.421542 -0.052587 -0.662756 0.942959 -0.640713 1.597327 
11.363337 -0.452262 -0.325418 0.329566 -0.412982 -0.052521 -0.661140 0.948984 -0.627182 1.596560 
11.613122 -0.376855 -0.248423 -0.158684 -0.407876 -0.052482 -0.660177 0.952578 -0.619111 1.596102 
11.611718 0.122148 -0.269226 -0.135163 -0.409256 -0.052493 -0.660437 0.951607 -0.621292 1.596226 
11.613122 -0.376855 -0.231881 -0.158684 -0.657328 -0.052482 -0.660177 0.952578 -0.619111 1.596102 
11.613136 -0.372054 0.249605 -0.133036 -0.372093 -0.052494 -0.660461 0.951519 -0.621489 1.596237 
11.613122 -0.376860 -0.248428 -0.158705 -0.407876 -0.302482 -0.660177 0.952578 -0.619111 1.596102 
11.613629 -0.477429 -0.411317 -0.619772 -0.397220 -0.037698 -0.662385 0.944340 -0.637611 1.597151 
11.613123 -0.377056 -0.248630 -0.157370 -0.407890 -0.052482 -0.910173 0.952578 -0.619111 1.596102 
11.613601 -0.488791 -0.406582 0.303294 -0.402866 -0.041871 -0.908409 0.946628 -0.632473 1.596860 
11.613124 -0.377396 -0.248980 -0.160800 -0.407913 -0.052482 -0.910191 0.702602 -0.619111 1.596102 
11.613587 -0.468311 -0.397456 -0.628832 -0.397917 -0.038808 -0.913579 0.709166 -0.636218 1.597072 
11.613010 -0.337868 -0.250628 -0.158937 -0.408022 -0.052483 -0.910211 0.702525 -0.865954 1.596102 
11.611762 0.113071 -0.291892 -0.139556 -0.406462 -0.049540 -0.910681 0.701664 -0.534636 1.596312 
11.613123 -0.377382 -0.247576 -0.160728 -0.407820 -0.052482 -0.910192 0.702599 -0.619118 1.846098 
11.613198 -0.377013 0.248726 -0.136643 -0.367551 -0.047438 -0.910896 0.701499 -0.612809 1.593061 
11.738006 -0.379427 -0.260636 -0.151175 -0.283536 0.072393 -0.785258 0.702469 -0.619409 1.596119 
11.594425 -0.498542 -0.407644 0.296539 -0.422093 -0.061013 -0.927645 0.696566 -0.614071 1.596400 
11.612080 -0.430973 -0.327385 -0.391899 -0.404309 -0.046817 -0.913170 0.705859 -0.616004 1.596305 
11.612795 -0.381348 -0.124749 -0.168437 -0.397380 -0.051021 -0.910849 0.702512 -0.617235 1.595322 
11.612367 -0.441477 -0.125594 -0.154356 -0.398039 -0.051623 -0.911327 0.702402 -0.626752 1.595326 
11.605263 -0.352514 -0.116802 -0.049027 -0.394180 -0.051550 -0.918385 0.700725 -0.598682 1.594930 
11.594843 -0.382163 -0.129474 -0.171694 -0.343482 -0.068976 -0.928819 0.702561 -0.617373 1.595329 
11.598856 -0.392668 -0.129666 -0.262464 -0.409768 -0.025193 -0.929230 0.703265 -0.544605 1.593601 
11.658916 -0.381250 -0.124784 -0.168216 -0.397383 -0.055166 -0.952824 0.702512 -0.617235 1.595322 
11.702297 -0.380664 -0.123167 -0.170105 -0.398009 -0.157131 -0.895345 0.702487 -0.611267 1.595173 
11.628145 -0.379069 -0.121983 -0.170508 -0.428029 -0.085931 -0.983603 0.702541 -0.627655 1.595318 
11.674716 -0.359008 -0.123280 -0.169875 -0.383213 -0.041689 -0.937360 0.702391 -0.736625 1.594957 
11.658879 -0.381318 -0.125190 -0.168407 -0.397431 -0.055110 -0.952870 0.702515 -0.617070 1.532824 
11.669046 -0.394103 -0.131549 -0.255431 -0.390173 -0.018608 -0.948712 0.703208 -0.537488 1.529903 
11.658854 -0.381315 -0.125264 -0.168848 -0.397427 -0.055112 -0.952901 0.640017 -0.617008 1.532823 
11.656970 -0.352209 -0.117544 -0.049392 -0.390483 -0.052287 -0.955256 0.704054 -0.595047 1.531612 
11.696507 -0.383306 -0.125225 -0.168362 -0.390646 -0.094687 -0.930563 0.702502 -0.605217 1.548185 
11.642346 -0.375152 -0.121746 -0.173103 -0.417687 -0.162940 -0.887916 0.703904 -0.639197 1.483181 
11.704180 -0.378760 -0.126049 -0.176942 -0.382590 -0.068508 -0.938254 0.729155 -0.649052 1.530550 
11.735298 -0.365287 -0.122465 -0.150321 -0.376422 -0.125991 -0.896630 0.642138 -0.657263 1.617296 
11.705233 -0.388709 -0.127577 -0.203971 -0.387840 -0.091704 -0.921221 0.688815 -0.560810 1.564433 
11.696380 -0.384158 -0.094138 -0.169622 -0.387982 -0.094219 -0.930826 0.702613 -0.604657 1.547878 
11.695649 -0.369260 -0.147712 -0.113777 -0.389134 -0.090282 -0.932550 0.706302 -0.591989 1.545355 
11.671117 -0.361349 -0.168023 -0.102018 -0.402933 -0.124877 -0.910357 0.702839 -0.601580 1.518761 
11.689166 -0.394687 -0.148469 -0.111015 -0.391672 -0.086495 -0.936656 0.714703 -0.584375 1.534696 
11.705774 -0.428980 -0.160005 -0.088383 -0.386038 -0.092153 -0.929222 0.695197 -0.608157 1.561974 
11.697624 -0.394166 -0.145992 -0.109484 -0.419854 -0.078681 -0.930366 0.715226 -0.584869 1.535651 
11.679896 -0.393170 -0.158112 -0.106517 -0.409451 -0.104202 -0.987887 0.725757 -0.584827 1.552813 
11.698715 -0.397713 -0.186294 -0.110225 -0.382345 -0.061874 -0.936550 0.717171 -0.543672 1.539012 
11.693001 -0.392438 -0.156088 -0.107711 -0.386918 -0.071600 -0.941386 0.729245 -0.602331 1.525362 
11.699425 -0.394841 -0.148475 -0.111045 -0.391137 -0.090269 -0.941540 0.709762 -0.583405 1.526028 
11.699057 -0.396046 -0.129623 -0.091280 -0.385904 -0.085024 -0.944177 0.712916 -0.570956 1.524550 
11.706089 -0.395451 -0.148055 -0.111962 -0.389968 -0.097337 -0.937559 0.720723 -0.581566 1.528792 
11.706140 -0.410876 -0.138848 -0.136614 -0.387225 -0.093844 -0.939646 0.720466 -0.576933 1.529532 
11.701479 -0.396357 -0.140104 -0.111654 -0.392355 -0.104563 -0.936287 0.720918 -0.590560 1.524512 
11.699960 -0.399500 -0.169992 -0.110285 -0.390662 -0.100963 -0.929836 0.720483 -0.564242 1.520725 
11.710514 -0.401512 -0.148264 -0.108974 -0.385637 -0.095125 -0.927062 0.715436 -0.585484 1.530093 
11.714718 -0.415535 -0.158814 -0.100990 -0.387948 -0.100615 -0.942086 0.711967 -0.588074 1.547621 
11.715209 -0.397878 -0.151584 -0.108447 -0.383586 -0.088828 -0.932136 0.726374 -0.588261 1.529283 
11.704193 -0.416216 -0.158505 -0.108430 -0.380309 -0.082135 -0.919271 0.705236 -0.595448 1.517680 
11.706753 -0.409102 -0.163393 -0.111972 -0.375851 -0.079504 -0.914870 0.696295 -0.593930 1.522384 
11.702253 -0.416450 -0.157222 -0.106845 -0.373467 -0.083377 -0.920939 0.705428 -0.594122 1.517324 
11.703717 -0.419891 -0.151727 -0.099142 -0.375197 -0.076274 -0.918971 0.703473 -0.585222 1.516799 
11.698932 -0.421692 -0.146778 -0.088948 -0.377146 -0.080621 -0.913785 0.701196 -0.585726 1.510919 
11.704978 -0.419689 -0.146611 -0.099202 -0.374623 -0.074378 -0.919960 0.701696 -0.589928 1.518539 
11.703702 -0.427992 -0.147830 -0.110001 -0.373986 -0.074371 -0.919751 0.704315 -0.578977 1.516766 
11.705389 -0.438738 -0.151094 -0.110391 -0.374247 -0.075019 -0.926288 0.701897 -0.576450 1.524484 
11.708797 -0.443919 -0.150876 -0.117261 -0.371142 -0.066835 -0.929501 0.708945 -0.571906 1.523412 
11.710554 -0.438700 -0.151147 -0.110454 -0.373930 -0.076886 -0.928685 0.699321 -0.575932 1.520229 
11.705732 -0.436618 -0.151807 -0.116646 -0.371285 -0.074403 -0.921552 0.691415 -0.570588 1.529391 
11.709194 -0.440933 -0.150928 -0.109570 -0.372409 -0.077105 -0.921153 0.703960 -0.577315 1.525874 
11.699565 -0.447311 -0.144401 -0.112396 -0.377838 -0.082126 -0.925069 0.700093 -0.573816 1.520901 
11.703649 -0.441837 -0.154649 -0.109208 -0.373145 -0.072141 -0.924106 0.699593 -0.578332 1.521128 
11.703293 -0.440728 -0.161341 -0.101911 -0.375579 -0.073572 -0.922893 0.701920 -0.566956 1.520440 
11.701167 -0.440443 -0.160984 -0.100727 -0.368726 -0.075603 -0.924636 0.702370 -0.566319 1.520028 
11.701972 -0.439285 -0.172451 -0.108883 -0.377036 -0.080747 -0.923877 0.704924 -0.569116 1.520626 
11.700765 -0.438487 -0.160955 -0.099919 -0.377456 -0.073332 -0.926973 0.702944 -0.568160 1.525213 
11.711391 -0.445385 -0.163294 -0.094016 -0.373513 -0.070118 -0.917919 0.696096 -0.563997 1.517769 
11.700191 -0.444629 -0.158085 -0.101996 -0.377881 -0.076662 -0.922185 0.701387 -0.564354 1.518654 
11.697989 -0.440876 -0.155261 -0.101641 -0.378970 -0.076601 -0.918810 0.702688 -0.562589 1.514578 
11.700720 -0.445689 -0.158131 -0.100679 -0.378239 -0.076533 -0.923118 0.703979 -0.565695 1.517046 
11.700229 -0.447166 -0.156958 -0.105578 -0.377304 -0.073203 -0.923222 0.703631 -0.559657 1.518833 
11.699224 -0.450151 -0.159843 -0.110080 -0.378260 -0.075673 -0.922544 0.704624 -0.556155 1.517495 
11.698164 -0.449998 -0.160640 -0.110270 -0.378652 -0.074448 -0.924548 0.702766 -0.556347 1.515426 
11.694366 -0.453485 -0.159710 -0.111894 -0.377578 -0.071137 -0.921366 0.702489 -0.559214 1.516068 
11.698744 -0.449399 -0.158817 -0.112821 -0.378549 -0.075369 -0.925549 0.702889 -0.558015 1.515153 
11.700859 -0.453445 -0.158356 -0.107774 -0.378579 -0.072968 -0.924187 0.700475 -0.551612 1.514756 
11.698174 -0.454409 -0.156927 -0.105436 -0.381033 -0.071825 -0.926785 0.701198 -0.546984 1.517818 
11.701206 -0.454090 -0.158603 -0.105265 -0.384842 -0.067055 -0.925819 0.701301 -0.543975 1.519099 
11.701382 -0.454207 -0.159497 -0.103373 -0.380589 -0.064468 -0.926877 0.701950 -0.538510 1.519755 
11.702434 -0.457521 -0.159578 -0.100227 -0.381197 -0.063217 -0.928893 0.706959 -0.538168 1.516956 
11.701338 -0.455764 -0.158118 -0.100211 -0.381715 -0.063031 -0.927256 0.707709 -0.537076 1.514931 
11.701153 -0.457408 -0.158559 -0.095442 -0.382071 -0.062476 -0.926767 0.706458 -0.531322 1.515035 
11.703110 -0.458138 -0.153959 -0.097657 -0.381343 -0.060233 -0.929934 0.707302 -0.527566 1.515486 
11.702674 -0.455547 -0.154823 -0.098368 -0.381946 -0.058305 -0.935982 0.706659 -0.525011 1.513189 
11.701898 -0.457153 -0.156271 -0.100732 -0.382380 -0.059335 -0.935559 0.707104 -0.523501 1.512492 
11.698686 -0.460741 -0.154510 -0.102696 -0.381290 -0.054046 -0.935408 0.707112 -0.522210 1.512664 
11.699128 -0.461180 -0.153091 -0.105111 -0.380530 -0.053255 -0.935898 0.711691 -0.517553 1.515615 
11.703591 -0.463316 -0.152126 -0.107563 -0.377671 -0.051502 -0.935033 0.711281 -0.514606 1.512655 
11.700673 -0.465330 -0.148873 -0.107456 -0.373594 -0.055237 -0.937347 0.711427 -0.513568 1.511737 
11.704085 -0.464957 -0.151990 -0.106357 -0.378817 -0.051386 -0.935836 0.713667 -0.515515 1.511120 
11.704641 -0.467464 -0.148226 -0.108569 -0.384071 -0.051445 -0.936647 0.712488 -0.513256 1.511905 
11.702883 -0.463126 -0.150763 -0.106306 -0.379369 -0.051328 -0.934033 0.714396 -0.514721 1.509062 
11.701129 -0.464981 -0.154208 -0.103127 -0.378610 -0.049554 -0.932786 0.715797 -0.509702 1.508735 
11.698813 -0.465988 -0.157867 -0.104503 -0.376715 -0.046525 -0.932013 0.720160 -0.507206 1.507872 
11.699692 -0.463652 -0.155728 -0.100371 -0.375293 -0.042223 -0.934882 0.720766 -0.505243 1.508298 
11.700566 -0.465675 -0.153541 -0.097039 -0.373438 -0.041086 -0.929901 0.722469 -0.505441 1.511094 
11.702149 -0.464293 -0.153720 -0.097185 -0.373598 -0.043063 -0.930170 0.724365 -0.504072 1.512243 
11.701941 -0.465609 -0.156023 -0.091309 -0.372569 -0.040706 -0.929484 0.721564 -0.502359 1.508135 
11.702607 -0.467056 -0.152329 -0.098632 -0.373401 -0.040313 -0.929654 0.721927 -0.503652 1.510084 
11.700321 -0.469052 -0.149749 -0.098830 -0.377967 -0.038749 -0.930507 0.722350 -0.499842 1.512618 
11.700555 -0.465664 -0.151418 -0.100832 -0.377659 -0.036375 -0.928002 0.718556 -0.497530 1.515928 
11.698649 -0.464384 -0.149579 -0.101114 -0.376554 -0.037454 -0.927075 0.718456 -0.496360 1.514548 
11.697450 -0.467584 -0.148846 -0.101612 -0.372136 -0.038814 -0.930282 0.716873 -0.494224 1.517688 
11.696325 -0.467963 -0.150555 -0.102704 -0.371149 -0.037291 -0.929973 0.719183 -0.493325 1.517236 
11.696590 -0.468540 -0.144659 -0.105270 -0.370873 -0.034191 -0.931440 0.720599 -0.491342 1.518463 
11.695740 -0.468937 -0.150399 -0.105323 -0.371689 -0.038718 -0.928690 0.719377 -0.494826 1.518142 
11.696301 -0.470500 -0.151437 -0.099628 -0.371906 -0.037584 -0.929360 0.717726 -0.487227 1.515231 
11.691634 -0.472132 -0.151018 -0.094875 -0.371506 -0.034506 -0.928444 0.716049 -0.487656 1.515821 
11.690754 -0.472411 -0.151542 -0.096407 -0.372135 -0.033648 -0.930200 0.714164 -0.488036 1.513854 
11.688797 -0.469595 -0.153011 -0.094372 -0.373823 -0.035526 -0.934443 0.715058 -0.483870 1.514520 
11.690887 -0.470701 -0.152395 -0.097408 -0.371949 -0.032470 -0.928940 0.712262 -0.486906 1.515493 
11.693715 -0.470669 -0.153126 -0.095032 -0.367130 -0.031916 -0.929147 0.710687 -0.484195 1.511824 
11.694780 -0.472732 -0.154297 -0.094982 -0.366495 -0.031542 -0.930940 0.710232 -0.484378 1.513944 
11.698414 -0.473163 -0.156011 -0.092876 -0.371332 -0.027906 -0.930328 0.711075 -0.483713 1.512486 
11.694473 -0.472663 -0.157253 -0.094302 -0.366685 -0.033264 -0.929948 0.709701 -0.485601 1.513497 
11.694218 -0.476522 -0.150459 -0.097081 -0.367151 -0.031116 -0.930416 0.709817 -0.479265 1.514026 
11.692638 -0.479120 -0.148522 -0.100266 -0.365984 -0.028022 -0.930487 0.712624 -0.474901 1.513883 
11.693786 -0.481084 -0.142565 -0.100429 -0.367302 -0.028665 -0.931233 0.709655 -0.472019 1.514599 
11.691434 -0.481907 -0.142385 -0.098065 -0.367108 -0.027155 -0.930750 0.708810 -0.472275 1.514903 
11.689008 -0.486203 -0.145165 -0.097892 -0.368237 -0.029692 -0.927501 0.707351 -0.469474 1.514072 
11.689945 -0.487610 -0.144468 -0.098962 -0.367401 -0.028743 -0.925450 0.706847 -0.471614 1.513712 
11.686705 -0.488843 -0.146844 -0.096918 -0.365594 -0.030072 -0.931850 0.706548 -0.467948 1.518069 
11.689300 -0.490831 -0.149113 -0.094196 -0.369728 -0.026293 -0.933136 0.707209 -0.465920 1.518529 
11.688059 -0.490015 -0.149911 -0.089943 -0.368740 -0.024509 -0.934065 0.707128 -0.460755 1.515631 
11.686473 -0.486663 -0.151423 -0.091384 -0.370318 -0.021872 -0.932075 0.704242 -0.457915 1.519254 
11.685498 -0.486828 -0.151977 -0.092898 -0.371086 -0.021083 -0.933826 0.702476 -0.458537 1.517280 
11.681005 -0.487465 -0.151173 -0.091014 -0.375866 -0.020823 -0.935261 0.705535 -0.457323 1.517940 
11.681660 -0.486225 -0.152782 -0.085953 -0.378367 -0.023617 -0.936276 0.701803 -0.458552 1.518526 
11.681840 -0.488348 -0.148234 -0.091361 -0.376543 -0.021313 -0.935685 0.704155 -0.455862 1.518262 
11.684129 -0.489286 -0.148290 -0.094823 -0.377734 -0.022221 -0.937752 0.706329 -0.450237 1.518051 
11.683767 -0.493863 -0.145202 -0.095401 -0.377298 -0.017577 -0.936896 0.706265 -0.447490 1.518253 
11.685449 -0.490122 -0.141987 -0.095067 -0.376588 -0.014293 -0.941128 0.707998 -0.448066 1.519357 
11.687028 -0.489245 -0.141618 -0.095016 -0.378617 -0.013402 -0.939310 0.708503 -0.448408 1.517549 
11.683940 -0.486924 -0.137090 -0.097163 -0.377174 -0.015159 -0.937620 0.709038 -0.445779 1.515145 
11.686919 -0.489763 -0.140952 -0.097673 -0.379273 -0.013631 -0.938792 0.709386 -0.450350 1.519025 
11.689179 -0.489861 -0.140812 -0.090766 -0.380725 -0.013807 -0.941470 0.705475 -0.444111 1.516916 
11.687432 -0.489784 -0.143809 -0.087162 -0.381789 -0.011417 -0.943062 0.708153 -0.440170 1.514932 
11.686688 -0.488112 -0.144970 -0.088384 -0.382334 -0.009923 -0.942450 0.706161 -0.439191 1.516045 
11.687290 -0.489226 -0.146084 -0.090397 -0.381445 -0.008714 -0.945990 0.702895 -0.439834 1.510727 
11.689635 -0.489153 -0.147029 -0.091929 -0.380173 -0.009276 -0.945859 0.703878 -0.437947 1.510921 
11.692193 -0.488440 -0.146950 -0.087461 -0.376076 -0.007407 -0.943769 0.700990 -0.437095 1.510369 
11.689706 -0.486612 -0.148406 -0.091160 -0.380149 -0.011536 -0.946391 0.703770 -0.438742 1.510401 
11.691663 -0.492292 -0.145406 -0.092666 -0.384654 -0.008215 -0.948215 0.702715 -0.434293 1.512481 
11.690582 -0.494894 -0.147371 -0.093249 -0.386785 -0.003664 -0.949650 0.706025 -0.431056 1.512098 
11.687916 -0.494005 -0.142857 -0.094722 -0.386565 -0.004554 -0.948953 0.706088 -0.426195 1.509725 
11.686337 -0.498159 -0.145809 -0.094864 -0.387764 -0.007477 -0.945084 0.704221 -0.424576 1.508496 
11.686362 -0.494904 -0.143328 -0.094403 -0.384691 -0.005348 -0.950941 0.705568 -0.425468 1.511403 
11.686606 -0.497691 -0.139052 -0.099331 -0.385390 -0.003892 -0.951886 0.704810 -0.423673 1.513233 
11.685961 -0.493209 -0.144382 -0.094875 -0.384670 -0.003677 -0.950025 0.703301 -0.424451 1.512445 
11.688387 -0.494139 -0.143251 -0.088994 -0.382766 -0.002002 -0.949666 0.702014 -0.421525 1.511168 
11.688517 -0.490712 -0.145277 -0.086227 -0.385830 -0.004463 -0.952541 0.702055 -0.418018 1.509939 
11.689026 -0.494383 -0.144150 -0.090251 -0.381646 -0.001636 -0.951146 0.700753 -0.421740 1.508487 
11.691006 -0.492506 -0.145353 -0.090479 -0.378498 -0.002968 -0.947367 0.705534 -0.418744 1.511734 
11.683429 -0.492734 -0.143372 -0.085830 -0.380256 0.000407 -0.947768 0.703400 -0.422575 1.508776 
11.688949 -0.492877 -0.141938 -0.088471 -0.381607 -0.004222 -0.948858 0.700221 -0.422619 1.511283 
11.687867 -0.494121 -0.141973 -0.089661 -0.382788 -0.002064 -0.949577 0.701988 -0.420384 1.510779 
11.688960 -0.495584 -0.139912 -0.089893 -0.382794 -0.000687 -0.949655 0.701139 -0.418335 1.511672 
11.687052 -0.495771 -0.138200 -0.088899 -0.381667 0.001186 -0.948793 0.701297 -0.417100 1.510894 
11.687013 -0.494759 -0.137619 -0.087850 -0.383023 0.000788 -0.949950 0.701129 -0.414054 1.510507 
11.688250 -0.493963 -0.138081 -0.088490 -0.381173 0.000470 -0.949014 0.702738 -0.411722 1.510725 
11.687415 -0.495005 -0.138761 -0.088399 -0.380701 -0.000322 -0.949068 0.702228 -0.411180 1.511121 
11.687925 -0.495926 -0.138972 -0.088332 -0.382423 -0.000652 -0.946478 0.701761 -0.409893 1.509556 
11.688311 -0.496814 -0.138376 -0.087637 -0.382281 -0.001322 -0.946890 0.702748 -0.410149 1.508954 
11.687251 -0.496154 -0.137550 -0.089305 -0.383609 -0.000946 -0.946582 0.701848 -0.406689 1.509592 
11.687334 -0.496717 -0.137687 -0.087996 -0.384966 0.000084 -0.946413 0.702302 -0.403694 1.510638 
11.687674 -0.496438 -0.136380 -0.086654 -0.385475 -0.000389 -0.945789 0.701303 -0.400660 1.511332 
11.688125 -0.497073 -0.136606 -0.086477 -0.385890 0.000708 -0.946655 0.700583 -0.397404 1.510180 
11.687117 -0.496636 -0.136829 -0.085707 -0.387152 0.000764 -0.946566 0.701154 -0.394043 1.509748 
11.686692 -0.498211 -0.135377 -0.085781 -0.386858 0.002663 -0.945484 0.701109 -0.391712 1.510173 
11.688018 -0.499508 -0.135051 -0.086403 -0.388160 0.002965 -0.945499 0.700833 -0.388843 1.511282 
11.688600 -0.499640 -0.133338 -0.086110 -0.387964 0.002617 -0.945063 0.699190 -0.385877 1.511091 
11.689091 -0.499285 -0.135026 -0.085940 -0.388442 0.004070 -0.942939 0.697421 -0.384499 1.511453 
11.688087 -0.500416 -0.134035 -0.085087 -0.390945 0.005057 -0.943705 0.695606 -0.384131 1.511519 
11.689822 -0.498565 -0.132455 -0.085158 -0.392182 0.006924 -0.943516 0.696493 -0.383826 1.510894 
11.689253 -0.497693 -0.132460 -0.085785 -0.391777 0.007408 -0.944359 0.696110 -0.383605 1.511910 
11.689875 -0.498446 -0.132311 -0.084443 -0.391399 0.008698 -0.945119 0.695958 -0.380645 1.513055 
11.689437 -0.499138 -0.131903 -0.086540 -0.391923 0.009509 -0.945043 0.695451 -0.377712 1.512579 
11.688741 -0.499381 -0.130720 -0.087677 -0.392931 0.009561 -0.943768 0.695360 -0.374994 1.513988 
11.690328 -0.500994 -0.129803 -0.089461 -0.392226 0.010839 -0.944036 0.693551 -0.374243 1.514269 
11.689721 -0.499179 -0.131386 -0.087978 -0.393821 0.008622 -0.944406 0.695233 -0.374767 1.514352 
11.688568 -0.497773 -0.132152 -0.087697 -0.394478 0.008410 -0.945191 0.694825 -0.372108 1.512632 
11.687541 -0.498264 -0.134129 -0.088359 -0.395991 0.009987 -0.945822 0.696608 -0.370984 1.512572 
11.686950 -0.498863 -0.133139 -0.088055 -0.396890 0.009915 -0.946864 0.696436 -0.371293 1.512478 
11.687710 -0.498138 -0.133155 -0.089210 -0.394518 0.008651 -0.947087 0.699046 -0.369653 1.512054 
11.688577 -0.497901 -0.133443 -0.088075 -0.396730 0.010551 -0.945317 0.697184 -0.370964 1.511792 
11.688606 -0.500473 -0.134193 -0.087062 -0.397029 0.009038 -0.943953 0.697237 -0.370135 1.510333 
11.688097 -0.497716 -0.133392 -0.089484 -0.397104 0.010114 -0.944880 0.697102 -0.371619 1.511016 
11.688315 -0.496242 -0.133860 -0.085998 -0.397629 0.010537 -0.945334 0.696986 -0.368337 1.512239 
11.689014 -0.495564 -0.135540 -0.084372 -0.396893 0.011158 -0.947285 0.696671 -0.368660 1.510262 
11.689545 -0.496421 -0.134251 -0.086665 -0.398269 0.009981 -0.945964 0.696469 -0.367966 1.512628 
11.689743 -0.497486 -0.133105 -0.087718 -0.397603 0.011869 -0.945707 0.695095 -0.365578 1.512656 
11.690596 -0.498462 -0.132293 -0.087784 -0.398339 0.012565 -0.944672 0.695553 -0.363810 1.515392 
11.689730 -0.497475 -0.131722 -0.089946 -0.399880 0.011992 -0.943438 0.694627 -0.362012 1.514926 
11.690752 -0.496803 -0.129558 -0.089168 -0.398642 0.010410 -0.942678 0.692693 -0.361936 1.515271 
11.690699 -0.496869 -0.130079 -0.088771 -0.399332 0.011093 -0.942049 0.691479 -0.362654 1.515498 
11.691783 -0.496880 -0.130318 -0.089141 -0.399859 0.012639 -0.942343 0.689655 -0.359873 1.515218 
11.692987 -0.496870 -0.130426 -0.089443 -0.401230 0.013689 -0.941879 0.688425 -0.357085 1.516322 
11.694260 -0.496536 -0.129055 -0.089989 -0.400337 0.013205 -0.942587 0.688196 -0.353965 1.516157 
11.696399 -0.495712 -0.127544 -0.091134 -0.401216 0.015239 -0.942113 0.688635 -0.354596 1.515327 
11.693616 -0.495767 -0.128488 -0.090095 -0.400567 0.013598 -0.943811 0.687899 -0.354182 1.516953 
11.693513 -0.498852 -0.127845 -0.088965 -0.402287 0.012668 -0.943504 0.687474 -0.353180 1.515285 
11.694947 -0.497252 -0.129421 -0.091162 -0.400338 0.012636 -0.943193 0.687705 -0.354454 1.516540 
11.692338 -0.495797 -0.129659 -0.088710 -0.399387 0.014345 -0.941364 0.687572 -0.351759 1.516410 
11.692594 -0.493515 -0.131239 -0.086940 -0.400446 0.013420 -0.941749 0.687262 -0.350613 1.515508 
11.693138 -0.493386 -0.130600 -0.086127 -0.399993 0.013106 -0.941313 0.686013 -0.351142 1.515823 
11.693724 -0.494556 -0.132117 -0.084794 -0.399481 0.014868 -0.943014 0.688545 -0.350197 1.516542 
11.692848 -0.493496 -0.131132 -0.086914 -0.401378 0.013092 -0.941005 0.687657 -0.350274 1.516900 
11.690519 -0.492372 -0.129948 -0.086667 -0.400493 0.011836 -0.939959 0.689231 -0.349299 1.516423 
11.693878 -0.493058 -0.130435 -0.086907 -0.401603 0.013772 -0.940300 0.688314 -0.350294 1.516104 
11.692305 -0.492204 -0.130622 -0.087769 -0.402908 0.016073 -0.939627 0.686869 -0.348984 1.515963 
11.692969 -0.492000 -0.132241 -0.089935 -0.402280 0.015635 -0.938202 0.686152 -0.346967 1.515444 
11.691933 -0.492017 -0.134481 -0.090016 -0.402907 0.016030 -0.935997 0.686410 -0.348768 1.514778 
11.692832 -0.493333 -0.132048 -0.089347 -0.402937 0.015287 -0.937893 0.685945 -0.346360 1.514685 
11.692841 -0.492392 -0.131277 -0.091596 -0.404711 0.014886 -0.939150 0.685231 -0.344634 1.514095 
11.693037 -0.492456 -0.131942 -0.091144 -0.403890 0.016792 -0.939667 0.685622 -0.341567 1.514755 
11.692571 -0.494385 -0.130580 -0.093204 -0.402700 0.018354 -0.939250 0.685817 -0.341037 1.515689 
11.694218 -0.493010 -0.132508 -0.091241 -0.404343 0.017397 -0.940152 0.684813 -0.342058 1.515041 
11.693471 -0.490580 -0.131861 -0.089340 -0.403450 0.016467 -0.939030 0.683597 -0.339702 1.514766 
11.695979 -0.489457 -0.131506 -0.088760 -0.403557 0.016690 -0.938487 0.685527 -0.338747 1.513265 
11.693754 -0.490633 -0.131783 -0.089266 -0.404292 0.015974 -0.938366 0.684034 -0.339436 1.516204 
11.693329 -0.490381 -0.133934 -0.088560 -0.402696 0.014601 -0.940901 0.683919 -0.338103 1.515052 
11.693392 -0.490513 -0.133117 -0.090133 -0.403418 0.016432 -0.937853 0.683420 -0.339533 1.514379 
11.691890 -0.489257 -0.132542 -0.087906 -0.405438 0.018550 -0.939099 0.683809 -0.339430 1.514485 
11.693617 -0.490882 -0.130044 -0.089925 -0.401663 0.017580 -0.938023 0.682439 -0.337637 1.515439 
11.693799 -0.489639 -0.128023 -0.091625 -0.402488 0.016388 -0.937957 0.680596 -0.336761 1.514776 
11.693660 -0.490984 -0.127831 -0.091014 -0.403132 0.016021 -0.937625 0.680393 -0.336215 1.514016 
11.694117 -0.489379 -0.126798 -0.090078 -0.400263 0.016106 -0.935948 0.679429 -0.337543 1.515178 
11.695018 -0.489821 -0.128553 -0.091380 -0.402841 0.016910 -0.938304 0.679437 -0.336884 1.515054 
11.696338 -0.491644 -0.127609 -0.093248 -0.401903 0.018894 -0.938588 0.679247 -0.336450 1.515886 
11.694540 -0.489452 -0.128095 -0.091183 -0.403749 0.018230 -0.937679 0.679391 -0.337335 1.514856 
11.693592 -0.487899 -0.129042 -0.089464 -0.403709 0.018717 -0.938220 0.678421 -0.334791 1.515244 
11.692445 -0.487772 -0.128249 -0.088171 -0.403161 0.018932 -0.941024 0.677387 -0.335949 1.514244 
11.694750 -0.487425 -0.128327 -0.088851 -0.403771 0.018833 -0.938502 0.679365 -0.334441 1.514740 
11.693801 -0.486785 -0.131198 -0.089876 -0.402990 0.019043 -0.937294 0.677814 -0.334476 1.512559 
11.693790 -0.486123 -0.131639 -0.089187 -0.403901 0.017933 -0.937076 0.677868 -0.335238 1.512675 
11.693773 -0.487178 -0.131503 -0.090499 -0.402104 0.021013 -0.937140 0.676987 -0.331679 1.513754 
11.693413 -0.487341 -0.130585 -0.091233 -0.403206 0.024227 -0.935854 0.676742 -0.332323 1.513539 
11.693072 -0.487052 -0.131019 -0.092250 -0.404096 0.024292 -0.936828 0.677478 -0.332010 1.513441 
11.691723 -0.484643 -0.129698 -0.093490 -0.402306 0.024228 -0.936176 0.678042 -0.331831 1.514050 
11.691611 -0.484675 -0.130665 -0.092965 -0.401652 0.024883 -0.936313 0.679046 -0.332438 1.514632 
11.689504 -0.486221 -0.129180 -0.092893 -0.402157 0.024189 -0.935184 0.679411 -0.330043 1.512982 
11.690280 -0.486686 -0.129401 -0.093835 -0.402196 0.023713 -0.934052 0.680053 -0.330017 1.513352 
11.688858 -0.487065 -0.128445 -0.093580 -0.400425 0.025875 -0.937164 0.677936 -0.329068 1.512504 
11.688359 -0.486587 -0.129912 -0.093351 -0.402291 0.023853 -0.934889 0.678510 -0.330543 1.513570 
11.689249 -0.484313 -0.129205 -0.091128 -0.403347 0.025259 -0.935069 0.678867 -0.327801 1.513717 
11.688717 -0.482051 -0.129726 -0.089864 -0.403852 0.026075 -0.934808 0.678486 -0.327408 1.511128 
11.689045 -0.484492 -0.128411 -0.091352 -0.404116 0.026546 -0.934576 0.678941 -0.328548 1.513814 
11.688715 -0.484016 -0.127200 -0.089360 -0.404086 0.024304 -0.936641 0.679373 -0.327254 1.515522 
11.689313 -0.484909 -0.128590 -0.091209 -0.402405 0.025994 -0.936088 0.678868 -0.327464 1.513016 
11.689692 -0.484874 -0.129410 -0.092125 -0.401997 0.027642 -0.935945 0.677187 -0.325219 1.514701 
11.691635 -0.485335 -0.128887 -0.092953 -0.401656 0.028035 -0.934497 0.678871 -0.322959 1.514744 
11.691283 -0.485058 -0.129457 -0.093883 -0.402445 0.028193 -0.935482 0.679743 -0.322737 1.514729 
11.691529 -0.485336 -0.130645 -0.091422 -0.400114 0.029632 -0.934403 0.680542 -0.323569 1.516055 
11.691163 -0.486674 -0.129398 -0.092257 -0.402417 0.028057 -0.934355 0.678833 -0.322398 1.514374 
11.694832 -0.485711 -0.129587 -0.092493 -0.402713 0.028420 -0.935720 0.677869 -0.323614 1.514777 
11.691680 -0.486544 -0.128816 -0.093790 -0.401293 0.027500 -0.934563 0.678951 -0.323564 1.515666 
11.691683 -0.483564 -0.129097 -0.092714 -0.401690 0.029342 -0.934044 0.677190 -0.320764 1.513175 
11.691743 -0.482435 -0.130877 -0.090933 -0.400416 0.031588 -0.933788 0.677911 -0.320198 1.513429 
11.691809 -0.483355 -0.129595 -0.092272 -0.401053 0.027992 -0.934716 0.677185 -0.319982 1.513316 
11.691618 -0.482577 -0.127075 -0.091049 -0.402444 0.028284 -0.935591 0.676815 -0.318470 1.514566 
11.691611 -0.481989 -0.127797 -0.091104 -0.403307 0.027807 -0.934573 0.676567 -0.318470 1.515500 
11.692095 -0.480519 -0.126706 -0.090696 -0.404606 0.026629 -0.933737 0.676533 -0.317981 1.512763 
11.690732 -0.481443 -0.127871 -0.090478 -0.403308 0.027623 -0.935115 0.675778 -0.319648 1.515416 
11.691524 -0.482904 -0.128610 -0.092676 -0.404466 0.028509 -0.935453 0.674708 -0.316216 1.515133 
11.692108 -0.483149 -0.127258 -0.094530 -0.403158 0.028493 -0.934409 0.672977 -0.314411 1.515867 
11.690488 -0.482887 -0.127184 -0.095046 -0.403010 0.028418 -0.934196 0.673709 -0.313930 1.515778 
11.693400 -0.481612 -0.127361 -0.096903 -0.403943 0.028767 -0.936322 0.673906 -0.314245 1.516456 
11.691975 -0.484233 -0.126671 -0.095084 -0.403781 0.027393 -0.934570 0.673067 -0.314971 1.516033 
11.692527 -0.483340 -0.128514 -0.093021 -0.403065 0.030562 -0.933877 0.672786 -0.311855 1.515653 
11.691317 -0.481936 -0.129273 -0.092141 -0.402578 0.031759 -0.934649 0.669933 -0.311800 1.515396 
11.691420 -0.481683 -0.129857 -0.091656 -0.401951 0.030393 -0.935195 0.669976 -0.311137 1.515802 
11.691278 -0.481003 -0.130176 -0.091733 -0.402970 0.032426 -0.932644 0.669954 -0.312372 1.518305 
11.691239 -0.482823 -0.130376 -0.092792 -0.401621 0.032149 -0.934864 0.669986 -0.312301 1.515517 
11.692098 -0.480667 -0.130601 -0.092627 -0.402708 0.031379 -0.932479 0.669591 -0.311574 1.512946 
11.691972 -0.481486 -0.128474 -0.091675 -0.401218 0.031939 -0.934443 0.670054 -0.312419 1.515320 
11.690220 -0.481912 -0.129026 -0.091095 -0.403220 0.034078 -0.935007 0.670873 -0.309550 1.514375 
11.690591 -0.483013 -0.128560 -0.090641 -0.403831 0.034126 -0.934708 0.669673 -0.309252 1.514160 
11.690732 -0.482887 -0.128306 -0.091297 -0.403615 0.034204 -0.934651 0.669451 -0.308729 1.514369 
11.691849 -0.482347 -0.128224 -0.092120 -0.404190 0.034743 -0.935458 0.669060 -0.308346 1.514508 
11.691429 -0.481995 -0.127375 -0.093504 -0.404354 0.034830 -0.935538 0.668401 -0.307713 1.514546 
11.691669 -0.481563 -0.127534 -0.093746 -0.404635 0.035417 -0.934596 0.668090 -0.307183 1.515887 
11.692437 -0.482224 -0.126946 -0.094528 -0.404973 0.035156 -0.934192 0.669152 -0.306593 1.515994 
11.691845 -0.481314 -0.127838 -0.093934 -0.404693 0.035473 -0.934026 0.668005 -0.307211 1.515260 
11.692096 -0.480776 -0.128326 -0.093908 -0.404211 0.034786 -0.934333 0.667262 -0.305843 1.515303 
11.692761 -0.480199 -0.127413 -0.093762 -0.403008 0.035421 -0.934233 0.666714 -0.305719 1.515227 
11.692471 -0.480292 -0.127472 -0.093567 -0.403066 0.036060 -0.934349 0.666961 -0.305197 1.514979 
11.692499 -0.480983 -0.128385 -0.094539 -0.402270 0.036681 -0.934617 0.666308 -0.305126 1.515164 
11.692299 -0.479733 -0.127682 -0.093851 -0.402742 0.036042 -0.934493 0.667539 -0.305300 1.515104 
11.692188 -0.478443 -0.127585 -0.094046 -0.403275 0.036457 -0.934875 0.666600 -0.304520 1.515129 
11.691160 -0.477574 -0.127289 -0.094090 -0.403074 0.036439 -0.934418 0.665745 -0.303559 1.515221 
11.691237 -0.476311 -0.127641 -0.093572 -0.403174 0.036817 -0.934477 0.664924 -0.302585 1.515426 
11.691544 -0.476013 -0.126817 -0.094697 -0.403524 0.036741 -0.934468 0.664948 -0.301340 1.515333 
11.691326 -0.475529 -0.126082 -0.095443 -0.403581 0.036461 -0.935239 0.664545 -0.300507 1.514382 
11.691498 -0.474923 -0.126036 -0.096271 -0.404092 0.037055 -0.934066 0.664416 -0.300547 1.513533 
11.691732 -0.474808 -0.125427 -0.096166 -0.403596 0.037495 -0.934072 0.664323 -0.300767 1.513618 
11.691026 -0.474672 -0.125383 -0.097143 -0.405021 0.037341 -0.934275 0.664300 -0.299803 1.514420 
11.690980 -0.474360 -0.124952 -0.096649 -0.405374 0.037064 -0.934141 0.664739 -0.299839 1.514313 
11.691006 -0.473687 -0.125106 -0.097215 -0.404469 0.036620 -0.933835 0.665695 -0.298843 1.514368 
11.690764 -0.474591 -0.124992 -0.096651 -0.404534 0.037444 -0.933632 0.666003 -0.297636 1.513792 
11.690381 -0.474760 -0.124752 -0.096567 -0.404313 0.037033 -0.933114 0.665545 -0.297535 1.513884 
11.692257 -0.474765 -0.124713 -0.096759 -0.404913 0.036854 -0.933540 0.665695 -0.296722 1.513607 
11.692267 -0.475355 -0.124405 -0.097199 -0.404918 0.036652 -0.933508 0.666113 -0.297016 1.513489 
11.692112 -0.473513 -0.125155 -0.096146 -0.404991 0.037137 -0.933757 0.665023 -0.295732 1.513307 
11.692471 -0.472905 -0.125933 -0.095395 -0.405197 0.037684 -0.932950 0.664976 -0.295205 1.514240 
11.692330 -0.473163 -0.125970 -0.094554 -0.404752 0.037140 -0.934191 0.664949 -0.294689 1.515088 
11.692434 -0.472726 -0.125262 -0.095680 -0.405247 0.038093 -0.933039 0.664867 -0.295047 1.514659 
11.693151 -0.472302 -0.124729 -0.095085 -0.404033 0.038728 -0.932785 0.664640 -0.295444 1.514082 
11.692483 -0.472885 -0.125697 -0.096254 -0.404737 0.038265 -0.933103 0.664645 -0.294817 1.514770 
11.692559 -0.473219 -0.125959 -0.096297 -0.405532 0.039062 -0.933313 0.663168 -0.295131 1.514584 
11.692763 -0.472694 -0.126044 -0.096520 -0.405520 0.038646 -0.933412 0.662934 -0.295636 1.514878 
11.692456 -0.471629 -0.126140 -0.097558 -0.405916 0.039045 -0.932990 0.662696 -0.294818 1.514351 
11.693715 -0.472006 -0.125878 -0.098529 -0.406438 0.038992 -0.932253 0.662618 -0.294333 1.514486 
11.692801 -0.471490 -0.126376 -0.097656 -0.406125 0.039465 -0.933504 0.663181 -0.294971 1.514273 
11.691402 -0.471487 -0.126360 -0.098360 -0.405898 0.039952 -0.932229 0.662846 -0.295455 1.514751 
11.692617 -0.471360 -0.126522 -0.097107 -0.405971 0.039256 -0.932723 0.662670 -0.294509 1.514891 
11.692206 -0.470659 -0.126600 -0.097300 -0.405857 0.039370 -0.933595 0.661920 -0.293234 1.515264 
11.692500 -0.470397 -0.126072 -0.097169 -0.405354 0.039825 -0.933524 0.661773 -0.293336 1.515200 
11.692782 -0.469765 -0.127142 -0.096848 -0.404817 0.039886 -0.933042 0.661320 -0.293138 1.514051 
11.692515 -0.470486 -0.126011 -0.096945 -0.405946 0.040129 -0.933596 0.661170 -0.293583 1.515064 
11.692262 -0.469315 -0.125232 -0.096272 -0.406687 0.039881 -0.933178 0.661753 -0.293238 1.514790 
11.692440 -0.470254 -0.125816 -0.097031 -0.405763 0.039443 -0.933746 0.660793 -0.294005 1.515031 
11.693376 -0.469682 -0.126700 -0.096786 -0.406026 0.040529 -0.933673 0.661207 -0.294034 1.516309 
11.692491 -0.470879 -0.125921 -0.096215 -0.405588 0.040237 -0.933713 0.661035 -0.293340 1.515231 
11.692130 -0.470396 -0.126095 -0.096907 -0.405855 0.040290 -0.933609 0.661214 -0.293772 1.515104 
11.692573 -0.470502 -0.125821 -0.097530 -0.405961 0.040324 -0.932998 0.660851 -0.293340 1.515188 
11.692504 -0.470542 -0.125696 -0.097901 -0.405947 0.040389 -0.932261 0.660492 -0.293116 1.515446 
11.692625 -0.470266 -0.125642 -0.098692 -0.406161 0.040617 -0.932386 0.660618 -0.293247 1.515150 
11.692773 -0.470711 -0.125657 -0.097863 -0.406018 0.040292 -0.932050 0.660645 -0.293322 1.515347 
11.693085 -0.470590 -0.125553 -0.097951 -0.406052 0.040138 -0.932518 0.660257 -0.292486 1.515448 
11.693162 -0.470535 -0.125882 -0.097929 -0.405886 0.040158 -0.932437 0.660109 -0.292462 1.515196 
11.693235 -0.471202 -0.126001 -0.098242 -0.405539 0.040324 -0.932752 0.659880 -0.292642 1.515438 
11.692919 -0.470773 -0.125834 -0.097984 -0.405973 0.040013 -0.932428 0.660139 -0.292328 1.514932 
11.693227 -0.470460 -0.125254 -0.097757 -0.405402 0.040520 -0.932409 0.659992 -0.292414 1.514826 
11.693226 -0.470436 -0.125300 -0.097860 -0.405126 0.040429 -0.932360 0.660322 -0.292256 1.514895 
11.693298 -0.470681 -0.125454 -0.097580 -0.405684 0.041239 -0.932318 0.660268 -0.292031 1.514830 
11.693254 -0.470703 -0.125398 -0.097745 -0.405675 0.041260 -0.931942 0.660088 -0.291922 1.514968 
11.693232 -0.470158 -0.125512 -0.097529 -0.405688 0.041389 -0.931913 0.659711 -0.291267 1.515054 
11.693264 -0.470879 -0.125413 -0.097353 -0.405590 0.041125 -0.931827 0.660066 -0.291911 1.515086 
11.693968 -0.470707 -0.125315 -0.097892 -0.405925 0.041240 -0.931508 0.660279 -0.292062 1.514639 
11.693004 -0.470580 -0.125481 -0.097728 -0.405645 0.041447 -0.931751 0.660182 -0.292188 1.514931 
11.693296 -0.470763 -0.125554 -0.097775 -0.405560 0.041289 -0.931947 0.659995 -0.291934 1.514891 
11.693336 -0.471011 -0.125432 -0.097980 -0.405505 0.041483 -0.932065 0.659930 -0.291990 1.515129 
11.693263 -0.470793 -0.125399 -0.097746 -0.405466 0.041344 -0.931938 0.659974 -0.291896 1.514753 
11.693066 -0.470989 -0.125639 -0.097903 -0.405756 0.041138 -0.931918 0.660027 -0.291797 1.514721 
11.693301 -0.470770 -0.125592 -0.097809 -0.405453 0.041305 -0.931916 0.660174 -0.291828 1.514924 
11.693263 -0.470637 -0.125475 -0.097943 -0.405345 0.040937 -0.931953 0.659949 -0.292053 1.514912 
11.693298 -0.470466 -0.125624 -0.097755 -0.405586 0.041385 -0.931966 0.659803 -0.291622 1.514901 
11.693463 -0.470804 -0.125531 -0.097810 -0.405614 0.041273 -0.931847 0.660059 -0.292007 1.514814 
11.693302 -0.470729 -0.125561 -0.097814 -0.405576 0.041309 -0.932034 0.660031 -0.291956 1.514846 
11.693281 -0.470856 -0.125574 -0.097605 -0.405521 0.041231 -0.932039 0.660054 -0.292001 1.514901 
11.693160 -0.470724 -0.125589 -0.097791 -0.405541 0.041377 -0.931855 0.660039 -0.292074 1.514882 
11.693287 -0.470745 -0.125535 -0.097815 -0.405517 0.041218 -0.931949 0.659986 -0.291958 1.514898 
11.693317 -0.470756 -0.125541 -0.097774 -0.405541 0.041311 -0.931955 0.659989 -0.291949 1.514917 
11.693275 -0.470835 -0.125539 -0.097827 -0.405575 0.041306 -0.931964 0.659988 -0.291929 1.514915 
11.693305 -0.470775 -0.125586 -0.097781 -0.405536 0.041296 -0.931948 0.659976 -0.291936 1.514875 
11.693303 -0.470716 -0.125600 -0.097774 -0.405544 0.041313 -0.931948 0.659936 -0.291870 1.514878 
11.693301 -0.470658 -0.125616 -0.097759 -0.405549 0.041328 -0.931953 0.659897 -0.291804 1.514881 
11.693299 -0.470601 -0.125632 -0.097745 -0.405555 0.041343 -0.931958 0.659858 -0.291737 1.514884 
11.693298 -0.470546 -0.125653 -0.097729 -0.405557 0.041359 -0.931964 0.659817 -0.291672 1.514884 
11.693276 -0.470611 -0.125642 -0.097718 -0.405539 0.041338 -0.931984 0.659856 -0.291739 1.514893 
11.693303 -0.470544 -0.125651 -0.097736 -0.405561 0.041360 -0.931958 0.659817 -0.291672 1.514882 
11.693334 -0.470617 -0.125627 -0.097735 -0.405558 0.041323 -0.931973 0.659857 -0.291721 1.514880 
11.693338 -0.470559 -0.125646 -0.097726 -0.405564 0.041340 -0.931973 0.659816 -0.291655 1.514878 
11.693333 -0.470616 -0.125620 -0.097728 -0.405580 0.041320 -0.931979 0.659821 -0.291744 1.514873 
11.693338 -0.470560 -0.125647 -0.097727 -0.405561 0.041341 -0.931972 0.659820 -0.291653 1.514879 
11.693341 -0.470611 -0.125659 -0.097741 -0.405578 0.041312 -0.931975 0.659861 -0.291730 1.514908 
11.693337 -0.470561 -0.125640 -0.097726 -0.405557 0.041343 -0.931972 0.659820 -0.291651 1.514874 
11.693346 -0.470594 -0.125636 -0.097707 -0.405550 0.041316 -0.931960 0.659868 -0.291738 1.514864 
11.693332 -0.470570 -0.125637 -0.097736 -0.405560 0.041345 -0.931976 0.659816 -0.291646 1.514880 
11.693334 -0.470529 -0.125654 -0.097735 -0.405556 0.041366 -0.931983 0.659771 -0.291571 1.514876 
11.693338 -0.470588 -0.125648 -0.097717 -0.405579 0.041379 -0.931974 0.659824 -0.291642 1.514874 
11.693321 -0.470531 -0.125617 -0.097773 -0.405522 0.041277 -0.931981 0.659799 -0.291652 1.514890 
11.693318 -0.470547 -0.125614 -0.097757 -0.405514 0.041268 -0.931945 0.659785 -0.291645 1.514908 
11.693320 -0.470505 -0.125629 -0.097759 -0.405508 0.041284 -0.931951 0.659739 -0.291571 1.514906 
11.693299 -0.470431 -0.125616 -0.097756 -0.405545 0.041305 -0.931929 0.659723 -0.291538 1.514922 
11.693298 -0.470513 -0.125642 -0.097760 -0.405527 0.041262 -0.931943 0.659746 -0.291558 1.514880 
11.693370 -0.470523 -0.125616 -0.097755 -0.405449 0.041313 -0.931987 0.659723 -0.291577 1.514941 
11.693317 -0.470508 -0.125617 -0.097729 -0.405518 0.041264 -0.931974 0.659747 -0.291557 1.514916 
11.693323 -0.470534 -0.125669 -0.097816 -0.405476 0.041299 -0.931922 0.659724 -0.291574 1.514861 
11.693358 -0.470507 -0.125616 -0.097769 -0.405526 0.041272 -0.931942 0.659743 -0.291561 1.514898 
11.693350 -0.470560 -0.125628 -0.097744 -0.405515 0.041226 -0.931983 0.659749 -0.291519 1.514873 
11.693343 -0.470527 -0.125601 -0.097797 -0.405542 0.041279 -0.931951 0.659736 -0.291551 1.514918 
11.693358 -0.470450 -0.125618 -0.097769 -0.405525 0.041294 -0.931939 0.659708 -0.291489 1.514899 
11.693348 -0.470509 -0.125578 -0.097764 -0.405515 0.041284 -0.931938 0.659741 -0.291556 1.514874 
11.693360 -0.470450 -0.125626 -0.097770 -0.405528 0.041291 -0.931940 0.659708 -0.291490 1.514904 
11.693355 -0.470508 -0.125615 -0.097774 -0.405510 0.041274 -0.931926 0.659781 -0.291543 1.514912 
11.693355 -0.470555 -0.125604 -0.097740 -0.405520 0.041246 -0.931881 0.659719 -0.291588 1.514927 
