Start Optimization 
18.803733 -0.993176 -0.227608 0.043586 -0.878118 -0.157686 -0.846810 -0.166829 -0.437532 0.879640 
19.803733 -0.993176 -0.227608 0.043586 -0.878118 -0.157686 -0.846810 -0.166829 -0.437532 0.879640 
19.803733 0.006824 -0.227608 0.043586 -0.878118 -0.157686 -0.846810 -0.166829 -0.437532 0.879640 
19.803733 -0.993176 0.772392 0.043586 -0.878118 -0.157686 -0.846810 -0.166829 -0.437532 0.879640 
19.803733 -0.993176 -0.227608 1.043586 -0.878118 -0.157686 -0.846810 -0.166829 -0.437532 0.879640 
19.803733 -0.993176 -0.227608 0.043586 0.121882 -0.157686 -0.846810 -0.166829 -0.437532 0.879640 
19.803733 -0.993176 -0.227608 0.043586 -0.878118 0.842314 -0.846810 -0.166829 -0.437532 0.879640 
19.803733 -0.993176 -0.227608 0.043586 -0.878118 0.842314 0.153190 -0.166829 -0.437532 0.879640 
19.803733 -0.993176 -0.227608 0.043586 -0.878118 0.842314 -0.846810 0.833171 -0.437532 0.879640 
19.803733 -0.993176 -0.227608 0.043586 -0.878118 0.842314 -0.846810 -0.166829 0.562468 0.879640 
19.803733 -0.993176 -0.227608 0.043586 -0.878118 0.842314 -0.846810 -0.166829 -0.437532 1.879640 
19.804880 -1.171043 -0.580399 -0.874877 -0.880529 0.849461 -0.847158 -0.180446 -0.446646 1.880454 
19.803829 -1.008135 0.266160 -0.033659 -0.878321 0.842915 -0.846839 -0.167974 -0.438299 1.879708 
20.053728 -0.991564 -0.227608 0.043586 -0.878118 0.842314 -0.846810 -0.166829 -0.437532 1.879640 
20.050565 -0.493153 -0.229228 0.003921 -0.878222 0.842623 -0.846825 -0.167417 -0.437926 1.879675 
20.053728 -0.991564 -0.227608 0.044242 -1.128117 0.842314 -0.846810 -0.166829 -0.437532 1.879640 
20.054054 -0.971508 -0.241925 0.542199 -0.851077 0.845042 -0.846943 -0.172027 -0.441011 1.879951 
20.053730 -0.991830 -0.228135 0.042214 -0.878122 1.092310 -0.846810 -0.166829 -0.437532 1.879640 
20.055245 -1.068910 -0.502084 -0.364737 -0.821604 1.089421 -0.847107 -0.178461 -0.445317 1.880335 
20.053730 -0.991840 -0.227777 0.042158 -0.878122 1.092310 -1.096810 -0.166829 -0.437532 1.879640 
20.054301 -1.018743 0.249837 -0.100253 -0.855978 1.092508 -0.845987 -0.171377 -0.440576 1.879912 
20.053728 -0.991550 -0.228343 0.049446 -0.878103 1.092349 -0.846812 -0.416724 -0.437532 1.879640 
20.054707 -0.994664 -0.327478 0.528813 -0.822602 1.094771 -0.846804 -0.152659 -0.444865 1.880295 
20.053728 -0.991642 -0.228274 0.047051 -0.878109 1.092336 -0.846811 -0.166689 -0.687485 1.879640 
20.054708 -0.994685 -0.327500 0.528475 -0.822583 1.094769 -0.846804 -0.152669 -0.418139 1.880295 
20.053729 -0.991813 -0.228147 0.042646 -0.878120 1.092312 -0.846810 -0.166816 -0.437524 2.129640 
20.054708 -0.994685 -0.327500 0.528474 -0.822583 1.094769 -0.846804 -0.152669 -0.418139 1.878567 
20.054219 -0.993257 -0.277817 0.285344 -0.850352 1.093539 -0.846807 -0.159749 -0.427836 1.879104 
20.054516 -1.113750 -0.200994 0.047042 -0.878109 1.092264 -0.846767 -0.166848 -0.437545 1.879641 
20.053644 -0.922765 0.010661 0.025366 -0.857850 1.092795 -0.846372 -0.167434 -0.434225 1.879591 
20.054202 -0.985507 -0.287116 -0.063905 -0.849409 1.091612 -0.846734 -0.169840 -0.434250 1.879699 
20.116218 -0.991427 -0.228135 0.042217 -0.879227 1.092310 -0.846810 -0.166829 -0.437532 1.879640 
20.114065 -0.986400 -0.233393 0.029483 -1.003338 1.092233 -0.846776 -0.167196 -0.436271 1.879627 
20.116340 -0.954125 -0.112367 0.016403 -0.866610 1.092453 -0.846567 -0.167628 -0.435255 1.879623 
20.116531 -0.976149 -0.244076 0.098962 -0.866100 1.092605 -0.846750 -0.165154 -0.432698 1.879455 
20.116219 -0.991460 -0.228201 0.042045 -0.879227 1.123559 -0.846810 -0.166829 -0.437532 1.879640 
20.116924 -0.979469 -0.272674 0.012843 -0.849331 1.091664 -0.846734 -0.167624 -0.432906 1.879570 
20.116220 -0.991607 -0.228139 0.042231 -0.879227 1.092309 -0.815561 -0.166829 -0.437532 1.879640 
20.117061 -1.051634 -0.231812 0.048815 -0.864062 1.091977 -0.815888 -0.166700 -0.433632 1.879545 
20.116220 -0.991642 -0.228113 0.041327 -0.879229 1.092304 -0.815560 -0.135592 -0.437545 1.879640 
20.116345 -0.992864 -0.232273 0.044597 -0.875319 1.092236 -0.815564 -0.167035 -0.499714 1.879615 
20.116217 -0.991603 -0.228144 0.042162 -0.879378 1.092309 -0.815560 -0.166831 -0.437532 1.848390 
20.115557 -0.996281 -0.256260 0.041135 -0.934805 1.091776 -0.815557 -0.168362 -0.436927 1.879985 
20.116705 -0.982052 -0.202075 0.035916 -0.866540 1.091828 -0.815462 -0.168699 -0.436489 1.879668 
20.116272 -0.992245 -0.232805 0.027588 -0.876513 1.092218 -0.815558 -0.167249 -0.437594 1.879660 
20.116576 -0.980370 -0.237783 0.064473 -0.863383 1.092186 -0.815490 -0.166942 -0.434157 1.879553 
20.116636 -0.972183 -0.235167 0.092908 -0.872799 1.091910 -0.815423 -0.167573 -0.431910 1.879604 
20.132193 -0.980856 -0.237819 0.064538 -0.863511 1.092185 -0.815494 -0.166941 -0.434119 1.879552 
20.131505 -1.007027 -0.234555 0.072026 -0.848644 1.092140 -0.815642 -0.166970 -0.432279 1.879470 
20.131512 -1.007076 -0.234739 0.072233 -0.848440 1.076859 -0.815643 -0.166968 -0.435524 1.879469 
20.131626 -1.006557 -0.235061 0.074388 -0.844574 1.098656 -0.815639 -0.166977 -0.462469 1.879448 
20.131736 -1.002203 -0.220918 0.071266 -0.842818 1.091917 -0.815612 -0.166998 -0.431754 1.879442 
20.132327 -0.995364 -0.228971 0.059936 -0.815948 1.091641 -0.815549 -0.168200 -0.428196 1.879381 
20.133020 -0.987195 -0.224316 0.078631 -0.793608 1.091324 -0.815462 -0.169844 -0.422172 1.879334 
20.133264 -0.988972 -0.218348 0.074457 -0.784893 1.091257 -0.799185 -0.187499 -0.420569 1.895616 
20.133526 -0.989485 -0.213803 0.071758 -0.775229 1.091177 -0.786399 -0.164587 -0.418757 1.908389 
20.133525 -0.989539 -0.213813 0.071754 -0.775271 1.091176 -0.775339 -0.164588 -0.418755 1.897352 
20.134198 -0.992700 -0.199276 0.062078 -0.750940 1.090981 -0.777470 -0.170814 -0.414202 1.895099 
20.149095 -0.990459 -0.214338 0.071886 -0.775536 1.091716 -0.775345 -0.164586 -0.418291 1.897351 
20.131284 -1.002217 -0.227706 0.075838 -0.769761 1.108658 -0.772805 -0.166304 -0.402972 1.899938 
20.133627 -0.984391 -0.212316 0.069258 -0.778964 1.086092 -0.775310 -0.164583 -0.405729 1.897373 
20.134806 -0.958192 -0.218380 0.067313 -0.772228 1.096182 -0.768962 -0.168678 -0.408112 1.903563 
20.134861 -0.958933 -0.229345 0.064240 -0.766954 1.086980 -0.768960 -0.169048 -0.409245 1.903559 
20.135375 -0.954731 -0.212198 0.088072 -0.767525 1.085598 -0.756536 -0.175489 -0.405383 1.915923 
20.134655 -0.961896 -0.217615 0.058793 -0.776765 1.096270 -0.762289 -0.175352 -0.409642 1.910287 
20.134609 -0.958005 -0.220457 0.034934 -0.781714 1.105021 -0.769363 -0.161901 -0.410858 1.903178 
20.134597 -0.960593 -0.219392 0.059279 -0.779561 1.097158 -0.768480 -0.187743 -0.410022 1.904086 
20.134458 -0.961271 -0.221425 0.061262 -0.782767 1.096546 -0.761720 -0.173820 -0.410574 1.910879 
20.133600 -0.967663 -0.224045 0.060286 -0.772835 1.105251 -0.760982 -0.176716 -0.401595 1.911615 
20.125815 -0.967237 -0.223792 0.060236 -0.772679 1.105014 -0.760908 -0.176717 -0.401910 1.911544 
20.126044 -0.970512 -0.224853 0.061799 -0.769639 1.108933 -0.753000 -0.177000 -0.410996 1.903798 
20.125785 -0.968807 -0.224446 0.060843 -0.771357 1.107043 -0.764902 -0.176676 -0.406556 1.915335 
20.125961 -0.967698 -0.218887 0.066417 -0.764396 1.102315 -0.756296 -0.183336 -0.398065 1.916631 
20.126031 -0.967379 -0.213419 0.059939 -0.753498 1.104665 -0.755147 -0.186201 -0.391936 1.917512 
20.125974 -0.966727 -0.208848 0.056351 -0.743136 1.107051 -0.751747 -0.190336 -0.384264 1.920572 
20.125857 -0.966670 -0.208912 0.067408 -0.742415 1.104350 -0.745641 -0.195692 -0.381653 1.926996 
20.125330 -0.979671 -0.203589 0.068629 -0.741361 1.099220 -0.747484 -0.196143 -0.378362 1.925218 
20.125854 -0.965754 -0.203806 0.070168 -0.744237 1.108719 -0.746657 -0.194500 -0.380880 1.925975 
20.126092 -0.962770 -0.212709 0.073992 -0.733145 1.100825 -0.750637 -0.191528 -0.379440 1.921939 
20.125688 -0.966812 -0.210628 0.067842 -0.743239 1.105978 -0.748453 -0.201850 -0.380761 1.924183 
20.126695 -0.961174 -0.203903 0.063789 -0.742844 1.097850 -0.747068 -0.208897 -0.386243 1.925539 
20.125799 -0.967210 -0.210671 0.068116 -0.742790 1.106366 -0.742905 -0.201988 -0.381695 1.918820 
20.125703 -0.971664 -0.212130 0.068338 -0.736584 1.112103 -0.747873 -0.204455 -0.391384 1.928220 
20.117903 -0.966385 -0.210394 0.067792 -0.743118 1.105741 -0.748390 -0.201833 -0.381095 1.924101 
20.125320 -0.967278 -0.217260 0.061138 -0.746439 1.107208 -0.741505 -0.206048 -0.374692 1.930537 
20.125311 -0.968825 -0.224096 0.064197 -0.757870 1.103183 -0.741285 -0.205326 -0.380842 1.931189 
20.128784 -0.966411 -0.219526 0.063447 -0.745950 1.106801 -0.747006 -0.206949 -0.372266 1.929861 
20.127312 -0.961578 -0.224298 0.062392 -0.734011 1.104261 -0.744179 -0.207399 -0.366143 1.930080 
20.127396 -0.973490 -0.221171 0.060829 -0.730301 1.098798 -0.745245 -0.209834 -0.359879 1.929786 
20.127452 -0.973843 -0.222959 0.054680 -0.729988 1.098504 -0.747736 -0.207756 -0.361374 1.927148 
20.128537 -0.971241 -0.214483 0.065767 -0.728019 1.105139 -0.743284 -0.213970 -0.350419 1.933366 
20.128008 -0.971666 -0.218302 0.076799 -0.728140 1.100377 -0.738247 -0.218001 -0.345930 1.938154 
20.127495 -0.968744 -0.213365 0.064788 -0.731577 1.101931 -0.742727 -0.211800 -0.346334 1.930749 
20.128853 -0.967141 -0.209768 0.054115 -0.728633 1.108565 -0.747192 -0.210579 -0.340968 1.927595 
20.125819 -0.971499 -0.216653 0.066667 -0.732064 1.105517 -0.742056 -0.207602 -0.344327 1.929700 
20.128999 -0.964055 -0.211591 0.069019 -0.731230 1.094633 -0.739863 -0.219399 -0.338209 1.934425 
20.126141 -0.964205 -0.213356 0.068038 -0.732186 1.096580 -0.740059 -0.224561 -0.337790 1.930277 
20.128330 -0.960675 -0.208245 0.057477 -0.729029 1.100500 -0.744217 -0.226531 -0.331623 1.928113 
20.128714 -0.968195 -0.209717 0.048797 -0.726193 1.092060 -0.747648 -0.228364 -0.329156 1.925039 
20.133995 -0.961270 -0.208609 0.057535 -0.728884 1.100970 -0.740239 -0.226744 -0.331880 1.924609 
20.126143 -0.954849 -0.199366 0.063902 -0.724148 1.103645 -0.746175 -0.225533 -0.332471 1.921328 
20.124781 -0.960200 -0.207427 0.055092 -0.726345 1.100206 -0.738452 -0.225825 -0.332234 1.928789 
20.129331 -0.960078 -0.201420 0.056018 -0.739572 1.107654 -0.741956 -0.229531 -0.331418 1.932308 
20.128210 -0.956328 -0.208813 0.054913 -0.731894 1.097880 -0.744786 -0.225184 -0.335451 1.926281 
20.130755 -0.951534 -0.217231 0.058330 -0.725059 1.106544 -0.745124 -0.227507 -0.328690 1.931363 
20.132324 -0.951849 -0.219838 0.055390 -0.721776 1.104870 -0.749139 -0.229118 -0.325877 1.929681 
20.134418 -0.950532 -0.219145 0.052569 -0.724734 1.108688 -0.750934 -0.232215 -0.323139 1.931366 
20.134747 -0.946908 -0.215666 0.054599 -0.722606 1.111583 -0.753715 -0.233148 -0.321858 1.928464 
20.138367 -0.944405 -0.212742 0.054895 -0.721429 1.109627 -0.754689 -0.230443 -0.319269 1.932048 
20.137366 -0.944036 -0.213660 0.054659 -0.723546 1.111383 -0.755226 -0.225645 -0.314639 1.929463 
20.137991 -0.945029 -0.213433 0.053346 -0.722513 1.113287 -0.756170 -0.223868 -0.316434 1.929846 
20.139382 -0.940202 -0.213261 0.057421 -0.723945 1.113012 -0.758418 -0.226792 -0.310185 1.928896 
20.136953 -0.946070 -0.213278 0.055578 -0.721809 1.112608 -0.754188 -0.226200 -0.312874 1.930436 
20.135249 -0.940298 -0.211652 0.050079 -0.721430 1.111537 -0.752142 -0.225907 -0.312910 1.928753 
20.132387 -0.940129 -0.211345 0.050037 -0.721558 1.111217 -0.754116 -0.225787 -0.312823 1.930457 
20.135485 -0.943131 -0.205996 0.048312 -0.723186 1.109487 -0.753475 -0.226536 -0.311565 1.926189 
20.135072 -0.939797 -0.210242 0.050705 -0.723765 1.113346 -0.750736 -0.225979 -0.313499 1.929995 
20.133028 -0.937127 -0.209919 0.055052 -0.721268 1.112192 -0.748131 -0.222386 -0.315103 1.929054 
20.135004 -0.939969 -0.211701 0.050648 -0.726186 1.110904 -0.750099 -0.225100 -0.313267 1.930183 
20.135727 -0.938186 -0.216000 0.048267 -0.724831 1.112386 -0.747803 -0.224582 -0.311309 1.934630 
20.133958 -0.938082 -0.218122 0.048189 -0.725558 1.113662 -0.747356 -0.225878 -0.311788 1.932801 
20.135467 -0.938853 -0.215891 0.047917 -0.724387 1.111822 -0.747060 -0.225249 -0.312495 1.935127 
20.136939 -0.935727 -0.216357 0.049455 -0.725234 1.111608 -0.748958 -0.226535 -0.311546 1.935116 
20.136486 -0.935915 -0.215924 0.049847 -0.725052 1.111203 -0.748209 -0.227377 -0.310218 1.935101 
20.137141 -0.934152 -0.215178 0.049924 -0.725982 1.110774 -0.748789 -0.227653 -0.307122 1.934764 
20.138214 -0.934873 -0.215827 0.052377 -0.726599 1.111057 -0.749787 -0.227997 -0.304863 1.935451 
20.138504 -0.934160 -0.215322 0.050068 -0.725847 1.110899 -0.747735 -0.227610 -0.307211 1.933891 
20.135864 -0.931755 -0.214860 0.051545 -0.725020 1.110048 -0.747773 -0.226074 -0.306880 1.934418 
20.137058 -0.933894 -0.214391 0.050238 -0.726999 1.111816 -0.748128 -0.227741 -0.307428 1.935370 
20.137372 -0.933420 -0.213852 0.049407 -0.723613 1.112905 -0.749667 -0.228766 -0.306534 1.934398 
20.137387 -0.933865 -0.212576 0.049995 -0.723864 1.112407 -0.750274 -0.228753 -0.306959 1.933513 
20.135934 -0.932580 -0.214888 0.048892 -0.724827 1.113792 -0.749819 -0.230456 -0.306040 1.931997 
20.136373 -0.931759 -0.215000 0.049275 -0.724792 1.113138 -0.749986 -0.231716 -0.306754 1.932479 
20.136059 -0.932019 -0.213227 0.046191 -0.725072 1.113106 -0.749363 -0.231118 -0.304116 1.932014 
20.136313 -0.931996 -0.215289 0.048204 -0.725300 1.113664 -0.751148 -0.229701 -0.306386 1.931969 
20.137532 -0.931145 -0.213877 0.049398 -0.724897 1.116584 -0.748850 -0.230216 -0.305895 1.931257 
20.136740 -0.932077 -0.213639 0.047989 -0.723382 1.119147 -0.748262 -0.230958 -0.307079 1.930509 
20.138393 -0.932261 -0.214112 0.049428 -0.725461 1.117055 -0.749439 -0.230956 -0.305403 1.931565 
20.137013 -0.930033 -0.214001 0.051335 -0.724296 1.117064 -0.749512 -0.230024 -0.302915 1.931060 
20.138014 -0.930195 -0.214614 0.051183 -0.723366 1.116484 -0.749309 -0.229978 -0.302729 1.930009 
20.137506 -0.929798 -0.214541 0.052145 -0.726934 1.116832 -0.747211 -0.229186 -0.302113 1.930462 
20.137033 -0.930102 -0.212610 0.051834 -0.724550 1.116629 -0.749829 -0.229853 -0.303440 1.930076 
20.136823 -0.932089 -0.213931 0.052067 -0.723958 1.117763 -0.751592 -0.231485 -0.301075 1.931080 
20.138253 -0.932913 -0.212525 0.052701 -0.722388 1.117616 -0.751672 -0.230088 -0.300641 1.933430 
20.138199 -0.933177 -0.213356 0.054056 -0.722265 1.117944 -0.751903 -0.229783 -0.301615 1.933431 
20.138914 -0.931477 -0.211028 0.051061 -0.722266 1.116763 -0.751659 -0.232305 -0.299303 1.934048 
20.137988 -0.931940 -0.209614 0.048303 -0.721551 1.117767 -0.751162 -0.231730 -0.297877 1.933376 
20.137644 -0.932634 -0.209375 0.048888 -0.721484 1.117636 -0.749628 -0.232358 -0.297656 1.933373 
20.138730 -0.932946 -0.209426 0.048614 -0.724089 1.116278 -0.749345 -0.231508 -0.295545 1.933494 
20.137810 -0.932063 -0.209489 0.049332 -0.723515 1.115823 -0.749429 -0.231050 -0.294599 1.933344 
20.136244 -0.933260 -0.209836 0.048228 -0.723134 1.112919 -0.750037 -0.231138 -0.295299 1.934112 
20.137016 -0.931974 -0.208169 0.049751 -0.724414 1.116031 -0.749781 -0.230985 -0.295061 1.933604 
20.139100 -0.932425 -0.207871 0.049952 -0.722726 1.114433 -0.749796 -0.230801 -0.294956 1.930591 
20.137974 -0.931050 -0.209396 0.048889 -0.723623 1.115441 -0.748373 -0.230279 -0.295424 1.933441 
20.138213 -0.929759 -0.209696 0.049775 -0.723020 1.115721 -0.749205 -0.232103 -0.291776 1.933747 
20.138903 -0.929451 -0.209758 0.051124 -0.721747 1.116125 -0.748939 -0.230254 -0.289347 1.935045 
20.138368 -0.929705 -0.209129 0.049754 -0.721436 1.116666 -0.748684 -0.229937 -0.288677 1.934612 
20.136922 -0.928495 -0.210596 0.049421 -0.722098 1.117485 -0.748209 -0.229905 -0.286655 1.932608 
20.135360 -0.927955 -0.210877 0.047838 -0.721316 1.115294 -0.748381 -0.230616 -0.284699 1.933020 
20.136778 -0.927547 -0.210805 0.045916 -0.722620 1.115625 -0.747767 -0.231676 -0.282234 1.933024 
20.135854 -0.928084 -0.210344 0.046523 -0.721443 1.116102 -0.744956 -0.233547 -0.281524 1.932896 
20.135277 -0.927898 -0.211132 0.046091 -0.721544 1.117014 -0.745012 -0.233756 -0.281790 1.934192 
20.135896 -0.926069 -0.209870 0.045457 -0.719258 1.116930 -0.745968 -0.234433 -0.280534 1.931636 
20.134097 -0.924818 -0.207352 0.046003 -0.720774 1.117212 -0.746386 -0.234542 -0.279462 1.931958 
20.134312 -0.922409 -0.207156 0.045033 -0.720922 1.116413 -0.744198 -0.233093 -0.280394 1.932089 
20.134651 -0.922422 -0.207173 0.045719 -0.720280 1.116637 -0.744073 -0.232024 -0.279313 1.932751 
20.133375 -0.922475 -0.206809 0.044945 -0.719859 1.116677 -0.743636 -0.230384 -0.276227 1.932191 
20.133166 -0.920733 -0.207602 0.046387 -0.719977 1.115684 -0.743573 -0.230534 -0.273324 1.932314 
20.133126 -0.919287 -0.207490 0.047289 -0.719609 1.114514 -0.743508 -0.230496 -0.270105 1.932996 
20.131654 -0.917498 -0.209036 0.047238 -0.720961 1.114026 -0.742737 -0.230590 -0.269099 1.931043 
20.132809 -0.917152 -0.209123 0.049167 -0.721385 1.116723 -0.742532 -0.229727 -0.267969 1.930295 
20.130964 -0.917828 -0.208824 0.047859 -0.720167 1.114202 -0.741474 -0.231321 -0.269171 1.930980 
20.129826 -0.917123 -0.209556 0.048748 -0.719607 1.113089 -0.744488 -0.228893 -0.269857 1.931043 
20.131156 -0.916775 -0.209600 0.046560 -0.720444 1.115061 -0.743067 -0.231020 -0.269060 1.931839 
20.130311 -0.918028 -0.210979 0.046730 -0.722489 1.114922 -0.742238 -0.230522 -0.268651 1.934234 
20.131950 -0.916378 -0.210385 0.046280 -0.719766 1.114770 -0.742138 -0.230124 -0.269369 1.932001 
20.131903 -0.918495 -0.211750 0.045820 -0.719514 1.114708 -0.744090 -0.232469 -0.267735 1.931014 
20.132546 -0.917844 -0.212238 0.046770 -0.719792 1.114332 -0.744313 -0.233444 -0.268434 1.931373 
20.131648 -0.918059 -0.210510 0.042538 -0.719653 1.114517 -0.743972 -0.232868 -0.266166 1.931049 
20.131136 -0.919117 -0.210974 0.040674 -0.720491 1.115859 -0.743900 -0.232889 -0.268560 1.929657 
20.130639 -0.918069 -0.210640 0.042281 -0.719087 1.113238 -0.744497 -0.232727 -0.266797 1.931300 
20.131050 -0.917565 -0.210255 0.042880 -0.718652 1.115569 -0.745185 -0.231259 -0.263284 1.931097 
20.129609 -0.918133 -0.209595 0.043451 -0.716912 1.116050 -0.742798 -0.232611 -0.262137 1.931117 
20.130432 -0.918474 -0.208591 0.043402 -0.715763 1.116319 -0.743358 -0.232729 -0.262660 1.931243 
20.129634 -0.920119 -0.209726 0.043207 -0.717848 1.116191 -0.742529 -0.232048 -0.261364 1.934175 
20.129085 -0.918788 -0.208648 0.043982 -0.717741 1.115898 -0.743515 -0.233256 -0.261870 1.930646 
20.130254 -0.919463 -0.208102 0.044186 -0.718170 1.113852 -0.742193 -0.231700 -0.260327 1.929169 
20.130719 -0.920217 -0.209237 0.043961 -0.717752 1.113622 -0.742732 -0.232561 -0.259776 1.928814 
20.131088 -0.917710 -0.209176 0.044419 -0.718723 1.112942 -0.742809 -0.233841 -0.257473 1.929334 
20.130423 -0.915894 -0.209528 0.043901 -0.720268 1.113509 -0.742687 -0.234221 -0.254749 1.928420 
20.130280 -0.914485 -0.210678 0.046819 -0.721089 1.113673 -0.742712 -0.234183 -0.253129 1.928131 
20.129358 -0.915735 -0.209553 0.043797 -0.719445 1.112775 -0.743546 -0.233555 -0.254310 1.928651 
20.128667 -0.914748 -0.209141 0.041369 -0.720467 1.110847 -0.742879 -0.235145 -0.254238 1.928666 
20.129145 -0.916565 -0.209899 0.043694 -0.720211 1.112764 -0.743273 -0.233253 -0.253807 1.930045 
20.130684 -0.916443 -0.207876 0.042331 -0.719438 1.113860 -0.744170 -0.233276 -0.251842 1.930723 
20.129986 -0.916896 -0.207648 0.042579 -0.718499 1.114113 -0.743038 -0.233987 -0.251318 1.930683 
20.130855 -0.918301 -0.210017 0.040867 -0.719287 1.114329 -0.745197 -0.233847 -0.250909 1.929123 
20.130176 -0.917317 -0.206800 0.042839 -0.720221 1.113650 -0.744702 -0.233561 -0.251761 1.930135 
20.130600 -0.916547 -0.207169 0.041427 -0.719878 1.113685 -0.742262 -0.230400 -0.251496 1.929431 
20.130095 -0.916165 -0.207768 0.041812 -0.720025 1.115394 -0.744045 -0.233486 -0.252434 1.930712 
20.128370 -0.915391 -0.207536 0.042291 -0.717916 1.113034 -0.745676 -0.231929 -0.251693 1.931978 
20.128549 -0.914172 -0.207676 0.043270 -0.718427 1.112869 -0.745421 -0.232002 -0.250738 1.932199 
20.128877 -0.912944 -0.207710 0.044306 -0.718850 1.112594 -0.745095 -0.232069 -0.249966 1.932602 
20.128904 -0.912116 -0.207244 0.044926 -0.718273 1.111849 -0.745123 -0.231691 -0.250284 1.933782 
20.129049 -0.913213 -0.207843 0.044897 -0.718594 1.113079 -0.745272 -0.231679 -0.249977 1.932577 
20.128358 -0.912441 -0.208548 0.043681 -0.719147 1.112086 -0.745436 -0.232395 -0.248761 1.932177 
20.127452 -0.911464 -0.208528 0.043165 -0.719903 1.113128 -0.745358 -0.232707 -0.248770 1.932280 
20.127247 -0.911250 -0.208175 0.042725 -0.720215 1.112874 -0.744437 -0.231345 -0.248373 1.931659 
20.127643 -0.911167 -0.207650 0.042393 -0.719974 1.113147 -0.744677 -0.231370 -0.247917 1.931738 
20.127721 -0.910220 -0.207412 0.042549 -0.719287 1.113035 -0.744907 -0.231679 -0.248407 1.930339 
20.127909 -0.911070 -0.207612 0.042343 -0.720533 1.112996 -0.745294 -0.231068 -0.248158 1.931676 
20.126793 -0.911586 -0.206556 0.042816 -0.720593 1.112774 -0.744898 -0.231857 -0.247155 1.931350 
20.127281 -0.911829 -0.206698 0.042810 -0.721019 1.113032 -0.744565 -0.232191 -0.247078 1.930950 
20.127417 -0.911125 -0.206602 0.041769 -0.721601 1.112494 -0.744261 -0.232677 -0.245975 1.931133 
20.126995 -0.911628 -0.206626 0.040055 -0.721743 1.112447 -0.744440 -0.232954 -0.245581 1.930734 
20.127072 -0.910916 -0.206880 0.039795 -0.722247 1.112595 -0.744454 -0.232963 -0.243880 1.930701 
20.127178 -0.910164 -0.207029 0.039472 -0.722798 1.112711 -0.744394 -0.233013 -0.242211 1.930720 
20.127278 -0.909423 -0.207158 0.039094 -0.723359 1.112819 -0.744326 -0.233077 -0.240549 1.930737 
20.127335 -0.908750 -0.207282 0.038561 -0.723918 1.112919 -0.744274 -0.233168 -0.238898 1.930717 
20.127123 -0.908586 -0.207491 0.037354 -0.724334 1.112997 -0.744409 -0.233333 -0.237505 1.930440 
20.127630 -0.907626 -0.206850 0.037168 -0.724856 1.112222 -0.743659 -0.233865 -0.237409 1.931122 
20.128607 -0.907807 -0.206786 0.037656 -0.725742 1.113081 -0.742939 -0.234226 -0.237075 1.930575 
20.128801 -0.908018 -0.206647 0.037633 -0.725637 1.112658 -0.742586 -0.233573 -0.236910 1.930288 
20.129456 -0.908228 -0.207391 0.038195 -0.725374 1.112171 -0.743461 -0.235016 -0.236444 1.930631 
20.129632 -0.907760 -0.207095 0.038149 -0.724970 1.112216 -0.743653 -0.235168 -0.236509 1.930011 
20.128939 -0.907097 -0.208148 0.038576 -0.725531 1.111622 -0.743226 -0.235379 -0.236721 1.929196 
20.129361 -0.907867 -0.207127 0.038214 -0.724404 1.112365 -0.743038 -0.235468 -0.236289 1.930074 
20.128907 -0.907540 -0.206085 0.039277 -0.724578 1.112272 -0.743352 -0.235753 -0.235260 1.929991 
20.129493 -0.906283 -0.206175 0.039931 -0.724157 1.112678 -0.743435 -0.235578 -0.234298 1.930379 
20.129785 -0.905881 -0.205051 0.040317 -0.724129 1.112447 -0.743468 -0.236732 -0.233499 1.930020 
20.130012 -0.906311 -0.204918 0.041089 -0.724556 1.111900 -0.743453 -0.237547 -0.232388 1.930784 
20.129979 -0.905782 -0.204834 0.040857 -0.724028 1.112267 -0.743266 -0.236751 -0.234145 1.930277 
20.129460 -0.905961 -0.204929 0.040062 -0.723797 1.113214 -0.744154 -0.236869 -0.232491 1.928828 
20.128631 -0.905286 -0.204641 0.039188 -0.723171 1.112309 -0.744740 -0.236890 -0.232111 1.929182 
20.128958 -0.905482 -0.204551 0.039235 -0.722965 1.111785 -0.744501 -0.236396 -0.231875 1.928830 
20.128613 -0.904944 -0.203805 0.038392 -0.723805 1.112126 -0.743668 -0.236016 -0.231186 1.928786 
20.128886 -0.905326 -0.203461 0.038091 -0.723319 1.112464 -0.743600 -0.235995 -0.231133 1.929193 
20.128399 -0.904656 -0.204683 0.038019 -0.723160 1.112021 -0.742502 -0.236894 -0.230951 1.928381 
20.128868 -0.904015 -0.204940 0.038144 -0.723011 1.112231 -0.742608 -0.236678 -0.230683 1.928597 
20.129851 -0.903608 -0.205317 0.037057 -0.723604 1.111825 -0.743140 -0.237247 -0.230639 1.928114 
20.129665 -0.903976 -0.205961 0.036789 -0.723783 1.111889 -0.743223 -0.236872 -0.230415 1.928366 
20.129382 -0.902025 -0.205725 0.037300 -0.723354 1.111762 -0.743171 -0.237023 -0.230020 1.927513 
20.129325 -0.900616 -0.205827 0.037017 -0.722421 1.112097 -0.743103 -0.236861 -0.229202 1.927282 
20.128345 -0.899675 -0.206192 0.036818 -0.722066 1.111766 -0.742633 -0.237261 -0.228789 1.926278 
20.127938 -0.898686 -0.205339 0.036521 -0.722922 1.111984 -0.742685 -0.236463 -0.228157 1.926094 
20.128034 -0.898445 -0.205294 0.037217 -0.723206 1.111542 -0.742774 -0.237165 -0.226649 1.926553 
20.128139 -0.896955 -0.205592 0.037493 -0.723338 1.110831 -0.742267 -0.236948 -0.226589 1.927318 
20.128394 -0.898668 -0.205217 0.037301 -0.723026 1.111057 -0.742511 -0.236672 -0.226429 1.926187 
20.128872 -0.898330 -0.205571 0.038031 -0.723379 1.112204 -0.742330 -0.236686 -0.225763 1.925241 
20.128894 -0.898502 -0.205398 0.036781 -0.723325 1.110840 -0.742830 -0.236952 -0.226439 1.925949 
20.128470 -0.898238 -0.205134 0.036925 -0.722830 1.110350 -0.744457 -0.236757 -0.226022 1.925589 
20.128708 -0.898038 -0.204442 0.037168 -0.722676 1.110292 -0.744370 -0.237160 -0.226315 1.925399 
20.128232 -0.898395 -0.204619 0.035604 -0.722434 1.110364 -0.744314 -0.237029 -0.224819 1.925739 
20.127380 -0.898937 -0.204436 0.035472 -0.723702 1.109494 -0.744364 -0.237363 -0.224525 1.925316 
20.128498 -0.898431 -0.204150 0.035579 -0.722899 1.110585 -0.744533 -0.236565 -0.224762 1.926099 
20.128929 -0.899378 -0.205211 0.035617 -0.721852 1.109921 -0.744871 -0.237743 -0.224428 1.926447 
20.128169 -0.899007 -0.204518 0.035334 -0.722316 1.110735 -0.744481 -0.236941 -0.225204 1.925344 
20.128173 -0.896979 -0.205160 0.035139 -0.722168 1.109449 -0.744171 -0.236857 -0.224516 1.926237 
20.128524 -0.896120 -0.205710 0.035631 -0.722364 1.109855 -0.744139 -0.237139 -0.223146 1.925736 
20.128416 -0.896103 -0.205650 0.036487 -0.721734 1.109309 -0.743428 -0.236335 -0.222052 1.925586 
20.127872 -0.895966 -0.205493 0.036733 -0.721471 1.109391 -0.744106 -0.236340 -0.221961 1.925683 
20.128035 -0.895377 -0.206156 0.036797 -0.721979 1.109958 -0.742598 -0.237052 -0.221346 1.926364 
20.128673 -0.895865 -0.204996 0.036738 -0.721647 1.109055 -0.743349 -0.236842 -0.222122 1.925565 
20.129149 -0.895275 -0.206094 0.036111 -0.721570 1.109119 -0.743901 -0.236189 -0.221337 1.924388 
20.129130 -0.894315 -0.206395 0.035371 -0.721170 1.107869 -0.743851 -0.235681 -0.221615 1.924827 
20.129521 -0.894065 -0.206613 0.035802 -0.720805 1.108194 -0.743874 -0.235476 -0.222073 1.924944 
20.128942 -0.894307 -0.206963 0.036179 -0.722427 1.106864 -0.744145 -0.235813 -0.221650 1.924496 
20.129351 -0.894738 -0.206811 0.035385 -0.720760 1.107600 -0.744026 -0.236149 -0.221460 1.925023 
20.129985 -0.894428 -0.205872 0.035017 -0.721702 1.107930 -0.744469 -0.235155 -0.220707 1.925777 
20.130139 -0.894945 -0.205563 0.034956 -0.721556 1.107643 -0.744726 -0.234762 -0.221050 1.925428 
20.129514 -0.894285 -0.205437 0.033722 -0.721550 1.108037 -0.744054 -0.235415 -0.219525 1.925589 
20.129197 -0.894106 -0.205782 0.033912 -0.722954 1.107100 -0.744216 -0.235643 -0.218782 1.925371 
20.129666 -0.892933 -0.206271 0.033880 -0.723640 1.107027 -0.744170 -0.235483 -0.217574 1.925495 
20.130169 -0.891857 -0.206680 0.033776 -0.724378 1.106812 -0.744194 -0.235212 -0.216325 1.925490 
20.130368 -0.891833 -0.206608 0.033497 -0.725390 1.105770 -0.744568 -0.234723 -0.215435 1.924851 
20.130608 -0.891216 -0.206938 0.032536 -0.726344 1.106110 -0.745279 -0.235514 -0.215850 1.924963 
20.129901 -0.891989 -0.207129 0.033377 -0.725356 1.106034 -0.744933 -0.234268 -0.215333 1.924912 
20.129710 -0.891062 -0.205876 0.034187 -0.724949 1.105525 -0.745600 -0.235097 -0.214884 1.924967 
20.129546 -0.890755 -0.205934 0.033895 -0.724784 1.104938 -0.745475 -0.234872 -0.215173 1.925439 
20.129283 -0.890797 -0.205634 0.035048 -0.725526 1.105442 -0.745004 -0.235223 -0.213669 1.925726 
20.129410 -0.890247 -0.205051 0.034298 -0.724606 1.105629 -0.744772 -0.235004 -0.212461 1.925335 
20.130517 -0.890285 -0.204323 0.034344 -0.724379 1.105924 -0.745429 -0.234154 -0.212020 1.926091 
20.130759 -0.890655 -0.204735 0.034300 -0.724065 1.105622 -0.745617 -0.234616 -0.211707 1.926313 
20.131192 -0.889748 -0.204992 0.034564 -0.723085 1.105298 -0.745537 -0.234569 -0.210656 1.925611 
20.130814 -0.890058 -0.204076 0.034007 -0.722235 1.104922 -0.745556 -0.234821 -0.209487 1.925246 
20.130961 -0.889128 -0.203985 0.032943 -0.722376 1.105266 -0.745958 -0.235659 -0.208611 1.925370 
20.130757 -0.888825 -0.203797 0.032963 -0.721042 1.106247 -0.745515 -0.236253 -0.208532 1.925963 
20.130200 -0.888842 -0.204168 0.032966 -0.720934 1.106456 -0.746038 -0.235885 -0.208341 1.926040 
20.130381 -0.889049 -0.204718 0.031896 -0.720809 1.106684 -0.745401 -0.235383 -0.207100 1.925879 
20.130041 -0.888534 -0.204432 0.032046 -0.720767 1.106281 -0.745834 -0.235837 -0.205442 1.926029 
20.130031 -0.888049 -0.204019 0.031968 -0.720495 1.105943 -0.746606 -0.236114 -0.203850 1.926123 
20.130099 -0.887764 -0.203819 0.031899 -0.720818 1.105480 -0.745626 -0.236806 -0.202463 1.926132 
20.129166 -0.887734 -0.203786 0.032817 -0.720066 1.105510 -0.745359 -0.236981 -0.201353 1.926577 
20.129387 -0.886595 -0.204585 0.033091 -0.720387 1.106234 -0.745488 -0.237469 -0.200922 1.927407 
20.129522 -0.886929 -0.204580 0.033378 -0.720572 1.106807 -0.745619 -0.237725 -0.200731 1.926897 
20.128230 -0.885960 -0.205065 0.032864 -0.720327 1.105740 -0.745740 -0.238361 -0.200327 1.926831 
20.128159 -0.885585 -0.205043 0.032784 -0.719733 1.105685 -0.745559 -0.238524 -0.198558 1.927174 
20.127681 -0.885956 -0.204960 0.032920 -0.719526 1.105928 -0.745711 -0.239193 -0.197261 1.926094 
20.127032 -0.884918 -0.204015 0.032980 -0.719880 1.106453 -0.745405 -0.238501 -0.196720 1.925705 
20.126730 -0.885166 -0.203641 0.032517 -0.719930 1.106809 -0.745439 -0.238875 -0.196788 1.926120 
20.126064 -0.885401 -0.203422 0.032635 -0.720583 1.106642 -0.745684 -0.239056 -0.195270 1.926754 
20.125865 -0.884979 -0.202526 0.032936 -0.720189 1.106567 -0.745707 -0.240070 -0.194096 1.927124 
20.125057 -0.885155 -0.203013 0.032495 -0.720050 1.107095 -0.744727 -0.240113 -0.192919 1.927349 
20.124215 -0.885193 -0.203322 0.032078 -0.719370 1.107766 -0.745416 -0.239708 -0.191821 1.927634 
20.124439 -0.884978 -0.203443 0.030715 -0.719812 1.107898 -0.745355 -0.239838 -0.190564 1.927460 
20.124003 -0.885822 -0.202642 0.030214 -0.719197 1.107002 -0.744929 -0.239161 -0.190136 1.927335 
20.125026 -0.885345 -0.203212 0.030937 -0.719791 1.108384 -0.745257 -0.239578 -0.190349 1.927569 
20.123917 -0.884527 -0.204200 0.031021 -0.720524 1.109049 -0.745463 -0.240562 -0.190030 1.927596 
20.124280 -0.883565 -0.203794 0.031257 -0.720340 1.109294 -0.746568 -0.241476 -0.189483 1.927885 
20.124426 -0.882664 -0.204281 0.031109 -0.720431 1.109367 -0.746199 -0.241094 -0.189419 1.929442 
20.124459 -0.883214 -0.204373 0.030772 -0.720336 1.109416 -0.746334 -0.241602 -0.189664 1.929867 
20.125001 -0.882808 -0.205660 0.031702 -0.720014 1.108755 -0.746264 -0.241361 -0.188678 1.929249 
20.124470 -0.882418 -0.204266 0.030979 -0.719803 1.109649 -0.745672 -0.241383 -0.189499 1.929261 
20.124567 -0.881598 -0.204917 0.030474 -0.720027 1.110774 -0.746506 -0.241070 -0.189856 1.928792 
20.124998 -0.882222 -0.204265 0.030988 -0.720323 1.109488 -0.745389 -0.241715 -0.189852 1.929105 
20.123605 -0.881794 -0.203814 0.031365 -0.720405 1.110242 -0.745426 -0.241943 -0.188401 1.929428 
20.123988 -0.880835 -0.202764 0.031311 -0.719944 1.109876 -0.746289 -0.242301 -0.187791 1.929658 
20.123572 -0.880391 -0.202480 0.032854 -0.719675 1.110172 -0.746668 -0.242574 -0.188485 1.930010 
20.123407 -0.880516 -0.202983 0.031071 -0.719947 1.109343 -0.746345 -0.242505 -0.188042 1.929535 
20.123429 -0.880347 -0.202725 0.029686 -0.720247 1.109099 -0.745959 -0.242160 -0.186886 1.929322 
20.122659 -0.879202 -0.201767 0.029701 -0.720350 1.109073 -0.745893 -0.242009 -0.185927 1.929512 
20.122073 -0.877997 -0.200951 0.030084 -0.720426 1.108887 -0.745610 -0.241277 -0.185211 1.929314 
20.121488 -0.877418 -0.200216 0.029189 -0.720617 1.108960 -0.745674 -0.241708 -0.184041 1.929757 
20.121790 -0.878017 -0.200330 0.030048 -0.720513 1.109129 -0.745578 -0.241142 -0.185812 1.929510 
20.122211 -0.877222 -0.201634 0.031331 -0.720152 1.108432 -0.745597 -0.240957 -0.184478 1.928812 
20.122168 -0.877682 -0.201254 0.030047 -0.720406 1.108884 -0.745441 -0.241157 -0.185270 1.930154 
20.122434 -0.877816 -0.201869 0.029058 -0.720454 1.108656 -0.745545 -0.241803 -0.183896 1.930198 
20.122682 -0.877167 -0.202771 0.029723 -0.720230 1.108145 -0.745572 -0.241802 -0.182625 1.929813 
20.122803 -0.876566 -0.203452 0.029735 -0.720120 1.107712 -0.745635 -0.242085 -0.180992 1.929650 
20.122923 -0.875698 -0.204222 0.029946 -0.719979 1.107286 -0.745587 -0.242185 -0.179536 1.929927 
20.122825 -0.875862 -0.203860 0.029858 -0.720040 1.107019 -0.745700 -0.242129 -0.178655 1.928263 
20.122886 -0.876475 -0.203875 0.028437 -0.720216 1.107110 -0.745913 -0.242987 -0.177888 1.928352 
20.123396 -0.876170 -0.203837 0.028401 -0.720781 1.106943 -0.745585 -0.243282 -0.178085 1.928213 
20.123127 -0.875618 -0.203094 0.027503 -0.721058 1.106719 -0.745068 -0.242391 -0.177216 1.927843 
20.121928 -0.874876 -0.203114 0.026911 -0.721184 1.105718 -0.745147 -0.242758 -0.177296 1.927286 
20.123170 -0.875188 -0.203408 0.027251 -0.721178 1.107273 -0.745498 -0.242238 -0.177364 1.927614 
20.123796 -0.874473 -0.202178 0.027044 -0.720936 1.107413 -0.746270 -0.242239 -0.176584 1.927343 
20.123117 -0.875421 -0.203418 0.027382 -0.721812 1.106992 -0.746022 -0.241954 -0.177264 1.927798 
20.122310 -0.875213 -0.203343 0.027598 -0.722055 1.108342 -0.744833 -0.242455 -0.176653 1.927411 
20.122373 -0.875551 -0.204225 0.027018 -0.722434 1.108583 -0.744070 -0.241573 -0.176022 1.926622 
20.122461 -0.875280 -0.204640 0.026835 -0.722396 1.108504 -0.744063 -0.241807 -0.175520 1.927216 
20.122225 -0.875693 -0.204367 0.025382 -0.722806 1.109039 -0.743835 -0.242025 -0.175782 1.928100 
20.122970 -0.874954 -0.204612 0.026844 -0.722951 1.108343 -0.743727 -0.242076 -0.175766 1.927125 
20.122741 -0.873833 -0.204918 0.027895 -0.722841 1.108241 -0.743306 -0.241108 -0.175704 1.927534 
20.122737 -0.875239 -0.205270 0.027065 -0.722992 1.108346 -0.743638 -0.242301 -0.176278 1.927245 
20.123488 -0.874571 -0.204648 0.027459 -0.722796 1.108276 -0.744248 -0.242620 -0.174451 1.926291 
20.124089 -0.874937 -0.204620 0.027750 -0.722726 1.108776 -0.744227 -0.242453 -0.174432 1.926590 
20.123654 -0.873868 -0.203726 0.026516 -0.723060 1.108676 -0.744149 -0.242359 -0.173461 1.926808 
20.123642 -0.873146 -0.203750 0.025745 -0.723534 1.109340 -0.744032 -0.242737 -0.172318 1.927562 
20.123693 -0.872808 -0.203930 0.025543 -0.723623 1.109853 -0.744477 -0.242517 -0.172636 1.927181 
20.123785 -0.873311 -0.202705 0.025407 -0.723814 1.109345 -0.743328 -0.241812 -0.171658 1.926727 
20.123667 -0.872908 -0.203751 0.025628 -0.722896 1.109584 -0.743524 -0.243049 -0.172434 1.927343 
20.122805 -0.872322 -0.204427 0.025716 -0.723027 1.108726 -0.743868 -0.243888 -0.172053 1.926607 
20.123544 -0.871785 -0.204932 0.025053 -0.722281 1.107619 -0.744498 -0.243854 -0.171999 1.926934 
20.122925 -0.872873 -0.204255 0.025204 -0.723087 1.108772 -0.744084 -0.244385 -0.172105 1.926404 
20.122323 -0.871227 -0.203660 0.026672 -0.722840 1.108582 -0.744396 -0.244362 -0.172325 1.927103 
20.122889 -0.870970 -0.203689 0.026787 -0.723362 1.108442 -0.744084 -0.244647 -0.172586 1.926983 
20.122544 -0.871062 -0.204766 0.027987 -0.722537 1.108877 -0.744565 -0.244476 -0.171574 1.927076 
20.122278 -0.871166 -0.205270 0.027908 -0.722604 1.108973 -0.744504 -0.244691 -0.172088 1.927609 
20.121685 -0.870022 -0.204925 0.028209 -0.722704 1.108229 -0.743898 -0.243584 -0.171261 1.926708 
20.122560 -0.870698 -0.204762 0.027592 -0.722720 1.109247 -0.744458 -0.244669 -0.171023 1.927452 
20.122955 -0.870266 -0.204508 0.027579 -0.721382 1.109896 -0.743417 -0.244754 -0.171337 1.927389 
20.122557 -0.871081 -0.204545 0.027794 -0.722660 1.108771 -0.744025 -0.244824 -0.170720 1.927883 
20.123273 -0.870980 -0.204056 0.028195 -0.722882 1.109183 -0.744266 -0.243545 -0.170634 1.928868 
20.122431 -0.870631 -0.203713 0.027973 -0.722506 1.108884 -0.744446 -0.245802 -0.169416 1.927835 
20.122162 -0.871441 -0.203544 0.027978 -0.723090 1.109856 -0.743727 -0.245829 -0.168465 1.927243 
20.122703 -0.870966 -0.204114 0.027576 -0.722313 1.108387 -0.744166 -0.245752 -0.169130 1.927844 
20.123450 -0.870154 -0.204222 0.026921 -0.721744 1.108051 -0.745129 -0.245867 -0.168247 1.927830 
20.122636 -0.868982 -0.204368 0.026972 -0.721807 1.107178 -0.744488 -0.245327 -0.167719 1.927749 
20.123155 -0.868727 -0.204742 0.027481 -0.722124 1.107161 -0.744294 -0.245589 -0.167687 1.927644 
20.123795 -0.868315 -0.203816 0.026582 -0.722831 1.106499 -0.743827 -0.246091 -0.168085 1.927590 
20.123619 -0.868131 -0.204168 0.026247 -0.723009 1.106829 -0.743708 -0.246379 -0.168056 1.928234 
20.123729 -0.867808 -0.204409 0.026206 -0.722564 1.105545 -0.743742 -0.247488 -0.167892 1.928965 
20.123402 -0.868338 -0.204364 0.026215 -0.723677 1.106524 -0.744233 -0.246329 -0.167982 1.928197 
20.123545 -0.867561 -0.205082 0.025397 -0.722758 1.107076 -0.743619 -0.246547 -0.168851 1.927168 
20.123894 -0.867990 -0.204297 0.026298 -0.722937 1.106631 -0.743864 -0.245834 -0.168609 1.928643 
20.123871 -0.868072 -0.203941 0.025722 -0.723286 1.107520 -0.742935 -0.246534 -0.166632 1.927769 
20.123502 -0.867052 -0.203055 0.025989 -0.723531 1.108475 -0.743172 -0.247199 -0.166195 1.927420 
20.122936 -0.866743 -0.203092 0.026188 -0.723712 1.108173 -0.742626 -0.246925 -0.166195 1.927387 
20.123483 -0.868233 -0.202870 0.025930 -0.723860 1.109148 -0.742141 -0.248012 -0.166188 1.927112 
20.123221 -0.867165 -0.202482 0.025307 -0.723444 1.108313 -0.743216 -0.247105 -0.166329 1.927496 
20.123095 -0.867287 -0.204072 0.026638 -0.722751 1.109080 -0.743408 -0.247066 -0.165162 1.927265 
20.123465 -0.866918 -0.203081 0.026021 -0.723165 1.108019 -0.743064 -0.247895 -0.166078 1.927704 
20.124778 -0.866364 -0.203418 0.026261 -0.724033 1.107527 -0.742728 -0.248155 -0.165699 1.927163 
20.123872 -0.866687 -0.203028 0.026225 -0.723182 1.108537 -0.743052 -0.247711 -0.166399 1.928238 
20.123034 -0.866950 -0.203344 0.026090 -0.722702 1.107413 -0.741619 -0.248307 -0.165887 1.928527 
20.122715 -0.867090 -0.203607 0.026131 -0.723345 1.107337 -0.741912 -0.248559 -0.165842 1.928965 
20.122979 -0.866786 -0.203621 0.025833 -0.722685 1.107536 -0.741576 -0.248406 -0.166060 1.928434 
20.122889 -0.867039 -0.203362 0.026660 -0.722568 1.107188 -0.741651 -0.248567 -0.166514 1.928262 
20.123063 -0.867235 -0.203362 0.026140 -0.722778 1.107703 -0.741454 -0.248444 -0.165829 1.928407 
20.122991 -0.867168 -0.203826 0.026311 -0.722425 1.107908 -0.741628 -0.248253 -0.165147 1.928442 
20.123305 -0.867466 -0.203599 0.026095 -0.722807 1.107531 -0.741437 -0.248268 -0.165909 1.928419 
20.123572 -0.866843 -0.203285 0.026100 -0.723234 1.107531 -0.741175 -0.248658 -0.165474 1.928192 
20.123759 -0.866922 -0.203250 0.026000 -0.723042 1.107488 -0.741347 -0.248983 -0.165442 1.928301 
20.123733 -0.867153 -0.202777 0.025242 -0.723096 1.107513 -0.741233 -0.248803 -0.165270 1.928453 
20.123694 -0.866905 -0.203310 0.026039 -0.722929 1.107391 -0.740985 -0.249066 -0.165429 1.928562 
20.124213 -0.866690 -0.203155 0.026142 -0.723112 1.108037 -0.741410 -0.248780 -0.165704 1.928795 
20.123822 -0.867004 -0.203027 0.026449 -0.722943 1.107191 -0.741269 -0.249411 -0.165961 1.927933 
20.123613 -0.866999 -0.203355 0.026038 -0.723372 1.107427 -0.741487 -0.249148 -0.165438 1.928500 
20.123781 -0.866997 -0.203141 0.026134 -0.723031 1.107439 -0.741378 -0.248924 -0.165322 1.928348 
20.123774 -0.866939 -0.203391 0.026249 -0.722829 1.107504 -0.741455 -0.248958 -0.165001 1.928281 
20.123785 -0.867089 -0.203383 0.026246 -0.722868 1.107648 -0.741369 -0.249016 -0.164968 1.928227 
20.123767 -0.867250 -0.203208 0.025964 -0.722753 1.107657 -0.741338 -0.248988 -0.164672 1.928216 
20.123759 -0.867439 -0.203014 0.025732 -0.722607 1.107655 -0.741295 -0.249002 -0.164382 1.928160 
20.123806 -0.867694 -0.202987 0.025923 -0.722603 1.107828 -0.741147 -0.249203 -0.164413 1.927959 
20.123897 -0.867820 -0.203107 0.025892 -0.722613 1.107710 -0.741134 -0.249131 -0.164435 1.927934 
20.124149 -0.867905 -0.203133 0.025845 -0.722632 1.108029 -0.741119 -0.249008 -0.164374 1.928143 
20.124271 -0.867810 -0.203118 0.025837 -0.722758 1.107984 -0.741054 -0.249066 -0.164285 1.928096 
20.124082 -0.867995 -0.203228 0.025798 -0.723033 1.107995 -0.741157 -0.249221 -0.164139 1.928250 
20.124113 -0.868003 -0.203198 0.025779 -0.723090 1.108043 -0.741337 -0.249178 -0.164146 1.928118 
20.123889 -0.867998 -0.203261 0.025826 -0.723165 1.108088 -0.740935 -0.248916 -0.164037 1.928109 
20.123874 -0.867933 -0.203433 0.025816 -0.723074 1.108142 -0.740957 -0.248960 -0.163943 1.928054 
20.123830 -0.867914 -0.203523 0.025449 -0.723113 1.108261 -0.740820 -0.249071 -0.164139 1.927958 
20.123870 -0.868011 -0.203330 0.025703 -0.722986 1.108114 -0.740947 -0.248965 -0.163798 1.928026 
20.123883 -0.868049 -0.203460 0.025994 -0.722821 1.108079 -0.740940 -0.248919 -0.163476 1.928026 
20.123885 -0.868092 -0.203644 0.026226 -0.722631 1.108074 -0.740888 -0.248899 -0.163146 1.927994 
20.123853 -0.868220 -0.203595 0.025916 -0.722443 1.108096 -0.740775 -0.248962 -0.162907 1.927882 
20.123804 -0.868039 -0.203624 0.025715 -0.722361 1.107936 -0.740889 -0.248759 -0.162697 1.928059 
20.123896 -0.868041 -0.203599 0.025703 -0.722367 1.108126 -0.740886 -0.248722 -0.162661 1.928166 
20.123645 -0.867821 -0.203367 0.025764 -0.722285 1.108252 -0.740896 -0.248888 -0.162524 1.928138 
20.123767 -0.867726 -0.203350 0.025755 -0.722412 1.108208 -0.740835 -0.248945 -0.162436 1.928088 
20.123813 -0.867799 -0.203287 0.025705 -0.722412 1.108296 -0.741145 -0.248853 -0.162259 1.927803 
20.123722 -0.867891 -0.203341 0.025686 -0.722548 1.108300 -0.741200 -0.248935 -0.162188 1.927882 
20.124006 -0.867831 -0.203245 0.025669 -0.722185 1.108195 -0.741327 -0.249149 -0.162212 1.927915 
20.124024 -0.867934 -0.203073 0.025734 -0.722204 1.108119 -0.741299 -0.249089 -0.162168 1.927964 
20.123965 -0.867883 -0.203270 0.025461 -0.721977 1.108242 -0.741178 -0.249175 -0.161881 1.927801 
20.123942 -0.867861 -0.203055 0.025060 -0.722043 1.108262 -0.741212 -0.249221 -0.162026 1.927767 
20.123944 -0.867769 -0.203292 0.025410 -0.721966 1.108156 -0.741256 -0.249060 -0.161813 1.927910 
20.123965 -0.867741 -0.203477 0.025792 -0.721866 1.108170 -0.741274 -0.249038 -0.161598 1.927899 
20.123983 -0.867678 -0.203641 0.026147 -0.721750 1.108197 -0.741326 -0.249024 -0.161346 1.927870 
20.124074 -0.867673 -0.203614 0.026131 -0.721762 1.108383 -0.741328 -0.248983 -0.161318 1.927983 
20.124033 -0.867430 -0.203625 0.025984 -0.721734 1.108235 -0.741502 -0.248773 -0.161172 1.928177 
20.123906 -0.867321 -0.203494 0.026002 -0.721715 1.108302 -0.741499 -0.248863 -0.161142 1.928162 
20.123873 -0.867365 -0.203522 0.025757 -0.721519 1.108353 -0.741338 -0.248837 -0.160816 1.928127 
20.123918 -0.867222 -0.203757 0.025513 -0.721327 1.108468 -0.741409 -0.249026 -0.160726 1.928084 
20.124042 -0.867130 -0.203732 0.025503 -0.721460 1.108423 -0.741348 -0.249085 -0.160650 1.928036 
20.124144 -0.867260 -0.203521 0.025398 -0.721245 1.108333 -0.741339 -0.249129 -0.160352 1.928138 
20.124280 -0.867157 -0.203367 0.025344 -0.721036 1.108393 -0.741322 -0.248882 -0.160328 1.927867 
20.124314 -0.867076 -0.203378 0.025380 -0.720939 1.108345 -0.741166 -0.248892 -0.160405 1.927958 
20.124201 -0.867126 -0.203372 0.025226 -0.720880 1.108361 -0.740936 -0.248805 -0.160054 1.928072 
20.124046 -0.866924 -0.203067 0.025257 -0.720778 1.108438 -0.740992 -0.249000 -0.159932 1.928153 
20.124219 -0.867089 -0.203460 0.025411 -0.720835 1.108363 -0.740979 -0.248786 -0.159945 1.928069 
20.124347 -0.866979 -0.203592 0.025545 -0.720742 1.108204 -0.741174 -0.248628 -0.159735 1.928253 
20.124485 -0.867041 -0.203821 0.025665 -0.720520 1.108313 -0.741162 -0.248838 -0.159550 1.928159 
20.124598 -0.866976 -0.203822 0.025659 -0.720614 1.108481 -0.741142 -0.248817 -0.159539 1.928227 
20.124492 -0.866773 -0.203922 0.025717 -0.720733 1.108138 -0.741049 -0.248899 -0.159410 1.927955 
20.124610 -0.867143 -0.203694 0.025735 -0.720569 1.108240 -0.741117 -0.248873 -0.159506 1.928162 
20.124476 -0.867261 -0.203692 0.026127 -0.720548 1.108306 -0.741050 -0.248677 -0.159435 1.928186 
20.124680 -0.867093 -0.203619 0.025707 -0.720467 1.108269 -0.741109 -0.248749 -0.159499 1.928025 
20.124849 -0.867275 -0.203738 0.025427 -0.720399 1.108132 -0.741002 -0.248596 -0.159348 1.928089 
20.125026 -0.867147 -0.203795 0.025495 -0.720218 1.107991 -0.740804 -0.248615 -0.159617 1.928222 
20.124923 -0.867348 -0.203840 0.025458 -0.720476 1.108116 -0.741096 -0.248553 -0.159462 1.928003 
20.124968 -0.867253 -0.203529 0.025262 -0.720243 1.108060 -0.741256 -0.248692 -0.159129 1.928130 
20.124970 -0.867281 -0.203490 0.025126 -0.720264 1.108104 -0.741194 -0.248827 -0.159208 1.928041 
20.124907 -0.867359 -0.203486 0.025479 -0.720132 1.108052 -0.741232 -0.248419 -0.158849 1.928223 
20.125064 -0.867234 -0.203494 0.025653 -0.719886 1.107877 -0.741152 -0.248294 -0.158889 1.928452 
20.125125 -0.867188 -0.203617 0.025717 -0.719851 1.107878 -0.741117 -0.248398 -0.158774 1.928360 
20.125084 -0.866968 -0.203576 0.025721 -0.720087 1.107642 -0.741087 -0.248226 -0.158569 1.928306 
20.125240 -0.866955 -0.203522 0.025746 -0.720193 1.107761 -0.741050 -0.248222 -0.158541 1.928369 
20.125148 -0.866769 -0.203737 0.025649 -0.720120 1.107984 -0.741173 -0.248030 -0.158404 1.928487 
20.125159 -0.866876 -0.203840 0.025564 -0.720173 1.107910 -0.741139 -0.248067 -0.158352 1.928616 
20.124983 -0.866876 -0.203817 0.025866 -0.720280 1.107899 -0.741300 -0.248219 -0.158231 1.928817 
20.125252 -0.866936 -0.203920 0.025613 -0.720217 1.107868 -0.741295 -0.247995 -0.158404 1.928566 
20.125167 -0.867034 -0.203778 0.025508 -0.720047 1.107902 -0.740879 -0.247884 -0.158059 1.928554 
20.125281 -0.867005 -0.203634 0.025245 -0.719877 1.107809 -0.740786 -0.247901 -0.157762 1.928548 
20.125267 -0.867012 -0.203707 0.025155 -0.719844 1.107782 -0.740357 -0.247764 -0.157627 1.928505 
20.125117 -0.867134 -0.203575 0.025352 -0.719806 1.107781 -0.740356 -0.247794 -0.157275 1.928643 
20.125172 -0.867371 -0.203541 0.025481 -0.719752 1.107705 -0.740448 -0.247632 -0.156932 1.928632 
20.125146 -0.867539 -0.203622 0.025481 -0.719817 1.107547 -0.740466 -0.247724 -0.156625 1.928898 
20.125042 -0.867529 -0.203532 0.025605 -0.719698 1.107621 -0.740528 -0.247624 -0.156218 1.928970 
20.124888 -0.867656 -0.203546 0.025856 -0.719694 1.107666 -0.740369 -0.247469 -0.155932 1.929014 
20.125163 -0.867653 -0.203303 0.025968 -0.719824 1.107808 -0.740343 -0.247514 -0.155725 1.929107 
20.124997 -0.867804 -0.203242 0.025795 -0.720015 1.107968 -0.740419 -0.247608 -0.155529 1.928907 
20.124934 -0.867772 -0.203130 0.025744 -0.720117 1.107892 -0.740438 -0.247470 -0.155558 1.928965 
20.124974 -0.868072 -0.203104 0.025753 -0.719729 1.108142 -0.740457 -0.247645 -0.155426 1.929047 
20.125017 -0.867782 -0.203174 0.025706 -0.719947 1.107869 -0.740266 -0.247633 -0.155473 1.928838 
20.124968 -0.867758 -0.203212 0.026056 -0.719986 1.107848 -0.740613 -0.247784 -0.155274 1.928776 
20.125114 -0.867668 -0.203450 0.026032 -0.719971 1.107940 -0.740692 -0.247683 -0.154921 1.928731 
20.124932 -0.867407 -0.203479 0.026072 -0.719994 1.108110 -0.740600 -0.247903 -0.154774 1.928894 
20.125095 -0.867571 -0.203375 0.026072 -0.719896 1.108053 -0.740702 -0.247598 -0.154960 1.928606 
20.125259 -0.867878 -0.203579 0.026287 -0.720111 1.107981 -0.740633 -0.247760 -0.154751 1.928553 
20.125288 -0.867623 -0.203337 0.025996 -0.720030 1.107988 -0.740734 -0.247755 -0.154926 1.928757 
20.125315 -0.867556 -0.203474 0.025786 -0.719906 1.107890 -0.741053 -0.247931 -0.154939 1.928647 
20.125333 -0.867602 -0.203426 0.026056 -0.719925 1.107863 -0.740728 -0.247684 -0.154932 1.928875 
20.125527 -0.867404 -0.203145 0.026187 -0.719960 1.108134 -0.740780 -0.247905 -0.155009 1.928706 
20.125285 -0.867756 -0.203284 0.025983 -0.719881 1.108081 -0.740750 -0.247789 -0.154873 1.928817 
20.125200 -0.867813 -0.203021 0.025903 -0.719946 1.108044 -0.740964 -0.247637 -0.154612 1.928916 
20.125192 -0.867889 -0.203156 0.025915 -0.720079 1.108312 -0.741189 -0.247512 -0.154764 1.929105 
20.125251 -0.867792 -0.203010 0.025758 -0.720096 1.108068 -0.740866 -0.247595 -0.154614 1.928892 
20.125192 -0.867931 -0.202973 0.025824 -0.719517 1.108083 -0.741005 -0.247646 -0.154461 1.928993 
20.125204 -0.868230 -0.203051 0.026033 -0.719571 1.108036 -0.741082 -0.247756 -0.154221 1.928856 
20.125013 -0.868526 -0.202880 0.026123 -0.719567 1.107863 -0.741145 -0.247935 -0.154323 1.928873 
20.125351 -0.868277 -0.202967 0.026059 -0.719539 1.108019 -0.741129 -0.247667 -0.154309 1.928761 
20.125289 -0.868091 -0.202958 0.026277 -0.719565 1.108192 -0.741153 -0.247971 -0.153961 1.928854 
20.125008 -0.868049 -0.202999 0.026406 -0.719501 1.108314 -0.741166 -0.247816 -0.153834 1.928571 
20.125010 -0.868092 -0.202957 0.026522 -0.719503 1.108332 -0.741017 -0.247716 -0.153823 1.928669 
20.125060 -0.867981 -0.203236 0.026519 -0.719467 1.108052 -0.741341 -0.247792 -0.153592 1.928618 
20.125038 -0.868003 -0.203035 0.026427 -0.719431 1.108229 -0.741015 -0.247911 -0.153863 1.928470 
20.125055 -0.868190 -0.203295 0.026495 -0.719457 1.108606 -0.741224 -0.247954 -0.153942 1.928589 
20.125017 -0.868110 -0.202969 0.026321 -0.719304 1.108343 -0.741161 -0.247810 -0.153751 1.928606 
20.125069 -0.868223 -0.202854 0.026072 -0.719442 1.108406 -0.741075 -0.247850 -0.153427 1.928508 
20.124965 -0.867968 -0.202596 0.025877 -0.719289 1.108480 -0.741138 -0.247895 -0.153305 1.928598 
20.124905 -0.868315 -0.202834 0.026093 -0.719459 1.108346 -0.741072 -0.247975 -0.153416 1.928571 
20.125034 -0.868572 -0.202576 0.026208 -0.719379 1.108252 -0.741237 -0.247978 -0.153430 1.928387 
20.124814 -0.868311 -0.202822 0.025994 -0.719570 1.108329 -0.741167 -0.247891 -0.153508 1.928506 
20.124942 -0.868523 -0.202980 0.025927 -0.719233 1.108193 -0.740849 -0.247859 -0.153389 1.928647 
20.124936 -0.868398 -0.202938 0.026102 -0.719440 1.108519 -0.741100 -0.248070 -0.153390 1.928569 
20.124874 -0.868389 -0.202955 0.026143 -0.719407 1.108534 -0.741090 -0.248030 -0.153345 1.928507 
20.124907 -0.868372 -0.203063 0.026188 -0.719426 1.108446 -0.741204 -0.248031 -0.153195 1.928542 
20.124903 -0.868424 -0.203046 0.026311 -0.719503 1.108507 -0.741154 -0.247936 -0.153097 1.928645 
20.124926 -0.868440 -0.203088 0.026345 -0.719565 1.108473 -0.741103 -0.247958 -0.153117 1.928592 
20.124890 -0.868334 -0.203050 0.026369 -0.719431 1.108530 -0.741129 -0.248014 -0.152909 1.928645 
20.124868 -0.868280 -0.203134 0.026537 -0.719319 1.108521 -0.741175 -0.248014 -0.152961 1.928705 
20.124918 -0.868360 -0.202978 0.026422 -0.719437 1.108532 -0.741186 -0.248035 -0.152909 1.928601 
20.124960 -0.868512 -0.202974 0.026362 -0.719344 1.108481 -0.741149 -0.247996 -0.152783 1.928566 
20.124903 -0.868547 -0.202972 0.026267 -0.719413 1.108517 -0.741205 -0.247966 -0.152604 1.928502 
20.125031 -0.868608 -0.202975 0.026191 -0.719451 1.108570 -0.741216 -0.248083 -0.152527 1.928600 
20.124953 -0.868647 -0.202955 0.026196 -0.719464 1.108524 -0.741213 -0.248139 -0.152528 1.928636 
20.125087 -0.868539 -0.202866 0.026139 -0.719478 1.108427 -0.741183 -0.248017 -0.152428 1.928628 
20.125078 -0.868568 -0.202836 0.026191 -0.719512 1.108475 -0.741134 -0.247969 -0.152410 1.928671 
20.125042 -0.868590 -0.202733 0.026108 -0.719447 1.108570 -0.741013 -0.248006 -0.152361 1.928580 
20.125055 -0.868558 -0.202800 0.026163 -0.719450 1.108505 -0.741191 -0.247939 -0.152414 1.928729 
20.125094 -0.868651 -0.202953 0.026280 -0.719511 1.108433 -0.741174 -0.247920 -0.152252 1.928662 
20.125123 -0.868813 -0.203035 0.026270 -0.719588 1.108382 -0.741225 -0.247811 -0.152205 1.928641 
20.125155 -0.868808 -0.202972 0.026418 -0.719640 1.108397 -0.741347 -0.247856 -0.152115 1.928576 
20.125112 -0.868720 -0.203115 0.026470 -0.719698 1.108413 -0.741345 -0.247852 -0.151969 1.928620 
20.125182 -0.868748 -0.203117 0.026440 -0.719711 1.108437 -0.741346 -0.247915 -0.151945 1.928676 
20.125281 -0.868800 -0.203165 0.026586 -0.719598 1.108363 -0.741296 -0.247935 -0.151918 1.928719 
20.125256 -0.868712 -0.203132 0.026429 -0.719693 1.108490 -0.741341 -0.247863 -0.151942 1.928632 
20.125129 -0.868831 -0.203075 0.026383 -0.719653 1.108495 -0.741282 -0.247965 -0.151793 1.928585 
20.125085 -0.868848 -0.203038 0.026346 -0.719533 1.108551 -0.741416 -0.247900 -0.151727 1.928688 
20.125114 -0.868811 -0.202986 0.026316 -0.719543 1.108476 -0.741404 -0.247872 -0.151680 1.928698 
20.125128 -0.868782 -0.203075 0.026227 -0.719475 1.108389 -0.741517 -0.247967 -0.151673 1.928604 
20.125143 -0.868865 -0.203111 0.026214 -0.719518 1.108364 -0.741541 -0.247911 -0.151660 1.928593 
20.125120 -0.868911 -0.203022 0.026130 -0.719546 1.108431 -0.741579 -0.247963 -0.151480 1.928584 
20.125092 -0.868869 -0.203105 0.026124 -0.719563 1.108435 -0.741551 -0.247951 -0.151427 1.928620 
20.125056 -0.868905 -0.203145 0.025953 -0.719482 1.108433 -0.741430 -0.247924 -0.151442 1.928683 
20.125170 -0.868904 -0.203123 0.026153 -0.719533 1.108426 -0.741535 -0.247998 -0.151404 1.928670 
20.125129 -0.868902 -0.203163 0.026308 -0.719449 1.108373 -0.741530 -0.247958 -0.151265 1.928626 
20.125017 -0.868923 -0.203171 0.026389 -0.719503 1.108262 -0.741588 -0.248037 -0.151232 1.928744 
20.125024 -0.868906 -0.203166 0.026382 -0.719456 1.108287 -0.741663 -0.247985 -0.151233 1.928802 
20.125116 -0.868810 -0.203248 0.026496 -0.719500 1.108300 -0.741706 -0.247954 -0.151102 1.928791 
20.125052 -0.868870 -0.203123 0.026345 -0.719455 1.108205 -0.741635 -0.247948 -0.151211 1.928818 
20.124990 -0.868923 -0.203196 0.026323 -0.719297 1.108174 -0.741539 -0.247907 -0.151122 1.928866 
20.124999 -0.869022 -0.203047 0.026366 -0.719193 1.108151 -0.741579 -0.247919 -0.151023 1.928816 
20.124829 -0.868972 -0.203006 0.026308 -0.719221 1.108177 -0.741608 -0.247841 -0.150932 1.928735 
20.124837 -0.868963 -0.203053 0.026264 -0.719190 1.108131 -0.741666 -0.247882 -0.150933 1.928685 
20.124830 -0.869124 -0.203052 0.026332 -0.719270 1.108106 -0.741642 -0.247689 -0.150949 1.928694 
20.124803 -0.868929 -0.203000 0.026376 -0.719178 1.108150 -0.741600 -0.247820 -0.150989 1.928700 
20.124775 -0.869030 -0.202888 0.026234 -0.719117 1.108180 -0.741587 -0.247828 -0.150792 1.928788 
20.124726 -0.869042 -0.202849 0.026214 -0.719083 1.108163 -0.741575 -0.247831 -0.150886 1.928787 
20.124800 -0.868935 -0.202911 0.026389 -0.719058 1.108158 -0.741587 -0.247774 -0.150665 1.928739 
20.124709 -0.868808 -0.202995 0.026378 -0.719110 1.108183 -0.741577 -0.247680 -0.150542 1.928718 
20.124666 -0.868846 -0.203004 0.026464 -0.719182 1.108090 -0.741473 -0.247789 -0.150449 1.928662 
20.124721 -0.868829 -0.202984 0.026418 -0.719179 1.108088 -0.741407 -0.247762 -0.150451 1.928599 
20.124750 -0.868878 -0.203040 0.026502 -0.719120 1.108245 -0.741398 -0.247781 -0.150371 1.928494 
20.124739 -0.868867 -0.202964 0.026508 -0.719171 1.108259 -0.741456 -0.247783 -0.150364 1.928442 
20.124890 -0.868790 -0.202937 0.026599 -0.719185 1.108201 -0.741477 -0.247753 -0.150236 1.928462 
20.124889 -0.868711 -0.202916 0.026592 -0.719166 1.108237 -0.741458 -0.247829 -0.150244 1.928482 
20.124815 -0.868737 -0.202889 0.026722 -0.719086 1.108125 -0.741444 -0.247667 -0.150263 1.928368 
20.124884 -0.868800 -0.202895 0.026639 -0.719226 1.108249 -0.741420 -0.247715 -0.150249 1.928512 
20.124879 -0.868865 -0.202888 0.026469 -0.719177 1.108196 -0.741480 -0.247764 -0.150052 1.928468 
20.124898 -0.868935 -0.202893 0.026333 -0.719235 1.108191 -0.741494 -0.247785 -0.149875 1.928443 
20.124814 -0.868952 -0.202789 0.026325 -0.719094 1.108129 -0.741475 -0.247734 -0.149762 1.928402 
20.124925 -0.869098 -0.202690 0.026324 -0.719034 1.108105 -0.741487 -0.247833 -0.149799 1.928425 
20.124870 -0.868927 -0.202771 0.026263 -0.719069 1.108156 -0.741456 -0.247678 -0.149793 1.928369 
20.124778 -0.868954 -0.202804 0.026313 -0.719043 1.108202 -0.741644 -0.247689 -0.149715 1.928533 
20.124760 -0.868928 -0.202737 0.026283 -0.719097 1.108147 -0.741683 -0.247683 -0.149744 1.928544 
20.124779 -0.868951 -0.202897 0.026253 -0.718995 1.108084 -0.741552 -0.247679 -0.149707 1.928683 
20.124714 -0.868981 -0.202928 0.026194 -0.718971 1.108089 -0.741568 -0.247709 -0.149759 1.928651 
20.124696 -0.869023 -0.202839 0.026283 -0.719060 1.108200 -0.741431 -0.247634 -0.149668 1.928768 
20.124693 -0.868953 -0.202812 0.026260 -0.719039 1.108236 -0.741412 -0.247712 -0.149654 1.928788 
20.124709 -0.869017 -0.202928 0.026423 -0.719062 1.108183 -0.741432 -0.247634 -0.149490 1.928755 
20.124817 -0.869150 -0.202903 0.026527 -0.719008 1.108163 -0.741443 -0.247717 -0.149406 1.928796 
20.124785 -0.869088 -0.202925 0.026732 -0.718923 1.108155 -0.741426 -0.247681 -0.149457 1.928824 
20.124840 -0.869150 -0.202959 0.026550 -0.719083 1.108184 -0.741458 -0.247758 -0.149450 1.928825 
20.124926 -0.869152 -0.202959 0.026478 -0.719013 1.108205 -0.741423 -0.247640 -0.149225 1.928757 
20.124875 -0.869150 -0.202886 0.026485 -0.719116 1.108080 -0.741474 -0.247651 -0.149075 1.928769 
20.124751 -0.869247 -0.202988 0.026451 -0.719076 1.108081 -0.741486 -0.247724 -0.148973 1.928695 
20.124731 -0.869431 -0.202969 0.026440 -0.719131 1.108057 -0.741481 -0.247578 -0.148970 1.928697 
20.124751 -0.869243 -0.203020 0.026423 -0.719035 1.108066 -0.741565 -0.247702 -0.148972 1.928762 
20.124819 -0.869248 -0.203072 0.026406 -0.719047 1.107888 -0.741408 -0.247734 -0.149000 1.928664 
20.124779 -0.869247 -0.202985 0.026468 -0.719077 1.108070 -0.741564 -0.247717 -0.148995 1.928610 
20.124788 -0.869282 -0.202879 0.026349 -0.719058 1.108085 -0.741490 -0.247817 -0.148815 1.928667 
20.124825 -0.869322 -0.202874 0.026440 -0.719016 1.108074 -0.741491 -0.247843 -0.148792 1.928690 
20.124800 -0.869296 -0.202890 0.026610 -0.718957 1.108046 -0.741474 -0.247811 -0.148640 1.928680 
20.124868 -0.869342 -0.202985 0.026724 -0.719068 1.108059 -0.741498 -0.247901 -0.148553 1.928725 
20.124737 -0.869295 -0.202841 0.026633 -0.718993 1.107982 -0.741501 -0.247846 -0.148656 1.928700 
20.124767 -0.869365 -0.202851 0.026735 -0.718776 1.108057 -0.741434 -0.247860 -0.148633 1.928667 
20.124795 -0.869265 -0.202845 0.026746 -0.718757 1.108067 -0.741435 -0.247917 -0.148649 1.928677 
20.124887 -0.869364 -0.202717 0.026808 -0.718796 1.108020 -0.741414 -0.247734 -0.148614 1.928727 
20.124795 -0.869367 -0.202866 0.026734 -0.718788 1.107987 -0.741357 -0.247877 -0.148645 1.928616 
20.124806 -0.869368 -0.202940 0.026683 -0.718675 1.107913 -0.741516 -0.247833 -0.148593 1.928753 
20.124836 -0.869384 -0.202888 0.026643 -0.718668 1.107910 -0.741553 -0.247872 -0.148530 1.928702 
20.124871 -0.869374 -0.202924 0.026726 -0.718668 1.107884 -0.741692 -0.247820 -0.148613 1.928559 
20.124786 -0.869331 -0.202903 0.026670 -0.718668 1.107900 -0.741541 -0.247829 -0.148453 1.928675 
20.124737 -0.869373 -0.202847 0.026564 -0.718627 1.107879 -0.741526 -0.247819 -0.148257 1.928676 
20.124728 -0.869295 -0.202778 0.026472 -0.718560 1.107864 -0.741514 -0.247869 -0.148076 1.928695 
20.124674 -0.869411 -0.202759 0.026416 -0.718543 1.107827 -0.741575 -0.247786 -0.147938 1.928604 
20.124635 -0.869383 -0.202735 0.026362 -0.718492 1.107813 -0.741560 -0.247732 -0.147994 1.928600 
20.124654 -0.869478 -0.202861 0.026445 -0.718574 1.107798 -0.741508 -0.247793 -0.147833 1.928766 
20.124762 -0.869608 -0.202828 0.026343 -0.718549 1.107772 -0.741553 -0.247897 -0.147865 1.928834 
20.124722 -0.869480 -0.202913 0.026422 -0.718543 1.107839 -0.741460 -0.247765 -0.147820 1.928732 
20.124661 -0.869485 -0.202855 0.026454 -0.718623 1.107634 -0.741368 -0.247847 -0.147833 1.928679 
20.124609 -0.869474 -0.202925 0.026400 -0.718642 1.107650 -0.741384 -0.247899 -0.147843 1.928652 
20.124727 -0.869421 -0.202845 0.026359 -0.718803 1.107614 -0.741395 -0.247761 -0.147819 1.928710 
20.124629 -0.869520 -0.202804 0.026438 -0.718659 1.107702 -0.741308 -0.247858 -0.147834 1.928676 
20.124662 -0.869437 -0.202906 0.026640 -0.718611 1.107625 -0.741368 -0.247867 -0.147694 1.928670 
20.124576 -0.869373 -0.202953 0.026716 -0.718495 1.107553 -0.741299 -0.247769 -0.147641 1.928736 
20.124635 -0.869505 -0.202903 0.026620 -0.718608 1.107606 -0.741401 -0.247819 -0.147639 1.928621 
20.124630 -0.869610 -0.202997 0.026754 -0.718670 1.107601 -0.741416 -0.247752 -0.147752 1.928604 
20.124695 -0.869547 -0.202881 0.026613 -0.718555 1.107538 -0.741412 -0.247831 -0.147664 1.928645 
20.124653 -0.869538 -0.202906 0.026647 -0.718590 1.107624 -0.741441 -0.247916 -0.147425 1.928628 
20.124669 -0.869456 -0.202817 0.026701 -0.718516 1.107619 -0.741512 -0.247927 -0.147360 1.928464 
20.124603 -0.869453 -0.202765 0.026723 -0.718548 1.107578 -0.741561 -0.247954 -0.147372 1.928499 
20.124695 -0.869377 -0.202750 0.026691 -0.718668 1.107497 -0.741600 -0.247863 -0.147260 1.928525 
20.124682 -0.869384 -0.202750 0.026693 -0.718703 1.107438 -0.741521 -0.247902 -0.147253 1.928478 
20.124713 -0.869441 -0.202574 0.026712 -0.718677 1.107569 -0.741515 -0.247811 -0.147174 1.928558 
20.124686 -0.869407 -0.202551 0.026608 -0.718645 1.107566 -0.741505 -0.247827 -0.147161 1.928567 
20.124734 -0.869541 -0.202589 0.026820 -0.718731 1.107571 -0.741576 -0.247798 -0.147003 1.928523 
20.124837 -0.869552 -0.202568 0.026937 -0.718818 1.107623 -0.741616 -0.247895 -0.146888 1.928530 
20.124790 -0.869497 -0.202607 0.027070 -0.718735 1.107568 -0.741565 -0.247830 -0.146770 1.928598 
20.124899 -0.869596 -0.202547 0.026932 -0.718763 1.107556 -0.741630 -0.247914 -0.146898 1.928554 
20.124945 -0.869749 -0.202506 0.026956 -0.718827 1.107515 -0.741712 -0.247817 -0.146877 1.928456 
20.124940 -0.869698 -0.202462 0.026947 -0.718778 1.107511 -0.741744 -0.247832 -0.146847 1.928379 
20.124906 -0.869780 -0.202480 0.026799 -0.718772 1.107511 -0.741774 -0.247898 -0.146695 1.928414 
20.124964 -0.869819 -0.202305 0.026694 -0.718789 1.107546 -0.741722 -0.247904 -0.146620 1.928471 
20.124837 -0.869775 -0.202429 0.026821 -0.718801 1.107468 -0.741822 -0.247924 -0.146709 1.928450 
20.124860 -0.869794 -0.202596 0.026886 -0.718685 1.107436 -0.741784 -0.247852 -0.146552 1.928429 
20.124784 -0.869929 -0.202621 0.026951 -0.718580 1.107521 -0.741774 -0.247951 -0.146578 1.928385 
20.124873 -0.869787 -0.202597 0.026883 -0.718650 1.107495 -0.741863 -0.247813 -0.146559 1.928476 
20.124885 -0.869791 -0.202774 0.026854 -0.718702 1.107347 -0.741874 -0.247931 -0.146527 1.928374 
20.124853 -0.869816 -0.202592 0.026835 -0.718618 1.107376 -0.741776 -0.247823 -0.146605 1.928440 
20.124693 -0.869774 -0.202666 0.026826 -0.718731 1.107492 -0.741756 -0.247745 -0.146527 1.928358 
20.124841 -0.869722 -0.202622 0.026864 -0.718653 1.107462 -0.741742 -0.247902 -0.146559 1.928474 
20.124761 -0.869770 -0.202576 0.027036 -0.718670 1.107324 -0.741799 -0.247840 -0.146452 1.928488 
20.124787 -0.869795 -0.202574 0.027025 -0.718662 1.107327 -0.741765 -0.247835 -0.146367 1.928485 
20.124775 -0.869826 -0.202540 0.026985 -0.718684 1.107321 -0.741766 -0.247867 -0.146301 1.928500 
20.124781 -0.869827 -0.202500 0.026963 -0.718673 1.107318 -0.741764 -0.247886 -0.146222 1.928468 
20.124789 -0.869873 -0.202498 0.026945 -0.718701 1.107315 -0.741734 -0.247896 -0.146153 1.928499 
20.124765 -0.869904 -0.202464 0.026930 -0.718739 1.107298 -0.741734 -0.247929 -0.146093 1.928523 
20.124778 -0.869931 -0.202461 0.026943 -0.718748 1.107287 -0.741698 -0.247926 -0.146007 1.928533 
20.124788 -0.869953 -0.202449 0.026954 -0.718752 1.107275 -0.741667 -0.247928 -0.145917 1.928533 
20.124765 -0.869961 -0.202400 0.026943 -0.718771 1.107256 -0.741677 -0.247963 -0.145848 1.928527 
20.124754 -0.870006 -0.202395 0.026897 -0.718737 1.107207 -0.741655 -0.247946 -0.145829 1.928560 
20.124750 -0.870006 -0.202360 0.026903 -0.718731 1.107229 -0.741643 -0.247927 -0.145835 1.928574 
20.124764 -0.870020 -0.202428 0.026890 -0.718736 1.107235 -0.741714 -0.247942 -0.145778 1.928600 
20.124794 -0.870015 -0.202417 0.026898 -0.718723 1.107227 -0.741714 -0.247969 -0.145783 1.928620 
20.124761 -0.869967 -0.202448 0.026875 -0.718716 1.107248 -0.741670 -0.248004 -0.145761 1.928651 
20.124777 -0.869939 -0.202443 0.026861 -0.718737 1.107231 -0.741672 -0.247984 -0.145758 1.928659 
20.124813 -0.869957 -0.202467 0.026829 -0.718798 1.107229 -0.741641 -0.248010 -0.145720 1.928665 
20.124760 -0.869946 -0.202449 0.026889 -0.718758 1.107216 -0.741671 -0.247984 -0.145764 1.928684 
20.124777 -0.869892 -0.202462 0.026883 -0.718709 1.107185 -0.741679 -0.247979 -0.145695 1.928651 
20.124756 -0.869838 -0.202472 0.026864 -0.718695 1.107133 -0.741719 -0.248000 -0.145660 1.928656 
20.124781 -0.869801 -0.202541 0.026875 -0.718661 1.107109 -0.741710 -0.247969 -0.145650 1.928670 
20.124793 -0.869744 -0.202553 0.026923 -0.718691 1.107145 -0.741734 -0.247987 -0.145644 1.928637 
20.124784 -0.869807 -0.202540 0.026874 -0.718658 1.107132 -0.741733 -0.247958 -0.145627 1.928696 
20.124773 -0.869769 -0.202502 0.026880 -0.718632 1.107071 -0.741666 -0.247947 -0.145599 1.928681 
20.124800 -0.869791 -0.202528 0.026861 -0.718664 1.107038 -0.741641 -0.247969 -0.145533 1.928674 
20.124739 -0.869795 -0.202553 0.026843 -0.718685 1.107041 -0.741638 -0.247916 -0.145508 1.928635 
20.124762 -0.869795 -0.202538 0.026843 -0.718702 1.107023 -0.741656 -0.247889 -0.145514 1.928629 
20.124765 -0.869828 -0.202539 0.026873 -0.718656 1.106969 -0.741670 -0.247895 -0.145468 1.928602 
20.124794 -0.869826 -0.202535 0.026834 -0.718611 1.106926 -0.741664 -0.247896 -0.145414 1.928573 
20.124783 -0.869837 -0.202543 0.026857 -0.718610 1.106846 -0.741654 -0.247898 -0.145369 1.928598 
20.124799 -0.869872 -0.202550 0.026895 -0.718599 1.106794 -0.741612 -0.247880 -0.145323 1.928604 
20.124803 -0.869842 -0.202553 0.026945 -0.718609 1.106748 -0.741616 -0.247896 -0.145261 1.928588 
20.124777 -0.869891 -0.202493 0.026938 -0.718622 1.106709 -0.741608 -0.247918 -0.145228 1.928589 
20.124778 -0.869916 -0.202484 0.026937 -0.718611 1.106727 -0.741646 -0.247898 -0.145165 1.928645 
20.124770 -0.869972 -0.202478 0.026935 -0.718607 1.106680 -0.741666 -0.247902 -0.145110 1.928677 
20.124782 -0.870014 -0.202441 0.026925 -0.718585 1.106663 -0.741665 -0.247896 -0.145034 1.928681 
20.124746 -0.870017 -0.202399 0.026944 -0.718543 1.106620 -0.741670 -0.247869 -0.145015 1.928724 
20.124785 -0.870011 -0.202374 0.026920 -0.718603 1.106585 -0.741675 -0.247829 -0.145003 1.928748 
20.124715 -0.870018 -0.202412 0.026934 -0.718554 1.106623 -0.741668 -0.247843 -0.145003 1.928706 
20.124682 -0.870018 -0.202431 0.026909 -0.718565 1.106629 -0.741617 -0.247877 -0.144955 1.928746 
20.124687 -0.870039 -0.202434 0.026942 -0.718574 1.106638 -0.741594 -0.247863 -0.144960 1.928752 
20.124649 -0.870097 -0.202428 0.026963 -0.718588 1.106650 -0.741628 -0.247881 -0.144906 1.928744 
20.124660 -0.870099 -0.202484 0.026998 -0.718568 1.106627 -0.741641 -0.247872 -0.144840 1.928735 
20.124656 -0.870163 -0.202529 0.026988 -0.718534 1.106625 -0.741652 -0.247852 -0.144796 1.928741 
20.124641 -0.870196 -0.202538 0.027005 -0.718531 1.106563 -0.741626 -0.247876 -0.144768 1.928691 
20.124656 -0.870192 -0.202513 0.026999 -0.718517 1.106580 -0.741612 -0.247869 -0.144745 1.928674 
20.124655 -0.870191 -0.202508 0.027023 -0.718495 1.106618 -0.741615 -0.247851 -0.144662 1.928658 
20.124657 -0.870261 -0.202498 0.026982 -0.718457 1.106645 -0.741604 -0.247830 -0.144637 1.928654 
20.124635 -0.870258 -0.202503 0.026994 -0.718429 1.106658 -0.741596 -0.247848 -0.144653 1.928639 
20.124613 -0.870268 -0.202462 0.027014 -0.718433 1.106636 -0.741561 -0.247872 -0.144614 1.928579 
20.124639 -0.870242 -0.202504 0.027014 -0.718385 1.106605 -0.741514 -0.247845 -0.144597 1.928558 
20.124641 -0.870242 -0.202528 0.027001 -0.718409 1.106625 -0.741511 -0.247845 -0.144601 1.928531 
20.124701 -0.870257 -0.202510 0.027033 -0.718368 1.106620 -0.741515 -0.247913 -0.144582 1.928559 
20.124714 -0.870274 -0.202506 0.027067 -0.718373 1.106627 -0.741509 -0.247891 -0.144599 1.928553 
20.124719 -0.870248 -0.202496 0.027029 -0.718334 1.106606 -0.741587 -0.247906 -0.144585 1.928507 
20.124717 -0.870234 -0.202481 0.027021 -0.718365 1.106641 -0.741502 -0.247907 -0.144592 1.928556 
20.124706 -0.870212 -0.202461 0.027044 -0.718329 1.106696 -0.741482 -0.247944 -0.144544 1.928556 
20.124707 -0.870248 -0.202456 0.027020 -0.718311 1.106707 -0.741477 -0.247935 -0.144538 1.928555 
20.124715 -0.870275 -0.202428 0.026986 -0.718283 1.106695 -0.741434 -0.247990 -0.144576 1.928541 
20.124712 -0.870255 -0.202434 0.027021 -0.718332 1.106688 -0.741466 -0.247934 -0.144510 1.928538 
20.124770 -0.870260 -0.202426 0.026995 -0.718350 1.106699 -0.741478 -0.247909 -0.144453 1.928575 
20.124792 -0.870255 -0.202404 0.026988 -0.718317 1.106693 -0.741546 -0.247898 -0.144436 1.928523 
20.124805 -0.870242 -0.202428 0.026986 -0.718297 1.106681 -0.741522 -0.247884 -0.144428 1.928508 
20.124813 -0.870248 -0.202464 0.026960 -0.718348 1.106732 -0.741519 -0.247890 -0.144421 1.928457 
20.124779 -0.870223 -0.202430 0.026952 -0.718296 1.106671 -0.741527 -0.247887 -0.144417 1.928513 
20.124757 -0.870232 -0.202389 0.026963 -0.718294 1.106675 -0.741509 -0.247809 -0.144383 1.928521 
20.124740 -0.870250 -0.202417 0.026980 -0.718294 1.106667 -0.741524 -0.247810 -0.144360 1.928526 
20.124750 -0.870302 -0.202415 0.026979 -0.718279 1.106618 -0.741519 -0.247832 -0.144299 1.928543 
20.124760 -0.870302 -0.202412 0.027014 -0.718276 1.106580 -0.741521 -0.247859 -0.144222 1.928564 
20.124770 -0.870304 -0.202410 0.027047 -0.718276 1.106537 -0.741525 -0.247883 -0.144145 1.928586 
20.124775 -0.870270 -0.202406 0.027096 -0.718281 1.106518 -0.741529 -0.247909 -0.144075 1.928604 
20.124790 -0.870266 -0.202409 0.027107 -0.718337 1.106440 -0.741542 -0.247893 -0.144074 1.928599 
20.124796 -0.870274 -0.202417 0.027078 -0.718307 1.106540 -0.741530 -0.247904 -0.144054 1.928600 
20.124836 -0.870263 -0.202433 0.027068 -0.718283 1.106536 -0.741564 -0.247878 -0.144058 1.928675 
20.124784 -0.870278 -0.202430 0.027083 -0.718324 1.106542 -0.741497 -0.247910 -0.144061 1.928627 
20.124753 -0.870298 -0.202508 0.027104 -0.718325 1.106547 -0.741540 -0.247924 -0.144059 1.928617 
20.124771 -0.870292 -0.202406 0.027086 -0.718343 1.106553 -0.741521 -0.247924 -0.144066 1.928642 
20.124825 -0.870298 -0.202444 0.027063 -0.718300 1.106518 -0.741460 -0.247960 -0.144014 1.928623 
20.124830 -0.870297 -0.202451 0.027074 -0.718286 1.106520 -0.741413 -0.247921 -0.143938 1.928618 
20.124859 -0.870289 -0.202464 0.027077 -0.718334 1.106446 -0.741400 -0.247901 -0.143920 1.928606 
20.124804 -0.870278 -0.202453 0.027039 -0.718285 1.106511 -0.741417 -0.247924 -0.143927 1.928624 
20.124866 -0.870238 -0.202468 0.027093 -0.718273 1.106557 -0.741373 -0.247943 -0.143910 1.928606 
20.124829 -0.870296 -0.202461 0.027059 -0.718286 1.106525 -0.741384 -0.247898 -0.143966 1.928619 
20.124850 -0.870356 -0.202443 0.027065 -0.718254 1.106522 -0.741431 -0.247938 -0.143875 1.928599 
20.124836 -0.870384 -0.202396 0.027087 -0.718290 1.106540 -0.741418 -0.247954 -0.143828 1.928644 
20.124800 -0.870410 -0.202469 0.027123 -0.718303 1.106550 -0.741432 -0.247965 -0.143799 1.928655 
20.124824 -0.870406 -0.202479 0.027114 -0.718298 1.106554 -0.741448 -0.247952 -0.143796 1.928690 
20.124782 -0.870413 -0.202450 0.027167 -0.718241 1.106505 -0.741425 -0.247976 -0.143780 1.928685 
20.124773 -0.870403 -0.202442 0.027178 -0.718238 1.106514 -0.741434 -0.247936 -0.143765 1.928673 
20.124799 -0.870445 -0.202426 0.027184 -0.718252 1.106508 -0.741478 -0.248042 -0.143757 1.928686 
20.124811 -0.870525 -0.202421 0.027172 -0.718246 1.106518 -0.741449 -0.248078 -0.143732 1.928706 
20.124811 -0.870593 -0.202479 0.027175 -0.718224 1.106519 -0.741454 -0.248114 -0.143717 1.928702 
20.124808 -0.870509 -0.202421 0.027174 -0.718224 1.106557 -0.741442 -0.248092 -0.143730 1.928708 
20.124856 -0.870495 -0.202407 0.027179 -0.718247 1.106545 -0.741394 -0.248121 -0.143670 1.928710 
20.124816 -0.870494 -0.202380 0.027112 -0.718249 1.106534 -0.741393 -0.248146 -0.143628 1.928736 
20.124811 -0.870525 -0.202320 0.027101 -0.718275 1.106543 -0.741362 -0.248179 -0.143618 1.928785 
20.124792 -0.870498 -0.202369 0.027120 -0.718253 1.106530 -0.741377 -0.248159 -0.143632 1.928700 
20.124867 -0.870506 -0.202343 0.027063 -0.718201 1.106520 -0.741400 -0.248146 -0.143631 1.928707 
20.124805 -0.870493 -0.202369 0.027136 -0.718218 1.106515 -0.741392 -0.248142 -0.143615 1.928747 
20.124794 -0.870518 -0.202352 0.027147 -0.718228 1.106550 -0.741413 -0.248091 -0.143549 1.928734 
20.124789 -0.870524 -0.202363 0.027135 -0.718220 1.106551 -0.741376 -0.248065 -0.143554 1.928739 
20.124772 -0.870481 -0.202359 0.027165 -0.718233 1.106535 -0.741447 -0.248098 -0.143474 1.928760 
20.124806 -0.870481 -0.202317 0.027140 -0.718187 1.106517 -0.741485 -0.248096 -0.143426 1.928743 
20.124775 -0.870458 -0.202310 0.027142 -0.718139 1.106590 -0.741504 -0.248112 -0.143428 1.928757 
20.124812 -0.870510 -0.202344 0.027142 -0.718177 1.106521 -0.741480 -0.248119 -0.143410 1.928741 
20.124771 -0.870563 -0.202350 0.027139 -0.718176 1.106488 -0.741541 -0.248105 -0.143408 1.928760 
20.124817 -0.870496 -0.202373 0.027152 -0.718164 1.106518 -0.741495 -0.248102 -0.143417 1.928717 
20.124858 -0.870529 -0.202322 0.027212 -0.718191 1.106526 -0.741479 -0.248128 -0.143372 1.928762 
20.124816 -0.870536 -0.202293 0.027236 -0.718201 1.106511 -0.741456 -0.248162 -0.143336 1.928703 
20.124831 -0.870540 -0.202292 0.027210 -0.718261 1.106531 -0.741466 -0.248196 -0.143278 1.928679 
20.124839 -0.870526 -0.202290 0.027215 -0.718263 1.106518 -0.741484 -0.248232 -0.143299 1.928680 
20.124831 -0.870517 -0.202284 0.027225 -0.718242 1.106467 -0.741438 -0.248274 -0.143248 1.928695 
20.124847 -0.870553 -0.202247 0.027235 -0.718223 1.106435 -0.741388 -0.248322 -0.143229 1.928672 
20.124807 -0.870529 -0.202236 0.027258 -0.718184 1.106479 -0.741393 -0.248363 -0.143189 1.928693 
20.124761 -0.870524 -0.202268 0.027301 -0.718224 1.106481 -0.741350 -0.248393 -0.143190 1.928717 
20.124739 -0.870551 -0.202252 0.027294 -0.718232 1.106468 -0.741369 -0.248393 -0.143187 1.928739 
20.124744 -0.870506 -0.202293 0.027336 -0.718194 1.106444 -0.741383 -0.248402 -0.143130 1.928694 
20.124776 -0.870511 -0.202240 0.027329 -0.718238 1.106480 -0.741353 -0.248380 -0.143184 1.928728 
20.124713 -0.870473 -0.202245 0.027243 -0.718213 1.106468 -0.741326 -0.248410 -0.143184 1.928708 
20.124772 -0.870525 -0.202270 0.027285 -0.718255 1.106493 -0.741357 -0.248407 -0.143163 1.928711 
20.124805 -0.870534 -0.202309 0.027257 -0.718222 1.106504 -0.741346 -0.248439 -0.143139 1.928771 
20.124812 -0.870530 -0.202316 0.027260 -0.718218 1.106516 -0.741390 -0.248516 -0.143180 1.928759 
20.124814 -0.870555 -0.202289 0.027262 -0.718213 1.106491 -0.741321 -0.248459 -0.143131 1.928757 
20.124799 -0.870612 -0.202293 0.027254 -0.718185 1.106541 -0.741288 -0.248470 -0.143097 1.928728 
20.124827 -0.870654 -0.202326 0.027225 -0.718201 1.106484 -0.741251 -0.248479 -0.143094 1.928703 
20.124796 -0.870616 -0.202293 0.027169 -0.718186 1.106468 -0.741212 -0.248511 -0.143072 1.928699 
20.124837 -0.870661 -0.202313 0.027209 -0.718217 1.106503 -0.741233 -0.248474 -0.143124 1.928715 
20.124871 -0.870665 -0.202297 0.027269 -0.718193 1.106464 -0.741232 -0.248502 -0.143034 1.928711 
20.124890 -0.870679 -0.202294 0.027288 -0.718177 1.106458 -0.741257 -0.248589 -0.143040 1.928687 
20.124867 -0.870675 -0.202311 0.027311 -0.718194 1.106459 -0.741233 -0.248603 -0.143043 1.928698 
20.124892 -0.870645 -0.202329 0.027345 -0.718131 1.106454 -0.741188 -0.248593 -0.143064 1.928677 
20.124861 -0.870692 -0.202315 0.027306 -0.718169 1.106449 -0.741236 -0.248606 -0.143048 1.928736 
20.124817 -0.870737 -0.202269 0.027341 -0.718185 1.106406 -0.741239 -0.248604 -0.143030 1.928722 
20.124806 -0.870763 -0.202276 0.027335 -0.718173 1.106437 -0.741228 -0.248604 -0.143013 1.928709 
20.124810 -0.870780 -0.202305 0.027335 -0.718204 1.106443 -0.741235 -0.248630 -0.142932 1.928732 
20.124841 -0.870820 -0.202279 0.027331 -0.718251 1.106476 -0.741202 -0.248659 -0.142911 1.928767 
20.124818 -0.870790 -0.202242 0.027365 -0.718245 1.106531 -0.741233 -0.248669 -0.142881 1.928799 
20.124856 -0.870838 -0.202296 0.027358 -0.718258 1.106484 -0.741222 -0.248643 -0.142923 1.928769 
20.124813 -0.870848 -0.202303 0.027284 -0.718291 1.106478 -0.741188 -0.248703 -0.142868 1.928775 
20.124831 -0.870862 -0.202315 0.027286 -0.718286 1.106465 -0.741131 -0.248732 -0.142798 1.928778 
20.124846 -0.870867 -0.202310 0.027290 -0.718311 1.106418 -0.741094 -0.248764 -0.142733 1.928796 
20.124847 -0.870898 -0.202311 0.027287 -0.718307 1.106413 -0.741028 -0.248796 -0.142673 1.928791 
20.124864 -0.870883 -0.202380 0.027285 -0.718316 1.106424 -0.741051 -0.248810 -0.142613 1.928808 
20.124857 -0.870887 -0.202419 0.027256 -0.718363 1.106409 -0.741063 -0.248846 -0.142557 1.928831 
20.124854 -0.870912 -0.202472 0.027246 -0.718342 1.106455 -0.741034 -0.248866 -0.142506 1.928820 
20.124909 -0.870964 -0.202516 0.027277 -0.718372 1.106456 -0.741025 -0.248861 -0.142490 1.928831 
20.124862 -0.870915 -0.202469 0.027259 -0.718333 1.106454 -0.741050 -0.248908 -0.142514 1.928809 
20.124851 -0.870882 -0.202457 0.027249 -0.718352 1.106500 -0.741019 -0.248842 -0.142445 1.928866 
20.124800 -0.870900 -0.202473 0.027277 -0.718339 1.106470 -0.741038 -0.248803 -0.142393 1.928845 
20.124797 -0.870917 -0.202475 0.027269 -0.718312 1.106460 -0.741044 -0.248805 -0.142397 1.928881 
20.124843 -0.870936 -0.202447 0.027213 -0.718289 1.106456 -0.741074 -0.248785 -0.142362 1.928858 
20.124856 -0.870920 -0.202445 0.027217 -0.718276 1.106427 -0.741045 -0.248792 -0.142350 1.928856 
20.124830 -0.870925 -0.202509 0.027160 -0.718267 1.106454 -0.741063 -0.248757 -0.142366 1.928900 
20.124829 -0.870945 -0.202443 0.027192 -0.718319 1.106440 -0.741072 -0.248806 -0.142349 1.928866 
20.124825 -0.870991 -0.202405 0.027216 -0.718263 1.106480 -0.741019 -0.248765 -0.142372 1.928859 
20.124848 -0.870931 -0.202432 0.027215 -0.718308 1.106436 -0.741077 -0.248753 -0.142378 1.928870 
20.124857 -0.870937 -0.202422 0.027258 -0.718240 1.106461 -0.741116 -0.248818 -0.142347 1.928897 
20.124843 -0.870921 -0.202423 0.027312 -0.718220 1.106484 -0.741135 -0.248805 -0.142297 1.928844 
20.124803 -0.870906 -0.202403 0.027298 -0.718176 1.106454 -0.741160 -0.248825 -0.142341 1.928803 
20.124850 -0.870954 -0.202446 0.027324 -0.718218 1.106461 -0.741142 -0.248804 -0.142301 1.928836 
20.124923 -0.870956 -0.202455 0.027355 -0.718221 1.106505 -0.741137 -0.248837 -0.142317 1.928817 
20.124849 -0.870951 -0.202479 0.027304 -0.718200 1.106482 -0.741151 -0.248792 -0.142303 1.928837 
20.124839 -0.870956 -0.202442 0.027366 -0.718193 1.106430 -0.741122 -0.248792 -0.142250 1.928895 
