Start Optimization 
9.538338 -0.442950 -0.023033 -0.153693 0.957839 -0.362658 0.521997 0.095736 0.548543 -0.141139 
10.538338 -0.442950 -0.023033 -0.153693 0.957839 -0.362658 0.521997 0.095736 0.548543 -0.141139 
10.538338 0.557050 -0.023033 -0.153693 0.957839 -0.362658 0.521997 0.095736 0.548543 -0.141139 
10.538338 -0.442950 0.976967 -0.153693 0.957839 -0.362658 0.521997 0.095736 0.548543 -0.141139 
10.538338 -0.442950 -0.023033 0.846307 0.957839 -0.362658 0.521997 0.095736 0.548543 -0.141139 
10.538338 -0.442950 -0.023033 -0.153693 1.957839 -0.362658 0.521997 0.095736 0.548543 -0.141139 
10.538338 -0.442950 -0.023033 -0.153693 0.957839 0.637342 0.521997 0.095736 0.548543 -0.141139 
10.538338 -0.442950 -0.023033 -0.153693 0.957839 -0.362658 1.521997 0.095736 0.548543 -0.141139 
10.538338 -0.442950 -0.023033 -0.153693 0.957839 -0.362658 1.521997 1.095736 0.548543 -0.141139 
10.538338 -0.442950 -0.023033 -0.153693 0.957839 -0.362658 1.521997 0.095736 1.548543 -0.141139 
10.538338 -0.442950 -0.023033 -0.153693 0.957839 -0.362658 1.521997 0.095736 0.548543 0.858861 
10.538914 -0.612007 -0.337398 -1.081107 0.945577 -0.469750 1.522924 0.066303 0.545621 0.860226 
10.538378 -0.454761 0.472549 -0.218486 0.956982 -0.370140 1.522062 0.093680 0.548339 0.858956 
10.788337 -0.442099 -0.023033 -0.153693 0.957839 -0.362658 1.521997 0.095736 0.548543 0.858861 
10.786671 0.056639 -0.028251 -0.188523 0.957378 -0.366680 1.522032 0.094631 0.548433 0.858912 
10.788337 -0.442099 -0.023033 -0.150388 0.707861 -0.362658 1.521997 0.095736 0.548543 0.858861 
10.788518 -0.410312 -0.069675 0.344978 0.713857 -0.398607 1.522308 0.085856 0.547562 0.859319 
10.788348 -0.445463 -0.029289 -0.168844 0.707617 -0.611874 1.521997 0.095736 0.548543 0.858861 
10.789115 -0.475962 -0.328663 -0.533107 0.701532 -0.270960 1.522711 0.073064 0.546292 0.859912 
10.788337 -0.442115 -0.022336 -0.150479 0.707860 -0.362669 1.771996 0.095736 0.548543 0.858861 
10.788711 -0.449381 0.454817 -0.294173 0.705291 -0.334792 1.519932 0.083783 0.547356 0.859415 
10.788335 -0.441584 -0.024496 -0.134758 0.708067 -0.363786 1.522007 -0.153767 0.548543 0.858861 
10.788816 -0.413129 -0.152530 0.347157 0.713334 -0.348544 1.521415 -0.136736 0.546582 0.859777 
10.788335 -0.441739 -0.025514 -0.136038 0.708051 -0.363663 1.522009 -0.153843 0.298548 0.858861 
10.788896 -0.473210 -0.354345 -0.500373 0.702366 -0.290250 1.521910 -0.186047 0.555091 0.859580 
10.788335 -0.441619 -0.023667 -0.135010 0.708064 -0.363788 1.522004 -0.153788 0.548541 1.108859 
10.788819 -0.450255 0.449247 -0.288103 0.705171 -0.326365 1.519746 -0.177276 0.550707 0.856338 
10.788327 -0.439324 -0.024361 -0.119198 0.583431 -0.239626 1.397185 -0.028379 0.548492 0.858885 
10.788851 -0.411574 -0.160899 0.360035 0.607443 -0.239546 1.415394 -0.031244 0.551033 0.858745 
10.788322 -0.437726 0.056175 -0.100599 0.613968 -0.273461 1.427255 -0.180007 0.670010 0.736713 
10.788824 -0.449844 0.412582 -0.298855 0.555766 -0.174280 1.370600 0.056408 0.465563 0.941859 
10.788582 -0.454821 -0.181968 -0.299278 0.586023 -0.210663 1.402524 -0.077118 0.579482 0.830936 
10.788751 -0.563917 -0.023425 -0.109221 0.583601 -0.238746 1.397216 -0.028075 0.548530 0.858859 
10.788562 -0.386712 -0.139117 0.095754 0.595150 -0.228655 1.406448 -0.031787 0.548797 0.860783 
10.788510 -0.419031 0.082698 -0.154129 0.576817 -0.213306 1.390716 -0.005591 0.524023 0.884083 
10.850821 -0.439121 -0.024378 -0.119263 0.583205 -0.240362 1.396960 -0.028218 0.548556 0.858821 
10.849178 -0.435819 -0.023265 -0.128901 0.547702 -0.350769 1.361574 -0.001847 0.556423 0.851227 
10.850824 -0.438905 -0.025493 -0.116434 0.608297 -0.236864 1.343698 -0.046077 0.541508 0.865868 
10.850863 -0.407136 -0.073049 -0.005579 0.608129 -0.240260 1.347019 -0.040669 0.539661 0.869045 
10.850828 -0.439042 -0.029069 -0.116459 0.560958 -0.229728 1.337086 -0.081100 0.528660 0.878756 
10.850879 -0.422698 -0.123334 -0.191469 0.567791 -0.221373 1.337377 -0.095755 0.545864 0.863993 
10.850828 -0.438789 -0.027754 -0.114591 0.548872 -0.217743 1.324974 -0.071308 0.505592 0.825497 
10.850812 -0.431870 0.002059 -0.108748 0.577878 -0.249260 1.353410 -0.160048 0.595307 0.824569 
10.844307 -0.436214 -0.031161 -0.119086 0.582937 -0.251879 1.359103 -0.103516 0.485263 0.878321 
10.960778 -0.476333 -0.021866 -0.129307 0.587176 -0.253989 1.362290 -0.108997 0.471499 0.880989 
10.833279 -0.477875 -0.033601 -0.108352 0.558358 -0.245004 1.351204 -0.105225 0.500088 0.909807 
10.808432 -0.514078 -0.056904 -0.122879 0.630809 -0.269381 1.375173 -0.108356 0.464175 0.812946 
10.819446 -0.426604 0.010117 -0.151347 0.582293 -0.238328 1.355219 -0.099272 0.472403 0.886610 
10.844710 -0.435599 -0.033560 -0.111775 0.591562 -0.225084 1.367963 -0.109687 0.483270 0.880307 
10.845752 -0.417101 -0.062756 -0.060637 0.589584 -0.234243 1.367380 -0.107546 0.481640 0.879898 
10.845561 -0.416575 -0.080703 -0.071358 0.588609 -0.229597 1.364528 -0.091538 0.467797 0.887686 
10.847484 -0.405866 -0.119986 -0.095051 0.583877 -0.226101 1.365458 -0.117614 0.498718 0.884249 
10.869542 -0.394139 -0.113394 -0.095589 0.574475 -0.222721 1.362510 -0.117276 0.501346 0.898149 
10.889470 -0.438986 -0.138207 -0.094429 0.599232 -0.230149 1.371919 -0.122102 0.487809 0.867485 
10.889015 -0.438780 -0.138027 -0.093573 0.611726 -0.228143 1.345256 -0.130890 0.484138 0.871198 
10.884520 -0.420905 -0.174022 -0.114360 0.606072 -0.198666 1.385552 -0.120041 0.462428 0.869086 
10.885279 -0.450182 -0.140231 -0.091559 0.578011 -0.227529 1.369145 -0.136559 0.476379 0.871585 
10.878632 -0.484083 -0.151767 -0.083089 0.578662 -0.217409 1.365925 -0.118515 0.507077 0.905154 
10.882940 -0.449378 -0.141051 -0.094259 0.588579 -0.243591 1.379698 -0.146857 0.469586 0.889730 
10.883967 -0.448755 -0.153207 -0.111451 0.570005 -0.293683 1.362100 -0.130583 0.470763 0.884138 
10.885365 -0.443786 -0.153802 -0.093586 0.569539 -0.308823 1.365223 -0.145170 0.482380 0.877545 
10.884174 -0.449900 -0.152647 -0.122182 0.569634 -0.292333 1.362818 -0.138160 0.478775 0.882337 
10.883619 -0.459455 -0.128267 -0.119711 0.572360 -0.300626 1.363323 -0.125165 0.461432 0.883939 
10.880883 -0.456372 -0.133717 -0.139503 0.575250 -0.302731 1.368162 -0.118216 0.440609 0.888419 
10.872482 -0.467332 -0.132166 -0.118857 0.576874 -0.301507 1.364421 -0.124055 0.462375 0.879739 
10.888429 -0.473273 -0.127185 -0.117789 0.569043 -0.300235 1.360175 -0.115217 0.475336 0.905018 
10.893051 -0.466928 -0.132363 -0.119390 0.578466 -0.301123 1.359194 -0.128027 0.458186 0.880915 
10.874426 -0.452293 -0.122787 -0.119655 0.580003 -0.299521 1.337749 -0.131781 0.459995 0.891098 
10.872355 -0.457898 -0.123791 -0.118193 0.569286 -0.298047 1.336255 -0.138903 0.454350 0.892962 
10.876742 -0.452256 -0.115722 -0.119249 0.568230 -0.288817 1.325474 -0.119035 0.465985 0.873240 
10.875397 -0.448035 -0.114167 -0.116508 0.580086 -0.290986 1.345223 -0.135045 0.459215 0.892048 
10.871230 -0.461081 -0.119286 -0.111197 0.596743 -0.271511 1.337668 -0.138641 0.459190 0.894843 
10.875188 -0.447372 -0.107574 -0.107613 0.582086 -0.297467 1.344102 -0.141536 0.464182 0.889399 
10.873629 -0.440961 -0.097086 -0.103440 0.584920 -0.303314 1.343725 -0.146965 0.463117 0.888930 
10.874919 -0.447472 -0.108396 -0.102067 0.583026 -0.297161 1.343452 -0.138027 0.460330 0.890388 
10.872856 -0.453648 -0.108039 -0.097445 0.591800 -0.290234 1.339448 -0.143452 0.463463 0.890407 
10.874278 -0.443332 -0.112637 -0.101086 0.583389 -0.296119 1.343620 -0.140792 0.459234 0.886587 
10.876926 -0.442493 -0.111107 -0.095032 0.578453 -0.296525 1.344068 -0.137884 0.469619 0.897493 
10.882139 -0.447240 -0.108409 -0.102259 0.583603 -0.297015 1.341459 -0.139466 0.458848 0.890868 
10.878803 -0.453345 -0.108075 -0.097536 0.583407 -0.300868 1.354060 -0.137778 0.460886 0.883521 
10.875591 -0.447800 -0.106326 -0.102113 0.580020 -0.295079 1.340533 -0.136222 0.463197 0.885611 
10.873607 -0.443899 -0.103652 -0.094353 0.584857 -0.296907 1.341625 -0.131573 0.450382 0.889886 
10.875241 -0.446841 -0.110285 -0.102935 0.587182 -0.301395 1.341383 -0.134974 0.462764 0.889168 
10.874643 -0.448272 -0.110997 -0.101730 0.585721 -0.303404 1.339690 -0.136180 0.462135 0.889108 
10.874263 -0.450591 -0.113394 -0.108462 0.584755 -0.304284 1.340064 -0.137552 0.461307 0.888925 
10.874840 -0.449407 -0.113180 -0.101049 0.585350 -0.302050 1.339459 -0.133875 0.461012 0.889422 
10.873498 -0.445509 -0.106390 -0.100315 0.587213 -0.305770 1.338780 -0.135698 0.457748 0.888245 
10.875310 -0.446374 -0.111369 -0.102001 0.583299 -0.304864 1.340639 -0.134971 0.462430 0.889854 
10.875532 -0.444361 -0.110798 -0.098503 0.583659 -0.305673 1.340619 -0.137772 0.467433 0.893127 
10.874720 -0.445295 -0.110814 -0.102933 0.582338 -0.303505 1.337635 -0.134482 0.463164 0.889851 
10.876334 -0.446685 -0.108381 -0.101719 0.579996 -0.303651 1.338275 -0.133550 0.466132 0.884061 
10.875709 -0.448449 -0.108513 -0.103280 0.580221 -0.304498 1.337445 -0.136266 0.466616 0.883577 
10.876535 -0.445804 -0.108190 -0.109438 0.577772 -0.306157 1.339735 -0.135134 0.466859 0.883578 
10.874968 -0.447594 -0.106159 -0.102386 0.580945 -0.305879 1.336525 -0.136754 0.464697 0.882915 
10.875868 -0.449477 -0.107469 -0.103440 0.580149 -0.304742 1.337389 -0.135624 0.466966 0.884586 
10.875652 -0.446543 -0.109356 -0.101464 0.580388 -0.304473 1.337353 -0.138176 0.468589 0.883748 
10.875246 -0.446056 -0.112142 -0.099695 0.580166 -0.303931 1.336336 -0.139023 0.468339 0.882403 
10.873849 -0.446593 -0.109352 -0.101436 0.580240 -0.304511 1.337861 -0.137814 0.468959 0.883630 
10.875995 -0.443861 -0.109306 -0.103556 0.579844 -0.305038 1.338705 -0.138926 0.469239 0.883371 
10.875296 -0.442289 -0.107117 -0.102663 0.580673 -0.306323 1.338081 -0.139895 0.467685 0.882578 
10.876068 -0.443744 -0.109680 -0.103841 0.581165 -0.305794 1.338260 -0.138183 0.469858 0.883019 
10.875982 -0.443509 -0.108511 -0.104065 0.581900 -0.302217 1.339655 -0.139734 0.469658 0.882794 
10.876410 -0.444231 -0.108710 -0.103233 0.579278 -0.305102 1.338926 -0.138703 0.469966 0.881923 
10.876995 -0.445019 -0.109373 -0.102308 0.580218 -0.306487 1.341985 -0.139371 0.469340 0.881952 
10.876845 -0.442847 -0.107419 -0.103605 0.578400 -0.305814 1.339226 -0.139381 0.472578 0.883566 
10.876642 -0.443475 -0.106792 -0.106817 0.577653 -0.306825 1.339065 -0.140901 0.472888 0.883248 
10.877116 -0.443013 -0.106431 -0.104147 0.578369 -0.305768 1.339720 -0.138060 0.472067 0.884006 
10.877083 -0.439771 -0.109038 -0.102813 0.577243 -0.305482 1.339320 -0.139484 0.473412 0.882994 
10.880288 -0.439812 -0.109080 -0.101813 0.577413 -0.305318 1.337793 -0.140591 0.473520 0.883590 
10.876265 -0.440494 -0.108868 -0.101783 0.577500 -0.305528 1.338971 -0.140050 0.474312 0.883457 
10.876293 -0.437243 -0.109968 -0.101923 0.575211 -0.304888 1.338911 -0.138503 0.474332 0.882640 
10.877432 -0.439667 -0.109492 -0.102330 0.577450 -0.306223 1.340878 -0.139951 0.473437 0.883046 
10.877598 -0.440019 -0.109961 -0.102581 0.577398 -0.305718 1.341094 -0.139775 0.473840 0.883195 
10.877567 -0.439382 -0.109426 -0.102699 0.578372 -0.304544 1.341587 -0.140373 0.474078 0.882842 
10.877756 -0.439495 -0.109298 -0.102655 0.578540 -0.304796 1.341543 -0.140061 0.474554 0.882157 
10.877631 -0.438942 -0.110053 -0.103083 0.579883 -0.305295 1.341190 -0.139688 0.474857 0.882735 
10.877807 -0.439337 -0.108973 -0.103192 0.578275 -0.305062 1.341582 -0.140370 0.475040 0.882399 
10.877596 -0.439682 -0.109724 -0.104047 0.578271 -0.305081 1.341514 -0.141660 0.475137 0.881577 
10.877610 -0.440314 -0.109911 -0.105287 0.578423 -0.304959 1.342004 -0.142733 0.475537 0.881073 
10.877441 -0.439898 -0.110667 -0.105998 0.577962 -0.304672 1.342282 -0.143758 0.476350 0.880401 
10.877268 -0.439548 -0.110525 -0.106328 0.578163 -0.305537 1.342808 -0.145153 0.476187 0.879697 
10.878741 -0.439653 -0.110759 -0.106333 0.578285 -0.305451 1.342325 -0.146272 0.476452 0.879669 
10.878393 -0.440031 -0.110769 -0.105805 0.578426 -0.305498 1.342333 -0.146579 0.476935 0.879916 
10.878107 -0.439744 -0.110535 -0.107370 0.578290 -0.305281 1.341585 -0.147325 0.476700 0.878940 
10.878807 -0.439998 -0.110463 -0.106113 0.577524 -0.305363 1.342431 -0.146371 0.476285 0.879427 
10.878987 -0.440540 -0.111630 -0.106642 0.577013 -0.306519 1.342896 -0.146463 0.476420 0.879518 
10.878982 -0.440140 -0.110402 -0.105965 0.577741 -0.305558 1.342380 -0.146005 0.476657 0.878707 
10.878843 -0.440154 -0.111149 -0.105786 0.578039 -0.304441 1.343464 -0.146879 0.475714 0.878758 
10.878992 -0.440305 -0.110027 -0.106570 0.577669 -0.305234 1.342942 -0.146319 0.476578 0.879625 
10.878901 -0.438443 -0.110429 -0.105521 0.576887 -0.305742 1.342498 -0.146743 0.476855 0.879285 
10.879078 -0.437883 -0.109906 -0.104688 0.577058 -0.306904 1.341956 -0.147176 0.476059 0.879214 
10.878826 -0.438669 -0.110482 -0.105349 0.576427 -0.305378 1.341926 -0.146671 0.476520 0.879562 
10.879281 -0.437468 -0.111218 -0.105434 0.576795 -0.305543 1.342394 -0.146301 0.478179 0.878997 
10.878104 -0.438226 -0.110401 -0.105532 0.576745 -0.305847 1.342722 -0.146325 0.476799 0.879182 
10.878772 -0.438448 -0.110311 -0.105796 0.576847 -0.305836 1.342243 -0.146903 0.477010 0.879201 
10.878520 -0.438324 -0.110567 -0.105892 0.576872 -0.305503 1.342312 -0.147538 0.476896 0.878685 
10.878509 -0.438193 -0.110245 -0.105815 0.577045 -0.305232 1.342257 -0.147491 0.476935 0.878655 
10.878479 -0.438114 -0.109790 -0.106318 0.576677 -0.305227 1.342506 -0.147857 0.477316 0.878760 
10.878579 -0.438499 -0.109395 -0.106422 0.576348 -0.305296 1.342559 -0.147794 0.477638 0.878124 
10.878776 -0.438216 -0.109219 -0.107281 0.576292 -0.305252 1.342569 -0.147706 0.477456 0.877989 
10.878491 -0.438776 -0.109519 -0.106590 0.576500 -0.305079 1.342627 -0.147705 0.477777 0.878210 
10.878459 -0.438192 -0.109013 -0.106078 0.576148 -0.305750 1.342451 -0.148313 0.477870 0.878160 
10.878621 -0.437983 -0.109036 -0.105760 0.575755 -0.305434 1.343084 -0.148568 0.477662 0.878023 
10.878526 -0.438228 -0.108841 -0.105778 0.575769 -0.305476 1.343099 -0.148676 0.477329 0.878100 
10.878548 -0.437978 -0.109051 -0.105688 0.575072 -0.305087 1.342525 -0.148511 0.477627 0.878220 
10.878956 -0.438090 -0.109062 -0.105673 0.575143 -0.305040 1.342418 -0.148699 0.477654 0.878287 
10.879263 -0.438094 -0.108729 -0.105507 0.574943 -0.305338 1.342657 -0.148141 0.477762 0.878750 
10.878948 -0.437964 -0.108768 -0.105563 0.575340 -0.304770 1.342346 -0.148628 0.477669 0.878251 
10.879134 -0.437888 -0.109225 -0.105169 0.575101 -0.305436 1.342103 -0.148546 0.477393 0.877785 
10.879077 -0.437827 -0.108954 -0.105998 0.575076 -0.305102 1.342392 -0.148697 0.477497 0.878227 
10.879022 -0.437517 -0.108771 -0.106451 0.574796 -0.305248 1.342473 -0.149167 0.478032 0.878275 
10.879206 -0.437918 -0.108708 -0.106894 0.574567 -0.305019 1.342619 -0.148855 0.478242 0.877735 
10.879083 -0.437100 -0.109280 -0.106938 0.574881 -0.304984 1.342585 -0.149143 0.477954 0.878704 
10.879238 -0.436435 -0.109812 -0.107331 0.574865 -0.304982 1.342547 -0.149176 0.477851 0.878893 
10.879052 -0.436657 -0.109671 -0.107840 0.574867 -0.304831 1.342732 -0.149463 0.477412 0.879402 
10.879355 -0.436334 -0.109780 -0.107157 0.574650 -0.304867 1.342884 -0.149229 0.477764 0.878885 
10.879635 -0.436265 -0.109564 -0.107156 0.574551 -0.305170 1.342990 -0.148623 0.478055 0.879394 
10.879673 -0.436290 -0.109607 -0.107210 0.574854 -0.305388 1.343277 -0.148663 0.478070 0.879303 
10.879669 -0.435825 -0.109191 -0.107089 0.575014 -0.304603 1.342995 -0.148503 0.478303 0.879337 
10.880074 -0.435944 -0.109204 -0.107065 0.575087 -0.304555 1.342888 -0.148690 0.478334 0.879406 
10.879509 -0.435945 -0.109762 -0.106787 0.575020 -0.304370 1.343130 -0.148519 0.478927 0.879522 
10.879622 -0.435785 -0.109274 -0.106782 0.575188 -0.304636 1.342916 -0.148458 0.478052 0.879513 
10.879935 -0.436081 -0.109495 -0.107262 0.575024 -0.304265 1.343059 -0.147878 0.478103 0.878954 
10.879828 -0.435348 -0.109029 -0.106984 0.574695 -0.304955 1.342861 -0.148641 0.478768 0.878908 
10.879859 -0.434958 -0.108686 -0.107316 0.574294 -0.305097 1.342958 -0.148997 0.479274 0.878874 
10.880225 -0.434806 -0.108806 -0.107461 0.574016 -0.305044 1.342942 -0.148559 0.479489 0.878208 
10.880313 -0.435186 -0.108373 -0.107198 0.573812 -0.305067 1.342959 -0.148336 0.479840 0.877634 
10.880261 -0.434843 -0.108741 -0.107571 0.574113 -0.305236 1.342771 -0.148288 0.479658 0.878413 
10.880099 -0.434566 -0.109224 -0.107771 0.574113 -0.304881 1.342608 -0.148926 0.479412 0.877641 
10.880058 -0.434539 -0.109187 -0.107683 0.573832 -0.304676 1.342310 -0.148881 0.479357 0.877751 
10.880446 -0.433987 -0.109478 -0.107524 0.573799 -0.304799 1.343034 -0.148894 0.479139 0.877549 
10.880106 -0.434371 -0.109031 -0.107763 0.574356 -0.304578 1.342623 -0.148867 0.479506 0.877645 
10.880147 -0.434572 -0.108996 -0.108447 0.574009 -0.304190 1.343012 -0.148941 0.479572 0.877745 
10.880172 -0.434319 -0.108745 -0.107909 0.574364 -0.304693 1.342557 -0.148865 0.479181 0.877571 
10.879811 -0.434135 -0.108930 -0.107454 0.574270 -0.304685 1.342702 -0.149574 0.479874 0.877855 
10.879402 -0.434024 -0.108920 -0.107475 0.574204 -0.304730 1.342809 -0.149386 0.479834 0.877794 
10.879143 -0.434353 -0.109351 -0.106944 0.574499 -0.304371 1.342942 -0.149549 0.479643 0.877905 
10.879438 -0.434200 -0.108716 -0.107286 0.574065 -0.304676 1.342915 -0.149365 0.479930 0.877501 
10.879477 -0.433899 -0.109046 -0.107251 0.574025 -0.304814 1.342611 -0.149257 0.480647 0.877164 
10.879623 -0.433931 -0.108840 -0.106942 0.573938 -0.305073 1.342809 -0.148823 0.481058 0.877731 
10.879613 -0.434045 -0.108951 -0.107185 0.573776 -0.304850 1.343013 -0.148858 0.481229 0.877809 
10.879613 -0.433766 -0.108632 -0.107645 0.573384 -0.304904 1.343098 -0.149178 0.481763 0.877705 
10.879589 -0.433504 -0.108360 -0.108073 0.572996 -0.304922 1.343199 -0.149520 0.482345 0.877600 
10.879428 -0.433833 -0.108890 -0.108043 0.572927 -0.304396 1.343533 -0.149605 0.482696 0.877724 
10.879377 -0.433786 -0.108236 -0.108208 0.573147 -0.304965 1.342999 -0.149489 0.482464 0.877631 
10.879075 -0.433286 -0.108403 -0.108331 0.572778 -0.304928 1.343453 -0.148888 0.482217 0.877386 
10.879638 -0.433526 -0.108389 -0.108163 0.573289 -0.305112 1.343495 -0.149557 0.482401 0.877489 
10.879930 -0.433275 -0.108068 -0.108311 0.573707 -0.304477 1.343446 -0.149265 0.482523 0.877451 
10.879766 -0.433766 -0.108239 -0.108025 0.573146 -0.305081 1.343568 -0.149474 0.482434 0.877192 
10.880190 -0.433730 -0.108726 -0.108744 0.573091 -0.305267 1.343367 -0.149306 0.482331 0.877576 
10.879711 -0.433543 -0.108286 -0.108009 0.573246 -0.305241 1.343594 -0.149340 0.482606 0.877773 
10.879666 -0.433767 -0.107854 -0.108221 0.573084 -0.305083 1.344043 -0.149562 0.482138 0.878159 
10.879595 -0.433004 -0.108422 -0.107470 0.573151 -0.305588 1.343665 -0.149508 0.483004 0.877633 
10.879152 -0.432616 -0.108249 -0.106824 0.573248 -0.305632 1.343786 -0.149768 0.483225 0.877501 
10.879585 -0.432888 -0.108293 -0.107737 0.572961 -0.305575 1.343702 -0.149726 0.483212 0.877540 
10.879904 -0.432653 -0.108343 -0.107952 0.572608 -0.305922 1.343690 -0.149603 0.483902 0.877647 
10.879509 -0.432769 -0.108530 -0.107946 0.573144 -0.305769 1.343772 -0.149922 0.483160 0.877510 
10.879455 -0.432868 -0.108560 -0.107902 0.572992 -0.305885 1.343788 -0.149980 0.483101 0.877530 
10.879496 -0.432758 -0.108320 -0.108043 0.573191 -0.305788 1.344060 -0.149966 0.483125 0.877820 
10.879492 -0.432818 -0.108673 -0.107924 0.573111 -0.305636 1.343876 -0.149946 0.483233 0.877537 
10.879742 -0.432559 -0.108732 -0.107854 0.572950 -0.305584 1.343992 -0.149987 0.483014 0.877443 
10.879365 -0.432763 -0.108683 -0.107985 0.573059 -0.305642 1.343944 -0.149788 0.483205 0.877481 
10.879604 -0.433009 -0.108609 -0.107931 0.573188 -0.305711 1.344053 -0.149962 0.483312 0.877168 
10.879699 -0.433111 -0.108644 -0.108093 0.573162 -0.305677 1.344010 -0.149907 0.483239 0.877195 
10.879379 -0.432806 -0.108591 -0.107710 0.573172 -0.305701 1.343974 -0.150139 0.483471 0.876983 
10.879299 -0.432865 -0.108579 -0.107655 0.573261 -0.305615 1.343977 -0.150169 0.483298 0.876957 
10.879438 -0.432781 -0.108767 -0.107410 0.573332 -0.305905 1.344007 -0.149939 0.483512 0.877039 
10.879377 -0.432801 -0.108471 -0.107699 0.573211 -0.305735 1.344162 -0.150170 0.483481 0.877062 
10.879181 -0.432514 -0.108398 -0.107696 0.573083 -0.305711 1.344093 -0.150367 0.483682 0.877168 
10.879187 -0.432408 -0.108295 -0.107958 0.572930 -0.305750 1.344131 -0.150543 0.483977 0.877112 
10.879152 -0.432456 -0.108537 -0.107759 0.573194 -0.305829 1.344128 -0.150430 0.483654 0.877173 
10.879126 -0.432297 -0.108596 -0.107411 0.573225 -0.305970 1.344114 -0.150297 0.483843 0.877288 
10.879020 -0.432591 -0.108506 -0.107790 0.573284 -0.305844 1.344070 -0.150412 0.483740 0.877222 
10.878756 -0.432497 -0.108434 -0.107689 0.573370 -0.305651 1.344059 -0.150626 0.483509 0.877207 
10.879084 -0.432510 -0.108460 -0.107831 0.573448 -0.305737 1.344090 -0.150348 0.483789 0.877209 
10.879136 -0.432655 -0.108276 -0.107790 0.573524 -0.305853 1.344477 -0.150364 0.483723 0.877280 
10.879070 -0.432565 -0.108606 -0.107807 0.573417 -0.305605 1.344192 -0.150370 0.483860 0.877227 
10.879143 -0.432667 -0.108509 -0.107744 0.573546 -0.305787 1.344046 -0.150324 0.483789 0.876778 
10.879214 -0.432568 -0.108453 -0.107772 0.573501 -0.305730 1.344020 -0.150503 0.483813 0.877269 
10.879213 -0.432629 -0.108577 -0.108022 0.573469 -0.305718 1.343949 -0.150109 0.483555 0.877365 
10.879075 -0.432447 -0.108402 -0.107979 0.573382 -0.305763 1.344094 -0.150423 0.483924 0.877170 
10.879055 -0.432334 -0.108358 -0.108031 0.573330 -0.305832 1.344086 -0.150452 0.484106 0.877159 
10.879007 -0.432410 -0.108372 -0.107940 0.573398 -0.305729 1.344104 -0.150488 0.483903 0.877146 
10.879078 -0.432509 -0.108388 -0.108154 0.573372 -0.305683 1.344077 -0.150473 0.483801 0.877153 
10.879059 -0.432405 -0.108395 -0.107991 0.573366 -0.305751 1.344094 -0.150421 0.483914 0.877280 
10.879053 -0.432315 -0.108389 -0.107883 0.573351 -0.305844 1.344104 -0.150393 0.484087 0.877281 
10.879043 -0.432222 -0.108343 -0.107983 0.573294 -0.305904 1.344090 -0.150428 0.484257 0.877248 
10.879045 -0.432170 -0.108311 -0.108080 0.573212 -0.305957 1.344101 -0.150512 0.484430 0.877230 
10.879031 -0.432195 -0.108394 -0.107994 0.573277 -0.305869 1.343993 -0.150427 0.484260 0.877233 
10.879012 -0.432115 -0.108290 -0.107926 0.573389 -0.305946 1.344065 -0.150259 0.484236 0.877222 
10.879027 -0.432195 -0.108419 -0.108011 0.573350 -0.305955 1.344114 -0.150456 0.484244 0.877252 
10.878999 -0.432200 -0.108535 -0.107948 0.573350 -0.305824 1.344220 -0.150390 0.484335 0.877256 
10.878965 -0.432265 -0.108404 -0.108023 0.573399 -0.305962 1.344083 -0.150449 0.484286 0.877278 
10.879164 -0.432194 -0.108415 -0.107891 0.573459 -0.305941 1.344061 -0.150534 0.484293 0.877306 
10.879010 -0.432234 -0.108422 -0.107931 0.573288 -0.306005 1.344122 -0.150456 0.484238 0.877268 
10.878966 -0.432114 -0.108590 -0.108016 0.573394 -0.306025 1.344008 -0.150445 0.484203 0.877235 
10.879016 -0.432172 -0.108414 -0.108023 0.573340 -0.305938 1.344116 -0.150453 0.484218 0.877342 
10.879055 -0.432212 -0.108431 -0.108027 0.573344 -0.305968 1.344110 -0.150430 0.484249 0.877260 
10.879033 -0.432243 -0.108424 -0.108014 0.573370 -0.305923 1.344122 -0.150459 0.484170 0.877227 
10.879031 -0.432209 -0.108437 -0.108028 0.573333 -0.305951 1.344113 -0.150492 0.484253 0.877255 
10.879027 -0.432168 -0.108400 -0.108064 0.573319 -0.305977 1.344128 -0.150498 0.484314 0.877230 
10.879072 -0.432136 -0.108375 -0.108048 0.573350 -0.305991 1.344118 -0.150531 0.484375 0.877231 
10.879055 -0.432076 -0.108404 -0.108070 0.573357 -0.306035 1.344092 -0.150537 0.484415 0.877208 
10.879045 -0.432044 -0.108431 -0.108067 0.573357 -0.306010 1.344131 -0.150521 0.484489 0.877193 
10.879045 -0.431996 -0.108407 -0.108104 0.573359 -0.306041 1.344135 -0.150535 0.484546 0.877156 
10.879053 -0.431962 -0.108422 -0.108141 0.573361 -0.306060 1.344131 -0.150584 0.484603 0.877125 
10.879064 -0.431928 -0.108440 -0.108186 0.573370 -0.306071 1.344126 -0.150634 0.484656 0.877093 
10.879065 -0.431879 -0.108408 -0.108228 0.573379 -0.306096 1.344131 -0.150639 0.484705 0.877055 
10.879063 -0.431834 -0.108399 -0.108251 0.573370 -0.306129 1.344139 -0.150660 0.484774 0.877022 
10.879047 -0.431797 -0.108388 -0.108234 0.573345 -0.306158 1.344167 -0.150645 0.484846 0.877005 
10.879057 -0.431817 -0.108386 -0.108223 0.573337 -0.306202 1.344159 -0.150671 0.484867 0.876927 
10.879061 -0.431822 -0.108379 -0.108226 0.573315 -0.306183 1.344124 -0.150661 0.484881 0.876923 
10.879080 -0.431839 -0.108377 -0.108281 0.573289 -0.306232 1.344119 -0.150664 0.484923 0.876961 
10.879096 -0.431803 -0.108390 -0.108227 0.573295 -0.306185 1.344134 -0.150652 0.484866 0.876917 
10.879067 -0.431749 -0.108369 -0.108194 0.573274 -0.306152 1.344132 -0.150699 0.484841 0.876897 
10.879097 -0.431757 -0.108345 -0.108178 0.573287 -0.306142 1.344137 -0.150713 0.484855 0.876906 
10.879079 -0.431708 -0.108395 -0.108153 0.573324 -0.306175 1.344081 -0.150681 0.484846 0.876901 
10.879069 -0.431757 -0.108407 -0.108185 0.573269 -0.306138 1.344135 -0.150719 0.484857 0.876903 
10.879068 -0.431738 -0.108375 -0.108211 0.573312 -0.306094 1.344158 -0.150665 0.484854 0.876844 
10.879052 -0.431785 -0.108369 -0.108122 0.573250 -0.306146 1.344151 -0.150655 0.484822 0.876891 
