Start Optimization 
16.925861 -0.678328 -0.098616 -0.007313 0.976895 0.019918 -0.457801 -0.439102 0.774518 0.634360 
17.925861 -0.678328 -0.098616 -0.007313 0.976895 0.019918 -0.457801 -0.439102 0.774518 0.634360 
16.925861 0.321672 -0.098616 -0.007313 0.976895 0.019918 -0.457801 -0.439102 0.774518 0.634360 
16.925861 -0.678328 0.901384 -0.007313 0.976895 0.019918 -0.457801 -0.439102 0.774518 0.634360 
16.925861 -0.678328 -0.098616 0.992687 0.976895 0.019918 -0.457801 -0.439102 0.774518 0.634360 
16.925861 -0.678328 -0.098616 -0.007313 1.976895 0.019918 -0.457801 -0.439102 0.774518 0.634360 
16.925861 -0.678328 -0.098616 -0.007313 0.976895 1.019918 -0.457801 -0.439102 0.774518 0.634360 
16.925861 -0.678328 -0.098616 -0.007313 0.976895 0.019918 0.542199 -0.439102 0.774518 0.634360 
16.925861 -0.678328 -0.098616 -0.007313 0.976895 0.019918 -0.457801 0.560898 0.774518 0.634360 
16.925861 -0.678328 -0.098616 -0.007313 0.976895 0.019918 -0.457801 -0.439102 1.774518 0.634360 
16.925861 -0.678328 -0.098616 -0.007313 0.976895 0.019918 -0.457801 -0.439102 0.774518 1.634360 
16.925241 -0.913502 -0.353172 -0.929980 0.971197 -0.145952 -0.464329 -0.470538 0.773996 0.632771 
16.925551 -0.795915 -0.225894 -0.468647 0.974046 -0.063017 -0.461065 -0.454820 0.774257 0.633566 
16.925834 -0.688507 0.147855 -0.047249 0.976648 0.012739 -0.458084 -0.440463 0.774495 0.634291 
16.800861 -0.677999 -0.098616 -0.007313 0.976895 0.019918 -0.457801 -0.439102 0.774518 0.634360 
16.926517 -0.431322 -0.103271 -0.044971 0.976662 0.013148 -0.458067 -0.440385 0.774497 0.634295 
16.925861 -0.678328 -0.098616 -0.006541 0.851897 0.019918 -0.457801 -0.439102 0.774518 0.634360 
16.925958 -0.658240 -0.143010 0.228800 0.984044 -0.044645 -0.460342 -0.451338 0.774315 0.633742 
16.925861 -0.678328 -0.098616 -0.007313 0.976895 0.024834 -0.582704 -0.439102 0.774518 0.634360 
16.925892 -0.672031 -0.112532 0.018412 0.978838 0.267859 -0.447225 -0.442938 0.774454 0.634166 
16.925856 -0.680118 -0.100553 -0.014335 0.976852 0.018656 -0.457851 -0.563870 0.774518 0.634360 
16.925782 -0.731103 -0.245817 -0.209934 0.983395 0.001440 -0.454976 -0.550025 0.774241 0.633518 
16.925856 -0.680095 -0.100529 -0.014246 0.976852 0.019368 -0.457823 -0.563883 0.649520 0.634360 
16.925883 -0.676362 -0.121865 0.001647 0.979134 0.266930 -0.447079 -0.567100 0.776622 0.634123 
16.925856 -0.680157 -0.099605 -0.014489 0.976851 0.018628 -0.457852 -0.563876 0.774518 0.509364 
16.925840 -0.705420 0.129970 -0.109902 0.982736 0.018766 -0.454879 -0.561981 0.776507 0.510913 
16.986306 -0.708355 -0.099450 0.000156 1.037466 0.015722 -0.397395 -0.503679 0.774514 0.509353 
16.974338 -0.698568 -0.230372 0.201516 1.036406 -0.047578 -0.407491 -0.524972 0.777313 0.507646 
16.987470 -0.728931 -0.179605 -0.092817 1.039865 0.008064 -0.395681 -0.495697 0.774934 0.508780 
16.993041 -0.655869 -0.097915 -0.009393 1.044004 -0.014210 -0.391972 -0.497012 0.774347 0.509366 
17.000398 -0.597960 -0.115986 -0.012028 1.052218 0.093685 -0.380050 -0.491346 0.775291 0.509139 
16.993193 -0.670973 0.004280 -0.079399 1.049743 -0.013287 -0.389029 -0.494559 0.776196 0.509936 
16.988127 -0.659185 -0.128210 0.036611 1.046645 -0.041918 -0.394674 -0.504078 0.776494 0.508729 
16.984869 -0.657933 -0.105729 -0.018928 1.069105 -0.014698 -0.400164 -0.504506 0.774335 0.509319 
17.000683 -0.666038 -0.136135 -0.049627 1.022916 -0.020721 -0.384024 -0.486313 0.774639 0.509072 
16.987958 -0.666331 -0.134978 -0.051287 1.022992 -0.021699 -0.358548 -0.498981 0.774639 0.509084 
16.990036 -0.678221 -0.090127 -0.091814 1.018097 -0.028555 -0.354125 -0.495308 0.776248 0.509216 
17.010073 -0.666544 -0.135371 -0.052536 1.023007 -0.021619 -0.358523 -0.521020 0.774641 0.509083 
16.986777 -0.638274 -0.144962 -0.057265 1.023454 0.031281 -0.348806 -0.490106 0.775824 0.508855 
16.987864 -0.666410 -0.135501 -0.050523 1.023027 -0.022337 -0.358611 -0.499108 0.805868 0.509079 
16.969003 -0.670193 -0.170169 -0.018880 1.014140 -0.046503 -0.349170 -0.488861 0.755694 0.508344 
16.987943 -0.666352 -0.134822 -0.051202 1.022997 -0.021778 -0.358557 -0.499003 0.774633 0.477834 
16.968987 -0.670214 -0.170017 -0.018794 1.014144 -0.046583 -0.349179 -0.488882 0.755687 0.477463 
17.003124 -0.672650 -0.134963 -0.047653 1.038231 -0.021085 -0.343307 -0.483878 0.774663 0.477826 
16.981601 -0.636542 -0.146431 -0.056776 1.018758 0.030223 -0.352571 -0.493807 0.769484 0.477478 
16.975346 -0.668330 -0.142664 -0.060588 1.046972 -0.022304 -0.362845 -0.504841 0.770313 0.482092 
17.013642 -0.666345 -0.141511 -0.054206 1.023826 -0.025170 -0.389698 -0.508848 0.802132 0.440997 
16.984089 -0.671112 -0.113145 -0.068052 1.012554 -0.027024 -0.358535 -0.493591 0.770896 0.475515 
16.989463 -0.653278 -0.134737 -0.053149 1.024579 -0.029501 -0.357095 -0.497339 0.774443 0.477965 
16.979459 -0.684365 -0.145401 -0.035460 1.009494 -0.023558 -0.359320 -0.498745 0.769129 0.475849 
16.989586 -0.666413 -0.144686 -0.061009 1.017936 -0.019107 -0.355950 -0.496120 0.774442 0.478095 
16.984594 -0.659544 -0.126948 -0.044305 1.022537 0.006514 -0.359922 -0.499833 0.773950 0.475436 
16.994132 -0.669947 -0.134743 -0.051756 1.024575 -0.022028 -0.366467 -0.502245 0.781640 0.469597 
16.985531 -0.666425 -0.134622 -0.051476 1.023017 -0.022050 -0.353278 -0.501882 0.777704 0.474763 
16.996326 -0.668393 -0.133345 -0.051464 1.022100 -0.021250 -0.358220 -0.508944 0.768462 0.483251 
16.988202 -0.668451 -0.133499 -0.050288 1.022029 -0.021430 -0.361689 -0.497646 0.784200 0.489360 
16.985319 -0.670467 -0.134273 -0.052098 1.027196 -0.021157 -0.365036 -0.498053 0.782003 0.490709 
16.988251 -0.668935 -0.130616 -0.052729 1.021569 -0.021515 -0.361553 -0.496969 0.784044 0.489184 
16.988119 -0.672374 -0.129375 -0.050071 1.018208 -0.022746 -0.364751 -0.494006 0.781082 0.489257 
16.986337 -0.670925 -0.129124 -0.050341 1.016457 -0.021599 -0.366427 -0.495631 0.781035 0.489146 
16.990238 -0.671200 -0.127612 -0.048536 1.019756 -0.016464 -0.365381 -0.491403 0.780263 0.489274 
16.987933 -0.670839 -0.127183 -0.048128 1.019512 -0.024236 -0.365157 -0.494450 0.781102 0.489214 
16.990737 -0.666597 -0.128429 -0.050683 1.019328 -0.027105 -0.368024 -0.491659 0.779847 0.490331 
16.992861 -0.667103 -0.128066 -0.050744 1.019105 -0.026969 -0.368037 -0.494075 0.778264 0.491726 
16.990744 -0.667551 -0.123243 -0.051680 1.019713 -0.032650 -0.367654 -0.490634 0.779502 0.490523 
16.991784 -0.667522 -0.120364 -0.049183 1.018949 -0.039096 -0.366925 -0.489691 0.780468 0.491494 
16.989056 -0.666745 -0.123442 -0.051513 1.019611 -0.032568 -0.365879 -0.489880 0.777681 0.492677 
16.986527 -0.668981 -0.123960 -0.053326 1.024861 -0.032667 -0.369621 -0.490390 0.775843 0.493611 
16.988583 -0.666469 -0.124706 -0.051436 1.019588 -0.033896 -0.365123 -0.490786 0.775714 0.490161 
16.990721 -0.666187 -0.118597 -0.053008 1.020457 -0.027774 -0.366209 -0.487067 0.777534 0.493386 
16.989167 -0.665711 -0.123127 -0.053798 1.020792 -0.032842 -0.364614 -0.491443 0.779455 0.492232 
16.987765 -0.666416 -0.125135 -0.047754 1.019156 -0.031455 -0.366021 -0.487716 0.777465 0.498683 
16.989526 -0.668120 -0.124394 -0.053763 1.017637 -0.032928 -0.366804 -0.488561 0.777503 0.493405 
16.988706 -0.665373 -0.123211 -0.051705 1.019068 -0.032712 -0.366998 -0.490204 0.777492 0.492781 
16.986973 -0.668490 -0.122095 -0.050959 1.018018 -0.031704 -0.366193 -0.491332 0.778190 0.492609 
16.985912 -0.668237 -0.122279 -0.050928 1.018129 -0.031770 -0.366188 -0.490125 0.778982 0.491911 
16.987474 -0.669213 -0.121326 -0.049280 1.018205 -0.033055 -0.368251 -0.489582 0.780370 0.491583 
16.987161 -0.669197 -0.120112 -0.049489 1.018242 -0.034163 -0.367723 -0.489129 0.779834 0.492027 
16.987967 -0.669145 -0.118231 -0.049466 1.018338 -0.031616 -0.368223 -0.487467 0.778665 0.491592 
16.987787 -0.668631 -0.119993 -0.049031 1.016933 -0.034140 -0.366780 -0.489003 0.780293 0.491804 
16.987125 -0.668486 -0.120751 -0.047110 1.016753 -0.033689 -0.366877 -0.487887 0.780201 0.494810 
16.987999 -0.668383 -0.119421 -0.049833 1.017341 -0.033745 -0.366630 -0.489199 0.781617 0.492579 
16.987715 -0.668781 -0.118086 -0.047379 1.016995 -0.036901 -0.366748 -0.488058 0.780340 0.491215 
16.988552 -0.668254 -0.120390 -0.048543 1.016042 -0.032964 -0.366588 -0.488915 0.780756 0.491299 
16.987969 -0.669336 -0.120121 -0.048967 1.017176 -0.034074 -0.366235 -0.488822 0.780385 0.491763 
16.988188 -0.669950 -0.120565 -0.050074 1.016149 -0.034273 -0.366770 -0.488161 0.780288 0.492139 
16.987464 -0.669776 -0.119782 -0.048829 1.016776 -0.033857 -0.366314 -0.489203 0.780500 0.491757 
16.989070 -0.669568 -0.119945 -0.048987 1.017080 -0.034032 -0.366244 -0.489990 0.779584 0.492471 
16.988034 -0.669384 -0.119564 -0.049054 1.017361 -0.033595 -0.366392 -0.488400 0.779983 0.491741 
16.987249 -0.668888 -0.120050 -0.049847 1.017286 -0.032986 -0.365335 -0.488653 0.779283 0.491937 
16.988203 -0.669415 -0.119362 -0.049532 1.017396 -0.033718 -0.366356 -0.488674 0.780006 0.490991 
16.987940 -0.669498 -0.118709 -0.048196 1.017327 -0.034922 -0.366405 -0.487658 0.779903 0.491814 
16.987791 -0.669709 -0.117957 -0.047282 1.017469 -0.036234 -0.366629 -0.486919 0.779822 0.491865 
16.987622 -0.670182 -0.117622 -0.046323 1.018179 -0.036443 -0.367673 -0.486094 0.779612 0.492277 
16.987986 -0.670035 -0.116849 -0.045176 1.017542 -0.037147 -0.367460 -0.485222 0.779760 0.492152 
16.987391 -0.670213 -0.118011 -0.046079 1.017991 -0.036437 -0.367590 -0.486045 0.778876 0.491956 
16.986591 -0.670246 -0.117502 -0.047235 1.019051 -0.036934 -0.367391 -0.486307 0.779062 0.492967 
16.987110 -0.670054 -0.117730 -0.046463 1.018262 -0.036325 -0.367662 -0.485606 0.780002 0.491795 
16.987708 -0.670549 -0.117393 -0.046904 1.018658 -0.036599 -0.368424 -0.486116 0.779876 0.490447 
16.987077 -0.669766 -0.117654 -0.045973 1.018830 -0.036186 -0.367319 -0.485952 0.780080 0.491601 
16.987859 -0.670643 -0.119096 -0.046596 1.018636 -0.036961 -0.367360 -0.485130 0.780390 0.491899 
16.986883 -0.670865 -0.117573 -0.046316 1.018154 -0.036130 -0.367331 -0.485739 0.780146 0.491762 
16.986375 -0.670048 -0.118246 -0.046147 1.017466 -0.036771 -0.368637 -0.486482 0.780587 0.491920 
16.987585 -0.670181 -0.117671 -0.046402 1.018423 -0.035837 -0.368044 -0.485804 0.780178 0.492269 
16.987015 -0.670110 -0.117624 -0.047252 1.017474 -0.035206 -0.367897 -0.484748 0.779373 0.491467 
16.987507 -0.670086 -0.117110 -0.046343 1.017850 -0.036692 -0.367631 -0.485340 0.780045 0.491931 
16.987377 -0.670187 -0.117088 -0.046107 1.018008 -0.036729 -0.367866 -0.485083 0.779954 0.491937 
16.987115 -0.670346 -0.116799 -0.046694 1.018315 -0.036978 -0.367928 -0.485151 0.779674 0.492371 
16.986864 -0.670239 -0.116641 -0.046614 1.018127 -0.036937 -0.368135 -0.485380 0.779702 0.492370 
16.987120 -0.670649 -0.117331 -0.046896 1.017888 -0.037346 -0.368303 -0.485086 0.779896 0.492534 
16.986971 -0.670525 -0.117415 -0.046786 1.017789 -0.037277 -0.368113 -0.484958 0.779928 0.492871 
16.986925 -0.670555 -0.117359 -0.047181 1.017393 -0.036722 -0.368233 -0.484525 0.779613 0.492709 
16.986871 -0.670469 -0.117315 -0.046922 1.017885 -0.037237 -0.368138 -0.484803 0.780326 0.492814 
16.986978 -0.670545 -0.117116 -0.046432 1.017677 -0.038019 -0.368040 -0.484547 0.779908 0.492892 
16.987112 -0.670130 -0.117489 -0.046856 1.017852 -0.037344 -0.368300 -0.484904 0.779867 0.492916 
16.987558 -0.670356 -0.117410 -0.046779 1.017996 -0.036840 -0.368642 -0.485112 0.780058 0.493385 
16.986923 -0.670274 -0.117710 -0.046693 1.017884 -0.037268 -0.368104 -0.485063 0.779748 0.493065 
16.986878 -0.669918 -0.117947 -0.047201 1.018294 -0.037010 -0.368583 -0.485016 0.779963 0.492575 
16.987241 -0.670030 -0.117511 -0.047093 1.017694 -0.037309 -0.368066 -0.485160 0.779959 0.492911 
16.987046 -0.670170 -0.117416 -0.047002 1.017929 -0.037407 -0.368315 -0.484921 0.779797 0.493025 
16.987124 -0.670124 -0.117350 -0.046659 1.017802 -0.037702 -0.368289 -0.484681 0.779865 0.492905 
16.987223 -0.670191 -0.117562 -0.046915 1.017906 -0.037320 -0.368200 -0.484765 0.779823 0.492913 
16.986984 -0.670160 -0.117432 -0.046964 1.017574 -0.037063 -0.368358 -0.484790 0.779685 0.492895 
16.987110 -0.670054 -0.117356 -0.046805 1.017959 -0.037252 -0.368206 -0.484921 0.779812 0.492875 
16.987116 -0.670125 -0.117346 -0.046660 1.017787 -0.037695 -0.368295 -0.484677 0.779859 0.492904 
16.987054 -0.670077 -0.117603 -0.046942 1.017963 -0.037260 -0.368370 -0.484933 0.779891 0.492831 
16.987095 -0.670064 -0.117501 -0.046853 1.017851 -0.037323 -0.368290 -0.484862 0.779911 0.492992 
16.987231 -0.670209 -0.117464 -0.046837 1.017889 -0.037224 -0.368390 -0.484971 0.779901 0.493009 
16.987149 -0.670074 -0.117525 -0.046840 1.017847 -0.037361 -0.368323 -0.484926 0.779783 0.492938 
16.987009 -0.670214 -0.117593 -0.046777 1.017869 -0.037302 -0.368197 -0.484980 0.779824 0.492987 
16.987138 -0.670109 -0.117493 -0.046904 1.017820 -0.037337 -0.368252 -0.484957 0.779886 0.492915 
16.987125 -0.670127 -0.117495 -0.046845 1.017881 -0.037373 -0.368294 -0.484916 0.779886 0.492918 
16.987123 -0.670131 -0.117460 -0.046808 1.017859 -0.037440 -0.368293 -0.484866 0.779882 0.492912 
16.987120 -0.670134 -0.117427 -0.046772 1.017839 -0.037507 -0.368294 -0.484815 0.779879 0.492903 
16.987116 -0.670143 -0.117385 -0.046739 1.017797 -0.037558 -0.368291 -0.484764 0.779865 0.492903 
16.987119 -0.670141 -0.117362 -0.046702 1.017802 -0.037637 -0.368291 -0.484725 0.779876 0.492893 
16.987087 -0.670124 -0.117399 -0.046753 1.017795 -0.037564 -0.368283 -0.484753 0.779858 0.492878 
16.987080 -0.670117 -0.117381 -0.046721 1.017799 -0.037643 -0.368281 -0.484710 0.779865 0.492860 
16.987106 -0.670109 -0.117382 -0.046774 1.017793 -0.037558 -0.368310 -0.484740 0.779865 0.492864 
16.987070 -0.670143 -0.117374 -0.046756 1.017727 -0.037521 -0.368280 -0.484731 0.779818 0.492892 
16.987085 -0.670143 -0.117428 -0.046763 1.017776 -0.037577 -0.368306 -0.484751 0.779869 0.492885 
16.987055 -0.670171 -0.117392 -0.046722 1.017823 -0.037526 -0.368320 -0.484757 0.779868 0.492833 
16.987061 -0.670119 -0.117377 -0.046763 1.017796 -0.037577 -0.368300 -0.484777 0.779856 0.492893 
16.987059 -0.670166 -0.117370 -0.046817 1.017843 -0.037583 -0.368291 -0.484744 0.779825 0.492913 
16.987056 -0.670132 -0.117363 -0.046778 1.017786 -0.037576 -0.368278 -0.484778 0.779891 0.492887 
16.987093 -0.670140 -0.117383 -0.046790 1.017781 -0.037582 -0.368288 -0.484840 0.779820 0.492848 
16.987057 -0.670100 -0.117398 -0.046762 1.017812 -0.037564 -0.368265 -0.484776 0.779851 0.492889 
16.987059 -0.670111 -0.117396 -0.046801 1.017798 -0.037511 -0.368335 -0.484810 0.779875 0.492927 
