Start Optimization 
6.844653 -0.699334 -0.045563 -0.000999 0.273731 -0.266450 0.930831 -0.172489 -0.420173 0.163058 
7.844653 -0.699334 -0.045563 -0.000999 0.273731 -0.266450 0.930831 -0.172489 -0.420173 0.163058 
7.844653 0.300666 -0.045563 -0.000999 0.273731 -0.266450 0.930831 -0.172489 -0.420173 0.163058 
7.844653 -0.699334 0.954437 -0.000999 0.273731 -0.266450 0.930831 -0.172489 -0.420173 0.163058 
7.844653 -0.699334 -0.045563 0.999001 0.273731 -0.266450 0.930831 -0.172489 -0.420173 0.163058 
7.844653 -0.699334 -0.045563 -0.000999 1.273731 -0.266450 0.930831 -0.172489 -0.420173 0.163058 
7.844653 -0.699334 -0.045563 -0.000999 0.273731 0.733550 0.930831 -0.172489 -0.420173 0.163058 
7.844653 -0.699334 -0.045563 -0.000999 0.273731 -0.266450 1.930831 -0.172489 -0.420173 0.163058 
7.844653 -0.699334 -0.045563 -0.000999 0.273731 -0.266450 0.930831 0.827511 -0.420173 0.163058 
7.844653 -0.699334 -0.045563 -0.000999 0.273731 -0.266450 0.930831 -0.172489 0.579827 0.163058 
7.844653 -0.699334 -0.045563 -0.000999 0.273731 -0.266450 0.930831 -0.172489 0.579827 1.163058 
7.844694 -0.880659 -0.396841 -0.919033 0.270174 -0.296476 0.928580 -0.176697 0.580372 1.163837 
7.844657 -0.715524 0.447399 -0.082968 0.273413 -0.269131 0.930630 -0.172865 0.579876 1.163128 
8.094653 -0.699277 -0.045563 -0.000999 0.273731 -0.266450 0.930831 -0.172489 0.579827 1.163058 
8.094547 -0.201133 -0.049471 -0.043831 0.273565 -0.267851 0.930726 -0.172685 0.579852 1.163094 
8.094653 -0.699277 -0.045563 -0.000030 0.023733 -0.266450 0.930831 -0.172489 0.579827 1.163058 
8.094712 -0.670571 -0.080976 0.497718 0.025601 -0.279144 0.929879 -0.174268 0.580058 1.163387 
8.094653 -0.700556 -0.048041 -0.006506 0.023708 -0.516351 0.930831 -0.172489 0.579827 1.163058 
8.094790 -0.761655 -0.337598 -0.398816 0.022074 -0.224291 0.929041 -0.175834 0.580261 1.163677 
8.094653 -0.699343 -0.043564 -0.000363 0.023732 -0.266461 0.680839 -0.172489 0.579827 1.163058 
8.094721 -0.722477 0.429574 -0.159703 0.023056 -0.252348 0.684513 -0.174191 0.580048 1.163373 
8.094653 -0.699534 -0.044801 -0.001332 0.023728 -0.266423 0.680831 -0.422484 0.579827 1.163058 
8.094768 -0.753370 -0.403567 -0.343404 0.022307 -0.229758 0.677893 -0.426881 0.580190 1.163577 
8.094653 -0.699523 -0.044821 -0.001048 0.023729 -0.266430 0.680830 -0.422485 0.829827 1.163058 
8.094782 -0.687374 -0.191228 0.476343 0.025457 -0.246716 0.678334 -0.433281 0.830140 1.163722 
8.094653 -0.699553 -0.044282 -0.001230 0.023728 -0.266430 0.680835 -0.422487 0.829827 1.413057 
8.094767 -0.735958 0.407611 -0.208957 0.022826 -0.240857 0.684184 -0.431592 0.830794 1.161695 
8.094693 -0.722795 -0.226366 -0.170723 0.023039 -0.252057 0.679429 -0.423446 0.830234 1.163247 
8.094681 -0.823134 -0.046273 0.017473 0.023801 -0.266263 0.680826 -0.422455 0.829811 1.163060 
8.094716 -0.642045 -0.166192 0.209319 0.024474 -0.253255 0.679168 -0.428320 0.830077 1.163312 
8.219653 -0.699498 -0.044778 -0.001068 0.023729 -0.266430 0.680831 -0.422485 0.829827 1.163058 
8.219596 -0.676821 0.181345 -0.100546 0.023228 -0.237155 0.682113 -0.432377 0.830779 1.162225 
8.219678 -0.705175 -0.136675 -0.085286 0.023386 -0.259077 0.680114 -0.423030 0.830035 1.163154 
8.219653 -0.699499 -0.044780 -0.000832 -0.038770 -0.266678 0.680831 -0.422485 0.829827 1.163058 
8.219655 -0.698463 -0.048093 -0.005719 0.024280 -0.391293 0.680785 -0.422894 0.829866 1.163049 
8.219653 -0.699486 -0.044382 -0.000968 0.023729 -0.266421 0.618332 -0.422485 0.829827 1.163058 
8.219700 -0.671916 -0.118389 0.095847 0.024563 -0.263985 0.617992 -0.425289 0.829958 1.163208 
8.219653 -0.699644 -0.043195 -0.001831 0.023725 -0.266217 0.618338 -0.484968 0.829827 1.163055 
8.219654 -0.652705 0.064193 -0.042122 0.025620 -0.250116 0.618829 -0.483777 0.830988 1.162428 
8.219653 -0.700917 -0.043215 -0.001568 0.023726 -0.266217 0.618338 -0.484968 0.892314 1.163055 
8.219689 -0.823085 -0.033087 0.014691 0.024293 -0.263992 0.618372 -0.485008 0.827221 1.162940 
8.219653 -0.699656 -0.043652 -0.002080 0.023724 -0.266191 0.618335 -0.484969 0.829828 1.100557 
8.219681 -0.702478 -0.128597 -0.093201 0.023865 -0.256366 0.617619 -0.485615 0.830101 1.101391 
8.219652 -0.693778 -0.046859 -0.005204 0.023938 -0.322995 0.618303 -0.499589 0.815560 1.114965 
8.219662 -0.721018 -0.029473 -0.002290 0.024322 -0.317320 0.618387 -0.420781 0.893649 1.036060 
8.219680 -0.682055 -0.075607 0.048617 0.024361 -0.264915 0.618187 -0.485531 0.831012 1.099381 
8.250929 -0.682044 -0.075588 0.048609 0.024361 -0.264914 0.618188 -0.485532 0.831011 1.099382 
8.219439 -0.637414 -0.038790 0.068113 0.025544 -0.256631 0.618388 -0.492247 0.825463 1.105020 
8.219681 -0.702878 -0.060765 0.065365 0.024429 -0.266024 0.618304 -0.489040 0.826914 1.102817 
8.219497 -0.691441 -0.132421 0.028236 0.025437 -0.255281 0.617718 -0.491568 0.826291 1.104069 
8.219388 -0.695053 -0.149054 0.025528 0.026206 -0.277721 0.617560 -0.459907 0.858626 1.071556 
8.219496 -0.690985 -0.131792 0.028079 0.056676 -0.255081 0.617722 -0.491646 0.826211 1.104154 
8.219128 -0.635671 -0.150413 0.017782 0.017303 -0.240358 0.617473 -0.497933 0.822547 1.108471 
8.219497 -0.691488 -0.132180 0.028314 0.025437 -0.255279 0.586469 -0.491576 0.826281 1.104077 
8.219020 -0.734259 -0.154646 0.058582 0.015760 -0.245218 0.619973 -0.505391 0.813818 1.114608 
8.219458 -0.698214 -0.125027 0.012504 0.024549 -0.237088 0.617887 -0.493657 0.823802 1.087152 
8.219441 -0.700018 -0.123607 0.007641 0.024160 -0.230992 0.617959 -0.468043 0.809767 1.094721 
8.219457 -0.699541 -0.123862 0.011899 0.024508 -0.229779 0.617895 -0.491755 0.835034 1.094731 
8.219374 -0.704944 -0.118072 -0.014893 0.022829 -0.245956 0.618218 -0.499145 0.823732 1.091675 
8.203833 -0.698293 -0.124990 0.012585 0.024550 -0.237089 0.617888 -0.493669 0.823789 1.087162 
8.219613 -0.714443 -0.127994 0.017817 0.021467 -0.216492 0.618598 -0.498451 0.817366 1.073829 
8.219377 -0.693072 -0.138143 0.007310 0.024678 -0.233530 0.617766 -0.495409 0.822630 1.088399 
8.219388 -0.675281 -0.110687 0.010698 0.022025 -0.226238 0.618348 -0.492610 0.824105 1.076370 
8.221205 -0.677233 -0.113256 0.010402 0.022204 -0.232139 0.618323 -0.485651 0.830980 1.066381 
8.204377 -0.672235 -0.119406 0.000253 0.018817 -0.214234 0.618942 -0.475672 0.840714 1.065494 
8.203816 -0.670971 -0.120165 0.003844 0.007893 -0.215944 0.629068 -0.474395 0.841413 1.066848 
8.203729 -0.671009 -0.119984 0.003386 0.013019 -0.215423 0.634911 -0.474429 0.841380 1.066530 
8.199153 -0.665565 -0.120373 0.015487 0.008401 -0.215816 0.626964 -0.468037 0.844643 1.068272 
8.203046 -0.667405 -0.119466 0.000508 0.008425 -0.220430 0.628935 -0.473450 0.843009 1.070347 
8.202787 -0.672095 -0.113445 -0.011670 0.003638 -0.222285 0.630855 -0.475450 0.843210 1.068491 
8.201420 -0.666515 -0.119326 0.001550 0.008447 -0.220818 0.628931 -0.479307 0.847525 1.069069 
8.207184 -0.663198 -0.131636 -0.005515 0.006861 -0.221220 0.629657 -0.476664 0.839969 1.069018 
8.207892 -0.663265 -0.116656 0.000070 0.007948 -0.217496 0.629022 -0.473014 0.844466 1.069274 
8.214126 -0.670507 -0.119904 -0.000564 0.008104 -0.215462 0.629142 -0.471653 0.852474 1.077744 
8.204625 -0.661714 -0.116521 -0.001328 0.007368 -0.212388 0.629125 -0.474381 0.843097 1.073249 
8.210352 -0.662393 -0.112254 0.001795 0.007590 -0.216725 0.629400 -0.482155 0.835301 1.079789 
8.201621 -0.661664 -0.116750 -0.000329 0.008737 -0.215901 0.628496 -0.469823 0.841675 1.076929 
8.205595 -0.651688 -0.110548 -0.004077 0.000763 -0.210468 0.629185 -0.474135 0.850314 1.073349 
8.206841 -0.648068 -0.106592 -0.010083 0.008265 -0.208010 0.618952 -0.475474 0.853075 1.072208 
8.206462 -0.649755 -0.116738 -0.007443 0.000369 -0.209201 0.629346 -0.475686 0.848674 1.073239 
8.210178 -0.640299 -0.119797 -0.009527 -0.006386 -0.217073 0.631719 -0.472845 0.850374 1.074973 
8.210979 -0.635357 -0.119309 -0.013198 -0.000249 -0.215653 0.644398 -0.473198 0.852553 1.074685 
8.211830 -0.632182 -0.121532 -0.007202 0.001890 -0.214061 0.643515 -0.473469 0.853699 1.074921 
8.209747 -0.640123 -0.115908 -0.025226 -0.007075 -0.217063 0.647093 -0.472195 0.850196 1.073553 
8.207878 -0.632302 -0.117984 -0.012392 -0.000296 -0.216250 0.644322 -0.473653 0.848130 1.070264 
8.215313 -0.630513 -0.124987 -0.012005 -0.009271 -0.207917 0.647727 -0.471186 0.855903 1.075471 
8.206326 -0.635908 -0.121705 -0.013672 -0.000221 -0.216472 0.644127 -0.471346 0.857224 1.072014 
8.207571 -0.634521 -0.119777 -0.013220 -0.002009 -0.220746 0.645552 -0.486530 0.854799 1.078982 
8.206604 -0.633592 -0.119012 -0.013713 -0.000140 -0.214161 0.644052 -0.471107 0.851012 1.080100 
8.209338 -0.636714 -0.125514 -0.014863 0.005499 -0.223960 0.645511 -0.466956 0.845965 1.083361 
8.211424 -0.631861 -0.117134 -0.016097 0.003693 -0.213689 0.641471 -0.471515 0.852977 1.080125 
8.202741 -0.624594 -0.117312 -0.023639 0.003137 -0.215546 0.634077 -0.471156 0.853342 1.080696 
8.200529 -0.622836 -0.105550 -0.020907 0.001610 -0.222186 0.634361 -0.466631 0.857612 1.082964 
8.192749 -0.628885 -0.097685 -0.023188 0.008685 -0.217830 0.631451 -0.467628 0.857742 1.084167 
8.206341 -0.613216 -0.108729 -0.020706 -0.007449 -0.223470 0.635537 -0.463274 0.860396 1.084846 
8.209025 -0.612721 -0.114523 -0.022054 -0.004275 -0.235620 0.636082 -0.458607 0.856661 1.087600 
8.207693 -0.609969 -0.114423 -0.023848 -0.001841 -0.235919 0.642050 -0.460868 0.857918 1.087964 
8.210347 -0.613305 -0.114882 -0.019971 -0.008019 -0.241379 0.632885 -0.471088 0.859030 1.091936 
8.207464 -0.610230 -0.116647 -0.016653 -0.001035 -0.234787 0.634668 -0.458119 0.858586 1.088856 
8.211438 -0.607397 -0.110059 -0.021275 -0.006049 -0.238103 0.636332 -0.461121 0.847231 1.078390 
8.208613 -0.613839 -0.116207 -0.022149 -0.004616 -0.237694 0.635943 -0.458563 0.861209 1.081975 
8.211949 -0.617786 -0.113952 -0.033707 -0.012223 -0.238622 0.638710 -0.455106 0.861343 1.082611 
8.213567 -0.612251 -0.114376 -0.024355 -0.000624 -0.237040 0.633460 -0.459170 0.862881 1.081711 
8.210557 -0.608678 -0.111924 -0.021180 -0.006792 -0.240262 0.636435 -0.461014 0.851647 1.072731 
8.203410 -0.611718 -0.114955 -0.025587 -0.003598 -0.238863 0.632248 -0.458581 0.861263 1.082122 
8.201145 -0.619634 -0.104058 -0.022778 0.000939 -0.243723 0.634224 -0.457404 0.861694 1.082338 
8.203161 -0.616078 -0.117605 -0.027407 -0.000802 -0.237219 0.631073 -0.459909 0.857040 1.081759 
8.199734 -0.610072 -0.117863 -0.028409 -0.001778 -0.238836 0.637514 -0.466683 0.869297 1.075032 
8.206057 -0.612336 -0.113240 -0.037131 -0.012472 -0.239777 0.633746 -0.454502 0.862132 1.083280 
8.204212 -0.608612 -0.112956 -0.024829 -0.004669 -0.240110 0.632242 -0.459780 0.856609 1.077608 
8.204059 -0.612096 -0.115062 -0.025388 -0.004687 -0.240692 0.631242 -0.461239 0.861156 1.083545 
8.203986 -0.610644 -0.118271 -0.026099 -0.001099 -0.244625 0.633701 -0.456017 0.860866 1.082155 
8.201432 -0.610873 -0.116269 -0.026498 -0.002410 -0.238437 0.634779 -0.462711 0.865163 1.078436 
8.202810 -0.613579 -0.112110 -0.025183 -0.002655 -0.240135 0.632954 -0.458375 0.861540 1.081885 
8.203491 -0.611343 -0.114600 -0.026693 -0.003696 -0.238698 0.633444 -0.458811 0.860797 1.082884 
8.204018 -0.611950 -0.114110 -0.028907 -0.006126 -0.238990 0.632813 -0.457518 0.861607 1.082016 
8.202778 -0.612344 -0.114569 -0.028351 -0.007121 -0.239151 0.633433 -0.457366 0.861187 1.082088 
8.200863 -0.610962 -0.113462 -0.028115 -0.009157 -0.238571 0.633332 -0.455976 0.861226 1.083493 
8.198559 -0.611611 -0.113306 -0.029144 -0.010637 -0.237387 0.632792 -0.454956 0.859583 1.084400 
8.199751 -0.612103 -0.113244 -0.028416 -0.011025 -0.237208 0.632947 -0.454216 0.858874 1.085000 
8.200326 -0.611761 -0.112826 -0.026988 -0.013547 -0.236433 0.634972 -0.453378 0.859708 1.085370 
8.200507 -0.610828 -0.113402 -0.026369 -0.014754 -0.238315 0.636348 -0.450959 0.859719 1.086314 
8.201082 -0.610836 -0.113046 -0.025649 -0.017184 -0.239794 0.635954 -0.452475 0.859729 1.088246 
8.201428 -0.609646 -0.113577 -0.025634 -0.017691 -0.239624 0.635727 -0.452770 0.858751 1.087460 
8.201211 -0.609776 -0.110623 -0.024827 -0.018038 -0.240752 0.636562 -0.452397 0.857485 1.086052 
8.201528 -0.610146 -0.113713 -0.025431 -0.018382 -0.239852 0.634548 -0.452172 0.859390 1.086561 
8.201105 -0.609333 -0.114357 -0.022157 -0.019039 -0.238994 0.634295 -0.450842 0.859686 1.087003 
8.201937 -0.609112 -0.112737 -0.025898 -0.018280 -0.239422 0.633863 -0.451698 0.859841 1.087125 
8.203874 -0.609716 -0.112882 -0.028270 -0.020007 -0.239368 0.635069 -0.450854 0.860131 1.086618 
8.201016 -0.608674 -0.112826 -0.029714 -0.021416 -0.239562 0.635599 -0.451125 0.861256 1.086096 
8.204485 -0.609136 -0.112902 -0.027866 -0.019634 -0.239840 0.635622 -0.451493 0.861352 1.086005 
8.204279 -0.609353 -0.113485 -0.030072 -0.019171 -0.242339 0.633914 -0.450347 0.859651 1.086639 
8.204462 -0.610809 -0.111930 -0.029579 -0.020352 -0.237887 0.633776 -0.453344 0.860196 1.085662 
8.204161 -0.609304 -0.113277 -0.027541 -0.020938 -0.239112 0.635518 -0.449578 0.860413 1.086804 
8.204641 -0.609042 -0.113550 -0.026941 -0.022147 -0.238474 0.635782 -0.448570 0.860770 1.086822 
8.205055 -0.608526 -0.114113 -0.026673 -0.022901 -0.238980 0.635931 -0.447129 0.860938 1.087012 
8.205774 -0.608528 -0.114416 -0.026518 -0.024143 -0.238484 0.635916 -0.445956 0.860890 1.087135 
8.206824 -0.607983 -0.114669 -0.025995 -0.024739 -0.238534 0.636429 -0.445627 0.861963 1.086688 
8.205696 -0.608478 -0.114321 -0.026501 -0.024764 -0.238861 0.635803 -0.446426 0.860964 1.087547 
8.204385 -0.608040 -0.114442 -0.027117 -0.025637 -0.238535 0.636110 -0.445815 0.861290 1.087290 
8.204024 -0.609129 -0.113981 -0.026991 -0.025559 -0.238592 0.636482 -0.445110 0.862214 1.088167 
8.203983 -0.609222 -0.113281 -0.026771 -0.025727 -0.238893 0.636541 -0.444946 0.861984 1.087716 
8.203911 -0.608464 -0.113873 -0.026881 -0.025749 -0.238230 0.637820 -0.444899 0.861455 1.089038 
8.203801 -0.608987 -0.114381 -0.026718 -0.025912 -0.238430 0.638230 -0.445045 0.861254 1.088744 
8.203016 -0.608087 -0.114456 -0.025784 -0.026281 -0.237845 0.637194 -0.444306 0.861320 1.089407 
8.203924 -0.608247 -0.114118 -0.027047 -0.025569 -0.238981 0.637769 -0.444457 0.861361 1.089166 
8.204020 -0.608360 -0.114363 -0.028587 -0.026520 -0.238730 0.637837 -0.443901 0.861188 1.089391 
8.203044 -0.607771 -0.114524 -0.029772 -0.026570 -0.238952 0.638533 -0.444207 0.861862 1.089423 
8.203612 -0.608645 -0.114206 -0.028778 -0.026330 -0.238838 0.637535 -0.444240 0.860669 1.089739 
8.204878 -0.608160 -0.114386 -0.028365 -0.027716 -0.239402 0.637861 -0.444526 0.861663 1.090090 
8.204743 -0.608724 -0.114153 -0.028281 -0.027627 -0.239429 0.638041 -0.444176 0.862114 1.090526 
8.206418 -0.607658 -0.115011 -0.028655 -0.028026 -0.239098 0.638220 -0.443927 0.861727 1.089901 
8.206695 -0.607394 -0.114016 -0.028590 -0.029015 -0.239530 0.638585 -0.443255 0.861446 1.088981 
8.206286 -0.606769 -0.114755 -0.027975 -0.030138 -0.239175 0.638135 -0.442400 0.861546 1.089018 
8.206600 -0.606993 -0.115144 -0.028227 -0.030675 -0.239407 0.636950 -0.442166 0.862397 1.088055 
8.206828 -0.606380 -0.114222 -0.028289 -0.031024 -0.238027 0.636489 -0.442380 0.862864 1.088228 
8.206760 -0.606911 -0.114444 -0.028320 -0.031420 -0.237604 0.636819 -0.442693 0.862761 1.087974 
8.207120 -0.606063 -0.114747 -0.027233 -0.032326 -0.237118 0.637019 -0.442474 0.863234 1.087403 
8.207410 -0.605861 -0.114865 -0.027788 -0.033631 -0.236714 0.636377 -0.441856 0.862483 1.087780 
8.207611 -0.606474 -0.114668 -0.027948 -0.034490 -0.236342 0.636391 -0.440555 0.862974 1.088503 
8.207257 -0.606064 -0.114830 -0.029079 -0.035545 -0.236132 0.636746 -0.439849 0.863537 1.088845 
8.207049 -0.605982 -0.114931 -0.029902 -0.036390 -0.235445 0.636763 -0.438485 0.863654 1.088979 
8.206678 -0.605997 -0.114772 -0.030483 -0.037850 -0.235283 0.636636 -0.437730 0.864035 1.089628 
8.207076 -0.605628 -0.115121 -0.030484 -0.038239 -0.234823 0.637547 -0.436807 0.865194 1.089532 
8.207741 -0.605588 -0.116344 -0.031045 -0.038156 -0.234246 0.637174 -0.436860 0.865347 1.090559 
8.207315 -0.605861 -0.115190 -0.030729 -0.038315 -0.235010 0.637009 -0.436841 0.865622 1.089020 
8.208315 -0.605571 -0.114394 -0.031296 -0.038650 -0.235007 0.638285 -0.436550 0.864668 1.089527 
8.207048 -0.605711 -0.114659 -0.030624 -0.038165 -0.234119 0.637520 -0.437190 0.865444 1.089558 
8.206514 -0.606944 -0.115834 -0.030746 -0.038621 -0.234655 0.638471 -0.436930 0.865067 1.089167 
8.206964 -0.606007 -0.114850 -0.030698 -0.037722 -0.235105 0.637588 -0.436512 0.865487 1.089928 
8.206246 -0.604272 -0.115612 -0.030583 -0.038824 -0.234492 0.637623 -0.436226 0.865192 1.089038 
8.206495 -0.604409 -0.115683 -0.029307 -0.039454 -0.233822 0.637225 -0.435219 0.864922 1.088947 
8.206488 -0.603817 -0.115899 -0.028338 -0.040581 -0.234246 0.637533 -0.435772 0.865630 1.089304 
8.206829 -0.603652 -0.116122 -0.028071 -0.040078 -0.234123 0.637981 -0.435722 0.865952 1.088965 
8.205943 -0.603319 -0.116181 -0.027897 -0.041027 -0.234214 0.636685 -0.436121 0.864243 1.089127 
8.207040 -0.603253 -0.115437 -0.028432 -0.040531 -0.234392 0.637340 -0.435639 0.865538 1.089452 
8.206865 -0.604125 -0.115833 -0.029044 -0.041900 -0.234096 0.638390 -0.435258 0.865133 1.089052 
8.206170 -0.604271 -0.115518 -0.029427 -0.042776 -0.234236 0.638562 -0.433886 0.865315 1.089630 
8.205850 -0.604235 -0.114660 -0.029737 -0.043435 -0.232742 0.638565 -0.434156 0.865681 1.089686 
8.206387 -0.604116 -0.115838 -0.030326 -0.043705 -0.232031 0.638217 -0.434039 0.865808 1.090710 
8.206409 -0.604003 -0.116023 -0.030583 -0.043920 -0.232126 0.637725 -0.433929 0.866213 1.090104 
8.206831 -0.605183 -0.115390 -0.030823 -0.045143 -0.231905 0.637372 -0.433706 0.866395 1.090287 
8.206230 -0.605004 -0.115060 -0.032304 -0.045924 -0.232078 0.637832 -0.434141 0.866596 1.090487 
8.206511 -0.605026 -0.115446 -0.030725 -0.045444 -0.231916 0.636890 -0.433856 0.865711 1.090295 
8.206628 -0.604849 -0.115565 -0.030091 -0.046174 -0.230852 0.637075 -0.432733 0.865411 1.089746 
8.205492 -0.605501 -0.116260 -0.029186 -0.046595 -0.230500 0.637043 -0.432906 0.866088 1.089822 
8.205247 -0.606028 -0.116376 -0.029584 -0.046137 -0.230243 0.637008 -0.432714 0.865809 1.089592 
8.205484 -0.605125 -0.115493 -0.028669 -0.046624 -0.229837 0.635983 -0.431928 0.866399 1.090267 
8.206425 -0.605116 -0.115403 -0.027947 -0.047102 -0.228674 0.635624 -0.432455 0.866222 1.089651 
8.206726 -0.605061 -0.116078 -0.028209 -0.047169 -0.228474 0.635451 -0.432369 0.866248 1.090155 
8.207378 -0.605236 -0.116734 -0.027594 -0.047917 -0.228976 0.635216 -0.431128 0.865870 1.090197 
8.207097 -0.604544 -0.116813 -0.028293 -0.049203 -0.228157 0.635487 -0.430590 0.865906 1.090468 
8.206576 -0.603960 -0.116918 -0.028835 -0.050496 -0.227817 0.634818 -0.430640 0.865228 1.090917 
8.206495 -0.603876 -0.116625 -0.028649 -0.051045 -0.227052 0.635677 -0.430378 0.864522 1.092137 
8.206123 -0.602503 -0.117224 -0.028987 -0.051676 -0.226313 0.635744 -0.429784 0.864551 1.092009 
8.206252 -0.602412 -0.117131 -0.029909 -0.053082 -0.225807 0.635595 -0.429390 0.865210 1.092306 
8.206360 -0.602186 -0.117194 -0.030702 -0.054589 -0.225347 0.635328 -0.428872 0.865634 1.092644 
8.206184 -0.601187 -0.117682 -0.031196 -0.055771 -0.224727 0.635150 -0.428185 0.865691 1.092768 
8.206232 -0.600915 -0.117749 -0.031525 -0.057224 -0.224156 0.635179 -0.427572 0.865403 1.093621 
8.205911 -0.599655 -0.118383 -0.031600 -0.058009 -0.223516 0.635189 -0.426877 0.864985 1.093802 
8.206074 -0.599464 -0.118642 -0.032413 -0.059363 -0.223462 0.634437 -0.426415 0.865601 1.093634 
8.206260 -0.599576 -0.118585 -0.032701 -0.060870 -0.223111 0.634330 -0.425878 0.865286 1.094575 
8.206124 -0.598633 -0.119220 -0.032886 -0.062061 -0.222740 0.633934 -0.425114 0.864924 1.094782 
8.206472 -0.598205 -0.119366 -0.033271 -0.062784 -0.221928 0.634684 -0.424199 0.865754 1.095046 
8.206231 -0.598103 -0.118441 -0.033073 -0.063867 -0.221430 0.635051 -0.424029 0.865433 1.093967 
8.205827 -0.598918 -0.118689 -0.033969 -0.063642 -0.220475 0.634882 -0.423257 0.864820 1.093568 
8.205665 -0.598443 -0.118819 -0.032642 -0.064076 -0.221281 0.635078 -0.424154 0.865759 1.093988 
8.206498 -0.598089 -0.119217 -0.033779 -0.064649 -0.221755 0.636124 -0.424694 0.865008 1.093578 
8.205701 -0.598073 -0.118255 -0.033295 -0.063848 -0.222022 0.635301 -0.423622 0.865464 1.094054 
8.206000 -0.597194 -0.117438 -0.033405 -0.064904 -0.220687 0.634813 -0.423877 0.865704 1.094158 
8.206349 -0.596608 -0.116628 -0.033220 -0.066177 -0.220291 0.634572 -0.423001 0.865900 1.094018 
8.206519 -0.595834 -0.116091 -0.033664 -0.067721 -0.219862 0.634862 -0.422841 0.865927 1.093864 
8.206248 -0.595856 -0.115505 -0.034354 -0.068298 -0.218704 0.634454 -0.421858 0.865673 1.093641 
8.206168 -0.595068 -0.115046 -0.033392 -0.068363 -0.218196 0.635301 -0.421595 0.864942 1.094323 
8.206029 -0.593506 -0.114943 -0.032973 -0.068270 -0.217985 0.635374 -0.421336 0.865480 1.093455 
8.206436 -0.593329 -0.113501 -0.032574 -0.068654 -0.217750 0.636025 -0.421434 0.866330 1.093589 
8.205792 -0.593650 -0.114538 -0.032737 -0.068364 -0.218144 0.635192 -0.421661 0.865009 1.092943 
8.206074 -0.592355 -0.115092 -0.032714 -0.069085 -0.218204 0.634525 -0.421134 0.865254 1.094390 
8.206746 -0.592127 -0.114861 -0.033072 -0.068756 -0.218352 0.634489 -0.421088 0.864892 1.094334 
8.207848 -0.592149 -0.115690 -0.032336 -0.069406 -0.217557 0.634676 -0.420996 0.864676 1.093855 
8.206786 -0.592290 -0.114845 -0.032888 -0.068921 -0.218913 0.634633 -0.420378 0.864870 1.094181 
8.206323 -0.591379 -0.115207 -0.033662 -0.069306 -0.218980 0.635911 -0.420185 0.864403 1.094216 
8.205875 -0.590462 -0.115380 -0.033406 -0.068294 -0.218533 0.636322 -0.419170 0.864082 1.094608 
8.206201 -0.591491 -0.114979 -0.034123 -0.069580 -0.218478 0.635602 -0.419738 0.864373 1.094019 
8.206118 -0.590992 -0.115189 -0.035472 -0.070138 -0.218387 0.635193 -0.419153 0.865039 1.093368 
8.206093 -0.591671 -0.115067 -0.036593 -0.070900 -0.217977 0.635286 -0.418544 0.864493 1.094178 
8.206393 -0.590858 -0.114661 -0.035370 -0.070284 -0.218220 0.635562 -0.419082 0.865605 1.093614 
8.205956 -0.590227 -0.113477 -0.035218 -0.070922 -0.218021 0.635518 -0.419085 0.865096 1.092569 
8.205551 -0.590588 -0.113120 -0.035580 -0.070412 -0.218244 0.635724 -0.419183 0.865242 1.092440 
8.206685 -0.590619 -0.114068 -0.035011 -0.071056 -0.217047 0.636265 -0.418841 0.865124 1.091495 
8.206214 -0.590897 -0.114229 -0.034623 -0.071410 -0.217316 0.636389 -0.418398 0.865377 1.091434 
8.205279 -0.590642 -0.114696 -0.034445 -0.071867 -0.216109 0.636254 -0.419182 0.865906 1.091647 
8.205539 -0.591170 -0.114567 -0.034436 -0.072239 -0.216288 0.635885 -0.419643 0.866113 1.091475 
8.205638 -0.590313 -0.114803 -0.033697 -0.071988 -0.215324 0.635197 -0.418157 0.866329 1.091477 
8.206043 -0.589264 -0.115627 -0.033320 -0.073153 -0.215522 0.635670 -0.418097 0.866568 1.091253 
8.206074 -0.589148 -0.115617 -0.032564 -0.072732 -0.215693 0.635743 -0.418470 0.866592 1.091130 
8.206144 -0.589797 -0.115498 -0.033460 -0.074209 -0.214760 0.635930 -0.417523 0.865691 1.092044 
8.205840 -0.589948 -0.115602 -0.034792 -0.074897 -0.214231 0.636020 -0.416619 0.866192 1.091758 
8.205505 -0.590290 -0.115657 -0.035516 -0.075816 -0.213289 0.636439 -0.415588 0.866443 1.091596 
8.205443 -0.589605 -0.116283 -0.036213 -0.076700 -0.213190 0.636764 -0.415006 0.867319 1.090915 
8.204589 -0.588923 -0.115218 -0.036619 -0.077595 -0.213309 0.636211 -0.414681 0.867012 1.090930 
8.204002 -0.589140 -0.116244 -0.037119 -0.077879 -0.213209 0.635526 -0.414366 0.865958 1.090337 
8.204167 -0.589188 -0.115474 -0.036407 -0.077687 -0.213779 0.636145 -0.414401 0.867312 1.091367 
8.204934 -0.588603 -0.115135 -0.037828 -0.078114 -0.212645 0.635941 -0.414259 0.867339 1.091958 
8.204970 -0.588231 -0.115115 -0.037883 -0.077678 -0.212823 0.636287 -0.413659 0.867021 1.092044 
8.205905 -0.588948 -0.114506 -0.038155 -0.078339 -0.213595 0.636225 -0.412870 0.866951 1.091480 
8.204869 -0.588316 -0.115163 -0.038213 -0.077940 -0.213124 0.636906 -0.414067 0.866723 1.092208 
8.203865 -0.588256 -0.114614 -0.038357 -0.077012 -0.212143 0.636366 -0.413250 0.867815 1.091408 
8.204881 -0.588467 -0.115082 -0.037463 -0.078055 -0.212276 0.636662 -0.413357 0.866840 1.092127 
8.204906 -0.587276 -0.115341 -0.036346 -0.078821 -0.211700 0.636536 -0.412992 0.866823 1.092240 
8.204803 -0.587193 -0.114758 -0.035345 -0.078728 -0.210978 0.635932 -0.412850 0.865939 1.093113 
8.205343 -0.587080 -0.115810 -0.036281 -0.078177 -0.211762 0.636338 -0.412854 0.866874 1.092387 
8.205134 -0.587626 -0.116073 -0.035680 -0.079603 -0.210590 0.637322 -0.412837 0.867222 1.092111 
8.205978 -0.587601 -0.115675 -0.035247 -0.080510 -0.210846 0.637135 -0.411627 0.867304 1.091508 
8.205140 -0.586853 -0.115408 -0.035011 -0.080439 -0.210045 0.637249 -0.410707 0.868005 1.090853 
8.205096 -0.585681 -0.115598 -0.034627 -0.081377 -0.210075 0.638296 -0.410292 0.867679 1.090867 
8.205396 -0.585579 -0.115091 -0.034420 -0.081248 -0.210143 0.638581 -0.410507 0.868242 1.091163 
8.205193 -0.585260 -0.115925 -0.034975 -0.082503 -0.209428 0.637181 -0.410424 0.868347 1.090963 
8.205316 -0.585688 -0.115842 -0.035976 -0.083094 -0.208426 0.637196 -0.409377 0.868495 1.091330 
8.205747 -0.585909 -0.115591 -0.036960 -0.083640 -0.207099 0.637164 -0.408710 0.868437 1.091127 
8.205325 -0.586540 -0.115870 -0.037410 -0.084362 -0.206755 0.637022 -0.407491 0.868961 1.091861 
8.205523 -0.586265 -0.116076 -0.037631 -0.085477 -0.205804 0.636024 -0.407596 0.869465 1.091412 
8.205095 -0.586005 -0.116954 -0.037940 -0.086121 -0.205454 0.635959 -0.407020 0.868298 1.090732 
8.206051 -0.585301 -0.117972 -0.038029 -0.085387 -0.205095 0.635581 -0.406391 0.868527 1.091049 
8.205146 -0.586046 -0.117244 -0.038441 -0.086166 -0.205818 0.636260 -0.407092 0.868739 1.090296 
8.204857 -0.585135 -0.116077 -0.038928 -0.086329 -0.205763 0.635087 -0.406620 0.867938 1.090989 
8.204189 -0.584837 -0.116119 -0.038996 -0.085954 -0.205335 0.635205 -0.406703 0.868196 1.090949 
8.204205 -0.584936 -0.116610 -0.039718 -0.086499 -0.204697 0.635322 -0.407702 0.867729 1.092004 
8.204303 -0.584261 -0.115997 -0.038774 -0.086376 -0.205329 0.635769 -0.406579 0.868311 1.091095 
8.204442 -0.583770 -0.115391 -0.038177 -0.087287 -0.204346 0.636163 -0.405727 0.868363 1.090709 
8.203953 -0.582972 -0.115556 -0.037050 -0.088417 -0.204367 0.635937 -0.405246 0.868644 1.090746 
8.204457 -0.581941 -0.115161 -0.036502 -0.088427 -0.204041 0.635975 -0.406090 0.868125 1.089770 
8.203685 -0.582926 -0.115925 -0.037136 -0.088403 -0.204476 0.636199 -0.404933 0.867924 1.090545 
8.203941 -0.582843 -0.114712 -0.036601 -0.088639 -0.204086 0.636873 -0.404091 0.868905 1.091437 
8.203975 -0.582706 -0.115001 -0.037441 -0.089587 -0.204068 0.637425 -0.403584 0.869846 1.090626 
8.204009 -0.582697 -0.115367 -0.037969 -0.090762 -0.202980 0.637649 -0.403928 0.869666 1.091424 
8.203067 -0.582861 -0.115415 -0.038171 -0.091030 -0.201594 0.637346 -0.403345 0.870190 1.091026 
8.203548 -0.583130 -0.114934 -0.038679 -0.092174 -0.201438 0.636446 -0.402449 0.869940 1.090911 
8.203228 -0.584489 -0.114600 -0.038110 -0.093049 -0.201462 0.636949 -0.402864 0.869894 1.090424 
8.204136 -0.583361 -0.115440 -0.038316 -0.092047 -0.201158 0.636468 -0.402211 0.870021 1.090816 
8.204030 -0.583085 -0.115991 -0.038852 -0.093277 -0.200544 0.636504 -0.401438 0.870766 1.091120 
8.204390 -0.583353 -0.115966 -0.040187 -0.093710 -0.199565 0.636935 -0.400858 0.871166 1.091188 
8.204342 -0.583030 -0.115591 -0.038714 -0.093291 -0.200405 0.636251 -0.401827 0.871421 1.091221 
8.204465 -0.581796 -0.115504 -0.038104 -0.094212 -0.199813 0.636388 -0.401831 0.871126 1.090451 
8.204263 -0.581586 -0.116581 -0.038431 -0.094892 -0.199771 0.635350 -0.402521 0.871223 1.089791 
8.204265 -0.581635 -0.116624 -0.038333 -0.095023 -0.199324 0.635234 -0.402857 0.870791 1.090431 
8.203804 -0.581012 -0.116625 -0.037336 -0.095893 -0.199058 0.634818 -0.401853 0.871108 1.090765 
8.204365 -0.581066 -0.116400 -0.037478 -0.096283 -0.199512 0.634545 -0.401688 0.870803 1.090865 
8.204854 -0.580393 -0.116996 -0.037376 -0.097019 -0.200225 0.635613 -0.402165 0.871063 1.091386 
8.204565 -0.580414 -0.116570 -0.037715 -0.095778 -0.199513 0.634292 -0.401504 0.870794 1.091089 
8.205615 -0.581540 -0.116786 -0.036568 -0.096131 -0.198923 0.634397 -0.401388 0.870417 1.090216 
8.204166 -0.580957 -0.116312 -0.036892 -0.095995 -0.200014 0.634356 -0.402030 0.870554 1.090817 
8.204239 -0.580855 -0.115428 -0.038630 -0.097160 -0.198824 0.634527 -0.401396 0.870575 1.090546 
8.204684 -0.581208 -0.114614 -0.039069 -0.097490 -0.198476 0.633893 -0.401677 0.871885 1.091005 
8.204576 -0.581120 -0.115162 -0.039243 -0.097820 -0.198465 0.633372 -0.402019 0.871929 1.090682 
8.204136 -0.581833 -0.115379 -0.040494 -0.098434 -0.198361 0.633200 -0.401062 0.871641 1.090974 
8.204635 -0.581199 -0.115225 -0.039130 -0.097912 -0.197994 0.633261 -0.402365 0.871478 1.091283 
8.205801 -0.581150 -0.115128 -0.038984 -0.098275 -0.196890 0.633329 -0.402116 0.871259 1.090304 
8.206195 -0.580302 -0.115295 -0.039369 -0.099352 -0.196997 0.634430 -0.402629 0.871532 1.090518 
8.205956 -0.579986 -0.115291 -0.038843 -0.099773 -0.196887 0.634214 -0.402143 0.871679 1.090682 
8.205694 -0.579171 -0.114090 -0.038678 -0.100617 -0.196755 0.633780 -0.402512 0.871174 1.090131 
8.204623 -0.578826 -0.114144 -0.038735 -0.100383 -0.195448 0.634282 -0.402717 0.871767 1.089767 
8.204808 -0.578148 -0.114196 -0.039112 -0.099985 -0.195365 0.634027 -0.402497 0.871731 1.089951 
8.205201 -0.577164 -0.114384 -0.038236 -0.100837 -0.194505 0.633908 -0.402528 0.872335 1.089746 
8.204888 -0.577279 -0.114391 -0.039172 -0.101983 -0.193856 0.633902 -0.401514 0.872079 1.089776 
8.204383 -0.576857 -0.115024 -0.039253 -0.102554 -0.193594 0.634435 -0.400713 0.870879 1.089316 
8.204480 -0.576916 -0.113976 -0.039542 -0.103019 -0.192949 0.635152 -0.399605 0.870913 1.089813 
8.204330 -0.576727 -0.113795 -0.040014 -0.103284 -0.193566 0.635301 -0.398703 0.871827 1.088638 
8.204114 -0.576392 -0.113896 -0.040220 -0.103611 -0.193969 0.635734 -0.398997 0.872012 1.089044 
8.203690 -0.576886 -0.113590 -0.040785 -0.104344 -0.192858 0.634701 -0.397899 0.871901 1.088964 
8.204526 -0.577035 -0.113508 -0.041995 -0.104922 -0.192091 0.635207 -0.398264 0.871720 1.088435 
8.203369 -0.577033 -0.114023 -0.040864 -0.103965 -0.192402 0.635043 -0.397851 0.872302 1.089013 
8.204288 -0.577522 -0.114967 -0.040743 -0.104324 -0.192778 0.635012 -0.396835 0.872505 1.089705 
8.204105 -0.578183 -0.114919 -0.040365 -0.104764 -0.192830 0.635265 -0.397035 0.872549 1.089517 
8.203726 -0.577528 -0.114656 -0.039481 -0.105503 -0.192169 0.635297 -0.395942 0.872944 1.089756 
8.202848 -0.577603 -0.114148 -0.039291 -0.105763 -0.192055 0.635442 -0.394400 0.872854 1.090261 
8.203096 -0.577838 -0.113285 -0.039141 -0.105849 -0.191830 0.634852 -0.394381 0.874294 1.090933 
8.202758 -0.577499 -0.114225 -0.039480 -0.105821 -0.192466 0.635401 -0.394128 0.873304 1.089595 
8.202047 -0.577008 -0.115107 -0.038906 -0.106707 -0.192011 0.634495 -0.393753 0.873381 1.089640 
8.202520 -0.577200 -0.115033 -0.037827 -0.106139 -0.191278 0.634038 -0.392942 0.873153 1.088861 
8.201831 -0.576836 -0.115209 -0.038319 -0.106319 -0.192559 0.634545 -0.393871 0.873475 1.089858 
8.202280 -0.576607 -0.115085 -0.039745 -0.108028 -0.191205 0.635120 -0.393445 0.873497 1.089614 
8.201836 -0.577991 -0.115131 -0.040228 -0.109175 -0.190930 0.635139 -0.393544 0.873404 1.089371 
8.201590 -0.578158 -0.115621 -0.040373 -0.108746 -0.190528 0.635461 -0.393503 0.873787 1.089447 
8.202570 -0.577991 -0.115739 -0.041407 -0.109375 -0.191043 0.634498 -0.392727 0.873200 1.089955 
8.201235 -0.577934 -0.114694 -0.040399 -0.109014 -0.190909 0.635173 -0.393012 0.873217 1.089521 
8.201499 -0.577290 -0.114790 -0.041155 -0.109372 -0.190036 0.634618 -0.394435 0.873354 1.088796 
8.201396 -0.577185 -0.115204 -0.041219 -0.109303 -0.190143 0.634919 -0.394435 0.872629 1.088444 
8.202199 -0.577366 -0.114452 -0.040693 -0.109609 -0.188792 0.634661 -0.393611 0.873226 1.087967 
8.202589 -0.576903 -0.114219 -0.040440 -0.110704 -0.187732 0.635317 -0.393035 0.873335 1.087483 
8.202530 -0.576704 -0.114457 -0.039631 -0.111476 -0.186595 0.634735 -0.392402 0.873276 1.086827 
8.202777 -0.576656 -0.114196 -0.040062 -0.111592 -0.186993 0.635009 -0.391806 0.874039 1.085306 
8.203700 -0.576916 -0.113327 -0.040268 -0.111794 -0.186040 0.635795 -0.391537 0.873881 1.084648 
8.203404 -0.577546 -0.113219 -0.040533 -0.112325 -0.185984 0.635698 -0.391756 0.874085 1.084698 
8.203806 -0.575709 -0.112742 -0.040426 -0.112128 -0.185692 0.635583 -0.391657 0.875158 1.084887 
8.203350 -0.574523 -0.113164 -0.041056 -0.112830 -0.185531 0.636132 -0.392004 0.874741 1.084172 
8.203206 -0.574189 -0.112858 -0.041669 -0.112118 -0.184984 0.635065 -0.392672 0.874592 1.083278 
8.203769 -0.574397 -0.112985 -0.041319 -0.113218 -0.185871 0.635685 -0.391776 0.874387 1.084299 
8.203640 -0.574564 -0.114240 -0.042152 -0.112598 -0.184890 0.636140 -0.391222 0.875136 1.084542 
8.203046 -0.574495 -0.113793 -0.042326 -0.112454 -0.184833 0.636176 -0.390684 0.874948 1.084671 
8.203978 -0.573538 -0.114869 -0.041923 -0.113408 -0.184983 0.636839 -0.390881 0.875869 1.083916 
8.203728 -0.574553 -0.114236 -0.041749 -0.112906 -0.184136 0.635989 -0.391099 0.874855 1.084607 
8.204047 -0.574536 -0.113674 -0.043144 -0.112052 -0.185278 0.637061 -0.392015 0.875008 1.085176 
8.203058 -0.574340 -0.114565 -0.041831 -0.112612 -0.184959 0.636279 -0.391630 0.875086 1.084945 
8.204136 -0.574646 -0.114399 -0.042970 -0.112325 -0.185710 0.634802 -0.390688 0.875350 1.084545 
8.203362 -0.575110 -0.114102 -0.042482 -0.113138 -0.184876 0.636135 -0.391393 0.875452 1.084370 
8.203593 -0.574577 -0.114434 -0.042311 -0.112673 -0.184937 0.636196 -0.391227 0.874772 1.084370 
8.203774 -0.575017 -0.114018 -0.041732 -0.112153 -0.185065 0.636317 -0.391014 0.875560 1.084400 
8.203553 -0.574570 -0.114443 -0.042336 -0.112366 -0.184619 0.636148 -0.391227 0.875289 1.084468 
8.203554 -0.574216 -0.113696 -0.042032 -0.112513 -0.184937 0.635842 -0.391645 0.875182 1.084056 
8.204083 -0.574453 -0.113693 -0.042387 -0.112702 -0.185007 0.636411 -0.391360 0.875227 1.085057 
8.203664 -0.574314 -0.114282 -0.042090 -0.112813 -0.184988 0.636241 -0.391012 0.875354 1.084433 
8.203683 -0.574645 -0.114236 -0.042160 -0.112584 -0.185045 0.635722 -0.391165 0.875157 1.084706 
8.203561 -0.574706 -0.114197 -0.042205 -0.112738 -0.184877 0.636138 -0.391276 0.875209 1.084518 
8.203711 -0.574572 -0.114297 -0.042129 -0.112616 -0.184897 0.636136 -0.391291 0.875159 1.084528 
8.203451 -0.574539 -0.114185 -0.042093 -0.112561 -0.184921 0.636172 -0.391220 0.875104 1.084654 
8.203622 -0.574620 -0.114257 -0.042082 -0.112565 -0.184909 0.636137 -0.391188 0.875142 1.084482 
8.203670 -0.574682 -0.114084 -0.042148 -0.112511 -0.184902 0.636174 -0.391071 0.875112 1.084489 
8.203604 -0.574622 -0.114278 -0.042147 -0.112506 -0.184969 0.636155 -0.391203 0.875189 1.084468 
8.203539 -0.574600 -0.114293 -0.042140 -0.112502 -0.184735 0.636061 -0.391126 0.875192 1.084449 
8.203550 -0.574643 -0.114361 -0.042156 -0.112513 -0.184729 0.636098 -0.391073 0.875185 1.084510 
8.203468 -0.574562 -0.114294 -0.042216 -0.112544 -0.184785 0.636011 -0.391116 0.875030 1.084329 
8.203529 -0.574578 -0.114294 -0.042138 -0.112507 -0.184696 0.636165 -0.391139 0.875187 1.084408 
8.203514 -0.574456 -0.114254 -0.042103 -0.112597 -0.184751 0.636159 -0.391028 0.875317 1.084370 
8.203389 -0.574562 -0.114191 -0.042055 -0.112424 -0.184693 0.636173 -0.391229 0.875184 1.084494 
8.203571 -0.574605 -0.114220 -0.042158 -0.112476 -0.184681 0.636170 -0.391124 0.875187 1.084396 
8.203545 -0.574549 -0.114303 -0.042127 -0.112478 -0.184699 0.636166 -0.391128 0.875172 1.084413 
8.203529 -0.574620 -0.114289 -0.042142 -0.112543 -0.184678 0.636150 -0.391204 0.875226 1.084382 
8.203536 -0.574577 -0.114286 -0.042112 -0.112531 -0.184672 0.636158 -0.391133 0.875167 1.084414 
8.203475 -0.574593 -0.114279 -0.042194 -0.112517 -0.184732 0.636163 -0.391135 0.875156 1.084374 
8.203521 -0.574601 -0.114301 -0.042109 -0.112493 -0.184704 0.636165 -0.391125 0.875190 1.084384 
8.203462 -0.574610 -0.114264 -0.042088 -0.112466 -0.184710 0.636182 -0.391143 0.875215 1.084433 
8.203504 -0.574597 -0.114308 -0.042121 -0.112481 -0.184669 0.636149 -0.391112 0.875200 1.084377 
8.203502 -0.574570 -0.114290 -0.042125 -0.112516 -0.184695 0.636154 -0.391069 0.875270 1.084362 
8.203509 -0.574590 -0.114311 -0.042144 -0.112520 -0.184691 0.636174 -0.391056 0.875277 1.084387 
8.203498 -0.574646 -0.114284 -0.042130 -0.112488 -0.184723 0.636134 -0.391061 0.875289 1.084320 
