Start Optimization 
Loss: 3.824541  SIA Ef: -0.666205 Binding: 0.43 0.50 -0.93 -0.33 0.08 0.12 -0.60 0.92 -0.09 -0.72 -0.08  Rvol: 0.55 1.03 1.43 -0.33 -0.35 -0.00 0.37 0.14 0.71 1.28 1.64 -0.28 -0.04 0.20 0.66 
Loss: 3.753668  SIA Ef: -0.605657 Binding: 0.43 0.50 -0.92 -0.32 0.09 0.12 -0.61 0.92 -0.09 -0.72 -0.06  Rvol: 0.55 1.03 1.43 -0.33 -0.34 0.00 0.38 0.14 0.71 1.28 1.65 -0.28 -0.04 0.21 0.67 
Loss: 37.585228  SIA Ef: 4.227003 Binding: 0.35 1.10 3.39 1.10 0.64 0.13 -0.35 0.92 -1.16 -1.02 -0.10  Rvol: 0.73 1.40 2.05 -0.33 -0.09 0.29 0.79 0.14 0.96 1.58 2.36 -0.28 0.12 0.51 1.08 
Loss: 85.749245  SIA Ef: -0.188675 Binding: 2.05 1.48 -6.40 0.83 2.19 0.98 -0.42 1.04 5.00 0.37 2.09  Rvol: 0.56 1.21 1.47 -0.33 -0.18 0.58 0.80 0.14 0.84 1.42 1.60 -0.28 0.21 0.86 1.32 
Loss: 205.545187  SIA Ef: 11.378368 Binding: 1.41 1.03 7.23 1.52 -0.79 0.87 1.30 -0.38 -1.50 -1.43 -1.14  Rvol: 1.28 2.14 3.80 -0.33 -0.28 -0.09 0.36 0.14 1.30 2.44 3.97 -0.28 -0.10 0.10 0.56 
Loss: 5.869813  SIA Ef: -0.605657 Binding: 0.43 0.50 -0.92 -0.32 0.09 0.23 0.54 1.69 -0.06 -0.39 0.72  Rvol: 0.55 1.03 1.43 -0.33 -0.34 0.00 0.38 0.14 0.69 1.14 1.65 -0.28 0.02 0.18 0.70 
Loss: 24.292333  SIA Ef: -0.605657 Binding: 0.43 0.50 -0.92 -0.32 0.09 -0.58 -1.80 -2.31 -0.86 -2.11 -2.86  Rvol: 0.55 1.03 1.43 -0.33 -0.34 0.00 0.38 0.14 0.72 1.24 1.69 -0.28 -0.15 0.14 0.52 
Loss: 3.201427  SIA Ef: -0.605657 Binding: 0.43 0.50 -0.92 -0.32 0.09 0.21 -0.42 0.78 -0.01 -0.60 -0.09  Rvol: 0.55 1.03 1.43 -0.33 -0.34 0.00 0.38 0.14 0.72 1.29 1.65 -0.28 -0.07 0.22 0.62 
Loss: 4.039767  SIA Ef: -0.605657 Binding: 0.56 0.82 -0.92 -0.68 -0.22 0.21 -0.28 0.79 -0.01 -0.47 0.06  Rvol: 0.55 1.05 1.48 -0.33 -0.34 0.09 0.49 0.14 0.72 1.32 1.70 -0.28 -0.07 0.29 0.74 
Loss: 6.276207  SIA Ef: -0.605657 Binding: -0.53 -1.24 -0.92 -0.72 -1.12 0.21 -0.50 0.67 -0.01 -0.69 -0.27  Rvol: 0.55 1.00 1.40 -0.33 -0.34 -0.08 0.22 0.14 0.72 1.28 1.58 -0.28 -0.07 0.14 0.48 
Loss: 3.308311  SIA Ef: -0.605657 Binding: 0.46 0.59 -0.92 -0.20 0.30 0.21 -0.49 0.74 -0.01 -0.60 -0.11  Rvol: 0.55 1.02 1.41 -0.33 -0.34 0.01 0.35 0.14 0.72 1.26 1.62 -0.28 -0.07 0.21 0.60 
Loss: 302.774382  SIA Ef: -14.788770 Binding: 0.02 0.78 -6.21 3.34 -0.12 0.40 -0.03 0.88 4.94 -1.71 1.01  Rvol: -0.11 -0.17 -0.38 -0.33 -0.40 -0.52 -0.62 0.14 0.24 0.23 -0.25 -0.28 -0.31 -0.50 -0.34 
Loss: 39.302929  SIA Ef: -1.281376 Binding: 1.33 1.15 -4.34 1.38 0.07 0.66 -0.42 0.82 2.80 -1.78 1.12  Rvol: 0.45 1.02 1.27 -0.33 -0.14 0.26 0.51 0.14 0.72 1.26 1.43 -0.28 0.09 0.30 0.89 
Loss: 3.179956  SIA Ef: -0.587864 Binding: 0.43 0.51 -0.92 -0.31 0.09 0.22 -0.42 0.78 -0.01 -0.60 -0.09  Rvol: 0.55 1.03 1.44 -0.33 -0.34 0.01 0.38 0.14 0.72 1.29 1.65 -0.28 -0.07 0.22 0.62 
Loss: 6.259835  SIA Ef: 1.472802 Binding: 0.21 0.70 1.01 0.18 0.38 0.21 -0.26 0.82 -0.70 -0.73 -0.08  Rvol: 0.61 1.15 1.60 -0.33 -0.22 0.13 0.52 0.14 0.81 1.41 1.89 -0.28 -0.00 0.35 0.79 
Loss: 2.925131  SIA Ef: -0.553320 Binding: 0.43 0.50 -0.90 -0.32 0.07 0.28 -0.23 0.82 0.04 -0.46 0.02  Rvol: 0.55 1.03 1.44 -0.33 -0.34 0.01 0.38 0.14 0.72 1.30 1.66 -0.28 -0.09 0.22 0.61 
Loss: 54.356116  SIA Ef: 5.728854 Binding: -0.15 -0.08 3.60 0.02 -1.26 -0.48 -0.45 1.02 -1.05 -0.85 -0.44  Rvol: 0.93 1.76 2.57 -0.33 -0.32 -0.11 0.58 0.14 1.06 1.92 2.89 -0.28 -0.13 0.22 0.94 
Loss: 5.567394  SIA Ef: -0.780461 Binding: 0.44 0.50 -0.98 -0.30 0.12 0.50 0.17 1.54 0.31 -0.06 0.70  Rvol: 0.54 1.02 1.41 -0.33 -0.34 -0.00 0.36 0.14 0.71 1.26 1.63 -0.28 -0.07 0.21 0.60 
Loss: 44.799297  SIA Ef: -6.354653 Binding: 0.35 0.26 -1.44 -0.19 0.64 0.32 -0.36 0.58 0.59 -0.63 -0.11  Rvol: 0.28 0.62 0.69 -0.33 -0.37 -0.26 -0.11 0.14 0.51 0.83 0.92 -0.28 -0.21 -0.09 0.11 
Loss: 2.991628  SIA Ef: -0.554419 Binding: 0.43 0.51 -0.92 -0.32 0.09 0.31 -0.18 0.86 0.08 -0.41 0.08  Rvol: 0.55 1.03 1.44 -0.33 -0.34 0.01 0.38 0.14 0.72 1.30 1.66 -0.28 -0.09 0.22 0.61 
Loss: 46.800170  SIA Ef: -2.641700 Binding: 1.30 1.10 -4.54 1.34 0.19 0.74 -0.31 0.74 2.97 -1.64 1.28  Rvol: 0.39 0.92 1.10 -0.33 -0.15 0.18 0.40 0.14 0.68 1.16 1.25 -0.28 0.05 0.26 0.78 
Loss: 2.908407  SIA Ef: -0.526480 Binding: 0.43 0.49 -0.88 -0.18 0.27 0.28 -0.27 0.85 0.03 -0.49 -0.03  Rvol: 0.55 1.03 1.43 -0.33 -0.34 -0.01 0.33 0.14 0.72 1.29 1.64 -0.28 -0.09 0.20 0.57 
Loss: 55.251497  SIA Ef: 5.235737 Binding: 0.03 -0.45 4.35 0.55 -0.75 -0.17 -0.43 1.19 -1.13 -1.05 -0.70  Rvol: 0.93 1.74 2.59 -0.33 -0.32 -0.14 0.38 0.14 1.05 1.79 2.89 -0.28 -0.13 0.15 0.72 
Loss: 4.300515  SIA Ef: -0.630120 Binding: 0.67 1.01 -0.89 -0.04 0.64 0.28 -0.26 0.81 0.04 -0.47 0.00  Rvol: 0.55 1.02 1.42 -0.33 -0.34 0.00 0.36 0.14 0.72 1.29 1.64 -0.28 -0.09 0.21 0.59 
Loss: 38.388260  SIA Ef: -5.964678 Binding: 0.23 0.17 -0.86 -0.13 0.59 0.28 -0.37 0.68 0.18 -0.71 -0.23  Rvol: 0.30 0.63 0.71 -0.33 -0.37 -0.25 -0.11 0.14 0.53 0.84 0.96 -0.28 -0.21 -0.07 0.09 
Loss: 2.884714  SIA Ef: -0.527463 Binding: 0.42 0.48 -0.88 -0.20 0.20 0.28 -0.24 0.86 0.03 -0.50 -0.02  Rvol: 0.55 1.03 1.44 -0.33 -0.34 -0.02 0.33 0.14 0.72 1.31 1.65 -0.28 -0.09 0.20 0.58 
Loss: 46.953377  SIA Ef: -2.682450 Binding: 1.27 1.01 -4.55 1.30 0.19 0.73 -0.32 0.76 2.97 -1.62 1.38  Rvol: 0.39 0.92 1.10 -0.33 -0.15 0.17 0.41 0.14 0.68 1.16 1.23 -0.28 0.05 0.27 0.78 
Loss: 2.616349  SIA Ef: -0.622841 Binding: 0.41 0.47 -0.82 -0.28 0.09 0.21 -0.31 0.52 -0.06 -0.61 -0.28  Rvol: 0.55 1.03 1.43 -0.33 -0.34 -0.01 0.34 0.14 0.72 1.29 1.66 -0.28 -0.11 0.20 0.57 
Loss: 38.976053  SIA Ef: -6.042003 Binding: 0.20 0.01 -0.77 -0.23 0.41 0.23 -0.39 0.51 0.07 -0.79 -0.41  Rvol: 0.30 0.64 0.71 -0.33 -0.37 -0.25 -0.11 0.14 0.53 0.86 0.97 -0.28 -0.22 -0.07 0.09 
Loss: 13.333644  SIA Ef: 2.355264 Binding: -0.08 0.08 1.81 -0.25 -0.91 -0.12 -0.24 0.66 -0.89 -0.85 -0.63  Rvol: 0.74 1.34 1.95 -0.33 -0.35 -0.08 0.45 0.14 0.89 1.62 2.22 -0.28 -0.16 0.22 0.72 
Loss: 5.010384  SIA Ef: -1.181434 Binding: 0.51 0.50 -1.40 -0.35 0.03 0.25 -0.37 0.48 0.21 -0.57 -0.21  Rvol: 0.53 1.00 1.38 -0.33 -0.38 -0.04 0.33 0.14 0.70 1.26 1.60 -0.28 -0.11 0.17 0.55 
Loss: 16.796209  SIA Ef: -0.377593 Binding: 0.87 0.83 -3.03 1.04 0.29 0.42 -0.35 0.46 1.64 -1.16 0.14  Rvol: 0.50 1.05 1.39 -0.33 -0.32 0.21 0.47 0.14 0.72 1.29 1.60 -0.28 0.00 0.24 0.73 
Loss: 2.607706  SIA Ef: -0.615521 Binding: 0.41 0.47 -0.82 -0.28 0.09 0.21 -0.31 0.51 -0.06 -0.61 -0.28  Rvol: 0.55 1.03 1.43 -0.33 -0.34 -0.01 0.34 0.14 0.72 1.29 1.66 -0.28 -0.11 0.20 0.57 
Loss: 10.275210  SIA Ef: -2.951486 Binding: 0.26 0.22 -0.46 -0.23 0.19 0.20 -0.35 0.46 -0.16 -0.75 -0.40  Rvol: 0.44 0.85 1.13 -0.33 -0.35 -0.12 0.13 0.14 0.64 1.09 1.37 -0.28 -0.16 0.08 0.34 
Loss: 7.481283  SIA Ef: -0.782664 Binding: 0.64 0.65 -2.01 -0.02 0.65 0.33 -0.33 0.48 0.80 -0.51 -0.08  Rvol: 0.51 1.01 1.37 -0.33 -0.33 0.02 0.39 0.14 0.71 1.27 1.59 -0.28 -0.05 0.21 0.63 
Loss: 2.657805  SIA Ef: -0.569421 Binding: 0.40 0.47 -0.78 -0.30 0.06 0.17 -0.38 0.44 -0.12 -0.69 -0.38  Rvol: 0.55 1.04 1.44 -0.33 -0.34 -0.01 0.35 0.14 0.72 1.30 1.66 -0.28 -0.10 0.20 0.58 
Loss: 4.060960  SIA Ef: 0.967258 Binding: 0.13 0.30 0.60 -0.34 -0.71 0.07 -0.23 0.59 -0.66 -0.72 -0.22  Rvol: 0.65 1.18 1.71 -0.33 -0.33 -0.02 0.42 0.14 0.81 1.45 1.93 -0.28 -0.14 0.23 0.66 
Loss: 2.613298  SIA Ef: -0.611941 Binding: 0.40 0.47 -0.81 -0.26 0.12 0.20 -0.33 0.51 -0.07 -0.63 -0.30  Rvol: 0.55 1.03 1.43 -0.33 -0.34 -0.01 0.33 0.14 0.72 1.29 1.65 -0.28 -0.11 0.20 0.57 
Loss: 2.579821  SIA Ef: -0.601542 Binding: 0.39 0.47 -0.75 -0.32 0.04 0.27 -0.17 0.79 -0.03 -0.48 -0.03  Rvol: 0.55 1.03 1.44 -0.33 -0.34 -0.01 0.35 0.14 0.72 1.30 1.66 -0.28 -0.10 0.20 0.59 
Loss: 2.598062  SIA Ef: -0.602226 Binding: 0.39 0.48 -0.75 -0.32 0.03 0.27 -0.16 0.79 -0.03 -0.48 -0.03  Rvol: 0.55 1.03 1.44 -0.33 -0.34 -0.01 0.35 0.14 0.72 1.30 1.67 -0.28 -0.10 0.20 0.59 
Loss: 2.865257  SIA Ef: -0.580018 Binding: 0.51 0.72 -0.68 -0.25 0.20 0.27 -0.16 0.78 -0.06 -0.47 -0.01  Rvol: 0.55 1.03 1.46 -0.33 -0.34 0.00 0.36 0.14 0.72 1.30 1.67 -0.28 -0.10 0.21 0.60 
Loss: 2.522984  SIA Ef: -0.645158 Binding: 0.39 0.47 -0.73 -0.34 0.01 0.26 -0.19 0.70 -0.05 -0.51 -0.09  Rvol: 0.55 1.03 1.44 -0.33 -0.34 -0.01 0.35 0.14 0.72 1.29 1.66 -0.28 -0.11 0.20 0.59 
Loss: 3.740836  SIA Ef: -1.514049 Binding: 0.24 0.31 -0.20 -0.35 -0.09 0.23 -0.17 0.69 -0.28 -0.59 -0.18  Rvol: 0.52 0.97 1.34 -0.33 -0.34 -0.07 0.24 0.14 0.70 1.22 1.57 -0.28 -0.14 0.15 0.48 
Loss: 3.398216  SIA Ef: -0.977931 Binding: 0.43 0.47 -0.95 -0.36 0.01 0.28 -0.18 0.70 0.06 -0.47 -0.04  Rvol: 0.54 1.01 1.40 -0.33 -0.35 -0.02 0.33 0.14 0.70 1.27 1.62 -0.28 -0.11 0.18 0.56 
Loss: 2.540252  SIA Ef: -0.596390 Binding: 0.35 0.42 -0.64 -0.43 -0.22 0.21 -0.25 0.71 -0.18 -0.56 -0.13  Rvol: 0.57 1.04 1.47 -0.33 -0.36 -0.02 0.34 0.14 0.73 1.31 1.69 -0.28 -0.11 0.20 0.59 
Loss: 3.585477  SIA Ef: -0.655348 Binding: 0.48 0.54 -1.18 -0.24 0.23 0.30 -0.22 0.69 0.25 -0.47 -0.00  Rvol: 0.54 1.02 1.41 -0.33 -0.33 0.01 0.38 0.14 0.71 1.28 1.64 -0.28 -0.08 0.21 0.61 
Loss: 2.527059  SIA Ef: -0.649068 Binding: 0.39 0.47 -0.73 -0.34 0.01 0.26 -0.18 0.70 -0.05 -0.50 -0.09  Rvol: 0.55 1.03 1.44 -0.33 -0.34 -0.01 0.35 0.14 0.72 1.29 1.66 -0.28 -0.11 0.20 0.59 
Loss: 1.984649  SIA Ef: 0.168834 Binding: 0.24 0.39 -0.03 -0.40 -0.34 0.19 -0.14 0.74 -0.40 -0.55 -0.13  Rvol: 0.60 1.10 1.57 -0.33 -0.34 -0.00 0.39 0.14 0.77 1.37 1.79 -0.28 -0.12 0.22 0.63 
Loss: 2.455841  SIA Ef: 0.073699 Binding: 0.13 0.31 0.49 -0.37 -0.53 0.16 -0.12 0.73 -0.56 -0.63 -0.13  Rvol: 0.60 1.10 1.57 -0.33 -0.33 -0.03 0.35 0.14 0.77 1.36 1.81 -0.28 -0.13 0.21 0.60 
Loss: 1.967164  SIA Ef: 0.155763 Binding: 0.25 0.40 -0.04 -0.38 -0.31 0.21 -0.11 0.78 -0.38 -0.52 -0.08  Rvol: 0.60 1.10 1.57 -0.33 -0.34 -0.01 0.38 0.14 0.76 1.37 1.79 -0.28 -0.12 0.22 0.63 
Loss: 2.160050  SIA Ef: 0.255938 Binding: 0.30 0.52 0.06 -0.37 -0.28 0.19 -0.12 0.76 -0.42 -0.54 -0.08  Rvol: 0.61 1.11 1.58 -0.33 -0.34 0.00 0.41 0.14 0.77 1.38 1.81 -0.28 -0.12 0.23 0.65 
Loss: 2.057172  SIA Ef: 0.156123 Binding: 0.25 0.40 -0.02 -0.40 -0.34 0.22 -0.07 0.85 -0.37 -0.49 -0.02  Rvol: 0.60 1.10 1.57 -0.33 -0.34 -0.00 0.39 0.14 0.76 1.37 1.79 -0.28 -0.12 0.23 0.63 
Loss: 2.249428  SIA Ef: 0.217128 Binding: 0.23 0.36 0.04 -0.42 -0.46 0.18 -0.14 0.79 -0.46 -0.56 -0.11  Rvol: 0.61 1.11 1.59 -0.33 -0.35 -0.02 0.38 0.14 0.77 1.38 1.81 -0.28 -0.13 0.22 0.63 
Loss: 2.560817  SIA Ef: 0.714498 Binding: 0.26 0.43 -0.04 -0.34 -0.28 0.21 -0.11 0.79 -0.37 -0.52 -0.07  Rvol: 0.62 1.14 1.63 -0.33 -0.32 0.03 0.44 0.14 0.79 1.41 1.85 -0.28 -0.11 0.25 0.68 
Loss: 2.084306  SIA Ef: 0.219101 Binding: 0.23 0.38 0.03 -0.41 -0.39 0.20 -0.09 0.79 -0.40 -0.51 -0.07  Rvol: 0.61 1.11 1.58 -0.33 -0.34 -0.01 0.39 0.14 0.77 1.38 1.81 -0.28 -0.13 0.22 0.63 
Loss: 1.959996  SIA Ef: 0.153178 Binding: 0.25 0.40 -0.03 -0.38 -0.30 0.21 -0.11 0.78 -0.38 -0.52 -0.08  Rvol: 0.60 1.10 1.56 -0.33 -0.34 -0.00 0.38 0.14 0.76 1.37 1.79 -0.28 -0.12 0.22 0.63 
Loss: 2.101454  SIA Ef: 0.131165 Binding: 0.19 0.37 0.25 -0.37 -0.40 0.18 -0.11 0.76 -0.48 -0.56 -0.10  Rvol: 0.60 1.10 1.57 -0.33 -0.33 -0.02 0.36 0.14 0.77 1.37 1.80 -0.28 -0.13 0.21 0.61 
Loss: 1.922268  SIA Ef: 0.121333 Binding: 0.25 0.40 -0.05 -0.39 -0.30 0.20 -0.12 0.76 -0.37 -0.52 -0.10  Rvol: 0.60 1.10 1.56 -0.33 -0.34 -0.00 0.38 0.14 0.76 1.36 1.78 -0.28 -0.12 0.22 0.63 
Loss: 1.851191  SIA Ef: -0.013183 Binding: 0.27 0.41 -0.16 -0.37 -0.24 0.21 -0.13 0.76 -0.33 -0.53 -0.11  Rvol: 0.59 1.08 1.54 -0.33 -0.34 -0.00 0.37 0.14 0.75 1.35 1.76 -0.28 -0.12 0.22 0.62 
Loss: 1.858602  SIA Ef: -0.215652 Binding: 0.30 0.42 -0.27 -0.37 -0.20 0.22 -0.13 0.76 -0.28 -0.52 -0.09  Rvol: 0.58 1.07 1.51 -0.33 -0.34 -0.01 0.36 0.14 0.74 1.33 1.73 -0.28 -0.12 0.21 0.60 
Loss: 1.869369  SIA Ef: -0.082712 Binding: 0.33 0.44 -0.43 -0.33 -0.11 0.24 -0.14 0.74 -0.20 -0.51 -0.08  Rvol: 0.58 1.07 1.52 -0.33 -0.33 0.01 0.38 0.14 0.75 1.34 1.74 -0.28 -0.11 0.22 0.62 
Loss: 1.856800  SIA Ef: -0.025178 Binding: 0.26 0.38 -0.17 -0.38 -0.26 0.21 -0.13 0.77 -0.33 -0.53 -0.11  Rvol: 0.59 1.08 1.54 -0.33 -0.34 -0.01 0.37 0.14 0.75 1.35 1.76 -0.28 -0.12 0.22 0.61 
Loss: 1.905629  SIA Ef: -0.002344 Binding: 0.30 0.45 -0.23 -0.37 -0.21 0.20 -0.15 0.74 -0.32 -0.54 -0.13  Rvol: 0.59 1.09 1.54 -0.33 -0.34 -0.00 0.38 0.14 0.76 1.35 1.76 -0.28 -0.12 0.22 0.62 
Loss: 1.862181  SIA Ef: 0.004710 Binding: 0.28 0.41 -0.18 -0.38 -0.25 0.21 -0.12 0.76 -0.32 -0.52 -0.11  Rvol: 0.59 1.09 1.54 -0.33 -0.34 -0.00 0.38 0.14 0.75 1.35 1.76 -0.28 -0.12 0.22 0.62 
Loss: 1.854732  SIA Ef: -0.016377 Binding: 0.28 0.42 -0.16 -0.37 -0.23 0.22 -0.12 0.78 -0.32 -0.52 -0.09  Rvol: 0.59 1.08 1.54 -0.33 -0.34 -0.00 0.37 0.14 0.75 1.35 1.76 -0.28 -0.12 0.22 0.62 
Loss: 1.881652  SIA Ef: -0.021017 Binding: 0.28 0.42 -0.20 -0.38 -0.23 0.22 -0.12 0.79 -0.31 -0.51 -0.08  Rvol: 0.59 1.08 1.54 -0.33 -0.34 -0.00 0.38 0.14 0.75 1.35 1.76 -0.28 -0.12 0.22 0.62 
Loss: 1.847719  SIA Ef: -0.014983 Binding: 0.27 0.41 -0.15 -0.37 -0.24 0.21 -0.13 0.76 -0.33 -0.53 -0.11  Rvol: 0.59 1.08 1.54 -0.33 -0.34 -0.00 0.37 0.14 0.75 1.35 1.76 -0.28 -0.12 0.22 0.62 
Loss: 1.821944  SIA Ef: -0.046853 Binding: 0.25 0.39 -0.06 -0.37 -0.26 0.20 -0.13 0.74 -0.37 -0.54 -0.12  Rvol: 0.59 1.08 1.53 -0.33 -0.34 -0.01 0.37 0.14 0.75 1.35 1.76 -0.28 -0.12 0.21 0.61 
Loss: 1.830343  SIA Ef: -0.041650 Binding: 0.24 0.39 -0.02 -0.36 -0.26 0.20 -0.13 0.75 -0.38 -0.54 -0.12  Rvol: 0.59 1.08 1.53 -0.33 -0.33 -0.01 0.37 0.14 0.76 1.35 1.76 -0.28 -0.12 0.21 0.61 
Loss: 1.824938  SIA Ef: -0.028864 Binding: 0.24 0.39 -0.03 -0.37 -0.27 0.20 -0.12 0.75 -0.37 -0.54 -0.12  Rvol: 0.59 1.08 1.54 -0.33 -0.34 -0.01 0.37 0.14 0.76 1.35 1.76 -0.28 -0.12 0.21 0.61 
Loss: 1.858088  SIA Ef: -0.010080 Binding: 0.23 0.39 0.04 -0.37 -0.30 0.18 -0.14 0.72 -0.41 -0.56 -0.15  Rvol: 0.59 1.09 1.54 -0.33 -0.34 -0.01 0.37 0.14 0.76 1.35 1.77 -0.28 -0.13 0.21 0.61 
Loss: 1.795850  SIA Ef: -0.046756 Binding: 0.26 0.40 -0.11 -0.37 -0.22 0.21 -0.14 0.74 -0.35 -0.54 -0.13  Rvol: 0.59 1.08 1.53 -0.33 -0.33 -0.01 0.37 0.14 0.75 1.35 1.76 -0.28 -0.12 0.22 0.61 
Loss: 1.768413  SIA Ef: -0.132667 Binding: 0.28 0.41 -0.21 -0.35 -0.19 0.22 -0.13 0.74 -0.30 -0.53 -0.11  Rvol: 0.58 1.07 1.51 -0.33 -0.33 -0.00 0.36 0.14 0.75 1.33 1.74 -0.28 -0.12 0.21 0.61 
Loss: 1.763341  SIA Ef: -0.153306 Binding: 0.28 0.41 -0.26 -0.34 -0.16 0.22 -0.13 0.74 -0.27 -0.53 -0.10  Rvol: 0.58 1.07 1.51 -0.33 -0.33 0.00 0.37 0.14 0.75 1.33 1.74 -0.28 -0.11 0.22 0.61 
Loss: 1.765666  SIA Ef: -0.065652 Binding: 0.28 0.41 -0.22 -0.35 -0.18 0.22 -0.13 0.74 -0.29 -0.53 -0.11  Rvol: 0.58 1.08 1.52 -0.33 -0.33 0.00 0.37 0.14 0.75 1.34 1.75 -0.28 -0.11 0.22 0.61 
Loss: 1.793311  SIA Ef: -0.246780 Binding: 0.30 0.42 -0.34 -0.34 -0.14 0.23 -0.14 0.71 -0.24 -0.53 -0.11  Rvol: 0.57 1.06 1.49 -0.33 -0.33 0.00 0.36 0.14 0.74 1.32 1.72 -0.28 -0.11 0.21 0.60 
Loss: 1.761118  SIA Ef: -0.156767 Binding: 0.28 0.39 -0.26 -0.35 -0.18 0.22 -0.14 0.73 -0.28 -0.53 -0.11  Rvol: 0.58 1.07 1.51 -0.33 -0.33 0.00 0.36 0.14 0.75 1.33 1.74 -0.28 -0.11 0.21 0.61 
Loss: 1.762653  SIA Ef: -0.168117 Binding: 0.28 0.39 -0.28 -0.35 -0.18 0.23 -0.13 0.74 -0.26 -0.53 -0.10  Rvol: 0.58 1.07 1.51 -0.33 -0.33 -0.00 0.36 0.14 0.74 1.33 1.73 -0.28 -0.11 0.21 0.60 
Loss: 1.738901  SIA Ef: -0.157429 Binding: 0.27 0.39 -0.21 -0.36 -0.18 0.22 -0.14 0.72 -0.30 -0.54 -0.13  Rvol: 0.58 1.07 1.51 -0.33 -0.33 -0.01 0.36 0.14 0.75 1.33 1.74 -0.28 -0.12 0.21 0.60 
Loss: 1.710151  SIA Ef: -0.130310 Binding: 0.27 0.39 -0.21 -0.34 -0.16 0.21 -0.16 0.70 -0.30 -0.55 -0.15  Rvol: 0.58 1.07 1.51 -0.33 -0.33 -0.00 0.36 0.14 0.75 1.33 1.74 -0.28 -0.11 0.22 0.61 
Loss: 1.721646  SIA Ef: -0.170228 Binding: 0.27 0.40 -0.21 -0.35 -0.16 0.21 -0.16 0.69 -0.31 -0.56 -0.16  Rvol: 0.58 1.07 1.50 -0.33 -0.33 -0.01 0.36 0.14 0.75 1.33 1.73 -0.28 -0.12 0.21 0.60 
Loss: 1.711760  SIA Ef: -0.137222 Binding: 0.27 0.39 -0.20 -0.34 -0.15 0.21 -0.16 0.70 -0.30 -0.55 -0.15  Rvol: 0.58 1.07 1.51 -0.33 -0.33 -0.00 0.36 0.14 0.75 1.33 1.74 -0.28 -0.11 0.22 0.60 
Loss: 1.686413  SIA Ef: -0.126471 Binding: 0.25 0.37 -0.12 -0.34 -0.17 0.20 -0.15 0.71 -0.33 -0.56 -0.16  Rvol: 0.58 1.07 1.51 -0.33 -0.33 -0.01 0.36 0.14 0.75 1.33 1.74 -0.28 -0.12 0.21 0.60 
Loss: 1.726257  SIA Ef: -0.036901 Binding: 0.22 0.36 0.02 -0.34 -0.22 0.19 -0.15 0.69 -0.39 -0.58 -0.18  Rvol: 0.59 1.08 1.52 -0.33 -0.32 -0.01 0.36 0.14 0.75 1.34 1.76 -0.28 -0.12 0.22 0.61 
Loss: 1.676301  SIA Ef: -0.144077 Binding: 0.25 0.37 -0.14 -0.34 -0.16 0.21 -0.15 0.70 -0.32 -0.55 -0.15  Rvol: 0.58 1.07 1.51 -0.33 -0.33 -0.00 0.36 0.14 0.75 1.33 1.74 -0.28 -0.12 0.21 0.60 
Loss: 1.662460  SIA Ef: -0.243668 Binding: 0.26 0.37 -0.22 -0.33 -0.13 0.21 -0.16 0.68 -0.28 -0.55 -0.16  Rvol: 0.57 1.06 1.49 -0.33 -0.33 -0.01 0.35 0.14 0.74 1.32 1.72 -0.28 -0.11 0.21 0.59 
Loss: 1.670959  SIA Ef: -0.262333 Binding: 0.27 0.37 -0.29 -0.33 -0.11 0.22 -0.17 0.67 -0.25 -0.55 -0.16  Rvol: 0.57 1.06 1.48 -0.33 -0.33 -0.00 0.35 0.14 0.74 1.32 1.71 -0.28 -0.11 0.21 0.59 
Loss: 1.695774  SIA Ef: -0.326604 Binding: 0.27 0.37 -0.26 -0.33 -0.10 0.22 -0.16 0.68 -0.26 -0.55 -0.16  Rvol: 0.57 1.05 1.48 -0.33 -0.33 -0.01 0.35 0.14 0.74 1.31 1.71 -0.28 -0.11 0.21 0.59 
Loss: 1.636330  SIA Ef: -0.160758 Binding: 0.25 0.36 -0.20 -0.33 -0.14 0.21 -0.15 0.69 -0.29 -0.55 -0.15  Rvol: 0.58 1.06 1.50 -0.33 -0.32 -0.00 0.36 0.14 0.74 1.33 1.73 -0.28 -0.11 0.21 0.60 
Loss: 1.635740  SIA Ef: -0.145199 Binding: 0.26 0.37 -0.23 -0.32 -0.12 0.22 -0.15 0.69 -0.27 -0.54 -0.15  Rvol: 0.58 1.06 1.50 -0.33 -0.32 0.00 0.36 0.14 0.74 1.33 1.73 -0.28 -0.11 0.22 0.60 
Loss: 1.626328  SIA Ef: -0.075057 Binding: 0.26 0.37 -0.19 -0.32 -0.12 0.22 -0.13 0.71 -0.28 -0.53 -0.13  Rvol: 0.58 1.07 1.51 -0.33 -0.32 0.00 0.37 0.14 0.75 1.33 1.74 -0.28 -0.11 0.22 0.61 
Loss: 1.627746  SIA Ef: -0.048117 Binding: 0.26 0.37 -0.19 -0.32 -0.12 0.22 -0.13 0.72 -0.28 -0.53 -0.13  Rvol: 0.58 1.07 1.51 -0.33 -0.32 0.00 0.37 0.14 0.75 1.33 1.74 -0.28 -0.11 0.22 0.61 
Loss: 1.652232  SIA Ef: 0.060260 Binding: 0.23 0.36 -0.08 -0.32 -0.16 0.20 -0.14 0.69 -0.34 -0.55 -0.17  Rvol: 0.59 1.08 1.53 -0.33 -0.32 0.00 0.38 0.14 0.75 1.34 1.76 -0.28 -0.11 0.22 0.62 
Loss: 1.624359  SIA Ef: -0.069508 Binding: 0.26 0.37 -0.20 -0.32 -0.13 0.22 -0.13 0.71 -0.28 -0.53 -0.13  Rvol: 0.58 1.07 1.51 -0.33 -0.32 0.00 0.37 0.14 0.75 1.33 1.74 -0.28 -0.11 0.22 0.61 
Loss: 1.612048  SIA Ef: -0.076664 Binding: 0.25 0.37 -0.19 -0.32 -0.14 0.22 -0.13 0.70 -0.28 -0.53 -0.14  Rvol: 0.58 1.07 1.51 -0.33 -0.32 0.00 0.36 0.14 0.75 1.33 1.74 -0.28 -0.11 0.22 0.61 
Loss: 1.614044  SIA Ef: -0.119095 Binding: 0.27 0.38 -0.26 -0.32 -0.11 0.22 -0.14 0.69 -0.26 -0.53 -0.13  Rvol: 0.58 1.07 1.50 -0.33 -0.32 0.00 0.36 0.14 0.74 1.33 1.73 -0.28 -0.11 0.22 0.61 
Loss: 1.666505  SIA Ef: 0.029604 Binding: 0.26 0.38 -0.19 -0.33 -0.16 0.22 -0.13 0.71 -0.29 -0.52 -0.13  Rvol: 0.59 1.08 1.53 -0.33 -0.33 0.00 0.38 0.14 0.75 1.34 1.76 -0.28 -0.11 0.22 0.62 
Loss: 1.617186  SIA Ef: -0.077947 Binding: 0.25 0.37 -0.16 -0.32 -0.14 0.22 -0.13 0.70 -0.30 -0.53 -0.14  Rvol: 0.58 1.07 1.51 -0.33 -0.32 -0.00 0.36 0.14 0.75 1.33 1.74 -0.28 -0.12 0.22 0.61 
Loss: 1.605193  SIA Ef: -0.191294 Binding: 0.26 0.36 -0.25 -0.31 -0.10 0.23 -0.12 0.71 -0.25 -0.52 -0.12  Rvol: 0.57 1.06 1.49 -0.33 -0.32 -0.00 0.36 0.14 0.74 1.32 1.72 -0.28 -0.11 0.21 0.60 
Loss: 1.613707  SIA Ef: -0.239653 Binding: 0.26 0.36 -0.25 -0.31 -0.09 0.23 -0.12 0.71 -0.25 -0.52 -0.12  Rvol: 0.57 1.06 1.49 -0.33 -0.32 -0.00 0.35 0.14 0.74 1.31 1.72 -0.28 -0.12 0.21 0.59 
Loss: 1.606228  SIA Ef: -0.182442 Binding: 0.26 0.37 -0.26 -0.31 -0.08 0.23 -0.12 0.71 -0.24 -0.52 -0.12  Rvol: 0.57 1.06 1.49 -0.33 -0.32 -0.00 0.36 0.14 0.74 1.32 1.72 -0.28 -0.11 0.21 0.60 
Loss: 1.574715  SIA Ef: -0.147273 Binding: 0.24 0.34 -0.19 -0.31 -0.12 0.22 -0.13 0.70 -0.27 -0.53 -0.13  Rvol: 0.58 1.06 1.50 -0.33 -0.32 -0.00 0.36 0.14 0.74 1.32 1.73 -0.28 -0.12 0.21 0.60 
Loss: 1.571889  SIA Ef: -0.170072 Binding: 0.24 0.34 -0.19 -0.31 -0.12 0.22 -0.14 0.69 -0.28 -0.54 -0.15  Rvol: 0.57 1.06 1.50 -0.33 -0.32 -0.00 0.35 0.14 0.74 1.32 1.73 -0.28 -0.12 0.21 0.59 
Loss: 1.576089  SIA Ef: -0.182205 Binding: 0.24 0.34 -0.19 -0.31 -0.12 0.22 -0.14 0.69 -0.28 -0.54 -0.15  Rvol: 0.57 1.06 1.50 -0.33 -0.32 -0.00 0.35 0.14 0.74 1.32 1.73 -0.28 -0.12 0.21 0.59 
Loss: 1.557705  SIA Ef: -0.107687 Binding: 0.23 0.33 -0.14 -0.31 -0.14 0.21 -0.14 0.69 -0.30 -0.55 -0.16  Rvol: 0.58 1.07 1.51 -0.33 -0.32 -0.00 0.36 0.14 0.75 1.33 1.74 -0.28 -0.12 0.21 0.60 
Loss: 1.562895  SIA Ef: -0.108485 Binding: 0.22 0.31 -0.13 -0.32 -0.16 0.21 -0.14 0.69 -0.31 -0.54 -0.16  Rvol: 0.58 1.07 1.51 -0.33 -0.32 -0.01 0.36 0.14 0.75 1.33 1.74 -0.28 -0.12 0.21 0.60 
Loss: 1.557159  SIA Ef: -0.105297 Binding: 0.23 0.33 -0.14 -0.31 -0.15 0.21 -0.14 0.69 -0.30 -0.54 -0.16  Rvol: 0.58 1.07 1.51 -0.33 -0.32 -0.00 0.36 0.14 0.75 1.33 1.74 -0.28 -0.12 0.21 0.60 
Loss: 1.563271  SIA Ef: -0.107426 Binding: 0.22 0.33 -0.09 -0.31 -0.15 0.21 -0.14 0.69 -0.32 -0.55 -0.17  Rvol: 0.58 1.07 1.51 -0.33 -0.32 -0.00 0.36 0.14 0.75 1.33 1.74 -0.28 -0.12 0.21 0.60 
Loss: 1.566933  SIA Ef: -0.084634 Binding: 0.22 0.32 -0.10 -0.31 -0.16 0.21 -0.13 0.70 -0.31 -0.54 -0.16  Rvol: 0.58 1.07 1.51 -0.33 -0.32 -0.00 0.36 0.14 0.75 1.33 1.74 -0.28 -0.12 0.21 0.60 
Loss: 1.553969  SIA Ef: -0.118583 Binding: 0.23 0.33 -0.16 -0.31 -0.14 0.21 -0.14 0.69 -0.29 -0.54 -0.16  Rvol: 0.58 1.07 1.51 -0.33 -0.32 -0.00 0.36 0.14 0.75 1.33 1.73 -0.28 -0.12 0.21 0.60 
Loss: 1.561216  SIA Ef: -0.083684 Binding: 0.23 0.33 -0.14 -0.32 -0.15 0.21 -0.14 0.68 -0.30 -0.55 -0.17  Rvol: 0.58 1.07 1.51 -0.33 -0.32 -0.00 0.36 0.14 0.75 1.33 1.74 -0.28 -0.12 0.21 0.60 
Loss: 1.549482  SIA Ef: -0.144329 Binding: 0.23 0.32 -0.14 -0.32 -0.14 0.21 -0.14 0.67 -0.30 -0.55 -0.17  Rvol: 0.58 1.06 1.50 -0.33 -0.32 -0.00 0.36 0.14 0.74 1.32 1.73 -0.28 -0.12 0.21 0.60 
Loss: 1.549736  SIA Ef: -0.157678 Binding: 0.23 0.32 -0.15 -0.32 -0.14 0.21 -0.15 0.67 -0.30 -0.55 -0.18  Rvol: 0.58 1.06 1.50 -0.33 -0.32 -0.00 0.35 0.14 0.74 1.32 1.73 -0.28 -0.12 0.21 0.59 
Loss: 1.538951  SIA Ef: -0.158131 Binding: 0.24 0.32 -0.19 -0.31 -0.12 0.22 -0.14 0.67 -0.28 -0.54 -0.17  Rvol: 0.57 1.06 1.50 -0.33 -0.32 -0.00 0.36 0.14 0.74 1.32 1.73 -0.28 -0.12 0.21 0.60 
Loss: 1.540247  SIA Ef: -0.183289 Binding: 0.23 0.31 -0.21 -0.31 -0.13 0.22 -0.14 0.67 -0.27 -0.54 -0.17  Rvol: 0.57 1.06 1.50 -0.33 -0.32 -0.00 0.35 0.14 0.74 1.32 1.73 -0.28 -0.12 0.21 0.59 
Loss: 1.534844  SIA Ef: -0.151951 Binding: 0.23 0.32 -0.18 -0.31 -0.13 0.21 -0.14 0.67 -0.28 -0.55 -0.17  Rvol: 0.57 1.06 1.50 -0.33 -0.32 -0.00 0.36 0.14 0.74 1.32 1.73 -0.28 -0.12 0.21 0.60 
Loss: 1.560468  SIA Ef: -0.237358 Binding: 0.25 0.33 -0.26 -0.31 -0.09 0.22 -0.14 0.66 -0.25 -0.54 -0.17  Rvol: 0.57 1.06 1.49 -0.33 -0.32 -0.00 0.35 0.14 0.74 1.31 1.72 -0.28 -0.12 0.21 0.59 
Loss: 1.533391  SIA Ef: -0.159144 Binding: 0.23 0.32 -0.17 -0.31 -0.13 0.21 -0.14 0.66 -0.29 -0.55 -0.18  Rvol: 0.57 1.06 1.50 -0.33 -0.32 -0.00 0.35 0.14 0.74 1.32 1.73 -0.28 -0.12 0.21 0.59 
Loss: 1.526054  SIA Ef: -0.111267 Binding: 0.22 0.31 -0.10 -0.31 -0.14 0.21 -0.14 0.67 -0.31 -0.55 -0.18  Rvol: 0.58 1.07 1.50 -0.33 -0.32 -0.00 0.36 0.14 0.75 1.32 1.74 -0.28 -0.12 0.21 0.60 
Loss: 1.539232  SIA Ef: -0.030866 Binding: 0.21 0.31 -0.08 -0.31 -0.15 0.20 -0.15 0.66 -0.33 -0.56 -0.20  Rvol: 0.58 1.07 1.52 -0.33 -0.32 -0.00 0.36 0.14 0.75 1.33 1.75 -0.28 -0.12 0.22 0.60 
Loss: 1.526012  SIA Ef: -0.109330 Binding: 0.22 0.31 -0.10 -0.31 -0.14 0.21 -0.14 0.67 -0.31 -0.55 -0.18  Rvol: 0.58 1.07 1.50 -0.33 -0.32 -0.00 0.36 0.14 0.75 1.32 1.74 -0.28 -0.12 0.21 0.60 
Loss: 1.514058  SIA Ef: -0.170688 Binding: 0.22 0.31 -0.12 -0.30 -0.12 0.21 -0.14 0.67 -0.30 -0.55 -0.18  Rvol: 0.57 1.06 1.49 -0.33 -0.32 -0.00 0.35 0.14 0.74 1.32 1.73 -0.28 -0.12 0.21 0.59 
Loss: 1.500730  SIA Ef: -0.185204 Binding: 0.22 0.31 -0.13 -0.30 -0.11 0.21 -0.14 0.66 -0.29 -0.55 -0.18  Rvol: 0.57 1.06 1.49 -0.33 -0.32 -0.00 0.35 0.14 0.74 1.31 1.73 -0.28 -0.12 0.21 0.59 
Loss: 1.499335  SIA Ef: -0.216424 Binding: 0.22 0.31 -0.13 -0.29 -0.09 0.21 -0.14 0.66 -0.29 -0.56 -0.19  Rvol: 0.57 1.06 1.48 -0.33 -0.32 -0.00 0.35 0.14 0.74 1.31 1.72 -0.28 -0.12 0.20 0.59 
Loss: 1.499884  SIA Ef: -0.218507 Binding: 0.22 0.31 -0.12 -0.29 -0.10 0.21 -0.14 0.66 -0.29 -0.56 -0.19  Rvol: 0.57 1.06 1.48 -0.33 -0.32 -0.00 0.35 0.14 0.74 1.31 1.72 -0.28 -0.12 0.20 0.59 
Loss: 1.490976  SIA Ef: -0.198014 Binding: 0.23 0.31 -0.14 -0.28 -0.09 0.22 -0.14 0.66 -0.28 -0.55 -0.18  Rvol: 0.57 1.06 1.49 -0.33 -0.32 -0.00 0.35 0.14 0.74 1.31 1.72 -0.28 -0.12 0.20 0.59 
Loss: 1.486354  SIA Ef: -0.181275 Binding: 0.22 0.31 -0.12 -0.29 -0.10 0.22 -0.13 0.67 -0.29 -0.55 -0.18  Rvol: 0.57 1.06 1.49 -0.33 -0.32 -0.00 0.35 0.14 0.74 1.31 1.73 -0.28 -0.12 0.21 0.59 
Loss: 1.486025  SIA Ef: -0.200500 Binding: 0.22 0.30 -0.10 -0.29 -0.10 0.21 -0.14 0.66 -0.30 -0.56 -0.19  Rvol: 0.57 1.06 1.49 -0.33 -0.32 -0.00 0.35 0.14 0.74 1.31 1.72 -0.28 -0.12 0.20 0.59 
Loss: 1.485505  SIA Ef: -0.187985 Binding: 0.22 0.31 -0.10 -0.29 -0.10 0.21 -0.14 0.66 -0.30 -0.56 -0.19  Rvol: 0.57 1.06 1.49 -0.33 -0.32 -0.00 0.35 0.14 0.74 1.31 1.73 -0.28 -0.12 0.21 0.59 
Loss: 1.479155  SIA Ef: -0.195322 Binding: 0.22 0.31 -0.15 -0.28 -0.08 0.22 -0.14 0.66 -0.27 -0.55 -0.19  Rvol: 0.57 1.06 1.48 -0.33 -0.32 -0.00 0.35 0.14 0.74 1.31 1.72 -0.28 -0.12 0.21 0.59 
Loss: 1.477205  SIA Ef: -0.193649 Binding: 0.22 0.31 -0.15 -0.29 -0.08 0.22 -0.13 0.66 -0.28 -0.55 -0.18  Rvol: 0.57 1.06 1.48 -0.33 -0.32 -0.00 0.35 0.14 0.74 1.31 1.72 -0.28 -0.12 0.21 0.59 
Loss: 1.497921  SIA Ef: -0.246969 Binding: 0.24 0.32 -0.22 -0.28 -0.05 0.22 -0.14 0.65 -0.24 -0.55 -0.18  Rvol: 0.57 1.05 1.48 -0.33 -0.32 -0.00 0.35 0.14 0.74 1.31 1.71 -0.28 -0.12 0.20 0.59 
Loss: 1.470254  SIA Ef: -0.154803 Binding: 0.22 0.31 -0.13 -0.29 -0.09 0.21 -0.14 0.65 -0.28 -0.55 -0.19  Rvol: 0.57 1.06 1.49 -0.33 -0.32 0.00 0.35 0.14 0.74 1.31 1.73 -0.28 -0.12 0.21 0.59 
Loss: 1.470378  SIA Ef: -0.066537 Binding: 0.21 0.30 -0.07 -0.29 -0.11 0.21 -0.14 0.66 -0.31 -0.56 -0.19  Rvol: 0.58 1.07 1.50 -0.33 -0.32 0.00 0.36 0.14 0.75 1.32 1.74 -0.28 -0.12 0.21 0.60 
Loss: 1.466395  SIA Ef: -0.171729 Binding: 0.22 0.31 -0.14 -0.28 -0.08 0.21 -0.14 0.65 -0.28 -0.55 -0.19  Rvol: 0.57 1.06 1.49 -0.33 -0.32 0.00 0.35 0.14 0.74 1.31 1.72 -0.28 -0.12 0.21 0.59 
Loss: 1.460475  SIA Ef: -0.161098 Binding: 0.23 0.32 -0.18 -0.28 -0.06 0.22 -0.14 0.64 -0.26 -0.55 -0.19  Rvol: 0.57 1.06 1.49 -0.33 -0.32 0.00 0.36 0.14 0.74 1.31 1.72 -0.28 -0.12 0.21 0.59 
Loss: 1.446889  SIA Ef: -0.084814 Binding: 0.22 0.31 -0.13 -0.28 -0.08 0.21 -0.14 0.64 -0.28 -0.55 -0.19  Rvol: 0.57 1.06 1.50 -0.33 -0.31 0.01 0.36 0.14 0.74 1.32 1.73 -0.28 -0.12 0.21 0.60 
Loss: 1.441739  SIA Ef: -0.081260 Binding: 0.22 0.31 -0.13 -0.28 -0.08 0.21 -0.14 0.63 -0.29 -0.56 -0.21  Rvol: 0.57 1.06 1.50 -0.33 -0.31 0.01 0.36 0.14 0.74 1.32 1.73 -0.28 -0.12 0.21 0.60 
Loss: 1.441286  SIA Ef: -0.061453 Binding: 0.22 0.31 -0.14 -0.28 -0.08 0.21 -0.14 0.63 -0.28 -0.56 -0.21  Rvol: 0.57 1.06 1.50 -0.33 -0.31 0.01 0.36 0.14 0.75 1.32 1.74 -0.28 -0.11 0.21 0.60 
Loss: 1.440023  SIA Ef: -0.066243 Binding: 0.22 0.31 -0.12 -0.28 -0.08 0.21 -0.14 0.63 -0.29 -0.56 -0.21  Rvol: 0.57 1.06 1.50 -0.33 -0.31 0.01 0.36 0.14 0.75 1.32 1.74 -0.28 -0.12 0.21 0.60 
Loss: 1.442355  SIA Ef: -0.023312 Binding: 0.21 0.31 -0.09 -0.28 -0.09 0.20 -0.15 0.62 -0.30 -0.57 -0.22  Rvol: 0.58 1.07 1.50 -0.33 -0.31 0.01 0.37 0.14 0.75 1.32 1.74 -0.28 -0.12 0.21 0.60 
Loss: 1.442876  SIA Ef: -0.057314 Binding: 0.22 0.31 -0.12 -0.28 -0.08 0.21 -0.15 0.63 -0.29 -0.56 -0.21  Rvol: 0.58 1.07 1.50 -0.33 -0.31 0.01 0.36 0.14 0.75 1.32 1.74 -0.28 -0.11 0.21 0.60 
Loss: 1.429983  SIA Ef: -0.074208 Binding: 0.22 0.30 -0.12 -0.28 -0.08 0.21 -0.14 0.63 -0.28 -0.56 -0.21  Rvol: 0.57 1.06 1.50 -0.33 -0.31 0.01 0.36 0.14 0.75 1.32 1.74 -0.28 -0.12 0.21 0.60 
Loss: 1.437747  SIA Ef: -0.031837 Binding: 0.21 0.30 -0.06 -0.28 -0.10 0.20 -0.14 0.63 -0.31 -0.56 -0.22  Rvol: 0.58 1.07 1.50 -0.33 -0.31 0.01 0.37 0.14 0.75 1.32 1.74 -0.28 -0.12 0.21 0.60 
Loss: 1.424891  SIA Ef: -0.103619 Binding: 0.22 0.30 -0.13 -0.27 -0.07 0.21 -0.14 0.63 -0.28 -0.56 -0.21  Rvol: 0.57 1.06 1.49 -0.33 -0.31 0.01 0.36 0.14 0.74 1.32 1.73 -0.28 -0.12 0.21 0.60 
Loss: 1.417459  SIA Ef: -0.105796 Binding: 0.22 0.30 -0.16 -0.27 -0.06 0.22 -0.13 0.64 -0.26 -0.55 -0.20  Rvol: 0.57 1.06 1.49 -0.33 -0.31 0.01 0.36 0.14 0.74 1.32 1.73 -0.28 -0.11 0.21 0.60 
Loss: 1.412727  SIA Ef: -0.104334 Binding: 0.21 0.29 -0.11 -0.27 -0.07 0.21 -0.13 0.64 -0.28 -0.55 -0.20  Rvol: 0.57 1.06 1.49 -0.33 -0.31 0.01 0.36 0.14 0.74 1.31 1.73 -0.28 -0.11 0.21 0.59 
Loss: 1.412057  SIA Ef: -0.117588 Binding: 0.21 0.29 -0.12 -0.27 -0.07 0.21 -0.14 0.64 -0.28 -0.56 -0.21  Rvol: 0.57 1.06 1.49 -0.33 -0.31 0.00 0.36 0.14 0.74 1.31 1.73 -0.28 -0.11 0.21 0.59 
Loss: 1.413759  SIA Ef: -0.201645 Binding: 0.21 0.28 -0.16 -0.27 -0.05 0.22 -0.13 0.64 -0.25 -0.55 -0.19  Rvol: 0.57 1.05 1.48 -0.33 -0.31 0.00 0.35 0.14 0.74 1.31 1.71 -0.28 -0.11 0.21 0.59 
Loss: 1.411238  SIA Ef: -0.107375 Binding: 0.21 0.29 -0.12 -0.27 -0.07 0.21 -0.14 0.64 -0.28 -0.56 -0.21  Rvol: 0.57 1.06 1.49 -0.33 -0.31 0.01 0.36 0.14 0.74 1.31 1.73 -0.28 -0.11 0.21 0.60 
Loss: 1.410846  SIA Ef: -0.099307 Binding: 0.21 0.30 -0.11 -0.26 -0.05 0.21 -0.14 0.64 -0.28 -0.56 -0.20  Rvol: 0.57 1.06 1.49 -0.33 -0.31 0.01 0.36 0.14 0.74 1.31 1.73 -0.28 -0.11 0.21 0.60 
Loss: 1.408173  SIA Ef: -0.087414 Binding: 0.21 0.30 -0.09 -0.26 -0.06 0.21 -0.14 0.63 -0.29 -0.56 -0.21  Rvol: 0.57 1.06 1.49 -0.33 -0.31 0.01 0.36 0.14 0.74 1.31 1.73 -0.28 -0.11 0.21 0.60 
Loss: 1.404679  SIA Ef: -0.052524 Binding: 0.21 0.30 -0.09 -0.26 -0.06 0.21 -0.14 0.63 -0.29 -0.56 -0.21  Rvol: 0.57 1.06 1.49 -0.33 -0.31 0.01 0.36 0.14 0.75 1.32 1.74 -0.28 -0.11 0.21 0.60 
Loss: 1.406107  SIA Ef: -0.065295 Binding: 0.21 0.30 -0.11 -0.26 -0.05 0.21 -0.14 0.63 -0.28 -0.56 -0.21  Rvol: 0.57 1.06 1.49 -0.33 -0.31 0.01 0.36 0.14 0.75 1.32 1.73 -0.28 -0.11 0.21 0.60 
Loss: 1.406403  SIA Ef: -0.025617 Binding: 0.20 0.30 -0.05 -0.25 -0.06 0.21 -0.14 0.63 -0.30 -0.56 -0.22  Rvol: 0.57 1.06 1.50 -0.33 -0.31 0.01 0.37 0.14 0.75 1.32 1.74 -0.28 -0.11 0.21 0.60 
Loss: 1.405162  SIA Ef: -0.033155 Binding: 0.21 0.30 -0.10 -0.26 -0.06 0.21 -0.13 0.63 -0.28 -0.56 -0.21  Rvol: 0.57 1.06 1.50 -0.33 -0.31 0.01 0.37 0.14 0.75 1.32 1.74 -0.28 -0.11 0.21 0.60 
Loss: 1.422234  SIA Ef: -0.005251 Binding: 0.20 0.30 -0.03 -0.27 -0.09 0.20 -0.13 0.63 -0.31 -0.56 -0.22  Rvol: 0.58 1.07 1.50 -0.33 -0.31 0.01 0.37 0.14 0.75 1.32 1.75 -0.28 -0.12 0.21 0.60 
Loss: 1.401918  SIA Ef: -0.057620 Binding: 0.22 0.30 -0.12 -0.26 -0.05 0.21 -0.14 0.63 -0.28 -0.56 -0.21  Rvol: 0.57 1.06 1.49 -0.33 -0.31 0.01 0.37 0.14 0.75 1.32 1.73 -0.28 -0.11 0.21 0.60 
Loss: 1.394835  SIA Ef: -0.097597 Binding: 0.22 0.30 -0.14 -0.26 -0.04 0.22 -0.13 0.63 -0.26 -0.55 -0.20  Rvol: 0.57 1.06 1.49 -0.33 -0.31 0.01 0.36 0.14 0.74 1.31 1.73 -0.28 -0.11 0.21 0.60 
Loss: 1.395364  SIA Ef: -0.088955 Binding: 0.22 0.30 -0.14 -0.26 -0.04 0.22 -0.13 0.64 -0.26 -0.55 -0.20  Rvol: 0.57 1.06 1.49 -0.33 -0.31 0.01 0.36 0.14 0.74 1.31 1.73 -0.28 -0.11 0.21 0.60 
Loss: 1.395017  SIA Ef: -0.096823 Binding: 0.22 0.30 -0.14 -0.26 -0.03 0.22 -0.13 0.63 -0.26 -0.55 -0.20  Rvol: 0.57 1.06 1.49 -0.33 -0.31 0.01 0.36 0.14 0.74 1.31 1.73 -0.28 -0.11 0.21 0.60 
Loss: 1.393880  SIA Ef: -0.114339 Binding: 0.22 0.30 -0.14 -0.26 -0.04 0.22 -0.13 0.63 -0.26 -0.55 -0.20  Rvol: 0.57 1.06 1.48 -0.33 -0.31 0.01 0.36 0.14 0.74 1.31 1.72 -0.28 -0.11 0.21 0.60 
Loss: 1.392358  SIA Ef: -0.108082 Binding: 0.22 0.30 -0.13 -0.26 -0.04 0.22 -0.13 0.63 -0.27 -0.55 -0.21  Rvol: 0.57 1.06 1.49 -0.33 -0.31 0.01 0.36 0.14 0.74 1.31 1.73 -0.28 -0.11 0.21 0.60 
Loss: 1.388578  SIA Ef: -0.136770 Binding: 0.22 0.30 -0.15 -0.26 -0.04 0.22 -0.13 0.63 -0.26 -0.55 -0.20  Rvol: 0.57 1.06 1.48 -0.33 -0.31 0.01 0.36 0.14 0.74 1.31 1.72 -0.28 -0.11 0.21 0.59 
Loss: 1.388643  SIA Ef: -0.132661 Binding: 0.22 0.30 -0.17 -0.26 -0.03 0.22 -0.13 0.62 -0.25 -0.55 -0.21  Rvol: 0.57 1.06 1.48 -0.33 -0.31 0.01 0.36 0.14 0.74 1.31 1.72 -0.28 -0.11 0.21 0.59 
Loss: 1.392174  SIA Ef: -0.145566 Binding: 0.22 0.30 -0.16 -0.26 -0.04 0.22 -0.13 0.63 -0.26 -0.55 -0.20  Rvol: 0.57 1.06 1.48 -0.33 -0.31 0.01 0.36 0.14 0.74 1.31 1.72 -0.28 -0.11 0.21 0.59 
Loss: 1.386223  SIA Ef: -0.152117 Binding: 0.22 0.29 -0.15 -0.26 -0.03 0.22 -0.14 0.62 -0.26 -0.55 -0.21  Rvol: 0.57 1.05 1.48 -0.33 -0.31 0.01 0.36 0.14 0.74 1.31 1.72 -0.28 -0.11 0.21 0.59 
Loss: 1.388895  SIA Ef: -0.163343 Binding: 0.22 0.30 -0.15 -0.26 -0.03 0.22 -0.14 0.62 -0.26 -0.55 -0.21  Rvol: 0.57 1.05 1.48 -0.33 -0.31 0.01 0.36 0.14 0.74 1.31 1.72 -0.28 -0.11 0.21 0.59 
Loss: 1.389512  SIA Ef: -0.159830 Binding: 0.22 0.29 -0.17 -0.26 -0.03 0.22 -0.14 0.62 -0.25 -0.55 -0.21  Rvol: 0.57 1.05 1.48 -0.33 -0.31 0.01 0.36 0.14 0.74 1.31 1.72 -0.28 -0.11 0.21 0.59 
Loss: 1.386739  SIA Ef: -0.155188 Binding: 0.22 0.29 -0.15 -0.26 -0.03 0.22 -0.14 0.62 -0.26 -0.56 -0.21  Rvol: 0.57 1.05 1.48 -0.33 -0.31 0.01 0.36 0.14 0.74 1.31 1.72 -0.28 -0.11 0.21 0.59 
Loss: 1.377422  SIA Ef: -0.130877 Binding: 0.21 0.29 -0.12 -0.26 -0.04 0.22 -0.13 0.62 -0.27 -0.55 -0.21  Rvol: 0.57 1.06 1.48 -0.33 -0.31 0.01 0.36 0.14 0.74 1.31 1.72 -0.28 -0.11 0.21 0.59 
Loss: 1.371845  SIA Ef: -0.115794 Binding: 0.21 0.29 -0.10 -0.26 -0.05 0.22 -0.13 0.62 -0.28 -0.55 -0.21  Rvol: 0.57 1.06 1.48 -0.33 -0.31 0.01 0.36 0.14 0.74 1.31 1.72 -0.28 -0.12 0.21 0.59 
Loss: 1.369997  SIA Ef: -0.109912 Binding: 0.20 0.28 -0.08 -0.25 -0.05 0.21 -0.13 0.62 -0.28 -0.56 -0.22  Rvol: 0.57 1.06 1.48 -0.33 -0.31 0.01 0.36 0.14 0.74 1.31 1.73 -0.28 -0.12 0.21 0.59 
Loss: 1.366031  SIA Ef: -0.096833 Binding: 0.20 0.28 -0.08 -0.25 -0.05 0.21 -0.13 0.62 -0.28 -0.56 -0.22  Rvol: 0.57 1.06 1.49 -0.33 -0.31 0.01 0.36 0.14 0.74 1.31 1.73 -0.28 -0.12 0.21 0.59 
Loss: 1.362099  SIA Ef: -0.115623 Binding: 0.21 0.28 -0.11 -0.25 -0.04 0.22 -0.13 0.63 -0.27 -0.55 -0.21  Rvol: 0.57 1.06 1.48 -0.33 -0.31 0.01 0.36 0.14 0.74 1.31 1.72 -0.28 -0.11 0.21 0.59 
Loss: 1.362400  SIA Ef: -0.114579 Binding: 0.20 0.28 -0.11 -0.25 -0.04 0.22 -0.13 0.63 -0.27 -0.55 -0.21  Rvol: 0.57 1.06 1.48 -0.33 -0.31 0.01 0.36 0.14 0.74 1.31 1.72 -0.28 -0.11 0.21 0.59 
Loss: 1.366865  SIA Ef: -0.091589 Binding: 0.20 0.28 -0.08 -0.25 -0.05 0.21 -0.13 0.63 -0.28 -0.56 -0.22  Rvol: 0.57 1.06 1.49 -0.33 -0.31 0.01 0.36 0.14 0.74 1.31 1.73 -0.28 -0.12 0.21 0.59 
Loss: 1.363648  SIA Ef: -0.117475 Binding: 0.20 0.28 -0.10 -0.25 -0.04 0.22 -0.13 0.63 -0.27 -0.55 -0.21  Rvol: 0.57 1.06 1.48 -0.33 -0.31 0.01 0.36 0.14 0.74 1.31 1.72 -0.28 -0.11 0.21 0.59 
Loss: 1.361903  SIA Ef: -0.084825 Binding: 0.21 0.28 -0.10 -0.25 -0.04 0.22 -0.13 0.63 -0.27 -0.55 -0.21  Rvol: 0.57 1.06 1.49 -0.33 -0.31 0.01 0.36 0.14 0.74 1.31 1.73 -0.28 -0.11 0.21 0.59 
Loss: 1.362573  SIA Ef: -0.078933 Binding: 0.21 0.29 -0.10 -0.25 -0.04 0.22 -0.13 0.63 -0.27 -0.55 -0.21  Rvol: 0.57 1.06 1.49 -0.33 -0.31 0.01 0.36 0.14 0.74 1.31 1.73 -0.28 -0.11 0.21 0.60 
Loss: 1.362226  SIA Ef: -0.071120 Binding: 0.21 0.28 -0.10 -0.25 -0.04 0.22 -0.13 0.63 -0.27 -0.55 -0.21  Rvol: 0.57 1.06 1.49 -0.33 -0.31 0.01 0.36 0.14 0.74 1.31 1.73 -0.28 -0.11 0.21 0.60 
Loss: 1.360330  SIA Ef: -0.083080 Binding: 0.20 0.28 -0.10 -0.25 -0.04 0.22 -0.13 0.63 -0.27 -0.55 -0.21  Rvol: 0.57 1.06 1.49 -0.33 -0.31 0.01 0.36 0.14 0.74 1.31 1.73 -0.28 -0.11 0.21 0.59 
Loss: 1.352770  SIA Ef: -0.109686 Binding: 0.21 0.28 -0.12 -0.25 -0.03 0.22 -0.13 0.63 -0.26 -0.55 -0.21  Rvol: 0.57 1.06 1.48 -0.33 -0.31 0.01 0.36 0.14 0.74 1.31 1.72 -0.28 -0.11 0.21 0.59 
Loss: 1.345449  SIA Ef: -0.128621 Binding: 0.21 0.28 -0.15 -0.24 -0.02 0.22 -0.13 0.62 -0.25 -0.55 -0.21  Rvol: 0.57 1.05 1.48 -0.33 -0.31 0.01 0.36 0.14 0.74 1.31 1.72 -0.28 -0.11 0.21 0.59 
Loss: 1.344334  SIA Ef: -0.148606 Binding: 0.21 0.27 -0.17 -0.24 -0.01 0.23 -0.13 0.62 -0.24 -0.54 -0.20  Rvol: 0.57 1.05 1.47 -0.33 -0.31 0.01 0.36 0.14 0.74 1.31 1.71 -0.28 -0.11 0.21 0.59 
Loss: 1.342322  SIA Ef: -0.145627 Binding: 0.21 0.28 -0.17 -0.24 -0.00 0.23 -0.13 0.62 -0.24 -0.54 -0.21  Rvol: 0.57 1.05 1.47 -0.33 -0.31 0.01 0.36 0.14 0.74 1.31 1.71 -0.28 -0.11 0.21 0.59 
Loss: 1.339131  SIA Ef: -0.140863 Binding: 0.21 0.28 -0.15 -0.24 -0.01 0.22 -0.13 0.62 -0.24 -0.55 -0.21  Rvol: 0.57 1.05 1.47 -0.33 -0.31 0.01 0.36 0.14 0.74 1.31 1.71 -0.28 -0.11 0.21 0.59 
Loss: 1.343707  SIA Ef: -0.150921 Binding: 0.21 0.28 -0.17 -0.24 0.01 0.23 -0.12 0.62 -0.24 -0.54 -0.20  Rvol: 0.57 1.05 1.47 -0.33 -0.31 0.01 0.36 0.14 0.74 1.30 1.71 -0.28 -0.11 0.21 0.59 
Loss: 1.341375  SIA Ef: -0.150137 Binding: 0.21 0.28 -0.16 -0.24 -0.00 0.23 -0.13 0.62 -0.24 -0.54 -0.21  Rvol: 0.57 1.05 1.47 -0.33 -0.31 0.01 0.36 0.14 0.74 1.31 1.71 -0.28 -0.11 0.21 0.59 
Loss: 1.340974  SIA Ef: -0.160871 Binding: 0.21 0.28 -0.16 -0.24 -0.00 0.23 -0.13 0.62 -0.24 -0.55 -0.21  Rvol: 0.57 1.05 1.47 -0.33 -0.31 0.01 0.36 0.14 0.74 1.30 1.71 -0.28 -0.11 0.21 0.59 
Loss: 1.340487  SIA Ef: -0.150901 Binding: 0.21 0.28 -0.15 -0.24 -0.00 0.23 -0.13 0.62 -0.24 -0.55 -0.21  Rvol: 0.57 1.05 1.47 -0.33 -0.31 0.01 0.36 0.14 0.74 1.30 1.71 -0.28 -0.11 0.21 0.59 
Loss: 1.342942  SIA Ef: -0.169230 Binding: 0.21 0.27 -0.16 -0.24 -0.01 0.23 -0.13 0.62 -0.24 -0.54 -0.21  Rvol: 0.57 1.05 1.47 -0.33 -0.31 0.01 0.35 0.14 0.74 1.30 1.71 -0.28 -0.11 0.21 0.59 
Loss: 1.337794  SIA Ef: -0.134752 Binding: 0.21 0.28 -0.15 -0.24 -0.01 0.23 -0.12 0.63 -0.24 -0.54 -0.20  Rvol: 0.57 1.05 1.47 -0.33 -0.31 0.01 0.36 0.14 0.74 1.31 1.71 -0.28 -0.11 0.21 0.59 
Loss: 1.344139  SIA Ef: -0.140585 Binding: 0.22 0.28 -0.18 -0.24 0.01 0.23 -0.12 0.63 -0.23 -0.54 -0.20  Rvol: 0.57 1.05 1.47 -0.33 -0.31 0.01 0.36 0.14 0.74 1.31 1.71 -0.28 -0.11 0.21 0.59 
Loss: 1.334881  SIA Ef: -0.117693 Binding: 0.21 0.28 -0.14 -0.24 -0.01 0.22 -0.13 0.62 -0.25 -0.55 -0.21  Rvol: 0.57 1.05 1.48 -0.33 -0.31 0.01 0.36 0.14 0.74 1.31 1.72 -0.28 -0.11 0.21 0.59 
Loss: 1.333898  SIA Ef: -0.080969 Binding: 0.20 0.27 -0.10 -0.24 -0.03 0.22 -0.13 0.63 -0.26 -0.55 -0.21  Rvol: 0.57 1.06 1.48 -0.33 -0.31 0.01 0.36 0.14 0.74 1.31 1.72 -0.28 -0.11 0.21 0.59 
Loss: 1.333687  SIA Ef: -0.077063 Binding: 0.20 0.27 -0.10 -0.24 -0.03 0.22 -0.13 0.63 -0.26 -0.55 -0.21  Rvol: 0.57 1.06 1.48 -0.33 -0.31 0.01 0.36 0.14 0.74 1.31 1.72 -0.28 -0.11 0.21 0.59 
Loss: 1.335354  SIA Ef: -0.072255 Binding: 0.20 0.27 -0.10 -0.24 -0.03 0.22 -0.13 0.63 -0.27 -0.55 -0.21  Rvol: 0.57 1.06 1.48 -0.33 -0.31 0.01 0.36 0.14 0.74 1.31 1.73 -0.28 -0.11 0.21 0.59 
Loss: 1.335964  SIA Ef: -0.071138 Binding: 0.20 0.27 -0.09 -0.24 -0.03 0.22 -0.13 0.63 -0.27 -0.55 -0.21  Rvol: 0.57 1.06 1.48 -0.33 -0.31 0.01 0.36 0.14 0.74 1.31 1.73 -0.28 -0.11 0.21 0.59 
Loss: 1.333386  SIA Ef: -0.081664 Binding: 0.20 0.27 -0.10 -0.24 -0.03 0.22 -0.13 0.63 -0.26 -0.55 -0.21  Rvol: 0.57 1.06 1.48 -0.33 -0.31 0.01 0.36 0.14 0.74 1.31 1.72 -0.28 -0.11 0.21 0.59 
Loss: 1.331380  SIA Ef: -0.081703 Binding: 0.20 0.27 -0.10 -0.24 -0.02 0.22 -0.12 0.63 -0.26 -0.55 -0.21  Rvol: 0.57 1.06 1.48 -0.33 -0.31 0.01 0.36 0.14 0.74 1.31 1.72 -0.28 -0.11 0.21 0.59 
Loss: 1.330385  SIA Ef: -0.077234 Binding: 0.20 0.27 -0.11 -0.24 -0.02 0.22 -0.12 0.63 -0.26 -0.55 -0.21  Rvol: 0.57 1.06 1.48 -0.33 -0.31 0.01 0.36 0.14 0.74 1.31 1.72 -0.28 -0.11 0.21 0.59 
Loss: 1.326678  SIA Ef: -0.079948 Binding: 0.20 0.27 -0.11 -0.24 -0.02 0.22 -0.13 0.62 -0.26 -0.55 -0.21  Rvol: 0.57 1.06 1.48 -0.33 -0.31 0.01 0.36 0.14 0.74 1.31 1.72 -0.28 -0.11 0.21 0.59 
Loss: 1.324783  SIA Ef: -0.086224 Binding: 0.20 0.27 -0.12 -0.24 -0.02 0.22 -0.13 0.62 -0.26 -0.55 -0.21  Rvol: 0.57 1.06 1.48 -0.33 -0.31 0.01 0.36 0.14 0.74 1.31 1.72 -0.28 -0.11 0.21 0.59 
Loss: 1.323646  SIA Ef: -0.094085 Binding: 0.20 0.27 -0.12 -0.24 -0.02 0.22 -0.13 0.62 -0.26 -0.55 -0.21  Rvol: 0.57 1.06 1.48 -0.33 -0.31 0.01 0.36 0.14 0.74 1.31 1.72 -0.28 -0.11 0.21 0.59 
Loss: 1.322846  SIA Ef: -0.085778 Binding: 0.20 0.27 -0.11 -0.24 -0.02 0.22 -0.13 0.62 -0.26 -0.55 -0.22  Rvol: 0.57 1.06 1.48 -0.33 -0.31 0.01 0.36 0.14 0.74 1.31 1.72 -0.28 -0.11 0.21 0.59 
Loss: 1.321311  SIA Ef: -0.094527 Binding: 0.20 0.27 -0.12 -0.24 -0.02 0.22 -0.13 0.62 -0.26 -0.55 -0.21  Rvol: 0.57 1.06 1.48 -0.33 -0.31 0.01 0.36 0.14 0.74 1.31 1.72 -0.28 -0.11 0.21 0.59 
Loss: 1.321915  SIA Ef: -0.086100 Binding: 0.20 0.27 -0.11 -0.24 -0.03 0.22 -0.13 0.62 -0.26 -0.55 -0.21  Rvol: 0.57 1.06 1.48 -0.33 -0.31 0.01 0.36 0.14 0.74 1.31 1.72 -0.28 -0.11 0.21 0.59 
Loss: 1.321263  SIA Ef: -0.092273 Binding: 0.20 0.27 -0.12 -0.24 -0.02 0.22 -0.13 0.62 -0.26 -0.55 -0.21  Rvol: 0.57 1.06 1.48 -0.33 -0.31 0.01 0.36 0.14 0.74 1.31 1.72 -0.28 -0.11 0.21 0.59 
Loss: 1.322050  SIA Ef: -0.083136 Binding: 0.20 0.27 -0.11 -0.24 -0.02 0.22 -0.13 0.61 -0.26 -0.55 -0.21  Rvol: 0.57 1.06 1.48 -0.33 -0.31 0.01 0.36 0.14 0.74 1.31 1.72 -0.28 -0.11 0.21 0.59 
Loss: 1.321237  SIA Ef: -0.095577 Binding: 0.20 0.27 -0.11 -0.24 -0.02 0.22 -0.13 0.62 -0.26 -0.55 -0.21  Rvol: 0.57 1.06 1.48 -0.33 -0.31 0.01 0.36 0.14 0.74 1.31 1.72 -0.28 -0.11 0.21 0.59 
Loss: 1.321639  SIA Ef: -0.088981 Binding: 0.20 0.27 -0.12 -0.24 -0.02 0.22 -0.13 0.61 -0.26 -0.55 -0.21  Rvol: 0.57 1.06 1.48 -0.33 -0.31 0.01 0.36 0.14 0.74 1.31 1.72 -0.28 -0.11 0.21 0.59 
Loss: 1.321990  SIA Ef: -0.097647 Binding: 0.20 0.27 -0.11 -0.24 -0.02 0.22 -0.13 0.62 -0.26 -0.55 -0.21  Rvol: 0.57 1.06 1.48 -0.33 -0.31 0.01 0.36 0.14 0.74 1.31 1.72 -0.28 -0.11 0.21 0.59 
Loss: 1.317803  SIA Ef: -0.101486 Binding: 0.20 0.27 -0.12 -0.24 -0.02 0.22 -0.12 0.62 -0.26 -0.55 -0.21  Rvol: 0.57 1.06 1.48 -0.33 -0.31 0.01 0.36 0.14 0.74 1.31 1.72 -0.28 -0.11 0.21 0.59 
Loss: 1.314546  SIA Ef: -0.106918 Binding: 0.20 0.27 -0.12 -0.24 -0.02 0.22 -0.12 0.62 -0.25 -0.55 -0.21  Rvol: 0.57 1.05 1.48 -0.33 -0.31 0.01 0.36 0.14 0.74 1.31 1.72 -0.28 -0.11 0.21 0.59 
Loss: 1.311991  SIA Ef: -0.110503 Binding: 0.20 0.26 -0.12 -0.24 -0.02 0.22 -0.12 0.62 -0.25 -0.54 -0.21  Rvol: 0.57 1.05 1.48 -0.33 -0.31 0.01 0.36 0.14 0.74 1.31 1.72 -0.28 -0.11 0.21 0.59 
Loss: 1.309216  SIA Ef: -0.113202 Binding: 0.20 0.26 -0.12 -0.24 -0.02 0.22 -0.12 0.62 -0.25 -0.54 -0.21  Rvol: 0.57 1.05 1.48 -0.33 -0.31 0.01 0.36 0.14 0.74 1.31 1.72 -0.28 -0.11 0.21 0.59 
Loss: 1.307684  SIA Ef: -0.127312 Binding: 0.20 0.26 -0.13 -0.24 -0.01 0.23 -0.12 0.62 -0.25 -0.54 -0.21  Rvol: 0.57 1.05 1.47 -0.33 -0.31 0.01 0.36 0.14 0.74 1.30 1.71 -0.28 -0.11 0.21 0.59 
Loss: 1.304680  SIA Ef: -0.115388 Binding: 0.20 0.26 -0.12 -0.24 -0.02 0.22 -0.12 0.62 -0.25 -0.54 -0.21  Rvol: 0.57 1.05 1.48 -0.33 -0.31 0.01 0.36 0.14 0.74 1.31 1.72 -0.28 -0.11 0.21 0.59 
Loss: 1.303101  SIA Ef: -0.104799 Binding: 0.20 0.26 -0.11 -0.24 -0.02 0.22 -0.12 0.61 -0.26 -0.54 -0.22  Rvol: 0.57 1.05 1.48 -0.33 -0.31 0.01 0.36 0.14 0.74 1.31 1.72 -0.28 -0.11 0.21 0.59 
Loss: 1.302477  SIA Ef: -0.095536 Binding: 0.19 0.26 -0.10 -0.24 -0.03 0.22 -0.12 0.61 -0.26 -0.55 -0.22  Rvol: 0.57 1.06 1.48 -0.33 -0.31 0.01 0.36 0.14 0.74 1.31 1.72 -0.28 -0.11 0.21 0.59 
Loss: 1.302731  SIA Ef: -0.099587 Binding: 0.19 0.26 -0.10 -0.24 -0.03 0.22 -0.12 0.61 -0.26 -0.55 -0.22  Rvol: 0.57 1.05 1.48 -0.33 -0.31 0.01 0.36 0.14 0.74 1.31 1.72 -0.28 -0.11 0.21 0.59 
Loss: 1.301019  SIA Ef: -0.089913 Binding: 0.19 0.25 -0.09 -0.24 -0.03 0.22 -0.12 0.61 -0.26 -0.55 -0.22  Rvol: 0.57 1.06 1.48 -0.33 -0.31 0.01 0.36 0.14 0.74 1.31 1.72 -0.28 -0.12 0.21 0.59 
Loss: 1.300289  SIA Ef: -0.078390 Binding: 0.19 0.26 -0.09 -0.24 -0.03 0.22 -0.12 0.61 -0.26 -0.54 -0.22  Rvol: 0.57 1.06 1.48 -0.33 -0.31 0.01 0.36 0.14 0.74 1.31 1.72 -0.28 -0.11 0.21 0.59 
Loss: 1.300159  SIA Ef: -0.077619 Binding: 0.19 0.26 -0.09 -0.24 -0.03 0.22 -0.12 0.62 -0.26 -0.54 -0.22  Rvol: 0.57 1.06 1.48 -0.33 -0.31 0.01 0.36 0.14 0.74 1.31 1.72 -0.28 -0.11 0.21 0.59 
Loss: 1.299242  SIA Ef: -0.067444 Binding: 0.19 0.25 -0.08 -0.24 -0.03 0.22 -0.12 0.62 -0.26 -0.54 -0.22  Rvol: 0.57 1.06 1.48 -0.33 -0.31 0.01 0.36 0.14 0.74 1.31 1.72 -0.28 -0.11 0.21 0.59 
Loss: 1.298778  SIA Ef: -0.064278 Binding: 0.19 0.25 -0.08 -0.23 -0.03 0.22 -0.12 0.61 -0.27 -0.55 -0.22  Rvol: 0.57 1.06 1.48 -0.33 -0.31 0.01 0.36 0.14 0.74 1.31 1.72 -0.28 -0.11 0.21 0.59 
Loss: 1.296863  SIA Ef: -0.073431 Binding: 0.19 0.25 -0.09 -0.23 -0.03 0.22 -0.12 0.61 -0.26 -0.55 -0.22  Rvol: 0.57 1.06 1.48 -0.33 -0.31 0.01 0.36 0.14 0.74 1.31 1.72 -0.28 -0.11 0.21 0.59 
Loss: 1.295795  SIA Ef: -0.074949 Binding: 0.19 0.25 -0.08 -0.23 -0.03 0.22 -0.12 0.61 -0.26 -0.55 -0.22  Rvol: 0.57 1.06 1.48 -0.33 -0.31 0.01 0.36 0.14 0.74 1.31 1.72 -0.28 -0.11 0.21 0.59 
Loss: 1.291978  SIA Ef: -0.087373 Binding: 0.19 0.25 -0.10 -0.23 -0.02 0.22 -0.12 0.61 -0.26 -0.55 -0.22  Rvol: 0.57 1.06 1.48 -0.33 -0.31 0.01 0.36 0.14 0.74 1.31 1.72 -0.28 -0.11 0.21 0.59 
Loss: 1.289500  SIA Ef: -0.102509 Binding: 0.19 0.25 -0.11 -0.23 -0.01 0.22 -0.12 0.61 -0.25 -0.54 -0.22  Rvol: 0.57 1.05 1.48 -0.33 -0.31 0.01 0.36 0.14 0.74 1.31 1.72 -0.28 -0.11 0.21 0.59 
Loss: 1.289618  SIA Ef: -0.114547 Binding: 0.20 0.25 -0.12 -0.23 -0.01 0.22 -0.12 0.61 -0.25 -0.54 -0.22  Rvol: 0.57 1.05 1.47 -0.33 -0.31 0.01 0.36 0.14 0.74 1.30 1.71 -0.28 -0.11 0.21 0.59 
Loss: 1.289260  SIA Ef: -0.105507 Binding: 0.19 0.25 -0.11 -0.23 -0.02 0.22 -0.12 0.61 -0.25 -0.54 -0.22  Rvol: 0.57 1.05 1.47 -0.33 -0.31 0.01 0.36 0.14 0.74 1.31 1.72 -0.28 -0.11 0.21 0.59 
Loss: 1.288602  SIA Ef: -0.116822 Binding: 0.20 0.25 -0.12 -0.23 -0.01 0.22 -0.12 0.61 -0.25 -0.54 -0.22  Rvol: 0.57 1.05 1.47 -0.33 -0.31 0.01 0.36 0.14 0.74 1.30 1.71 -0.28 -0.11 0.21 0.59 
Loss: 1.288730  SIA Ef: -0.128956 Binding: 0.19 0.25 -0.12 -0.23 -0.01 0.22 -0.12 0.61 -0.25 -0.54 -0.22  Rvol: 0.57 1.05 1.47 -0.33 -0.31 0.01 0.36 0.14 0.74 1.30 1.71 -0.28 -0.11 0.21 0.59 
Loss: 1.288369  SIA Ef: -0.116156 Binding: 0.19 0.25 -0.12 -0.23 -0.01 0.22 -0.12 0.61 -0.25 -0.54 -0.22  Rvol: 0.57 1.05 1.47 -0.33 -0.31 0.01 0.36 0.14 0.74 1.30 1.71 -0.28 -0.11 0.21 0.59 
Loss: 1.289122  SIA Ef: -0.127228 Binding: 0.20 0.25 -0.12 -0.23 -0.01 0.23 -0.12 0.61 -0.25 -0.54 -0.22  Rvol: 0.57 1.05 1.47 -0.33 -0.31 0.01 0.36 0.14 0.74 1.30 1.71 -0.28 -0.11 0.21 0.59 
Loss: 1.288794  SIA Ef: -0.118830 Binding: 0.19 0.25 -0.12 -0.23 -0.01 0.22 -0.12 0.61 -0.25 -0.54 -0.22  Rvol: 0.57 1.05 1.47 -0.33 -0.31 0.01 0.36 0.14 0.74 1.30 1.71 -0.28 -0.11 0.21 0.59 
Loss: 1.285116  SIA Ef: -0.106246 Binding: 0.19 0.25 -0.11 -0.23 -0.01 0.22 -0.12 0.61 -0.25 -0.54 -0.22  Rvol: 0.57 1.05 1.47 -0.33 -0.31 0.01 0.36 0.14 0.74 1.30 1.72 -0.28 -0.11 0.21 0.59 
Loss: 1.282621  SIA Ef: -0.101354 Binding: 0.19 0.25 -0.10 -0.23 -0.01 0.22 -0.12 0.61 -0.25 -0.54 -0.22  Rvol: 0.57 1.05 1.47 -0.33 -0.31 0.01 0.36 0.14 0.74 1.31 1.72 -0.28 -0.11 0.21 0.59 
Loss: 1.280087  SIA Ef: -0.097206 Binding: 0.19 0.25 -0.10 -0.23 -0.01 0.22 -0.12 0.61 -0.25 -0.54 -0.22  Rvol: 0.57 1.05 1.47 -0.33 -0.31 0.01 0.36 0.14 0.74 1.31 1.72 -0.28 -0.11 0.21 0.59 
Loss: 1.277722  SIA Ef: -0.085292 Binding: 0.19 0.24 -0.09 -0.23 -0.02 0.22 -0.12 0.61 -0.26 -0.54 -0.22  Rvol: 0.57 1.05 1.48 -0.33 -0.31 0.01 0.36 0.14 0.74 1.31 1.72 -0.28 -0.11 0.21 0.59 
Loss: 1.275955  SIA Ef: -0.082274 Binding: 0.19 0.24 -0.09 -0.23 -0.02 0.22 -0.12 0.61 -0.26 -0.54 -0.22  Rvol: 0.57 1.05 1.48 -0.33 -0.31 0.01 0.36 0.14 0.74 1.31 1.72 -0.28 -0.11 0.21 0.59 
Loss: 1.274038  SIA Ef: -0.079541 Binding: 0.19 0.24 -0.09 -0.23 -0.02 0.22 -0.12 0.61 -0.25 -0.54 -0.22  Rvol: 0.57 1.05 1.48 -0.33 -0.31 0.01 0.36 0.14 0.74 1.31 1.72 -0.28 -0.11 0.21 0.59 
Loss: 1.268223  SIA Ef: -0.084831 Binding: 0.19 0.24 -0.09 -0.23 -0.02 0.23 -0.12 0.61 -0.25 -0.54 -0.22  Rvol: 0.57 1.05 1.48 -0.33 -0.31 0.01 0.36 0.14 0.74 1.31 1.72 -0.28 -0.11 0.21 0.59 
Loss: 1.266916  SIA Ef: -0.080318 Binding: 0.19 0.24 -0.10 -0.23 -0.01 0.23 -0.12 0.61 -0.25 -0.54 -0.22  Rvol: 0.57 1.05 1.48 -0.33 -0.31 0.01 0.36 0.14 0.74 1.31 1.72 -0.28 -0.11 0.21 0.59 
Loss: 1.265276  SIA Ef: -0.092244 Binding: 0.19 0.24 -0.11 -0.23 -0.01 0.23 -0.12 0.61 -0.25 -0.53 -0.22  Rvol: 0.57 1.05 1.47 -0.33 -0.31 0.01 0.36 0.14 0.74 1.30 1.71 -0.28 -0.11 0.21 0.59 
Loss: 1.264613  SIA Ef: -0.089180 Binding: 0.19 0.24 -0.10 -0.23 -0.01 0.23 -0.11 0.61 -0.25 -0.54 -0.22  Rvol: 0.57 1.05 1.47 -0.33 -0.31 0.01 0.36 0.14 0.74 1.31 1.72 -0.28 -0.11 0.21 0.59 
Loss: 1.265027  SIA Ef: -0.083579 Binding: 0.19 0.24 -0.10 -0.23 -0.01 0.23 -0.11 0.61 -0.25 -0.53 -0.22  Rvol: 0.57 1.05 1.47 -0.33 -0.30 0.01 0.36 0.14 0.74 1.31 1.72 -0.28 -0.11 0.21 0.59 
Loss: 1.263394  SIA Ef: -0.102681 Binding: 0.19 0.24 -0.10 -0.23 -0.01 0.23 -0.11 0.61 -0.25 -0.53 -0.22  Rvol: 0.57 1.05 1.47 -0.33 -0.31 0.01 0.36 0.14 0.74 1.30 1.71 -0.28 -0.11 0.21 0.59 
Loss: 1.263362  SIA Ef: -0.102814 Binding: 0.19 0.24 -0.10 -0.23 -0.01 0.23 -0.11 0.61 -0.25 -0.53 -0.22  Rvol: 0.57 1.05 1.47 -0.33 -0.31 0.01 0.36 0.14 0.74 1.30 1.71 -0.28 -0.11 0.21 0.59 
Loss: 1.262752  SIA Ef: -0.110180 Binding: 0.19 0.24 -0.11 -0.23 -0.00 0.23 -0.11 0.61 -0.24 -0.53 -0.22  Rvol: 0.57 1.05 1.47 -0.33 -0.31 0.01 0.36 0.14 0.74 1.30 1.71 -0.28 -0.11 0.21 0.59 
Loss: 1.263877  SIA Ef: -0.117904 Binding: 0.19 0.24 -0.11 -0.23 -0.00 0.23 -0.11 0.61 -0.24 -0.53 -0.22  Rvol: 0.57 1.05 1.47 -0.33 -0.31 0.01 0.36 0.14 0.74 1.30 1.71 -0.28 -0.11 0.21 0.59 
Loss: 1.260838  SIA Ef: -0.107790 Binding: 0.19 0.24 -0.11 -0.23 -0.00 0.23 -0.11 0.61 -0.24 -0.53 -0.21  Rvol: 0.57 1.05 1.47 -0.33 -0.31 0.01 0.36 0.14 0.74 1.30 1.71 -0.28 -0.11 0.21 0.59 
Loss: 1.258238  SIA Ef: -0.104066 Binding: 0.19 0.24 -0.10 -0.23 -0.01 0.23 -0.11 0.61 -0.24 -0.53 -0.22  Rvol: 0.57 1.05 1.47 -0.33 -0.30 0.01 0.36 0.14 0.74 1.30 1.71 -0.28 -0.11 0.21 0.59 
Loss: 1.255407  SIA Ef: -0.102244 Binding: 0.19 0.24 -0.10 -0.23 -0.01 0.23 -0.11 0.61 -0.24 -0.53 -0.22  Rvol: 0.57 1.05 1.47 -0.33 -0.30 0.01 0.36 0.14 0.74 1.30 1.71 -0.28 -0.11 0.21 0.59 
Loss: 1.252610  SIA Ef: -0.105838 Binding: 0.19 0.23 -0.11 -0.23 -0.00 0.23 -0.11 0.61 -0.24 -0.53 -0.22  Rvol: 0.57 1.05 1.47 -0.33 -0.30 0.01 0.36 0.14 0.74 1.30 1.71 -0.28 -0.11 0.21 0.59 
Loss: 1.249981  SIA Ef: -0.103680 Binding: 0.19 0.23 -0.10 -0.23 -0.01 0.23 -0.11 0.61 -0.24 -0.53 -0.22  Rvol: 0.57 1.05 1.47 -0.33 -0.30 0.01 0.36 0.14 0.74 1.30 1.71 -0.28 -0.11 0.21 0.59 
Loss: 1.247611  SIA Ef: -0.106310 Binding: 0.19 0.23 -0.10 -0.23 -0.01 0.23 -0.11 0.61 -0.24 -0.53 -0.22  Rvol: 0.57 1.05 1.47 -0.33 -0.30 0.01 0.36 0.14 0.74 1.30 1.71 -0.28 -0.11 0.21 0.59 
Loss: 1.248673  SIA Ef: -0.100382 Binding: 0.18 0.23 -0.10 -0.23 -0.01 0.23 -0.11 0.61 -0.25 -0.53 -0.22  Rvol: 0.57 1.05 1.47 -0.33 -0.30 0.01 0.36 0.14 0.74 1.30 1.71 -0.28 -0.11 0.21 0.59 
Loss: 1.247682  SIA Ef: -0.106856 Binding: 0.18 0.23 -0.09 -0.23 -0.01 0.23 -0.11 0.61 -0.25 -0.53 -0.22  Rvol: 0.57 1.05 1.47 -0.33 -0.30 0.01 0.36 0.14 0.74 1.30 1.71 -0.28 -0.11 0.21 0.59 
Loss: 1.248163  SIA Ef: -0.120748 Binding: 0.19 0.23 -0.12 -0.22 0.00 0.23 -0.11 0.61 -0.24 -0.53 -0.22  Rvol: 0.57 1.05 1.47 -0.33 -0.30 0.01 0.36 0.14 0.74 1.30 1.71 -0.28 -0.11 0.21 0.59 
Loss: 1.247602  SIA Ef: -0.105442 Binding: 0.19 0.23 -0.10 -0.22 -0.00 0.23 -0.11 0.61 -0.24 -0.53 -0.22  Rvol: 0.57 1.05 1.47 -0.33 -0.30 0.01 0.36 0.14 0.74 1.30 1.71 -0.28 -0.11 0.21 0.59 
Loss: 1.247116  SIA Ef: -0.093298 Binding: 0.19 0.23 -0.10 -0.22 -0.00 0.23 -0.11 0.61 -0.24 -0.53 -0.22  Rvol: 0.57 1.05 1.47 -0.33 -0.30 0.01 0.36 0.14 0.74 1.30 1.71 -0.28 -0.11 0.21 0.59 
Loss: 1.247147  SIA Ef: -0.093370 Binding: 0.19 0.23 -0.10 -0.22 -0.00 0.23 -0.11 0.61 -0.24 -0.53 -0.22  Rvol: 0.57 1.05 1.47 -0.33 -0.30 0.01 0.36 0.14 0.74 1.30 1.71 -0.28 -0.11 0.21 0.59 
Loss: 1.247159  SIA Ef: -0.098293 Binding: 0.19 0.23 -0.10 -0.22 -0.00 0.23 -0.11 0.61 -0.24 -0.53 -0.22  Rvol: 0.57 1.05 1.47 -0.33 -0.30 0.01 0.36 0.14 0.74 1.30 1.71 -0.28 -0.11 0.21 0.59 
Loss: 1.247081  SIA Ef: -0.101704 Binding: 0.19 0.23 -0.11 -0.22 0.00 0.23 -0.11 0.61 -0.24 -0.53 -0.22  Rvol: 0.57 1.05 1.47 -0.33 -0.30 0.01 0.36 0.14 0.74 1.30 1.71 -0.28 -0.11 0.21 0.59 
Loss: 1.247209  SIA Ef: -0.104663 Binding: 0.19 0.24 -0.11 -0.22 0.00 0.23 -0.11 0.61 -0.24 -0.53 -0.21  Rvol: 0.57 1.05 1.47 -0.33 -0.30 0.01 0.36 0.14 0.74 1.30 1.71 -0.28 -0.11 0.21 0.59 
Loss: 1.247430  SIA Ef: -0.103905 Binding: 0.19 0.23 -0.11 -0.22 0.00 0.23 -0.11 0.61 -0.24 -0.53 -0.22  Rvol: 0.57 1.05 1.47 -0.33 -0.30 0.01 0.36 0.14 0.74 1.30 1.71 -0.28 -0.11 0.21 0.59 
Loss: 1.246780  SIA Ef: -0.105104 Binding: 0.19 0.23 -0.11 -0.22 0.00 0.23 -0.11 0.62 -0.24 -0.53 -0.22  Rvol: 0.57 1.05 1.47 -0.33 -0.30 0.01 0.36 0.14 0.74 1.30 1.71 -0.28 -0.11 0.21 0.59 
Loss: 1.247483  SIA Ef: -0.101111 Binding: 0.19 0.24 -0.11 -0.22 0.00 0.23 -0.11 0.62 -0.24 -0.53 -0.21  Rvol: 0.57 1.05 1.47 -0.33 -0.30 0.01 0.36 0.14 0.74 1.30 1.71 -0.28 -0.11 0.21 0.59 
Loss: 1.246450  SIA Ef: -0.101355 Binding: 0.19 0.23 -0.10 -0.22 0.00 0.23 -0.11 0.62 -0.24 -0.53 -0.22  Rvol: 0.57 1.05 1.47 -0.33 -0.30 0.01 0.36 0.14 0.74 1.30 1.71 -0.28 -0.11 0.21 0.59 
Loss: 1.245021  SIA Ef: -0.097824 Binding: 0.19 0.23 -0.10 -0.22 0.00 0.23 -0.11 0.62 -0.24 -0.53 -0.22  Rvol: 0.57 1.05 1.47 -0.33 -0.30 0.01 0.36 0.14 0.74 1.30 1.71 -0.28 -0.11 0.21 0.59 
Loss: 1.247361  SIA Ef: -0.094252 Binding: 0.19 0.23 -0.10 -0.22 -0.00 0.23 -0.11 0.62 -0.24 -0.53 -0.22  Rvol: 0.57 1.05 1.47 -0.33 -0.30 0.01 0.36 0.14 0.74 1.30 1.71 -0.28 -0.11 0.21 0.59 
Loss: 1.245112  SIA Ef: -0.097505 Binding: 0.19 0.23 -0.10 -0.22 0.00 0.23 -0.11 0.62 -0.24 -0.53 -0.21  Rvol: 0.57 1.05 1.47 -0.33 -0.30 0.01 0.36 0.14 0.74 1.30 1.71 -0.28 -0.11 0.21 0.59 
Loss: 1.247364  SIA Ef: -0.094367 Binding: 0.19 0.23 -0.10 -0.22 -0.00 0.23 -0.11 0.62 -0.24 -0.53 -0.22  Rvol: 0.57 1.05 1.47 -0.33 -0.30 0.01 0.36 0.14 0.74 1.30 1.71 -0.28 -0.11 0.21 0.59 
Loss: 1.245042  SIA Ef: -0.095943 Binding: 0.19 0.23 -0.10 -0.22 0.00 0.23 -0.11 0.62 -0.24 -0.53 -0.22  Rvol: 0.57 1.05 1.47 -0.33 -0.30 0.01 0.36 0.14 0.74 1.30 1.71 -0.28 -0.11 0.21 0.59 
Loss: 1.247348  SIA Ef: -0.094602 Binding: 0.19 0.23 -0.10 -0.22 -0.00 0.23 -0.11 0.62 -0.24 -0.53 -0.22  Rvol: 0.57 1.05 1.47 -0.33 -0.30 0.01 0.36 0.14 0.74 1.30 1.71 -0.28 -0.11 0.21 0.59 
Loss: 1.245031  SIA Ef: -0.096711 Binding: 0.19 0.23 -0.10 -0.22 0.00 0.23 -0.11 0.62 -0.24 -0.53 -0.22  Rvol: 0.57 1.05 1.47 -0.33 -0.30 0.01 0.36 0.14 0.74 1.30 1.71 -0.28 -0.11 0.21 0.59 
Loss: 1.247356  SIA Ef: -0.094638 Binding: 0.19 0.23 -0.10 -0.22 -0.00 0.23 -0.11 0.62 -0.24 -0.53 -0.22  Rvol: 0.57 1.05 1.47 -0.33 -0.30 0.01 0.36 0.14 0.74 1.30 1.71 -0.28 -0.11 0.21 0.59 
Loss: 1.245043  SIA Ef: -0.097541 Binding: 0.19 0.23 -0.10 -0.22 0.00 0.23 -0.11 0.62 -0.24 -0.53 -0.22  Rvol: 0.57 1.05 1.47 -0.33 -0.30 0.01 0.36 0.14 0.74 1.30 1.71 -0.28 -0.11 0.21 0.59 
Loss: 1.247352  SIA Ef: -0.094660 Binding: 0.19 0.23 -0.10 -0.22 -0.00 0.23 -0.11 0.62 -0.24 -0.53 -0.22  Rvol: 0.57 1.05 1.47 -0.33 -0.30 0.01 0.36 0.14 0.74 1.30 1.71 -0.28 -0.11 0.21 0.59 
Loss: 1.245020  SIA Ef: -0.097986 Binding: 0.19 0.23 -0.10 -0.22 -0.00 0.23 -0.11 0.62 -0.24 -0.53 -0.22  Rvol: 0.57 1.05 1.47 -0.33 -0.30 0.01 0.36 0.14 0.74 1.30 1.71 -0.28 -0.11 0.21 0.59 
Loss: 1.247347  SIA Ef: -0.094822 Binding: 0.19 0.23 -0.10 -0.22 -0.00 0.23 -0.11 0.62 -0.24 -0.53 -0.22  Rvol: 0.57 1.05 1.47 -0.33 -0.30 0.01 0.36 0.14 0.74 1.30 1.71 -0.28 -0.11 0.21 0.59 
Loss: 1.244990  SIA Ef: -0.102396 Binding: 0.19 0.23 -0.10 -0.22 0.00 0.23 -0.11 0.62 -0.24 -0.53 -0.21  Rvol: 0.57 1.05 1.47 -0.33 -0.30 0.01 0.36 0.14 0.74 1.30 1.71 -0.28 -0.11 0.21 0.59 
Loss: 1.245423  SIA Ef: -0.100142 Binding: 0.18 0.23 -0.10 -0.22 -0.00 0.23 -0.11 0.62 -0.24 -0.53 -0.21  Rvol: 0.57 1.05 1.47 -0.33 -0.30 0.01 0.36 0.14 0.74 1.30 1.71 -0.28 -0.11 0.21 0.59 
Loss: 1.244989  SIA Ef: -0.100766 Binding: 0.19 0.23 -0.10 -0.22 0.00 0.23 -0.11 0.62 -0.24 -0.53 -0.21  Rvol: 0.57 1.05 1.47 -0.33 -0.30 0.01 0.36 0.14 0.74 1.30 1.71 -0.28 -0.11 0.21 0.59 
Loss: 1.245180  SIA Ef: -0.097625 Binding: 0.19 0.23 -0.11 -0.22 0.00 0.23 -0.11 0.62 -0.24 -0.53 -0.21  Rvol: 0.57 1.05 1.47 -0.33 -0.30 0.01 0.36 0.14 0.74 1.30 1.71 -0.28 -0.11 0.21 0.59 
Loss: 1.245112  SIA Ef: -0.096628 Binding: 0.19 0.23 -0.10 -0.22 -0.00 0.23 -0.11 0.62 -0.24 -0.53 -0.21  Rvol: 0.57 1.05 1.47 -0.33 -0.30 0.01 0.36 0.14 0.74 1.30 1.71 -0.28 -0.11 0.21 0.59 
Loss: 1.245012  SIA Ef: -0.103037 Binding: 0.19 0.23 -0.11 -0.22 0.00 0.23 -0.10 0.62 -0.24 -0.52 -0.21  Rvol: 0.57 1.05 1.47 -0.33 -0.30 0.01 0.36 0.14 0.74 1.30 1.71 -0.28 -0.11 0.21 0.59 
Loss: 1.245637  SIA Ef: -0.104322 Binding: 0.19 0.23 -0.11 -0.22 0.00 0.23 -0.11 0.62 -0.24 -0.53 -0.21  Rvol: 0.57 1.05 1.47 -0.33 -0.30 0.01 0.36 0.14 0.74 1.30 1.71 -0.28 -0.11 0.21 0.59 
Loss: 1.244844  SIA Ef: -0.101078 Binding: 0.19 0.23 -0.11 -0.22 0.00 0.23 -0.11 0.62 -0.24 -0.53 -0.21  Rvol: 0.57 1.05 1.47 -0.33 -0.30 0.01 0.36 0.14 0.74 1.30 1.71 -0.28 -0.11 0.21 0.59 
Loss: 1.244103  SIA Ef: -0.099647 Binding: 0.19 0.23 -0.10 -0.22 0.00 0.23 -0.11 0.61 -0.24 -0.53 -0.22  Rvol: 0.57 1.05 1.47 -0.33 -0.30 0.01 0.36 0.14 0.74 1.30 1.71 -0.28 -0.11 0.21 0.59 
Loss: 1.247123  SIA Ef: -0.098266 Binding: 0.19 0.23 -0.10 -0.22 -0.00 0.23 -0.11 0.61 -0.24 -0.53 -0.22  Rvol: 0.57 1.05 1.47 -0.33 -0.30 0.01 0.36 0.14 0.74 1.30 1.71 -0.28 -0.11 0.21 0.59 
Loss: 1.244116  SIA Ef: -0.100631 Binding: 0.19 0.23 -0.10 -0.22 -0.00 0.23 -0.11 0.61 -0.24 -0.53 -0.22  Rvol: 0.57 1.05 1.47 -0.33 -0.30 0.01 0.36 0.14 0.74 1.30 1.71 -0.28 -0.11 0.21 0.59 
Loss: 1.247127  SIA Ef: -0.098190 Binding: 0.19 0.23 -0.10 -0.22 -0.00 0.23 -0.11 0.61 -0.24 -0.53 -0.22  Rvol: 0.57 1.05 1.47 -0.33 -0.30 0.01 0.36 0.14 0.74 1.30 1.71 -0.28 -0.11 0.21 0.59 
Loss: 1.244094  SIA Ef: -0.099795 Binding: 0.19 0.23 -0.10 -0.22 -0.00 0.23 -0.11 0.61 -0.24 -0.53 -0.22  Rvol: 0.57 1.05 1.47 -0.33 -0.30 0.01 0.36 0.14 0.74 1.30 1.71 -0.28 -0.11 0.21 0.59 
Loss: 1.247120  SIA Ef: -0.098345 Binding: 0.19 0.23 -0.10 -0.22 -0.00 0.23 -0.11 0.61 -0.24 -0.53 -0.22  Rvol: 0.57 1.05 1.47 -0.33 -0.30 0.01 0.36 0.14 0.74 1.30 1.71 -0.28 -0.11 0.21 0.59 
Loss: 1.244093  SIA Ef: -0.099822 Binding: 0.19 0.23 -0.10 -0.22 -0.00 0.23 -0.11 0.61 -0.24 -0.53 -0.21  Rvol: 0.57 1.05 1.47 -0.33 -0.30 0.01 0.36 0.14 0.74 1.30 1.71 -0.28 -0.11 0.21 0.59 
Loss: 1.244319  SIA Ef: -0.102115 Binding: 0.19 0.23 -0.11 -0.22 0.00 0.23 -0.11 0.61 -0.24 -0.53 -0.22  Rvol: 0.57 1.05 1.47 -0.33 -0.30 0.01 0.36 0.14 0.74 1.30 1.71 -0.28 -0.11 0.21 0.59 
Loss: 1.244098  SIA Ef: -0.100884 Binding: 0.19 0.23 -0.10 -0.22 -0.00 0.23 -0.11 0.61 -0.24 -0.53 -0.21  Rvol: 0.57 1.05 1.47 -0.33 -0.30 0.01 0.36 0.14 0.74 1.30 1.71 -0.28 -0.11 0.21 0.59 
Loss: 1.244362  SIA Ef: -0.101666 Binding: 0.19 0.23 -0.10 -0.22 -0.00 0.23 -0.11 0.61 -0.24 -0.53 -0.22  Rvol: 0.57 1.05 1.47 -0.33 -0.30 0.01 0.36 0.14 0.74 1.30 1.71 -0.28 -0.11 0.21 0.59 
Loss: 1.244113  SIA Ef: -0.101545 Binding: 0.19 0.23 -0.10 -0.22 0.00 0.23 -0.11 0.62 -0.24 -0.53 -0.21  Rvol: 0.57 1.05 1.47 -0.33 -0.30 0.01 0.36 0.14 0.74 1.30 1.71 -0.28 -0.11 0.21 0.59 
Loss: 1.244147  SIA Ef: -0.101066 Binding: 0.19 0.23 -0.11 -0.22 0.00 0.23 -0.11 0.62 -0.24 -0.53 -0.21  Rvol: 0.57 1.05 1.47 -0.33 -0.30 0.01 0.36 0.14 0.74 1.30 1.71 -0.28 -0.11 0.21 0.59 
Loss: 1.244381  SIA Ef: -0.095971 Binding: 0.19 0.23 -0.10 -0.22 -0.00 0.23 -0.11 0.61 -0.24 -0.53 -0.21  Rvol: 0.57 1.05 1.47 -0.33 -0.30 0.01 0.36 0.14 0.74 1.30 1.71 -0.28 -0.11 0.21 0.59 
Loss: 1.244368  SIA Ef: -0.100644 Binding: 0.19 0.23 -0.10 -0.22 0.00 0.23 -0.11 0.62 -0.24 -0.53 -0.21  Rvol: 0.57 1.05 1.47 -0.33 -0.30 0.01 0.36 0.14 0.74 1.30 1.71 -0.28 -0.11 0.21 0.59 
Loss: 1.247480  SIA Ef: -0.099020 Binding: 0.19 0.23 -0.10 -0.22 -0.00 0.23 -0.11 0.61 -0.24 -0.53 -0.22  Rvol: 0.57 1.05 1.47 -0.33 -0.30 0.01 0.36 0.14 0.74 1.30 1.71 -0.28 -0.11 0.21 0.59 
Loss: 1.244145  SIA Ef: -0.100296 Binding: 0.19 0.23 -0.10 -0.22 0.00 0.23 -0.11 0.61 -0.24 -0.53 -0.22  Rvol: 0.57 1.05 1.47 -0.33 -0.30 0.01 0.36 0.14 0.74 1.30 1.71 -0.28 -0.11 0.21 0.59 
Loss: 1.244100  SIA Ef: -0.100221 Binding: 0.19 0.23 -0.10 -0.22 -0.00 0.23 -0.11 0.61 -0.24 -0.53 -0.22  Rvol: 0.57 1.05 1.47 -0.33 -0.30 0.01 0.36 0.14 0.74 1.30 1.71 -0.28 -0.11 0.21 0.59 
Loss: 1.244187  SIA Ef: -0.099515 Binding: 0.19 0.23 -0.10 -0.22 -0.00 0.23 -0.11 0.61 -0.24 -0.53 -0.21  Rvol: 0.57 1.05 1.47 -0.33 -0.30 0.01 0.36 0.14 0.74 1.30 1.71 -0.28 -0.11 0.21 0.59 
Loss: 1.244104  SIA Ef: -0.099711 Binding: 0.19 0.23 -0.10 -0.22 -0.00 0.23 -0.11 0.61 -0.24 -0.53 -0.22  Rvol: 0.57 1.05 1.47 -0.33 -0.30 0.01 0.36 0.14 0.74 1.30 1.71 -0.28 -0.11 0.21 0.59 
Loss: 1.244204  SIA Ef: -0.100189 Binding: 0.19 0.23 -0.10 -0.22 -0.00 0.23 -0.11 0.62 -0.24 -0.53 -0.21  Rvol: 0.57 1.05 1.47 -0.33 -0.30 0.01 0.36 0.14 0.74 1.30 1.71 -0.28 -0.11 0.21 0.59 
Loss: 1.244094  SIA Ef: -0.099619 Binding: 0.19 0.23 -0.10 -0.22 -0.00 0.23 -0.11 0.61 -0.24 -0.53 -0.21  Rvol: 0.57 1.05 1.47 -0.33 -0.30 0.01 0.36 0.14 0.74 1.30 1.71 -0.28 -0.11 0.21 0.59 
Loss: 1.243954  SIA Ef: -0.099501 Binding: 0.19 0.23 -0.10 -0.22 -0.00 0.23 -0.11 0.61 -0.24 -0.53 -0.22  Rvol: 0.57 1.05 1.47 -0.33 -0.30 0.01 0.36 0.14 0.74 1.30 1.71 -0.28 -0.11 0.21 0.59 
Loss: 1.243808  SIA Ef: -0.099221 Binding: 0.19 0.23 -0.10 -0.22 -0.00 0.23 -0.11 0.61 -0.24 -0.53 -0.22  Rvol: 0.57 1.05 1.47 -0.33 -0.30 0.01 0.36 0.14 0.74 1.30 1.71 -0.28 -0.11 0.21 0.59 
Loss: 1.247414  SIA Ef: -0.098967 Binding: 0.19 0.23 -0.10 -0.22 -0.00 0.23 -0.11 0.61 -0.24 -0.53 -0.22  Rvol: 0.57 1.05 1.47 -0.33 -0.30 0.01 0.36 0.14 0.74 1.30 1.71 -0.28 -0.11 0.21 0.59 
Loss: 1.243813  SIA Ef: -0.099196 Binding: 0.19 0.23 -0.10 -0.22 -0.00 0.23 -0.11 0.61 -0.24 -0.53 -0.21  Rvol: 0.57 1.05 1.47 -0.33 -0.30 0.01 0.36 0.14 0.74 1.30 1.71 -0.28 -0.11 0.21 0.59 
Loss: 1.243856  SIA Ef: -0.099408 Binding: 0.19 0.23 -0.10 -0.22 -0.00 0.23 -0.11 0.62 -0.24 -0.53 -0.21  Rvol: 0.57 1.05 1.47 -0.33 -0.30 0.01 0.36 0.14 0.74 1.30 1.71 -0.28 -0.11 0.21 0.59 
Loss: 1.243818  SIA Ef: -0.098872 Binding: 0.19 0.23 -0.10 -0.22 -0.00 0.23 -0.11 0.61 -0.24 -0.53 -0.22  Rvol: 0.57 1.05 1.47 -0.33 -0.30 0.01 0.36 0.14 0.74 1.30 1.71 -0.28 -0.11 0.21 0.59 
Loss: 1.243825  SIA Ef: -0.098736 Binding: 0.19 0.23 -0.10 -0.22 -0.00 0.23 -0.11 0.61 -0.24 -0.53 -0.21  Rvol: 0.57 1.05 1.47 -0.33 -0.30 0.01 0.36 0.14 0.74 1.30 1.71 -0.28 -0.11 0.21 0.59 
Loss: 1.243808  SIA Ef: -0.098987 Binding: 0.19 0.23 -0.10 -0.22 -0.00 0.23 -0.11 0.61 -0.24 -0.53 -0.22  Rvol: 0.57 1.05 1.47 -0.33 -0.30 0.01 0.36 0.14 0.74 1.30 1.71 -0.28 -0.11 0.21 0.59 
Loss: 1.247557  SIA Ef: -0.098651 Binding: 0.19 0.23 -0.10 -0.22 -0.00 0.23 -0.11 0.61 -0.24 -0.53 -0.22  Rvol: 0.57 1.05 1.47 -0.33 -0.30 0.01 0.36 0.14 0.74 1.30 1.71 -0.28 -0.11 0.21 0.59 
Loss: 1.243806  SIA Ef: -0.099046 Binding: 0.19 0.23 -0.10 -0.22 -0.00 0.23 -0.11 0.61 -0.24 -0.53 -0.21  Rvol: 0.57 1.05 1.47 -0.33 -0.30 0.01 0.36 0.14 0.74 1.30 1.71 -0.28 -0.11 0.21 0.59 
Loss: 1.243809  SIA Ef: -0.099340 Binding: 0.19 0.23 -0.10 -0.22 0.00 0.23 -0.11 0.61 -0.24 -0.53 -0.22  Rvol: 0.57 1.05 1.47 -0.33 -0.30 0.01 0.36 0.14 0.74 1.30 1.71 -0.28 -0.11 0.21 0.59 
Loss: 1.243804  SIA Ef: -0.099462 Binding: 0.19 0.23 -0.10 -0.22 -0.00 0.23 -0.11 0.61 -0.24 -0.53 -0.22  Rvol: 0.57 1.05 1.47 -0.33 -0.30 0.01 0.36 0.14 0.74 1.30 1.71 -0.28 -0.11 0.21 0.59 
Loss: 1.243911  SIA Ef: -0.099931 Binding: 0.19 0.23 -0.10 -0.22 -0.00 0.23 -0.11 0.61 -0.24 -0.53 -0.21  Rvol: 0.57 1.05 1.47 -0.33 -0.30 0.01 0.36 0.14 0.74 1.30 1.71 -0.28 -0.11 0.21 0.59 
Loss: 1.243814  SIA Ef: -0.099852 Binding: 0.19 0.23 -0.10 -0.22 -0.00 0.23 -0.11 0.61 -0.24 -0.53 -0.21  Rvol: 0.57 1.05 1.47 -0.33 -0.30 0.01 0.36 0.14 0.74 1.30 1.71 -0.28 -0.11 0.21 0.59 
Loss: 1.243794  SIA Ef: -0.099218 Binding: 0.19 0.23 -0.10 -0.22 -0.00 0.23 -0.11 0.62 -0.24 -0.53 -0.21  Rvol: 0.57 1.05 1.47 -0.33 -0.30 0.01 0.36 0.14 0.74 1.30 1.71 -0.28 -0.11 0.21 0.59 
