Start Optimization 
Loss: 3.917394  SIA Ef: -0.539867 Binding: -0.64 -0.29 -0.07 -0.10 -0.33 0.10 -0.11 -0.77 -0.31 -0.91 -1.18  Rvol: 0.52 0.88 1.30 -0.33 -0.25 0.01 0.27 0.14 0.73 1.27 1.47 -0.28 -0.12 0.14 0.40 
Loss: 4.033975  SIA Ef: -0.479779 Binding: -0.63 -0.28 -0.07 -0.09 -0.32 0.08 -0.13 -0.80 -0.33 -0.94 -1.22  Rvol: 0.52 0.88 1.30 -0.33 -0.25 0.01 0.27 0.14 0.73 1.27 1.48 -0.28 -0.12 0.15 0.41 
Loss: 51.377628  SIA Ef: 4.145776 Binding: 0.78 1.60 4.27 2.26 1.50 0.13 -0.76 -0.30 -0.69 -1.03 -1.05  Rvol: 0.71 1.42 2.05 -0.33 0.03 0.43 0.83 0.14 0.94 1.64 2.27 -0.28 0.16 0.58 1.00 
Loss: 50.553279  SIA Ef: 0.025086 Binding: 0.79 0.31 -5.37 1.17 1.36 0.70 -0.39 -0.85 3.78 -0.46 -0.25  Rvol: 0.52 1.18 1.82 -0.33 -0.05 0.57 1.04 0.14 0.79 1.36 1.87 -0.28 0.25 0.59 1.08 
Loss: 219.756119  SIA Ef: 11.516860 Binding: 2.26 0.38 7.93 2.42 0.55 0.88 0.23 0.55 -0.97 -1.49 -1.73  Rvol: 1.27 2.02 2.92 -0.33 -0.19 0.02 0.47 0.14 1.37 2.57 3.34 -0.28 -0.03 0.21 0.62 
Loss: 4.754214  SIA Ef: -0.539867 Binding: -0.64 -0.29 -0.07 -0.10 -0.33 -0.47 -0.67 0.18 -0.83 -1.39 -0.68  Rvol: 0.52 0.88 1.30 -0.33 -0.25 0.01 0.27 0.14 0.75 1.35 1.59 -0.28 0.01 0.22 0.55 
Loss: 6.444088  SIA Ef: -0.539867 Binding: -0.64 -0.29 -0.07 -0.10 -0.33 0.00 -0.35 -1.34 -0.42 -1.04 -1.51  Rvol: 0.52 0.88 1.30 -0.33 -0.25 0.01 0.27 0.14 0.72 1.22 1.46 -0.28 -0.14 0.10 0.33 
Loss: 2.720232  SIA Ef: -0.539867 Binding: -0.64 -0.29 -0.07 -0.10 -0.33 0.17 0.08 -0.44 -0.23 -0.79 -0.91  Rvol: 0.52 0.88 1.30 -0.33 -0.25 0.01 0.27 0.14 0.73 1.28 1.48 -0.28 -0.12 0.16 0.42 
Loss: 4.922249  SIA Ef: -0.539867 Binding: -0.12 -0.49 -0.07 -1.01 -1.46 0.17 -0.05 0.23 -0.23 -0.69 -0.53  Rvol: 0.52 1.08 1.51 -0.33 -0.25 0.05 0.44 0.14 0.73 1.29 1.78 -0.28 -0.12 0.20 0.54 
Loss: 4.474102  SIA Ef: -0.539867 Binding: -0.48 -0.69 -0.07 -0.06 -0.53 0.17 -0.91 -0.70 -0.23 -0.83 -1.02  Rvol: 0.52 0.98 1.21 -0.33 -0.25 -0.01 0.21 0.14 0.73 1.05 1.42 -0.28 -0.12 0.14 0.37 
Loss: 2.333873  SIA Ef: -0.539867 Binding: -0.55 -0.13 -0.07 -0.07 -0.15 0.17 -0.16 -0.35 -0.23 -0.77 -0.88  Rvol: 0.52 0.88 1.30 -0.33 -0.25 0.02 0.29 0.14 0.73 1.22 1.49 -0.28 -0.12 0.17 0.44 
Loss: 285.994877  SIA Ef: -15.801378 Binding: -0.31 -0.47 -4.45 0.19 -0.54 0.16 -1.12 -0.51 2.71 -1.00 0.69  Rvol: -0.13 -0.25 -0.59 -0.33 -0.37 -0.66 -0.72 0.14 0.28 -0.22 -0.64 -0.28 -0.33 -0.62 -0.43 
Loss: 51.985026  SIA Ef: 5.134968 Binding: -0.03 -0.50 4.25 0.74 -0.57 -0.33 -0.97 -0.14 -0.82 -1.07 -1.23  Rvol: 0.89 1.57 2.21 -0.33 -0.27 -0.05 0.38 0.14 1.03 1.69 2.47 -0.28 -0.10 0.18 0.58 
Loss: 2.321145  SIA Ef: -0.551865 Binding: -0.56 -0.13 -0.07 -0.07 -0.16 0.17 -0.15 -0.34 -0.23 -0.76 -0.88  Rvol: 0.52 0.88 1.30 -0.33 -0.25 0.01 0.29 0.14 0.73 1.22 1.49 -0.28 -0.12 0.17 0.44 
Loss: 14.900377  SIA Ef: 2.146032 Binding: -0.02 0.27 2.50 1.00 0.30 0.12 -0.72 0.03 -0.60 -0.86 -0.74  Rvol: 0.63 1.18 1.65 -0.33 -0.13 0.21 0.57 0.14 0.88 1.38 1.95 -0.28 0.02 0.37 0.74 
Loss: 1.193128  SIA Ef: -0.544207 Binding: -0.56 -0.13 -0.11 -0.08 -0.15 0.39 0.29 0.17 -0.02 -0.33 -0.28  Rvol: 0.51 0.88 1.30 -0.33 -0.25 0.02 0.29 0.14 0.73 1.21 1.48 -0.28 -0.12 0.16 0.42 
Loss: 38.428240  SIA Ef: 0.463581 Binding: 0.10 -0.06 -4.46 2.12 -0.75 0.71 0.25 -0.26 3.00 -1.53 0.85  Rvol: 0.48 1.05 1.54 -0.33 -0.21 0.30 0.53 0.14 0.77 1.29 1.46 -0.28 0.04 0.25 0.69 
Loss: 1.457005  SIA Ef: -0.575405 Binding: -0.56 -0.12 -0.13 -0.08 -0.14 0.46 0.41 0.50 0.07 -0.21 -0.02  Rvol: 0.51 0.88 1.30 -0.33 -0.25 0.02 0.29 0.14 0.73 1.22 1.49 -0.28 -0.11 0.17 0.44 
Loss: 56.348829  SIA Ef: -7.125644 Binding: 0.02 -0.21 -1.77 -0.01 0.52 0.56 -0.28 -0.21 1.04 -0.22 0.23  Rvol: 0.20 0.69 0.54 -0.33 -0.28 -0.20 -0.11 0.14 0.52 0.76 0.51 -0.28 -0.24 -0.11 -0.06 
Loss: 1.178003  SIA Ef: -0.508004 Binding: -0.56 -0.14 -0.08 -0.08 -0.16 0.40 0.32 0.25 -0.01 -0.29 -0.22  Rvol: 0.52 0.88 1.31 -0.33 -0.25 0.02 0.29 0.14 0.73 1.21 1.49 -0.28 -0.12 0.16 0.42 
Loss: 47.175833  SIA Ef: 4.243702 Binding: 0.09 -0.34 4.95 1.04 -0.42 0.14 -0.43 0.47 -0.59 -0.64 -0.55  Rvol: 0.88 1.54 2.14 -0.33 -0.27 -0.09 0.29 0.14 1.05 1.63 2.35 -0.28 -0.11 0.12 0.49 
Loss: 0.932171  SIA Ef: -0.387248 Binding: -0.34 0.26 0.03 0.20 0.26 0.40 0.17 0.21 -0.03 -0.31 -0.29  Rvol: 0.52 0.89 1.30 -0.33 -0.25 0.02 0.29 0.14 0.74 1.20 1.48 -0.28 -0.12 0.16 0.42 
Loss: 16.557715  SIA Ef: 2.075313 Binding: 0.23 0.68 2.78 1.32 0.78 0.34 -0.26 0.67 -0.37 -0.40 -0.13  Rvol: 0.63 1.19 1.65 -0.33 -0.12 0.21 0.56 0.14 0.88 1.38 1.96 -0.28 0.02 0.36 0.72 
Loss: 1.227525  SIA Ef: -0.423850 Binding: -0.26 0.43 0.01 0.22 0.43 0.40 0.30 0.28 -0.03 -0.29 -0.23  Rvol: 0.52 0.89 1.31 -0.33 -0.25 0.03 0.31 0.14 0.73 1.21 1.50 -0.28 -0.12 0.17 0.44 
Loss: 62.338217  SIA Ef: -7.270393 Binding: 0.23 0.18 -2.26 0.20 0.92 0.60 -0.42 -0.23 1.44 -0.19 0.35  Rvol: 0.18 0.67 0.50 -0.33 -0.28 -0.19 -0.12 0.14 0.51 0.73 0.46 -0.28 -0.24 -0.11 -0.06 
Loss: 0.971533  SIA Ef: -0.383958 Binding: -0.32 0.30 0.02 0.20 0.30 0.40 0.18 0.22 -0.03 -0.31 -0.28  Rvol: 0.52 0.89 1.30 -0.33 -0.25 0.02 0.29 0.14 0.74 1.20 1.49 -0.28 -0.12 0.17 0.43 
Loss: 37.188203  SIA Ef: 0.576415 Binding: -0.42 0.75 -4.37 1.97 -0.39 0.73 0.79 -0.19 2.95 -1.37 0.91  Rvol: 0.48 0.89 1.48 -0.33 -0.20 0.28 0.50 0.14 0.78 1.29 1.41 -0.28 0.04 0.24 0.68 
Loss: 12.319530  SIA Ef: 2.035229 Binding: -0.13 -0.19 2.50 0.57 -0.17 0.10 -0.33 0.42 -0.44 -0.44 -0.38  Rvol: 0.70 1.23 1.74 -0.33 -0.27 -0.03 0.32 0.14 0.83 1.38 1.99 -0.28 -0.12 0.16 0.48 
Loss: 1.897856  SIA Ef: 0.096266 Binding: -0.38 0.34 -0.91 0.09 0.38 0.46 0.32 0.14 0.33 -0.25 -0.10  Rvol: 0.53 0.90 1.34 -0.33 -0.24 0.05 0.35 0.14 0.75 1.24 1.50 -0.28 -0.10 0.19 0.48 
Loss: 0.932900  SIA Ef: -0.389729 Binding: -0.34 0.26 0.03 0.20 0.26 0.40 0.17 0.21 -0.03 -0.31 -0.29  Rvol: 0.52 0.89 1.30 -0.33 -0.25 0.02 0.29 0.14 0.74 1.20 1.48 -0.28 -0.12 0.16 0.42 
Loss: 1.743179  SIA Ef: 0.404104 Binding: -0.24 0.31 0.68 0.43 0.37 0.36 0.09 0.31 -0.15 -0.33 -0.31  Rvol: 0.55 0.97 1.38 -0.33 -0.22 0.07 0.35 0.14 0.77 1.25 1.60 -0.28 -0.08 0.22 0.50 
Loss: 0.938553  SIA Ef: -0.386651 Binding: -0.34 0.26 0.03 0.20 0.26 0.38 0.14 0.14 -0.05 -0.34 -0.34  Rvol: 0.52 0.89 1.30 -0.33 -0.25 0.02 0.29 0.14 0.74 1.20 1.48 -0.28 -0.12 0.16 0.42 
Loss: 6.665940  SIA Ef: -2.056378 Binding: -0.32 0.47 -1.05 0.17 0.59 0.51 0.22 0.02 0.49 -0.24 -0.03  Rvol: 0.43 0.71 1.08 -0.33 -0.24 -0.01 0.21 0.14 0.68 1.09 1.19 -0.28 -0.14 0.12 0.32 
Loss: 0.935583  SIA Ef: -0.323522 Binding: -0.34 0.24 0.08 0.20 0.24 0.44 0.27 0.36 0.00 -0.20 -0.14  Rvol: 0.53 0.90 1.31 -0.33 -0.25 0.02 0.29 0.14 0.74 1.21 1.49 -0.28 -0.12 0.16 0.42 
Loss: 3.344101  SIA Ef: 0.874123 Binding: -0.25 -0.15 1.22 0.32 -0.26 0.25 -0.04 0.44 -0.31 -0.39 -0.19  Rvol: 0.61 1.07 1.52 -0.33 -0.26 0.00 0.32 0.14 0.79 1.31 1.74 -0.28 -0.12 0.17 0.46 
Loss: 0.926228  SIA Ef: -0.377397 Binding: -0.34 0.26 0.04 0.20 0.26 0.40 0.17 0.23 -0.03 -0.30 -0.28  Rvol: 0.52 0.89 1.30 -0.33 -0.25 0.02 0.29 0.14 0.74 1.20 1.49 -0.28 -0.12 0.17 0.43 
Loss: 3.389192  SIA Ef: 0.883683 Binding: -0.25 -0.15 1.22 0.32 -0.26 0.25 -0.03 0.46 -0.31 -0.39 -0.18  Rvol: 0.61 1.07 1.52 -0.33 -0.26 0.00 0.32 0.14 0.79 1.31 1.74 -0.28 -0.12 0.17 0.46 
Loss: 0.946942  SIA Ef: -0.222102 Binding: -0.36 0.28 -0.31 0.14 0.29 0.40 0.20 0.17 0.06 -0.31 -0.25  Rvol: 0.53 0.89 1.31 -0.33 -0.25 0.03 0.31 0.14 0.74 1.22 1.49 -0.28 -0.11 0.17 0.44 
Loss: 1.220834  SIA Ef: 0.126693 Binding: -0.36 0.31 -0.49 0.13 0.33 0.46 0.34 0.26 0.17 -0.20 -0.09  Rvol: 0.54 0.91 1.35 -0.33 -0.24 0.05 0.35 0.14 0.75 1.25 1.52 -0.28 -0.11 0.19 0.47 
Loss: 2.757232  SIA Ef: -1.223298 Binding: -0.34 0.37 -0.60 0.15 0.42 0.46 0.23 0.12 0.22 -0.27 -0.14  Rvol: 0.47 0.80 1.19 -0.33 -0.25 0.00 0.25 0.14 0.71 1.13 1.33 -0.28 -0.13 0.14 0.37 
Loss: 0.959861  SIA Ef: -0.331957 Binding: -0.31 0.31 0.07 0.24 0.32 0.40 0.16 0.23 -0.04 -0.30 -0.28  Rvol: 0.52 0.90 1.30 -0.33 -0.24 0.02 0.29 0.14 0.74 1.20 1.49 -0.28 -0.11 0.17 0.43 
Loss: 0.991723  SIA Ef: -0.032747 Binding: -0.30 0.27 0.31 0.29 0.30 0.38 0.14 0.26 -0.09 -0.32 -0.30  Rvol: 0.53 0.93 1.33 -0.33 -0.23 0.04 0.32 0.14 0.75 1.23 1.54 -0.28 -0.10 0.19 0.46 
Loss: 0.873264  SIA Ef: -0.325235 Binding: -0.35 0.24 0.00 0.19 0.24 0.40 0.17 0.23 -0.02 -0.30 -0.27  Rvol: 0.52 0.90 1.30 -0.33 -0.25 0.02 0.29 0.14 0.74 1.21 1.49 -0.28 -0.11 0.17 0.43 
Loss: 0.881841  SIA Ef: -0.058704 Binding: -0.36 0.27 -0.23 0.16 0.28 0.43 0.26 0.25 0.06 -0.25 -0.18  Rvol: 0.53 0.91 1.33 -0.33 -0.24 0.04 0.32 0.14 0.75 1.23 1.51 -0.28 -0.11 0.18 0.45 
Loss: 0.865384  SIA Ef: -0.320945 Binding: -0.35 0.24 0.01 0.19 0.24 0.41 0.17 0.23 -0.02 -0.29 -0.26  Rvol: 0.52 0.90 1.30 -0.33 -0.25 0.02 0.29 0.14 0.74 1.21 1.49 -0.28 -0.11 0.17 0.43 
Loss: 1.443804  SIA Ef: 0.401203 Binding: -0.34 0.03 0.62 0.25 0.06 0.33 0.12 0.40 -0.19 -0.33 -0.32  Rvol: 0.57 0.99 1.42 -0.33 -0.26 0.02 0.31 0.14 0.77 1.27 1.63 -0.28 -0.11 0.18 0.45 
Loss: 0.853786  SIA Ef: -0.159987 Binding: -0.33 0.24 0.13 0.23 0.26 0.40 0.15 0.25 -0.05 -0.30 -0.28  Rvol: 0.53 0.91 1.32 -0.33 -0.24 0.03 0.31 0.14 0.75 1.22 1.51 -0.28 -0.11 0.18 0.44 
Loss: 0.856161  SIA Ef: -0.155679 Binding: -0.33 0.24 0.14 0.24 0.26 0.41 0.17 0.28 -0.04 -0.29 -0.25  Rvol: 0.53 0.91 1.32 -0.33 -0.24 0.03 0.31 0.14 0.75 1.22 1.51 -0.28 -0.11 0.18 0.44 
Loss: 1.127165  SIA Ef: -0.524220 Binding: -0.34 0.31 -0.18 0.21 0.34 0.43 0.18 0.18 0.06 -0.28 -0.22  Rvol: 0.51 0.87 1.27 -0.33 -0.24 0.03 0.29 0.14 0.73 1.19 1.44 -0.28 -0.11 0.17 0.42 
Loss: 0.860130  SIA Ef: -0.170740 Binding: -0.33 0.24 0.13 0.23 0.26 0.39 0.13 0.22 -0.05 -0.32 -0.30  Rvol: 0.53 0.91 1.32 -0.33 -0.24 0.03 0.31 0.14 0.74 1.22 1.51 -0.28 -0.11 0.18 0.44 
Loss: 1.079948  SIA Ef: 0.211706 Binding: -0.33 0.16 0.45 0.27 0.17 0.36 0.13 0.31 -0.13 -0.32 -0.30  Rvol: 0.55 0.96 1.37 -0.33 -0.25 0.03 0.31 0.14 0.76 1.24 1.58 -0.28 -0.10 0.19 0.46 
Loss: 0.853749  SIA Ef: -0.156372 Binding: -0.33 0.24 0.14 0.24 0.26 0.40 0.16 0.25 -0.05 -0.30 -0.27  Rvol: 0.53 0.91 1.32 -0.33 -0.24 0.03 0.31 0.14 0.75 1.22 1.51 -0.28 -0.11 0.18 0.44 
Loss: 1.084513  SIA Ef: 0.215233 Binding: -0.33 0.16 0.45 0.27 0.17 0.36 0.13 0.31 -0.13 -0.32 -0.30  Rvol: 0.55 0.96 1.37 -0.33 -0.25 0.03 0.31 0.14 0.76 1.25 1.58 -0.28 -0.10 0.19 0.46 
Loss: 0.896824  SIA Ef: -0.202727 Binding: -0.33 0.24 0.22 0.25 0.26 0.40 0.15 0.26 -0.06 -0.30 -0.27  Rvol: 0.53 0.91 1.31 -0.33 -0.24 0.03 0.30 0.14 0.74 1.21 1.51 -0.28 -0.11 0.18 0.44 
Loss: 1.080825  SIA Ef: -0.462510 Binding: -0.34 0.30 -0.22 0.20 0.33 0.43 0.19 0.18 0.07 -0.28 -0.21  Rvol: 0.51 0.87 1.27 -0.33 -0.24 0.03 0.30 0.14 0.73 1.19 1.45 -0.28 -0.11 0.17 0.43 
Loss: 0.891492  SIA Ef: -0.226513 Binding: -0.33 0.23 0.19 0.24 0.25 0.39 0.14 0.25 -0.06 -0.31 -0.29  Rvol: 0.53 0.91 1.31 -0.33 -0.24 0.03 0.30 0.14 0.74 1.21 1.51 -0.28 -0.11 0.18 0.44 
Loss: 1.053392  SIA Ef: -0.409977 Binding: -0.34 0.31 -0.24 0.20 0.34 0.43 0.20 0.19 0.08 -0.28 -0.20  Rvol: 0.51 0.87 1.28 -0.33 -0.24 0.04 0.30 0.14 0.73 1.20 1.45 -0.28 -0.11 0.18 0.43 
Loss: 0.892617  SIA Ef: -0.282741 Binding: -0.34 0.28 -0.05 0.21 0.30 0.42 0.18 0.21 0.01 -0.29 -0.24  Rvol: 0.52 0.89 1.30 -0.33 -0.24 0.03 0.30 0.14 0.74 1.21 1.48 -0.28 -0.11 0.18 0.44 
Loss: 0.840593  SIA Ef: -0.155634 Binding: -0.34 0.22 0.14 0.23 0.24 0.40 0.16 0.25 -0.05 -0.30 -0.27  Rvol: 0.53 0.91 1.32 -0.33 -0.24 0.03 0.31 0.14 0.75 1.22 1.51 -0.28 -0.11 0.18 0.44 
Loss: 0.845899  SIA Ef: 0.039728 Binding: -0.35 0.20 0.21 0.22 0.21 0.39 0.16 0.27 -0.07 -0.30 -0.28  Rvol: 0.54 0.93 1.34 -0.33 -0.24 0.03 0.31 0.14 0.75 1.23 1.54 -0.28 -0.11 0.18 0.45 
Loss: 0.840909  SIA Ef: -0.156498 Binding: -0.34 0.22 0.14 0.23 0.24 0.40 0.16 0.25 -0.05 -0.30 -0.27  Rvol: 0.53 0.91 1.32 -0.33 -0.24 0.03 0.31 0.14 0.75 1.22 1.51 -0.28 -0.11 0.18 0.44 
Loss: 0.846800  SIA Ef: -0.141876 Binding: -0.34 0.23 0.15 0.23 0.25 0.39 0.16 0.26 -0.05 -0.31 -0.28  Rvol: 0.53 0.91 1.32 -0.33 -0.24 0.03 0.31 0.14 0.75 1.22 1.52 -0.28 -0.11 0.18 0.45 
Loss: 0.848319  SIA Ef: -0.129973 Binding: -0.34 0.23 0.16 0.23 0.25 0.40 0.15 0.26 -0.05 -0.30 -0.28  Rvol: 0.53 0.91 1.32 -0.33 -0.24 0.03 0.31 0.14 0.75 1.22 1.52 -0.28 -0.11 0.18 0.45 
Loss: 0.830902  SIA Ef: -0.207500 Binding: -0.35 0.22 0.09 0.21 0.23 0.40 0.17 0.25 -0.04 -0.30 -0.27  Rvol: 0.53 0.91 1.31 -0.33 -0.24 0.03 0.30 0.14 0.74 1.21 1.51 -0.28 -0.11 0.17 0.44 
Loss: 0.833005  SIA Ef: -0.216258 Binding: -0.35 0.22 0.08 0.20 0.23 0.39 0.16 0.23 -0.04 -0.31 -0.29  Rvol: 0.53 0.91 1.31 -0.33 -0.24 0.03 0.30 0.14 0.74 1.21 1.51 -0.28 -0.11 0.17 0.44 
Loss: 0.826561  SIA Ef: -0.124702 Binding: -0.34 0.22 0.12 0.22 0.24 0.39 0.16 0.25 -0.05 -0.31 -0.28  Rvol: 0.53 0.91 1.32 -0.33 -0.24 0.03 0.31 0.14 0.75 1.22 1.52 -0.28 -0.11 0.18 0.44 
Loss: 0.827014  SIA Ef: -0.125861 Binding: -0.34 0.22 0.12 0.22 0.24 0.39 0.15 0.25 -0.05 -0.31 -0.29  Rvol: 0.53 0.91 1.32 -0.33 -0.24 0.03 0.31 0.14 0.75 1.22 1.52 -0.28 -0.11 0.18 0.44 
Loss: 0.843911  SIA Ef: -0.096886 Binding: -0.34 0.21 0.20 0.22 0.22 0.39 0.16 0.28 -0.07 -0.30 -0.27  Rvol: 0.54 0.92 1.33 -0.33 -0.24 0.03 0.30 0.14 0.75 1.22 1.53 -0.28 -0.11 0.18 0.44 
Loss: 0.819576  SIA Ef: -0.156483 Binding: -0.35 0.24 0.03 0.20 0.25 0.40 0.17 0.24 -0.02 -0.30 -0.27  Rvol: 0.53 0.91 1.32 -0.33 -0.24 0.03 0.31 0.14 0.74 1.22 1.51 -0.28 -0.11 0.18 0.44 
Loss: 0.817979  SIA Ef: -0.189039 Binding: -0.35 0.24 -0.01 0.19 0.24 0.40 0.18 0.23 -0.01 -0.30 -0.26  Rvol: 0.53 0.90 1.31 -0.33 -0.24 0.03 0.30 0.14 0.74 1.22 1.51 -0.28 -0.11 0.18 0.44 
Loss: 0.816638  SIA Ef: -0.187628 Binding: -0.35 0.24 -0.01 0.19 0.24 0.40 0.18 0.23 -0.01 -0.30 -0.26  Rvol: 0.53 0.90 1.31 -0.33 -0.24 0.03 0.30 0.14 0.74 1.22 1.50 -0.28 -0.11 0.18 0.44 
Loss: 0.834695  SIA Ef: -0.216593 Binding: -0.35 0.25 -0.07 0.19 0.26 0.41 0.18 0.22 0.00 -0.30 -0.24  Rvol: 0.53 0.90 1.31 -0.33 -0.24 0.03 0.30 0.14 0.74 1.21 1.50 -0.28 -0.11 0.17 0.44 
Loss: 0.836351  SIA Ef: -0.229431 Binding: -0.35 0.24 -0.02 0.19 0.25 0.41 0.18 0.23 -0.01 -0.30 -0.26  Rvol: 0.53 0.90 1.31 -0.33 -0.24 0.03 0.30 0.14 0.74 1.21 1.50 -0.28 -0.11 0.18 0.44 
Loss: 0.796817  SIA Ef: -0.106142 Binding: -0.36 0.22 0.01 0.19 0.23 0.40 0.18 0.24 -0.02 -0.30 -0.27  Rvol: 0.53 0.91 1.32 -0.33 -0.24 0.03 0.31 0.14 0.75 1.22 1.52 -0.28 -0.11 0.18 0.45 
Loss: 0.792452  SIA Ef: -0.058447 Binding: -0.36 0.21 0.03 0.19 0.22 0.40 0.18 0.25 -0.03 -0.30 -0.27  Rvol: 0.53 0.92 1.33 -0.33 -0.24 0.03 0.31 0.14 0.75 1.23 1.52 -0.28 -0.11 0.18 0.45 
Loss: 0.793161  SIA Ef: -0.053327 Binding: -0.36 0.21 0.03 0.19 0.22 0.40 0.18 0.26 -0.03 -0.29 -0.26  Rvol: 0.53 0.92 1.33 -0.33 -0.24 0.03 0.31 0.14 0.75 1.23 1.52 -0.28 -0.11 0.18 0.45 
Loss: 0.784447  SIA Ef: -0.024748 Binding: -0.36 0.20 0.04 0.18 0.20 0.40 0.18 0.25 -0.03 -0.30 -0.27  Rvol: 0.54 0.92 1.34 -0.33 -0.24 0.03 0.31 0.14 0.75 1.23 1.53 -0.28 -0.11 0.18 0.45 
Loss: 0.797578  SIA Ef: 0.025943 Binding: -0.36 0.19 0.10 0.19 0.19 0.39 0.17 0.27 -0.05 -0.30 -0.27  Rvol: 0.54 0.93 1.34 -0.33 -0.24 0.03 0.31 0.14 0.75 1.23 1.54 -0.28 -0.11 0.18 0.45 
Loss: 0.781485  SIA Ef: -0.043925 Binding: -0.37 0.20 0.03 0.18 0.20 0.40 0.18 0.25 -0.03 -0.30 -0.26  Rvol: 0.54 0.92 1.33 -0.33 -0.24 0.03 0.31 0.14 0.75 1.23 1.53 -0.28 -0.11 0.18 0.45 
Loss: 0.778407  SIA Ef: -0.033905 Binding: -0.37 0.18 0.06 0.18 0.19 0.39 0.18 0.26 -0.04 -0.30 -0.27  Rvol: 0.54 0.92 1.34 -0.33 -0.24 0.03 0.31 0.14 0.75 1.23 1.53 -0.28 -0.11 0.18 0.45 
Loss: 0.777182  SIA Ef: -0.028150 Binding: -0.37 0.19 0.04 0.18 0.19 0.40 0.18 0.25 -0.03 -0.30 -0.27  Rvol: 0.54 0.92 1.34 -0.33 -0.24 0.03 0.31 0.14 0.75 1.23 1.53 -0.28 -0.11 0.18 0.45 
Loss: 0.774411  SIA Ef: -0.000920 Binding: -0.37 0.19 0.00 0.17 0.19 0.40 0.19 0.25 -0.02 -0.30 -0.27  Rvol: 0.54 0.92 1.34 -0.33 -0.24 0.03 0.31 0.14 0.75 1.23 1.53 -0.28 -0.11 0.18 0.45 
Loss: 0.770289  SIA Ef: -0.023983 Binding: -0.37 0.19 -0.01 0.17 0.19 0.40 0.19 0.24 -0.02 -0.29 -0.26  Rvol: 0.54 0.92 1.34 -0.33 -0.24 0.03 0.31 0.14 0.75 1.23 1.53 -0.28 -0.11 0.18 0.45 
Loss: 0.768237  SIA Ef: -0.043365 Binding: -0.38 0.19 -0.03 0.16 0.19 0.40 0.19 0.24 -0.01 -0.29 -0.26  Rvol: 0.54 0.92 1.33 -0.33 -0.24 0.03 0.31 0.14 0.75 1.23 1.53 -0.28 -0.11 0.18 0.45 
Loss: 0.770868  SIA Ef: -0.100690 Binding: -0.38 0.19 -0.08 0.15 0.19 0.41 0.20 0.23 0.00 -0.29 -0.25  Rvol: 0.53 0.91 1.33 -0.33 -0.24 0.03 0.31 0.14 0.74 1.23 1.51 -0.28 -0.11 0.18 0.44 
Loss: 0.767598  SIA Ef: -0.071857 Binding: -0.38 0.19 -0.05 0.16 0.19 0.40 0.19 0.23 -0.01 -0.29 -0.25  Rvol: 0.53 0.91 1.33 -0.33 -0.24 0.03 0.31 0.14 0.75 1.23 1.52 -0.28 -0.11 0.18 0.44 
Loss: 0.761014  SIA Ef: -0.049040 Binding: -0.38 0.18 -0.04 0.15 0.18 0.40 0.19 0.24 -0.01 -0.29 -0.26  Rvol: 0.54 0.92 1.33 -0.33 -0.24 0.03 0.31 0.14 0.75 1.23 1.52 -0.28 -0.11 0.18 0.45 
Loss: 0.757953  SIA Ef: -0.004664 Binding: -0.38 0.16 -0.01 0.15 0.16 0.40 0.18 0.24 -0.03 -0.30 -0.27  Rvol: 0.54 0.92 1.34 -0.33 -0.25 0.03 0.31 0.14 0.75 1.23 1.53 -0.28 -0.11 0.18 0.45 
Loss: 0.759304  SIA Ef: 0.010042 Binding: -0.38 0.16 0.01 0.15 0.16 0.40 0.19 0.26 -0.03 -0.29 -0.26  Rvol: 0.54 0.92 1.34 -0.33 -0.25 0.03 0.31 0.14 0.75 1.23 1.54 -0.28 -0.11 0.18 0.45 
Loss: 0.756274  SIA Ef: -0.017657 Binding: -0.38 0.16 -0.00 0.15 0.16 0.40 0.18 0.24 -0.03 -0.30 -0.27  Rvol: 0.54 0.92 1.34 -0.33 -0.25 0.03 0.31 0.14 0.75 1.23 1.53 -0.28 -0.11 0.18 0.45 
Loss: 0.753233  SIA Ef: -0.023133 Binding: -0.39 0.16 -0.03 0.15 0.16 0.40 0.18 0.23 -0.02 -0.30 -0.28  Rvol: 0.54 0.92 1.34 -0.33 -0.25 0.03 0.31 0.14 0.75 1.23 1.53 -0.28 -0.11 0.18 0.45 
Loss: 0.747472  SIA Ef: -0.060007 Binding: -0.39 0.16 -0.05 0.14 0.15 0.40 0.18 0.22 -0.02 -0.30 -0.28  Rvol: 0.54 0.92 1.33 -0.33 -0.25 0.03 0.30 0.14 0.75 1.23 1.52 -0.28 -0.11 0.17 0.44 
Loss: 0.743844  SIA Ef: -0.071639 Binding: -0.40 0.14 -0.02 0.13 0.13 0.39 0.18 0.23 -0.03 -0.31 -0.28  Rvol: 0.54 0.92 1.33 -0.33 -0.25 0.02 0.30 0.14 0.75 1.23 1.53 -0.28 -0.11 0.17 0.44 
Loss: 0.744416  SIA Ef: -0.102137 Binding: -0.40 0.13 0.01 0.14 0.13 0.39 0.17 0.23 -0.04 -0.31 -0.29  Rvol: 0.54 0.92 1.33 -0.33 -0.25 0.02 0.30 0.14 0.75 1.23 1.52 -0.28 -0.11 0.17 0.44 
Loss: 0.744473  SIA Ef: -0.077248 Binding: -0.40 0.14 -0.03 0.13 0.13 0.39 0.18 0.22 -0.03 -0.31 -0.28  Rvol: 0.54 0.92 1.33 -0.33 -0.25 0.02 0.30 0.14 0.75 1.23 1.53 -0.28 -0.11 0.17 0.44 
Loss: 0.741505  SIA Ef: -0.035587 Binding: -0.40 0.13 -0.00 0.13 0.12 0.39 0.17 0.23 -0.04 -0.31 -0.29  Rvol: 0.54 0.92 1.34 -0.33 -0.25 0.02 0.30 0.14 0.75 1.23 1.53 -0.28 -0.11 0.17 0.44 
Loss: 0.744240  SIA Ef: -0.106072 Binding: -0.40 0.14 -0.05 0.12 0.13 0.39 0.18 0.21 -0.02 -0.31 -0.29  Rvol: 0.53 0.91 1.33 -0.33 -0.25 0.02 0.30 0.14 0.74 1.23 1.52 -0.28 -0.12 0.17 0.44 
Loss: 0.743631  SIA Ef: -0.011787 Binding: -0.40 0.12 0.02 0.13 0.11 0.39 0.17 0.23 -0.04 -0.31 -0.30  Rvol: 0.54 0.92 1.34 -0.33 -0.25 0.02 0.31 0.14 0.75 1.23 1.54 -0.28 -0.11 0.17 0.44 
Loss: 0.738347  SIA Ef: -0.057167 Binding: -0.41 0.12 -0.03 0.12 0.12 0.39 0.18 0.22 -0.03 -0.31 -0.28  Rvol: 0.54 0.92 1.34 -0.33 -0.25 0.02 0.30 0.14 0.75 1.23 1.53 -0.28 -0.11 0.17 0.44 
Loss: 0.739423  SIA Ef: -0.035427 Binding: -0.41 0.12 -0.03 0.12 0.12 0.39 0.18 0.23 -0.03 -0.31 -0.28  Rvol: 0.54 0.92 1.34 -0.33 -0.25 0.03 0.31 0.14 0.75 1.23 1.53 -0.28 -0.11 0.17 0.44 
Loss: 0.737421  SIA Ef: -0.055193 Binding: -0.41 0.12 -0.02 0.12 0.11 0.39 0.18 0.23 -0.03 -0.30 -0.28  Rvol: 0.54 0.92 1.34 -0.33 -0.25 0.02 0.30 0.14 0.75 1.23 1.53 -0.28 -0.11 0.17 0.44 
Loss: 0.736780  SIA Ef: -0.038816 Binding: -0.41 0.11 -0.03 0.11 0.10 0.40 0.19 0.24 -0.02 -0.30 -0.27  Rvol: 0.54 0.92 1.34 -0.33 -0.25 0.02 0.30 0.14 0.75 1.23 1.53 -0.28 -0.11 0.17 0.44 
Loss: 0.737389  SIA Ef: -0.036048 Binding: -0.41 0.11 -0.01 0.12 0.10 0.39 0.19 0.25 -0.03 -0.30 -0.27  Rvol: 0.54 0.92 1.34 -0.33 -0.25 0.02 0.30 0.14 0.75 1.23 1.53 -0.28 -0.11 0.17 0.44 
Loss: 0.738104  SIA Ef: -0.028287 Binding: -0.41 0.11 -0.03 0.11 0.10 0.40 0.20 0.25 -0.02 -0.29 -0.26  Rvol: 0.54 0.92 1.34 -0.33 -0.25 0.02 0.30 0.14 0.75 1.23 1.53 -0.28 -0.11 0.17 0.44 
Loss: 0.739631  SIA Ef: -0.030228 Binding: -0.41 0.12 -0.05 0.11 0.11 0.40 0.20 0.24 -0.02 -0.29 -0.26  Rvol: 0.54 0.92 1.34 -0.33 -0.25 0.02 0.31 0.14 0.75 1.23 1.53 -0.28 -0.11 0.17 0.44 
Loss: 0.744363  SIA Ef: -0.128347 Binding: -0.42 0.12 -0.07 0.11 0.10 0.40 0.19 0.23 -0.01 -0.30 -0.27  Rvol: 0.53 0.91 1.33 -0.33 -0.25 0.02 0.30 0.14 0.74 1.23 1.52 -0.28 -0.12 0.17 0.44 
Loss: 0.737786  SIA Ef: -0.044545 Binding: -0.41 0.11 -0.04 0.11 0.10 0.40 0.19 0.24 -0.02 -0.30 -0.27  Rvol: 0.54 0.92 1.34 -0.33 -0.25 0.02 0.30 0.14 0.75 1.23 1.53 -0.28 -0.12 0.17 0.44 
Loss: 0.738065  SIA Ef: -0.007616 Binding: -0.41 0.10 -0.01 0.11 0.09 0.39 0.19 0.25 -0.03 -0.30 -0.27  Rvol: 0.54 0.92 1.34 -0.33 -0.25 0.02 0.31 0.14 0.75 1.24 1.53 -0.28 -0.11 0.17 0.44 
Loss: 0.738107  SIA Ef: -0.059517 Binding: -0.41 0.12 -0.04 0.12 0.11 0.40 0.19 0.24 -0.02 -0.29 -0.26  Rvol: 0.54 0.92 1.34 -0.33 -0.25 0.02 0.30 0.14 0.75 1.23 1.53 -0.28 -0.11 0.17 0.44 
Loss: 0.736710  SIA Ef: -0.041695 Binding: -0.41 0.11 -0.03 0.11 0.10 0.40 0.19 0.24 -0.02 -0.30 -0.27  Rvol: 0.54 0.92 1.34 -0.33 -0.25 0.02 0.30 0.14 0.75 1.23 1.53 -0.28 -0.11 0.17 0.44 
Loss: 0.739621  SIA Ef: -0.003252 Binding: -0.41 0.11 0.01 0.12 0.10 0.39 0.19 0.25 -0.03 -0.30 -0.27  Rvol: 0.54 0.93 1.34 -0.33 -0.25 0.02 0.31 0.14 0.75 1.24 1.54 -0.28 -0.11 0.17 0.44 
Loss: 0.736762  SIA Ef: -0.039846 Binding: -0.41 0.11 -0.03 0.11 0.10 0.40 0.19 0.24 -0.02 -0.30 -0.27  Rvol: 0.54 0.92 1.34 -0.33 -0.25 0.02 0.30 0.14 0.75 1.23 1.53 -0.28 -0.11 0.17 0.44 
Loss: 0.737357  SIA Ef: -0.051053 Binding: -0.41 0.11 -0.03 0.12 0.10 0.40 0.19 0.24 -0.02 -0.30 -0.27  Rvol: 0.54 0.92 1.34 -0.33 -0.25 0.02 0.30 0.14 0.75 1.23 1.53 -0.28 -0.11 0.17 0.44 
Loss: 0.736461  SIA Ef: -0.034766 Binding: -0.41 0.11 -0.03 0.11 0.10 0.40 0.19 0.24 -0.02 -0.30 -0.27  Rvol: 0.54 0.92 1.34 -0.33 -0.25 0.02 0.30 0.14 0.75 1.23 1.53 -0.28 -0.11 0.17 0.44 
Loss: 0.736368  SIA Ef: -0.037281 Binding: -0.41 0.11 -0.03 0.11 0.10 0.40 0.19 0.24 -0.02 -0.30 -0.27  Rvol: 0.54 0.92 1.34 -0.33 -0.25 0.02 0.30 0.14 0.75 1.23 1.53 -0.28 -0.11 0.17 0.44 
Loss: 0.735610  SIA Ef: -0.057390 Binding: -0.41 0.11 -0.04 0.11 0.10 0.40 0.19 0.24 -0.02 -0.30 -0.27  Rvol: 0.54 0.92 1.34 -0.33 -0.25 0.02 0.30 0.14 0.75 1.23 1.53 -0.28 -0.12 0.17 0.44 
Loss: 0.736657  SIA Ef: -0.064378 Binding: -0.41 0.11 -0.05 0.11 0.10 0.40 0.19 0.23 -0.02 -0.30 -0.27  Rvol: 0.54 0.92 1.34 -0.33 -0.25 0.02 0.30 0.14 0.75 1.23 1.53 -0.28 -0.12 0.17 0.44 
Loss: 0.735631  SIA Ef: -0.055599 Binding: -0.41 0.11 -0.04 0.11 0.10 0.40 0.19 0.24 -0.02 -0.30 -0.27  Rvol: 0.54 0.92 1.34 -0.33 -0.25 0.02 0.30 0.14 0.75 1.23 1.53 -0.28 -0.12 0.17 0.44 
Loss: 0.734805  SIA Ef: -0.055497 Binding: -0.41 0.11 -0.02 0.11 0.10 0.39 0.19 0.24 -0.03 -0.30 -0.27  Rvol: 0.54 0.92 1.34 -0.33 -0.25 0.02 0.30 0.14 0.75 1.23 1.53 -0.28 -0.12 0.17 0.44 
Loss: 0.734719  SIA Ef: -0.068501 Binding: -0.41 0.11 -0.03 0.11 0.10 0.40 0.19 0.24 -0.03 -0.30 -0.27  Rvol: 0.54 0.92 1.34 -0.33 -0.25 0.02 0.30 0.14 0.75 1.23 1.53 -0.28 -0.12 0.17 0.44 
Loss: 0.734867  SIA Ef: -0.070057 Binding: -0.41 0.11 -0.03 0.11 0.10 0.40 0.19 0.24 -0.02 -0.30 -0.27  Rvol: 0.54 0.92 1.34 -0.33 -0.25 0.02 0.30 0.14 0.75 1.23 1.53 -0.28 -0.12 0.17 0.44 
Loss: 0.734929  SIA Ef: -0.073177 Binding: -0.41 0.11 -0.02 0.11 0.10 0.39 0.19 0.24 -0.03 -0.30 -0.27  Rvol: 0.54 0.92 1.34 -0.33 -0.25 0.02 0.30 0.14 0.74 1.23 1.53 -0.28 -0.12 0.17 0.44 
Loss: 0.734815  SIA Ef: -0.069787 Binding: -0.41 0.11 -0.02 0.11 0.10 0.40 0.19 0.24 -0.03 -0.30 -0.27  Rvol: 0.54 0.92 1.34 -0.33 -0.25 0.02 0.30 0.14 0.75 1.23 1.53 -0.28 -0.12 0.17 0.44 
Loss: 0.735182  SIA Ef: -0.074917 Binding: -0.41 0.11 -0.02 0.11 0.10 0.39 0.19 0.24 -0.03 -0.30 -0.27  Rvol: 0.54 0.92 1.34 -0.33 -0.25 0.02 0.30 0.14 0.74 1.23 1.53 -0.28 -0.12 0.17 0.44 
Loss: 0.735037  SIA Ef: -0.072709 Binding: -0.41 0.11 -0.03 0.11 0.10 0.40 0.19 0.24 -0.03 -0.30 -0.27  Rvol: 0.54 0.92 1.34 -0.33 -0.25 0.02 0.30 0.14 0.75 1.23 1.53 -0.28 -0.12 0.17 0.44 
Loss: 0.733895  SIA Ef: -0.065300 Binding: -0.41 0.11 -0.02 0.11 0.10 0.39 0.19 0.24 -0.03 -0.30 -0.27  Rvol: 0.54 0.92 1.34 -0.33 -0.25 0.02 0.30 0.14 0.75 1.23 1.53 -0.28 -0.12 0.17 0.44 
Loss: 0.733858  SIA Ef: -0.067628 Binding: -0.41 0.11 -0.02 0.11 0.09 0.39 0.18 0.24 -0.03 -0.30 -0.28  Rvol: 0.54 0.92 1.34 -0.33 -0.25 0.02 0.30 0.14 0.74 1.23 1.53 -0.28 -0.12 0.17 0.44 
Loss: 0.733922  SIA Ef: -0.069910 Binding: -0.41 0.11 -0.02 0.11 0.09 0.39 0.18 0.23 -0.03 -0.30 -0.28  Rvol: 0.54 0.92 1.34 -0.33 -0.25 0.02 0.30 0.14 0.74 1.23 1.53 -0.28 -0.12 0.17 0.44 
Loss: 0.732902  SIA Ef: -0.066251 Binding: -0.41 0.10 -0.01 0.11 0.09 0.39 0.18 0.24 -0.03 -0.30 -0.28  Rvol: 0.54 0.92 1.34 -0.33 -0.25 0.02 0.30 0.14 0.75 1.23 1.53 -0.28 -0.12 0.17 0.44 
Loss: 0.733006  SIA Ef: -0.047705 Binding: -0.41 0.10 0.01 0.12 0.09 0.39 0.18 0.24 -0.04 -0.30 -0.28  Rvol: 0.54 0.92 1.34 -0.33 -0.25 0.02 0.30 0.14 0.75 1.23 1.53 -0.28 -0.12 0.17 0.44 
Loss: 0.732949  SIA Ef: -0.068092 Binding: -0.41 0.10 -0.01 0.12 0.09 0.39 0.18 0.24 -0.03 -0.30 -0.28  Rvol: 0.54 0.92 1.34 -0.33 -0.25 0.02 0.30 0.14 0.75 1.23 1.53 -0.28 -0.12 0.17 0.44 
Loss: 0.733028  SIA Ef: -0.077612 Binding: -0.41 0.10 -0.02 0.11 0.09 0.39 0.18 0.23 -0.03 -0.30 -0.28  Rvol: 0.54 0.92 1.34 -0.33 -0.25 0.02 0.30 0.14 0.74 1.23 1.52 -0.28 -0.12 0.17 0.44 
Loss: 0.733005  SIA Ef: -0.073259 Binding: -0.41 0.10 -0.01 0.11 0.09 0.39 0.18 0.24 -0.03 -0.30 -0.28  Rvol: 0.54 0.92 1.34 -0.33 -0.25 0.02 0.30 0.14 0.75 1.23 1.53 -0.28 -0.12 0.17 0.44 
Loss: 0.732907  SIA Ef: -0.072670 Binding: -0.41 0.10 -0.00 0.11 0.09 0.39 0.18 0.24 -0.03 -0.30 -0.28  Rvol: 0.54 0.92 1.34 -0.33 -0.25 0.02 0.30 0.14 0.75 1.23 1.53 -0.28 -0.12 0.17 0.44 
Loss: 0.733216  SIA Ef: -0.066014 Binding: -0.41 0.10 -0.01 0.11 0.09 0.39 0.18 0.24 -0.03 -0.30 -0.28  Rvol: 0.54 0.92 1.34 -0.33 -0.25 0.02 0.30 0.14 0.75 1.23 1.53 -0.28 -0.12 0.17 0.44 
Loss: 0.733184  SIA Ef: -0.069623 Binding: -0.41 0.10 -0.01 0.11 0.09 0.39 0.18 0.24 -0.03 -0.30 -0.28  Rvol: 0.54 0.92 1.34 -0.33 -0.25 0.02 0.30 0.14 0.74 1.23 1.53 -0.28 -0.12 0.17 0.44 
Loss: 0.733424  SIA Ef: -0.068289 Binding: -0.41 0.10 0.00 0.11 0.09 0.39 0.18 0.24 -0.03 -0.30 -0.28  Rvol: 0.54 0.92 1.34 -0.33 -0.25 0.02 0.30 0.14 0.75 1.23 1.53 -0.28 -0.12 0.17 0.44 
Loss: 0.732729  SIA Ef: -0.064085 Binding: -0.41 0.10 -0.01 0.12 0.09 0.39 0.18 0.24 -0.03 -0.30 -0.28  Rvol: 0.54 0.92 1.34 -0.33 -0.25 0.02 0.30 0.14 0.75 1.23 1.53 -0.28 -0.12 0.17 0.44 
Loss: 0.732789  SIA Ef: -0.063070 Binding: -0.41 0.10 -0.01 0.12 0.09 0.39 0.18 0.24 -0.03 -0.30 -0.28  Rvol: 0.54 0.92 1.34 -0.33 -0.25 0.02 0.30 0.14 0.75 1.23 1.53 -0.28 -0.12 0.17 0.44 
Loss: 0.732700  SIA Ef: -0.061391 Binding: -0.41 0.10 -0.00 0.12 0.09 0.39 0.18 0.24 -0.03 -0.30 -0.28  Rvol: 0.54 0.92 1.34 -0.33 -0.25 0.02 0.30 0.14 0.75 1.23 1.53 -0.28 -0.12 0.17 0.44 
Loss: 0.732807  SIA Ef: -0.060910 Binding: -0.41 0.10 -0.00 0.12 0.09 0.39 0.18 0.24 -0.03 -0.30 -0.28  Rvol: 0.54 0.92 1.34 -0.33 -0.25 0.02 0.30 0.14 0.75 1.23 1.53 -0.28 -0.12 0.17 0.44 
Loss: 0.732787  SIA Ef: -0.061826 Binding: -0.41 0.10 -0.00 0.12 0.09 0.39 0.18 0.24 -0.03 -0.30 -0.28  Rvol: 0.54 0.92 1.34 -0.33 -0.25 0.02 0.30 0.14 0.75 1.23 1.53 -0.28 -0.12 0.17 0.44 
Loss: 0.732850  SIA Ef: -0.058730 Binding: -0.41 0.10 -0.00 0.12 0.09 0.39 0.18 0.24 -0.03 -0.30 -0.28  Rvol: 0.54 0.92 1.34 -0.33 -0.25 0.02 0.30 0.14 0.75 1.23 1.53 -0.28 -0.12 0.17 0.44 
Loss: 0.732474  SIA Ef: -0.063568 Binding: -0.41 0.10 -0.01 0.11 0.09 0.39 0.18 0.24 -0.03 -0.30 -0.28  Rvol: 0.54 0.92 1.34 -0.33 -0.25 0.02 0.30 0.14 0.75 1.23 1.53 -0.28 -0.12 0.17 0.44 
Loss: 0.732611  SIA Ef: -0.071587 Binding: -0.41 0.10 -0.01 0.11 0.09 0.39 0.18 0.24 -0.03 -0.30 -0.28  Rvol: 0.54 0.92 1.34 -0.33 -0.25 0.02 0.30 0.14 0.75 1.23 1.53 -0.28 -0.12 0.17 0.44 
Loss: 0.732517  SIA Ef: -0.061644 Binding: -0.41 0.10 -0.01 0.11 0.09 0.39 0.18 0.24 -0.03 -0.30 -0.28  Rvol: 0.54 0.92 1.34 -0.33 -0.25 0.02 0.30 0.14 0.75 1.23 1.53 -0.28 -0.12 0.17 0.44 
Loss: 0.732218  SIA Ef: -0.054701 Binding: -0.41 0.10 -0.00 0.12 0.09 0.39 0.18 0.24 -0.03 -0.30 -0.28  Rvol: 0.54 0.92 1.34 -0.33 -0.25 0.02 0.30 0.14 0.75 1.23 1.53 -0.28 -0.12 0.17 0.44 
Loss: 0.732163  SIA Ef: -0.055685 Binding: -0.41 0.10 -0.00 0.12 0.09 0.39 0.18 0.24 -0.03 -0.30 -0.28  Rvol: 0.54 0.92 1.34 -0.33 -0.25 0.02 0.30 0.14 0.75 1.23 1.53 -0.28 -0.12 0.17 0.44 
Loss: 0.732131  SIA Ef: -0.057137 Binding: -0.41 0.10 -0.00 0.12 0.09 0.39 0.18 0.24 -0.03 -0.30 -0.28  Rvol: 0.54 0.92 1.34 -0.33 -0.25 0.02 0.30 0.14 0.75 1.23 1.53 -0.28 -0.12 0.17 0.44 
Loss: 0.731984  SIA Ef: -0.054786 Binding: -0.41 0.10 -0.01 0.11 0.09 0.39 0.18 0.24 -0.03 -0.30 -0.28  Rvol: 0.54 0.92 1.34 -0.33 -0.25 0.02 0.30 0.14 0.75 1.23 1.53 -0.28 -0.12 0.17 0.44 
Loss: 0.731913  SIA Ef: -0.053498 Binding: -0.41 0.10 -0.00 0.11 0.09 0.39 0.18 0.24 -0.03 -0.30 -0.28  Rvol: 0.54 0.92 1.34 -0.33 -0.25 0.02 0.30 0.14 0.75 1.23 1.53 -0.28 -0.12 0.17 0.44 
Loss: 0.731924  SIA Ef: -0.052347 Binding: -0.41 0.10 -0.00 0.11 0.09 0.39 0.18 0.24 -0.03 -0.30 -0.28  Rvol: 0.54 0.92 1.34 -0.33 -0.25 0.02 0.30 0.14 0.75 1.23 1.53 -0.28 -0.12 0.17 0.44 
Loss: 0.732001  SIA Ef: -0.046433 Binding: -0.41 0.10 0.00 0.11 0.09 0.39 0.18 0.24 -0.04 -0.30 -0.28  Rvol: 0.54 0.92 1.34 -0.33 -0.25 0.02 0.30 0.14 0.75 1.23 1.53 -0.28 -0.12 0.17 0.44 
Loss: 0.731966  SIA Ef: -0.052013 Binding: -0.41 0.10 -0.00 0.11 0.09 0.39 0.18 0.24 -0.03 -0.30 -0.28  Rvol: 0.54 0.92 1.34 -0.33 -0.25 0.02 0.30 0.14 0.75 1.23 1.53 -0.28 -0.12 0.17 0.44 
Loss: 0.732294  SIA Ef: -0.049918 Binding: -0.41 0.10 0.00 0.12 0.09 0.39 0.18 0.24 -0.04 -0.30 -0.28  Rvol: 0.54 0.92 1.34 -0.33 -0.25 0.02 0.30 0.14 0.75 1.23 1.53 -0.28 -0.12 0.17 0.44 
Loss: 0.731790  SIA Ef: -0.057252 Binding: -0.41 0.10 -0.00 0.11 0.09 0.39 0.18 0.24 -0.03 -0.30 -0.28  Rvol: 0.54 0.92 1.34 -0.33 -0.25 0.02 0.30 0.14 0.75 1.23 1.53 -0.28 -0.12 0.17 0.44 
Loss: 0.731394  SIA Ef: -0.062032 Binding: -0.41 0.10 -0.01 0.11 0.09 0.39 0.18 0.24 -0.03 -0.30 -0.28  Rvol: 0.54 0.92 1.34 -0.33 -0.25 0.02 0.30 0.14 0.75 1.23 1.53 -0.28 -0.12 0.17 0.44 
Loss: 0.732022  SIA Ef: -0.072665 Binding: -0.41 0.10 -0.02 0.11 0.09 0.39 0.18 0.23 -0.03 -0.30 -0.28  Rvol: 0.54 0.92 1.34 -0.33 -0.25 0.02 0.30 0.14 0.74 1.23 1.53 -0.28 -0.12 0.17 0.44 
Loss: 0.731397  SIA Ef: -0.062696 Binding: -0.41 0.10 -0.01 0.11 0.09 0.39 0.18 0.24 -0.03 -0.30 -0.28  Rvol: 0.54 0.92 1.34 -0.33 -0.25 0.02 0.30 0.14 0.75 1.23 1.53 -0.28 -0.12 0.17 0.44 
Loss: 0.731362  SIA Ef: -0.058442 Binding: -0.41 0.10 0.00 0.11 0.09 0.39 0.18 0.24 -0.03 -0.30 -0.28  Rvol: 0.54 0.92 1.34 -0.33 -0.25 0.02 0.30 0.14 0.75 1.23 1.53 -0.28 -0.12 0.17 0.44 
Loss: 0.731353  SIA Ef: -0.059025 Binding: -0.41 0.10 0.00 0.11 0.09 0.39 0.18 0.24 -0.04 -0.30 -0.28  Rvol: 0.54 0.92 1.34 -0.33 -0.25 0.02 0.30 0.14 0.75 1.23 1.53 -0.28 -0.12 0.17 0.44 
Loss: 0.731343  SIA Ef: -0.052025 Binding: -0.41 0.10 0.00 0.12 0.09 0.39 0.18 0.24 -0.04 -0.30 -0.28  Rvol: 0.54 0.92 1.34 -0.33 -0.25 0.02 0.30 0.14 0.75 1.23 1.53 -0.28 -0.12 0.17 0.44 
Loss: 0.731413  SIA Ef: -0.051942 Binding: -0.41 0.10 0.01 0.12 0.09 0.39 0.18 0.24 -0.04 -0.30 -0.28  Rvol: 0.54 0.92 1.34 -0.33 -0.25 0.02 0.30 0.14 0.75 1.23 1.53 -0.28 -0.12 0.17 0.44 
Loss: 0.731419  SIA Ef: -0.055162 Binding: -0.41 0.10 0.01 0.12 0.09 0.39 0.18 0.24 -0.04 -0.30 -0.28  Rvol: 0.54 0.92 1.34 -0.33 -0.25 0.02 0.30 0.14 0.75 1.23 1.53 -0.28 -0.12 0.17 0.44 
Loss: 0.731353  SIA Ef: -0.052858 Binding: -0.41 0.10 0.00 0.12 0.09 0.39 0.18 0.24 -0.04 -0.30 -0.28  Rvol: 0.54 0.92 1.34 -0.33 -0.25 0.02 0.30 0.14 0.75 1.23 1.53 -0.28 -0.12 0.17 0.44 
Loss: 0.731418  SIA Ef: -0.049061 Binding: -0.41 0.10 0.01 0.12 0.09 0.39 0.18 0.24 -0.04 -0.30 -0.28  Rvol: 0.54 0.92 1.34 -0.33 -0.25 0.02 0.30 0.14 0.75 1.23 1.53 -0.28 -0.12 0.17 0.44 
Loss: 0.731501  SIA Ef: -0.048099 Binding: -0.41 0.10 0.00 0.12 0.09 0.39 0.18 0.24 -0.04 -0.30 -0.28  Rvol: 0.54 0.92 1.34 -0.33 -0.25 0.02 0.30 0.14 0.75 1.23 1.53 -0.28 -0.12 0.17 0.44 
Loss: 0.730797  SIA Ef: -0.061137 Binding: -0.41 0.10 -0.00 0.11 0.09 0.39 0.18 0.24 -0.03 -0.30 -0.28  Rvol: 0.54 0.92 1.34 -0.33 -0.25 0.02 0.30 0.14 0.75 1.23 1.53 -0.28 -0.12 0.17 0.44 
Loss: 0.730737  SIA Ef: -0.070253 Binding: -0.41 0.10 -0.01 0.11 0.09 0.39 0.18 0.23 -0.03 -0.30 -0.28  Rvol: 0.54 0.92 1.34 -0.33 -0.25 0.02 0.30 0.14 0.75 1.23 1.53 -0.28 -0.12 0.17 0.44 
Loss: 0.730745  SIA Ef: -0.068008 Binding: -0.41 0.10 -0.01 0.11 0.09 0.39 0.18 0.24 -0.03 -0.30 -0.28  Rvol: 0.54 0.92 1.34 -0.33 -0.25 0.02 0.30 0.14 0.75 1.23 1.53 -0.28 -0.12 0.17 0.44 
Loss: 0.730755  SIA Ef: -0.069630 Binding: -0.41 0.10 -0.01 0.11 0.09 0.39 0.18 0.24 -0.03 -0.30 -0.28  Rvol: 0.54 0.92 1.34 -0.33 -0.25 0.02 0.30 0.14 0.75 1.23 1.53 -0.28 -0.12 0.17 0.44 
Loss: 0.730868  SIA Ef: -0.074215 Binding: -0.41 0.10 -0.01 0.11 0.09 0.39 0.18 0.23 -0.03 -0.30 -0.28  Rvol: 0.54 0.92 1.34 -0.33 -0.25 0.02 0.30 0.14 0.75 1.23 1.53 -0.28 -0.12 0.17 0.44 
Loss: 0.730505  SIA Ef: -0.068129 Binding: -0.41 0.10 -0.01 0.11 0.09 0.39 0.18 0.24 -0.03 -0.30 -0.28  Rvol: 0.54 0.92 1.34 -0.33 -0.25 0.02 0.30 0.14 0.75 1.23 1.53 -0.28 -0.12 0.17 0.44 
Loss: 0.730408  SIA Ef: -0.066375 Binding: -0.41 0.10 -0.01 0.11 0.09 0.39 0.18 0.24 -0.03 -0.30 -0.28  Rvol: 0.54 0.92 1.34 -0.33 -0.25 0.02 0.30 0.14 0.75 1.23 1.53 -0.28 -0.12 0.17 0.44 
Loss: 0.730405  SIA Ef: -0.066781 Binding: -0.41 0.10 -0.01 0.11 0.09 0.39 0.18 0.24 -0.03 -0.30 -0.28  Rvol: 0.54 0.92 1.34 -0.33 -0.25 0.02 0.30 0.14 0.75 1.23 1.53 -0.28 -0.12 0.17 0.44 
Loss: 0.730284  SIA Ef: -0.060425 Binding: -0.41 0.10 -0.01 0.11 0.09 0.39 0.18 0.24 -0.03 -0.30 -0.28  Rvol: 0.54 0.92 1.34 -0.33 -0.25 0.02 0.30 0.14 0.75 1.23 1.53 -0.28 -0.12 0.17 0.44 
Loss: 0.730484  SIA Ef: -0.063262 Binding: -0.41 0.10 -0.01 0.11 0.09 0.39 0.18 0.24 -0.03 -0.30 -0.28  Rvol: 0.54 0.92 1.34 -0.33 -0.25 0.02 0.30 0.14 0.75 1.23 1.53 -0.28 -0.12 0.17 0.44 
Loss: 0.730117  SIA Ef: -0.058731 Binding: -0.41 0.10 -0.00 0.11 0.09 0.39 0.18 0.24 -0.03 -0.30 -0.28  Rvol: 0.54 0.92 1.34 -0.33 -0.25 0.02 0.30 0.14 0.75 1.23 1.53 -0.28 -0.12 0.17 0.44 
Loss: 0.729971  SIA Ef: -0.051839 Binding: -0.41 0.10 0.00 0.12 0.09 0.39 0.18 0.24 -0.04 -0.30 -0.28  Rvol: 0.54 0.92 1.34 -0.33 -0.25 0.02 0.30 0.14 0.75 1.23 1.53 -0.28 -0.12 0.17 0.44 
Loss: 0.729616  SIA Ef: -0.054252 Binding: -0.41 0.10 -0.00 0.12 0.09 0.39 0.18 0.24 -0.03 -0.30 -0.28  Rvol: 0.54 0.92 1.34 -0.33 -0.25 0.02 0.30 0.14 0.75 1.23 1.53 -0.28 -0.12 0.17 0.44 
Loss: 0.729424  SIA Ef: -0.057681 Binding: -0.41 0.10 -0.00 0.12 0.09 0.39 0.18 0.24 -0.03 -0.30 -0.28  Rvol: 0.54 0.92 1.34 -0.33 -0.25 0.02 0.30 0.14 0.75 1.23 1.53 -0.28 -0.12 0.17 0.44 
Loss: 0.729798  SIA Ef: -0.049311 Binding: -0.41 0.10 0.00 0.12 0.09 0.39 0.18 0.24 -0.04 -0.30 -0.28  Rvol: 0.54 0.92 1.34 -0.33 -0.25 0.02 0.30 0.14 0.75 1.23 1.53 -0.28 -0.12 0.17 0.44 
Loss: 0.729500  SIA Ef: -0.056978 Binding: -0.41 0.10 -0.00 0.12 0.09 0.39 0.18 0.24 -0.03 -0.30 -0.28  Rvol: 0.54 0.92 1.34 -0.33 -0.25 0.02 0.30 0.14 0.75 1.23 1.53 -0.28 -0.12 0.17 0.44 
Loss: 0.729081  SIA Ef: -0.061207 Binding: -0.41 0.10 -0.01 0.11 0.09 0.39 0.18 0.23 -0.03 -0.30 -0.28  Rvol: 0.54 0.92 1.34 -0.33 -0.25 0.02 0.30 0.14 0.75 1.23 1.53 -0.28 -0.12 0.17 0.44 
Loss: 0.729254  SIA Ef: -0.068758 Binding: -0.41 0.10 -0.01 0.11 0.09 0.39 0.18 0.23 -0.03 -0.30 -0.28  Rvol: 0.54 0.92 1.34 -0.33 -0.25 0.02 0.30 0.14 0.75 1.23 1.53 -0.28 -0.12 0.17 0.44 
Loss: 0.729051  SIA Ef: -0.059839 Binding: -0.41 0.10 -0.01 0.12 0.09 0.39 0.18 0.24 -0.03 -0.30 -0.28  Rvol: 0.54 0.92 1.34 -0.33 -0.25 0.02 0.30 0.14 0.75 1.23 1.53 -0.28 -0.12 0.17 0.44 
Loss: 0.728955  SIA Ef: -0.055096 Binding: -0.41 0.10 -0.00 0.12 0.09 0.39 0.18 0.24 -0.03 -0.30 -0.28  Rvol: 0.54 0.92 1.34 -0.33 -0.25 0.02 0.30 0.14 0.75 1.23 1.53 -0.28 -0.12 0.17 0.44 
Loss: 0.728959  SIA Ef: -0.055531 Binding: -0.41 0.10 -0.00 0.12 0.09 0.39 0.18 0.24 -0.03 -0.30 -0.28  Rvol: 0.54 0.92 1.34 -0.33 -0.25 0.02 0.30 0.14 0.75 1.23 1.53 -0.28 -0.12 0.17 0.44 
Loss: 0.728973  SIA Ef: -0.055814 Binding: -0.41 0.10 -0.00 0.12 0.09 0.39 0.18 0.24 -0.03 -0.30 -0.28  Rvol: 0.54 0.92 1.34 -0.33 -0.25 0.02 0.30 0.14 0.75 1.23 1.53 -0.28 -0.12 0.17 0.44 
Loss: 0.728955  SIA Ef: -0.057718 Binding: -0.41 0.10 0.00 0.12 0.09 0.39 0.18 0.24 -0.03 -0.30 -0.28  Rvol: 0.54 0.92 1.34 -0.33 -0.25 0.02 0.30 0.14 0.75 1.23 1.53 -0.28 -0.12 0.17 0.44 
Loss: 0.728936  SIA Ef: -0.060765 Binding: -0.41 0.10 -0.01 0.12 0.09 0.39 0.18 0.24 -0.03 -0.30 -0.28  Rvol: 0.54 0.92 1.34 -0.33 -0.25 0.02 0.30 0.14 0.75 1.23 1.53 -0.28 -0.12 0.17 0.44 
Loss: 0.728888  SIA Ef: -0.060406 Binding: -0.41 0.10 -0.01 0.12 0.09 0.39 0.18 0.23 -0.03 -0.30 -0.28  Rvol: 0.54 0.92 1.34 -0.33 -0.25 0.02 0.30 0.14 0.75 1.23 1.53 -0.28 -0.12 0.17 0.44 
Loss: 0.728768  SIA Ef: -0.053183 Binding: -0.41 0.10 -0.01 0.12 0.09 0.39 0.18 0.24 -0.03 -0.30 -0.28  Rvol: 0.54 0.92 1.34 -0.33 -0.25 0.02 0.30 0.14 0.75 1.23 1.53 -0.28 -0.12 0.17 0.44 
Loss: 0.728778  SIA Ef: -0.051803 Binding: -0.41 0.10 -0.01 0.12 0.09 0.39 0.18 0.23 -0.03 -0.30 -0.28  Rvol: 0.54 0.92 1.34 -0.33 -0.25 0.02 0.30 0.14 0.75 1.23 1.53 -0.28 -0.12 0.17 0.44 
Loss: 0.729035  SIA Ef: -0.049616 Binding: -0.41 0.10 -0.00 0.12 0.09 0.39 0.18 0.24 -0.03 -0.30 -0.28  Rvol: 0.54 0.92 1.34 -0.33 -0.25 0.02 0.30 0.14 0.75 1.23 1.53 -0.28 -0.12 0.17 0.44 
Loss: 0.728415  SIA Ef: -0.057777 Binding: -0.41 0.10 -0.01 0.11 0.09 0.39 0.18 0.23 -0.03 -0.30 -0.28  Rvol: 0.54 0.92 1.34 -0.33 -0.25 0.02 0.30 0.14 0.75 1.23 1.53 -0.28 -0.12 0.17 0.44 
Loss: 0.728258  SIA Ef: -0.060577 Binding: -0.41 0.10 -0.02 0.11 0.09 0.39 0.18 0.23 -0.03 -0.30 -0.28  Rvol: 0.54 0.92 1.34 -0.33 -0.25 0.02 0.30 0.14 0.75 1.23 1.53 -0.28 -0.12 0.17 0.44 
Loss: 0.727997  SIA Ef: -0.054636 Binding: -0.41 0.10 -0.01 0.11 0.09 0.39 0.18 0.23 -0.03 -0.30 -0.28  Rvol: 0.54 0.92 1.34 -0.33 -0.25 0.02 0.30 0.14 0.75 1.23 1.53 -0.28 -0.12 0.17 0.44 
Loss: 0.728474  SIA Ef: -0.056465 Binding: -0.41 0.10 -0.02 0.11 0.09 0.39 0.18 0.23 -0.03 -0.30 -0.28  Rvol: 0.54 0.92 1.34 -0.33 -0.25 0.02 0.30 0.14 0.74 1.23 1.53 -0.28 -0.12 0.17 0.44 
Loss: 0.727925  SIA Ef: -0.054575 Binding: -0.41 0.10 -0.01 0.11 0.09 0.39 0.18 0.23 -0.03 -0.30 -0.28  Rvol: 0.54 0.92 1.34 -0.33 -0.25 0.02 0.30 0.14 0.75 1.23 1.53 -0.28 -0.12 0.17 0.44 
Loss: 0.728189  SIA Ef: -0.057096 Binding: -0.41 0.10 -0.02 0.11 0.09 0.39 0.18 0.23 -0.03 -0.30 -0.28  Rvol: 0.54 0.92 1.34 -0.33 -0.25 0.02 0.30 0.14 0.75 1.23 1.53 -0.28 -0.12 0.17 0.44 
Loss: 0.727968  SIA Ef: -0.054459 Binding: -0.41 0.10 -0.01 0.11 0.09 0.39 0.18 0.23 -0.03 -0.30 -0.28  Rvol: 0.54 0.92 1.34 -0.33 -0.25 0.02 0.30 0.14 0.75 1.23 1.53 -0.28 -0.12 0.17 0.44 
Loss: 0.727797  SIA Ef: -0.053733 Binding: -0.41 0.10 -0.01 0.12 0.09 0.39 0.18 0.24 -0.03 -0.30 -0.28  Rvol: 0.54 0.92 1.34 -0.33 -0.25 0.02 0.30 0.14 0.75 1.23 1.53 -0.28 -0.12 0.17 0.44 
Loss: 0.728022  SIA Ef: -0.043640 Binding: -0.41 0.10 0.00 0.12 0.09 0.39 0.18 0.24 -0.03 -0.30 -0.28  Rvol: 0.54 0.92 1.34 -0.33 -0.25 0.02 0.30 0.14 0.75 1.23 1.53 -0.28 -0.12 0.17 0.44 
Loss: 0.727817  SIA Ef: -0.053308 Binding: -0.41 0.10 -0.01 0.12 0.09 0.39 0.18 0.24 -0.03 -0.30 -0.28  Rvol: 0.54 0.92 1.34 -0.33 -0.25 0.02 0.30 0.14 0.75 1.23 1.53 -0.28 -0.12 0.17 0.44 
Loss: 0.727596  SIA Ef: -0.053867 Binding: -0.41 0.10 -0.00 0.12 0.09 0.39 0.18 0.24 -0.03 -0.30 -0.28  Rvol: 0.54 0.92 1.34 -0.33 -0.25 0.02 0.30 0.14 0.75 1.23 1.53 -0.28 -0.12 0.17 0.44 
Loss: 0.727634  SIA Ef: -0.051243 Binding: -0.41 0.10 -0.01 0.12 0.09 0.39 0.18 0.24 -0.03 -0.30 -0.28  Rvol: 0.54 0.92 1.34 -0.33 -0.25 0.02 0.30 0.14 0.75 1.23 1.53 -0.28 -0.12 0.17 0.44 
Loss: 0.728102  SIA Ef: -0.048287 Binding: -0.41 0.10 0.00 0.12 0.09 0.39 0.18 0.24 -0.04 -0.30 -0.28  Rvol: 0.54 0.92 1.34 -0.33 -0.25 0.02 0.30 0.14 0.75 1.23 1.53 -0.28 -0.12 0.17 0.44 
Loss: 0.727291  SIA Ef: -0.059161 Binding: -0.41 0.10 -0.01 0.11 0.09 0.39 0.18 0.24 -0.03 -0.30 -0.28  Rvol: 0.54 0.92 1.34 -0.33 -0.25 0.02 0.30 0.14 0.75 1.23 1.53 -0.28 -0.12 0.17 0.44 
Loss: 0.727393  SIA Ef: -0.068201 Binding: -0.41 0.10 -0.01 0.11 0.09 0.39 0.18 0.23 -0.03 -0.30 -0.28  Rvol: 0.54 0.92 1.34 -0.33 -0.25 0.02 0.30 0.14 0.75 1.23 1.53 -0.28 -0.12 0.17 0.44 
Loss: 0.727238  SIA Ef: -0.061281 Binding: -0.41 0.10 -0.01 0.12 0.09 0.39 0.18 0.24 -0.03 -0.30 -0.28  Rvol: 0.54 0.92 1.34 -0.33 -0.25 0.02 0.30 0.14 0.75 1.23 1.53 -0.28 -0.12 0.17 0.44 
Loss: 0.727479  SIA Ef: -0.063606 Binding: -0.41 0.10 -0.02 0.11 0.09 0.39 0.18 0.23 -0.03 -0.30 -0.28  Rvol: 0.54 0.92 1.34 -0.33 -0.25 0.02 0.30 0.14 0.75 1.23 1.53 -0.28 -0.12 0.17 0.44 
Loss: 0.727241  SIA Ef: -0.061412 Binding: -0.41 0.10 -0.01 0.11 0.09 0.39 0.18 0.24 -0.03 -0.30 -0.28  Rvol: 0.54 0.92 1.34 -0.33 -0.25 0.02 0.30 0.14 0.75 1.23 1.53 -0.28 -0.12 0.17 0.44 
Loss: 0.727253  SIA Ef: -0.062470 Binding: -0.41 0.10 -0.01 0.12 0.09 0.39 0.18 0.24 -0.03 -0.30 -0.28  Rvol: 0.54 0.92 1.34 -0.33 -0.25 0.02 0.30 0.14 0.75 1.23 1.53 -0.28 -0.12 0.17 0.44 
Loss: 0.727095  SIA Ef: -0.057663 Binding: -0.41 0.10 -0.01 0.12 0.09 0.39 0.18 0.24 -0.03 -0.30 -0.28  Rvol: 0.54 0.92 1.34 -0.33 -0.25 0.02 0.30 0.14 0.75 1.23 1.53 -0.28 -0.12 0.17 0.44 
Loss: 0.727062  SIA Ef: -0.058421 Binding: -0.41 0.10 -0.01 0.11 0.09 0.39 0.18 0.24 -0.03 -0.30 -0.28  Rvol: 0.54 0.92 1.34 -0.33 -0.25 0.02 0.30 0.14 0.75 1.23 1.53 -0.28 -0.12 0.17 0.44 
Loss: 0.727054  SIA Ef: -0.058537 Binding: -0.41 0.10 -0.01 0.11 0.09 0.39 0.18 0.24 -0.03 -0.30 -0.28  Rvol: 0.54 0.92 1.34 -0.33 -0.25 0.02 0.30 0.14 0.75 1.23 1.53 -0.28 -0.12 0.17 0.44 
Loss: 0.727025  SIA Ef: -0.057634 Binding: -0.41 0.10 -0.00 0.11 0.09 0.39 0.18 0.24 -0.03 -0.30 -0.28  Rvol: 0.54 0.92 1.34 -0.33 -0.25 0.02 0.30 0.14 0.75 1.23 1.53 -0.28 -0.12 0.17 0.44 
Loss: 0.727026  SIA Ef: -0.058862 Binding: -0.41 0.10 -0.01 0.11 0.09 0.39 0.18 0.24 -0.03 -0.30 -0.28  Rvol: 0.54 0.92 1.34 -0.33 -0.25 0.02 0.30 0.14 0.75 1.23 1.53 -0.28 -0.12 0.17 0.44 
Loss: 0.727114  SIA Ef: -0.053758 Binding: -0.41 0.10 -0.00 0.12 0.09 0.39 0.18 0.24 -0.03 -0.30 -0.28  Rvol: 0.54 0.92 1.34 -0.33 -0.25 0.02 0.30 0.14 0.75 1.23 1.53 -0.28 -0.12 0.17 0.44 
Loss: 0.727010  SIA Ef: -0.059491 Binding: -0.41 0.10 -0.01 0.11 0.09 0.39 0.18 0.24 -0.03 -0.30 -0.28  Rvol: 0.54 0.92 1.34 -0.33 -0.25 0.02 0.30 0.14 0.75 1.23 1.53 -0.28 -0.12 0.17 0.44 
Loss: 0.726803  SIA Ef: -0.061110 Binding: -0.41 0.10 -0.01 0.11 0.09 0.39 0.18 0.24 -0.03 -0.30 -0.28  Rvol: 0.54 0.92 1.34 -0.33 -0.25 0.02 0.30 0.14 0.75 1.23 1.53 -0.28 -0.12 0.17 0.44 
Loss: 0.726705  SIA Ef: -0.060057 Binding: -0.41 0.10 -0.01 0.11 0.09 0.39 0.18 0.24 -0.03 -0.30 -0.28  Rvol: 0.54 0.92 1.34 -0.33 -0.25 0.02 0.30 0.14 0.75 1.23 1.53 -0.28 -0.12 0.17 0.44 
Loss: 0.726573  SIA Ef: -0.062659 Binding: -0.41 0.10 -0.01 0.11 0.09 0.39 0.18 0.24 -0.03 -0.30 -0.28  Rvol: 0.54 0.92 1.34 -0.33 -0.25 0.02 0.30 0.14 0.75 1.23 1.53 -0.28 -0.12 0.17 0.44 
Loss: 0.726506  SIA Ef: -0.064968 Binding: -0.41 0.10 -0.01 0.11 0.09 0.39 0.18 0.24 -0.03 -0.30 -0.28  Rvol: 0.54 0.92 1.34 -0.33 -0.25 0.02 0.30 0.14 0.75 1.23 1.53 -0.28 -0.12 0.17 0.44 
Loss: 0.726481  SIA Ef: -0.066850 Binding: -0.41 0.10 -0.01 0.11 0.09 0.39 0.18 0.23 -0.03 -0.30 -0.28  Rvol: 0.54 0.92 1.34 -0.33 -0.25 0.02 0.30 0.14 0.75 1.23 1.53 -0.28 -0.12 0.17 0.44 
Loss: 0.726455  SIA Ef: -0.067019 Binding: -0.41 0.10 -0.01 0.11 0.09 0.39 0.18 0.23 -0.03 -0.30 -0.28  Rvol: 0.54 0.92 1.34 -0.33 -0.25 0.02 0.30 0.14 0.75 1.23 1.53 -0.28 -0.12 0.17 0.44 
Loss: 0.726251  SIA Ef: -0.064289 Binding: -0.41 0.10 -0.01 0.11 0.09 0.39 0.18 0.24 -0.03 -0.30 -0.28  Rvol: 0.54 0.92 1.34 -0.33 -0.25 0.02 0.30 0.14 0.75 1.23 1.53 -0.28 -0.12 0.17 0.44 
Loss: 0.726134  SIA Ef: -0.064735 Binding: -0.41 0.10 -0.01 0.11 0.09 0.39 0.18 0.23 -0.03 -0.30 -0.28  Rvol: 0.54 0.92 1.34 -0.33 -0.25 0.02 0.30 0.14 0.75 1.23 1.53 -0.28 -0.12 0.17 0.43 
Loss: 0.726015  SIA Ef: -0.060556 Binding: -0.41 0.10 -0.00 0.12 0.09 0.39 0.18 0.24 -0.03 -0.30 -0.28  Rvol: 0.54 0.92 1.34 -0.33 -0.25 0.02 0.30 0.14 0.75 1.23 1.53 -0.28 -0.12 0.17 0.44 
Loss: 0.725953  SIA Ef: -0.058750 Binding: -0.41 0.10 -0.00 0.12 0.08 0.39 0.18 0.24 -0.03 -0.30 -0.28  Rvol: 0.54 0.92 1.34 -0.33 -0.25 0.02 0.30 0.14 0.75 1.23 1.53 -0.28 -0.12 0.17 0.44 
Loss: 0.725940  SIA Ef: -0.058143 Binding: -0.41 0.10 -0.00 0.12 0.08 0.39 0.18 0.24 -0.03 -0.30 -0.28  Rvol: 0.54 0.92 1.34 -0.33 -0.25 0.02 0.30 0.14 0.75 1.23 1.53 -0.28 -0.12 0.17 0.44 
Loss: 0.725934  SIA Ef: -0.057009 Binding: -0.41 0.10 -0.00 0.11 0.08 0.39 0.18 0.24 -0.03 -0.30 -0.28  Rvol: 0.54 0.92 1.34 -0.33 -0.25 0.02 0.30 0.14 0.75 1.23 1.53 -0.28 -0.12 0.17 0.44 
Loss: 0.725837  SIA Ef: -0.056270 Binding: -0.41 0.10 -0.01 0.12 0.09 0.39 0.18 0.24 -0.03 -0.30 -0.28  Rvol: 0.54 0.92 1.34 -0.33 -0.25 0.02 0.30 0.14 0.75 1.23 1.53 -0.28 -0.12 0.17 0.44 
Loss: 0.725854  SIA Ef: -0.052730 Binding: -0.41 0.10 -0.00 0.12 0.09 0.39 0.18 0.24 -0.03 -0.30 -0.28  Rvol: 0.54 0.92 1.34 -0.33 -0.25 0.02 0.30 0.14 0.75 1.23 1.53 -0.28 -0.12 0.17 0.44 
Loss: 0.725799  SIA Ef: -0.056762 Binding: -0.41 0.10 -0.01 0.12 0.09 0.39 0.18 0.23 -0.03 -0.30 -0.28  Rvol: 0.54 0.92 1.34 -0.33 -0.25 0.02 0.30 0.14 0.75 1.23 1.53 -0.28 -0.12 0.17 0.44 
Loss: 0.725917  SIA Ef: -0.053506 Binding: -0.41 0.10 -0.00 0.12 0.09 0.39 0.18 0.24 -0.03 -0.30 -0.28  Rvol: 0.54 0.92 1.34 -0.33 -0.25 0.02 0.30 0.14 0.75 1.23 1.53 -0.28 -0.12 0.17 0.44 
Loss: 0.725770  SIA Ef: -0.056243 Binding: -0.41 0.10 -0.01 0.11 0.09 0.39 0.18 0.23 -0.03 -0.30 -0.28  Rvol: 0.54 0.92 1.34 -0.33 -0.25 0.02 0.30 0.14 0.75 1.23 1.53 -0.28 -0.12 0.17 0.44 
Loss: 0.725573  SIA Ef: -0.058465 Binding: -0.41 0.10 -0.01 0.11 0.09 0.39 0.18 0.23 -0.03 -0.30 -0.28  Rvol: 0.54 0.92 1.34 -0.33 -0.25 0.02 0.30 0.14 0.75 1.23 1.53 -0.28 -0.12 0.17 0.44 
Loss: 0.725471  SIA Ef: -0.058624 Binding: -0.41 0.10 -0.01 0.11 0.09 0.39 0.18 0.23 -0.03 -0.30 -0.28  Rvol: 0.54 0.92 1.34 -0.33 -0.25 0.02 0.30 0.14 0.75 1.23 1.53 -0.28 -0.12 0.17 0.44 
Loss: 0.725518  SIA Ef: -0.063013 Binding: -0.41 0.10 -0.01 0.11 0.09 0.39 0.18 0.23 -0.03 -0.30 -0.28  Rvol: 0.54 0.92 1.34 -0.33 -0.25 0.02 0.30 0.14 0.75 1.23 1.53 -0.28 -0.12 0.17 0.43 
Loss: 0.725488  SIA Ef: -0.058511 Binding: -0.41 0.10 -0.01 0.11 0.09 0.39 0.18 0.23 -0.03 -0.30 -0.28  Rvol: 0.54 0.92 1.34 -0.33 -0.25 0.02 0.30 0.14 0.75 1.23 1.53 -0.28 -0.12 0.17 0.44 
Loss: 0.725530  SIA Ef: -0.059705 Binding: -0.41 0.10 -0.01 0.11 0.09 0.39 0.18 0.23 -0.03 -0.30 -0.28  Rvol: 0.54 0.92 1.34 -0.33 -0.25 0.02 0.30 0.14 0.75 1.23 1.53 -0.28 -0.12 0.17 0.44 
Loss: 0.725493  SIA Ef: -0.057534 Binding: -0.41 0.10 -0.01 0.11 0.09 0.39 0.18 0.23 -0.03 -0.30 -0.28  Rvol: 0.54 0.92 1.34 -0.33 -0.25 0.02 0.30 0.14 0.75 1.23 1.53 -0.28 -0.12 0.17 0.44 
Loss: 0.725362  SIA Ef: -0.058129 Binding: -0.41 0.10 -0.01 0.11 0.08 0.39 0.18 0.23 -0.03 -0.30 -0.28  Rvol: 0.54 0.92 1.34 -0.33 -0.25 0.02 0.30 0.14 0.75 1.23 1.53 -0.28 -0.12 0.17 0.44 
Loss: 0.725316  SIA Ef: -0.055377 Binding: -0.41 0.10 -0.01 0.11 0.08 0.39 0.18 0.24 -0.03 -0.30 -0.28  Rvol: 0.54 0.92 1.34 -0.33 -0.25 0.02 0.30 0.14 0.75 1.23 1.53 -0.28 -0.12 0.17 0.44 
Loss: 0.725326  SIA Ef: -0.056993 Binding: -0.41 0.10 -0.01 0.11 0.08 0.39 0.18 0.23 -0.03 -0.30 -0.28  Rvol: 0.54 0.92 1.34 -0.33 -0.25 0.02 0.30 0.14 0.75 1.23 1.53 -0.28 -0.12 0.17 0.44 
Loss: 0.725309  SIA Ef: -0.054168 Binding: -0.41 0.10 -0.00 0.11 0.08 0.39 0.18 0.24 -0.03 -0.30 -0.28  Rvol: 0.54 0.92 1.34 -0.33 -0.25 0.02 0.30 0.14 0.75 1.23 1.53 -0.28 -0.12 0.17 0.44 
Loss: 0.725298  SIA Ef: -0.055024 Binding: -0.41 0.10 -0.00 0.11 0.08 0.39 0.18 0.24 -0.03 -0.30 -0.28  Rvol: 0.54 0.92 1.34 -0.33 -0.25 0.02 0.30 0.14 0.75 1.23 1.53 -0.28 -0.12 0.17 0.44 
Loss: 0.725304  SIA Ef: -0.052690 Binding: -0.41 0.09 -0.00 0.11 0.08 0.39 0.18 0.24 -0.03 -0.30 -0.28  Rvol: 0.54 0.92 1.34 -0.33 -0.25 0.02 0.30 0.14 0.75 1.23 1.53 -0.28 -0.12 0.17 0.44 
Loss: 0.725338  SIA Ef: -0.054791 Binding: -0.41 0.10 -0.00 0.11 0.08 0.39 0.18 0.24 -0.03 -0.30 -0.28  Rvol: 0.54 0.92 1.34 -0.33 -0.25 0.02 0.30 0.14 0.75 1.23 1.53 -0.28 -0.12 0.17 0.44 
Loss: 0.725303  SIA Ef: -0.055187 Binding: -0.41 0.10 -0.00 0.11 0.08 0.39 0.18 0.24 -0.03 -0.30 -0.28  Rvol: 0.54 0.92 1.34 -0.33 -0.25 0.02 0.30 0.14 0.75 1.23 1.53 -0.28 -0.12 0.17 0.44 
Loss: 0.725084  SIA Ef: -0.058895 Binding: -0.41 0.10 -0.01 0.11 0.08 0.39 0.18 0.23 -0.03 -0.30 -0.28  Rvol: 0.54 0.92 1.34 -0.33 -0.25 0.02 0.30 0.14 0.75 1.23 1.53 -0.28 -0.12 0.17 0.43 
Loss: 0.724973  SIA Ef: -0.058848 Binding: -0.41 0.10 -0.01 0.11 0.08 0.39 0.18 0.23 -0.03 -0.30 -0.28  Rvol: 0.54 0.92 1.34 -0.33 -0.25 0.02 0.30 0.14 0.75 1.23 1.53 -0.28 -0.12 0.17 0.43 
Loss: 0.724898  SIA Ef: -0.060099 Binding: -0.41 0.10 -0.01 0.11 0.08 0.39 0.18 0.23 -0.03 -0.30 -0.28  Rvol: 0.54 0.92 1.34 -0.33 -0.25 0.02 0.30 0.14 0.75 1.23 1.53 -0.28 -0.12 0.17 0.43 
Loss: 0.724854  SIA Ef: -0.063386 Binding: -0.41 0.10 -0.01 0.11 0.08 0.39 0.18 0.23 -0.03 -0.30 -0.28  Rvol: 0.54 0.92 1.34 -0.33 -0.25 0.02 0.30 0.14 0.75 1.23 1.53 -0.28 -0.12 0.17 0.43 
Loss: 0.724760  SIA Ef: -0.064807 Binding: -0.41 0.10 -0.01 0.11 0.08 0.39 0.18 0.23 -0.03 -0.30 -0.28  Rvol: 0.54 0.92 1.34 -0.33 -0.25 0.02 0.30 0.14 0.75 1.23 1.53 -0.28 -0.12 0.17 0.43 
Loss: 0.724884  SIA Ef: -0.068183 Binding: -0.42 0.10 -0.01 0.11 0.08 0.39 0.18 0.23 -0.03 -0.30 -0.28  Rvol: 0.54 0.92 1.34 -0.33 -0.25 0.02 0.30 0.14 0.75 1.23 1.53 -0.28 -0.12 0.17 0.43 
Loss: 0.724758  SIA Ef: -0.064793 Binding: -0.42 0.10 -0.01 0.11 0.08 0.39 0.18 0.23 -0.03 -0.30 -0.28  Rvol: 0.54 0.92 1.34 -0.33 -0.25 0.02 0.30 0.14 0.75 1.23 1.53 -0.28 -0.12 0.17 0.43 
Loss: 0.724989  SIA Ef: -0.068195 Binding: -0.42 0.10 -0.01 0.11 0.08 0.39 0.18 0.23 -0.03 -0.30 -0.28  Rvol: 0.54 0.92 1.34 -0.33 -0.25 0.02 0.30 0.14 0.75 1.23 1.53 -0.28 -0.12 0.17 0.43 
Loss: 0.724749  SIA Ef: -0.064022 Binding: -0.42 0.10 -0.01 0.11 0.08 0.39 0.18 0.23 -0.03 -0.30 -0.28  Rvol: 0.54 0.92 1.34 -0.33 -0.25 0.02 0.30 0.14 0.75 1.23 1.53 -0.28 -0.12 0.17 0.43 
Loss: 0.724596  SIA Ef: -0.061971 Binding: -0.42 0.10 -0.01 0.11 0.08 0.39 0.18 0.23 -0.03 -0.30 -0.28  Rvol: 0.54 0.92 1.34 -0.33 -0.25 0.02 0.30 0.14 0.75 1.23 1.53 -0.28 -0.12 0.17 0.43 
Loss: 0.724592  SIA Ef: -0.061298 Binding: -0.42 0.10 -0.01 0.11 0.08 0.39 0.18 0.23 -0.03 -0.30 -0.28  Rvol: 0.54 0.92 1.34 -0.33 -0.25 0.02 0.30 0.14 0.75 1.23 1.53 -0.28 -0.12 0.17 0.43 
Loss: 0.724502  SIA Ef: -0.056765 Binding: -0.42 0.09 -0.00 0.11 0.08 0.39 0.18 0.24 -0.03 -0.30 -0.28  Rvol: 0.54 0.92 1.34 -0.33 -0.25 0.02 0.30 0.14 0.75 1.23 1.53 -0.28 -0.12 0.17 0.43 
Loss: 0.724523  SIA Ef: -0.057482 Binding: -0.41 0.09 -0.00 0.11 0.08 0.39 0.18 0.23 -0.03 -0.30 -0.28  Rvol: 0.54 0.92 1.34 -0.33 -0.25 0.02 0.30 0.14 0.75 1.23 1.53 -0.28 -0.12 0.17 0.43 
Loss: 0.724427  SIA Ef: -0.058055 Binding: -0.42 0.09 -0.01 0.11 0.08 0.39 0.18 0.24 -0.03 -0.30 -0.28  Rvol: 0.54 0.92 1.34 -0.33 -0.25 0.02 0.30 0.14 0.75 1.23 1.53 -0.28 -0.12 0.17 0.43 
Loss: 0.724558  SIA Ef: -0.055427 Binding: -0.42 0.09 -0.00 0.11 0.08 0.39 0.18 0.24 -0.03 -0.30 -0.28  Rvol: 0.54 0.92 1.34 -0.33 -0.25 0.02 0.30 0.14 0.75 1.23 1.53 -0.28 -0.12 0.17 0.43 
Loss: 0.724439  SIA Ef: -0.057498 Binding: -0.42 0.09 -0.01 0.11 0.08 0.39 0.18 0.23 -0.03 -0.30 -0.28  Rvol: 0.54 0.92 1.34 -0.33 -0.25 0.02 0.30 0.14 0.75 1.23 1.53 -0.28 -0.12 0.17 0.43 
Loss: 0.724249  SIA Ef: -0.060260 Binding: -0.42 0.09 -0.01 0.11 0.08 0.39 0.18 0.23 -0.03 -0.30 -0.28  Rvol: 0.54 0.92 1.34 -0.33 -0.25 0.02 0.30 0.14 0.75 1.23 1.53 -0.28 -0.12 0.17 0.43 
Loss: 0.724131  SIA Ef: -0.059359 Binding: -0.42 0.09 -0.01 0.11 0.08 0.39 0.18 0.23 -0.03 -0.30 -0.28  Rvol: 0.54 0.92 1.34 -0.33 -0.25 0.02 0.30 0.14 0.75 1.23 1.53 -0.28 -0.12 0.17 0.43 
Loss: 0.724066  SIA Ef: -0.059081 Binding: -0.42 0.09 -0.01 0.11 0.08 0.39 0.18 0.23 -0.03 -0.30 -0.28  Rvol: 0.54 0.92 1.34 -0.33 -0.25 0.02 0.30 0.14 0.75 1.23 1.53 -0.28 -0.12 0.17 0.43 
Loss: 0.724009  SIA Ef: -0.060176 Binding: -0.42 0.09 -0.01 0.11 0.08 0.39 0.18 0.23 -0.03 -0.30 -0.28  Rvol: 0.54 0.92 1.34 -0.33 -0.25 0.02 0.30 0.14 0.75 1.23 1.53 -0.28 -0.12 0.17 0.43 
Loss: 0.723944  SIA Ef: -0.062190 Binding: -0.42 0.10 -0.01 0.11 0.08 0.39 0.18 0.23 -0.03 -0.30 -0.28  Rvol: 0.54 0.92 1.34 -0.33 -0.25 0.02 0.30 0.14 0.75 1.23 1.53 -0.28 -0.12 0.17 0.43 
Loss: 0.723781  SIA Ef: -0.061765 Binding: -0.42 0.09 -0.01 0.11 0.08 0.39 0.18 0.23 -0.03 -0.30 -0.28  Rvol: 0.54 0.92 1.34 -0.33 -0.25 0.02 0.30 0.14 0.75 1.23 1.53 -0.28 -0.12 0.17 0.43 
Loss: 0.723620  SIA Ef: -0.058702 Binding: -0.42 0.09 -0.01 0.11 0.08 0.39 0.18 0.24 -0.03 -0.30 -0.28  Rvol: 0.54 0.92 1.34 -0.33 -0.25 0.02 0.30 0.14 0.75 1.23 1.53 -0.28 -0.12 0.17 0.43 
Loss: 0.723582  SIA Ef: -0.058234 Binding: -0.42 0.09 -0.01 0.11 0.08 0.39 0.18 0.24 -0.03 -0.30 -0.28  Rvol: 0.54 0.92 1.34 -0.33 -0.25 0.02 0.30 0.14 0.75 1.23 1.53 -0.28 -0.12 0.17 0.43 
Loss: 0.723482  SIA Ef: -0.059343 Binding: -0.42 0.09 -0.01 0.11 0.08 0.39 0.18 0.24 -0.03 -0.30 -0.27  Rvol: 0.54 0.92 1.34 -0.33 -0.25 0.02 0.30 0.14 0.75 1.23 1.53 -0.28 -0.12 0.16 0.43 
Loss: 0.723344  SIA Ef: -0.057614 Binding: -0.42 0.09 -0.01 0.11 0.08 0.39 0.18 0.24 -0.03 -0.30 -0.28  Rvol: 0.54 0.92 1.34 -0.33 -0.25 0.02 0.30 0.14 0.75 1.23 1.53 -0.28 -0.12 0.16 0.43 
Loss: 0.723304  SIA Ef: -0.054760 Binding: -0.42 0.09 -0.01 0.11 0.08 0.39 0.18 0.24 -0.03 -0.30 -0.28  Rvol: 0.54 0.92 1.34 -0.33 -0.25 0.02 0.30 0.14 0.75 1.23 1.53 -0.28 -0.12 0.16 0.43 
Loss: 0.723305  SIA Ef: -0.050934 Binding: -0.42 0.09 -0.00 0.11 0.08 0.39 0.18 0.24 -0.03 -0.30 -0.28  Rvol: 0.54 0.92 1.34 -0.33 -0.25 0.02 0.30 0.14 0.75 1.23 1.53 -0.28 -0.12 0.17 0.43 
Loss: 0.723284  SIA Ef: -0.054863 Binding: -0.42 0.09 -0.01 0.11 0.08 0.39 0.18 0.24 -0.03 -0.30 -0.28  Rvol: 0.54 0.92 1.34 -0.33 -0.25 0.02 0.30 0.14 0.75 1.23 1.53 -0.28 -0.12 0.16 0.43 
Loss: 0.723277  SIA Ef: -0.056358 Binding: -0.42 0.09 -0.00 0.11 0.08 0.39 0.18 0.24 -0.03 -0.30 -0.28  Rvol: 0.54 0.92 1.34 -0.33 -0.25 0.02 0.30 0.14 0.75 1.23 1.53 -0.28 -0.12 0.16 0.43 
Loss: 0.723241  SIA Ef: -0.056651 Binding: -0.42 0.09 -0.00 0.11 0.08 0.39 0.18 0.24 -0.03 -0.30 -0.28  Rvol: 0.54 0.92 1.34 -0.33 -0.25 0.02 0.30 0.14 0.75 1.23 1.53 -0.28 -0.12 0.16 0.43 
Loss: 0.723406  SIA Ef: -0.054125 Binding: -0.42 0.09 -0.00 0.11 0.08 0.39 0.18 0.24 -0.03 -0.30 -0.28  Rvol: 0.54 0.92 1.34 -0.33 -0.25 0.02 0.30 0.14 0.75 1.23 1.53 -0.28 -0.12 0.16 0.43 
Loss: 0.723262  SIA Ef: -0.055297 Binding: -0.42 0.09 -0.00 0.11 0.08 0.39 0.18 0.24 -0.03 -0.30 -0.28  Rvol: 0.54 0.92 1.34 -0.33 -0.25 0.02 0.30 0.14 0.75 1.23 1.53 -0.28 -0.12 0.16 0.43 
Loss: 0.723052  SIA Ef: -0.060209 Binding: -0.42 0.09 -0.01 0.11 0.08 0.39 0.18 0.24 -0.03 -0.30 -0.28  Rvol: 0.54 0.92 1.34 -0.33 -0.25 0.02 0.30 0.14 0.75 1.23 1.53 -0.28 -0.12 0.16 0.43 
Loss: 0.722893  SIA Ef: -0.062134 Binding: -0.42 0.09 -0.01 0.11 0.08 0.39 0.18 0.24 -0.03 -0.30 -0.28  Rvol: 0.54 0.92 1.34 -0.33 -0.25 0.02 0.30 0.14 0.75 1.23 1.53 -0.28 -0.12 0.16 0.43 
Loss: 0.722805  SIA Ef: -0.062235 Binding: -0.42 0.09 -0.01 0.11 0.08 0.39 0.18 0.24 -0.03 -0.30 -0.28  Rvol: 0.54 0.92 1.34 -0.33 -0.25 0.02 0.30 0.14 0.75 1.23 1.53 -0.28 -0.12 0.16 0.43 
Loss: 0.722723  SIA Ef: -0.063759 Binding: -0.42 0.09 -0.01 0.11 0.08 0.39 0.18 0.23 -0.03 -0.30 -0.28  Rvol: 0.54 0.92 1.34 -0.33 -0.25 0.02 0.30 0.14 0.75 1.23 1.53 -0.28 -0.12 0.16 0.43 
Loss: 0.722772  SIA Ef: -0.068407 Binding: -0.42 0.09 -0.01 0.11 0.08 0.39 0.18 0.23 -0.03 -0.30 -0.28  Rvol: 0.54 0.92 1.34 -0.33 -0.25 0.02 0.30 0.14 0.75 1.23 1.53 -0.28 -0.12 0.16 0.43 
Loss: 0.722808  SIA Ef: -0.065662 Binding: -0.42 0.09 -0.01 0.11 0.08 0.39 0.18 0.23 -0.03 -0.30 -0.28  Rvol: 0.54 0.92 1.34 -0.33 -0.25 0.02 0.30 0.14 0.75 1.23 1.53 -0.28 -0.12 0.16 0.43 
Loss: 0.722598  SIA Ef: -0.061607 Binding: -0.42 0.09 -0.01 0.11 0.08 0.39 0.18 0.24 -0.03 -0.30 -0.28  Rvol: 0.54 0.92 1.34 -0.33 -0.25 0.02 0.30 0.14 0.75 1.23 1.53 -0.28 -0.12 0.16 0.43 
Loss: 0.722529  SIA Ef: -0.058849 Binding: -0.42 0.09 -0.01 0.11 0.08 0.39 0.18 0.24 -0.03 -0.30 -0.28  Rvol: 0.54 0.92 1.34 -0.33 -0.25 0.02 0.30 0.14 0.75 1.23 1.53 -0.28 -0.12 0.16 0.43 
Loss: 0.722532  SIA Ef: -0.059573 Binding: -0.42 0.09 -0.00 0.11 0.08 0.39 0.18 0.24 -0.03 -0.30 -0.28  Rvol: 0.54 0.92 1.34 -0.33 -0.25 0.02 0.30 0.14 0.75 1.23 1.53 -0.28 -0.12 0.16 0.43 
Loss: 0.722518  SIA Ef: -0.058635 Binding: -0.42 0.09 -0.01 0.11 0.08 0.39 0.18 0.24 -0.03 -0.30 -0.28  Rvol: 0.54 0.92 1.34 -0.33 -0.25 0.02 0.30 0.14 0.75 1.23 1.53 -0.28 -0.12 0.16 0.43 
Loss: 0.722530  SIA Ef: -0.059660 Binding: -0.42 0.09 -0.01 0.11 0.08 0.39 0.18 0.24 -0.03 -0.29 -0.27  Rvol: 0.54 0.92 1.34 -0.33 -0.25 0.02 0.30 0.14 0.75 1.23 1.53 -0.28 -0.12 0.16 0.43 
Loss: 0.722497  SIA Ef: -0.057216 Binding: -0.42 0.09 -0.00 0.11 0.08 0.39 0.18 0.24 -0.03 -0.30 -0.28  Rvol: 0.54 0.92 1.34 -0.33 -0.25 0.02 0.30 0.14 0.75 1.23 1.53 -0.28 -0.12 0.16 0.43 
Loss: 0.722492  SIA Ef: -0.056501 Binding: -0.42 0.09 -0.00 0.11 0.08 0.39 0.18 0.24 -0.03 -0.30 -0.28  Rvol: 0.54 0.92 1.34 -0.33 -0.25 0.02 0.30 0.14 0.75 1.23 1.53 -0.28 -0.12 0.16 0.43 
Loss: 0.722500  SIA Ef: -0.051888 Binding: -0.42 0.09 -0.00 0.11 0.08 0.39 0.18 0.24 -0.03 -0.30 -0.28  Rvol: 0.54 0.92 1.34 -0.33 -0.25 0.02 0.30 0.14 0.75 1.23 1.53 -0.28 -0.12 0.16 0.43 
Loss: 0.722599  SIA Ef: -0.054397 Binding: -0.42 0.09 -0.00 0.11 0.08 0.39 0.18 0.24 -0.03 -0.30 -0.28  Rvol: 0.54 0.92 1.34 -0.33 -0.25 0.02 0.30 0.14 0.75 1.23 1.53 -0.28 -0.12 0.16 0.43 
Loss: 0.722335  SIA Ef: -0.057866 Binding: -0.42 0.09 -0.01 0.11 0.08 0.39 0.18 0.24 -0.03 -0.30 -0.28  Rvol: 0.54 0.92 1.34 -0.33 -0.25 0.02 0.30 0.14 0.75 1.23 1.53 -0.28 -0.12 0.16 0.43 
Loss: 0.722194  SIA Ef: -0.060814 Binding: -0.42 0.09 -0.01 0.11 0.08 0.39 0.18 0.24 -0.03 -0.29 -0.27  Rvol: 0.54 0.92 1.34 -0.33 -0.25 0.02 0.30 0.14 0.75 1.23 1.53 -0.28 -0.12 0.16 0.43 
Loss: 0.722192  SIA Ef: -0.063457 Binding: -0.42 0.09 -0.01 0.11 0.08 0.39 0.18 0.23 -0.03 -0.29 -0.27  Rvol: 0.54 0.92 1.34 -0.33 -0.25 0.02 0.30 0.14 0.75 1.23 1.53 -0.28 -0.12 0.16 0.43 
Loss: 0.722269  SIA Ef: -0.062829 Binding: -0.42 0.09 -0.02 0.11 0.08 0.39 0.18 0.23 -0.03 -0.29 -0.27  Rvol: 0.54 0.92 1.34 -0.33 -0.25 0.02 0.30 0.14 0.75 1.23 1.53 -0.28 -0.12 0.16 0.43 
Loss: 0.722146  SIA Ef: -0.066464 Binding: -0.42 0.09 -0.01 0.11 0.08 0.39 0.18 0.23 -0.03 -0.30 -0.28  Rvol: 0.54 0.92 1.34 -0.33 -0.25 0.02 0.30 0.14 0.75 1.23 1.53 -0.28 -0.12 0.16 0.43 
Loss: 0.722133  SIA Ef: -0.066359 Binding: -0.42 0.09 -0.01 0.11 0.08 0.39 0.18 0.23 -0.03 -0.30 -0.28  Rvol: 0.54 0.92 1.34 -0.33 -0.25 0.02 0.30 0.14 0.75 1.23 1.53 -0.28 -0.12 0.16 0.43 
Loss: 0.722018  SIA Ef: -0.066571 Binding: -0.42 0.09 -0.01 0.11 0.08 0.39 0.18 0.24 -0.03 -0.29 -0.27  Rvol: 0.54 0.92 1.34 -0.33 -0.25 0.02 0.30 0.14 0.75 1.23 1.53 -0.28 -0.12 0.16 0.43 
Loss: 0.722084  SIA Ef: -0.068029 Binding: -0.42 0.09 -0.01 0.11 0.08 0.39 0.18 0.23 -0.03 -0.30 -0.28  Rvol: 0.54 0.92 1.34 -0.33 -0.25 0.02 0.30 0.14 0.75 1.23 1.53 -0.28 -0.12 0.16 0.43 
Loss: 0.722014  SIA Ef: -0.066737 Binding: -0.42 0.09 -0.01 0.11 0.08 0.39 0.18 0.24 -0.03 -0.29 -0.27  Rvol: 0.54 0.92 1.34 -0.33 -0.25 0.02 0.30 0.14 0.75 1.23 1.53 -0.28 -0.12 0.16 0.43 
Loss: 0.722057  SIA Ef: -0.069234 Binding: -0.42 0.09 -0.01 0.11 0.08 0.39 0.18 0.24 -0.03 -0.29 -0.27  Rvol: 0.54 0.92 1.34 -0.33 -0.25 0.02 0.30 0.14 0.75 1.23 1.53 -0.28 -0.12 0.16 0.43 
Loss: 0.721910  SIA Ef: -0.064409 Binding: -0.42 0.09 -0.01 0.11 0.08 0.39 0.18 0.24 -0.03 -0.29 -0.27  Rvol: 0.54 0.92 1.34 -0.33 -0.25 0.02 0.30 0.14 0.75 1.23 1.53 -0.28 -0.12 0.16 0.43 
Loss: 0.721782  SIA Ef: -0.062720 Binding: -0.42 0.09 -0.01 0.11 0.08 0.39 0.18 0.24 -0.03 -0.30 -0.28  Rvol: 0.54 0.92 1.34 -0.33 -0.25 0.02 0.30 0.14 0.75 1.23 1.53 -0.28 -0.12 0.16 0.43 
Loss: 0.721757  SIA Ef: -0.058804 Binding: -0.42 0.09 -0.00 0.11 0.08 0.39 0.18 0.24 -0.03 -0.30 -0.28  Rvol: 0.54 0.92 1.34 -0.33 -0.25 0.02 0.30 0.14 0.75 1.23 1.53 -0.28 -0.12 0.16 0.43 
Loss: 0.721668  SIA Ef: -0.060116 Binding: -0.42 0.09 -0.00 0.11 0.08 0.39 0.18 0.24 -0.03 -0.30 -0.28  Rvol: 0.54 0.92 1.34 -0.33 -0.25 0.02 0.30 0.14 0.75 1.23 1.53 -0.28 -0.12 0.16 0.43 
Loss: 0.721510  SIA Ef: -0.058813 Binding: -0.42 0.09 -0.00 0.11 0.08 0.39 0.18 0.24 -0.03 -0.29 -0.28  Rvol: 0.54 0.92 1.34 -0.33 -0.25 0.02 0.30 0.14 0.75 1.23 1.53 -0.28 -0.12 0.16 0.43 
Loss: 0.721493  SIA Ef: -0.058441 Binding: -0.42 0.09 -0.00 0.11 0.08 0.39 0.18 0.24 -0.03 -0.30 -0.28  Rvol: 0.54 0.92 1.34 -0.33 -0.25 0.02 0.30 0.14 0.75 1.23 1.53 -0.28 -0.12 0.16 0.43 
Loss: 0.721510  SIA Ef: -0.057000 Binding: -0.42 0.09 -0.00 0.11 0.08 0.39 0.18 0.24 -0.03 -0.29 -0.27  Rvol: 0.54 0.92 1.34 -0.33 -0.25 0.02 0.30 0.14 0.75 1.23 1.53 -0.28 -0.12 0.16 0.43 
Loss: 0.721396  SIA Ef: -0.056942 Binding: -0.42 0.09 -0.01 0.11 0.08 0.39 0.18 0.24 -0.03 -0.30 -0.28  Rvol: 0.54 0.92 1.34 -0.33 -0.25 0.02 0.30 0.14 0.75 1.23 1.53 -0.28 -0.12 0.16 0.43 
Loss: 0.721303  SIA Ef: -0.057783 Binding: -0.42 0.09 -0.01 0.11 0.08 0.39 0.18 0.24 -0.03 -0.30 -0.28  Rvol: 0.54 0.92 1.34 -0.33 -0.25 0.02 0.30 0.14 0.75 1.23 1.53 -0.28 -0.12 0.16 0.43 
Loss: 0.721222  SIA Ef: -0.059839 Binding: -0.42 0.09 -0.01 0.11 0.08 0.39 0.18 0.24 -0.03 -0.29 -0.28  Rvol: 0.54 0.92 1.34 -0.33 -0.25 0.02 0.30 0.14 0.75 1.23 1.53 -0.28 -0.12 0.16 0.43 
Loss: 0.721217  SIA Ef: -0.060101 Binding: -0.42 0.09 -0.01 0.11 0.08 0.39 0.18 0.24 -0.03 -0.29 -0.28  Rvol: 0.54 0.92 1.34 -0.33 -0.25 0.02 0.30 0.14 0.75 1.23 1.53 -0.28 -0.12 0.16 0.43 
Loss: 0.721049  SIA Ef: -0.062389 Binding: -0.42 0.09 -0.01 0.11 0.08 0.39 0.18 0.24 -0.03 -0.29 -0.28  Rvol: 0.54 0.92 1.34 -0.33 -0.25 0.02 0.29 0.14 0.75 1.23 1.53 -0.28 -0.12 0.16 0.43 
Loss: 0.720935  SIA Ef: -0.063979 Binding: -0.42 0.09 -0.01 0.11 0.08 0.39 0.18 0.23 -0.03 -0.29 -0.27  Rvol: 0.54 0.92 1.34 -0.33 -0.25 0.02 0.29 0.14 0.75 1.23 1.53 -0.28 -0.12 0.16 0.43 
Loss: 0.720736  SIA Ef: -0.062785 Binding: -0.42 0.09 -0.01 0.11 0.08 0.39 0.18 0.23 -0.03 -0.29 -0.28  Rvol: 0.54 0.92 1.34 -0.33 -0.25 0.02 0.29 0.14 0.75 1.23 1.53 -0.28 -0.12 0.16 0.43 
Loss: 0.720577  SIA Ef: -0.062939 Binding: -0.42 0.09 -0.01 0.11 0.08 0.39 0.18 0.23 -0.03 -0.29 -0.28  Rvol: 0.54 0.92 1.34 -0.33 -0.25 0.02 0.29 0.14 0.75 1.23 1.53 -0.28 -0.12 0.16 0.43 
Loss: 0.720427  SIA Ef: -0.061955 Binding: -0.42 0.09 -0.01 0.11 0.08 0.39 0.18 0.24 -0.03 -0.29 -0.28  Rvol: 0.54 0.92 1.34 -0.33 -0.25 0.02 0.29 0.14 0.75 1.23 1.53 -0.28 -0.12 0.16 0.43 
Loss: 0.720361  SIA Ef: -0.059167 Binding: -0.42 0.09 -0.00 0.11 0.08 0.39 0.18 0.24 -0.03 -0.29 -0.28  Rvol: 0.54 0.92 1.34 -0.33 -0.25 0.02 0.29 0.14 0.75 1.23 1.53 -0.28 -0.12 0.16 0.43 
Loss: 0.720352  SIA Ef: -0.057787 Binding: -0.42 0.09 -0.00 0.11 0.08 0.39 0.18 0.24 -0.03 -0.29 -0.28  Rvol: 0.54 0.92 1.34 -0.33 -0.25 0.02 0.29 0.14 0.75 1.23 1.53 -0.28 -0.12 0.16 0.43 
Loss: 0.720354  SIA Ef: -0.057001 Binding: -0.42 0.09 -0.00 0.11 0.08 0.39 0.18 0.24 -0.03 -0.29 -0.28  Rvol: 0.54 0.92 1.34 -0.33 -0.25 0.02 0.29 0.14 0.75 1.23 1.53 -0.28 -0.12 0.16 0.43 
Loss: 0.720334  SIA Ef: -0.055076 Binding: -0.42 0.09 -0.00 0.11 0.08 0.39 0.18 0.24 -0.03 -0.29 -0.27  Rvol: 0.54 0.92 1.34 -0.33 -0.25 0.02 0.29 0.14 0.75 1.23 1.53 -0.28 -0.12 0.16 0.43 
Loss: 0.720331  SIA Ef: -0.055971 Binding: -0.42 0.09 -0.00 0.11 0.08 0.39 0.18 0.24 -0.03 -0.29 -0.28  Rvol: 0.54 0.92 1.34 -0.33 -0.25 0.02 0.29 0.14 0.75 1.23 1.53 -0.28 -0.12 0.16 0.43 
Loss: 0.720279  SIA Ef: -0.055970 Binding: -0.42 0.09 -0.00 0.11 0.08 0.39 0.18 0.24 -0.03 -0.29 -0.27  Rvol: 0.54 0.92 1.34 -0.33 -0.25 0.02 0.29 0.14 0.75 1.23 1.53 -0.28 -0.12 0.16 0.43 
Loss: 0.720273  SIA Ef: -0.052468 Binding: -0.42 0.09 0.00 0.11 0.08 0.39 0.18 0.24 -0.03 -0.29 -0.28  Rvol: 0.54 0.92 1.34 -0.33 -0.25 0.02 0.29 0.14 0.75 1.23 1.53 -0.28 -0.12 0.16 0.43 
Loss: 0.721230  SIA Ef: -0.051159 Binding: -0.42 0.09 -0.00 0.12 0.08 0.39 0.18 0.24 -0.03 -0.29 -0.28  Rvol: 0.54 0.92 1.34 -0.33 -0.26 0.02 0.29 0.14 0.75 1.23 1.53 -0.28 -0.12 0.16 0.43 
Loss: 0.720066  SIA Ef: -0.055236 Binding: -0.42 0.09 -0.00 0.11 0.08 0.39 0.18 0.24 -0.03 -0.29 -0.28  Rvol: 0.54 0.92 1.34 -0.33 -0.25 0.02 0.29 0.14 0.75 1.23 1.53 -0.28 -0.12 0.16 0.43 
Loss: 0.719866  SIA Ef: -0.058259 Binding: -0.42 0.09 -0.01 0.11 0.08 0.39 0.18 0.24 -0.03 -0.29 -0.27  Rvol: 0.54 0.92 1.34 -0.33 -0.25 0.02 0.29 0.14 0.75 1.23 1.53 -0.28 -0.12 0.16 0.43 
Loss: 0.719764  SIA Ef: -0.059291 Binding: -0.42 0.09 -0.01 0.11 0.08 0.39 0.18 0.24 -0.03 -0.29 -0.27  Rvol: 0.54 0.92 1.34 -0.33 -0.25 0.02 0.29 0.14 0.75 1.23 1.53 -0.28 -0.12 0.16 0.43 
Loss: 0.719755  SIA Ef: -0.061938 Binding: -0.42 0.09 -0.01 0.11 0.08 0.39 0.18 0.23 -0.03 -0.29 -0.27  Rvol: 0.54 0.92 1.34 -0.33 -0.25 0.02 0.29 0.14 0.75 1.23 1.53 -0.28 -0.12 0.16 0.43 
Loss: 0.719725  SIA Ef: -0.061431 Binding: -0.42 0.09 -0.01 0.11 0.08 0.39 0.18 0.23 -0.03 -0.29 -0.27  Rvol: 0.54 0.92 1.34 -0.33 -0.25 0.02 0.29 0.14 0.75 1.23 1.53 -0.28 -0.12 0.16 0.43 
Loss: 0.719851  SIA Ef: -0.064935 Binding: -0.42 0.09 -0.02 0.11 0.08 0.40 0.18 0.23 -0.03 -0.29 -0.27  Rvol: 0.54 0.92 1.34 -0.33 -0.25 0.02 0.29 0.14 0.75 1.23 1.53 -0.28 -0.12 0.16 0.43 
Loss: 0.719745  SIA Ef: -0.062364 Binding: -0.42 0.09 -0.01 0.11 0.08 0.39 0.18 0.23 -0.03 -0.29 -0.27  Rvol: 0.54 0.92 1.34 -0.33 -0.25 0.02 0.29 0.14 0.75 1.23 1.53 -0.28 -0.12 0.16 0.43 
Loss: 0.719752  SIA Ef: -0.062651 Binding: -0.42 0.09 -0.01 0.11 0.08 0.39 0.18 0.23 -0.03 -0.29 -0.27  Rvol: 0.54 0.92 1.34 -0.33 -0.25 0.02 0.29 0.14 0.75 1.23 1.53 -0.28 -0.12 0.16 0.43 
Loss: 0.719729  SIA Ef: -0.062856 Binding: -0.42 0.09 -0.01 0.11 0.08 0.39 0.18 0.23 -0.03 -0.29 -0.27  Rvol: 0.54 0.92 1.34 -0.33 -0.25 0.02 0.29 0.14 0.75 1.23 1.53 -0.28 -0.12 0.16 0.43 
Loss: 0.719764  SIA Ef: -0.061505 Binding: -0.42 0.09 -0.01 0.11 0.08 0.39 0.18 0.23 -0.03 -0.29 -0.27  Rvol: 0.54 0.92 1.34 -0.33 -0.25 0.02 0.29 0.14 0.75 1.23 1.53 -0.28 -0.12 0.16 0.43 
Loss: 0.719669  SIA Ef: -0.059642 Binding: -0.42 0.09 -0.01 0.11 0.08 0.39 0.18 0.23 -0.03 -0.29 -0.27  Rvol: 0.54 0.92 1.34 -0.33 -0.25 0.02 0.29 0.14 0.75 1.23 1.53 -0.28 -0.12 0.16 0.43 
Loss: 0.719472  SIA Ef: -0.058052 Binding: -0.42 0.09 -0.01 0.11 0.08 0.39 0.18 0.24 -0.03 -0.29 -0.27  Rvol: 0.54 0.92 1.34 -0.33 -0.25 0.02 0.29 0.14 0.75 1.23 1.53 -0.28 -0.12 0.16 0.43 
Loss: 0.719404  SIA Ef: -0.053878 Binding: -0.42 0.09 -0.01 0.11 0.08 0.39 0.18 0.24 -0.03 -0.29 -0.27  Rvol: 0.54 0.92 1.34 -0.33 -0.25 0.02 0.29 0.14 0.75 1.23 1.53 -0.28 -0.12 0.16 0.43 
Loss: 0.719428  SIA Ef: -0.052303 Binding: -0.42 0.09 -0.00 0.11 0.08 0.39 0.18 0.24 -0.03 -0.29 -0.28  Rvol: 0.54 0.92 1.34 -0.33 -0.25 0.02 0.29 0.14 0.75 1.23 1.53 -0.28 -0.12 0.16 0.43 
Loss: 0.719318  SIA Ef: -0.055320 Binding: -0.42 0.09 -0.01 0.11 0.08 0.39 0.18 0.24 -0.03 -0.29 -0.27  Rvol: 0.54 0.92 1.34 -0.33 -0.25 0.02 0.29 0.14 0.75 1.23 1.53 -0.28 -0.12 0.16 0.43 
Loss: 0.719158  SIA Ef: -0.057598 Binding: -0.42 0.09 -0.01 0.11 0.08 0.39 0.18 0.24 -0.03 -0.29 -0.27  Rvol: 0.54 0.92 1.34 -0.33 -0.25 0.02 0.29 0.14 0.75 1.23 1.53 -0.28 -0.12 0.16 0.43 
Loss: 0.719100  SIA Ef: -0.057773 Binding: -0.42 0.09 -0.01 0.11 0.08 0.39 0.18 0.23 -0.03 -0.29 -0.28  Rvol: 0.54 0.92 1.34 -0.33 -0.25 0.02 0.29 0.14 0.75 1.23 1.53 -0.28 -0.12 0.16 0.43 
Loss: 0.719098  SIA Ef: -0.058118 Binding: -0.42 0.09 -0.01 0.11 0.08 0.39 0.18 0.23 -0.03 -0.29 -0.28  Rvol: 0.54 0.92 1.34 -0.33 -0.25 0.02 0.29 0.14 0.75 1.23 1.53 -0.28 -0.12 0.16 0.43 
Loss: 0.719040  SIA Ef: -0.059473 Binding: -0.42 0.09 -0.01 0.11 0.08 0.39 0.18 0.23 -0.03 -0.29 -0.28  Rvol: 0.54 0.92 1.34 -0.33 -0.25 0.02 0.29 0.14 0.75 1.23 1.53 -0.28 -0.12 0.16 0.43 
Loss: 0.719036  SIA Ef: -0.058248 Binding: -0.42 0.09 -0.01 0.11 0.08 0.39 0.18 0.23 -0.03 -0.29 -0.28  Rvol: 0.54 0.92 1.34 -0.33 -0.25 0.02 0.29 0.14 0.75 1.23 1.53 -0.28 -0.12 0.16 0.43 
Loss: 0.719011  SIA Ef: -0.060542 Binding: -0.42 0.09 -0.01 0.11 0.08 0.39 0.18 0.23 -0.03 -0.29 -0.28  Rvol: 0.54 0.92 1.34 -0.33 -0.25 0.02 0.29 0.14 0.75 1.23 1.53 -0.28 -0.12 0.16 0.43 
Loss: 0.719001  SIA Ef: -0.061835 Binding: -0.42 0.09 -0.01 0.11 0.08 0.39 0.18 0.23 -0.03 -0.29 -0.28  Rvol: 0.54 0.92 1.34 -0.33 -0.25 0.02 0.29 0.14 0.75 1.23 1.53 -0.28 -0.12 0.16 0.43 
Loss: 0.718912  SIA Ef: -0.063797 Binding: -0.42 0.09 -0.01 0.11 0.08 0.39 0.18 0.23 -0.03 -0.29 -0.27  Rvol: 0.54 0.92 1.34 -0.33 -0.25 0.02 0.29 0.14 0.75 1.23 1.53 -0.28 -0.12 0.16 0.43 
Loss: 0.719321  SIA Ef: -0.069174 Binding: -0.42 0.09 -0.02 0.11 0.08 0.40 0.18 0.23 -0.03 -0.29 -0.27  Rvol: 0.54 0.92 1.34 -0.33 -0.25 0.02 0.29 0.14 0.75 1.23 1.53 -0.28 -0.12 0.16 0.43 
Loss: 0.718863  SIA Ef: -0.063220 Binding: -0.42 0.09 -0.01 0.11 0.08 0.39 0.18 0.23 -0.03 -0.29 -0.27  Rvol: 0.54 0.92 1.34 -0.33 -0.25 0.02 0.29 0.14 0.75 1.23 1.53 -0.28 -0.12 0.16 0.43 
Loss: 0.718694  SIA Ef: -0.059219 Binding: -0.42 0.09 -0.01 0.11 0.08 0.39 0.18 0.23 -0.03 -0.29 -0.28  Rvol: 0.54 0.92 1.34 -0.33 -0.25 0.02 0.29 0.14 0.75 1.23 1.53 -0.28 -0.12 0.16 0.43 
Loss: 0.718671  SIA Ef: -0.056158 Binding: -0.42 0.09 -0.01 0.11 0.07 0.39 0.18 0.24 -0.03 -0.29 -0.28  Rvol: 0.54 0.92 1.34 -0.33 -0.25 0.02 0.29 0.14 0.75 1.23 1.53 -0.28 -0.12 0.16 0.43 
Loss: 0.719573  SIA Ef: -0.056500 Binding: -0.42 0.09 -0.01 0.11 0.07 0.39 0.18 0.24 -0.03 -0.29 -0.28  Rvol: 0.54 0.92 1.34 -0.33 -0.26 0.02 0.29 0.14 0.75 1.23 1.53 -0.28 -0.12 0.16 0.43 
Loss: 0.719577  SIA Ef: -0.055577 Binding: -0.42 0.09 -0.01 0.11 0.07 0.39 0.18 0.24 -0.03 -0.29 -0.27  Rvol: 0.54 0.92 1.34 -0.33 -0.26 0.02 0.29 0.14 0.75 1.23 1.53 -0.28 -0.12 0.16 0.43 
Loss: 0.718686  SIA Ef: -0.055540 Binding: -0.42 0.09 -0.01 0.11 0.07 0.39 0.18 0.24 -0.03 -0.29 -0.27  Rvol: 0.54 0.92 1.34 -0.33 -0.25 0.02 0.29 0.14 0.75 1.23 1.53 -0.28 -0.12 0.16 0.43 
Loss: 0.718653  SIA Ef: -0.055671 Binding: -0.42 0.09 -0.01 0.11 0.07 0.39 0.18 0.23 -0.03 -0.29 -0.28  Rvol: 0.54 0.92 1.34 -0.33 -0.25 0.02 0.29 0.14 0.75 1.23 1.53 -0.28 -0.12 0.16 0.43 
Loss: 0.719568  SIA Ef: -0.054436 Binding: -0.42 0.09 -0.01 0.11 0.07 0.39 0.18 0.23 -0.03 -0.29 -0.28  Rvol: 0.54 0.92 1.34 -0.33 -0.26 0.02 0.29 0.14 0.75 1.23 1.53 -0.28 -0.12 0.16 0.43 
Loss: 0.718647  SIA Ef: -0.056695 Binding: -0.42 0.09 -0.01 0.11 0.07 0.39 0.18 0.23 -0.03 -0.29 -0.28  Rvol: 0.54 0.92 1.34 -0.33 -0.25 0.02 0.29 0.14 0.75 1.23 1.53 -0.28 -0.12 0.16 0.43 
Loss: 0.718634  SIA Ef: -0.057831 Binding: -0.42 0.09 -0.01 0.11 0.07 0.39 0.18 0.23 -0.03 -0.29 -0.28  Rvol: 0.54 0.92 1.34 -0.33 -0.25 0.02 0.29 0.14 0.75 1.23 1.53 -0.28 -0.12 0.16 0.43 
Loss: 0.718625  SIA Ef: -0.059933 Binding: -0.42 0.09 -0.01 0.11 0.07 0.39 0.17 0.23 -0.03 -0.29 -0.28  Rvol: 0.54 0.92 1.34 -0.33 -0.25 0.02 0.29 0.14 0.75 1.23 1.53 -0.28 -0.12 0.16 0.43 
Loss: 0.718636  SIA Ef: -0.061194 Binding: -0.42 0.09 -0.01 0.11 0.07 0.39 0.17 0.23 -0.03 -0.29 -0.28  Rvol: 0.54 0.92 1.34 -0.33 -0.25 0.02 0.29 0.14 0.75 1.23 1.53 -0.28 -0.12 0.16 0.43 
Loss: 0.719398  SIA Ef: -0.057799 Binding: -0.42 0.09 -0.01 0.12 0.07 0.39 0.17 0.23 -0.03 -0.29 -0.28  Rvol: 0.54 0.92 1.34 -0.33 -0.26 0.02 0.29 0.14 0.75 1.23 1.53 -0.28 -0.12 0.16 0.43 
Loss: 0.718691  SIA Ef: -0.058820 Binding: -0.42 0.09 -0.00 0.11 0.07 0.39 0.17 0.23 -0.03 -0.29 -0.28  Rvol: 0.54 0.92 1.34 -0.33 -0.25 0.02 0.29 0.14 0.75 1.23 1.53 -0.28 -0.12 0.16 0.43 
Loss: 0.719642  SIA Ef: -0.058107 Binding: -0.42 0.09 -0.01 0.12 0.07 0.39 0.17 0.23 -0.03 -0.29 -0.28  Rvol: 0.54 0.92 1.34 -0.33 -0.26 0.02 0.29 0.14 0.75 1.23 1.53 -0.28 -0.12 0.16 0.43 
Loss: 0.718658  SIA Ef: -0.063927 Binding: -0.42 0.09 -0.01 0.11 0.08 0.39 0.18 0.23 -0.03 -0.29 -0.28  Rvol: 0.54 0.92 1.34 -0.33 -0.25 0.02 0.29 0.14 0.75 1.23 1.53 -0.28 -0.12 0.16 0.43 
Loss: 0.718618  SIA Ef: -0.061930 Binding: -0.42 0.09 -0.01 0.11 0.08 0.39 0.17 0.23 -0.03 -0.29 -0.28  Rvol: 0.54 0.92 1.34 -0.33 -0.25 0.02 0.29 0.14 0.75 1.23 1.53 -0.28 -0.12 0.16 0.43 
Loss: 0.718610  SIA Ef: -0.061166 Binding: -0.42 0.09 -0.01 0.11 0.08 0.39 0.17 0.23 -0.03 -0.29 -0.28  Rvol: 0.54 0.92 1.34 -0.33 -0.25 0.02 0.29 0.14 0.75 1.23 1.53 -0.28 -0.12 0.16 0.43 
Loss: 0.718681  SIA Ef: -0.061710 Binding: -0.42 0.09 -0.01 0.11 0.07 0.39 0.17 0.23 -0.03 -0.29 -0.28  Rvol: 0.54 0.92 1.34 -0.33 -0.25 0.02 0.29 0.14 0.75 1.23 1.53 -0.28 -0.12 0.16 0.43 
Loss: 0.718605  SIA Ef: -0.061445 Binding: -0.42 0.09 -0.01 0.11 0.07 0.39 0.17 0.23 -0.03 -0.29 -0.28  Rvol: 0.54 0.92 1.34 -0.33 -0.25 0.02 0.29 0.14 0.75 1.23 1.53 -0.28 -0.12 0.16 0.43 
Loss: 0.718514  SIA Ef: -0.061728 Binding: -0.42 0.09 -0.01 0.11 0.07 0.39 0.17 0.23 -0.03 -0.29 -0.28  Rvol: 0.54 0.92 1.34 -0.33 -0.25 0.02 0.29 0.14 0.75 1.23 1.53 -0.28 -0.12 0.16 0.43 
Loss: 0.718423  SIA Ef: -0.061824 Binding: -0.42 0.09 -0.01 0.11 0.08 0.39 0.17 0.23 -0.03 -0.29 -0.28  Rvol: 0.54 0.92 1.34 -0.33 -0.25 0.02 0.29 0.14 0.75 1.23 1.53 -0.28 -0.12 0.16 0.43 
Loss: 0.718333  SIA Ef: -0.061911 Binding: -0.42 0.09 -0.01 0.11 0.08 0.39 0.17 0.23 -0.03 -0.29 -0.28  Rvol: 0.54 0.92 1.34 -0.33 -0.25 0.02 0.29 0.14 0.75 1.23 1.53 -0.28 -0.12 0.16 0.43 
Loss: 0.718248  SIA Ef: -0.062007 Binding: -0.42 0.09 -0.01 0.11 0.08 0.39 0.17 0.23 -0.03 -0.29 -0.28  Rvol: 0.54 0.92 1.34 -0.33 -0.25 0.02 0.29 0.14 0.75 1.23 1.53 -0.28 -0.12 0.16 0.43 
Loss: 0.718165  SIA Ef: -0.062031 Binding: -0.42 0.09 -0.01 0.11 0.08 0.39 0.17 0.23 -0.03 -0.29 -0.28  Rvol: 0.54 0.92 1.34 -0.33 -0.25 0.02 0.29 0.14 0.75 1.23 1.53 -0.28 -0.12 0.16 0.43 
Loss: 0.718085  SIA Ef: -0.062421 Binding: -0.42 0.09 -0.01 0.11 0.08 0.39 0.17 0.23 -0.03 -0.29 -0.28  Rvol: 0.54 0.92 1.34 -0.33 -0.25 0.02 0.29 0.14 0.75 1.23 1.53 -0.28 -0.12 0.16 0.43 
Loss: 0.717999  SIA Ef: -0.062119 Binding: -0.42 0.09 -0.01 0.11 0.08 0.39 0.17 0.23 -0.03 -0.29 -0.28  Rvol: 0.54 0.92 1.34 -0.33 -0.25 0.02 0.29 0.14 0.75 1.23 1.53 -0.28 -0.12 0.16 0.43 
Loss: 0.717910  SIA Ef: -0.062153 Binding: -0.42 0.09 -0.01 0.11 0.08 0.39 0.17 0.23 -0.03 -0.29 -0.28  Rvol: 0.54 0.92 1.34 -0.33 -0.25 0.02 0.29 0.14 0.75 1.23 1.53 -0.28 -0.12 0.16 0.43 
Loss: 0.717828  SIA Ef: -0.062287 Binding: -0.42 0.09 -0.01 0.11 0.08 0.39 0.17 0.23 -0.03 -0.29 -0.28  Rvol: 0.54 0.92 1.34 -0.33 -0.25 0.02 0.29 0.14 0.75 1.23 1.53 -0.28 -0.12 0.16 0.43 
Loss: 0.717769  SIA Ef: -0.060707 Binding: -0.42 0.09 -0.01 0.11 0.08 0.39 0.17 0.23 -0.03 -0.29 -0.28  Rvol: 0.54 0.92 1.34 -0.33 -0.25 0.02 0.29 0.14 0.75 1.23 1.53 -0.28 -0.12 0.16 0.43 
Loss: 0.717731  SIA Ef: -0.061460 Binding: -0.42 0.09 -0.01 0.11 0.08 0.39 0.17 0.23 -0.03 -0.29 -0.28  Rvol: 0.54 0.92 1.34 -0.33 -0.25 0.02 0.29 0.14 0.75 1.23 1.53 -0.28 -0.12 0.16 0.43 
Loss: 0.717694  SIA Ef: -0.059908 Binding: -0.42 0.09 -0.01 0.11 0.08 0.39 0.17 0.23 -0.03 -0.29 -0.28  Rvol: 0.54 0.92 1.34 -0.33 -0.25 0.02 0.29 0.14 0.75 1.23 1.53 -0.28 -0.12 0.16 0.43 
Loss: 0.717651  SIA Ef: -0.059846 Binding: -0.42 0.09 -0.01 0.11 0.08 0.39 0.17 0.23 -0.03 -0.29 -0.28  Rvol: 0.54 0.92 1.34 -0.33 -0.25 0.02 0.29 0.14 0.75 1.23 1.53 -0.28 -0.12 0.16 0.43 
Loss: 0.717624  SIA Ef: -0.059845 Binding: -0.42 0.09 -0.01 0.11 0.08 0.39 0.17 0.23 -0.03 -0.29 -0.28  Rvol: 0.54 0.92 1.34 -0.33 -0.25 0.02 0.29 0.14 0.75 1.23 1.53 -0.28 -0.12 0.16 0.43 
Loss: 0.717542  SIA Ef: -0.059545 Binding: -0.42 0.09 -0.01 0.11 0.08 0.39 0.17 0.23 -0.03 -0.29 -0.28  Rvol: 0.54 0.92 1.34 -0.33 -0.25 0.02 0.29 0.14 0.75 1.23 1.53 -0.28 -0.12 0.16 0.43 
Loss: 0.717461  SIA Ef: -0.060159 Binding: -0.42 0.09 -0.01 0.11 0.08 0.39 0.17 0.23 -0.03 -0.29 -0.28  Rvol: 0.54 0.92 1.34 -0.33 -0.25 0.02 0.29 0.14 0.75 1.23 1.53 -0.28 -0.12 0.16 0.43 
Loss: 0.717377  SIA Ef: -0.060345 Binding: -0.42 0.09 -0.01 0.11 0.08 0.39 0.17 0.23 -0.03 -0.29 -0.28  Rvol: 0.54 0.92 1.34 -0.33 -0.25 0.02 0.29 0.14 0.75 1.23 1.53 -0.28 -0.12 0.16 0.43 
Loss: 0.717304  SIA Ef: -0.061437 Binding: -0.42 0.09 -0.01 0.11 0.08 0.39 0.17 0.23 -0.03 -0.29 -0.28  Rvol: 0.54 0.92 1.34 -0.33 -0.25 0.02 0.29 0.14 0.75 1.23 1.53 -0.28 -0.12 0.16 0.43 
Loss: 0.717230  SIA Ef: -0.061652 Binding: -0.42 0.09 -0.01 0.11 0.08 0.39 0.17 0.23 -0.03 -0.29 -0.28  Rvol: 0.54 0.92 1.34 -0.33 -0.25 0.02 0.29 0.14 0.75 1.23 1.53 -0.28 -0.12 0.16 0.43 
Loss: 0.717145  SIA Ef: -0.061398 Binding: -0.42 0.09 -0.01 0.11 0.08 0.39 0.17 0.23 -0.03 -0.29 -0.28  Rvol: 0.54 0.92 1.34 -0.33 -0.25 0.02 0.29 0.14 0.75 1.23 1.53 -0.28 -0.12 0.16 0.43 
Loss: 0.717073  SIA Ef: -0.061578 Binding: -0.42 0.09 -0.01 0.11 0.08 0.39 0.17 0.23 -0.03 -0.29 -0.28  Rvol: 0.54 0.92 1.34 -0.33 -0.25 0.02 0.29 0.14 0.75 1.23 1.53 -0.28 -0.12 0.16 0.43 
Loss: 0.716995  SIA Ef: -0.060566 Binding: -0.42 0.09 -0.01 0.11 0.08 0.39 0.17 0.23 -0.03 -0.29 -0.28  Rvol: 0.54 0.92 1.34 -0.33 -0.25 0.02 0.29 0.14 0.75 1.23 1.53 -0.28 -0.12 0.16 0.43 
Loss: 0.717842  SIA Ef: -0.059638 Binding: -0.42 0.09 -0.01 0.12 0.08 0.39 0.17 0.23 -0.03 -0.29 -0.28  Rvol: 0.54 0.92 1.34 -0.33 -0.26 0.02 0.29 0.14 0.75 1.23 1.53 -0.28 -0.12 0.16 0.43 
Loss: 0.716991  SIA Ef: -0.059826 Binding: -0.42 0.09 -0.01 0.11 0.08 0.39 0.17 0.23 -0.03 -0.29 -0.28  Rvol: 0.54 0.92 1.34 -0.33 -0.25 0.02 0.29 0.14 0.75 1.23 1.53 -0.28 -0.12 0.16 0.43 
Loss: 0.717908  SIA Ef: -0.060597 Binding: -0.42 0.09 -0.01 0.12 0.08 0.39 0.17 0.23 -0.03 -0.29 -0.28  Rvol: 0.54 0.92 1.34 -0.33 -0.26 0.02 0.29 0.14 0.75 1.23 1.53 -0.28 -0.12 0.16 0.43 
Loss: 0.717924  SIA Ef: -0.058932 Binding: -0.42 0.09 -0.01 0.12 0.08 0.39 0.17 0.23 -0.03 -0.29 -0.28  Rvol: 0.54 0.92 1.34 -0.33 -0.26 0.02 0.29 0.14 0.75 1.23 1.53 -0.28 -0.12 0.16 0.43 
Loss: 0.716996  SIA Ef: -0.060797 Binding: -0.42 0.09 -0.01 0.11 0.08 0.39 0.17 0.23 -0.03 -0.29 -0.28  Rvol: 0.54 0.92 1.34 -0.33 -0.25 0.02 0.29 0.14 0.75 1.23 1.53 -0.28 -0.12 0.16 0.43 
Loss: 0.716991  SIA Ef: -0.059914 Binding: -0.42 0.09 -0.01 0.11 0.08 0.39 0.17 0.23 -0.03 -0.29 -0.28  Rvol: 0.54 0.92 1.34 -0.33 -0.25 0.02 0.29 0.14 0.75 1.23 1.53 -0.28 -0.12 0.16 0.43 
Loss: 0.716987  SIA Ef: -0.060615 Binding: -0.42 0.09 -0.01 0.11 0.08 0.39 0.17 0.23 -0.03 -0.29 -0.28  Rvol: 0.54 0.92 1.34 -0.33 -0.25 0.02 0.29 0.14 0.75 1.23 1.53 -0.28 -0.12 0.16 0.43 
Loss: 0.716989  SIA Ef: -0.059735 Binding: -0.42 0.09 -0.01 0.11 0.08 0.39 0.17 0.23 -0.03 -0.29 -0.28  Rvol: 0.54 0.92 1.34 -0.33 -0.25 0.02 0.29 0.14 0.75 1.23 1.53 -0.28 -0.12 0.16 0.43 
Loss: 0.717008  SIA Ef: -0.060732 Binding: -0.42 0.09 -0.01 0.11 0.08 0.39 0.17 0.23 -0.03 -0.29 -0.28  Rvol: 0.54 0.92 1.34 -0.33 -0.25 0.02 0.29 0.14 0.75 1.23 1.53 -0.28 -0.12 0.16 0.43 
Loss: 0.716991  SIA Ef: -0.060057 Binding: -0.42 0.09 -0.01 0.11 0.08 0.39 0.17 0.23 -0.03 -0.29 -0.28  Rvol: 0.54 0.92 1.34 -0.33 -0.25 0.02 0.29 0.14 0.75 1.23 1.53 -0.28 -0.12 0.16 0.43 
Loss: 0.717024  SIA Ef: -0.061115 Binding: -0.42 0.09 -0.01 0.11 0.08 0.39 0.17 0.23 -0.03 -0.29 -0.28  Rvol: 0.54 0.92 1.34 -0.33 -0.25 0.02 0.29 0.14 0.75 1.23 1.53 -0.28 -0.12 0.16 0.43 
Loss: 0.716969  SIA Ef: -0.062123 Binding: -0.42 0.09 -0.01 0.11 0.08 0.39 0.17 0.23 -0.03 -0.29 -0.28  Rvol: 0.54 0.92 1.34 -0.33 -0.25 0.02 0.29 0.14 0.75 1.23 1.53 -0.28 -0.12 0.16 0.43 
Loss: 0.716973  SIA Ef: -0.062736 Binding: -0.42 0.09 -0.01 0.11 0.08 0.39 0.17 0.23 -0.03 -0.29 -0.28  Rvol: 0.54 0.92 1.34 -0.33 -0.25 0.02 0.29 0.14 0.75 1.23 1.53 -0.28 -0.12 0.16 0.43 
Loss: 0.716948  SIA Ef: -0.061892 Binding: -0.42 0.09 -0.01 0.11 0.08 0.39 0.17 0.23 -0.03 -0.29 -0.28  Rvol: 0.54 0.92 1.34 -0.33 -0.25 0.02 0.29 0.14 0.75 1.23 1.53 -0.28 -0.12 0.16 0.43 
Loss: 0.716910  SIA Ef: -0.061479 Binding: -0.42 0.09 -0.01 0.11 0.08 0.39 0.17 0.23 -0.03 -0.29 -0.28  Rvol: 0.54 0.92 1.34 -0.33 -0.25 0.02 0.29 0.14 0.75 1.23 1.53 -0.28 -0.12 0.16 0.43 
Loss: 0.716882  SIA Ef: -0.061192 Binding: -0.42 0.09 -0.01 0.11 0.08 0.39 0.17 0.23 -0.03 -0.29 -0.28  Rvol: 0.54 0.92 1.34 -0.33 -0.25 0.02 0.29 0.14 0.75 1.23 1.53 -0.28 -0.12 0.16 0.43 
Loss: 0.716858  SIA Ef: -0.060938 Binding: -0.42 0.09 -0.01 0.11 0.08 0.39 0.17 0.23 -0.03 -0.29 -0.28  Rvol: 0.54 0.92 1.34 -0.33 -0.25 0.02 0.29 0.14 0.75 1.23 1.53 -0.28 -0.12 0.16 0.43 
Loss: 0.716844  SIA Ef: -0.060360 Binding: -0.42 0.09 -0.01 0.11 0.08 0.39 0.17 0.23 -0.03 -0.29 -0.28  Rvol: 0.54 0.92 1.34 -0.33 -0.25 0.02 0.29 0.14 0.75 1.23 1.53 -0.28 -0.12 0.16 0.43 
Loss: 0.716840  SIA Ef: -0.060513 Binding: -0.42 0.09 -0.01 0.11 0.08 0.39 0.17 0.23 -0.03 -0.29 -0.28  Rvol: 0.54 0.92 1.34 -0.33 -0.25 0.02 0.29 0.14 0.75 1.23 1.53 -0.28 -0.12 0.16 0.43 
Loss: 0.716841  SIA Ef: -0.060741 Binding: -0.42 0.09 -0.01 0.11 0.08 0.39 0.17 0.23 -0.03 -0.29 -0.28  Rvol: 0.54 0.92 1.34 -0.33 -0.25 0.02 0.29 0.14 0.75 1.23 1.53 -0.28 -0.12 0.16 0.43 
Loss: 0.716830  SIA Ef: -0.060505 Binding: -0.42 0.09 -0.01 0.11 0.08 0.39 0.17 0.23 -0.03 -0.29 -0.28  Rvol: 0.54 0.92 1.34 -0.33 -0.25 0.02 0.29 0.14 0.75 1.23 1.53 -0.28 -0.12 0.16 0.43 
Loss: 0.716827  SIA Ef: -0.060203 Binding: -0.42 0.09 -0.01 0.11 0.08 0.39 0.17 0.23 -0.03 -0.29 -0.28  Rvol: 0.54 0.92 1.34 -0.33 -0.25 0.02 0.29 0.14 0.75 1.23 1.53 -0.28 -0.12 0.16 0.43 
Loss: 0.717742  SIA Ef: -0.059205 Binding: -0.42 0.09 -0.01 0.12 0.08 0.39 0.17 0.23 -0.03 -0.29 -0.28  Rvol: 0.54 0.92 1.34 -0.33 -0.26 0.02 0.29 0.14 0.75 1.23 1.53 -0.28 -0.12 0.16 0.43 
Loss: 0.716823  SIA Ef: -0.060486 Binding: -0.42 0.09 -0.01 0.11 0.08 0.39 0.17 0.23 -0.03 -0.29 -0.28  Rvol: 0.54 0.92 1.34 -0.33 -0.25 0.02 0.29 0.14 0.75 1.23 1.53 -0.28 -0.12 0.16 0.43 
Loss: 0.716820  SIA Ef: -0.061279 Binding: -0.42 0.09 -0.01 0.11 0.08 0.39 0.17 0.23 -0.03 -0.29 -0.28  Rvol: 0.54 0.92 1.34 -0.33 -0.25 0.02 0.29 0.14 0.75 1.23 1.53 -0.28 -0.12 0.16 0.43 
Loss: 0.716821  SIA Ef: -0.061292 Binding: -0.42 0.09 -0.01 0.11 0.08 0.39 0.17 0.23 -0.03 -0.29 -0.28  Rvol: 0.54 0.92 1.34 -0.33 -0.25 0.02 0.29 0.14 0.75 1.23 1.53 -0.28 -0.12 0.16 0.43 
Loss: 0.716853  SIA Ef: -0.061550 Binding: -0.42 0.09 -0.01 0.11 0.08 0.39 0.17 0.23 -0.03 -0.29 -0.28  Rvol: 0.54 0.92 1.34 -0.33 -0.25 0.02 0.29 0.14 0.75 1.23 1.53 -0.28 -0.12 0.16 0.43 
Loss: 0.716820  SIA Ef: -0.061079 Binding: -0.42 0.09 -0.01 0.11 0.08 0.39 0.17 0.23 -0.03 -0.29 -0.28  Rvol: 0.54 0.92 1.34 -0.33 -0.25 0.02 0.29 0.14 0.75 1.23 1.53 -0.28 -0.12 0.16 0.43 
Loss: 0.716844  SIA Ef: -0.061759 Binding: -0.42 0.09 -0.01 0.11 0.08 0.39 0.17 0.23 -0.03 -0.29 -0.28  Rvol: 0.54 0.92 1.34 -0.33 -0.25 0.02 0.29 0.14 0.75 1.23 1.53 -0.28 -0.12 0.16 0.43 
Loss: 0.716783  SIA Ef: -0.060851 Binding: -0.42 0.09 -0.01 0.11 0.08 0.39 0.17 0.23 -0.03 -0.29 -0.28  Rvol: 0.54 0.92 1.34 -0.33 -0.25 0.02 0.29 0.14 0.75 1.23 1.53 -0.28 -0.12 0.16 0.43 
Loss: 0.716745  SIA Ef: -0.060416 Binding: -0.42 0.09 -0.01 0.11 0.08 0.39 0.17 0.23 -0.03 -0.29 -0.28  Rvol: 0.54 0.92 1.34 -0.33 -0.25 0.02 0.29 0.14 0.75 1.23 1.53 -0.28 -0.12 0.16 0.43 
Loss: 0.716708  SIA Ef: -0.059921 Binding: -0.42 0.09 -0.01 0.11 0.08 0.39 0.17 0.23 -0.03 -0.29 -0.28  Rvol: 0.54 0.92 1.34 -0.33 -0.25 0.02 0.29 0.14 0.75 1.23 1.53 -0.28 -0.12 0.16 0.43 
Loss: 0.716673  SIA Ef: -0.059518 Binding: -0.42 0.09 -0.01 0.11 0.08 0.39 0.17 0.23 -0.03 -0.29 -0.28  Rvol: 0.54 0.92 1.34 -0.33 -0.25 0.02 0.29 0.14 0.75 1.23 1.53 -0.28 -0.12 0.16 0.43 
Loss: 0.717576  SIA Ef: -0.058918 Binding: -0.42 0.09 -0.01 0.12 0.08 0.39 0.17 0.23 -0.03 -0.29 -0.28  Rvol: 0.54 0.92 1.34 -0.33 -0.26 0.02 0.29 0.14 0.75 1.23 1.53 -0.28 -0.12 0.16 0.43 
Loss: 0.716673  SIA Ef: -0.059635 Binding: -0.42 0.09 -0.01 0.11 0.08 0.39 0.17 0.23 -0.03 -0.29 -0.28  Rvol: 0.54 0.92 1.34 -0.33 -0.25 0.02 0.29 0.14 0.75 1.23 1.53 -0.28 -0.12 0.16 0.43 
Loss: 0.716677  SIA Ef: -0.060097 Binding: -0.42 0.09 -0.01 0.11 0.08 0.39 0.17 0.23 -0.03 -0.29 -0.28  Rvol: 0.54 0.92 1.34 -0.33 -0.25 0.02 0.29 0.14 0.75 1.23 1.53 -0.28 -0.12 0.16 0.43 
Loss: 0.716676  SIA Ef: -0.059311 Binding: -0.42 0.09 -0.01 0.11 0.08 0.39 0.17 0.23 -0.03 -0.29 -0.28  Rvol: 0.54 0.92 1.34 -0.33 -0.25 0.02 0.29 0.14 0.75 1.23 1.53 -0.28 -0.12 0.16 0.43 
Loss: 0.716673  SIA Ef: -0.059849 Binding: -0.42 0.09 -0.01 0.11 0.08 0.39 0.17 0.23 -0.03 -0.29 -0.28  Rvol: 0.54 0.92 1.34 -0.33 -0.25 0.02 0.29 0.14 0.75 1.23 1.53 -0.28 -0.12 0.16 0.43 
Loss: 0.716671  SIA Ef: -0.059586 Binding: -0.42 0.09 -0.01 0.11 0.08 0.39 0.17 0.23 -0.03 -0.29 -0.28  Rvol: 0.54 0.92 1.34 -0.33 -0.25 0.02 0.29 0.14 0.75 1.23 1.53 -0.28 -0.12 0.16 0.43 
Loss: 0.717614  SIA Ef: -0.059493 Binding: -0.42 0.09 -0.01 0.12 0.08 0.39 0.17 0.23 -0.03 -0.29 -0.28  Rvol: 0.54 0.92 1.34 -0.33 -0.26 0.02 0.29 0.14 0.75 1.23 1.53 -0.28 -0.12 0.16 0.43 
Loss: 0.716676  SIA Ef: -0.059337 Binding: -0.42 0.09 -0.01 0.11 0.08 0.39 0.17 0.23 -0.03 -0.29 -0.28  Rvol: 0.54 0.92 1.34 -0.33 -0.25 0.02 0.29 0.14 0.75 1.23 1.53 -0.28 -0.12 0.16 0.43 
Loss: 0.716664  SIA Ef: -0.059671 Binding: -0.42 0.09 -0.01 0.11 0.08 0.39 0.17 0.23 -0.03 -0.29 -0.28  Rvol: 0.54 0.92 1.34 -0.33 -0.25 0.02 0.29 0.14 0.75 1.23 1.53 -0.28 -0.12 0.16 0.43 
Loss: 0.716663  SIA Ef: -0.060008 Binding: -0.42 0.09 -0.01 0.11 0.08 0.39 0.17 0.23 -0.03 -0.29 -0.28  Rvol: 0.54 0.92 1.34 -0.33 -0.25 0.02 0.29 0.14 0.75 1.23 1.53 -0.28 -0.12 0.16 0.43 
Loss: 0.716625  SIA Ef: -0.059947 Binding: -0.42 0.09 -0.01 0.11 0.08 0.39 0.17 0.23 -0.03 -0.29 -0.28  Rvol: 0.54 0.92 1.34 -0.33 -0.25 0.02 0.29 0.14 0.75 1.23 1.53 -0.28 -0.12 0.16 0.43 
Loss: 0.717523  SIA Ef: -0.059825 Binding: -0.42 0.09 -0.01 0.12 0.08 0.39 0.17 0.23 -0.03 -0.29 -0.28  Rvol: 0.54 0.92 1.34 -0.33 -0.26 0.02 0.29 0.14 0.75 1.23 1.53 -0.28 -0.12 0.16 0.43 
Loss: 0.716624  SIA Ef: -0.060099 Binding: -0.42 0.09 -0.01 0.11 0.08 0.39 0.17 0.23 -0.03 -0.29 -0.28  Rvol: 0.54 0.92 1.34 -0.33 -0.25 0.02 0.29 0.14 0.75 1.23 1.53 -0.28 -0.12 0.16 0.43 
Loss: 0.716586  SIA Ef: -0.059980 Binding: -0.42 0.09 -0.01 0.11 0.08 0.39 0.17 0.23 -0.03 -0.29 -0.28  Rvol: 0.54 0.92 1.34 -0.33 -0.25 0.02 0.29 0.14 0.75 1.23 1.53 -0.28 -0.12 0.16 0.43 
Loss: 0.717484  SIA Ef: -0.059834 Binding: -0.42 0.09 -0.01 0.12 0.08 0.39 0.17 0.23 -0.03 -0.29 -0.28  Rvol: 0.54 0.92 1.34 -0.33 -0.26 0.02 0.29 0.14 0.75 1.23 1.53 -0.28 -0.12 0.16 0.43 
Loss: 0.717518  SIA Ef: -0.059631 Binding: -0.42 0.09 -0.01 0.12 0.08 0.39 0.17 0.23 -0.03 -0.29 -0.28  Rvol: 0.54 0.92 1.34 -0.33 -0.26 0.02 0.29 0.14 0.75 1.23 1.53 -0.28 -0.12 0.16 0.43 
Loss: 0.716586  SIA Ef: -0.060675 Binding: -0.42 0.09 -0.01 0.11 0.08 0.39 0.17 0.23 -0.03 -0.29 -0.28  Rvol: 0.54 0.92 1.34 -0.33 -0.25 0.02 0.29 0.14 0.75 1.23 1.53 -0.28 -0.12 0.16 0.43 
Loss: 0.717521  SIA Ef: -0.059708 Binding: -0.42 0.09 -0.01 0.12 0.08 0.39 0.17 0.23 -0.03 -0.29 -0.28  Rvol: 0.54 0.92 1.34 -0.33 -0.26 0.02 0.29 0.14 0.75 1.23 1.53 -0.28 -0.12 0.16 0.43 
Loss: 0.716584  SIA Ef: -0.060521 Binding: -0.42 0.09 -0.01 0.11 0.08 0.39 0.17 0.23 -0.03 -0.29 -0.28  Rvol: 0.54 0.92 1.34 -0.33 -0.25 0.02 0.29 0.14 0.75 1.23 1.53 -0.28 -0.12 0.16 0.43 
Loss: 0.716588  SIA Ef: -0.060357 Binding: -0.42 0.09 -0.01 0.11 0.08 0.39 0.17 0.23 -0.03 -0.29 -0.28  Rvol: 0.54 0.92 1.34 -0.33 -0.25 0.02 0.29 0.14 0.75 1.23 1.53 -0.28 -0.12 0.16 0.43 
Loss: 0.716550  SIA Ef: -0.060488 Binding: -0.42 0.09 -0.01 0.11 0.08 0.39 0.17 0.23 -0.03 -0.29 -0.28  Rvol: 0.54 0.92 1.34 -0.33 -0.25 0.02 0.29 0.14 0.75 1.23 1.53 -0.28 -0.12 0.16 0.43 
Loss: 0.716518  SIA Ef: -0.060873 Binding: -0.42 0.09 -0.01 0.11 0.08 0.39 0.17 0.23 -0.03 -0.29 -0.28  Rvol: 0.54 0.92 1.34 -0.33 -0.25 0.02 0.29 0.14 0.75 1.23 1.53 -0.28 -0.12 0.16 0.43 
Loss: 0.716483  SIA Ef: -0.060949 Binding: -0.42 0.09 -0.01 0.11 0.08 0.39 0.17 0.23 -0.03 -0.29 -0.28  Rvol: 0.54 0.92 1.34 -0.33 -0.25 0.02 0.29 0.14 0.75 1.23 1.53 -0.28 -0.12 0.16 0.43 
Loss: 0.716447  SIA Ef: -0.061140 Binding: -0.42 0.09 -0.01 0.11 0.08 0.39 0.17 0.23 -0.03 -0.29 -0.28  Rvol: 0.54 0.92 1.34 -0.33 -0.25 0.02 0.29 0.14 0.75 1.23 1.53 -0.28 -0.12 0.16 0.43 
Loss: 0.716411  SIA Ef: -0.061105 Binding: -0.42 0.09 -0.01 0.11 0.08 0.39 0.17 0.23 -0.03 -0.29 -0.28  Rvol: 0.54 0.92 1.34 -0.33 -0.25 0.02 0.29 0.14 0.75 1.23 1.53 -0.28 -0.12 0.16 0.43 
Loss: 0.716378  SIA Ef: -0.061127 Binding: -0.42 0.09 -0.01 0.11 0.08 0.39 0.17 0.23 -0.03 -0.29 -0.28  Rvol: 0.54 0.92 1.34 -0.33 -0.25 0.02 0.29 0.14 0.75 1.23 1.53 -0.28 -0.12 0.16 0.43 
Loss: 0.716346  SIA Ef: -0.061420 Binding: -0.42 0.09 -0.01 0.11 0.08 0.39 0.17 0.23 -0.03 -0.29 -0.28  Rvol: 0.54 0.92 1.34 -0.33 -0.25 0.02 0.29 0.14 0.75 1.23 1.53 -0.28 -0.12 0.16 0.43 
Loss: 0.716312  SIA Ef: -0.061376 Binding: -0.42 0.09 -0.01 0.11 0.08 0.39 0.17 0.23 -0.03 -0.29 -0.28  Rvol: 0.54 0.92 1.34 -0.33 -0.25 0.02 0.29 0.14 0.75 1.23 1.53 -0.28 -0.12 0.16 0.43 
Loss: 0.716275  SIA Ef: -0.061493 Binding: -0.42 0.09 -0.01 0.11 0.08 0.39 0.17 0.23 -0.03 -0.29 -0.28  Rvol: 0.54 0.92 1.34 -0.33 -0.25 0.02 0.29 0.14 0.75 1.23 1.53 -0.28 -0.12 0.16 0.43 
Loss: 0.716244  SIA Ef: -0.061276 Binding: -0.42 0.09 -0.01 0.11 0.08 0.39 0.17 0.23 -0.03 -0.29 -0.28  Rvol: 0.54 0.92 1.34 -0.33 -0.25 0.02 0.29 0.14 0.75 1.23 1.53 -0.28 -0.12 0.16 0.43 
Loss: 0.716207  SIA Ef: -0.061372 Binding: -0.42 0.09 -0.01 0.11 0.08 0.39 0.17 0.23 -0.03 -0.29 -0.28  Rvol: 0.54 0.92 1.34 -0.33 -0.25 0.02 0.29 0.14 0.75 1.23 1.53 -0.28 -0.12 0.16 0.43 
Loss: 0.716211  SIA Ef: -0.061507 Binding: -0.42 0.09 -0.01 0.11 0.08 0.39 0.17 0.23 -0.03 -0.29 -0.28  Rvol: 0.54 0.92 1.34 -0.33 -0.25 0.02 0.29 0.14 0.75 1.23 1.53 -0.28 -0.12 0.16 0.43 
Loss: 0.716208  SIA Ef: -0.061502 Binding: -0.42 0.09 -0.01 0.11 0.08 0.39 0.17 0.23 -0.03 -0.29 -0.28  Rvol: 0.54 0.92 1.34 -0.33 -0.25 0.02 0.29 0.14 0.75 1.23 1.53 -0.28 -0.12 0.16 0.43 
Loss: 0.716211  SIA Ef: -0.061894 Binding: -0.42 0.09 -0.01 0.11 0.08 0.39 0.17 0.23 -0.03 -0.29 -0.28  Rvol: 0.54 0.92 1.34 -0.33 -0.25 0.02 0.29 0.14 0.75 1.23 1.53 -0.28 -0.12 0.16 0.43 
Loss: 0.716209  SIA Ef: -0.061423 Binding: -0.42 0.09 -0.01 0.11 0.08 0.39 0.17 0.23 -0.03 -0.29 -0.28  Rvol: 0.54 0.92 1.34 -0.33 -0.25 0.02 0.29 0.14 0.75 1.23 1.53 -0.28 -0.12 0.16 0.43 
Loss: 0.716208  SIA Ef: -0.062081 Binding: -0.42 0.09 -0.01 0.11 0.08 0.39 0.17 0.23 -0.03 -0.29 -0.28  Rvol: 0.54 0.92 1.34 -0.33 -0.25 0.02 0.29 0.14 0.75 1.23 1.53 -0.28 -0.12 0.16 0.43 
Loss: 0.716210  SIA Ef: -0.061439 Binding: -0.42 0.09 -0.01 0.11 0.08 0.39 0.17 0.23 -0.03 -0.29 -0.28  Rvol: 0.54 0.92 1.34 -0.33 -0.25 0.02 0.29 0.14 0.75 1.23 1.53 -0.28 -0.12 0.16 0.43 
Loss: 0.716213  SIA Ef: -0.062124 Binding: -0.42 0.09 -0.01 0.11 0.08 0.39 0.17 0.23 -0.03 -0.29 -0.28  Rvol: 0.54 0.92 1.34 -0.33 -0.25 0.02 0.29 0.14 0.75 1.23 1.53 -0.28 -0.12 0.16 0.43 
Loss: 0.716203  SIA Ef: -0.061216 Binding: -0.42 0.09 -0.01 0.11 0.08 0.39 0.17 0.23 -0.03 -0.29 -0.28  Rvol: 0.54 0.92 1.34 -0.33 -0.25 0.02 0.29 0.14 0.75 1.23 1.53 -0.28 -0.12 0.16 0.43 
Loss: 0.717112  SIA Ef: -0.060711 Binding: -0.42 0.09 -0.01 0.12 0.08 0.39 0.17 0.23 -0.03 -0.29 -0.28  Rvol: 0.54 0.92 1.34 -0.33 -0.26 0.02 0.29 0.14 0.75 1.23 1.53 -0.28 -0.12 0.16 0.43 
Loss: 0.716207  SIA Ef: -0.061486 Binding: -0.42 0.09 -0.01 0.11 0.08 0.39 0.17 0.23 -0.03 -0.29 -0.28  Rvol: 0.54 0.92 1.34 -0.33 -0.25 0.02 0.29 0.14 0.75 1.23 1.53 -0.28 -0.12 0.16 0.43 
Loss: 0.716213  SIA Ef: -0.061849 Binding: -0.42 0.09 -0.01 0.11 0.08 0.39 0.17 0.23 -0.03 -0.29 -0.28  Rvol: 0.54 0.92 1.34 -0.33 -0.25 0.02 0.29 0.14 0.75 1.23 1.53 -0.28 -0.12 0.16 0.43 
