Start Optimization 
Loss: 3.471750  SIA Ef: -0.149947 Binding: 0.13 0.45 0.66 0.40 0.50 0.02 -0.52 -0.05 -0.53 -0.88 -0.94  Rvol: 0.57 1.00 1.42 -0.33 -0.30 -0.05 0.23 0.14 0.74 1.26 1.64 -0.28 -0.15 0.12 0.42 
Loss: 3.613594  SIA Ef: -0.089725 Binding: 0.13 0.46 0.67 0.41 0.52 0.01 -0.54 -0.06 -0.55 -0.91 -0.96  Rvol: 0.57 1.00 1.42 -0.33 -0.30 -0.05 0.24 0.14 0.75 1.26 1.65 -0.28 -0.15 0.13 0.43 
Loss: 70.190160  SIA Ef: 4.516784 Binding: 1.35 2.55 4.92 2.60 2.33 0.02 -0.78 0.07 -0.76 -1.04 -0.83  Rvol: 0.77 1.46 2.12 -0.33 -0.04 0.33 0.75 0.14 0.96 1.70 2.38 -0.28 0.11 0.51 0.96 
Loss: 52.275327  SIA Ef: 0.597910 Binding: 1.30 1.04 -5.37 0.04 1.64 0.82 -0.43 -0.45 3.58 -0.15 1.54  Rvol: 0.55 1.16 1.81 -0.33 -0.09 0.48 0.79 0.14 0.81 1.37 1.49 -0.28 0.16 0.64 1.11 
Loss: 251.136237  SIA Ef: 11.641049 Binding: 3.37 1.30 8.67 3.06 1.54 1.28 -0.87 -0.75 -1.01 -1.59 -1.61  Rvol: 1.31 2.09 3.16 -0.33 -0.21 -0.02 0.44 0.14 1.39 2.58 3.38 -0.28 -0.06 0.17 0.62 
Loss: 9.964241  SIA Ef: -0.149947 Binding: 0.13 0.45 0.66 0.40 0.50 -0.35 -1.35 -0.31 -1.21 -1.64 -1.59  Rvol: 0.57 1.00 1.42 -0.33 -0.30 -0.05 0.23 0.14 0.75 1.19 1.65 -0.28 -0.07 0.17 0.47 
Loss: 6.913753  SIA Ef: -0.149947 Binding: 0.13 0.45 0.66 0.40 0.50 -0.11 -0.69 -1.09 -0.56 -1.08 -1.58  Rvol: 0.57 1.00 1.42 -0.33 -0.30 -0.05 0.23 0.14 0.73 1.20 1.61 -0.28 -0.19 0.06 0.30 
Loss: 2.510131  SIA Ef: -0.149947 Binding: 0.13 0.45 0.66 0.40 0.50 0.14 -0.31 0.32 -0.47 -0.69 -0.58  Rvol: 0.57 1.00 1.42 -0.33 -0.30 -0.05 0.23 0.14 0.75 1.26 1.64 -0.28 -0.14 0.14 0.42 
Loss: 2.841762  SIA Ef: -0.149947 Binding: -0.14 -0.22 0.66 -0.56 -0.91 0.14 -0.08 0.29 -0.47 -0.63 -0.41  Rvol: 0.57 1.07 1.50 -0.33 -0.30 -0.01 0.35 0.14 0.75 1.31 1.73 -0.28 -0.14 0.19 0.55 
Loss: 2.244353  SIA Ef: -0.149947 Binding: -0.16 0.23 0.66 0.45 0.09 0.14 -0.63 0.08 -0.47 -0.73 -0.46  Rvol: 0.57 0.96 1.35 -0.33 -0.30 -0.08 0.15 0.14 0.75 1.16 1.58 -0.28 -0.14 0.11 0.35 
Loss: 2.119949  SIA Ef: -0.149947 Binding: -0.15 0.28 0.66 0.42 0.09 0.14 -0.55 0.13 -0.47 -0.72 -0.42  Rvol: 0.57 0.96 1.36 -0.33 -0.30 -0.08 0.17 0.14 0.75 1.19 1.59 -0.28 -0.14 0.12 0.37 
Loss: 271.540148  SIA Ef: -15.253152 Binding: -0.07 0.38 -4.60 -0.65 -0.34 0.39 -1.11 -0.41 2.93 -1.01 1.27  Rvol: -0.12 -0.19 -0.27 -0.33 -0.37 -0.54 -0.72 0.14 0.28 -0.07 -0.56 -0.28 -0.33 -0.57 -0.48 
Loss: 14.872093  SIA Ef: 1.418307 Binding: 0.40 1.06 2.40 1.42 1.21 0.17 -0.75 0.38 -0.61 -0.77 -0.43  Rvol: 0.62 1.13 1.55 -0.33 -0.18 0.11 0.43 0.14 0.86 1.30 1.88 -0.28 -0.02 0.31 0.63 
Loss: 2.079182  SIA Ef: -0.163658 Binding: -0.16 0.28 0.65 0.41 0.09 0.14 -0.54 0.14 -0.46 -0.72 -0.42  Rvol: 0.57 0.96 1.36 -0.33 -0.30 -0.08 0.17 0.14 0.75 1.19 1.59 -0.28 -0.14 0.12 0.37 
Loss: 32.469036  SIA Ef: -0.130318 Binding: -0.37 0.67 -4.33 1.29 -0.46 0.60 -0.02 -0.37 2.82 -1.59 0.39  Rvol: 0.47 0.87 1.33 -0.33 -0.26 0.16 0.34 0.14 0.74 1.18 1.31 -0.28 0.03 0.18 0.60 
Loss: 1.524829  SIA Ef: -0.078588 Binding: -0.15 0.26 0.71 0.42 0.09 0.31 -0.10 0.57 -0.26 -0.34 0.02  Rvol: 0.58 0.97 1.38 -0.33 -0.30 -0.08 0.18 0.14 0.75 1.19 1.59 -0.28 -0.15 0.10 0.35 
Loss: 74.300471  SIA Ef: 5.974170 Binding: 0.88 0.97 5.34 1.76 0.92 0.32 -0.52 0.76 -0.65 -0.70 -0.55  Rvol: 0.97 1.69 2.20 -0.33 -0.26 -0.09 0.32 0.14 1.10 1.85 2.51 -0.28 -0.10 0.15 0.52 
Loss: 2.314911  SIA Ef: -0.123003 Binding: -0.15 0.27 0.68 0.42 0.09 0.43 -0.05 1.00 -0.19 -0.15 0.43  Rvol: 0.57 0.97 1.37 -0.33 -0.30 -0.08 0.17 0.14 0.75 1.19 1.60 -0.28 -0.13 0.12 0.37 
Loss: 52.892664  SIA Ef: -6.882628 Binding: 0.29 0.43 -1.60 0.09 0.78 0.58 -0.60 -0.09 0.85 -0.27 0.02  Rvol: 0.23 0.66 0.55 -0.33 -0.34 -0.25 -0.19 0.14 0.51 0.62 0.59 -0.28 -0.25 -0.12 -0.09 
Loss: 1.552198  SIA Ef: -0.076158 Binding: -0.16 0.27 0.67 0.41 0.08 0.33 -0.08 0.65 -0.23 -0.30 0.11  Rvol: 0.58 0.97 1.37 -0.33 -0.30 -0.07 0.18 0.14 0.75 1.20 1.59 -0.28 -0.14 0.11 0.35 
Loss: 41.616087  SIA Ef: -0.979949 Binding: -0.38 0.65 -4.81 1.45 -0.56 0.79 0.36 -0.04 3.30 -1.33 1.02  Rvol: 0.43 0.80 1.24 -0.33 -0.27 0.13 0.29 0.14 0.72 1.11 1.18 -0.28 0.01 0.12 0.52 
Loss: 2.642895  SIA Ef: -0.068049 Binding: 0.09 0.75 0.72 0.69 0.60 0.31 -0.15 0.55 -0.26 -0.34 0.01  Rvol: 0.58 0.97 1.37 -0.33 -0.30 -0.08 0.17 0.14 0.75 1.18 1.59 -0.28 -0.15 0.10 0.34 
Loss: 13.066984  SIA Ef: 1.154123 Binding: 0.39 1.05 2.36 1.41 1.19 0.34 -0.33 0.78 -0.37 -0.38 0.03  Rvol: 0.60 1.11 1.51 -0.33 -0.18 0.11 0.42 0.14 0.84 1.28 1.82 -0.28 -0.03 0.28 0.60 
Loss: 1.514823  SIA Ef: -0.072743 Binding: -0.16 0.22 0.71 0.44 0.09 0.31 -0.17 0.53 -0.26 -0.35 -0.01  Rvol: 0.58 0.97 1.37 -0.33 -0.30 -0.08 0.16 0.14 0.75 1.18 1.58 -0.28 -0.15 0.10 0.33 
Loss: 76.671093  SIA Ef: 5.258183 Binding: 1.11 1.17 6.00 2.11 1.17 0.45 -0.45 0.78 -0.67 -0.77 -0.60  Rvol: 0.96 1.66 2.16 -0.33 -0.27 -0.12 0.26 0.14 1.11 1.83 2.44 -0.28 -0.11 0.10 0.45 
Loss: 1.528925  SIA Ef: -0.068583 Binding: -0.16 0.24 0.72 0.44 0.09 0.31 -0.16 0.55 -0.26 -0.35 -0.00  Rvol: 0.58 0.97 1.37 -0.33 -0.30 -0.08 0.17 0.14 0.75 1.18 1.59 -0.28 -0.15 0.10 0.34 
Loss: 13.686072  SIA Ef: 1.207839 Binding: 0.40 1.04 2.41 1.46 1.22 0.33 -0.35 0.79 -0.38 -0.39 0.01  Rvol: 0.61 1.11 1.51 -0.33 -0.18 0.10 0.41 0.14 0.84 1.28 1.84 -0.28 -0.03 0.28 0.59 
Loss: 1.060350  SIA Ef: 0.448059 Binding: -0.31 0.08 0.24 0.20 0.04 0.38 0.16 0.51 -0.11 -0.20 -0.12  Rvol: 0.59 0.99 1.41 -0.33 -0.30 -0.05 0.22 0.14 0.76 1.20 1.62 -0.28 -0.15 0.11 0.37 
Loss: 42.044755  SIA Ef: -0.224406 Binding: -0.49 0.46 -4.94 1.25 -0.76 0.82 0.35 -0.08 3.37 -1.26 1.08  Rvol: 0.47 0.87 1.32 -0.33 -0.27 0.16 0.34 0.14 0.75 1.17 1.27 -0.28 0.04 0.15 0.58 
Loss: 9.093778  SIA Ef: -2.777972 Binding: -0.35 0.31 -0.79 0.02 0.22 0.53 0.11 0.20 0.28 -0.14 -0.04  Rvol: 0.43 0.69 1.02 -0.33 -0.31 -0.13 0.04 0.14 0.64 0.95 1.14 -0.28 -0.19 0.01 0.18 
Loss: 1.037883  SIA Ef: 0.342271 Binding: -0.24 -0.34 0.04 0.03 -0.23 0.36 0.01 0.55 -0.11 -0.20 -0.12  Rvol: 0.60 1.01 1.43 -0.33 -0.32 -0.09 0.18 0.14 0.75 1.21 1.62 -0.28 -0.17 0.08 0.33 
Loss: 19.098987  SIA Ef: 2.495025 Binding: 0.18 -0.00 3.19 0.89 0.17 0.01 -0.38 0.63 -0.42 -0.38 -0.35  Rvol: 0.76 1.31 1.80 -0.33 -0.31 -0.12 0.19 0.14 0.87 1.44 2.06 -0.28 -0.16 0.08 0.37 
Loss: 2.492338  SIA Ef: 0.260452 Binding: -0.48 0.06 -1.22 -0.18 -0.12 0.49 0.21 0.31 0.33 -0.15 -0.04  Rvol: 0.57 0.95 1.40 -0.33 -0.32 -0.06 0.23 0.14 0.75 1.22 1.54 -0.28 -0.13 0.10 0.38 
Loss: 1.032482  SIA Ef: 0.334780 Binding: -0.24 -0.34 0.04 0.03 -0.23 0.36 0.02 0.56 -0.11 -0.20 -0.12  Rvol: 0.60 1.01 1.43 -0.33 -0.32 -0.09 0.18 0.14 0.75 1.21 1.62 -0.28 -0.17 0.08 0.33 
Loss: 3.365906  SIA Ef: -1.388234 Binding: -0.46 0.06 -0.86 -0.13 -0.09 0.48 0.17 0.29 0.20 -0.16 -0.09  Rvol: 0.51 0.82 1.21 -0.33 -0.34 -0.12 0.10 0.14 0.69 1.08 1.34 -0.28 -0.17 0.03 0.25 
Loss: 1.194397  SIA Ef: 0.354382 Binding: -0.23 -0.31 0.05 0.04 -0.21 0.41 0.12 0.69 -0.06 -0.10 0.03  Rvol: 0.60 1.01 1.43 -0.33 -0.32 -0.09 0.17 0.14 0.75 1.21 1.62 -0.28 -0.17 0.08 0.33 
Loss: 7.096792  SIA Ef: 1.812645 Binding: -0.10 -0.45 1.47 0.34 -0.22 0.16 -0.21 0.65 -0.33 -0.30 -0.27  Rvol: 0.69 1.17 1.67 -0.33 -0.32 -0.09 0.21 0.14 0.82 1.36 1.88 -0.28 -0.17 0.10 0.37 
Loss: 0.877805  SIA Ef: 0.341390 Binding: -0.24 -0.26 -0.04 0.03 -0.19 0.36 -0.00 0.45 -0.10 -0.22 -0.17  Rvol: 0.60 1.00 1.43 -0.33 -0.32 -0.09 0.18 0.14 0.75 1.21 1.61 -0.28 -0.17 0.08 0.33 
Loss: 2.484323  SIA Ef: 0.387701 Binding: -0.47 0.07 -1.21 -0.16 -0.11 0.47 0.18 0.26 0.30 -0.18 -0.09  Rvol: 0.58 0.96 1.41 -0.33 -0.32 -0.05 0.24 0.14 0.75 1.23 1.56 -0.28 -0.13 0.10 0.38 
Loss: 0.871419  SIA Ef: 0.342132 Binding: -0.24 -0.27 -0.03 0.04 -0.19 0.35 -0.01 0.43 -0.11 -0.23 -0.19  Rvol: 0.60 1.00 1.43 -0.33 -0.32 -0.09 0.17 0.14 0.75 1.21 1.61 -0.28 -0.17 0.07 0.32 
Loss: 0.780543  SIA Ef: 0.386162 Binding: -0.14 -0.07 0.01 0.15 0.01 0.34 -0.03 0.42 -0.12 -0.24 -0.20  Rvol: 0.60 1.01 1.43 -0.33 -0.32 -0.09 0.17 0.14 0.76 1.21 1.62 -0.28 -0.17 0.07 0.33 
Loss: 0.775473  SIA Ef: 0.381105 Binding: -0.14 -0.07 0.01 0.15 0.00 0.34 -0.03 0.41 -0.12 -0.24 -0.20  Rvol: 0.60 1.01 1.43 -0.33 -0.32 -0.09 0.17 0.14 0.76 1.21 1.61 -0.28 -0.17 0.07 0.32 
Loss: 0.783334  SIA Ef: 0.143624 Binding: -0.08 -0.00 0.26 0.27 -0.06 0.29 -0.14 0.43 -0.20 -0.32 -0.09  Rvol: 0.60 1.00 1.41 -0.33 -0.32 -0.11 0.13 0.14 0.75 1.20 1.59 -0.28 -0.17 0.07 0.30 
Loss: 6.959160  SIA Ef: 1.781823 Binding: 0.05 -0.15 1.51 0.51 0.09 0.14 -0.26 0.51 -0.34 -0.34 -0.37  Rvol: 0.69 1.17 1.65 -0.33 -0.32 -0.09 0.20 0.14 0.82 1.35 1.86 -0.28 -0.18 0.09 0.36 
Loss: 0.983940  SIA Ef: -0.475118 Binding: -0.32 0.20 -0.42 0.07 0.08 0.40 0.11 0.28 -0.00 -0.22 -0.20  Rvol: 0.56 0.91 1.32 -0.33 -0.33 -0.11 0.13 0.14 0.72 1.14 1.48 -0.28 -0.17 0.05 0.28 
Loss: 0.782165  SIA Ef: 0.354409 Binding: -0.14 -0.15 -0.04 0.11 -0.06 0.34 -0.06 0.42 -0.12 -0.24 -0.20  Rvol: 0.61 1.01 1.43 -0.33 -0.33 -0.10 0.16 0.14 0.75 1.21 1.61 -0.28 -0.18 0.07 0.32 
Loss: 1.147594  SIA Ef: 0.282712 Binding: -0.34 0.20 -0.64 0.03 0.06 0.41 0.11 0.28 0.05 -0.22 -0.19  Rvol: 0.59 0.97 1.40 -0.33 -0.32 -0.07 0.19 0.14 0.75 1.22 1.57 -0.28 -0.16 0.08 0.34 
Loss: 0.796292  SIA Ef: 0.389876 Binding: -0.14 -0.09 0.03 0.14 -0.01 0.31 -0.09 0.35 -0.15 -0.29 -0.27  Rvol: 0.61 1.01 1.43 -0.33 -0.32 -0.09 0.17 0.14 0.76 1.21 1.62 -0.28 -0.17 0.07 0.33 
Loss: 2.281333  SIA Ef: 0.877619 Binding: -0.05 -0.18 0.73 0.33 -0.05 0.26 -0.09 0.56 -0.24 -0.26 -0.15  Rvol: 0.64 1.07 1.53 -0.33 -0.32 -0.10 0.17 0.14 0.78 1.26 1.71 -0.28 -0.18 0.08 0.33 
Loss: 0.772587  SIA Ef: 0.377245 Binding: -0.14 -0.07 0.01 0.15 0.00 0.34 -0.03 0.41 -0.12 -0.24 -0.20  Rvol: 0.60 1.01 1.43 -0.33 -0.32 -0.09 0.17 0.14 0.76 1.21 1.61 -0.28 -0.17 0.07 0.32 
Loss: 0.904005  SIA Ef: 0.379717 Binding: -0.14 -0.15 0.11 0.15 -0.03 0.34 -0.02 0.53 -0.13 -0.22 -0.15  Rvol: 0.61 1.01 1.44 -0.33 -0.32 -0.09 0.17 0.14 0.76 1.21 1.62 -0.28 -0.17 0.08 0.33 
Loss: 0.770531  SIA Ef: 0.378371 Binding: -0.14 -0.07 0.02 0.15 0.00 0.34 -0.04 0.40 -0.12 -0.24 -0.20  Rvol: 0.60 1.01 1.43 -0.33 -0.32 -0.09 0.17 0.14 0.76 1.21 1.61 -0.28 -0.17 0.07 0.32 
Loss: 2.292754  SIA Ef: 0.876334 Binding: -0.05 -0.19 0.74 0.33 -0.05 0.26 -0.10 0.55 -0.24 -0.27 -0.16  Rvol: 0.64 1.07 1.53 -0.33 -0.32 -0.10 0.17 0.14 0.78 1.25 1.71 -0.28 -0.18 0.07 0.33 
Loss: 0.786437  SIA Ef: 0.298329 Binding: -0.28 0.14 -0.02 0.17 0.06 0.34 0.12 0.39 -0.11 -0.24 -0.21  Rvol: 0.60 0.99 1.42 -0.33 -0.32 -0.09 0.17 0.14 0.75 1.20 1.60 -0.28 -0.17 0.07 0.32 
Loss: 0.918993  SIA Ef: -0.454312 Binding: -0.33 0.16 -0.37 0.07 0.05 0.40 0.10 0.28 -0.01 -0.22 -0.21  Rvol: 0.56 0.91 1.32 -0.33 -0.33 -0.11 0.13 0.14 0.72 1.15 1.49 -0.28 -0.17 0.05 0.28 
Loss: 0.816574  SIA Ef: 0.436968 Binding: -0.16 -0.09 -0.05 0.12 -0.02 0.35 -0.01 0.41 -0.10 -0.22 -0.18  Rvol: 0.61 1.01 1.43 -0.33 -0.32 -0.09 0.18 0.14 0.76 1.21 1.62 -0.28 -0.17 0.07 0.33 
Loss: 1.119309  SIA Ef: 0.257665 Binding: -0.34 0.20 -0.64 0.03 0.06 0.41 0.10 0.27 0.05 -0.22 -0.20  Rvol: 0.58 0.96 1.40 -0.33 -0.32 -0.08 0.19 0.14 0.75 1.21 1.56 -0.28 -0.16 0.08 0.34 
Loss: 0.836516  SIA Ef: 0.375754 Binding: -0.14 -0.12 0.07 0.15 -0.01 0.34 -0.03 0.47 -0.13 -0.23 -0.18  Rvol: 0.61 1.01 1.43 -0.33 -0.32 -0.09 0.17 0.14 0.76 1.21 1.62 -0.28 -0.17 0.07 0.32 
Loss: 0.768559  SIA Ef: 0.376778 Binding: -0.14 -0.07 0.02 0.15 0.00 0.34 -0.04 0.40 -0.12 -0.24 -0.20  Rvol: 0.60 1.01 1.43 -0.33 -0.32 -0.09 0.17 0.14 0.76 1.21 1.61 -0.28 -0.17 0.07 0.32 
Loss: 0.854007  SIA Ef: 0.317001 Binding: -0.32 0.14 -0.31 0.09 0.03 0.38 0.10 0.34 -0.05 -0.23 -0.20  Rvol: 0.60 0.98 1.41 -0.33 -0.32 -0.08 0.18 0.14 0.75 1.21 1.59 -0.28 -0.16 0.08 0.33 
Loss: 1.000149  SIA Ef: 0.506422 Binding: -0.12 -0.13 0.18 0.19 -0.18 0.32 -0.06 0.46 -0.15 -0.25 -0.02  Rvol: 0.61 1.02 1.45 -0.33 -0.32 -0.09 0.16 0.14 0.76 1.22 1.64 -0.28 -0.18 0.07 0.32 
Loss: 0.844480  SIA Ef: 0.374083 Binding: -0.29 0.10 0.02 0.16 0.02 0.34 0.12 0.40 -0.12 -0.24 -0.20  Rvol: 0.60 1.00 1.42 -0.33 -0.32 -0.09 0.17 0.14 0.76 1.21 1.61 -0.28 -0.17 0.07 0.32 
Loss: 0.709575  SIA Ef: 0.178811 Binding: -0.31 0.09 -0.08 0.12 0.01 0.35 0.12 0.37 -0.10 -0.24 -0.21  Rvol: 0.59 0.98 1.40 -0.33 -0.32 -0.10 0.16 0.14 0.75 1.19 1.58 -0.28 -0.17 0.06 0.31 
Loss: 0.703738  SIA Ef: 0.177638 Binding: -0.31 0.08 -0.08 0.12 -0.00 0.34 0.10 0.34 -0.11 -0.26 -0.25  Rvol: 0.59 0.98 1.40 -0.33 -0.33 -0.10 0.16 0.14 0.75 1.19 1.58 -0.28 -0.17 0.06 0.31 
Loss: 0.703480  SIA Ef: 0.176653 Binding: -0.31 0.08 -0.08 0.12 -0.00 0.34 0.10 0.34 -0.11 -0.26 -0.25  Rvol: 0.59 0.98 1.40 -0.33 -0.33 -0.10 0.16 0.14 0.75 1.19 1.58 -0.28 -0.17 0.06 0.31 
Loss: 0.703730  SIA Ef: 0.157991 Binding: -0.32 0.07 -0.07 0.11 -0.02 0.34 0.10 0.36 -0.12 -0.26 -0.24  Rvol: 0.59 0.98 1.40 -0.33 -0.33 -0.10 0.16 0.14 0.74 1.19 1.58 -0.28 -0.17 0.06 0.31 
Loss: 0.716822  SIA Ef: 0.200366 Binding: -0.32 0.07 -0.07 0.11 -0.02 0.34 0.10 0.35 -0.11 -0.26 -0.25  Rvol: 0.60 0.98 1.41 -0.33 -0.33 -0.10 0.16 0.14 0.75 1.19 1.59 -0.28 -0.17 0.07 0.31 
Loss: 0.700155  SIA Ef: 0.176311 Binding: -0.32 0.08 -0.12 0.10 -0.01 0.35 0.07 0.34 -0.10 -0.25 -0.24  Rvol: 0.59 0.98 1.40 -0.33 -0.33 -0.10 0.16 0.14 0.75 1.21 1.58 -0.28 -0.17 0.06 0.31 
Loss: 0.699036  SIA Ef: 0.176238 Binding: -0.32 0.08 -0.13 0.10 -0.01 0.35 0.07 0.34 -0.10 -0.25 -0.24  Rvol: 0.59 0.98 1.40 -0.33 -0.33 -0.10 0.16 0.14 0.75 1.21 1.58 -0.28 -0.17 0.06 0.31 
Loss: 0.732746  SIA Ef: 0.123315 Binding: -0.34 0.10 -0.29 0.07 -0.01 0.36 0.08 0.30 -0.06 -0.25 -0.24  Rvol: 0.59 0.97 1.40 -0.33 -0.33 -0.10 0.17 0.14 0.74 1.20 1.57 -0.28 -0.17 0.06 0.31 
Loss: 0.698698  SIA Ef: 0.175995 Binding: -0.32 0.08 -0.13 0.10 -0.01 0.35 0.07 0.34 -0.10 -0.25 -0.24  Rvol: 0.59 0.98 1.40 -0.33 -0.33 -0.10 0.16 0.14 0.75 1.21 1.58 -0.28 -0.17 0.06 0.31 
Loss: 0.636896  SIA Ef: 0.184863 Binding: -0.16 -0.11 -0.05 0.11 -0.04 0.33 -0.06 0.35 -0.12 -0.26 -0.24  Rvol: 0.60 0.99 1.41 -0.33 -0.33 -0.10 0.15 0.14 0.75 1.19 1.59 -0.28 -0.18 0.06 0.30 
Loss: 0.602728  SIA Ef: 0.073563 Binding: -0.16 -0.12 -0.01 0.12 -0.05 0.33 -0.06 0.35 -0.13 -0.27 -0.24  Rvol: 0.59 0.99 1.40 -0.33 -0.33 -0.11 0.14 0.14 0.75 1.18 1.58 -0.28 -0.18 0.05 0.29 
Loss: 0.742096  SIA Ef: 0.183281 Binding: -0.13 -0.19 0.14 0.15 -0.24 0.31 -0.09 0.41 -0.16 -0.27 -0.07  Rvol: 0.60 1.00 1.42 -0.33 -0.33 -0.11 0.13 0.14 0.75 1.20 1.60 -0.28 -0.19 0.05 0.29 
Loss: 0.611773  SIA Ef: 0.078152 Binding: -0.16 -0.13 -0.01 0.11 -0.05 0.32 -0.08 0.34 -0.14 -0.28 -0.26  Rvol: 0.59 0.99 1.40 -0.33 -0.33 -0.11 0.14 0.14 0.75 1.18 1.58 -0.28 -0.18 0.05 0.29 
Loss: 0.605213  SIA Ef: 0.048751 Binding: -0.17 -0.14 -0.02 0.10 -0.07 0.33 -0.05 0.36 -0.13 -0.26 -0.23  Rvol: 0.59 0.99 1.40 -0.33 -0.33 -0.11 0.14 0.14 0.75 1.18 1.57 -0.28 -0.18 0.05 0.29 
Loss: 0.597833  SIA Ef: 0.082718 Binding: -0.16 -0.11 -0.02 0.12 -0.04 0.33 -0.06 0.34 -0.13 -0.27 -0.25  Rvol: 0.59 0.99 1.40 -0.33 -0.33 -0.11 0.14 0.14 0.75 1.18 1.58 -0.28 -0.18 0.05 0.29 
Loss: 0.656826  SIA Ef: -0.040943 Binding: -0.33 0.08 -0.19 0.08 -0.03 0.34 0.07 0.30 -0.10 -0.26 -0.25  Rvol: 0.59 0.96 1.38 -0.33 -0.33 -0.11 0.14 0.14 0.74 1.19 1.55 -0.28 -0.18 0.05 0.29 
Loss: 0.597691  SIA Ef: 0.081692 Binding: -0.16 -0.11 -0.02 0.12 -0.04 0.33 -0.06 0.34 -0.13 -0.27 -0.25  Rvol: 0.59 0.99 1.40 -0.33 -0.33 -0.11 0.14 0.14 0.75 1.18 1.58 -0.28 -0.18 0.05 0.29 
Loss: 0.645833  SIA Ef: 0.017426 Binding: -0.31 0.07 -0.04 0.12 -0.02 0.33 0.09 0.33 -0.12 -0.26 -0.25  Rvol: 0.59 0.97 1.39 -0.33 -0.33 -0.11 0.14 0.14 0.74 1.18 1.57 -0.28 -0.18 0.05 0.29 
Loss: 0.592674  SIA Ef: 0.081303 Binding: -0.16 -0.11 -0.04 0.11 -0.04 0.33 -0.06 0.34 -0.12 -0.26 -0.24  Rvol: 0.59 0.99 1.40 -0.33 -0.33 -0.11 0.14 0.14 0.75 1.18 1.58 -0.28 -0.18 0.05 0.29 
Loss: 0.642408  SIA Ef: 0.039060 Binding: -0.32 0.06 -0.05 0.12 -0.03 0.33 0.06 0.33 -0.12 -0.26 -0.25  Rvol: 0.59 0.97 1.39 -0.33 -0.33 -0.11 0.14 0.14 0.74 1.20 1.57 -0.28 -0.18 0.05 0.29 
Loss: 0.581623  SIA Ef: 0.027714 Binding: -0.16 -0.09 -0.05 0.11 -0.03 0.34 -0.09 0.34 -0.12 -0.26 -0.24  Rvol: 0.59 0.98 1.39 -0.33 -0.33 -0.11 0.14 0.14 0.74 1.20 1.57 -0.28 -0.18 0.05 0.29 
Loss: 0.639467  SIA Ef: 0.013800 Binding: -0.32 0.07 -0.06 0.11 -0.02 0.34 0.07 0.33 -0.12 -0.26 -0.25  Rvol: 0.59 0.97 1.39 -0.33 -0.33 -0.11 0.14 0.14 0.74 1.20 1.56 -0.28 -0.18 0.05 0.29 
Loss: 0.591347  SIA Ef: 0.080571 Binding: -0.16 -0.09 -0.07 0.11 -0.02 0.34 -0.08 0.35 -0.11 -0.25 -0.23  Rvol: 0.59 0.99 1.40 -0.33 -0.33 -0.11 0.15 0.14 0.75 1.20 1.57 -0.28 -0.18 0.05 0.30 
Loss: 0.581779  SIA Ef: 0.020106 Binding: -0.16 -0.10 -0.06 0.11 -0.03 0.34 -0.08 0.35 -0.12 -0.25 -0.23  Rvol: 0.59 0.98 1.39 -0.33 -0.33 -0.11 0.14 0.14 0.74 1.20 1.57 -0.28 -0.18 0.05 0.29 
Loss: 0.603474  SIA Ef: 0.078032 Binding: -0.15 -0.11 0.02 0.13 -0.04 0.33 -0.05 0.37 -0.13 -0.25 -0.23  Rvol: 0.59 0.99 1.40 -0.33 -0.33 -0.11 0.14 0.14 0.75 1.18 1.58 -0.28 -0.18 0.05 0.29 
Loss: 0.580827  SIA Ef: 0.021001 Binding: -0.16 -0.09 -0.08 0.11 -0.03 0.34 -0.09 0.34 -0.11 -0.26 -0.24  Rvol: 0.59 0.98 1.39 -0.33 -0.33 -0.11 0.14 0.14 0.74 1.20 1.57 -0.28 -0.18 0.05 0.29 
Loss: 0.648986  SIA Ef: -0.046290 Binding: -0.32 0.08 -0.14 0.09 -0.02 0.35 0.08 0.33 -0.10 -0.25 -0.24  Rvol: 0.59 0.96 1.38 -0.33 -0.33 -0.11 0.14 0.14 0.74 1.19 1.55 -0.28 -0.18 0.05 0.29 
Loss: 0.576329  SIA Ef: 0.018636 Binding: -0.16 -0.09 -0.08 0.11 -0.02 0.34 -0.08 0.34 -0.11 -0.25 -0.24  Rvol: 0.59 0.98 1.39 -0.33 -0.33 -0.11 0.14 0.14 0.74 1.20 1.57 -0.28 -0.18 0.05 0.29 
Loss: 0.640531  SIA Ef: 0.009466 Binding: -0.31 0.07 -0.07 0.11 -0.02 0.34 0.07 0.34 -0.11 -0.25 -0.24  Rvol: 0.59 0.97 1.39 -0.33 -0.33 -0.11 0.14 0.14 0.74 1.20 1.56 -0.28 -0.18 0.05 0.29 
Loss: 0.576497  SIA Ef: 0.030227 Binding: -0.16 -0.08 -0.07 0.11 -0.02 0.34 -0.08 0.34 -0.11 -0.25 -0.24  Rvol: 0.59 0.98 1.39 -0.33 -0.33 -0.11 0.14 0.14 0.74 1.20 1.57 -0.28 -0.18 0.05 0.29 
Loss: 0.579917  SIA Ef: 0.049328 Binding: -0.15 -0.10 -0.04 0.12 -0.03 0.34 -0.05 0.35 -0.12 -0.25 -0.23  Rvol: 0.59 0.98 1.40 -0.33 -0.33 -0.11 0.14 0.14 0.74 1.18 1.57 -0.28 -0.18 0.05 0.29 
Loss: 0.576353  SIA Ef: 0.018570 Binding: -0.16 -0.09 -0.08 0.11 -0.02 0.34 -0.08 0.34 -0.11 -0.25 -0.24  Rvol: 0.59 0.98 1.39 -0.33 -0.33 -0.11 0.14 0.14 0.74 1.20 1.57 -0.28 -0.18 0.05 0.29 
Loss: 0.580578  SIA Ef: 0.046485 Binding: -0.16 -0.08 -0.09 0.11 -0.02 0.34 -0.08 0.35 -0.11 -0.25 -0.23  Rvol: 0.59 0.98 1.39 -0.33 -0.33 -0.11 0.14 0.14 0.74 1.20 1.57 -0.28 -0.18 0.05 0.29 
Loss: 0.575711  SIA Ef: 0.013189 Binding: -0.16 -0.08 -0.07 0.11 -0.02 0.34 -0.08 0.34 -0.11 -0.25 -0.24  Rvol: 0.59 0.98 1.39 -0.33 -0.33 -0.11 0.14 0.14 0.74 1.20 1.56 -0.28 -0.18 0.05 0.29 
Loss: 0.582307  SIA Ef: 0.038691 Binding: -0.16 -0.09 -0.06 0.11 -0.02 0.34 -0.09 0.34 -0.12 -0.26 -0.24  Rvol: 0.59 0.98 1.39 -0.33 -0.33 -0.11 0.14 0.14 0.74 1.20 1.57 -0.28 -0.18 0.05 0.29 
Loss: 0.643775  SIA Ef: -0.013597 Binding: -0.32 0.08 -0.10 0.11 -0.01 0.35 0.08 0.34 -0.11 -0.25 -0.24  Rvol: 0.59 0.97 1.39 -0.33 -0.33 -0.11 0.14 0.14 0.74 1.19 1.56 -0.28 -0.18 0.05 0.29 
Loss: 0.577027  SIA Ef: 0.018241 Binding: -0.16 -0.09 -0.06 0.11 -0.02 0.34 -0.09 0.34 -0.11 -0.25 -0.24  Rvol: 0.59 0.98 1.39 -0.33 -0.33 -0.11 0.14 0.14 0.74 1.20 1.57 -0.28 -0.18 0.05 0.29 
Loss: 0.575665  SIA Ef: 0.011637 Binding: -0.16 -0.08 -0.08 0.11 -0.02 0.34 -0.08 0.34 -0.11 -0.25 -0.24  Rvol: 0.59 0.98 1.39 -0.33 -0.33 -0.11 0.14 0.14 0.74 1.20 1.56 -0.28 -0.18 0.05 0.29 
Loss: 0.640135  SIA Ef: -0.012165 Binding: -0.31 0.08 -0.09 0.11 -0.01 0.34 0.07 0.34 -0.11 -0.25 -0.24  Rvol: 0.59 0.97 1.39 -0.33 -0.33 -0.11 0.14 0.14 0.74 1.19 1.56 -0.28 -0.18 0.05 0.29 
Loss: 0.575685  SIA Ef: 0.013786 Binding: -0.16 -0.08 -0.08 0.11 -0.02 0.34 -0.09 0.34 -0.11 -0.25 -0.24  Rvol: 0.59 0.98 1.39 -0.33 -0.33 -0.11 0.14 0.14 0.74 1.20 1.56 -0.28 -0.18 0.05 0.29 
Loss: 0.577454  SIA Ef: 0.025802 Binding: -0.16 -0.08 -0.08 0.11 -0.02 0.34 -0.08 0.34 -0.11 -0.25 -0.24  Rvol: 0.59 0.98 1.39 -0.33 -0.33 -0.11 0.14 0.14 0.74 1.20 1.57 -0.28 -0.18 0.05 0.29 
Loss: 0.575962  SIA Ef: 0.011588 Binding: -0.16 -0.08 -0.08 0.11 -0.02 0.34 -0.08 0.34 -0.11 -0.25 -0.24  Rvol: 0.59 0.98 1.39 -0.33 -0.33 -0.11 0.14 0.14 0.74 1.20 1.56 -0.28 -0.18 0.05 0.29 
Loss: 0.579703  SIA Ef: 0.027718 Binding: -0.16 -0.09 -0.06 0.12 -0.02 0.34 -0.09 0.35 -0.12 -0.25 -0.23  Rvol: 0.59 0.98 1.39 -0.33 -0.33 -0.11 0.14 0.14 0.74 1.20 1.57 -0.28 -0.18 0.05 0.29 
Loss: 0.577878  SIA Ef: 0.012939 Binding: -0.16 -0.09 -0.07 0.11 -0.02 0.34 -0.09 0.34 -0.11 -0.25 -0.24  Rvol: 0.59 0.98 1.39 -0.33 -0.33 -0.11 0.14 0.14 0.74 1.20 1.56 -0.28 -0.18 0.05 0.29 
Loss: 0.577148  SIA Ef: 0.018104 Binding: -0.16 -0.09 -0.07 0.11 -0.02 0.34 -0.09 0.34 -0.11 -0.25 -0.24  Rvol: 0.59 0.98 1.39 -0.33 -0.33 -0.11 0.14 0.14 0.74 1.20 1.57 -0.28 -0.18 0.05 0.29 
Loss: 0.575662  SIA Ef: 0.011676 Binding: -0.16 -0.08 -0.08 0.11 -0.02 0.34 -0.08 0.34 -0.11 -0.25 -0.24  Rvol: 0.59 0.98 1.39 -0.33 -0.33 -0.11 0.14 0.14 0.74 1.20 1.56 -0.28 -0.18 0.05 0.29 
Loss: 0.576273  SIA Ef: 0.014200 Binding: -0.16 -0.08 -0.07 0.11 -0.02 0.34 -0.08 0.34 -0.11 -0.25 -0.24  Rvol: 0.59 0.98 1.39 -0.33 -0.33 -0.11 0.14 0.14 0.74 1.20 1.56 -0.28 -0.18 0.05 0.29 
Loss: 0.575698  SIA Ef: 0.012430 Binding: -0.16 -0.08 -0.08 0.11 -0.02 0.34 -0.08 0.34 -0.11 -0.25 -0.24  Rvol: 0.59 0.98 1.39 -0.33 -0.33 -0.11 0.14 0.14 0.74 1.20 1.56 -0.28 -0.18 0.05 0.29 
Loss: 0.576893  SIA Ef: 0.018077 Binding: -0.16 -0.08 -0.07 0.11 -0.02 0.34 -0.08 0.34 -0.11 -0.25 -0.24  Rvol: 0.59 0.98 1.39 -0.33 -0.33 -0.11 0.14 0.14 0.74 1.20 1.57 -0.28 -0.18 0.05 0.29 
Loss: 0.575959  SIA Ef: 0.014695 Binding: -0.16 -0.08 -0.08 0.11 -0.02 0.34 -0.08 0.34 -0.11 -0.25 -0.24  Rvol: 0.59 0.98 1.39 -0.33 -0.33 -0.11 0.14 0.14 0.74 1.20 1.56 -0.28 -0.18 0.05 0.29 
Loss: 0.576097  SIA Ef: 0.013640 Binding: -0.16 -0.08 -0.07 0.11 -0.02 0.34 -0.08 0.34 -0.11 -0.25 -0.24  Rvol: 0.59 0.98 1.39 -0.33 -0.33 -0.11 0.14 0.14 0.74 1.20 1.56 -0.28 -0.18 0.05 0.29 
Loss: 0.641454  SIA Ef: 0.005579 Binding: -0.31 0.07 -0.08 0.11 -0.02 0.34 0.07 0.34 -0.11 -0.25 -0.24  Rvol: 0.59 0.97 1.39 -0.33 -0.33 -0.11 0.14 0.14 0.74 1.20 1.56 -0.28 -0.18 0.05 0.29 
Loss: 0.575665  SIA Ef: 0.011752 Binding: -0.16 -0.08 -0.08 0.11 -0.02 0.34 -0.08 0.34 -0.11 -0.25 -0.24  Rvol: 0.59 0.98 1.39 -0.33 -0.33 -0.11 0.14 0.14 0.74 1.20 1.56 -0.28 -0.18 0.05 0.29 
Loss: 0.576168  SIA Ef: 0.011758 Binding: -0.16 -0.08 -0.08 0.11 -0.02 0.34 -0.08 0.34 -0.11 -0.25 -0.24  Rvol: 0.59 0.98 1.39 -0.33 -0.33 -0.11 0.14 0.14 0.74 1.20 1.56 -0.28 -0.18 0.05 0.29 
Loss: 0.575662  SIA Ef: 0.012198 Binding: -0.16 -0.08 -0.08 0.11 -0.02 0.34 -0.08 0.34 -0.11 -0.25 -0.24  Rvol: 0.59 0.98 1.39 -0.33 -0.33 -0.11 0.14 0.14 0.74 1.20 1.56 -0.28 -0.18 0.05 0.29 
Loss: 0.576327  SIA Ef: 0.015072 Binding: -0.16 -0.08 -0.07 0.11 -0.02 0.34 -0.08 0.34 -0.11 -0.25 -0.24  Rvol: 0.59 0.98 1.39 -0.33 -0.33 -0.11 0.14 0.14 0.74 1.20 1.56 -0.28 -0.18 0.05 0.29 
Loss: 0.575667  SIA Ef: 0.012470 Binding: -0.16 -0.08 -0.07 0.11 -0.02 0.34 -0.08 0.34 -0.11 -0.25 -0.24  Rvol: 0.59 0.98 1.39 -0.33 -0.33 -0.11 0.14 0.14 0.74 1.20 1.56 -0.28 -0.18 0.05 0.29 
Loss: 0.575990  SIA Ef: 0.013374 Binding: -0.16 -0.08 -0.07 0.11 -0.02 0.34 -0.08 0.34 -0.11 -0.25 -0.24  Rvol: 0.59 0.98 1.39 -0.33 -0.33 -0.11 0.14 0.14 0.74 1.20 1.56 -0.28 -0.18 0.05 0.29 
Loss: 0.575760  SIA Ef: 0.012658 Binding: -0.16 -0.08 -0.08 0.11 -0.02 0.34 -0.08 0.34 -0.11 -0.25 -0.24  Rvol: 0.59 0.98 1.39 -0.33 -0.33 -0.11 0.14 0.14 0.74 1.20 1.56 -0.28 -0.18 0.05 0.29 
Loss: 0.576542  SIA Ef: 0.016950 Binding: -0.16 -0.08 -0.07 0.11 -0.02 0.34 -0.08 0.34 -0.11 -0.25 -0.24  Rvol: 0.59 0.98 1.39 -0.33 -0.33 -0.11 0.14 0.14 0.74 1.20 1.57 -0.28 -0.18 0.05 0.29 
Loss: 0.574989  SIA Ef: 0.009138 Binding: -0.16 -0.08 -0.08 0.11 -0.02 0.34 -0.08 0.34 -0.11 -0.25 -0.24  Rvol: 0.59 0.98 1.39 -0.33 -0.33 -0.11 0.14 0.14 0.74 1.20 1.56 -0.28 -0.18 0.05 0.29 
Loss: 0.641406  SIA Ef: 0.006141 Binding: -0.31 0.07 -0.08 0.11 -0.02 0.34 0.07 0.34 -0.11 -0.25 -0.24  Rvol: 0.59 0.97 1.39 -0.33 -0.33 -0.11 0.14 0.14 0.74 1.20 1.56 -0.28 -0.18 0.05 0.29 
Loss: 0.574981  SIA Ef: 0.009777 Binding: -0.16 -0.08 -0.08 0.11 -0.02 0.34 -0.08 0.34 -0.11 -0.25 -0.24  Rvol: 0.59 0.98 1.39 -0.33 -0.33 -0.11 0.14 0.14 0.74 1.20 1.56 -0.28 -0.18 0.05 0.29 
Loss: 0.641411  SIA Ef: 0.006761 Binding: -0.31 0.07 -0.08 0.11 -0.02 0.34 0.07 0.34 -0.11 -0.25 -0.24  Rvol: 0.59 0.97 1.39 -0.33 -0.33 -0.11 0.14 0.14 0.74 1.20 1.56 -0.28 -0.18 0.05 0.29 
Loss: 0.575007  SIA Ef: 0.009871 Binding: -0.16 -0.08 -0.08 0.11 -0.02 0.34 -0.08 0.34 -0.11 -0.25 -0.24  Rvol: 0.59 0.98 1.39 -0.33 -0.33 -0.11 0.14 0.14 0.74 1.20 1.56 -0.28 -0.18 0.05 0.29 
Loss: 0.575253  SIA Ef: 0.010978 Binding: -0.16 -0.08 -0.08 0.11 -0.02 0.34 -0.08 0.34 -0.11 -0.25 -0.24  Rvol: 0.59 0.98 1.39 -0.33 -0.33 -0.11 0.14 0.14 0.74 1.20 1.56 -0.28 -0.18 0.05 0.29 
Loss: 0.574980  SIA Ef: 0.009425 Binding: -0.16 -0.08 -0.08 0.11 -0.02 0.34 -0.08 0.34 -0.11 -0.25 -0.24  Rvol: 0.59 0.98 1.39 -0.33 -0.33 -0.11 0.14 0.14 0.74 1.20 1.56 -0.28 -0.18 0.05 0.29 
Loss: 0.575097  SIA Ef: 0.010125 Binding: -0.16 -0.08 -0.08 0.11 -0.02 0.34 -0.08 0.34 -0.11 -0.25 -0.24  Rvol: 0.59 0.98 1.39 -0.33 -0.33 -0.11 0.14 0.14 0.74 1.20 1.56 -0.28 -0.18 0.05 0.29 
Loss: 0.574985  SIA Ef: 0.009322 Binding: -0.16 -0.08 -0.08 0.11 -0.02 0.34 -0.08 0.34 -0.11 -0.25 -0.24  Rvol: 0.59 0.98 1.39 -0.33 -0.33 -0.11 0.14 0.14 0.74 1.20 1.56 -0.28 -0.18 0.05 0.29 
Loss: 0.575143  SIA Ef: 0.010038 Binding: -0.16 -0.08 -0.08 0.11 -0.02 0.34 -0.08 0.34 -0.11 -0.25 -0.24  Rvol: 0.59 0.98 1.39 -0.33 -0.33 -0.11 0.14 0.14 0.74 1.20 1.56 -0.28 -0.18 0.05 0.29 
Loss: 0.575027  SIA Ef: 0.009682 Binding: -0.16 -0.08 -0.08 0.11 -0.02 0.34 -0.08 0.34 -0.11 -0.25 -0.24  Rvol: 0.59 0.98 1.39 -0.33 -0.33 -0.11 0.14 0.14 0.74 1.20 1.56 -0.28 -0.18 0.05 0.29 
Loss: 0.575132  SIA Ef: 0.008931 Binding: -0.16 -0.08 -0.08 0.11 -0.02 0.34 -0.08 0.34 -0.11 -0.25 -0.24  Rvol: 0.59 0.98 1.39 -0.33 -0.33 -0.11 0.14 0.14 0.74 1.20 1.56 -0.28 -0.18 0.05 0.29 
Loss: 0.575108  SIA Ef: 0.009944 Binding: -0.16 -0.08 -0.08 0.11 -0.02 0.34 -0.08 0.34 -0.11 -0.25 -0.24  Rvol: 0.59 0.98 1.39 -0.33 -0.33 -0.11 0.14 0.14 0.74 1.20 1.56 -0.28 -0.18 0.05 0.29 
Loss: 0.575076  SIA Ef: 0.009907 Binding: -0.16 -0.08 -0.08 0.11 -0.02 0.34 -0.08 0.34 -0.11 -0.25 -0.24  Rvol: 0.59 0.98 1.39 -0.33 -0.33 -0.11 0.14 0.14 0.74 1.20 1.56 -0.28 -0.18 0.05 0.29 
Loss: 0.574709  SIA Ef: 0.008181 Binding: -0.16 -0.08 -0.08 0.11 -0.02 0.34 -0.08 0.34 -0.11 -0.25 -0.24  Rvol: 0.59 0.98 1.39 -0.33 -0.33 -0.11 0.14 0.14 0.74 1.20 1.56 -0.28 -0.18 0.05 0.29 
Loss: 0.641357  SIA Ef: 0.006943 Binding: -0.31 0.07 -0.08 0.11 -0.02 0.34 0.07 0.34 -0.11 -0.25 -0.24  Rvol: 0.59 0.97 1.39 -0.33 -0.33 -0.11 0.14 0.14 0.74 1.20 1.56 -0.28 -0.18 0.05 0.29 
Loss: 0.574707  SIA Ef: 0.008237 Binding: -0.16 -0.08 -0.08 0.11 -0.02 0.34 -0.08 0.34 -0.11 -0.25 -0.24  Rvol: 0.59 0.98 1.39 -0.33 -0.33 -0.11 0.14 0.14 0.74 1.20 1.56 -0.28 -0.18 0.05 0.29 
Loss: 0.641362  SIA Ef: 0.006998 Binding: -0.31 0.07 -0.08 0.11 -0.02 0.34 0.07 0.34 -0.11 -0.25 -0.24  Rvol: 0.59 0.97 1.39 -0.33 -0.33 -0.11 0.14 0.14 0.74 1.20 1.56 -0.28 -0.18 0.05 0.29 
Loss: 0.574711  SIA Ef: 0.008469 Binding: -0.16 -0.08 -0.08 0.11 -0.02 0.34 -0.08 0.34 -0.11 -0.25 -0.24  Rvol: 0.59 0.98 1.39 -0.33 -0.33 -0.11 0.14 0.14 0.74 1.20 1.56 -0.28 -0.18 0.05 0.29 
Loss: 0.641359  SIA Ef: 0.006980 Binding: -0.31 0.07 -0.08 0.11 -0.02 0.34 0.07 0.34 -0.11 -0.25 -0.24  Rvol: 0.59 0.97 1.39 -0.33 -0.33 -0.11 0.14 0.14 0.74 1.20 1.56 -0.28 -0.18 0.05 0.29 
Loss: 0.574707  SIA Ef: 0.008179 Binding: -0.16 -0.08 -0.08 0.11 -0.02 0.34 -0.08 0.34 -0.11 -0.25 -0.24  Rvol: 0.59 0.98 1.39 -0.33 -0.33 -0.11 0.14 0.14 0.74 1.20 1.56 -0.28 -0.18 0.05 0.29 
Loss: 0.641347  SIA Ef: 0.006923 Binding: -0.31 0.07 -0.08 0.11 -0.02 0.34 0.07 0.34 -0.11 -0.25 -0.24  Rvol: 0.59 0.97 1.39 -0.33 -0.33 -0.11 0.14 0.14 0.74 1.20 1.56 -0.28 -0.18 0.05 0.29 
Loss: 0.574709  SIA Ef: 0.008010 Binding: -0.16 -0.08 -0.08 0.11 -0.02 0.34 -0.08 0.34 -0.11 -0.25 -0.24  Rvol: 0.59 0.98 1.39 -0.33 -0.33 -0.11 0.14 0.14 0.74 1.20 1.56 -0.28 -0.18 0.05 0.29 
Loss: 0.641352  SIA Ef: 0.006930 Binding: -0.31 0.07 -0.08 0.11 -0.02 0.34 0.07 0.34 -0.11 -0.25 -0.24  Rvol: 0.59 0.97 1.39 -0.33 -0.33 -0.11 0.14 0.14 0.74 1.20 1.56 -0.28 -0.18 0.05 0.29 
Loss: 0.574707  SIA Ef: 0.008272 Binding: -0.16 -0.08 -0.08 0.11 -0.02 0.34 -0.08 0.34 -0.11 -0.25 -0.24  Rvol: 0.59 0.98 1.39 -0.33 -0.33 -0.11 0.14 0.14 0.74 1.20 1.56 -0.28 -0.18 0.05 0.29 
Loss: 0.641346  SIA Ef: 0.006929 Binding: -0.31 0.07 -0.08 0.11 -0.02 0.34 0.07 0.34 -0.11 -0.25 -0.24  Rvol: 0.59 0.97 1.39 -0.33 -0.33 -0.11 0.14 0.14 0.74 1.20 1.56 -0.28 -0.18 0.05 0.29 
Loss: 0.574680  SIA Ef: 0.008126 Binding: -0.16 -0.08 -0.08 0.11 -0.02 0.34 -0.08 0.34 -0.11 -0.25 -0.24  Rvol: 0.59 0.98 1.39 -0.33 -0.33 -0.11 0.14 0.14 0.74 1.20 1.56 -0.28 -0.18 0.05 0.29 
Loss: 0.641335  SIA Ef: 0.006883 Binding: -0.31 0.07 -0.08 0.11 -0.02 0.34 0.07 0.34 -0.11 -0.25 -0.24  Rvol: 0.59 0.97 1.39 -0.33 -0.33 -0.11 0.14 0.14 0.74 1.20 1.56 -0.28 -0.18 0.05 0.29 
