Start Optimization 
Loss: 4.504042  SIA Ef: 0.957044 Binding: 0.13 0.55 1.16 -0.05 -0.04 0.08 -0.12 -0.35 -0.40 -0.65 -0.84  Rvol: 0.60 1.12 1.57 -0.33 -0.25 0.09 0.47 0.14 0.76 1.33 1.76 -0.28 -0.13 0.20 0.54 
Loss: 4.905189  SIA Ef: 1.016996 Binding: 0.14 0.56 1.17 -0.04 -0.03 0.06 -0.17 -0.43 -0.43 -0.70 -0.90  Rvol: 0.60 1.12 1.58 -0.33 -0.24 0.09 0.48 0.14 0.77 1.34 1.77 -0.28 -0.13 0.21 0.55 
Loss: 74.269757  SIA Ef: 5.549202 Binding: 0.86 1.65 5.43 2.08 1.05 0.07 -0.37 -0.07 -0.52 -0.80 -0.90  Rvol: 0.81 1.61 2.37 -0.33 0.03 0.43 0.92 0.14 0.96 1.74 2.53 -0.28 0.15 0.55 1.09 
Loss: 47.628716  SIA Ef: 1.789666 Binding: 1.60 1.45 -4.94 1.14 1.95 0.67 -0.39 -0.60 2.61 -1.06 0.34  Rvol: 0.57 1.22 1.52 -0.33 -0.00 0.48 0.86 0.14 0.83 1.39 1.70 -0.28 0.17 0.49 1.06 
Loss: 276.301371  SIA Ef: 12.722493 Binding: 2.69 0.47 9.07 2.41 -0.16 1.33 -0.40 -1.72 -0.73 -1.20 -1.46  Rvol: 1.34 2.16 3.78 -0.33 -0.16 0.05 0.52 0.14 1.46 2.68 3.58 -0.28 -0.03 0.21 0.65 
Loss: 35.758280  SIA Ef: 0.957044 Binding: 0.13 0.55 1.16 -0.05 -0.04 -0.87 -2.04 -2.71 -1.41 -2.57 -3.45  Rvol: 0.60 1.12 1.57 -0.33 -0.25 0.09 0.47 0.14 0.78 1.36 1.84 -0.28 -0.12 0.25 0.66 
Loss: 4.152547  SIA Ef: 0.957044 Binding: 0.13 0.55 1.16 -0.05 -0.04 0.16 0.01 -0.07 -0.29 -0.54 -0.83  Rvol: 0.60 1.12 1.57 -0.33 -0.25 0.09 0.47 0.14 0.74 1.29 1.74 -0.28 -0.15 0.16 0.50 
Loss: 4.387633  SIA Ef: 0.957044 Binding: 0.13 0.55 1.16 -0.05 -0.04 0.11 -0.07 -0.20 -0.34 -0.61 -0.89  Rvol: 0.60 1.12 1.57 -0.33 -0.25 0.09 0.47 0.14 0.74 1.30 1.75 -0.28 -0.14 0.18 0.51 
Loss: 5.310292  SIA Ef: 0.957044 Binding: 0.25 0.71 1.16 -0.76 -0.62 0.16 -0.01 -0.14 -0.29 -0.51 -0.66  Rvol: 0.60 1.13 1.59 -0.33 -0.25 0.18 0.66 0.14 0.74 1.30 1.77 -0.28 -0.15 0.23 0.62 
Loss: 6.210277  SIA Ef: 0.957044 Binding: -0.66 -0.94 1.16 -0.10 -1.10 0.16 -0.10 -0.39 -0.29 -0.58 -0.70  Rvol: 0.60 1.06 1.52 -0.33 -0.25 0.03 0.35 0.14 0.74 1.26 1.72 -0.28 -0.15 0.11 0.39 
Loss: 4.413531  SIA Ef: 0.957044 Binding: 0.19 0.70 1.16 0.02 0.24 0.16 -0.01 -0.16 -0.29 -0.53 -0.83  Rvol: 0.60 1.10 1.56 -0.33 -0.25 0.11 0.49 0.14 0.74 1.28 1.72 -0.28 -0.15 0.18 0.51 
Loss: 229.685047  SIA Ef: -14.093987 Binding: -0.06 0.77 -4.34 1.21 0.72 0.28 0.07 -0.11 2.00 -1.18 0.19  Rvol: -0.09 -0.16 -0.33 -0.33 -0.33 -0.52 -0.57 0.14 0.29 -0.08 -0.25 -0.28 -0.32 -0.59 -0.36 
Loss: 70.364817  SIA Ef: 6.057326 Binding: -0.01 -0.20 5.16 0.62 -1.08 0.24 0.23 0.01 -0.39 -0.64 -1.01  Rvol: 0.96 1.78 2.68 -0.33 -0.26 -0.05 0.48 0.14 1.13 1.98 2.76 -0.28 -0.13 0.08 0.70 
Loss: 4.088872  SIA Ef: 0.949020 Binding: 0.13 0.55 1.17 -0.05 -0.05 0.16 0.03 -0.05 -0.28 -0.52 -0.81  Rvol: 0.60 1.12 1.57 -0.33 -0.25 0.09 0.47 0.14 0.73 1.29 1.74 -0.28 -0.15 0.16 0.50 
Loss: 32.354988  SIA Ef: 3.651633 Binding: 0.23 0.77 3.81 0.96 0.17 0.17 0.05 -0.07 -0.32 -0.54 -0.87  Rvol: 0.73 1.40 2.04 -0.33 -0.12 0.23 0.71 0.14 0.85 1.53 2.17 -0.28 -0.02 0.31 0.76 
Loss: 3.711636  SIA Ef: 1.211318 Binding: 0.38 0.68 -0.15 0.01 0.59 0.43 0.39 0.59 0.03 -0.07 -0.24  Rvol: 0.59 1.12 1.55 -0.33 -0.24 0.15 0.55 0.14 0.76 1.31 1.73 -0.28 -0.13 0.21 0.57 
Loss: 35.206716  SIA Ef: 2.102260 Binding: 1.07 1.16 -3.65 2.45 0.48 0.35 -0.39 -0.57 1.50 -2.07 -0.84  Rvol: 0.56 1.20 1.59 -0.33 -0.19 0.39 0.71 0.14 0.81 1.36 1.78 -0.28 0.04 0.27 0.80 
Loss: 3.871924  SIA Ef: 1.205861 Binding: 0.38 0.68 -0.16 0.01 0.59 0.46 0.45 0.68 0.06 -0.01 -0.17  Rvol: 0.59 1.12 1.54 -0.33 -0.24 0.15 0.55 0.14 0.76 1.31 1.73 -0.28 -0.14 0.20 0.56 
Loss: 63.361978  SIA Ef: -5.932451 Binding: 0.54 0.41 -3.55 2.52 0.14 0.70 0.48 0.98 2.08 -1.46 0.47  Rvol: 0.21 0.66 0.59 -0.33 -0.26 -0.05 0.02 0.14 0.52 0.77 0.83 -0.28 -0.19 -0.16 0.09 
Loss: 3.777314  SIA Ef: 1.216208 Binding: 0.38 0.68 -0.15 0.01 0.59 0.44 0.41 0.63 0.04 -0.05 -0.22  Rvol: 0.59 1.12 1.55 -0.33 -0.24 0.15 0.55 0.14 0.76 1.31 1.73 -0.28 -0.13 0.21 0.57 
Loss: 51.076689  SIA Ef: 5.498690 Binding: -0.10 -0.02 3.87 0.11 -1.15 0.35 0.66 0.89 -0.09 -0.03 -0.15  Rvol: 0.90 1.69 2.49 -0.33 -0.27 -0.03 0.62 0.14 1.03 1.85 2.64 -0.28 -0.16 0.09 0.84 
Loss: 4.048895  SIA Ef: 1.240519 Binding: 0.38 0.66 -0.13 0.18 0.77 0.43 0.40 0.64 0.03 -0.07 -0.22  Rvol: 0.59 1.12 1.55 -0.33 -0.24 0.14 0.52 0.14 0.76 1.31 1.72 -0.28 -0.13 0.20 0.54 
Loss: 27.804550  SIA Ef: 3.930340 Binding: 0.21 0.90 2.87 0.71 0.30 0.43 0.62 0.74 -0.05 -0.03 -0.04  Rvol: 0.71 1.33 1.93 -0.33 -0.11 0.27 0.79 0.14 0.83 1.47 2.01 -0.28 -0.01 0.35 0.81 
Loss: 5.552115  SIA Ef: 1.159464 Binding: 0.64 1.21 -0.18 0.17 1.01 0.43 0.38 0.55 0.03 -0.08 -0.24  Rvol: 0.59 1.12 1.55 -0.33 -0.23 0.17 0.57 0.14 0.76 1.31 1.73 -0.28 -0.14 0.22 0.58 
Loss: 60.540109  SIA Ef: -5.867157 Binding: 0.51 0.33 -3.41 2.41 0.07 0.71 0.50 1.00 1.98 -1.43 0.48  Rvol: 0.22 0.66 0.60 -0.33 -0.26 -0.05 0.02 0.14 0.52 0.78 0.84 -0.28 -0.19 -0.16 0.09 
Loss: 3.655089  SIA Ef: 1.204746 Binding: 0.39 0.67 -0.16 -0.01 0.54 0.43 0.39 0.60 0.03 -0.07 -0.23  Rvol: 0.59 1.13 1.56 -0.33 -0.24 0.15 0.55 0.14 0.76 1.31 1.74 -0.28 -0.13 0.21 0.56 
Loss: 60.729995  SIA Ef: -5.874297 Binding: 0.52 0.29 -3.42 2.41 0.04 0.71 0.49 1.03 1.98 -1.44 0.49  Rvol: 0.22 0.65 0.62 -0.33 -0.26 -0.05 0.02 0.14 0.52 0.78 0.85 -0.28 -0.19 -0.16 0.09 
Loss: 5.476589  SIA Ef: 1.639643 Binding: 0.28 0.56 0.12 0.04 0.52 0.53 0.60 0.90 0.10 0.11 0.04  Rvol: 0.59 1.15 1.59 -0.33 -0.20 0.19 0.60 0.14 0.77 1.34 1.77 -0.28 -0.10 0.25 0.61 
Loss: 27.643158  SIA Ef: 3.821700 Binding: 0.24 0.93 3.03 0.76 0.28 0.32 0.43 0.48 -0.15 -0.23 -0.40  Rvol: 0.72 1.35 1.95 -0.33 -0.13 0.23 0.74 0.14 0.83 1.48 2.03 -0.28 -0.04 0.31 0.77 
Loss: 18.239144  SIA Ef: 3.401815 Binding: 0.01 0.35 1.82 -0.23 -0.71 0.35 0.58 0.88 -0.06 -0.00 -0.13  Rvol: 0.75 1.35 1.96 -0.33 -0.26 0.09 0.69 0.14 0.85 1.51 2.12 -0.28 -0.16 0.19 0.71 
Loss: 11.153857  SIA Ef: 1.931093 Binding: 0.74 0.92 -1.80 0.34 1.12 0.40 0.02 0.04 0.30 -0.35 -0.53  Rvol: 0.59 1.18 1.62 -0.33 -0.21 0.23 0.66 0.14 0.79 1.36 1.81 -0.28 -0.08 0.26 0.70 
Loss: 4.088634  SIA Ef: -0.560070 Binding: 0.51 0.67 -1.14 0.14 0.88 0.52 0.36 0.56 0.23 -0.05 -0.07  Rvol: 0.49 0.99 1.33 -0.33 -0.24 0.09 0.42 0.14 0.70 1.17 1.51 -0.28 -0.14 0.12 0.44 
Loss: 3.660152  SIA Ef: 1.204580 Binding: 0.39 0.67 -0.15 -0.01 0.54 0.43 0.39 0.61 0.03 -0.06 -0.23  Rvol: 0.59 1.13 1.56 -0.33 -0.24 0.15 0.55 0.14 0.76 1.31 1.74 -0.28 -0.13 0.21 0.56 
Loss: 3.712824  SIA Ef: 1.131367 Binding: 0.35 0.72 0.23 0.11 0.65 0.43 0.41 0.61 -0.00 -0.09 -0.27  Rvol: 0.58 1.12 1.54 -0.33 -0.21 0.16 0.54 0.14 0.75 1.30 1.71 -0.28 -0.12 0.21 0.55 
Loss: 3.091249  SIA Ef: 1.153346 Binding: 0.32 0.60 0.14 -0.06 0.37 0.37 0.30 0.46 -0.05 -0.17 -0.38  Rvol: 0.59 1.13 1.56 -0.33 -0.24 0.14 0.53 0.14 0.76 1.31 1.74 -0.28 -0.14 0.20 0.55 
Loss: 4.375398  SIA Ef: 1.034731 Binding: 0.50 0.74 -0.86 0.13 0.82 0.35 0.10 0.15 0.01 -0.33 -0.56  Rvol: 0.57 1.11 1.51 -0.33 -0.22 0.17 0.56 0.14 0.76 1.29 1.70 -0.28 -0.12 0.21 0.58 
Loss: 3.075868  SIA Ef: 1.166800 Binding: 0.30 0.58 0.15 -0.08 0.34 0.38 0.31 0.48 -0.04 -0.16 -0.37  Rvol: 0.59 1.13 1.56 -0.33 -0.24 0.14 0.54 0.14 0.76 1.31 1.74 -0.28 -0.14 0.20 0.55 
Loss: 5.729471  SIA Ef: 1.540060 Binding: 0.05 0.39 1.31 -0.14 -0.56 0.28 0.31 0.41 -0.15 -0.25 -0.23  Rvol: 0.64 1.18 1.68 -0.33 -0.25 0.08 0.54 0.14 0.75 1.34 1.83 -0.28 -0.16 0.16 0.53 
Loss: 3.081157  SIA Ef: 1.164962 Binding: 0.31 0.58 0.15 -0.09 0.33 0.38 0.32 0.48 -0.04 -0.16 -0.36  Rvol: 0.59 1.13 1.56 -0.33 -0.24 0.14 0.54 0.14 0.76 1.31 1.74 -0.28 -0.14 0.20 0.55 
Loss: 3.369676  SIA Ef: 1.091236 Binding: 0.40 0.83 0.25 -0.05 0.43 0.36 0.30 0.41 -0.06 -0.18 -0.37  Rvol: 0.59 1.13 1.56 -0.33 -0.24 0.14 0.54 0.14 0.76 1.31 1.74 -0.28 -0.14 0.20 0.56 
Loss: 3.099432  SIA Ef: 1.176963 Binding: 0.31 0.58 0.16 -0.11 0.30 0.38 0.32 0.49 -0.04 -0.15 -0.36  Rvol: 0.59 1.13 1.56 -0.33 -0.24 0.14 0.54 0.14 0.76 1.31 1.75 -0.28 -0.14 0.20 0.56 
Loss: 3.677275  SIA Ef: 1.332179 Binding: 0.22 0.56 0.45 -0.04 0.26 0.41 0.41 0.56 -0.03 -0.10 -0.24  Rvol: 0.60 1.14 1.58 -0.33 -0.22 0.15 0.55 0.14 0.76 1.32 1.75 -0.28 -0.12 0.21 0.56 
Loss: 1.745274  SIA Ef: 0.338512 Binding: 0.34 0.54 -0.17 -0.05 0.49 0.40 0.29 0.46 -0.01 -0.16 -0.37  Rvol: 0.55 1.06 1.45 -0.33 -0.24 0.10 0.47 0.14 0.73 1.24 1.64 -0.28 -0.15 0.16 0.49 
Loss: 4.545530  SIA Ef: -0.886492 Binding: 0.49 0.59 -1.24 0.13 0.87 0.52 0.33 0.52 0.24 -0.08 -0.11  Rvol: 0.48 0.97 1.28 -0.33 -0.24 0.08 0.39 0.14 0.69 1.14 1.47 -0.28 -0.15 0.10 0.41 
Loss: 2.136283  SIA Ef: 0.541877 Binding: 0.37 0.55 -0.36 -0.01 0.57 0.37 0.21 0.35 -0.02 -0.23 -0.46  Rvol: 0.56 1.08 1.47 -0.33 -0.23 0.12 0.49 0.14 0.74 1.26 1.65 -0.28 -0.14 0.17 0.51 
Loss: 2.345954  SIA Ef: -0.316112 Binding: 0.42 0.58 -0.66 0.02 0.71 0.36 0.11 0.20 -0.01 -0.32 -0.54  Rvol: 0.51 1.01 1.36 -0.33 -0.24 0.09 0.44 0.14 0.71 1.19 1.55 -0.28 -0.14 0.14 0.45 
Loss: 1.751022  SIA Ef: 0.457978 Binding: 0.29 0.50 0.02 -0.04 0.44 0.41 0.33 0.51 -0.02 -0.14 -0.33  Rvol: 0.55 1.07 1.47 -0.33 -0.23 0.11 0.48 0.14 0.73 1.25 1.64 -0.28 -0.14 0.17 0.49 
Loss: 1.765417  SIA Ef: 0.360114 Binding: 0.35 0.54 -0.26 -0.08 0.46 0.40 0.29 0.45 -0.00 -0.16 -0.36  Rvol: 0.55 1.07 1.46 -0.33 -0.24 0.10 0.47 0.14 0.74 1.25 1.64 -0.28 -0.15 0.16 0.49 
Loss: 1.575304  SIA Ef: 0.412296 Binding: 0.22 0.47 0.37 -0.11 0.19 0.35 0.29 0.43 -0.08 -0.20 -0.41  Rvol: 0.56 1.08 1.49 -0.33 -0.25 0.09 0.45 0.14 0.73 1.25 1.66 -0.28 -0.15 0.15 0.47 
Loss: 1.784457  SIA Ef: 0.479653 Binding: 0.23 0.52 0.46 -0.11 0.19 0.34 0.29 0.41 -0.09 -0.21 -0.43  Rvol: 0.57 1.08 1.49 -0.33 -0.25 0.09 0.47 0.14 0.73 1.26 1.67 -0.28 -0.15 0.15 0.48 
Loss: 1.280369  SIA Ef: -0.305323 Binding: 0.24 0.41 0.09 -0.11 0.31 0.39 0.31 0.48 -0.03 -0.16 -0.36  Rvol: 0.53 1.02 1.39 -0.33 -0.26 0.06 0.40 0.14 0.71 1.20 1.57 -0.28 -0.16 0.12 0.41 
Loss: 1.408116  SIA Ef: -0.400599 Binding: 0.26 0.40 -0.00 -0.09 0.36 0.42 0.33 0.54 -0.01 -0.13 -0.30  Rvol: 0.52 1.01 1.38 -0.33 -0.25 0.06 0.39 0.14 0.70 1.19 1.56 -0.28 -0.16 0.12 0.41 
Loss: 1.318927  SIA Ef: -0.192656 Binding: 0.24 0.42 0.12 -0.10 0.30 0.41 0.36 0.55 -0.01 -0.12 -0.29  Rvol: 0.53 1.03 1.41 -0.33 -0.26 0.06 0.40 0.14 0.71 1.21 1.58 -0.28 -0.16 0.12 0.42 
Loss: 1.887957  SIA Ef: -0.810932 Binding: 0.28 0.38 -0.20 -0.08 0.45 0.41 0.28 0.48 -0.00 -0.17 -0.34  Rvol: 0.50 0.98 1.32 -0.33 -0.25 0.04 0.37 0.14 0.69 1.16 1.50 -0.28 -0.16 0.10 0.37 
Loss: 1.272086  SIA Ef: -0.305117 Binding: 0.24 0.41 0.09 -0.11 0.29 0.40 0.31 0.48 -0.03 -0.16 -0.35  Rvol: 0.53 1.02 1.39 -0.33 -0.26 0.06 0.40 0.14 0.71 1.20 1.57 -0.28 -0.16 0.12 0.41 
Loss: 1.328099  SIA Ef: -0.150776 Binding: 0.15 0.33 0.43 -0.17 0.07 0.40 0.37 0.55 -0.04 -0.13 -0.30  Rvol: 0.54 1.04 1.42 -0.33 -0.26 0.06 0.40 0.14 0.71 1.21 1.60 -0.28 -0.16 0.12 0.42 
Loss: 1.216392  SIA Ef: -0.283640 Binding: 0.24 0.37 0.03 -0.11 0.31 0.38 0.28 0.45 -0.04 -0.19 -0.39  Rvol: 0.53 1.02 1.39 -0.33 -0.25 0.06 0.40 0.14 0.71 1.20 1.57 -0.28 -0.16 0.12 0.41 
Loss: 1.245814  SIA Ef: -0.312981 Binding: 0.25 0.39 -0.02 -0.11 0.32 0.38 0.27 0.44 -0.04 -0.19 -0.40  Rvol: 0.53 1.02 1.39 -0.33 -0.25 0.06 0.40 0.14 0.71 1.20 1.57 -0.28 -0.16 0.12 0.41 
Loss: 1.256479  SIA Ef: -0.309235 Binding: 0.24 0.41 0.12 -0.11 0.30 0.38 0.28 0.43 -0.05 -0.19 -0.41  Rvol: 0.53 1.02 1.39 -0.33 -0.26 0.06 0.40 0.14 0.71 1.20 1.57 -0.28 -0.16 0.12 0.41 
Loss: 1.244102  SIA Ef: -0.295692 Binding: 0.23 0.38 0.07 -0.09 0.33 0.38 0.28 0.45 -0.04 -0.19 -0.40  Rvol: 0.53 1.02 1.39 -0.33 -0.25 0.06 0.40 0.14 0.71 1.20 1.57 -0.28 -0.15 0.12 0.41 
Loss: 1.373944  SIA Ef: -0.559614 Binding: 0.23 0.31 -0.07 -0.11 0.32 0.39 0.26 0.45 -0.04 -0.20 -0.39  Rvol: 0.52 1.00 1.35 -0.33 -0.25 0.05 0.38 0.14 0.70 1.18 1.54 -0.28 -0.16 0.11 0.39 
Loss: 1.358874  SIA Ef: -0.395006 Binding: 0.26 0.38 -0.13 -0.10 0.38 0.40 0.28 0.47 -0.02 -0.17 -0.36  Rvol: 0.52 1.01 1.37 -0.33 -0.25 0.06 0.41 0.14 0.71 1.19 1.55 -0.28 -0.15 0.12 0.41 
Loss: 1.209087  SIA Ef: 0.103432 Binding: 0.20 0.38 0.26 -0.12 0.20 0.35 0.26 0.41 -0.08 -0.22 -0.44  Rvol: 0.55 1.05 1.45 -0.33 -0.26 0.07 0.43 0.14 0.72 1.23 1.62 -0.28 -0.16 0.14 0.44 
Loss: 1.197094  SIA Ef: 0.056778 Binding: 0.22 0.40 0.18 -0.11 0.25 0.35 0.25 0.39 -0.07 -0.22 -0.45  Rvol: 0.55 1.05 1.44 -0.33 -0.26 0.07 0.42 0.14 0.72 1.23 1.62 -0.28 -0.16 0.14 0.44 
Loss: 1.211709  SIA Ef: 0.094860 Binding: 0.19 0.36 0.30 -0.12 0.18 0.35 0.27 0.43 -0.08 -0.21 -0.43  Rvol: 0.55 1.05 1.44 -0.33 -0.26 0.07 0.42 0.14 0.72 1.23 1.62 -0.28 -0.16 0.13 0.44 
Loss: 1.227466  SIA Ef: 0.114784 Binding: 0.22 0.40 0.20 -0.11 0.24 0.36 0.28 0.43 -0.06 -0.20 -0.42  Rvol: 0.55 1.05 1.45 -0.33 -0.26 0.07 0.43 0.14 0.72 1.23 1.62 -0.28 -0.16 0.14 0.44 
Loss: 1.345092  SIA Ef: 0.169075 Binding: 0.21 0.42 0.36 -0.10 0.20 0.33 0.23 0.35 -0.11 -0.26 -0.51  Rvol: 0.55 1.06 1.46 -0.33 -0.26 0.07 0.43 0.14 0.72 1.23 1.63 -0.28 -0.15 0.14 0.45 
Loss: 1.144881  SIA Ef: -0.031168 Binding: 0.21 0.37 0.19 -0.11 0.23 0.35 0.25 0.39 -0.08 -0.23 -0.46  Rvol: 0.54 1.04 1.43 -0.33 -0.26 0.07 0.41 0.14 0.72 1.22 1.61 -0.28 -0.16 0.13 0.43 
Loss: 1.151862  SIA Ef: -0.030734 Binding: 0.21 0.37 0.21 -0.12 0.22 0.35 0.25 0.39 -0.08 -0.23 -0.46  Rvol: 0.54 1.04 1.43 -0.33 -0.26 0.07 0.41 0.14 0.72 1.22 1.61 -0.28 -0.16 0.13 0.43 
Loss: 1.133973  SIA Ef: -0.028526 Binding: 0.21 0.37 0.16 -0.11 0.24 0.35 0.23 0.37 -0.08 -0.25 -0.48  Rvol: 0.54 1.04 1.43 -0.33 -0.26 0.07 0.41 0.14 0.72 1.22 1.60 -0.28 -0.16 0.13 0.43 
Loss: 1.128736  SIA Ef: -0.019320 Binding: 0.21 0.36 0.14 -0.11 0.25 0.35 0.23 0.37 -0.08 -0.24 -0.48  Rvol: 0.54 1.04 1.43 -0.33 -0.26 0.07 0.41 0.14 0.72 1.22 1.60 -0.28 -0.16 0.13 0.43 
Loss: 1.097670  SIA Ef: -0.089365 Binding: 0.21 0.33 0.05 -0.11 0.27 0.35 0.22 0.37 -0.07 -0.25 -0.48  Rvol: 0.54 1.04 1.41 -0.33 -0.26 0.07 0.41 0.14 0.72 1.21 1.59 -0.28 -0.16 0.13 0.43 
Loss: 1.085448  SIA Ef: -0.138862 Binding: 0.20 0.31 0.05 -0.11 0.25 0.34 0.20 0.34 -0.09 -0.27 -0.51  Rvol: 0.54 1.03 1.41 -0.33 -0.26 0.06 0.40 0.14 0.71 1.21 1.59 -0.28 -0.16 0.13 0.42 
Loss: 1.064617  SIA Ef: -0.127102 Binding: 0.19 0.30 0.04 -0.11 0.25 0.34 0.21 0.36 -0.08 -0.26 -0.50  Rvol: 0.54 1.04 1.41 -0.33 -0.26 0.06 0.40 0.14 0.71 1.21 1.59 -0.28 -0.16 0.13 0.42 
Loss: 1.040502  SIA Ef: -0.124176 Binding: 0.18 0.28 0.10 -0.12 0.21 0.34 0.22 0.37 -0.08 -0.26 -0.49  Rvol: 0.54 1.04 1.41 -0.33 -0.26 0.06 0.40 0.14 0.71 1.21 1.59 -0.28 -0.16 0.12 0.42 
Loss: 1.036732  SIA Ef: -0.123444 Binding: 0.18 0.28 0.07 -0.13 0.21 0.34 0.22 0.36 -0.08 -0.26 -0.49  Rvol: 0.54 1.04 1.41 -0.33 -0.26 0.06 0.40 0.14 0.71 1.21 1.59 -0.28 -0.16 0.12 0.42 
Loss: 1.102165  SIA Ef: -0.326094 Binding: 0.20 0.26 -0.05 -0.12 0.25 0.35 0.21 0.38 -0.07 -0.25 -0.47  Rvol: 0.53 1.02 1.38 -0.33 -0.26 0.05 0.40 0.14 0.71 1.20 1.57 -0.28 -0.16 0.11 0.40 
Loss: 1.026118  SIA Ef: -0.110404 Binding: 0.17 0.27 0.11 -0.13 0.18 0.34 0.22 0.36 -0.09 -0.26 -0.49  Rvol: 0.54 1.04 1.42 -0.33 -0.26 0.06 0.40 0.14 0.71 1.21 1.60 -0.28 -0.16 0.12 0.42 
Loss: 1.052575  SIA Ef: 0.057879 Binding: 0.15 0.25 0.19 -0.14 0.13 0.33 0.22 0.36 -0.10 -0.26 -0.50  Rvol: 0.55 1.05 1.44 -0.33 -0.26 0.06 0.41 0.14 0.72 1.23 1.62 -0.28 -0.16 0.13 0.43 
Loss: 1.028242  SIA Ef: -0.100453 Binding: 0.17 0.27 0.12 -0.13 0.18 0.34 0.22 0.36 -0.09 -0.27 -0.50  Rvol: 0.54 1.04 1.42 -0.33 -0.26 0.06 0.40 0.14 0.72 1.21 1.60 -0.28 -0.16 0.12 0.42 
Loss: 1.055238  SIA Ef: -0.081258 Binding: 0.16 0.26 0.23 -0.14 0.13 0.33 0.21 0.35 -0.10 -0.27 -0.52  Rvol: 0.54 1.04 1.42 -0.33 -0.26 0.05 0.40 0.14 0.71 1.22 1.60 -0.28 -0.16 0.12 0.42 
Loss: 1.023267  SIA Ef: -0.104672 Binding: 0.17 0.27 0.11 -0.14 0.18 0.34 0.23 0.37 -0.08 -0.25 -0.48  Rvol: 0.54 1.04 1.42 -0.33 -0.26 0.06 0.40 0.14 0.71 1.21 1.60 -0.28 -0.16 0.12 0.42 
Loss: 1.030692  SIA Ef: -0.126332 Binding: 0.17 0.27 0.16 -0.14 0.15 0.34 0.23 0.38 -0.08 -0.25 -0.47  Rvol: 0.54 1.04 1.41 -0.33 -0.26 0.06 0.40 0.14 0.71 1.21 1.60 -0.28 -0.16 0.12 0.42 
Loss: 1.029170  SIA Ef: -0.085986 Binding: 0.17 0.27 0.13 -0.14 0.17 0.35 0.24 0.39 -0.08 -0.24 -0.47  Rvol: 0.54 1.04 1.42 -0.33 -0.26 0.06 0.40 0.14 0.72 1.22 1.60 -0.28 -0.16 0.12 0.42 
Loss: 1.051668  SIA Ef: 0.003398 Binding: 0.17 0.28 0.16 -0.13 0.17 0.34 0.23 0.38 -0.08 -0.25 -0.48  Rvol: 0.55 1.05 1.43 -0.33 -0.26 0.06 0.41 0.14 0.72 1.22 1.61 -0.28 -0.16 0.13 0.43 
Loss: 1.029832  SIA Ef: -0.101770 Binding: 0.17 0.28 0.12 -0.14 0.18 0.34 0.22 0.36 -0.09 -0.26 -0.49  Rvol: 0.54 1.04 1.42 -0.33 -0.26 0.06 0.40 0.14 0.72 1.21 1.60 -0.28 -0.16 0.12 0.42 
Loss: 1.027574  SIA Ef: -0.088771 Binding: 0.17 0.28 0.11 -0.13 0.18 0.34 0.22 0.37 -0.08 -0.26 -0.48  Rvol: 0.54 1.04 1.42 -0.33 -0.26 0.06 0.40 0.14 0.72 1.22 1.60 -0.28 -0.16 0.12 0.42 
Loss: 1.030977  SIA Ef: -0.189527 Binding: 0.18 0.26 0.04 -0.14 0.20 0.35 0.22 0.38 -0.07 -0.25 -0.48  Rvol: 0.53 1.03 1.40 -0.33 -0.26 0.06 0.40 0.14 0.71 1.21 1.58 -0.28 -0.16 0.12 0.41 
Loss: 1.020543  SIA Ef: -0.081805 Binding: 0.17 0.27 0.10 -0.14 0.18 0.34 0.23 0.37 -0.08 -0.25 -0.48  Rvol: 0.54 1.04 1.42 -0.33 -0.26 0.06 0.40 0.14 0.72 1.22 1.60 -0.28 -0.16 0.12 0.42 
Loss: 1.023240  SIA Ef: -0.040237 Binding: 0.16 0.25 0.15 -0.14 0.14 0.34 0.22 0.37 -0.09 -0.26 -0.49  Rvol: 0.54 1.04 1.42 -0.33 -0.26 0.06 0.40 0.14 0.72 1.22 1.61 -0.28 -0.16 0.12 0.42 
Loss: 1.021112  SIA Ef: -0.074574 Binding: 0.17 0.27 0.12 -0.14 0.17 0.34 0.23 0.38 -0.08 -0.25 -0.48  Rvol: 0.54 1.04 1.42 -0.33 -0.26 0.06 0.40 0.14 0.72 1.22 1.60 -0.28 -0.16 0.12 0.42 
Loss: 1.023998  SIA Ef: -0.018958 Binding: 0.17 0.27 0.10 -0.14 0.17 0.34 0.23 0.38 -0.08 -0.25 -0.47  Rvol: 0.54 1.05 1.43 -0.33 -0.26 0.06 0.41 0.14 0.72 1.22 1.61 -0.28 -0.16 0.13 0.43 
Loss: 1.022320  SIA Ef: -0.079364 Binding: 0.17 0.27 0.11 -0.13 0.18 0.34 0.23 0.38 -0.08 -0.25 -0.48  Rvol: 0.54 1.04 1.42 -0.33 -0.26 0.06 0.40 0.14 0.72 1.22 1.60 -0.28 -0.16 0.12 0.42 
Loss: 1.020515  SIA Ef: -0.083880 Binding: 0.17 0.27 0.11 -0.14 0.17 0.34 0.23 0.37 -0.08 -0.25 -0.48  Rvol: 0.54 1.04 1.42 -0.33 -0.26 0.06 0.40 0.14 0.72 1.22 1.60 -0.28 -0.16 0.12 0.42 
Loss: 1.021300  SIA Ef: -0.090561 Binding: 0.17 0.27 0.09 -0.14 0.18 0.34 0.23 0.37 -0.08 -0.25 -0.48  Rvol: 0.54 1.04 1.42 -0.33 -0.26 0.06 0.40 0.14 0.72 1.22 1.60 -0.28 -0.16 0.12 0.42 
Loss: 1.019508  SIA Ef: -0.088050 Binding: 0.17 0.27 0.10 -0.14 0.17 0.34 0.23 0.38 -0.08 -0.25 -0.47  Rvol: 0.54 1.04 1.42 -0.33 -0.26 0.06 0.40 0.14 0.72 1.22 1.60 -0.28 -0.16 0.12 0.42 
Loss: 1.016593  SIA Ef: -0.130053 Binding: 0.17 0.26 0.07 -0.14 0.18 0.35 0.23 0.38 -0.08 -0.25 -0.47  Rvol: 0.54 1.04 1.41 -0.33 -0.26 0.06 0.40 0.14 0.71 1.21 1.59 -0.28 -0.16 0.12 0.42 
Loss: 1.018073  SIA Ef: -0.146615 Binding: 0.17 0.26 0.07 -0.14 0.18 0.35 0.23 0.38 -0.08 -0.25 -0.47  Rvol: 0.54 1.04 1.41 -0.33 -0.26 0.06 0.40 0.14 0.71 1.21 1.59 -0.28 -0.16 0.12 0.42 
Loss: 1.017484  SIA Ef: -0.137380 Binding: 0.17 0.26 0.08 -0.14 0.18 0.35 0.23 0.38 -0.08 -0.25 -0.47  Rvol: 0.54 1.04 1.41 -0.33 -0.26 0.06 0.40 0.14 0.71 1.21 1.59 -0.28 -0.16 0.12 0.42 
Loss: 1.013635  SIA Ef: -0.120023 Binding: 0.17 0.26 0.06 -0.14 0.18 0.35 0.23 0.39 -0.07 -0.24 -0.46  Rvol: 0.54 1.04 1.41 -0.33 -0.26 0.06 0.40 0.14 0.71 1.21 1.59 -0.28 -0.16 0.12 0.42 
Loss: 1.005435  SIA Ef: -0.106554 Binding: 0.17 0.25 0.07 -0.14 0.17 0.35 0.23 0.39 -0.07 -0.24 -0.47  Rvol: 0.54 1.04 1.42 -0.33 -0.26 0.06 0.40 0.14 0.72 1.22 1.60 -0.28 -0.16 0.12 0.42 
Loss: 0.998200  SIA Ef: -0.097324 Binding: 0.17 0.25 0.07 -0.15 0.16 0.35 0.23 0.39 -0.08 -0.24 -0.47  Rvol: 0.54 1.04 1.42 -0.33 -0.26 0.06 0.40 0.14 0.72 1.22 1.60 -0.28 -0.16 0.12 0.42 
Loss: 0.991817  SIA Ef: -0.086659 Binding: 0.16 0.24 0.07 -0.15 0.15 0.35 0.23 0.39 -0.08 -0.24 -0.46  Rvol: 0.54 1.04 1.42 -0.33 -0.26 0.06 0.40 0.14 0.72 1.22 1.60 -0.28 -0.16 0.12 0.42 
Loss: 0.990619  SIA Ef: -0.072517 Binding: 0.16 0.24 0.06 -0.15 0.15 0.35 0.24 0.40 -0.07 -0.24 -0.46  Rvol: 0.54 1.04 1.42 -0.33 -0.26 0.06 0.40 0.14 0.72 1.22 1.60 -0.28 -0.16 0.12 0.42 
Loss: 0.990980  SIA Ef: -0.076577 Binding: 0.17 0.24 0.05 -0.15 0.15 0.35 0.23 0.39 -0.07 -0.24 -0.46  Rvol: 0.54 1.04 1.42 -0.33 -0.26 0.06 0.40 0.14 0.72 1.22 1.60 -0.28 -0.16 0.12 0.42 
Loss: 0.988267  SIA Ef: -0.082407 Binding: 0.16 0.23 0.04 -0.15 0.16 0.35 0.23 0.39 -0.07 -0.24 -0.46  Rvol: 0.54 1.04 1.42 -0.33 -0.26 0.06 0.40 0.14 0.72 1.22 1.60 -0.28 -0.16 0.12 0.42 
Loss: 0.985160  SIA Ef: -0.088065 Binding: 0.16 0.23 0.03 -0.15 0.16 0.35 0.23 0.39 -0.07 -0.24 -0.46  Rvol: 0.54 1.04 1.42 -0.33 -0.26 0.06 0.40 0.14 0.72 1.22 1.60 -0.28 -0.16 0.12 0.42 
Loss: 0.983701  SIA Ef: -0.110239 Binding: 0.16 0.22 0.02 -0.16 0.15 0.35 0.23 0.39 -0.07 -0.24 -0.46  Rvol: 0.54 1.04 1.42 -0.33 -0.26 0.06 0.40 0.14 0.72 1.21 1.60 -0.28 -0.16 0.12 0.42 
Loss: 0.982658  SIA Ef: -0.103141 Binding: 0.16 0.22 0.02 -0.16 0.15 0.35 0.23 0.40 -0.07 -0.24 -0.46  Rvol: 0.54 1.04 1.42 -0.33 -0.26 0.06 0.40 0.14 0.72 1.21 1.60 -0.28 -0.16 0.12 0.42 
Loss: 0.979922  SIA Ef: -0.099947 Binding: 0.16 0.22 0.03 -0.16 0.15 0.35 0.23 0.39 -0.07 -0.24 -0.46  Rvol: 0.54 1.04 1.42 -0.33 -0.26 0.06 0.40 0.14 0.72 1.22 1.60 -0.28 -0.16 0.12 0.42 
Loss: 0.976040  SIA Ef: -0.086163 Binding: 0.15 0.22 0.06 -0.16 0.13 0.35 0.24 0.39 -0.07 -0.24 -0.46  Rvol: 0.54 1.04 1.42 -0.33 -0.26 0.06 0.40 0.14 0.72 1.22 1.60 -0.28 -0.16 0.12 0.42 
Loss: 0.975289  SIA Ef: -0.064801 Binding: 0.15 0.22 0.07 -0.17 0.12 0.35 0.23 0.39 -0.08 -0.24 -0.46  Rvol: 0.54 1.04 1.42 -0.33 -0.26 0.06 0.40 0.14 0.72 1.22 1.60 -0.28 -0.16 0.12 0.42 
Loss: 0.976188  SIA Ef: -0.045635 Binding: 0.15 0.22 0.08 -0.17 0.12 0.34 0.23 0.39 -0.08 -0.24 -0.47  Rvol: 0.54 1.04 1.43 -0.33 -0.26 0.06 0.40 0.14 0.72 1.22 1.61 -0.28 -0.16 0.12 0.42 
Loss: 0.973303  SIA Ef: -0.072762 Binding: 0.15 0.21 0.08 -0.17 0.12 0.35 0.23 0.39 -0.08 -0.24 -0.46  Rvol: 0.54 1.04 1.42 -0.33 -0.26 0.06 0.40 0.14 0.72 1.22 1.60 -0.28 -0.16 0.12 0.42 
Loss: 0.971528  SIA Ef: -0.074084 Binding: 0.15 0.21 0.07 -0.17 0.11 0.35 0.24 0.39 -0.08 -0.24 -0.46  Rvol: 0.54 1.04 1.42 -0.33 -0.26 0.06 0.40 0.14 0.72 1.22 1.60 -0.28 -0.16 0.12 0.42 
Loss: 0.969376  SIA Ef: -0.088869 Binding: 0.15 0.21 0.08 -0.17 0.11 0.35 0.24 0.40 -0.07 -0.24 -0.45  Rvol: 0.54 1.04 1.42 -0.33 -0.27 0.06 0.40 0.14 0.72 1.22 1.60 -0.28 -0.16 0.12 0.42 
Loss: 0.970227  SIA Ef: -0.106637 Binding: 0.14 0.21 0.09 -0.17 0.11 0.35 0.24 0.39 -0.08 -0.24 -0.46  Rvol: 0.54 1.04 1.42 -0.33 -0.27 0.05 0.40 0.14 0.72 1.22 1.60 -0.28 -0.16 0.12 0.42 
Loss: 0.969246  SIA Ef: -0.094266 Binding: 0.15 0.21 0.06 -0.17 0.11 0.35 0.24 0.40 -0.07 -0.24 -0.46  Rvol: 0.54 1.04 1.42 -0.33 -0.27 0.06 0.40 0.14 0.72 1.22 1.60 -0.28 -0.16 0.12 0.42 
Loss: 0.969555  SIA Ef: -0.092335 Binding: 0.15 0.21 0.08 -0.18 0.10 0.35 0.24 0.40 -0.07 -0.24 -0.45  Rvol: 0.54 1.04 1.42 -0.33 -0.27 0.06 0.40 0.14 0.72 1.22 1.60 -0.28 -0.16 0.12 0.42 
Loss: 0.971373  SIA Ef: -0.084378 Binding: 0.15 0.21 0.07 -0.17 0.11 0.35 0.24 0.40 -0.07 -0.24 -0.45  Rvol: 0.54 1.04 1.42 -0.33 -0.27 0.06 0.40 0.14 0.72 1.22 1.60 -0.28 -0.16 0.12 0.42 
Loss: 0.966782  SIA Ef: -0.108125 Binding: 0.15 0.20 0.06 -0.17 0.11 0.35 0.24 0.40 -0.07 -0.24 -0.46  Rvol: 0.54 1.04 1.42 -0.33 -0.27 0.05 0.40 0.14 0.72 1.22 1.60 -0.28 -0.16 0.12 0.42 
Loss: 0.967486  SIA Ef: -0.136923 Binding: 0.15 0.19 0.03 -0.18 0.12 0.35 0.23 0.40 -0.07 -0.24 -0.46  Rvol: 0.54 1.04 1.41 -0.33 -0.27 0.05 0.40 0.14 0.71 1.21 1.60 -0.28 -0.16 0.12 0.42 
Loss: 0.965592  SIA Ef: -0.090885 Binding: 0.15 0.20 0.07 -0.18 0.10 0.35 0.24 0.39 -0.07 -0.24 -0.46  Rvol: 0.54 1.04 1.42 -0.33 -0.27 0.06 0.40 0.14 0.72 1.22 1.60 -0.28 -0.16 0.12 0.42 
Loss: 0.964964  SIA Ef: -0.066528 Binding: 0.14 0.20 0.09 -0.18 0.09 0.35 0.24 0.39 -0.08 -0.24 -0.46  Rvol: 0.54 1.04 1.43 -0.33 -0.27 0.06 0.40 0.14 0.72 1.22 1.61 -0.28 -0.16 0.12 0.42 
Loss: 0.964568  SIA Ef: -0.064021 Binding: 0.14 0.20 0.09 -0.18 0.09 0.35 0.24 0.39 -0.08 -0.24 -0.46  Rvol: 0.54 1.04 1.43 -0.33 -0.27 0.06 0.40 0.14 0.72 1.22 1.61 -0.28 -0.16 0.12 0.42 
Loss: 0.964208  SIA Ef: -0.060389 Binding: 0.14 0.20 0.09 -0.18 0.09 0.35 0.24 0.39 -0.08 -0.24 -0.46  Rvol: 0.54 1.04 1.43 -0.33 -0.27 0.06 0.40 0.14 0.72 1.22 1.61 -0.28 -0.16 0.12 0.42 
Loss: 0.964769  SIA Ef: -0.049688 Binding: 0.14 0.20 0.08 -0.18 0.09 0.35 0.24 0.39 -0.08 -0.24 -0.46  Rvol: 0.54 1.04 1.43 -0.33 -0.27 0.06 0.40 0.14 0.72 1.22 1.61 -0.28 -0.16 0.12 0.42 
Loss: 0.964805  SIA Ef: -0.055693 Binding: 0.14 0.20 0.10 -0.18 0.08 0.34 0.23 0.38 -0.08 -0.25 -0.47  Rvol: 0.54 1.04 1.43 -0.33 -0.27 0.06 0.40 0.14 0.72 1.22 1.61 -0.28 -0.16 0.12 0.42 
Loss: 0.963776  SIA Ef: -0.060725 Binding: 0.14 0.20 0.08 -0.18 0.09 0.35 0.24 0.39 -0.08 -0.24 -0.46  Rvol: 0.54 1.04 1.43 -0.33 -0.27 0.06 0.40 0.14 0.72 1.22 1.61 -0.28 -0.16 0.12 0.42 
Loss: 0.965893  SIA Ef: -0.044434 Binding: 0.14 0.20 0.10 -0.18 0.09 0.34 0.24 0.39 -0.08 -0.24 -0.46  Rvol: 0.54 1.05 1.43 -0.33 -0.27 0.06 0.40 0.14 0.72 1.22 1.61 -0.28 -0.16 0.12 0.42 
Loss: 0.963154  SIA Ef: -0.065380 Binding: 0.14 0.20 0.07 -0.18 0.10 0.34 0.23 0.39 -0.08 -0.24 -0.46  Rvol: 0.54 1.04 1.43 -0.33 -0.27 0.06 0.40 0.14 0.72 1.22 1.61 -0.28 -0.16 0.12 0.42 
Loss: 0.964866  SIA Ef: -0.049362 Binding: 0.14 0.20 0.07 -0.18 0.10 0.34 0.23 0.38 -0.08 -0.25 -0.47  Rvol: 0.54 1.04 1.43 -0.33 -0.27 0.06 0.40 0.14 0.72 1.22 1.61 -0.28 -0.16 0.12 0.42 
Loss: 0.960559  SIA Ef: -0.074293 Binding: 0.14 0.20 0.06 -0.18 0.10 0.35 0.23 0.39 -0.08 -0.24 -0.46  Rvol: 0.54 1.04 1.42 -0.33 -0.27 0.06 0.40 0.14 0.72 1.22 1.60 -0.28 -0.16 0.12 0.42 
Loss: 0.960277  SIA Ef: -0.116252 Binding: 0.15 0.19 0.03 -0.18 0.11 0.35 0.23 0.39 -0.07 -0.24 -0.46  Rvol: 0.54 1.04 1.42 -0.33 -0.27 0.05 0.40 0.14 0.72 1.21 1.60 -0.28 -0.16 0.12 0.42 
Loss: 0.958439  SIA Ef: -0.112022 Binding: 0.15 0.19 0.03 -0.18 0.11 0.35 0.23 0.39 -0.07 -0.24 -0.46  Rvol: 0.54 1.04 1.42 -0.33 -0.27 0.05 0.40 0.14 0.72 1.21 1.60 -0.28 -0.16 0.12 0.42 
Loss: 0.957536  SIA Ef: -0.110026 Binding: 0.15 0.19 0.03 -0.18 0.11 0.35 0.23 0.39 -0.08 -0.25 -0.47  Rvol: 0.54 1.04 1.42 -0.33 -0.27 0.05 0.40 0.14 0.72 1.22 1.60 -0.28 -0.16 0.12 0.42 
Loss: 0.959530  SIA Ef: -0.114021 Binding: 0.15 0.19 0.02 -0.18 0.11 0.35 0.22 0.39 -0.07 -0.25 -0.47  Rvol: 0.54 1.04 1.42 -0.33 -0.27 0.05 0.40 0.14 0.72 1.21 1.60 -0.28 -0.16 0.12 0.42 
Loss: 0.958026  SIA Ef: -0.115169 Binding: 0.15 0.19 0.03 -0.18 0.11 0.35 0.22 0.39 -0.08 -0.25 -0.47  Rvol: 0.54 1.04 1.42 -0.33 -0.27 0.05 0.40 0.14 0.72 1.21 1.60 -0.28 -0.16 0.12 0.42 
Loss: 0.958017  SIA Ef: -0.111759 Binding: 0.15 0.19 0.03 -0.18 0.11 0.35 0.23 0.39 -0.07 -0.25 -0.47  Rvol: 0.54 1.04 1.42 -0.33 -0.27 0.05 0.40 0.14 0.72 1.21 1.60 -0.28 -0.16 0.12 0.42 
Loss: 0.954304  SIA Ef: -0.096634 Binding: 0.14 0.19 0.04 -0.18 0.10 0.34 0.23 0.38 -0.08 -0.25 -0.47  Rvol: 0.54 1.04 1.42 -0.33 -0.27 0.05 0.40 0.14 0.72 1.22 1.60 -0.28 -0.16 0.12 0.42 
Loss: 0.953550  SIA Ef: -0.083622 Binding: 0.14 0.19 0.03 -0.18 0.10 0.35 0.23 0.39 -0.08 -0.25 -0.47  Rvol: 0.54 1.04 1.42 -0.33 -0.27 0.05 0.40 0.14 0.72 1.22 1.60 -0.28 -0.16 0.12 0.42 
Loss: 0.953252  SIA Ef: -0.084812 Binding: 0.15 0.18 0.03 -0.18 0.10 0.35 0.23 0.39 -0.08 -0.25 -0.47  Rvol: 0.54 1.04 1.42 -0.33 -0.27 0.05 0.40 0.14 0.72 1.22 1.60 -0.28 -0.16 0.12 0.42 
Loss: 0.952298  SIA Ef: -0.078780 Binding: 0.14 0.18 0.05 -0.18 0.09 0.34 0.23 0.39 -0.08 -0.25 -0.46  Rvol: 0.54 1.04 1.42 -0.33 -0.27 0.05 0.40 0.14 0.72 1.22 1.60 -0.28 -0.16 0.12 0.42 
Loss: 0.951245  SIA Ef: -0.089389 Binding: 0.14 0.18 0.04 -0.18 0.09 0.35 0.23 0.39 -0.08 -0.25 -0.46  Rvol: 0.54 1.04 1.42 -0.33 -0.27 0.05 0.40 0.14 0.72 1.22 1.60 -0.28 -0.16 0.12 0.42 
Loss: 0.950315  SIA Ef: -0.087700 Binding: 0.14 0.18 0.05 -0.19 0.08 0.34 0.23 0.39 -0.08 -0.25 -0.47  Rvol: 0.54 1.04 1.42 -0.33 -0.27 0.05 0.40 0.14 0.72 1.22 1.60 -0.28 -0.16 0.12 0.42 
Loss: 0.950261  SIA Ef: -0.088644 Binding: 0.14 0.18 0.05 -0.19 0.08 0.34 0.23 0.38 -0.08 -0.25 -0.47  Rvol: 0.54 1.04 1.42 -0.33 -0.27 0.05 0.40 0.14 0.72 1.22 1.60 -0.28 -0.16 0.12 0.42 
Loss: 0.950087  SIA Ef: -0.088553 Binding: 0.14 0.18 0.05 -0.19 0.08 0.34 0.22 0.38 -0.08 -0.25 -0.47  Rvol: 0.54 1.04 1.42 -0.33 -0.27 0.05 0.40 0.14 0.72 1.22 1.60 -0.28 -0.16 0.12 0.42 
Loss: 0.948454  SIA Ef: -0.089428 Binding: 0.14 0.18 0.04 -0.19 0.08 0.34 0.22 0.38 -0.08 -0.25 -0.47  Rvol: 0.54 1.04 1.42 -0.33 -0.27 0.05 0.40 0.14 0.72 1.22 1.60 -0.28 -0.16 0.12 0.42 
Loss: 0.948329  SIA Ef: -0.089342 Binding: 0.14 0.17 0.03 -0.19 0.09 0.34 0.22 0.38 -0.08 -0.25 -0.47  Rvol: 0.54 1.04 1.42 -0.33 -0.27 0.05 0.40 0.14 0.72 1.22 1.60 -0.28 -0.16 0.12 0.42 
Loss: 0.948393  SIA Ef: -0.087837 Binding: 0.14 0.17 0.03 -0.19 0.09 0.34 0.22 0.39 -0.08 -0.25 -0.47  Rvol: 0.54 1.04 1.42 -0.33 -0.27 0.05 0.40 0.14 0.72 1.22 1.60 -0.28 -0.16 0.12 0.42 
Loss: 0.948332  SIA Ef: -0.092416 Binding: 0.14 0.17 0.03 -0.19 0.08 0.34 0.22 0.38 -0.08 -0.25 -0.47  Rvol: 0.54 1.04 1.42 -0.33 -0.27 0.05 0.40 0.14 0.72 1.22 1.60 -0.28 -0.16 0.12 0.42 
Loss: 0.948326  SIA Ef: -0.092422 Binding: 0.14 0.17 0.03 -0.19 0.08 0.34 0.22 0.38 -0.08 -0.25 -0.47  Rvol: 0.54 1.04 1.42 -0.33 -0.27 0.05 0.40 0.14 0.72 1.22 1.60 -0.28 -0.16 0.12 0.42 
Loss: 0.949450  SIA Ef: -0.109368 Binding: 0.14 0.17 0.02 -0.19 0.09 0.34 0.22 0.38 -0.08 -0.25 -0.47  Rvol: 0.54 1.04 1.42 -0.33 -0.27 0.05 0.40 0.14 0.72 1.22 1.60 -0.28 -0.16 0.12 0.42 
Loss: 0.951025  SIA Ef: -0.099554 Binding: 0.15 0.17 0.02 -0.19 0.09 0.34 0.22 0.38 -0.08 -0.25 -0.47  Rvol: 0.54 1.04 1.42 -0.33 -0.27 0.05 0.40 0.14 0.72 1.22 1.60 -0.28 -0.16 0.12 0.42 
Loss: 0.947546  SIA Ef: -0.069900 Binding: 0.14 0.18 0.05 -0.19 0.07 0.34 0.23 0.38 -0.08 -0.25 -0.47  Rvol: 0.54 1.04 1.43 -0.33 -0.27 0.05 0.40 0.14 0.72 1.22 1.61 -0.28 -0.16 0.12 0.42 
Loss: 0.947486  SIA Ef: -0.072463 Binding: 0.14 0.18 0.04 -0.19 0.08 0.34 0.23 0.38 -0.08 -0.25 -0.47  Rvol: 0.54 1.04 1.43 -0.33 -0.27 0.05 0.40 0.14 0.72 1.22 1.61 -0.28 -0.16 0.12 0.42 
Loss: 0.947474  SIA Ef: -0.072944 Binding: 0.14 0.18 0.04 -0.19 0.07 0.34 0.23 0.38 -0.08 -0.25 -0.47  Rvol: 0.54 1.04 1.43 -0.33 -0.27 0.05 0.40 0.14 0.72 1.22 1.61 -0.28 -0.16 0.12 0.42 
Loss: 0.947668  SIA Ef: -0.073226 Binding: 0.14 0.18 0.05 -0.19 0.07 0.34 0.23 0.39 -0.08 -0.24 -0.46  Rvol: 0.54 1.04 1.43 -0.33 -0.27 0.05 0.40 0.14 0.72 1.22 1.61 -0.28 -0.16 0.12 0.42 
Loss: 0.947806  SIA Ef: -0.075907 Binding: 0.14 0.18 0.05 -0.19 0.07 0.34 0.23 0.38 -0.08 -0.25 -0.47  Rvol: 0.54 1.04 1.43 -0.33 -0.27 0.05 0.40 0.14 0.72 1.22 1.61 -0.28 -0.16 0.12 0.42 
Loss: 0.947562  SIA Ef: -0.058521 Binding: 0.13 0.17 0.06 -0.19 0.07 0.34 0.23 0.38 -0.08 -0.25 -0.47  Rvol: 0.54 1.04 1.43 -0.33 -0.27 0.05 0.40 0.14 0.72 1.22 1.61 -0.28 -0.16 0.12 0.42 
Loss: 0.948314  SIA Ef: -0.062954 Binding: 0.14 0.18 0.04 -0.19 0.07 0.34 0.23 0.38 -0.08 -0.25 -0.47  Rvol: 0.54 1.04 1.43 -0.33 -0.27 0.05 0.40 0.14 0.72 1.22 1.61 -0.28 -0.16 0.12 0.42 
Loss: 0.947041  SIA Ef: -0.073488 Binding: 0.14 0.17 0.04 -0.19 0.08 0.34 0.23 0.38 -0.08 -0.25 -0.47  Rvol: 0.54 1.04 1.43 -0.33 -0.27 0.05 0.40 0.14 0.72 1.22 1.61 -0.28 -0.16 0.12 0.42 
Loss: 0.945996  SIA Ef: -0.079385 Binding: 0.14 0.17 0.04 -0.19 0.07 0.34 0.23 0.38 -0.08 -0.25 -0.47  Rvol: 0.54 1.04 1.43 -0.33 -0.27 0.05 0.40 0.14 0.72 1.22 1.61 -0.28 -0.16 0.12 0.42 
Loss: 0.946060  SIA Ef: -0.087404 Binding: 0.14 0.17 0.03 -0.19 0.08 0.34 0.22 0.39 -0.08 -0.25 -0.47  Rvol: 0.54 1.04 1.42 -0.33 -0.27 0.05 0.40 0.14 0.72 1.22 1.60 -0.28 -0.16 0.12 0.42 
Loss: 0.946186  SIA Ef: -0.078628 Binding: 0.14 0.17 0.04 -0.19 0.07 0.34 0.23 0.38 -0.08 -0.25 -0.47  Rvol: 0.54 1.04 1.43 -0.33 -0.27 0.05 0.40 0.14 0.72 1.22 1.61 -0.28 -0.16 0.12 0.42 
Loss: 0.945817  SIA Ef: -0.079688 Binding: 0.14 0.17 0.04 -0.19 0.07 0.34 0.23 0.39 -0.08 -0.25 -0.46  Rvol: 0.54 1.04 1.43 -0.33 -0.27 0.05 0.40 0.14 0.72 1.22 1.61 -0.28 -0.16 0.12 0.42 
Loss: 0.945928  SIA Ef: -0.078324 Binding: 0.14 0.17 0.04 -0.19 0.07 0.34 0.23 0.39 -0.08 -0.25 -0.46  Rvol: 0.54 1.04 1.43 -0.33 -0.27 0.05 0.40 0.14 0.72 1.22 1.61 -0.28 -0.16 0.12 0.42 
Loss: 0.945030  SIA Ef: -0.084412 Binding: 0.14 0.17 0.04 -0.19 0.07 0.34 0.23 0.39 -0.08 -0.25 -0.46  Rvol: 0.54 1.04 1.42 -0.33 -0.27 0.05 0.40 0.14 0.72 1.22 1.60 -0.28 -0.16 0.12 0.42 
Loss: 0.944808  SIA Ef: -0.078443 Binding: 0.13 0.17 0.04 -0.19 0.07 0.34 0.23 0.39 -0.08 -0.25 -0.47  Rvol: 0.54 1.04 1.43 -0.33 -0.27 0.05 0.40 0.14 0.72 1.22 1.61 -0.28 -0.16 0.12 0.42 
Loss: 0.944765  SIA Ef: -0.075605 Binding: 0.13 0.17 0.04 -0.19 0.07 0.34 0.23 0.39 -0.08 -0.25 -0.47  Rvol: 0.54 1.04 1.43 -0.33 -0.27 0.05 0.40 0.14 0.72 1.22 1.61 -0.28 -0.16 0.12 0.42 
Loss: 0.944124  SIA Ef: -0.076079 Binding: 0.13 0.17 0.04 -0.19 0.07 0.34 0.23 0.39 -0.08 -0.25 -0.47  Rvol: 0.54 1.04 1.43 -0.33 -0.27 0.05 0.40 0.14 0.72 1.22 1.61 -0.28 -0.16 0.12 0.42 
Loss: 0.943758  SIA Ef: -0.080716 Binding: 0.13 0.17 0.04 -0.19 0.07 0.34 0.23 0.38 -0.08 -0.25 -0.47  Rvol: 0.54 1.04 1.43 -0.33 -0.27 0.05 0.40 0.14 0.72 1.22 1.61 -0.28 -0.16 0.12 0.42 
Loss: 0.943564  SIA Ef: -0.082665 Binding: 0.13 0.17 0.04 -0.19 0.07 0.34 0.23 0.38 -0.08 -0.25 -0.47  Rvol: 0.54 1.04 1.43 -0.33 -0.27 0.05 0.40 0.14 0.72 1.22 1.61 -0.28 -0.16 0.12 0.42 
Loss: 0.944049  SIA Ef: -0.078607 Binding: 0.13 0.17 0.05 -0.19 0.06 0.34 0.23 0.38 -0.08 -0.25 -0.47  Rvol: 0.54 1.04 1.43 -0.33 -0.27 0.05 0.40 0.14 0.72 1.22 1.61 -0.28 -0.16 0.12 0.42 
Loss: 0.942843  SIA Ef: -0.090700 Binding: 0.13 0.16 0.03 -0.19 0.07 0.34 0.22 0.38 -0.08 -0.25 -0.47  Rvol: 0.54 1.04 1.42 -0.33 -0.27 0.05 0.40 0.14 0.72 1.22 1.60 -0.28 -0.16 0.12 0.42 
Loss: 0.942816  SIA Ef: -0.095266 Binding: 0.14 0.16 0.03 -0.19 0.07 0.34 0.22 0.38 -0.08 -0.25 -0.47  Rvol: 0.54 1.04 1.42 -0.33 -0.27 0.05 0.40 0.14 0.72 1.22 1.60 -0.28 -0.16 0.12 0.42 
Loss: 0.942503  SIA Ef: -0.093741 Binding: 0.13 0.16 0.03 -0.19 0.07 0.34 0.22 0.38 -0.08 -0.25 -0.47  Rvol: 0.54 1.04 1.42 -0.33 -0.27 0.05 0.40 0.14 0.72 1.22 1.60 -0.28 -0.16 0.12 0.42 
Loss: 0.941599  SIA Ef: -0.091304 Binding: 0.13 0.16 0.04 -0.19 0.06 0.34 0.22 0.38 -0.08 -0.25 -0.47  Rvol: 0.54 1.04 1.42 -0.33 -0.27 0.05 0.40 0.14 0.72 1.22 1.60 -0.28 -0.16 0.12 0.42 
Loss: 0.941306  SIA Ef: -0.089957 Binding: 0.13 0.16 0.04 -0.20 0.06 0.34 0.22 0.38 -0.08 -0.25 -0.47  Rvol: 0.54 1.04 1.42 -0.33 -0.27 0.05 0.40 0.14 0.72 1.22 1.60 -0.28 -0.16 0.12 0.42 
Loss: 0.941384  SIA Ef: -0.089699 Binding: 0.13 0.16 0.04 -0.20 0.06 0.34 0.22 0.38 -0.08 -0.25 -0.47  Rvol: 0.54 1.04 1.42 -0.33 -0.27 0.05 0.40 0.14 0.72 1.22 1.60 -0.28 -0.16 0.12 0.42 
Loss: 0.941528  SIA Ef: -0.094908 Binding: 0.13 0.16 0.03 -0.20 0.06 0.34 0.22 0.38 -0.08 -0.25 -0.47  Rvol: 0.54 1.04 1.42 -0.33 -0.27 0.05 0.40 0.14 0.72 1.22 1.60 -0.28 -0.17 0.12 0.42 
Loss: 0.941331  SIA Ef: -0.087091 Binding: 0.13 0.16 0.04 -0.20 0.06 0.34 0.22 0.38 -0.08 -0.25 -0.47  Rvol: 0.54 1.04 1.42 -0.33 -0.27 0.05 0.40 0.14 0.72 1.22 1.60 -0.28 -0.16 0.12 0.42 
Loss: 0.941358  SIA Ef: -0.092686 Binding: 0.13 0.16 0.04 -0.19 0.07 0.34 0.23 0.39 -0.08 -0.25 -0.47  Rvol: 0.54 1.04 1.42 -0.33 -0.27 0.05 0.40 0.14 0.72 1.22 1.60 -0.28 -0.16 0.12 0.42 
Loss: 0.941315  SIA Ef: -0.089715 Binding: 0.13 0.16 0.04 -0.20 0.06 0.34 0.22 0.38 -0.08 -0.25 -0.47  Rvol: 0.54 1.04 1.42 -0.33 -0.27 0.05 0.40 0.14 0.72 1.22 1.60 -0.28 -0.16 0.12 0.42 
Loss: 0.941201  SIA Ef: -0.085732 Binding: 0.13 0.16 0.04 -0.20 0.06 0.34 0.23 0.39 -0.08 -0.25 -0.47  Rvol: 0.54 1.04 1.43 -0.33 -0.27 0.05 0.40 0.14 0.72 1.22 1.60 -0.28 -0.16 0.12 0.42 
Loss: 0.941104  SIA Ef: -0.087930 Binding: 0.13 0.16 0.03 -0.20 0.06 0.34 0.23 0.39 -0.08 -0.25 -0.47  Rvol: 0.54 1.04 1.42 -0.33 -0.27 0.05 0.40 0.14 0.72 1.22 1.60 -0.28 -0.16 0.12 0.42 
Loss: 0.940675  SIA Ef: -0.078489 Binding: 0.13 0.16 0.04 -0.20 0.06 0.34 0.23 0.38 -0.08 -0.25 -0.47  Rvol: 0.54 1.04 1.43 -0.33 -0.27 0.05 0.40 0.14 0.72 1.22 1.61 -0.28 -0.17 0.12 0.42 
Loss: 0.940483  SIA Ef: -0.077793 Binding: 0.13 0.16 0.04 -0.20 0.06 0.34 0.23 0.38 -0.08 -0.25 -0.47  Rvol: 0.54 1.04 1.43 -0.33 -0.27 0.05 0.40 0.14 0.72 1.22 1.61 -0.28 -0.17 0.12 0.42 
Loss: 0.940465  SIA Ef: -0.077516 Binding: 0.13 0.16 0.04 -0.20 0.06 0.34 0.23 0.39 -0.08 -0.25 -0.47  Rvol: 0.54 1.04 1.43 -0.33 -0.27 0.05 0.40 0.14 0.72 1.22 1.61 -0.28 -0.17 0.12 0.42 
Loss: 0.940504  SIA Ef: -0.070167 Binding: 0.13 0.16 0.05 -0.20 0.05 0.34 0.23 0.39 -0.08 -0.25 -0.47  Rvol: 0.54 1.04 1.43 -0.33 -0.27 0.05 0.40 0.14 0.72 1.22 1.61 -0.28 -0.17 0.12 0.42 
Loss: 0.940558  SIA Ef: -0.076921 Binding: 0.13 0.16 0.04 -0.20 0.06 0.34 0.23 0.39 -0.08 -0.25 -0.47  Rvol: 0.54 1.04 1.43 -0.33 -0.27 0.05 0.40 0.14 0.72 1.22 1.61 -0.28 -0.17 0.12 0.42 
Loss: 0.939978  SIA Ef: -0.079499 Binding: 0.13 0.16 0.04 -0.20 0.06 0.34 0.23 0.39 -0.08 -0.25 -0.47  Rvol: 0.54 1.04 1.43 -0.33 -0.27 0.05 0.40 0.14 0.72 1.22 1.61 -0.28 -0.17 0.12 0.42 
Loss: 0.939775  SIA Ef: -0.077422 Binding: 0.13 0.16 0.05 -0.20 0.05 0.34 0.23 0.38 -0.08 -0.25 -0.47  Rvol: 0.54 1.04 1.43 -0.33 -0.27 0.05 0.40 0.14 0.72 1.22 1.61 -0.28 -0.17 0.12 0.42 
Loss: 0.939782  SIA Ef: -0.071147 Binding: 0.13 0.16 0.04 -0.20 0.05 0.34 0.23 0.38 -0.08 -0.25 -0.47  Rvol: 0.54 1.04 1.43 -0.33 -0.27 0.05 0.40 0.14 0.72 1.22 1.61 -0.28 -0.17 0.12 0.42 
Loss: 0.939780  SIA Ef: -0.076825 Binding: 0.13 0.16 0.05 -0.20 0.05 0.34 0.23 0.38 -0.08 -0.25 -0.47  Rvol: 0.54 1.04 1.43 -0.33 -0.27 0.05 0.40 0.14 0.72 1.22 1.61 -0.28 -0.17 0.12 0.42 
Loss: 0.939765  SIA Ef: -0.080453 Binding: 0.13 0.16 0.05 -0.20 0.05 0.34 0.23 0.38 -0.08 -0.25 -0.47  Rvol: 0.54 1.04 1.43 -0.33 -0.27 0.05 0.40 0.14 0.72 1.22 1.61 -0.28 -0.17 0.12 0.42 
Loss: 0.940233  SIA Ef: -0.076318 Binding: 0.13 0.16 0.05 -0.20 0.05 0.34 0.23 0.38 -0.08 -0.25 -0.47  Rvol: 0.54 1.04 1.43 -0.33 -0.27 0.05 0.40 0.14 0.72 1.22 1.61 -0.28 -0.17 0.12 0.42 
Loss: 0.938780  SIA Ef: -0.089148 Binding: 0.13 0.16 0.04 -0.20 0.05 0.34 0.22 0.38 -0.08 -0.25 -0.47  Rvol: 0.54 1.04 1.43 -0.33 -0.27 0.05 0.40 0.14 0.72 1.22 1.60 -0.28 -0.17 0.12 0.42 
Loss: 0.938839  SIA Ef: -0.097738 Binding: 0.13 0.15 0.04 -0.20 0.06 0.34 0.22 0.38 -0.08 -0.25 -0.47  Rvol: 0.54 1.04 1.42 -0.33 -0.27 0.05 0.40 0.14 0.72 1.22 1.60 -0.28 -0.17 0.12 0.42 
Loss: 0.938760  SIA Ef: -0.089589 Binding: 0.13 0.16 0.04 -0.20 0.05 0.34 0.22 0.38 -0.08 -0.25 -0.47  Rvol: 0.54 1.04 1.43 -0.33 -0.27 0.05 0.40 0.14 0.72 1.22 1.60 -0.28 -0.17 0.12 0.42 
Loss: 0.938862  SIA Ef: -0.098193 Binding: 0.13 0.15 0.03 -0.20 0.06 0.34 0.22 0.38 -0.08 -0.25 -0.47  Rvol: 0.54 1.04 1.42 -0.33 -0.27 0.05 0.40 0.14 0.72 1.22 1.60 -0.28 -0.17 0.12 0.42 
Loss: 0.939073  SIA Ef: -0.093114 Binding: 0.13 0.16 0.04 -0.20 0.06 0.34 0.22 0.38 -0.08 -0.25 -0.47  Rvol: 0.54 1.04 1.42 -0.33 -0.27 0.05 0.40 0.14 0.72 1.22 1.60 -0.28 -0.17 0.12 0.42 
Loss: 0.938850  SIA Ef: -0.087312 Binding: 0.13 0.16 0.05 -0.20 0.05 0.34 0.22 0.38 -0.08 -0.25 -0.47  Rvol: 0.54 1.04 1.43 -0.33 -0.27 0.05 0.40 0.14 0.72 1.22 1.61 -0.28 -0.17 0.12 0.42 
Loss: 0.938718  SIA Ef: -0.089832 Binding: 0.13 0.16 0.04 -0.20 0.06 0.34 0.23 0.38 -0.08 -0.25 -0.47  Rvol: 0.54 1.04 1.43 -0.33 -0.27 0.05 0.40 0.14 0.72 1.22 1.60 -0.28 -0.17 0.12 0.42 
Loss: 0.938349  SIA Ef: -0.093954 Binding: 0.13 0.15 0.04 -0.20 0.06 0.34 0.22 0.38 -0.08 -0.25 -0.47  Rvol: 0.54 1.04 1.42 -0.33 -0.27 0.05 0.40 0.14 0.72 1.22 1.60 -0.28 -0.17 0.12 0.42 
Loss: 0.937551  SIA Ef: -0.093574 Binding: 0.13 0.15 0.04 -0.20 0.05 0.34 0.23 0.38 -0.08 -0.25 -0.47  Rvol: 0.54 1.04 1.43 -0.33 -0.27 0.05 0.40 0.14 0.72 1.22 1.60 -0.28 -0.17 0.12 0.42 
Loss: 0.937125  SIA Ef: -0.096288 Binding: 0.12 0.15 0.05 -0.20 0.05 0.34 0.23 0.38 -0.08 -0.25 -0.47  Rvol: 0.54 1.04 1.42 -0.33 -0.27 0.05 0.39 0.14 0.72 1.22 1.60 -0.28 -0.17 0.12 0.41 
Loss: 0.937517  SIA Ef: -0.105007 Binding: 0.12 0.15 0.04 -0.20 0.05 0.34 0.22 0.38 -0.08 -0.25 -0.47  Rvol: 0.54 1.04 1.42 -0.33 -0.27 0.05 0.39 0.14 0.72 1.22 1.60 -0.28 -0.17 0.12 0.41 
Loss: 0.937122  SIA Ef: -0.095899 Binding: 0.12 0.15 0.05 -0.20 0.05 0.34 0.23 0.38 -0.08 -0.25 -0.47  Rvol: 0.54 1.04 1.43 -0.33 -0.27 0.05 0.40 0.14 0.72 1.22 1.60 -0.28 -0.17 0.12 0.42 
Loss: 0.937239  SIA Ef: -0.094234 Binding: 0.12 0.15 0.05 -0.20 0.05 0.34 0.23 0.38 -0.08 -0.25 -0.47  Rvol: 0.54 1.04 1.43 -0.33 -0.27 0.05 0.39 0.14 0.72 1.22 1.60 -0.28 -0.17 0.12 0.41 
Loss: 0.937087  SIA Ef: -0.094702 Binding: 0.12 0.15 0.05 -0.20 0.05 0.34 0.22 0.38 -0.08 -0.25 -0.47  Rvol: 0.54 1.04 1.43 -0.33 -0.27 0.05 0.40 0.14 0.72 1.22 1.60 -0.28 -0.17 0.12 0.42 
Loss: 0.937138  SIA Ef: -0.095709 Binding: 0.12 0.15 0.05 -0.20 0.05 0.34 0.22 0.38 -0.08 -0.25 -0.47  Rvol: 0.54 1.04 1.43 -0.33 -0.27 0.05 0.39 0.14 0.72 1.22 1.60 -0.28 -0.17 0.12 0.41 
Loss: 0.936984  SIA Ef: -0.092180 Binding: 0.12 0.15 0.05 -0.20 0.05 0.34 0.22 0.38 -0.08 -0.25 -0.47  Rvol: 0.54 1.04 1.43 -0.33 -0.27 0.05 0.40 0.14 0.72 1.22 1.60 -0.28 -0.17 0.12 0.42 
Loss: 0.936984  SIA Ef: -0.081485 Binding: 0.12 0.15 0.05 -0.20 0.04 0.34 0.23 0.38 -0.08 -0.25 -0.47  Rvol: 0.54 1.04 1.43 -0.33 -0.27 0.05 0.40 0.14 0.72 1.22 1.61 -0.28 -0.17 0.12 0.42 
Loss: 0.936979  SIA Ef: -0.081869 Binding: 0.12 0.15 0.05 -0.20 0.04 0.34 0.23 0.38 -0.08 -0.25 -0.47  Rvol: 0.54 1.04 1.43 -0.33 -0.27 0.05 0.40 0.14 0.72 1.22 1.61 -0.28 -0.17 0.12 0.42 
Loss: 0.937025  SIA Ef: -0.081429 Binding: 0.12 0.15 0.06 -0.20 0.05 0.34 0.23 0.38 -0.08 -0.25 -0.47  Rvol: 0.54 1.04 1.43 -0.33 -0.27 0.05 0.40 0.14 0.72 1.22 1.61 -0.28 -0.17 0.12 0.42 
Loss: 0.937471  SIA Ef: -0.079967 Binding: 0.12 0.15 0.06 -0.20 0.04 0.34 0.22 0.38 -0.08 -0.25 -0.47  Rvol: 0.54 1.04 1.43 -0.33 -0.27 0.05 0.40 0.14 0.72 1.22 1.61 -0.28 -0.17 0.12 0.42 
Loss: 0.937165  SIA Ef: -0.079130 Binding: 0.12 0.15 0.05 -0.20 0.05 0.34 0.23 0.38 -0.08 -0.25 -0.47  Rvol: 0.54 1.04 1.43 -0.33 -0.27 0.05 0.40 0.14 0.72 1.22 1.61 -0.28 -0.17 0.12 0.42 
Loss: 0.936856  SIA Ef: -0.082872 Binding: 0.12 0.15 0.05 -0.20 0.05 0.34 0.23 0.38 -0.08 -0.25 -0.47  Rvol: 0.54 1.04 1.43 -0.33 -0.27 0.05 0.40 0.14 0.72 1.22 1.61 -0.28 -0.17 0.12 0.42 
Loss: 0.936367  SIA Ef: -0.085863 Binding: 0.12 0.15 0.05 -0.20 0.05 0.34 0.23 0.38 -0.08 -0.25 -0.47  Rvol: 0.54 1.04 1.43 -0.33 -0.27 0.05 0.40 0.14 0.72 1.22 1.61 -0.28 -0.17 0.12 0.42 
Loss: 0.935941  SIA Ef: -0.088898 Binding: 0.12 0.15 0.04 -0.20 0.05 0.34 0.23 0.38 -0.08 -0.25 -0.47  Rvol: 0.54 1.04 1.43 -0.33 -0.27 0.05 0.40 0.14 0.72 1.22 1.61 -0.28 -0.17 0.12 0.42 
Loss: 0.936120  SIA Ef: -0.091486 Binding: 0.12 0.15 0.04 -0.20 0.05 0.34 0.22 0.38 -0.08 -0.25 -0.47  Rvol: 0.54 1.04 1.43 -0.33 -0.27 0.05 0.40 0.14 0.72 1.22 1.60 -0.28 -0.17 0.12 0.42 
Loss: 0.935934  SIA Ef: -0.088645 Binding: 0.12 0.15 0.04 -0.20 0.05 0.34 0.23 0.38 -0.08 -0.25 -0.47  Rvol: 0.54 1.04 1.43 -0.33 -0.27 0.05 0.40 0.14 0.72 1.22 1.61 -0.28 -0.17 0.12 0.42 
Loss: 0.935789  SIA Ef: -0.089224 Binding: 0.12 0.15 0.04 -0.20 0.05 0.34 0.23 0.38 -0.08 -0.25 -0.47  Rvol: 0.54 1.04 1.43 -0.33 -0.27 0.05 0.40 0.14 0.72 1.22 1.61 -0.28 -0.17 0.12 0.42 
Loss: 0.935785  SIA Ef: -0.089019 Binding: 0.12 0.15 0.04 -0.20 0.05 0.34 0.23 0.38 -0.08 -0.25 -0.47  Rvol: 0.54 1.04 1.43 -0.33 -0.27 0.05 0.40 0.14 0.72 1.22 1.61 -0.28 -0.17 0.12 0.42 
Loss: 0.936051  SIA Ef: -0.088764 Binding: 0.12 0.15 0.04 -0.20 0.05 0.34 0.23 0.38 -0.08 -0.25 -0.47  Rvol: 0.54 1.04 1.43 -0.33 -0.27 0.05 0.40 0.14 0.72 1.22 1.61 -0.28 -0.17 0.12 0.42 
Loss: 0.935794  SIA Ef: -0.088392 Binding: 0.12 0.15 0.04 -0.20 0.05 0.34 0.23 0.38 -0.08 -0.25 -0.47  Rvol: 0.54 1.04 1.43 -0.33 -0.27 0.05 0.40 0.14 0.72 1.22 1.61 -0.28 -0.17 0.12 0.42 
Loss: 0.935634  SIA Ef: -0.090213 Binding: 0.12 0.15 0.05 -0.20 0.05 0.34 0.23 0.38 -0.08 -0.25 -0.47  Rvol: 0.54 1.04 1.43 -0.33 -0.27 0.05 0.40 0.14 0.72 1.22 1.61 -0.28 -0.17 0.12 0.42 
Loss: 0.935551  SIA Ef: -0.087764 Binding: 0.12 0.15 0.05 -0.20 0.04 0.34 0.23 0.38 -0.08 -0.25 -0.47  Rvol: 0.54 1.04 1.43 -0.33 -0.27 0.05 0.40 0.14 0.72 1.22 1.61 -0.28 -0.17 0.12 0.42 
Loss: 0.935574  SIA Ef: -0.089780 Binding: 0.12 0.15 0.05 -0.20 0.04 0.34 0.23 0.38 -0.08 -0.25 -0.47  Rvol: 0.54 1.04 1.43 -0.33 -0.27 0.05 0.40 0.14 0.72 1.22 1.61 -0.28 -0.17 0.12 0.42 
Loss: 0.935479  SIA Ef: -0.091401 Binding: 0.12 0.15 0.05 -0.20 0.04 0.34 0.23 0.38 -0.08 -0.25 -0.47  Rvol: 0.54 1.04 1.43 -0.33 -0.27 0.05 0.40 0.14 0.72 1.22 1.60 -0.28 -0.17 0.12 0.42 
Loss: 0.935660  SIA Ef: -0.089973 Binding: 0.12 0.15 0.05 -0.20 0.04 0.34 0.23 0.38 -0.08 -0.25 -0.47  Rvol: 0.54 1.04 1.43 -0.33 -0.27 0.05 0.40 0.14 0.72 1.22 1.61 -0.28 -0.17 0.12 0.42 
Loss: 0.935227  SIA Ef: -0.093724 Binding: 0.12 0.15 0.05 -0.20 0.04 0.34 0.23 0.38 -0.08 -0.25 -0.47  Rvol: 0.54 1.04 1.43 -0.33 -0.27 0.05 0.39 0.14 0.72 1.22 1.60 -0.28 -0.17 0.12 0.41 
Loss: 0.935310  SIA Ef: -0.096075 Binding: 0.12 0.15 0.04 -0.20 0.05 0.34 0.23 0.38 -0.08 -0.25 -0.47  Rvol: 0.54 1.04 1.42 -0.33 -0.27 0.05 0.39 0.14 0.72 1.22 1.60 -0.28 -0.17 0.12 0.41 
Loss: 0.935228  SIA Ef: -0.093416 Binding: 0.12 0.15 0.05 -0.20 0.04 0.34 0.23 0.38 -0.08 -0.25 -0.47  Rvol: 0.54 1.04 1.43 -0.33 -0.27 0.05 0.39 0.14 0.72 1.22 1.60 -0.28 -0.17 0.12 0.41 
Loss: 0.935307  SIA Ef: -0.093792 Binding: 0.12 0.15 0.05 -0.20 0.04 0.34 0.23 0.38 -0.08 -0.25 -0.47  Rvol: 0.54 1.04 1.43 -0.33 -0.27 0.05 0.39 0.14 0.72 1.22 1.60 -0.28 -0.17 0.12 0.41 
Loss: 0.935238  SIA Ef: -0.094307 Binding: 0.12 0.15 0.05 -0.20 0.04 0.34 0.23 0.38 -0.08 -0.25 -0.47  Rvol: 0.54 1.04 1.43 -0.33 -0.27 0.05 0.39 0.14 0.72 1.22 1.60 -0.28 -0.17 0.12 0.41 
Loss: 0.935280  SIA Ef: -0.094129 Binding: 0.12 0.15 0.05 -0.20 0.04 0.34 0.22 0.38 -0.08 -0.25 -0.47  Rvol: 0.54 1.04 1.43 -0.33 -0.27 0.05 0.39 0.14 0.72 1.22 1.60 -0.28 -0.17 0.12 0.41 
Loss: 0.935230  SIA Ef: -0.093487 Binding: 0.12 0.15 0.05 -0.20 0.04 0.34 0.23 0.38 -0.08 -0.25 -0.47  Rvol: 0.54 1.04 1.43 -0.33 -0.27 0.05 0.39 0.14 0.72 1.22 1.60 -0.28 -0.17 0.12 0.41 
Loss: 0.935362  SIA Ef: -0.093713 Binding: 0.12 0.15 0.05 -0.20 0.05 0.34 0.23 0.38 -0.08 -0.25 -0.47  Rvol: 0.54 1.04 1.43 -0.33 -0.27 0.05 0.39 0.14 0.72 1.22 1.60 -0.28 -0.17 0.12 0.42 
Loss: 0.935368  SIA Ef: -0.095294 Binding: 0.12 0.15 0.05 -0.20 0.05 0.34 0.23 0.38 -0.08 -0.25 -0.47  Rvol: 0.54 1.04 1.43 -0.33 -0.27 0.05 0.39 0.14 0.72 1.22 1.60 -0.28 -0.17 0.12 0.41 
Loss: 0.935323  SIA Ef: -0.095069 Binding: 0.12 0.15 0.05 -0.20 0.04 0.34 0.23 0.38 -0.08 -0.25 -0.47  Rvol: 0.54 1.04 1.43 -0.33 -0.27 0.05 0.39 0.14 0.72 1.22 1.60 -0.28 -0.17 0.12 0.41 
Loss: 0.935228  SIA Ef: -0.093061 Binding: 0.12 0.15 0.05 -0.20 0.04 0.34 0.23 0.38 -0.08 -0.25 -0.47  Rvol: 0.54 1.04 1.43 -0.33 -0.27 0.05 0.39 0.14 0.72 1.22 1.60 -0.28 -0.17 0.12 0.42 
Loss: 0.935229  SIA Ef: -0.093359 Binding: 0.12 0.15 0.05 -0.20 0.04 0.34 0.23 0.38 -0.08 -0.25 -0.47  Rvol: 0.54 1.04 1.43 -0.33 -0.27 0.05 0.39 0.14 0.72 1.22 1.60 -0.28 -0.17 0.12 0.41 
Loss: 0.935248  SIA Ef: -0.093649 Binding: 0.12 0.15 0.05 -0.20 0.04 0.34 0.23 0.38 -0.08 -0.25 -0.47  Rvol: 0.54 1.04 1.43 -0.33 -0.27 0.05 0.39 0.14 0.72 1.22 1.60 -0.28 -0.17 0.12 0.41 
Loss: 0.935227  SIA Ef: -0.092595 Binding: 0.12 0.15 0.05 -0.20 0.04 0.34 0.23 0.38 -0.08 -0.25 -0.47  Rvol: 0.54 1.04 1.43 -0.33 -0.27 0.05 0.39 0.14 0.72 1.22 1.60 -0.28 -0.17 0.12 0.41 
Loss: 0.935267  SIA Ef: -0.093586 Binding: 0.12 0.15 0.05 -0.20 0.04 0.34 0.23 0.38 -0.08 -0.25 -0.47  Rvol: 0.54 1.04 1.43 -0.33 -0.27 0.05 0.39 0.14 0.72 1.22 1.60 -0.28 -0.17 0.12 0.41 
Loss: 0.935197  SIA Ef: -0.093954 Binding: 0.12 0.15 0.05 -0.20 0.04 0.34 0.23 0.38 -0.08 -0.25 -0.47  Rvol: 0.54 1.04 1.43 -0.33 -0.27 0.05 0.39 0.14 0.72 1.22 1.60 -0.28 -0.17 0.12 0.41 
Loss: 0.935193  SIA Ef: -0.094498 Binding: 0.12 0.15 0.05 -0.20 0.04 0.34 0.23 0.38 -0.08 -0.25 -0.47  Rvol: 0.54 1.04 1.43 -0.33 -0.27 0.05 0.39 0.14 0.72 1.22 1.60 -0.28 -0.17 0.12 0.41 
Loss: 0.935189  SIA Ef: -0.094506 Binding: 0.12 0.15 0.05 -0.20 0.04 0.34 0.23 0.38 -0.08 -0.25 -0.47  Rvol: 0.54 1.04 1.43 -0.33 -0.27 0.05 0.39 0.14 0.72 1.22 1.60 -0.28 -0.17 0.12 0.41 
Loss: 0.935177  SIA Ef: -0.094898 Binding: 0.12 0.15 0.05 -0.20 0.04 0.34 0.23 0.38 -0.08 -0.25 -0.47  Rvol: 0.54 1.04 1.43 -0.33 -0.27 0.05 0.39 0.14 0.72 1.22 1.60 -0.28 -0.17 0.12 0.41 
Loss: 0.935166  SIA Ef: -0.094919 Binding: 0.12 0.15 0.05 -0.20 0.04 0.34 0.23 0.38 -0.08 -0.25 -0.47  Rvol: 0.54 1.04 1.43 -0.33 -0.27 0.05 0.39 0.14 0.72 1.22 1.60 -0.28 -0.17 0.12 0.41 
Loss: 0.935248  SIA Ef: -0.095876 Binding: 0.12 0.15 0.05 -0.20 0.04 0.34 0.23 0.38 -0.08 -0.25 -0.47  Rvol: 0.54 1.04 1.43 -0.33 -0.27 0.05 0.39 0.14 0.72 1.22 1.60 -0.28 -0.17 0.12 0.41 
Loss: 0.935167  SIA Ef: -0.094989 Binding: 0.12 0.15 0.05 -0.20 0.04 0.34 0.23 0.38 -0.08 -0.25 -0.47  Rvol: 0.54 1.04 1.43 -0.33 -0.27 0.05 0.39 0.14 0.72 1.22 1.60 -0.28 -0.17 0.12 0.41 
Loss: 0.935171  SIA Ef: -0.095028 Binding: 0.12 0.15 0.05 -0.20 0.04 0.34 0.23 0.38 -0.08 -0.25 -0.47  Rvol: 0.54 1.04 1.43 -0.33 -0.27 0.05 0.39 0.14 0.72 1.22 1.60 -0.28 -0.17 0.12 0.41 
Loss: 0.935164  SIA Ef: -0.094970 Binding: 0.12 0.15 0.05 -0.20 0.04 0.34 0.23 0.38 -0.08 -0.25 -0.47  Rvol: 0.54 1.04 1.43 -0.33 -0.27 0.05 0.39 0.14 0.72 1.22 1.60 -0.28 -0.17 0.12 0.41 
Loss: 0.935155  SIA Ef: -0.094769 Binding: 0.12 0.15 0.05 -0.20 0.04 0.34 0.23 0.38 -0.08 -0.25 -0.47  Rvol: 0.54 1.04 1.43 -0.33 -0.27 0.05 0.39 0.14 0.72 1.22 1.60 -0.28 -0.17 0.12 0.41 
Loss: 0.935212  SIA Ef: -0.095058 Binding: 0.12 0.15 0.05 -0.20 0.04 0.34 0.23 0.38 -0.08 -0.25 -0.47  Rvol: 0.54 1.04 1.43 -0.33 -0.27 0.05 0.39 0.14 0.72 1.22 1.60 -0.28 -0.17 0.12 0.41 
Loss: 0.935058  SIA Ef: -0.093630 Binding: 0.12 0.15 0.05 -0.20 0.04 0.34 0.23 0.38 -0.08 -0.25 -0.47  Rvol: 0.54 1.04 1.43 -0.33 -0.27 0.05 0.39 0.14 0.72 1.22 1.60 -0.28 -0.17 0.12 0.41 
Loss: 0.935061  SIA Ef: -0.092892 Binding: 0.12 0.15 0.05 -0.20 0.04 0.34 0.23 0.38 -0.08 -0.25 -0.47  Rvol: 0.54 1.04 1.43 -0.33 -0.27 0.05 0.39 0.14 0.72 1.22 1.60 -0.28 -0.17 0.12 0.41 
Loss: 0.935026  SIA Ef: -0.093903 Binding: 0.12 0.15 0.05 -0.20 0.04 0.34 0.23 0.38 -0.08 -0.25 -0.47  Rvol: 0.54 1.04 1.43 -0.33 -0.27 0.05 0.39 0.14 0.72 1.22 1.60 -0.28 -0.17 0.12 0.41 
Loss: 0.934997  SIA Ef: -0.093235 Binding: 0.12 0.15 0.05 -0.20 0.04 0.34 0.23 0.38 -0.08 -0.25 -0.47  Rvol: 0.54 1.04 1.43 -0.33 -0.27 0.05 0.39 0.14 0.72 1.22 1.60 -0.28 -0.17 0.12 0.41 
Loss: 0.934969  SIA Ef: -0.093421 Binding: 0.12 0.15 0.05 -0.20 0.04 0.34 0.23 0.38 -0.08 -0.25 -0.47  Rvol: 0.54 1.04 1.43 -0.33 -0.27 0.05 0.39 0.14 0.72 1.22 1.60 -0.28 -0.17 0.12 0.41 
Loss: 0.934950  SIA Ef: -0.093718 Binding: 0.12 0.15 0.05 -0.20 0.04 0.34 0.23 0.38 -0.08 -0.25 -0.47  Rvol: 0.54 1.04 1.43 -0.33 -0.27 0.05 0.39 0.14 0.72 1.22 1.60 -0.28 -0.17 0.12 0.41 
Loss: 0.934959  SIA Ef: -0.093728 Binding: 0.12 0.15 0.05 -0.20 0.04 0.34 0.23 0.38 -0.08 -0.25 -0.47  Rvol: 0.54 1.04 1.43 -0.33 -0.27 0.05 0.39 0.14 0.72 1.22 1.60 -0.28 -0.17 0.12 0.41 
Loss: 0.934961  SIA Ef: -0.093706 Binding: 0.12 0.15 0.05 -0.20 0.04 0.34 0.23 0.38 -0.08 -0.25 -0.47  Rvol: 0.54 1.04 1.43 -0.33 -0.27 0.05 0.39 0.14 0.72 1.22 1.60 -0.28 -0.17 0.12 0.41 
Loss: 0.934957  SIA Ef: -0.093503 Binding: 0.12 0.15 0.05 -0.20 0.04 0.34 0.23 0.38 -0.08 -0.25 -0.47  Rvol: 0.54 1.04 1.43 -0.33 -0.27 0.05 0.39 0.14 0.72 1.22 1.60 -0.28 -0.17 0.12 0.41 
Loss: 0.934980  SIA Ef: -0.093514 Binding: 0.12 0.15 0.05 -0.20 0.04 0.34 0.23 0.38 -0.08 -0.25 -0.47  Rvol: 0.54 1.04 1.43 -0.33 -0.27 0.05 0.39 0.14 0.72 1.22 1.60 -0.28 -0.17 0.12 0.41 
Loss: 0.934954  SIA Ef: -0.093714 Binding: 0.12 0.15 0.05 -0.20 0.04 0.34 0.23 0.38 -0.08 -0.25 -0.47  Rvol: 0.54 1.04 1.43 -0.33 -0.27 0.05 0.39 0.14 0.72 1.22 1.60 -0.28 -0.17 0.12 0.41 
Loss: 0.934938  SIA Ef: -0.094326 Binding: 0.12 0.15 0.05 -0.20 0.04 0.34 0.23 0.38 -0.08 -0.25 -0.47  Rvol: 0.54 1.04 1.43 -0.33 -0.27 0.05 0.39 0.14 0.72 1.22 1.60 -0.28 -0.17 0.12 0.41 
Loss: 0.934967  SIA Ef: -0.094399 Binding: 0.12 0.15 0.05 -0.20 0.04 0.34 0.23 0.38 -0.08 -0.25 -0.47  Rvol: 0.54 1.04 1.43 -0.33 -0.27 0.05 0.39 0.14 0.72 1.22 1.60 -0.28 -0.17 0.12 0.41 
Loss: 0.934892  SIA Ef: -0.093722 Binding: 0.12 0.15 0.05 -0.20 0.04 0.34 0.23 0.38 -0.08 -0.25 -0.47  Rvol: 0.54 1.04 1.43 -0.33 -0.27 0.05 0.39 0.14 0.72 1.22 1.60 -0.28 -0.17 0.12 0.41 
Loss: 0.934897  SIA Ef: -0.093122 Binding: 0.12 0.15 0.05 -0.20 0.04 0.34 0.23 0.38 -0.08 -0.25 -0.47  Rvol: 0.54 1.04 1.43 -0.33 -0.27 0.05 0.39 0.14 0.72 1.22 1.60 -0.28 -0.17 0.12 0.41 
Loss: 0.934912  SIA Ef: -0.093726 Binding: 0.12 0.15 0.05 -0.20 0.04 0.34 0.23 0.38 -0.08 -0.25 -0.47  Rvol: 0.54 1.04 1.43 -0.33 -0.27 0.05 0.39 0.14 0.72 1.22 1.60 -0.28 -0.17 0.12 0.41 
Loss: 0.934868  SIA Ef: -0.093069 Binding: 0.12 0.15 0.05 -0.20 0.04 0.34 0.23 0.38 -0.08 -0.25 -0.47  Rvol: 0.54 1.04 1.43 -0.33 -0.27 0.05 0.39 0.14 0.72 1.22 1.60 -0.28 -0.17 0.12 0.41 
Loss: 0.934884  SIA Ef: -0.092736 Binding: 0.12 0.15 0.05 -0.20 0.04 0.34 0.23 0.38 -0.08 -0.25 -0.47  Rvol: 0.54 1.04 1.43 -0.33 -0.27 0.05 0.39 0.14 0.72 1.22 1.60 -0.28 -0.17 0.12 0.41 
Loss: 0.934872  SIA Ef: -0.092922 Binding: 0.12 0.15 0.05 -0.20 0.04 0.34 0.23 0.38 -0.08 -0.25 -0.47  Rvol: 0.54 1.04 1.43 -0.33 -0.27 0.05 0.39 0.14 0.72 1.22 1.60 -0.28 -0.17 0.12 0.41 
Loss: 0.934850  SIA Ef: -0.092596 Binding: 0.12 0.15 0.05 -0.20 0.04 0.34 0.23 0.38 -0.08 -0.25 -0.47  Rvol: 0.54 1.04 1.43 -0.33 -0.27 0.05 0.39 0.14 0.72 1.22 1.60 -0.28 -0.17 0.12 0.41 
Loss: 0.934838  SIA Ef: -0.092031 Binding: 0.12 0.15 0.05 -0.20 0.04 0.34 0.23 0.38 -0.08 -0.25 -0.47  Rvol: 0.54 1.04 1.43 -0.33 -0.27 0.05 0.39 0.14 0.72 1.22 1.60 -0.28 -0.17 0.12 0.41 
Loss: 0.934770  SIA Ef: -0.092726 Binding: 0.12 0.15 0.05 -0.20 0.04 0.34 0.23 0.38 -0.08 -0.25 -0.47  Rvol: 0.54 1.04 1.43 -0.33 -0.27 0.05 0.39 0.14 0.72 1.22 1.60 -0.28 -0.17 0.12 0.41 
Loss: 0.934728  SIA Ef: -0.093331 Binding: 0.12 0.15 0.05 -0.20 0.04 0.34 0.23 0.38 -0.08 -0.25 -0.47  Rvol: 0.54 1.04 1.43 -0.33 -0.27 0.05 0.39 0.14 0.72 1.22 1.60 -0.28 -0.17 0.12 0.41 
Loss: 0.934709  SIA Ef: -0.093731 Binding: 0.12 0.15 0.05 -0.20 0.04 0.34 0.23 0.38 -0.08 -0.25 -0.47  Rvol: 0.54 1.04 1.43 -0.33 -0.27 0.05 0.39 0.14 0.72 1.22 1.60 -0.28 -0.17 0.12 0.41 
Loss: 0.934699  SIA Ef: -0.093869 Binding: 0.12 0.15 0.05 -0.20 0.04 0.34 0.23 0.38 -0.08 -0.25 -0.47  Rvol: 0.54 1.04 1.43 -0.33 -0.27 0.05 0.39 0.14 0.72 1.22 1.60 -0.28 -0.17 0.12 0.41 
Loss: 0.934713  SIA Ef: -0.094369 Binding: 0.12 0.15 0.05 -0.20 0.04 0.34 0.23 0.38 -0.08 -0.25 -0.47  Rvol: 0.54 1.04 1.43 -0.33 -0.27 0.05 0.39 0.14 0.72 1.22 1.60 -0.28 -0.17 0.12 0.41 
Loss: 0.934741  SIA Ef: -0.094043 Binding: 0.12 0.15 0.05 -0.20 0.04 0.34 0.23 0.38 -0.08 -0.25 -0.47  Rvol: 0.54 1.04 1.43 -0.33 -0.27 0.05 0.39 0.14 0.72 1.22 1.60 -0.28 -0.17 0.12 0.41 
Loss: 0.934705  SIA Ef: -0.094379 Binding: 0.12 0.15 0.05 -0.20 0.04 0.34 0.23 0.38 -0.08 -0.25 -0.47  Rvol: 0.54 1.04 1.43 -0.33 -0.27 0.05 0.39 0.14 0.72 1.22 1.60 -0.28 -0.17 0.12 0.41 
Loss: 0.934706  SIA Ef: -0.093927 Binding: 0.12 0.15 0.05 -0.20 0.04 0.34 0.23 0.38 -0.08 -0.25 -0.47  Rvol: 0.54 1.04 1.43 -0.33 -0.27 0.05 0.39 0.14 0.72 1.22 1.60 -0.28 -0.17 0.12 0.41 
Loss: 0.934649  SIA Ef: -0.093367 Binding: 0.12 0.15 0.05 -0.20 0.04 0.34 0.23 0.38 -0.08 -0.25 -0.47  Rvol: 0.54 1.04 1.43 -0.33 -0.27 0.05 0.39 0.14 0.72 1.22 1.60 -0.28 -0.17 0.12 0.41 
Loss: 0.934648  SIA Ef: -0.093264 Binding: 0.12 0.15 0.05 -0.20 0.04 0.34 0.23 0.38 -0.08 -0.25 -0.47  Rvol: 0.54 1.04 1.43 -0.33 -0.27 0.05 0.39 0.14 0.72 1.22 1.60 -0.28 -0.17 0.12 0.41 
Loss: 0.934720  SIA Ef: -0.094087 Binding: 0.12 0.15 0.05 -0.20 0.04 0.34 0.23 0.38 -0.08 -0.25 -0.47  Rvol: 0.54 1.04 1.43 -0.33 -0.27 0.05 0.39 0.14 0.72 1.22 1.60 -0.28 -0.17 0.12 0.41 
Loss: 0.934653  SIA Ef: -0.093407 Binding: 0.12 0.15 0.05 -0.20 0.04 0.34 0.23 0.38 -0.08 -0.25 -0.47  Rvol: 0.54 1.04 1.43 -0.33 -0.27 0.05 0.39 0.14 0.72 1.22 1.60 -0.28 -0.17 0.12 0.41 
Loss: 0.934588  SIA Ef: -0.092176 Binding: 0.12 0.15 0.05 -0.20 0.04 0.34 0.23 0.38 -0.08 -0.25 -0.47  Rvol: 0.54 1.04 1.43 -0.33 -0.27 0.05 0.39 0.14 0.72 1.22 1.60 -0.28 -0.17 0.12 0.41 
Loss: 0.934585  SIA Ef: -0.091229 Binding: 0.12 0.15 0.05 -0.20 0.04 0.34 0.23 0.38 -0.08 -0.25 -0.47  Rvol: 0.54 1.04 1.43 -0.33 -0.27 0.05 0.39 0.14 0.72 1.22 1.61 -0.28 -0.17 0.12 0.41 
Loss: 0.934550  SIA Ef: -0.091477 Binding: 0.12 0.14 0.05 -0.20 0.04 0.34 0.23 0.38 -0.08 -0.25 -0.47  Rvol: 0.54 1.04 1.43 -0.33 -0.27 0.05 0.39 0.14 0.72 1.22 1.60 -0.28 -0.17 0.12 0.41 
Loss: 0.934517  SIA Ef: -0.091292 Binding: 0.12 0.14 0.05 -0.20 0.04 0.34 0.23 0.38 -0.08 -0.25 -0.47  Rvol: 0.54 1.04 1.43 -0.33 -0.27 0.05 0.39 0.14 0.72 1.22 1.61 -0.28 -0.17 0.12 0.41 
Loss: 0.934469  SIA Ef: -0.091314 Binding: 0.12 0.14 0.05 -0.20 0.04 0.34 0.23 0.38 -0.08 -0.25 -0.47  Rvol: 0.54 1.04 1.43 -0.33 -0.27 0.05 0.39 0.14 0.72 1.22 1.61 -0.28 -0.17 0.12 0.41 
Loss: 0.934439  SIA Ef: -0.091097 Binding: 0.12 0.14 0.05 -0.20 0.04 0.34 0.23 0.38 -0.08 -0.25 -0.47  Rvol: 0.54 1.04 1.43 -0.33 -0.27 0.05 0.39 0.14 0.72 1.22 1.61 -0.28 -0.17 0.12 0.41 
Loss: 0.934399  SIA Ef: -0.091401 Binding: 0.12 0.14 0.05 -0.20 0.04 0.34 0.23 0.38 -0.08 -0.25 -0.47  Rvol: 0.54 1.04 1.43 -0.33 -0.27 0.05 0.39 0.14 0.72 1.22 1.60 -0.28 -0.17 0.12 0.41 
Loss: 0.934441  SIA Ef: -0.091168 Binding: 0.12 0.14 0.05 -0.20 0.04 0.34 0.23 0.38 -0.08 -0.25 -0.47  Rvol: 0.54 1.04 1.43 -0.33 -0.27 0.05 0.39 0.14 0.72 1.22 1.61 -0.28 -0.17 0.12 0.41 
Loss: 0.934402  SIA Ef: -0.091610 Binding: 0.12 0.14 0.05 -0.20 0.04 0.34 0.23 0.38 -0.08 -0.25 -0.47  Rvol: 0.54 1.04 1.43 -0.33 -0.27 0.05 0.39 0.14 0.72 1.22 1.60 -0.28 -0.17 0.12 0.41 
Loss: 0.934368  SIA Ef: -0.091584 Binding: 0.12 0.14 0.05 -0.20 0.04 0.34 0.23 0.38 -0.08 -0.25 -0.47  Rvol: 0.54 1.04 1.43 -0.33 -0.27 0.05 0.39 0.14 0.72 1.22 1.60 -0.28 -0.17 0.12 0.41 
Loss: 0.934338  SIA Ef: -0.091723 Binding: 0.12 0.14 0.05 -0.20 0.04 0.34 0.23 0.38 -0.08 -0.25 -0.47  Rvol: 0.54 1.04 1.43 -0.33 -0.27 0.05 0.39 0.14 0.72 1.22 1.60 -0.28 -0.17 0.12 0.41 
Loss: 0.934292  SIA Ef: -0.091339 Binding: 0.12 0.14 0.05 -0.20 0.04 0.34 0.23 0.38 -0.08 -0.25 -0.47  Rvol: 0.54 1.04 1.43 -0.33 -0.27 0.05 0.39 0.14 0.72 1.22 1.60 -0.28 -0.17 0.12 0.41 
Loss: 0.934230  SIA Ef: -0.090950 Binding: 0.12 0.14 0.05 -0.20 0.04 0.34 0.23 0.38 -0.08 -0.25 -0.47  Rvol: 0.54 1.04 1.43 -0.33 -0.27 0.05 0.39 0.14 0.72 1.22 1.61 -0.28 -0.17 0.12 0.41 
Loss: 0.934180  SIA Ef: -0.090597 Binding: 0.12 0.14 0.05 -0.20 0.04 0.34 0.23 0.38 -0.08 -0.25 -0.47  Rvol: 0.54 1.04 1.43 -0.33 -0.27 0.05 0.39 0.14 0.72 1.22 1.61 -0.28 -0.17 0.12 0.42 
Loss: 0.934120  SIA Ef: -0.090459 Binding: 0.12 0.14 0.05 -0.20 0.04 0.34 0.23 0.38 -0.08 -0.25 -0.47  Rvol: 0.54 1.04 1.43 -0.33 -0.27 0.05 0.39 0.14 0.72 1.22 1.61 -0.28 -0.17 0.12 0.42 
Loss: 0.934071  SIA Ef: -0.090064 Binding: 0.12 0.14 0.05 -0.20 0.04 0.34 0.23 0.38 -0.08 -0.25 -0.47  Rvol: 0.54 1.04 1.43 -0.33 -0.27 0.05 0.39 0.14 0.72 1.22 1.61 -0.28 -0.17 0.12 0.42 
Loss: 0.934041  SIA Ef: -0.089996 Binding: 0.12 0.14 0.05 -0.20 0.04 0.34 0.23 0.38 -0.08 -0.25 -0.47  Rvol: 0.54 1.04 1.43 -0.33 -0.27 0.05 0.39 0.14 0.72 1.22 1.61 -0.28 -0.17 0.12 0.42 
Loss: 0.933998  SIA Ef: -0.090093 Binding: 0.12 0.14 0.05 -0.20 0.04 0.34 0.23 0.38 -0.08 -0.25 -0.47  Rvol: 0.54 1.04 1.43 -0.33 -0.27 0.05 0.39 0.14 0.72 1.22 1.61 -0.28 -0.17 0.12 0.42 
Loss: 0.933995  SIA Ef: -0.089292 Binding: 0.12 0.14 0.05 -0.20 0.04 0.34 0.23 0.38 -0.08 -0.25 -0.47  Rvol: 0.54 1.04 1.43 -0.33 -0.27 0.05 0.39 0.14 0.72 1.22 1.61 -0.28 -0.17 0.12 0.42 
Loss: 0.933993  SIA Ef: -0.089538 Binding: 0.12 0.14 0.05 -0.20 0.04 0.34 0.23 0.38 -0.08 -0.25 -0.47  Rvol: 0.54 1.04 1.43 -0.33 -0.27 0.05 0.39 0.14 0.72 1.22 1.61 -0.28 -0.17 0.12 0.42 
Loss: 0.933999  SIA Ef: -0.088919 Binding: 0.12 0.14 0.05 -0.20 0.04 0.34 0.23 0.38 -0.08 -0.25 -0.47  Rvol: 0.54 1.04 1.43 -0.33 -0.27 0.05 0.39 0.14 0.72 1.22 1.61 -0.28 -0.17 0.12 0.42 
Loss: 0.934015  SIA Ef: -0.089352 Binding: 0.12 0.14 0.05 -0.20 0.04 0.34 0.23 0.38 -0.08 -0.25 -0.47  Rvol: 0.54 1.04 1.43 -0.33 -0.27 0.05 0.39 0.14 0.72 1.22 1.61 -0.28 -0.17 0.12 0.42 
Loss: 0.933990  SIA Ef: -0.089671 Binding: 0.12 0.14 0.05 -0.20 0.04 0.34 0.23 0.38 -0.08 -0.25 -0.47  Rvol: 0.54 1.04 1.43 -0.33 -0.27 0.05 0.39 0.14 0.72 1.22 1.61 -0.28 -0.17 0.12 0.42 
Loss: 0.933957  SIA Ef: -0.089631 Binding: 0.12 0.14 0.05 -0.20 0.04 0.34 0.23 0.38 -0.08 -0.25 -0.47  Rvol: 0.54 1.04 1.43 -0.33 -0.27 0.05 0.39 0.14 0.72 1.22 1.61 -0.28 -0.17 0.12 0.42 
Loss: 0.933887  SIA Ef: -0.090124 Binding: 0.12 0.14 0.05 -0.20 0.04 0.34 0.23 0.38 -0.08 -0.25 -0.47  Rvol: 0.54 1.04 1.43 -0.33 -0.27 0.05 0.39 0.14 0.72 1.22 1.61 -0.28 -0.17 0.12 0.41 
Loss: 0.933882  SIA Ef: -0.090388 Binding: 0.12 0.14 0.05 -0.20 0.04 0.34 0.23 0.38 -0.08 -0.25 -0.47  Rvol: 0.54 1.04 1.43 -0.33 -0.27 0.05 0.39 0.14 0.72 1.22 1.61 -0.28 -0.17 0.12 0.41 
Loss: 0.933906  SIA Ef: -0.090478 Binding: 0.12 0.14 0.05 -0.20 0.04 0.34 0.23 0.38 -0.08 -0.25 -0.47  Rvol: 0.54 1.04 1.43 -0.33 -0.27 0.05 0.39 0.14 0.72 1.22 1.61 -0.28 -0.17 0.12 0.41 
Loss: 0.933909  SIA Ef: -0.090871 Binding: 0.12 0.14 0.05 -0.20 0.04 0.34 0.23 0.38 -0.08 -0.25 -0.47  Rvol: 0.54 1.04 1.43 -0.33 -0.27 0.05 0.39 0.14 0.72 1.22 1.61 -0.28 -0.17 0.12 0.41 
Loss: 0.933846  SIA Ef: -0.089970 Binding: 0.12 0.14 0.05 -0.20 0.04 0.34 0.23 0.38 -0.08 -0.25 -0.47  Rvol: 0.54 1.04 1.43 -0.33 -0.27 0.05 0.39 0.14 0.72 1.22 1.61 -0.28 -0.17 0.12 0.42 
Loss: 0.933812  SIA Ef: -0.089408 Binding: 0.12 0.14 0.05 -0.20 0.04 0.34 0.23 0.38 -0.08 -0.25 -0.47  Rvol: 0.54 1.04 1.43 -0.33 -0.27 0.05 0.39 0.14 0.72 1.22 1.61 -0.28 -0.17 0.12 0.42 
Loss: 0.933813  SIA Ef: -0.089071 Binding: 0.12 0.14 0.05 -0.20 0.04 0.34 0.23 0.38 -0.08 -0.25 -0.47  Rvol: 0.54 1.04 1.43 -0.33 -0.27 0.05 0.39 0.14 0.72 1.22 1.61 -0.28 -0.17 0.12 0.42 
Loss: 0.933814  SIA Ef: -0.089726 Binding: 0.12 0.14 0.05 -0.20 0.04 0.34 0.23 0.38 -0.08 -0.25 -0.47  Rvol: 0.54 1.04 1.43 -0.33 -0.27 0.05 0.39 0.14 0.72 1.22 1.61 -0.28 -0.17 0.12 0.42 
Loss: 0.933811  SIA Ef: -0.089509 Binding: 0.12 0.14 0.05 -0.20 0.04 0.34 0.23 0.38 -0.08 -0.25 -0.47  Rvol: 0.54 1.04 1.43 -0.33 -0.27 0.05 0.39 0.14 0.72 1.22 1.61 -0.28 -0.17 0.12 0.41 
Loss: 0.933811  SIA Ef: -0.089736 Binding: 0.12 0.14 0.05 -0.20 0.04 0.34 0.23 0.38 -0.08 -0.25 -0.47  Rvol: 0.54 1.04 1.43 -0.33 -0.27 0.05 0.39 0.14 0.72 1.22 1.61 -0.28 -0.17 0.12 0.41 
Loss: 0.933830  SIA Ef: -0.088902 Binding: 0.12 0.14 0.05 -0.20 0.04 0.34 0.23 0.38 -0.08 -0.25 -0.47  Rvol: 0.54 1.04 1.43 -0.33 -0.27 0.05 0.39 0.14 0.72 1.22 1.61 -0.28 -0.17 0.12 0.42 
Loss: 0.933828  SIA Ef: -0.089252 Binding: 0.12 0.14 0.05 -0.20 0.04 0.34 0.23 0.38 -0.08 -0.25 -0.47  Rvol: 0.54 1.04 1.43 -0.33 -0.27 0.05 0.39 0.14 0.72 1.22 1.61 -0.28 -0.17 0.12 0.42 
Loss: 0.933795  SIA Ef: -0.089131 Binding: 0.12 0.14 0.05 -0.20 0.04 0.34 0.23 0.38 -0.08 -0.25 -0.47  Rvol: 0.54 1.04 1.43 -0.33 -0.27 0.05 0.39 0.14 0.72 1.22 1.61 -0.28 -0.17 0.12 0.42 
Loss: 0.933776  SIA Ef: -0.088939 Binding: 0.12 0.14 0.05 -0.20 0.04 0.34 0.23 0.38 -0.08 -0.25 -0.47  Rvol: 0.54 1.04 1.43 -0.33 -0.27 0.05 0.39 0.14 0.72 1.22 1.61 -0.28 -0.17 0.12 0.42 
Loss: 0.933741  SIA Ef: -0.089327 Binding: 0.12 0.14 0.05 -0.20 0.04 0.34 0.23 0.38 -0.08 -0.25 -0.47  Rvol: 0.54 1.04 1.43 -0.33 -0.27 0.05 0.39 0.14 0.72 1.22 1.61 -0.28 -0.17 0.12 0.41 
Loss: 0.933740  SIA Ef: -0.089494 Binding: 0.12 0.14 0.05 -0.20 0.04 0.34 0.23 0.38 -0.08 -0.25 -0.47  Rvol: 0.54 1.04 1.43 -0.33 -0.27 0.05 0.39 0.14 0.72 1.22 1.61 -0.28 -0.17 0.12 0.41 
Loss: 0.933775  SIA Ef: -0.089864 Binding: 0.12 0.14 0.05 -0.20 0.04 0.34 0.23 0.38 -0.08 -0.25 -0.47  Rvol: 0.54 1.04 1.43 -0.33 -0.27 0.05 0.39 0.14 0.72 1.22 1.61 -0.28 -0.17 0.12 0.41 
Loss: 0.933705  SIA Ef: -0.089128 Binding: 0.12 0.14 0.05 -0.20 0.04 0.34 0.23 0.38 -0.08 -0.25 -0.47  Rvol: 0.54 1.04 1.43 -0.33 -0.27 0.05 0.39 0.14 0.72 1.22 1.61 -0.28 -0.17 0.12 0.42 
Loss: 0.933677  SIA Ef: -0.088400 Binding: 0.12 0.14 0.05 -0.20 0.04 0.34 0.23 0.38 -0.08 -0.25 -0.47  Rvol: 0.54 1.04 1.43 -0.33 -0.27 0.05 0.39 0.14 0.72 1.22 1.61 -0.28 -0.17 0.12 0.42 
Loss: 0.933730  SIA Ef: -0.087633 Binding: 0.12 0.14 0.05 -0.20 0.04 0.34 0.23 0.38 -0.08 -0.25 -0.47  Rvol: 0.54 1.04 1.43 -0.33 -0.27 0.05 0.39 0.14 0.72 1.22 1.61 -0.28 -0.17 0.12 0.42 
Loss: 0.933681  SIA Ef: -0.088554 Binding: 0.12 0.14 0.05 -0.20 0.04 0.34 0.23 0.38 -0.08 -0.25 -0.47  Rvol: 0.54 1.04 1.43 -0.33 -0.27 0.05 0.39 0.14 0.72 1.22 1.61 -0.28 -0.17 0.12 0.42 
Loss: 0.933682  SIA Ef: -0.088175 Binding: 0.12 0.14 0.05 -0.20 0.04 0.34 0.23 0.38 -0.08 -0.25 -0.47  Rvol: 0.54 1.04 1.43 -0.33 -0.27 0.05 0.39 0.14 0.72 1.22 1.61 -0.28 -0.17 0.12 0.42 
Loss: 0.933673  SIA Ef: -0.088679 Binding: 0.12 0.14 0.05 -0.20 0.04 0.34 0.23 0.38 -0.08 -0.25 -0.47  Rvol: 0.54 1.04 1.43 -0.33 -0.27 0.05 0.39 0.14 0.72 1.22 1.61 -0.28 -0.17 0.12 0.42 
Loss: 0.933726  SIA Ef: -0.089021 Binding: 0.12 0.14 0.05 -0.20 0.04 0.34 0.23 0.38 -0.08 -0.25 -0.47  Rvol: 0.54 1.04 1.43 -0.33 -0.27 0.05 0.39 0.14 0.72 1.22 1.61 -0.28 -0.17 0.12 0.42 
Loss: 0.933667  SIA Ef: -0.088973 Binding: 0.12 0.14 0.05 -0.20 0.04 0.34 0.23 0.38 -0.08 -0.25 -0.47  Rvol: 0.54 1.04 1.43 -0.33 -0.27 0.05 0.39 0.14 0.72 1.22 1.61 -0.28 -0.17 0.12 0.42 
Loss: 0.933684  SIA Ef: -0.088830 Binding: 0.12 0.14 0.05 -0.20 0.04 0.34 0.23 0.38 -0.08 -0.25 -0.47  Rvol: 0.54 1.04 1.43 -0.33 -0.27 0.05 0.39 0.14 0.72 1.22 1.61 -0.28 -0.17 0.12 0.41 
Loss: 0.933648  SIA Ef: -0.089218 Binding: 0.12 0.14 0.05 -0.20 0.04 0.34 0.23 0.38 -0.08 -0.25 -0.47  Rvol: 0.54 1.04 1.43 -0.33 -0.27 0.05 0.39 0.14 0.72 1.22 1.61 -0.28 -0.17 0.12 0.41 
Loss: 0.933669  SIA Ef: -0.089477 Binding: 0.12 0.14 0.05 -0.20 0.04 0.34 0.23 0.38 -0.08 -0.25 -0.47  Rvol: 0.54 1.04 1.43 -0.33 -0.27 0.05 0.39 0.14 0.72 1.22 1.61 -0.28 -0.17 0.12 0.41 
Loss: 0.933662  SIA Ef: -0.089304 Binding: 0.12 0.14 0.05 -0.20 0.04 0.34 0.23 0.38 -0.08 -0.25 -0.47  Rvol: 0.54 1.04 1.43 -0.33 -0.27 0.05 0.39 0.14 0.72 1.22 1.61 -0.28 -0.17 0.12 0.41 
Loss: 0.933596  SIA Ef: -0.088839 Binding: 0.12 0.14 0.05 -0.20 0.04 0.34 0.23 0.38 -0.08 -0.25 -0.47  Rvol: 0.54 1.04 1.43 -0.33 -0.27 0.05 0.39 0.14 0.72 1.22 1.61 -0.28 -0.17 0.12 0.41 
Loss: 0.933551  SIA Ef: -0.088007 Binding: 0.12 0.14 0.05 -0.20 0.04 0.34 0.23 0.38 -0.08 -0.25 -0.47  Rvol: 0.54 1.04 1.43 -0.33 -0.27 0.05 0.39 0.14 0.72 1.22 1.61 -0.28 -0.17 0.12 0.42 
Loss: 0.933507  SIA Ef: -0.087551 Binding: 0.12 0.14 0.05 -0.20 0.04 0.34 0.23 0.38 -0.08 -0.25 -0.47  Rvol: 0.54 1.04 1.43 -0.33 -0.27 0.05 0.39 0.14 0.72 1.22 1.61 -0.28 -0.17 0.12 0.42 
Loss: 0.933460  SIA Ef: -0.087550 Binding: 0.12 0.14 0.05 -0.20 0.04 0.34 0.23 0.38 -0.08 -0.25 -0.47  Rvol: 0.54 1.04 1.43 -0.33 -0.27 0.05 0.39 0.14 0.72 1.22 1.61 -0.28 -0.17 0.12 0.42 
Loss: 0.933442  SIA Ef: -0.087257 Binding: 0.12 0.14 0.05 -0.20 0.04 0.34 0.23 0.38 -0.08 -0.25 -0.47  Rvol: 0.54 1.04 1.43 -0.33 -0.27 0.05 0.39 0.14 0.72 1.22 1.61 -0.28 -0.17 0.12 0.42 
Loss: 0.933423  SIA Ef: -0.087407 Binding: 0.12 0.14 0.05 -0.20 0.04 0.34 0.23 0.38 -0.08 -0.25 -0.47  Rvol: 0.54 1.04 1.43 -0.33 -0.27 0.05 0.39 0.14 0.72 1.22 1.61 -0.28 -0.17 0.12 0.42 
Loss: 0.933411  SIA Ef: -0.087095 Binding: 0.12 0.14 0.05 -0.20 0.04 0.34 0.23 0.38 -0.08 -0.25 -0.47  Rvol: 0.54 1.04 1.43 -0.33 -0.27 0.05 0.39 0.14 0.72 1.22 1.61 -0.28 -0.17 0.12 0.42 
Loss: 0.933398  SIA Ef: -0.086900 Binding: 0.12 0.14 0.05 -0.20 0.04 0.34 0.23 0.38 -0.08 -0.25 -0.47  Rvol: 0.54 1.04 1.43 -0.33 -0.27 0.05 0.39 0.14 0.72 1.22 1.61 -0.28 -0.17 0.12 0.42 
Loss: 0.933397  SIA Ef: -0.086053 Binding: 0.12 0.14 0.05 -0.20 0.04 0.34 0.23 0.38 -0.08 -0.25 -0.47  Rvol: 0.54 1.04 1.43 -0.33 -0.27 0.05 0.40 0.14 0.72 1.22 1.61 -0.28 -0.17 0.12 0.42 
Loss: 0.933400  SIA Ef: -0.086107 Binding: 0.12 0.14 0.05 -0.20 0.04 0.34 0.23 0.38 -0.08 -0.25 -0.47  Rvol: 0.54 1.04 1.43 -0.33 -0.27 0.05 0.40 0.14 0.72 1.22 1.61 -0.28 -0.17 0.12 0.42 
Loss: 0.933353  SIA Ef: -0.086271 Binding: 0.12 0.14 0.05 -0.20 0.04 0.34 0.23 0.38 -0.08 -0.25 -0.47  Rvol: 0.54 1.04 1.43 -0.33 -0.27 0.05 0.40 0.14 0.72 1.22 1.61 -0.28 -0.17 0.12 0.42 
Loss: 0.933289  SIA Ef: -0.086486 Binding: 0.12 0.14 0.05 -0.20 0.04 0.34 0.23 0.38 -0.08 -0.25 -0.47  Rvol: 0.54 1.04 1.43 -0.33 -0.27 0.05 0.39 0.14 0.72 1.22 1.61 -0.28 -0.17 0.12 0.42 
Loss: 0.933320  SIA Ef: -0.087242 Binding: 0.12 0.14 0.05 -0.20 0.04 0.34 0.23 0.38 -0.08 -0.25 -0.47  Rvol: 0.54 1.04 1.43 -0.33 -0.27 0.05 0.39 0.14 0.72 1.22 1.61 -0.28 -0.17 0.12 0.42 
Loss: 0.933303  SIA Ef: -0.086750 Binding: 0.12 0.14 0.05 -0.20 0.04 0.34 0.23 0.38 -0.08 -0.25 -0.47  Rvol: 0.54 1.04 1.43 -0.33 -0.27 0.05 0.39 0.14 0.72 1.22 1.61 -0.28 -0.17 0.12 0.42 
Loss: 0.933277  SIA Ef: -0.085796 Binding: 0.12 0.14 0.05 -0.20 0.04 0.34 0.23 0.38 -0.08 -0.25 -0.47  Rvol: 0.54 1.04 1.43 -0.33 -0.27 0.05 0.40 0.14 0.72 1.22 1.61 -0.28 -0.17 0.12 0.42 
Loss: 0.933286  SIA Ef: -0.085708 Binding: 0.12 0.14 0.05 -0.20 0.04 0.34 0.23 0.38 -0.08 -0.25 -0.47  Rvol: 0.54 1.04 1.43 -0.33 -0.27 0.05 0.40 0.14 0.72 1.22 1.61 -0.28 -0.17 0.12 0.42 
Loss: 0.933288  SIA Ef: -0.085818 Binding: 0.12 0.14 0.05 -0.20 0.04 0.34 0.23 0.38 -0.08 -0.25 -0.47  Rvol: 0.54 1.04 1.43 -0.33 -0.27 0.05 0.40 0.14 0.72 1.22 1.61 -0.28 -0.17 0.12 0.42 
Loss: 0.933280  SIA Ef: -0.085617 Binding: 0.12 0.14 0.05 -0.20 0.04 0.34 0.23 0.38 -0.08 -0.25 -0.47  Rvol: 0.54 1.04 1.43 -0.33 -0.27 0.05 0.40 0.14 0.72 1.22 1.61 -0.28 -0.17 0.12 0.42 
Loss: 0.933289  SIA Ef: -0.085645 Binding: 0.12 0.14 0.05 -0.20 0.04 0.34 0.23 0.38 -0.08 -0.25 -0.47  Rvol: 0.54 1.04 1.43 -0.33 -0.27 0.05 0.40 0.14 0.72 1.22 1.61 -0.28 -0.17 0.12 0.42 
Loss: 0.933290  SIA Ef: -0.085375 Binding: 0.12 0.14 0.05 -0.20 0.04 0.34 0.23 0.38 -0.08 -0.25 -0.47  Rvol: 0.54 1.04 1.43 -0.33 -0.27 0.05 0.40 0.14 0.72 1.22 1.61 -0.28 -0.17 0.12 0.42 
Loss: 0.933274  SIA Ef: -0.086052 Binding: 0.12 0.14 0.05 -0.20 0.04 0.34 0.23 0.38 -0.08 -0.25 -0.47  Rvol: 0.54 1.04 1.43 -0.33 -0.27 0.05 0.39 0.14 0.72 1.22 1.61 -0.28 -0.17 0.12 0.42 
Loss: 0.933283  SIA Ef: -0.085988 Binding: 0.12 0.14 0.05 -0.20 0.04 0.34 0.23 0.38 -0.08 -0.25 -0.47  Rvol: 0.54 1.04 1.43 -0.33 -0.27 0.05 0.40 0.14 0.72 1.22 1.61 -0.28 -0.17 0.12 0.42 
Loss: 0.933313  SIA Ef: -0.085887 Binding: 0.12 0.14 0.05 -0.20 0.04 0.34 0.23 0.38 -0.08 -0.25 -0.47  Rvol: 0.54 1.04 1.43 -0.33 -0.27 0.05 0.40 0.14 0.72 1.22 1.61 -0.28 -0.17 0.12 0.42 
Loss: 0.933237  SIA Ef: -0.086446 Binding: 0.12 0.14 0.05 -0.20 0.04 0.34 0.23 0.38 -0.08 -0.25 -0.47  Rvol: 0.54 1.04 1.43 -0.33 -0.27 0.05 0.39 0.14 0.72 1.22 1.61 -0.28 -0.17 0.12 0.42 
Loss: 0.933255  SIA Ef: -0.086989 Binding: 0.12 0.14 0.05 -0.20 0.04 0.34 0.23 0.38 -0.08 -0.25 -0.47  Rvol: 0.54 1.04 1.43 -0.33 -0.27 0.05 0.39 0.14 0.72 1.22 1.61 -0.28 -0.17 0.12 0.42 
